832
1813
3371
5042
2757
75
5765
1126
1090
2343
2846
410
7669
1423
5250
3699
4878
3788
5292
4471
3119
278
4213
6740
573
89
7503
4951
86
1947
751
4316
4465
1214
4635
3441
5258
4205
7582
3497
2317
2630
1915
7729
7406
2546
2388
3847
7264
7914
883
5056
2359
1881
5230
6872
2334
2287
6598
7160
3673
6747
3600
7458
4422
3014
3983
4477
7387
589
5712
5140
7631
5836
7579
1638
408
4044
7126
6104
1120
6349
4085
2575
6398
1773
1106
6685
3619
3570
6586
4130
6931
1285
2701
707
7966
7856
7292
7780
464
3282
7548
2447
4199
6713
1188
2546
790
2258
7367
1352
4530
1876
6423
7290
4709
3148
7158
7396
2565
5399
7225
3841
524
5847
2601
1913
242
5383
7638
4867
3313
6583
585
2684
7708
4176
708
4808
1694
3878
2949
6736
6869
2325
4040
5759
607
5856
5117
3021
1952
7722
1942
5164
3279
4091
795
2012
5345
4468
734
6335
1400
953
270
2345
2963
2532
1925
5711
7232
4607
3824
2432
4915
95
7616
3712
408
7263
3129
249
7089
963
4555
511
3323
1656
3712
1787
2903
6432
3938
2283
7049
7738
7062
4804
7063
752
6425
2810
3657
3640
3558
2015
3687
6319
6997
3068
6169
4628
4783
151
7055
6384
4995
7498
3667
1581
3663
4972
215
80
2324
5207
4603
2052
7726
6026
989
3044
2323
136
6595
2691
549
1619
7481
4969
7945
1315
6865
5302
6699
4233
7831
4391
2283
188
1182
6154
7865
3443
6162
6731
7482
1729
6726
4859
5514
5918
1902
3502
1442
2213
2632
3193
5843
1050
371
4239
3460
1812
936
1889
4042
2950
1894
7250
2310
7517
5005
4222
7509
4888
877
2196
757
2046
6114
7684
4966
3268
6086
2187
7757
3363
1994
4996
5847
2375
7015
1101
5336
4252
5755
7210
6213
3922
1512
5341
4881
4789
4058
7299
3893
1249
6706
2752
6869
2204
7739
6051
7343
5523
7286
7982
6101
6569
1068
5320
2536
3381
5275
7922
395
3185
1761
957
64
2711
7302
7644
4697
1665
6462
463
2480
4071
236
4561
2630
2614
7026
628
5691
4926
4423
5176
3761
4190
1889
1963
28
2064
7766
4751
1111
4476
4855
5072
7798
5996
6845
6061
382
196
7528
7264
5916
4103
4514
3942
3610
1400
946
3325
16
2023
2610
4570
7492
2896
7488
4702
3392
6552
4023
2525
6870
7837
5766
7625
5436
4524
517
6280
6851
471
1604
4697
7054
82
4762
1005
2287
3645
2477
524
1348
4268
3222
1394
3128
2432
6879
2713
6939
4670
892
4414
6590
59
2097
6213
952
829
4476
6846
5798
2899
3390
2311
7748
4114
5654
2472
6532
3871
736
1786
781
1063
894
3227
4258
6509
7395
6198
2511
4631
7083
7715
4150
7924
7350
7787
6413
7832
2383
6302
7936
3143
3075
547
3960
2838
5080
6708
2302
3998
81
1374
7950
5823
5801
7185
931
6370
7278
4532
6746
3119
3386
6872
2904
7497
7459
238
4532
7917
3858
7082
3703
5087
499
5660
2159
1451
632
1860
4069
135
3732
3565
7420
40
6120
2453
6648
3772
339
4686
7859
7018
416
6455
7264
3363
7742
3971
7739
1135
7998
7344
2112
3905
4776
5188
793
3386
2437
6264
3612
5761
6142
1735
6196
2719
3073
7236
7826
6215
6096
4607
7564
6359
3224
2826
4138
4742
2963
7595
2879
948
868
5982
249
7103
213
2969
4926
5467
804
2869
5344
6771
7660
2340
2630
2503
7984
7479
7309
5396
5577
1332
2638
4939
6272
5660
3299
383
238
3133
5513
335
4024
397
2079
3309
2452
4256
659
4416
5090
541
1905
4820
2677
6141
2686
6537
3004
4355
1788
4134
2343
5823
5817
5496
7721
6352
2173
6787
6293
42
4797
1111
7374
463
2398
7117
2069
5117
3513
7390
815
6889
115
7026
596
4041
5366
7312
4536
2610
2441
3835
6564
6911
1960
7642
5188
6387
3530
2265
3370
1220
6711
6561
4136
3743
6432
7181
2084
108
7247
7082
1027
5586
534
1496
3340
4204
5476
568
1121
4184
2956
2531
7952
2674
7348
3796
2112
5150
42
2808
6222
7269
378
7524
7838
7513
1615
7824
2454
1789
3632
1929
7406
1331
7026
3539
758
1127
4156
3790
2315
2168
6176
5924
3370
5216
4644
7071
3892
2170
1784
4559
7389
7035
4525
4006
3498
6582
5908
92
6730
6933
3722
884
6498
332
6890
1016
7081
2052
6567
5031
5462
3168
2786
6255
7356
2991
2409
5486
3360
2276
5020
741
5476
1549
2518
4085
4700
1141
2229
1042
4180
5969
3190
5674
3087
2522
2474
3068
3245
620
6227
1299
7127
5303
4763
965
269
4348
6474
6363
5370
420
4005
6836
2983
7759
23
1112
4909
5029
5530
3751
5510
4712
942
3027
740
3637
3895
2207
2678
5815
802
5106
5703
3223
913
980
5114
4374
831
3945
6343
3305
6777
1266
5136
1558
6996
1271
3953
3751
805
6139
1401
1234
2941
5806
7479
2830
4315
1541
6603
4003
7203
4988
6725
2814
7025
6105
523
6481
1324
2071
3608
7084
2143
7668
978
5472
1888
2293
1199
2672
3482
6029
4474
908
4567
6401
2273
7204
5382
959
2634
4092
1970
6090
561
7927
5440
1266
2174
460
1479
3323
4931
7047
6772
5669
1836
1261
3031
5368
2313
7716
2086
6708
4720
2025
3164
6727
7
288
3615
3422
7968
1444
2438
2544
3879
3961
7275
2290
1942
2331
7952
4378
6347
1177
5394
7399
6293
3572
4829
6145
2067
1580
2880
7416
7641
1400
466
7402
4348
1985
5723
5397
4467
3847
3136
4870
5881
7770
1802
7288
7804
3096
1554
6729
7962
5675
7910
6316
4205
7796
7317
3994
2491
6820
3483
491
4627
393
5283
650
5738
6256
7129
6721
3573
7147
7053
451
5410
5705
856
7661
6640
1442
5318
6576
140
7818
2783
1916
6535
1589
5262
1272
7465
6761
824
6868
1130
7921
5910
2311
336
1012
6053
5029
3070
2362
1578
6926
3007
6261
1493
4331
1052
3958
6863
776
1253
7601
5970
7955
4824
3824
2111
305
1488
5317
7571
6710
7051
2149
6961
4289
1013
5767
7390
6811
5816
3322
3070
3643
2254
5156
2492
547
2711
1815
7975
7175
3991
6192
7104
6538
7613
1154
2438
5532
6450
1331
7642
3572
856
6
4512
3892
7579
7739
6216
6315
6409
1705
1379
928
6394
6740
696
2687
1154
3384
3728
1854
1396
334
5610
3020
3280
6935
4883
120
7679
4310
5856
3135
6580
5564
3605
5602
722
4271
3142
5462
6185
3881
3527
4826
6295
7986
7865
2663
6751
5611
5753
2581
153
3583
6447
1099
6490
1547
5845
5557
237
5497
464
2344
7702
2492
2896
406
5812
3356
5020
195
591
919
2632
4208
3743
7612
923
2776
547
2632
824
4510
5532
4085
1665
2523
331
402
3275
2055
7514
1180
5166
5624
2202
3245
4487
4468
5702
1819
2484
6680
4888
4664
3049
6125
2973
5917
6767
5879
107
7488
3778
3755
2816
5483
5966
3019
5633
4370
3633
4606
1603
718
7971
3581
1989
3471
6836
5199
7322
7320
538
7761
960
1650
582
2964
332
7662
1323
6029
6049
564
2009
4615
2962
2459
6622
4563
2687
6282
4124
6996
1440
2055
3902
3029
7397
6003
105
6022
3065
1302
6675
278
2180
4825
2214
6655
5688
1007
2119
4599
3513
4804
1347
4338
2406
4722
6815
3779
6706
2884
3112
5877
6863
7492
7495
5775
6196
7764
5802
2541
4259
2033
4335
2246
6725
5491
6752
4741
2821
1203
4569
2460
2560
195
6788
7233
291
6848
5328
3049
2145
4268
6888
4027
5011
1022
1165
4173
1288
5276
5935
4201
2429
2880
4959
7687
628
604
4973
559
4375
6996
3549
5303
5976
6339
5422
7305
5795
4441
346
2808
110
6967
6121
1769
3810
2130
7313
5207
3734
7397
7744
4698
3369
1149
4396
1999
138
6718
3808
2436
1999
685
2724
5327
4530
7740
4397
6069
2618
683
6604
4936
6600
5562
5836
3200
1523
445
2448
176
7019
3567
1047
957
5006
2023
6030
704
5365
6119
4516
5203
7283
6692
7254
1485
5779
7096
1348
2500
3544
615
6046
7662
1110
1267
2130
4121
2462
5348
4021
5402
2331
5853
3809
7102
3315
6240
6555
1788
936
7985
7445
439
6758
1322
7750
4104
6632
5961
5072
7273
1042
7761
1054
6042
7787
2009
1189
293
6100
2455
4565
2745
1882
3366
4306
585
3091
4618
295
341
3988
2417
2190
6142
2108
5145
7329
761
1080
3626
7585
2427
2529
1663
130
358
2491
5168
3374
4448
1036
5307
5713
1618
4492
7657
7193
4557
7805
6703
2269
6448
655
7088
305
3427
4072
2040
2914
6740
559
6744
6151
6908
5651
5114
6353
2140
4942
4197
3612
274
4563
3173
1763
6679
4243
1442
7852
4149
4883
7668
6858
6706
3522
3469
7460
5122
2859
5557
7592
7159
4519
74
7855
1955
4009
7589
2847
2821
4296
5501
7516
5135
6968
3879
3518
989
5046
1055
4162
3472
5025
3156
695
61
3144
4665
4830
6598
5933
3085
3412
6734
684
5113
1590
5222
5468
1087
2697
7063
1377
1431
753
5444
844
4369
2853
6226
3663
2776
4060
4812
3275
9
2147
6007
7313
4939
4510
790
6667
1147
6128
7083
5206
4103
3184
4432
5222
396
3821
1666
4739
1149
4517
2152
4833
2874
874
5884
6550
4226
4345
1305
1087
5478
5557
289
7977
5095
3749
695
2212
324
350
6305
5399
1456
6110
1432
5212
4742
4817
2508
3387
2853
2612
919
7388
3225
2044
4779
7847
4305
3285
7532
1711
1631
2126
2029
3161
2921
3905
9
4546
1634
7396
2296
4340
4316
2994
4838
519
6581
2152
7679
3611
1685
3040
4798
6308
5739
6215
7891
2528
7616
1486
7388
7295
6384
3936
206
357
7552
390
2674
7106
4495
1602
6855
7647
7461
30
156
5350
7880
4933
7707
1842
4480
7986
580
3364
3666
1873
4347
1075
7411
375
4311
1689
3605
1133
5208
6597
3390
6241
4102
1704
7961
6836
6808
4135
5759
6911
6472
250
6621
3672
229
316
5788
6075
4879
1573
838
4868
7864
7665
3652
2772
1158
6531
4381
7140
3587
2662
1492
2824
1489
2191
6558
2885
4560
7313
5253
7748
7414
7352
6910
6418
7528
7696
4681
6693
3233
4328
6387
5770
6856
1331
5441
1114
2233
2509
163
4276
4822
47
4212
1951
2504
6334
1842
5562
5367
5872
5465
4046
5512
3115
7648
1647
5899
1325
3546
1298
4159
182
5351
4417
4706
6233
5990
7241
7596
439
7654
7785
5622
473
6670
6567
7203
6881
3909
1234
5501
6919
2947
4783
433
682
4145
5158
3754
6083
1463
5369
5603
4261
5085
5827
5707
7220
7124
661
2892
4925
3867
7314
2304
2823
1929
2555
19
1998
1910
5836
6922
2327
1540
7704
5752
1314
7566
3596
6273
1086
3167
1711
5937
212
6751
3764
5027
6747
5315
521
3015
1164
1948
7010
4050
6505
2584
4425
2718
859
4973
6003
5972
3102
1423
4424
2795
7411
7351
4906
2780
3241
2750
7468
1217
1179
1002
4823
3256
4907
7716
7601
5315
6710
3252
744
3136
3457
5754
4933
490
3398
2833
7897
1801
2959
947
796
2229
6649
3421
1511
5340
4535
6325
5229
637
481
2313
4598
1221
3009
2373
6362
4925
6140
6886
1525
3764
2428
5299
6253
4732
1574
3430
7523
7520
3625
6144
6666
6802
3908
20
1419
3066
667
1114
850
4251
3673
254
3071
134
179
7997
4794
4311
3508
939
6280
6431
4996
7228
7030
3546
6518
2337
3125
2647
4221
493
3457
7352
6340
7636
3505
1767
5984
4583
5357
1313
4285
2426
7042
775
7597
6493
586
4368
1868
4338
3213
6741
4982
4300
7304
2996
7060
7874
2340
7918
3911
5405
2070
1840
7201
1232
2012
7348
3239
4341
934
2808
5895
3106
806
7479
3005
4082
3752
5961
7242
7789
934
171
3413
392
686
7199
4786
6703
2057
1390
3100
5472
5857
3077
1244
4291
7733
4419
1448
2440
6063
3563
5750
4077
6293
5336
5675
3030
6563
1684
843
6715
4343
5916
4496
7181
705
2611
7025
6037
5971
7554
7432
894
235
5182
5815
2703
6255
5336
254
7164
1057
1935
7973
5750
1439
4779
2915
1440
1180
2226
2114
4680
1716
7896
5453
2084
2293
5045
4223
1691
1730
1960
2242
6670
6862
2774
3593
6884
3406
5266
4174
2739
6467
4136
4991
3242
6308
3133
4691
1300
3655
6976
2434
2127
4937
5831
7451
4788
6284
7376
4032
5424
855
2648
2332
5703
2356
6231
520
1316
7528
5521
4978
7968
7348
1238
2618
1338
4562
1416
1022
249
3177
2770
1407
7381
1065
4437
1159
6006
7286
5499
3058
4512
2958
870
680
4301
6865
1020
6486
1834
509
2527
454
5987
1588
628
4646
3872
1740
7280
4406
7960
5426
5139
7603
1228
3189
7127
3014
7006
6714
7410
6833
2419
3319
6770
1117
3747
3289
7226
6977
7806
5121
3911
3931
5866
1517
495
610
2616
3194
959
2730
6219
6670
5959
1415
3580
7781
5586
6709
6926
4289
1915
1977
2981
5449
6818
283
4161
336
3765
7288
7331
3128
775
301
836
1172
558
4924
4129
6046
117
2627
6669
1104
7918
2416
5201
25
2465
6825
5945
3563
3204
485
803
5298
7831
864
7515
7546
4226
300
4900
3486
7078
1814
658
3000
3467
3001
4457
4929
6585
7095
2576
5645
4133
2749
2835
371
7346
4842
1224
7823
209
891
6333
3619
1139
5407
5497
4229
3231
5789
2308
6451
1235
1791
2188
5079
5035
1349
7234
7902
3645
3188
3918
5151
5869
6123
5774
468
4404
7052
1312
5270
2127
34
858
4249
6864
4953
3898
4703
5799
4551
3821
6457
6071
3545
3926
7188
5405
7119
3289
2130
530
7025
602
4966
4261
7520
7332
1382
7924
7999
6522
5581
3841
2725
4481
7994
718
95
996
7115
1194
1151
3046
6591
1007
3723
4787
1025
4281
4126
5340
6403
321
5004
5108
5644
2463
1145
525
7043
4783
1232
959
4316
1058
3338
2636
6488
4449
4132
5271
266
4496
1301
7416
2741
3537
1375
4493
6849
4185
3367
7005
136
3679
5529
1086
6784
7371
65
4789
4618
4902
4768
1302
4164
736
2108
5490
4011
6332
1571
1467
4132
7182
3552
3569
5017
6682
380
760
6890
2675
6598
2172
6700
7164
207
53
404
5233
5821
2342
4299
6306
1346
4211
3069
986
643
68
6788
2985
5356
683
2294
818
7706
21
305
1594
911
968
1405
2119
5907
5715
6667
4986
6924
335
473
5782
1183
6551
486
2721
1826
3446
4267
2946
3464
695
4383
66
4652
2368
1197
5602
3135
495
4982
749
784
5839
5431
3925
1153
924
1725
3853
5881
2267
2302
6189
1093
2874
7529
3441
1871
5595
6884
7397
6029
1724
1752
6075
5217
6508
6814
6082
6800
5127
4471
1158
3630
1856
2609
2235
6846
6917
1033
1728
1715
4590
2424
2199
3895
2435
1543
1890
643
6882
645
1433
3254
7857
7076
307
7844
4127
5879
5318
7331
6184
3589
4275
7886
7633
2591
3472
3314
3306
2594
1848
7463
7147
4260
5017
3033
6291
5215
4465
5003
1141
2145
5319
4892
1106
1624
5397
2027
6516
7716
2541
1193
7920
3829
101
1444
4365
72
3820
1804
3218
2709
5918
5447
816
3358
3102
5245
758
6383
5877
6779
692
1394
2591
370
4596
2990
7377
2596
4713
528
2683
4085
1021
6753
5558
910
1427
7159
4113
7278
4235
5403
4397
6888
5801
4727
6960
6753
5353
7803
6929
7631
4500
6442
2222
4634
1443
6502
5112
5282
7962
1061
4855
6899
4115
132
2101
222
5734
6906
6146
1933
2066
3277
5060
5271
6982
205
5213
6886
6899
3382
2532
5688
513
6939
5928
4947
4922
5968
1281
5655
2531
6555
454
1132
4279
6092
7680
5588
1422
3234
4814
5624
3048
7097
2590
1662
1018
280
3610
7476
6435
853
2397
4301
6158
1770
7149
202
882
1203
979
4058
3277
5725
3464
1463
2980
3210
6859
7925
628
6928
2566
3513
4405
3575
2671
1403
6488
330
3125
3495
756
591
1543
5087
543
3091
1270
6756
3388
1108
118
5341
6771
5645
6468
4862
2531
1691
4966
4312
6017
4456
4815
4495
6062
1048
5966
359
149
2187
878
3708
3981
4774
5740
4658
3350
2706
6206
906
3806
3865
3771
6171
7525
3189
713
4037
4728
2637
1999
694
7883
927
7489
3016
742
969
5020
1546
825
3114
2124
5866
5604
5722
3865
4751
1581
716
2650
6664
464
5473
591
7114
6461
2844
5293
3820
759
1639
5702
700
6053
1869
5055
6338
436
3241
4128
8000
6608
1281
5043
5250
4117
3667
398
3717
5910
1148
1409
4238
1803
1827
7195
1330
1016
6714
2261
4168
4290
77
6237
2158
5837
3922
6458
2600
4440
6304
695
1371
6408
897
3521
6948
4455
2244
347
1780
5693
4330
7312
1947
5635
2071
6727
3848
2727
1673
3029
4004
1431
6012
2520
2720
494
3212
2131
857
3798
5691
5180
6454
2955
145
4511
3484
6438
5988
4973
5066
4303
670
2935
4783
1246
145
543
486
2070
4624
1609
1703
901
6872
6878
1544
1246
6845
352
2619
2441
4277
767
4795
2687
5375
6150
1872
2397
5778
2431
6302
448
4819
451
938
1798
4593
7357
3950
1210
5818
2528
1048
487
4124
4104
3895
1322
1258
6184
7094
2417
4414
982
3987
3187
2695
492
6149
5773
7288
4928
2638
363
4011
7231
2756
101
6057
4118
6160
448
6921
4936
1196
1946
6842
1567
6139
5312
3457
1280
7107
3189
7094
5971
6361
1385
5402
2337
592
2704
4376
4291
2515
5134
198
3058
6271
1075
5307
3474
4104
3451
6762
2839
2477
186
2525
13
7707
5313
2584
6744
3402
844
3542
3097
5065
5256
3650
5200
2119
2252
5833
666
5662
5778
3212
5231
6143
5220
6898
7839
3934
3080
2884
995
5069
4350
683
2170
5919
1197
2637
1646
1702
2593
1669
2010
4517
5021
3086
6995
3004
5134
7194
6511
3601
3652
7918
3683
434
6438
7181
2049
1607
2620
5329
4235
6892
4537
1756
1181
6706
4104
5826
2267
5884
6402
3241
4446
3818
1811
5708
6227
7701
5743
2590
126
1797
3267
5874
7478
2206
3789
691
6945
6553
3341
934
5771
983
7497
7295
2867
1129
830
1448
4386
1890
1094
5469
5408
6672
4051
2497
7265
2556
3758
2554
1433
6070
4685
3784
4692
1633
2709
3726
5244
6809
432
4690
5586
2240
4354
2373
4904
7990
5007
1623
3359
7086
1209
1591
5111
7739
4306
6627
2477
2865
7962
5330
5339
1317
1681
7104
6310
189
3596
6529
1885
6833
3449
830
1757
1095
2272
3177
2010
7696
5578
2680
4665
1324
2637
1655
1589
2336
3791
1375
2436
3482
213
2594
2982
7630
1419
4790
5361
6444
2121
2851
1381
690
4308
1772
5592
5870
1016
7428
7614
4437
436
6605
1116
3437
1556
4809
6051
544
7132
1710
7520
5734
5376
5867
3322
1483
3679
5924
1044
4020
4553
664
7077
4159
7916
3855
1601
7896
7750
6609
2727
3858
3884
5916
6313
480
2675
7832
5751
207
6070
677
433
4059
1992
2761
3055
3116
4244
2204
1249
4520
5235
5727
499
7989
1494
2335
5263
5822
2888
6336
297
3613
7744
7719
1339
1116
1267
6667
698
7777
2308
5397
3347
839
3033
7724
2423
972
6166
7443
4296
3096
4722
4192
7007
1296
3582
3133
1907
2648
5800
6890
2718
6137
5491
6441
5364
1305
3642
2304
2559
328
5615
2249
2703
5308
7051
5171
6756
4004
2895
2409
4075
2245
6849
241
4557
4614
3237
2395
1862
4877
882
979
6872
7478
4816
3841
7210
6368
816
7675
7343
883
2349
3875
1640
3147
6007
3516
2511
2292
1860
2118
4345
1281
864
1272
1045
1265
1199
3194
1395
5526
6883
7153
5445
452
7236
3983
2983
3263
2247
3016
7137
3738
4397
3311
1118
7713
6788
1901
2587
5795
2891
4072
1593
4258
2323
2049
4794
1575
245
6022
6064
6606
6120
5892
3095
2633
3280
3006
2328
5028
5740
7150
2919
7016
2551
3593
1056
5009
7380
6222
2691
2262
2965
7663
5409
6758
1822
7249
1752
839
2610
3065
2530
308
4697
6565
7378
454
5283
1354
130
6379
307
3596
7644
5547
6185
1074
4859
3283
681
3824
5022
4893
1950
4898
1505
3043
6754
1016
2734
7417
6099
7043
1426
604
5637
510
3722
6146
210
4869
5489
4587
3391
7561
6443
4932
1915
2753
178
2588
4944
98
554
4927
3033
5011
3376
4868
5477
7369
6736
81
5685
1566
5687
7893
1100
1351
3239
1807
6174
7685
4672
2659
3317
6191
7355
4834
3954
1750
1446
6210
707
3184
5472
557
1828
5051
4074
5667
4770
7423
4034
5476
2440
643
144
4722
6348
7711
6558
6029
4714
519
383
5970
703
492
1303
2136
632
6759
869
1006
7389
7447
5966
485
6084
1970
1200
3812
2911
1191
2673
5900
1818
2664
5482
5950
258
6140
5161
3122
7360
5278
7941
3987
2307
4055
1937
1609
7250
6953
5468
7947
564
5221
669
6439
187
6672
5158
3966
4495
3259
7891
1266
2606
2101
7986
7171
6735
3823
3284
1631
3323
1683
4780
3419
7115
4034
670
4760
7226
6997
676
987
5658
32
5101
698
7605
7489
5564
4455
5173
3633
6871
224
7596
1872
7919
1933
2935
2192
3698
1524
853
1928
7051
7434
6753
4803
1970
3049
396
3347
4521
4502
6663
5066
4575
908
1051
5011
5583
5267
7822
1634
7962
3658
1871
3328
5414
6818
7869
3303
5677
1590
7863
5108
3475
6442
226
7266
6168
7940
6976
4745
4408
2815
1029
450
1854
2407
5185
1854
1601
372
160
5084
4071
1684
673
1502
5158
151
782
3116
5549
2738
4295
1287
2821
2255
7183
2407
539
5991
1999
578
7402
881
6305
7054
6403
809
4079
7283
2616
1111
4019
2014
3722
7855
4734
7636
5218
6840
6430
4030
5191
4193
5481
6907
5821
1966
2173
7976
6349
993
4326
4180
5600
1770
4038
1326
4034
1339
7057
2171
609
4428
6254
568
2781
3174
2033
6914
5806
7482
7710
6577
1533
1903
6836
7182
6615
2768
3509
651
317
7852
3153
7480
7761
2978
4900
7032
6141
810
4035
2846
7937
1823
5871
6179
7570
7440
1741
2203
2306
6816
5939
5926
6577
7666
1025
3934
7223
7515
5409
5803
1055
4730
6095
5976
2096
230
3834
3430
2754
2247
2330
6206
3427
3780
4589
2810
106
3684
7624
7171
3157
3397
6656
7591
2164
6161
723
5668
1204
3409
7611
2227
915
3668
6327
2631
6436
5512
202
1032
2684
1327
5607
6939
2428
3879
5202
7631
1547
6526
2080
353
6366
2550
5696
2568
2744
1920
3017
1401
3630
7703
2511
6100
7733
1637
1571
943
4150
2574
7086
469
4025
2345
1084
7639
2269
7318
4816
892
320
5979
4486
2950
779
5024
264
7364
8000
3954
7661
1655
457
1561
5837
7913
1048
4942
3484
3924
3776
7178
3322
5214
575
1116
5793
7986
4497
3395
6458
2868
4440
4290
2635
345
1258
4970
5298
2199
4961
7515
1890
6764
7468
7925
5198
2848
310
779
2534
536
7685
7486
3611
2304
2132
7620
4141
2882
3130
284
1498
4188
7164
3423
1635
808
1971
2949
4893
2822
2164
783
6185
2967
1481
3427
4883
2395
3275
4273
4137
2506
241
3890
785
4336
6579
128
997
5580
3236
2122
7594
705
2367
3213
1609
81
1895
2110
4308
3678
6377
5934
134
578
6228
4840
5465
4487
2675
6145
293
3035
4824
4505
4130
735
2054
1612
2880
7955
3731
7005
6424
5524
1365
2947
2182
4764
4630
5690
4597
1335
7177
3105
1320
7828
2442
7952
3405
1526
6849
854
1194
5852
3348
7234
5878
5117
7287
885
5633
2725
3696
5274
5075
4215
3973
6285
7702
3128
4357
5464
2494
3140
7226
693
4144
5620
4339
2404
4024
7060
2965
3531
1005
5436
54
6995
6758
5583
4550
2747
6499
7818
518
5510
1470
1221
6374
7115
3899
7128
799
1864
6499
1240
6993
6568
3065
7085
3344
1174
4054
165
1707
7979
2064
3478
1412
6102
1652
4990
70
5532
1556
3508
3314
5017
140
5255
3879
3997
3851
5591
4873
3576
5737
2992
1374
23
7442
6614
7346
134
3389
777
7374
3665
4420
2302
3103
7265
1435
5630
3152
7126
5301
2015
1180
3166
4957
7946
6804
2206
4391
4128
5221
7953
1451
867
7140
4449
2327
4290
2325
2229
3540
2305
2209
1098
3864
6993
6806
1855
3389
4843
5352
565
4687
1794
4350
3886
2075
749
7696
3865
328
1975
6767
2336
7104
7550
6686
5034
3252
4989
1259
2195
7724
6098
1134
965
6090
4281
5808
7773
7264
6884
3316
4711
602
2607
6252
2190
2247
6587
2502
6534
1816
2938
4205
7604
984
2547
7001
2382
5261
1112
1244
1580
6349
6894
7095
7360
3399
7913
5446
3300
2688
491
7342
3665
5526
823
5257
4125
4089
127
3821
3548
5644
547
4580
932
7231
4419
4476
4337
5717
940
6409
4709
4015
4284
104
1775
307
173
952
6845
4999
4128
5368
661
3076
1054
5712
2485
6793
5311
852
2433
7793
5036
858
2417
7399
648
1282
1956
7788
1798
3511
1674
6916
2772
6372
7908
7820
7359
7526
6967
3296
6100
2928
4180
6542
6024
4602
2182
1514
1520
6570
4854
540
6882
5220
2117
66
5019
1734
1828
3263
4972
3828
2790
5141
6194
7673
6628
7322
4947
1254
5430
7317
3037
2313
702
4573
5275
308
2808
3646
3513
190
5383
4661
3850
6640
783
7206
7503
150
1601
7363
115
4680
2529
5875
4681
2112
7624
6930
590
3098
3245
1342
7546
6619
7404
7425
1154
5454
1529
2309
247
6096
2210
7552
1120
7131
7987
6423
2229
45
3795
5811
1237
3025
3890
4996
6789
2734
2424
2847
2193
7903
2273
5709
7936
1433
7289
7423
3659
942
6169
7139
4586
4385
364
3474
7228
2922
3277
257
5780
85
456
593
46
4717
4822
7090
3637
4501
6649
6829
3284
12
1726
865
6467
227
3887
817
4441
6866
853
5427
2996
2025
1026
1147
4649
1789
2770
3325
6449
2922
6168
6815
4066
5285
3007
471
2874
7870
3731
4306
6403
2435
6508
6215
2826
38
5588
2009
1521
7179
1205
771
3912
7831
4780
6174
7216
3012
2170
5381
1468
4074
1777
1101
4010
5003
2707
739
2961
6119
6980
1319
4351
6354
3477
4981
5106
2155
3996
2338
2450
2634
291
4808
1732
5347
1563
6453
792
5561
6942
5497
3791
4428
5898
6438
7765
7938
434
1972
1899
4284
259
7399
5089
4655
6501
4959
5873
2169
4743
5899
7526
6080
4697
53
934
3126
3308
7008
783
3990
6488
3346
3750
3804
1871
3823
3528
1350
4601
6379
5803
7723
6790
5558
1303
6087
4528
4040
6059
238
6895
5970
6965
1194
3610
6815
3343
5185
792
2593
5038
416
2667
828
713
3781
7353
6101
644
6745
3792
7857
727
47
6390
5678
6269
886
1855
495
5128
2830
314
705
1346
5060
267
7107
90
2455
381
1179
4870
1144
2966
21
1763
5080
1755
4290
1403
2110
387
631
6233
743
1600
5698
2390
3300
3021
2786
2001
5877
4803
4009
4861
1151
2049
2576
7119
5395
5408
4125
592
1391
1794
249
922
4001
5780
5351
5237
4236
3487
1390
4818
3318
2037
7354
6910
5805
5919
1561
7231
5981
1234
4829
5976
6739
3046
7425
2086
4125
5064
19
1842
7321
13
243
3630
2100
5083
2039
133
5628
6577
6174
7126
6086
4830
299
5745
4872
2636
1013
6768
5884
7483
3590
3970
5975
5231
4730
2268
7589
4384
6856
2624
4986
179
4628
760
319
7928
1765
4000
6550
7086
1234
4165
2160
723
3724
701
926
7630
3859
7277
4848
785
7627
876
2989
6147
2263
7286
4383
6038
5965
3982
6741
5408
350
6374
5153
5766
1969
3563
1391
7920
7495
2804
2385
5777
3889
5275
6596
6486
3135
581
323
1162
2732
1716
2535
2083
2413
5635
4028
597
3481
7117
5037
7957
5659
2074
5634
5495
5049
7452
4060
3336
3390
5033
1377
5791
6388
3506
6990
514
6888
2531
5091
5099
7507
1753
3359
4920
1552
1648
7464
4306
1212
776
3683
2321
7501
7124
3049
3190
536
2261
5523
5031
218
4748
6320
2925
3767
7631
7998
1990
701
1477
2052
4475
6119
3858
1386
5916
3752
3335
7878
2600
3674
6443
5540
1527
214
5752
1348
3889
6069
5185
7637
1826
6382
2806
2157
7194
4690
2508
1004
113
1830
3886
736
4496
233
1572
3622
4344
5466
4877
7397
7481
2121
3980
4395
4546
3192
7895
4562
2597
465
5512
7106
3736
6579
4131
866
7674
209
5053
7470
6495
4596
7939
1809
2
7765
1740
4696
4553
5011
1731
4338
7582
7730
2984
6745
7259
6149
3807
5863
5426
4627
7836
6076
4229
1444
6774
7267
7776
1930
2685
6036
4809
7184
2870
1037
190
4796
3987
1768
3521
5473
4019
7834
1812
7464
39
6468
136
4720
4166
6927
2584
6354
2226
7105
3143
5420
6025
5257
2759
5268
7128
7544
2115
7786
5809
1229
4651
7160
3132
7266
1415
5540
6552
2034
2058
5775
6646
5445
3855
1032
4676
3762
6687
7496
4755
1946
4036
3378
756
7852
5677
1550
14
2737
2446
6582
4030
4451
5862
1955
7056
1060
4868
5407
5621
2972
2569
21
2146
4070
3695
4665
1904
4939
1529
5786
7792
3070
6675
3068
316
1138
1541
1721
2186
7680
3248
5199
5841
4005
5910
4993
6748
2360
5155
5696
678
5729
7945
6334
1850
859
1556
1480
3815
2720
2162
132
546
3246
1653
1856
6737
4089
3939
4474
2393
2976
4673
2767
3310
661
997
5001
5310
7518
6341
7070
4367
3009
1613
1360
1277
4741
3963
6440
3596
4503
592
7556
4697
6781
907
6629
521
290
5900
5380
7386
5797
2190
3539
1740
1188
2074
7172
6685
6295
