4240
4417
5954
5908
4677
7523
7770
1809
5986
3816
5946
7699
6059
470
3344
5671
5185
7069
718
3351
4353
2810
424
2252
6559
7401
3951
7239
1638
4871
7537
501
2875
2202
3274
2021
6686
4712
4079
1246
3312
7727
6139
5692
3951
2216
867
960
2371
6902
4608
4725
679
2683
7892
7945
794
5029
2603
6770
3780
1862
7510
4489
4428
829
5453
3465
3631
5088
6746
4161
7583
3119
5913
2184
6694
4016
4141
2763
5783
4147
202
7892
5048
5958
2940
2103
928
5462
7794
3673
4132
1350
2114
7713
4654
4027
2801
6722
1708
5884
4438
6021
1318
1543
5709
6781
7984
2352
3907
7283
804
4525
5018
3279
927
5459
11
4521
1052
1423
5974
3480
1407
3912
5026
7746
5981
2627
3502
2129
5024
2064
2521
7273
3625
2127
3074
6163
3010
7107
5755
7391
5035
2483
5094
7316
874
6520
6631
5996
3337
5538
1238
1522
4696
2813
7992
228
7341
3962
6006
1056
6381
2629
2656
6746
1205
290
5906
749
1899
3691
449
3554
7337
642
5621
2217
2434
3975
2850
2191
5753
1722
7148
5953
7370
6688
2342
5040
3054
261
5329
446
3349
1076
2297
3758
7265
374
751
5040
2778
7148
7176
2158
2829
1654
3826
2248
5303
20
6459
541
4197
2930
2632
5066
1425
2719
7444
6346
2178
4125
6149
6774
4052
1628
5926
5234
7162
3521
1389
6056
2262
1156
5905
3725
4735
30
2546
2356
364
2178
7906
6589
237
5213
7869
5252
7395
4033
7811
1834
313
4801
6498
7626
1941
3249
6775
3100
5751
5288
1296
1524
2823
1955
3852
3405
4961
3988
4622
4809
6218
2389
1461
5116
7549
2200
3136
753
5889
4924
1569
2955
2145
3885
1892
1261
2326
354
3165
202
1147
6050
5043
2952
837
7709
2089
1281
5870
2938
5416
1582
4435
652
3157
3115
1689
6421
3550
21
554
6219
3697
4921
6357
2860
5666
2239
3695
3354
3420
6081
3169
4295
5751
5961
3154
81
1025
5303
4546
1543
17
1709
250
7830
4778
3920
7132
5612
1102
5784
3009
6236
3940
3573
6492
34
7972
5002
886
2511
5178
11
7241
7937
2145
4975
934
7638
6632
7181
2784
3713
1773
1746
6588
6192
5502
2966
2261
6256
2033
6721
5037
2466
4490
7775
1759
7529
3724
5845
2027
2994
245
4747
81
2334
6061
7837
5673
822
1855
16
2486
5975
1189
2146
2299
6438
7916
7002
817
1923
2013
618
1189
3253
4254
5859
5430
5493
5192
6735
1123
3243
6832
3543
7673
2138
5545
7971
725
1780
2001
5895
2699
5498
4889
5249
2561
5923
6400
6843
2212
7659
1105
7524
7375
7947
881
6252
374
1583
6704
5160
4242
6008
3515
546
970
4562
5286
525
5337
1010
4078
1193
1838
732
6188
7999
4836
1900
3986
648
852
1379
3759
4639
6291
4896
3278
1946
7309
822
7792
6278
372
2870
1916
1795
840
5806
7374
4979
5445
6608
7820
3391
7532
1588
577
4111
160
7549
2839
7736
2389
7237
4028
1389
7566
4851
6448
1874
6912
2633
5510
518
3344
6950
2857
4771
4725
2170
112
5802
3731
5672
6025
3012
4436
5252
4255
7556
2030
432
4683
2468
7998
513
4312
2961
7642
309
6131
2602
6431
5226
2062
2109
1969
1479
1956
4498
6510
3936
1803
2910
3404
1047
3335
5939
5865
4685
2960
3167
4136
7028
1066
2544
2205
2788
939
690
701
2226
1120
6901
2441
2755
5480
3135
1209
6931
2312
7438
5916
6102
3229
3597
5706
5740
6372
2339
2829
7924
2354
7016
1387
962
7777
6720
4991
942
3992
5620
1029
5333
4863
5950
764
5010
1731
5371
6455
4142
4892
6484
1162
3262
1251
7995
258
5051
7120
6062
5353
3424
7284
4978
986
7541
1991
4983
546
2692
6516
723
7487
2276
2473
6703
3798
1923
7678
5342
5930
3363
7006
6542
2136
3144
501
585
6864
2267
3262
941
6039
1792
549
1830
3057
6390
4715
5433
6048
4122
6254
6569
613
2553
7909
286
6472
4053
5755
5006
4996
4808
6791
4468
2800
4346
2853
6610
4956
286
6123
5730
553
160
5174
644
5814
6246
1542
899
6897
2915
2768
5013
6134
278
3272
5056
4819
5586
1772
7638
4187
3223
3061
1616
5962
2867
4454
5314
483
3426
4388
6497
7265
4149
112
212
5480
5978
2640
3253
3275
1239
5263
6173
5598
5713
4968
5887
5086
1690
2953
2642
2623
4457
5010
5759
6622
6888
1304
6850
5717
7643
2019
1083
5208
85
1099
4671
5745
7539
1826
7207
3154
3474
3627
2234
1512
318
5975
1444
2904
1324
2492
1074
3918
1630
5715
935
5004
6299
7385
6423
6656
4063
2731
7766
2868
3836
5028
1378
161
7509
4871
5048
5285
3207
7972
846
6078
322
2752
267
1990
2642
254
4517
7762
5255
5644
7647
6270
2788
5875
4754
2258
6976
5118
7114
7348
6804
3374
2882
7150
1102
3321
5953
7712
473
3462
3468
4155
727
6281
7747
3125
5488
1589
2800
6986
4796
5167
7202
7563
775
1682
6867
5331
2671
6158
1788
3061
5776
1600
5445
4554
4763
6645
1042
2076
6724
6706
449
7599
6018
7117
2503
5849
2947
2400
2323
988
7431
5928
873
5232
1834
1527
3354
6238
3607
2762
7315
4947
6794
5258
495
3834
6542
3335
3604
4889
2138
7815
2059
5977
1584
7705
3988
3474
2735
3324
2461
1537
4641
1514
3658
4141
5019
3338
3429
2454
349
5398
4992
7156
4805
602
3598
1395
2717
1226
5350
3166
2305
2394
6776
5725
911
621
3540
4457
1398
7095
6733
4534
5119
6356
1306
7882
2996
1088
4915
3441
6917
5623
7866
6853
4629
7400
150
861
4807
7792
2331
6736
4035
3963
514
3905
2874
1970
5430
6002
880
4669
4197
7938
2581
3609
7676
1960
1054
2201
4835
6640
7509
2333
5336
5351
2510
6184
3013
2967
2644
5498
5200
2972
2897
3168
7332
2252
1816
7829
4768
6328
364
7171
7874
5194
4816
1612
6153
6945
268
2136
5388
7482
7977
3331
2515
7187
5422
4320
6106
1399
5508
4150
6047
4299
5007
1781
800
734
1032
316
1033
2403
4938
2506
7506
6747
1145
6323
1990
7321
7809
250
7231
5526
4054
7779
5327
6879
183
1259
1017
3729
4620
658
3891
3352
2327
1953
1412
1664
4885
6561
1383
1538
5921
4782
6456
528
7016
6155
4348
274
7540
2213
1500
1366
5534
2392
3397
188
1677
484
2756
2476
3521
3398
4923
5141
2881
6253
6442
7402
6205
1014
6220
2056
7369
3761
5471
2217
7554
5538
1635
6495
2160
4123
5730
1839
666
1365
3163
4818
1758
83
1914
2104
2409
1125
2208
1444
6153
5110
3213
133
3630
4391
5462
6536
5962
7688
6576
491
6778
3654
1106
1172
992
6829
4483
7814
7329
2318
1366
7539
3692
3613
2794
3931
4270
1447
1575
5677
5908
5208
4392
4148
2953
6936
24
4990
5568
7121
5229
3219
2961
5319
7873
7022
2000
3431
1928
4932
509
5833
4306
4697
5851
636
3154
4157
4345
1310
3493
7622
4170
7346
1399
6991
6509
58
5830
6527
5469
6163
5256
880
4891
3005
430
6216
6937
1369
1307
7711
602
3475
6904
997
33
7920
327
153
3200
443
3135
7189
6168
7976
3740
1845
1693
4933
7497
3189
5231
4631
6074
2152
7243
6852
6159
2616
508
495
5914
5333
4851
4972
174
2970
5140
6078
7703
4606
3685
4273
5878
2633
5548
2023
5779
7760
6456
3185
4640
7264
5275
6262
7185
4518
7516
7282
5667
1314
7150
5009
3573
7915
3048
6125
1890
1328
5709
3332
1309
6545
2402
7427
6460
6914
2078
5628
4713
7018
3018
881
4569
3866
2259
3620
1214
1073
2062
1887
4389
309
2644
6966
988
524
4586
345
95
732
1415
3932
4526
6770
2985
3916
3676
695
7518
3465
6798
7150
5212
7889
1017
1015
7006
5395
2280
6173
4480
5732
755
6129
1592
3336
409
2156
166
2173
7282
335
2397
6715
517
6958
6582
1042
3037
233
4037
4970
2722
6233
1061
3244
2506
4468
2049
4524
2781
5330
2416
6265
5094
2567
3362
5914
3157
6417
6886
892
7713
1432
6685
1056
1010
3842
6348
6798
4007
7250
2824
5707
6866
4079
7739
1170
497
4637
2164
4351
5011
5899
3455
7163
4924
5339
4590
3843
276
3102
1324
4126
1411
4865
538
7365
8
1896
2488
7864
7892
155
7062
4030
754
1968
5529
1699
6314
7930
5488
3267
1643
720
1955
4870
3385
6766
5538
736
7959
6353
7432
4316
3729
6339
1666
6255
2691
2833
5839
5418
2121
1346
1054
7028
1470
722
2246
5408
5456
3554
7146
3162
3141
1027
4039
6700
5092
299
7140
7344
7086
5253
1591
6092
3436
1121
7739
6390
4911
5480
3514
3281
5439
249
6881
3655
111
5401
3513
6962
5706
4756
6947
6376
4723
3495
5238
336
154
2762
6533
7092
2884
4113
2666
2840
5172
1531
1381
5935
1750
1963
5962
5838
2750
895
361
4821
6966
4289
5561
600
202
2805
4312
3373
5476
667
6368
3377
132
3305
3856
506
1266
435
6764
7147
3013
385
5782
6223
7000
3010
4251
258
3612
87
1052
2250
3559
5111
2685
3450
832
569
5399
1090
2187
2550
1279
701
3195
5925
2154
1504
647
7131
1473
4356
7777
3344
6656
6778
5177
1253
5467
2234
4041
3806
4583
2531
7338
1265
2311
2971
2794
7703
4984
4803
719
7998
7462
7060
2577
5611
6757
6117
2869
3408
5935
4317
370
5905
4627
6855
724
2718
7211
1781
7880
6619
2591
434
7046
4885
560
5563
6320
4263
7962
1669
2767
2427
4415
7206
6020
4927
510
106
7684
463
1958
1624
4189
7163
5180
6727
831
216
5580
6122
7931
6247
5609
6870
2209
3312
757
5613
6696
5318
2183
3642
300
7223
4286
2134
6535
3221
3281
5736
7981
2204
4743
3523
4390
5315
2380
5283
5024
5473
4552
6031
5235
1875
1538
889
4150
6677
3300
5739
6862
5750
6851
3272
5488
2550
1620
6200
4035
2176
1102
5144
7605
3223
7886
5798
5828
7922
2962
2531
3730
6502
1904
3198
1750
1592
4623
4043
4336
2551
6533
6367
6480
3852
2470
7313
361
2360
2408
7495
5143
5177
4440
3773
5199
3108
2881
3199
6773
4705
7168
750
2473
317
5022
1561
7727
566
4570
1645
4791
433
7619
1849
7454
6728
4350
255
544
348
5273
6185
5402
4972
3228
5122
7096
1597
3357
230
5260
7987
7362
3128
2577
4172
7141
860
7459
5796
7714
3687
5993
7855
2261
186
6292
4885
6377
4834
7813
6083
6613
1486
1450
135
3586
5884
4250
396
7235
3815
1244
2206
748
6611
6012
4515
5492
7622
3654
1955
5610
4156
959
421
2274
5333
2177
5184
7421
5883
1976
6919
2507
3891
1643
3293
1430
2192
2079
4803
6739
7222
4640
2158
7008
6322
2694
6740
6739
7676
1458
5207
2622
3740
3531
2369
1458
5305
7426
6989
431
7154
1037
30
3641
3870
5568
3936
1036
2415
1971
3777
2167
1733
1259
7559
3323
7485
7351
4742
5337
197
1056
5662
7072
4506
2257
1447
558
4871
2150
7031
6380
5987
5773
848
6791
2957
386
586
2503
2063
6722
4841
4481
4409
5003
7018
5401
3704
6520
3596
6396
6681
2337
5233
1081
3209
7229
859
1612
5597
1116
1884
5980
5682
1090
6136
898
6346
2035
7968
6769
7455
4166
5003
1988
1277
5889
4493
3682
4268
7422
4194
2433
3748
3386
4019
4127
3256
5588
5272
1450
6251
1947
2152
6656
6677
1327
5127
1337
6999
5747
2583
4610
3673
4356
687
1265
4543
6655
3022
6644
7473
1796
6303
6396
2888
3856
3847
5546
6200
3325
4127
1992
6003
5394
1057
7804
1818
6402
1097
1567
1309
3086
1056
2904
2471
7469
2935
501
2306
4226
4466
6727
3194
1603
2021
5235
7656
7744
1564
6383
5872
7668
373
3184
134
5771
7632
1461
1036
6339
2242
4344
1189
2957
5384
1881
4937
2386
158
1872
3955
911
6649
6627
655
874
776
6616
4913
4388
5449
372
7464
6741
1176
2609
3443
6166
2688
5341
7561
6017
4518
7833
2171
7949
425
3931
599
7525
5320
6783
5541
4262
4205
810
6604
3046
2302
5216
5328
1611
1502
5715
5393
1317
7010
5551
2238
1767
6141
3061
2669
5113
4047
7492
2922
2075
4726
7964
6565
303
7487
4890
6456
423
7309
687
6280
4483
6680
2733
2311
4280
7609
4024
2427
1902
1680
2997
2986
4159
1935
5290
1192
7497
4740
6703
5402
1661
3307
336
885
3211
7903
6147
6698
1803
1486
5811
6700
7068
160
5549
1645
1602
4909
7792
904
1890
1467
5094
4519
2365
4500
1841
3480
4006
1856
2813
2417
5242
2584
2062
6034
4699
1494
66
1405
712
1944
5756
5541
2207
1523
7563
2769
5885
462
4617
4347
1720
6509
7819
2648
3331
962
5576
7777
1061
7035
5185
5941
1722
3320
2022
5291
4617
5951
5040
3037
3050
3547
2228
4007
432
5335
3041
907
361
4079
2425
3991
983
1884
6936
3781
1598
7139
5041
2933
226
3102
3498
1705
3202
2624
6903
2827
3554
4685
2166
949
3163
2905
5751
3133
7215
7859
6367
2385
3674
3717
5882
6792
7444
7422
3491
4705
2589
7918
963
1152
3448
6194
7331
4276
737
6455
2757
7177
3586
1204
1286
1689
1665
6127
7588
4673
4593
7175
4993
1356
7256
4596
852
2441
5567
478
5559
4299
6385
378
6019
747
7509
659
1363
174
5672
6419
840
6088
7901
6153
5568
6614
2280
6410
3927
7599
7443
4131
4540
4642
7085
313
6169
826
266
2642
822
1621
6348
5723
7078
4731
1647
7945
7336
3937
4112
5198
3811
1757
7877
7255
2145
4041
4945
6648
4559
7350
4101
1901
1335
117
1742
488
3196
2009
6888
5278
334
1182
1282
833
7352
3494
620
3623
5165
821
3356
4918
3518
1026
5564
888
7396
7219
130
2614
7054
463
7331
2194
2655
2923
7962
200
2352
3269
1456
7299
1335
3105
377
1859
53
2564
4229
1563
5382
890
3869
222
2195
5324
6373
6950
4015
1328
5101
3588
4665
5188
2540
7849
1097
6066
4069
5575
1624
2577
7336
692
1835
7859
5340
5716
2094
6492
6838
338
6692
4183
2176
6309
3108
7523
2027
7011
202
6404
1518
2612
6078
3555
4950
6886
2981
1913
2049
7421
6766
4058
5874
6488
4706
4749
3930
4067
7810
7663
7251
2861
4767
6189
3531
80
1746
5363
7041
3777
1035
4389
5924
5109
1532
4819
3493
136
4083
973
2882
1742
251
2656
7313
6939
761
3432
4041
1769
3313
2393
1733
3191
7862
930
5972
4465
429
6176
4721
2695
5884
5112
2349
7022
2877
4024
3513
3675
2698
4424
4734
2718
6493
3424
7764
1895
1018
4750
4298
3463
1976
4940
1545
5067
500
4509
392
2047
857
3319
75
282
1649
1871
3235
7092
2768
7350
4802
1477
3534
7923
3355
1172
3702
3270
6833
432
2547
5740
7706
3472
586
4362
1937
3757
1337
6212
7200
4534
1942
4429
2054
1530
7562
398
6500
7330
7100
1359
6226
3616
2568
7890
6728
3462
4123
6390
5103
706
5617
2852
5704
2378
2112
5393
4268
6726
2894
4493
6843
7799
7762
3538
1921
2004
4028
4031
756
7776
3111
1165
2544
7866
6078
4576
760
3606
3845
3760
3524
5262
6440
7141
239
240
745
2024
723
5297
2874
3318
580
5215
7264
624
3564
5137
795
4283
7351
1953
7846
3298
7981
5688
7198
1799
7081
6938
813
1742
6363
4828
6522
2834
6771
7114
5454
3082
2905
1467
3007
5490
2711
704
4573
1419
4108
6390
5172
6121
7136
4848
134
3989
4752
1789
1547
4975
4883
3357
7310
971
1635
3968
7756
6267
3197
824
7231
4598
6262
6485
7112
4054
941
5378
4118
34
357
1417
7693
32
2060
1574
4330
5815
5412
3995
4544
3715
1915
3672
4648
4272
3189
4631
4806
6833
1824
4964
2671
5344
2568
828
1722
7991
6845
6901
7023
3287
4257
3026
2744
1699
6232
4073
1026
50
6474
5620
7892
609
1786
4991
158
7087
394
6324
5670
6240
3103
2454
7172
6273
4500
849
7
498
1628
1932
7567
1603
7256
1539
5088
5317
124
1149
2606
4974
6209
3920
5399
893
7
2404
7243
5643
4421
1114
1167
1828
594
2480
4535
915
5773
1841
4948
7292
2286
7091
7180
2143
1742
7757
3617
4810
880
5920
3321
1890
492
6514
6634
2282
5925
1116
1249
2137
716
2172
7144
4207
1718
6711
5535
6275
1302
3323
4194
920
7936
2889
5803
7982
2998
4862
4340
7747
6290
5114
815
2858
5471
5330
3311
6823
4252
5805
5028
5911
3556
4069
1803
4038
3540
2211
7559
6043
1750
7514
5063
7002
649
6870
6572
4424
4903
4799
5145
6919
1070
1985
2322
3440
7661
479
6792
1263
7796
624
515
429
4295
1160
1594
7778
5946
2326
7260
4473
1508
1203
5831
301
3507
288
2275
7136
2770
5140
6236
437
5451
891
5308
1504
3595
978
736
6076
5795
7297
234
2196
7537
3424
3983
4536
6819
3688
4301
3535
6231
1976
4136
1551
21
3230
7302
3428
1601
7560
3490
6192
5276
5420
543
3661
925
2366
6359
1513
5669
2849
7615
7132
165
3534
387
6733
1887
2908
7083
2244
4902
3637
4992
2716
6777
1554
5296
73
544
2353
4850
825
5086
5707
2697
5240
5157
1067
4324
6612
605
4949
1476
1614
4875
2245
6068
6450
2896
7631
750
4918
7477
3892
6906
3914
3750
4489
4790
833
7154
5168
3282
4148
7187
5943
2180
5772
2888
6441
5149
6482
909
5785
7191
6310
2598
2788
6793
2275
7509
3902
4400
3053
312
3407
7149
7140
3979
567
4167
2534
346
3074
7287
7965
3938
6979
1733
2334
4616
942
2043
6988
4256
4609
4414
7697
6764
2158
1445
7339
7905
471
4968
6481
7340
5339
3663
5827
1745
3703
1023
1522
2977
6631
6532
4064
6830
3309
5239
173
1885
2000
5878
7891
766
184
2218
2119
6328
4468
3776
6808
6806
4124
5995
1344
5007
6943
5679
7152
344
5976
1597
4995
6810
3570
7272
7268
3375
1495
2671
5713
2481
5798
4089
7869
7832
2297
4020
1695
4276
6993
6216
2191
7355
7879
652
6872
821
1020
6618
549
1303
3931
3167
5873
3761
4819
524
2226
2224
6953
2800
1302
1886
5543
652
6907
138
4411
6441
7481
7562
6446
1408
7912
2901
5954
1990
7203
4172
3164
127
3551
7268
3692
6411
2413
3990
1329
7652
7291
1697
544
7370
3803
1334
1036
5893
2187
2277
4390
105
6396
2730
2896
7207
3242
690
1494
4282
242
7790
3142
7599
721
4109
6208
2114
7084
5893
2244
3968
7540
3409
7366
2178
542
5388
3400
2993
7485
4614
5362
5764
6342
4893
3842
4148
1590
193
79
2011
7034
2213
4751
6429
662
4849
7945
2761
448
5314
4934
3685
4050
1257
4666
1195
853
1056
6061
5780
6840
7377
5810
6119
2090
6189
7118
3405
923
6172
4840
7923
7755
6131
3506
3465
653
4432
2850
1865
6365
1193
1818
1210
7015
3216
5304
6194
6072
7176
5835
3900
7156
1453
2483
6275
5013
1035
6340
241
2368
4981
7974
6103
3879
640
5861
424
178
3424
1680
7337
6145
628
6733
813
4034
4695
2490
2957
7119
5396
1372
2974
1283
1950
450
3994
6737
2936
3766
5986
6793
1266
879
2594
2959
7140
5846
6352
1267
5128
2006
1516
786
2277
884
2533
4870
838
1452
5954
4067
6606
389
4673
3962
2090
1240
3232
228
770
154
3792
5521
5327
4081
3536
5237
1356
247
5604
2551
4991
1273
6048
870
2684
4911
1457
3870
6073
1899
6020
5187
4696
422
1194
1296
5122
831
348
5877
4821
6583
4402
4301
1773
6246
1962
3264
1876
7778
6024
5152
3020
6512
7115
6084
5273
3857
741
4738
2892
2159
1038
6441
1739
6135
4007
6182
6737
5401
2189
7667
3514
7362
3981
5821
1479
5353
3865
6614
4914
7948
6127
2587
1905
5423
4272
6193
1138
1020
5647
2246
1454
4466
7729
6700
3644
3884
6719
4153
3189
1421
5289
5291
7852
7428
4405
7229
4108
4395
2070
4902
151
1855
944
7007
6899
5973
7528
2358
299
6930
6450
2753
1850
3836
7975
6924
3623
1565
7479
6131
4514
6467
7841
2254
7885
5443
7401
3408
2488
6888
5673
5550
5025
2107
5174
7380
2935
2273
2497
2892
1928
2033
6086
308
6981
5790
6442
7902
6774
4457
5130
411
1101
802
4774
3689
4142
890
120
5708
7052
5090
3480
3262
3575
1200
820
7903
2141
3987
3258
1244
1474
6992
4856
2834
1841
3271
1002
1900
2059
6620
820
5378
2540
4858
4634
5413
6687
6466
3289
6633
2313
3799
168
2002
7155
349
2402
5782
5966
7733
4481
5099
3033
7522
4263
4456
3792
7557
203
7191
6114
33
7463
5902
2018
7690
640
5471
3454
4785
7799
4802
6507
4585
5490
579
4987
5219
6372
6045
6822
6907
3258
5490
5829
3946
7402
5049
1147
4122
4540
1059
5885
6585
6397
1811
5305
2788
1180
3861
4457
897
363
6881
6058
3728
2959
5404
4528
7813
4040
4007
6213
3420
646
354
7540
3707
7993
4153
7464
4663
1315
1723
2168
2533
3142
2749
7720
2656
2847
7476
2437
2536
2959
1053
82
1289
1693
4081
6708
1501
7443
200
5376
2576
4861
2606
5610
617
7538
3993
6271
5223
1535
5864
7093
1773
5027
6280
56
1379
734
6607
6295
3342
4220
6374
1228
4484
1651
3916
6706
6197
7874
2249
187
6818
804
5528
444
560
5611
564
2516
3013
3232
5984
698
4848
4304
4401
7501
1717
5878
5700
6907
3317
4521
830
4649
7563
2913
696
2471
6188
7630
5838
5772
7233
1591
7253
7199
3361
6666
682
3798
6558
3
4263
3934
6808
6929
5017
4243
4035
3817
59
5619
72
7277
5874
7504
3313
4518
1491
888
1757
10
6931
2081
4943
6137
4852
642
5189
366
245
4425
2410
6236
1241
4373
3314
1024
6881
2475
1245
4080
1327
6050
7536
26
4365
131
7348
2264
5576
1199
2166
5096
6491
5443
1522
7615
741
6678
1354
1946
758
7625
1926
3556
5741
4662
5009
2422
3457
7920
2874
4562
4530
5154
1456
6620
132
7617
5398
6091
4790
6634
636
7373
7152
2946
1496
4069
824
1250
5645
1580
2195
7216
3882
2708
324
7414
834
7708
3867
2890
3969
1169
1629
4753
5414
5436
4264
7182
106
3202
7257
5808
6715
6672
1918
4794
2560
7273
4170
3922
2650
146
3811
4768
2836
6723
926
5397
6666
6831
6192
6569
3154
3101
5149
5207
2544
5392
4641
3245
7813
2222
7549
4014
5865
6928
6815
7385
5367
5724
4691
365
3473
5856
5299
2565
1333
2496
1544
3755
1599
4812
2461
6640
7093
1785
7318
1145
1701
2219
6526
1314
5365
2057
7736
3395
4221
1205
2925
5647
4829
4745
4202
4304
3023
4516
3170
6274
5676
4142
7952
7631
3888
5050
7750
889
6756
425
2805
2757
1189
2918
4399
3148
4455
6895
364
498
2725
350
2925
5587
5434
1650
6154
5372
2991
3298
4938
7095
6294
2688
2484
6469
5015
4702
4916
3823
4660
2100
3811
3575
7056
407
2784
7060
6060
3931
7468
5249
5325
2342
3108
4222
5223
6622
621
3106
1382
2302
381
5029
6483
2444
3687
6392
873
5079
6553
6772
1444
5142
5326
4206
7395
7011
7189
7959
3645
2878
276
4721
3802
5451
1082
3352
463
1591
1486
3594
554
7449
7802
2674
5848
529
6765
3080
812
1955
230
299
3586
1234
5003
1220
6358
7469
694
6792
6857
379
7456
603
5872
1694
72
7091
7554
2728
5168
7703
6220
1635
490
749
4790
3477
6524
4566
4474
6141
1986
5320
643
2412
4686
5384
3840
726
7797
4103
7683
5530
3532
6279
1898
5944
6763
5688
4462
217
6557
1601
3998
1976
1149
186
281
1506
2845
425
4193
5898
1575
3763
236
3125
3892
6922
1436
295
1402
2906
5890
6981
4892
3712
2458
3720
6237
400
7565
3311
6005
1083
7884
2789
5168
1995
3170
7812
5516
1084
4986
4940
4295
6825
2010
493
48
564
3223
2277
4916
7147
1287
3322
4912
4903
1411
5391
4314
3916
819
1701
5346
1477
1259
6396
3410
2628
3986
2330
6815
5837
1342
6322
4975
7038
2831
6931
6513
5147
492
3732
336
2457
1698
4243
6516
5607
977
6471
3848
5259
3802
4619
6629
4570
7371
7170
2621
2699
1903
4230
3538
6582
6701
7240
635
1001
5607
3435
39
5104
891
2330
4742
2665
5054
7477
7749
211
425
3349
2271
5855
216
472
3569
2188
5336
2573
2651
4250
2845
6233
664
3384
6265
1367
127
3686
5901
1027
769
3183
366
6637
5855
6893
6263
6905
175
1296
373
1574
2682
3670
6331
887
1545
5338
2087
3575
606
2152
1133
5496
4777
5145
1118
2659
297
6772
7969
4979
4775
377
592
3011
6684
1361
2486
2116
3321
1307
6064
4255
178
3679
2681
7659
5820
3958
988
486
4272
715
4860
7900
674
4143
4584
4472
7019
1130
4408
6778
4072
4543
2942
2215
6208
7236
2209
2524
6185
396
7637
1024
3707
4316
7800
6044
6252
6707
5940
4278
3817
1516
5882
6951
1497
334
7591
7256
5356
191
1551
6532
3749
1277
393
3963
1454
3352
6905
3012
1332
6998
523
564
4878
2792
135
3756
4812
7045
559
5092
5344
812
1651
1975
3483
6758
5795
5809
900
1262
3050
7857
5965
3120
4803
2279
2677
5047
6693
5985
5300
53
3207
3641
7700
2872
529
3802
6247
4298
4112
4524
2851
6176
199
2511
6222
2296
2158
5165
256
3970
1563
4408
4008
973
7820
641
6147
3367
3209
2574
554
1804
5898
6227
7423
3268
2518
4970
5655
6618
5223
6534
5089
4255
5039
7209
7775
3033
7787
3154
2138
6652
7155
6483
2963
2753
3448
5517
27
367
4680
9
1065
6419
7679
3162
6049
6624
4454
6474
3500
7793
4415
6010
7357
4060
2054
6947
7811
4806
5789
3715
825
4211
2752
5730
6130
4684
1025
1379
3507
2628
5029
317
7256
4313
2867
7744
437
7884
6683
7256
1255
1102
2031
6383
4187
763
5482
6536
1104
5416
1379
1909
5747
295
2960
3612
4385
5186
7948
6720
7115
7867
2627
817
2914
4808
3258
1218
7068
1724
1653
2972
4651
5621
3367
980
5033
805
1990
965
7350
6993
7472
6485
1036
6271
517
7919
3013
2545
1024
6518
7590
4922
4170
191
2093
4229
7785
2346
3207
4342
4782
4941
5140
318
7319
4943
434
7909
2553
1732
2961
100
1872
543
6899
4384
6745
7148
993
1909
7889
6321
7325
3015
5875
2595
7333
3079
1788
5393
2905
7131
4763
4548
1296
3691
1891
6084
6488
7015
6112
641
2742
2401
2510
4488
7787
7771
4104
2825
1765
3449
5
4210
3621
7863
2115
2785
6378
3698
1274
2296
1522
4289
3575
6209
7153
3459
990
7947
5235
3805
3845
4501
4366
7286
6106
6807
7718
4113
7898
1607
5263
2145
5677
5301
5286
2570
2413
5715
7446
4494
4967
1393
4195
7922
1429
7228
7929
5656
4207
1532
7152
1294
5177
6275
6343
4459
1708
1549
3706
4117
5781
1261
2406
5149
7787
1537
4580
5077
1438
3093
5717
174
2651
870
6048
805
5123
1075
6405
4211
1406
4592
3542
3218
3494
2902
1777
6539
6864
3105
3403
5708
4984
3430
43
5231
3214
3031
6041
4371
4318
7454
5766
6225
4340
3721
5382
7101
4281
273
4481
7674
4853
469
5179
7923
2885
1790
4211
7827
7451
42
1746
4304
7406
3437
4089
6962
3510
6021
2582
2428
6757
1100
5527
1209
211
2799
967
5044
461
4076
6413
6815
4306
3520
5593
4551
4919
7131
3313
6697
1809
5754
355
1153
6063
1187
6577
4088
2414
7463
7898
7989
5155
726
1679
1912
3269
1601
7419
6603
5269
2976
2322
1205
3737
4261
1348
4297
3483
6974
2570
7107
1396
846
4228
2069
5629
1435
5771
7426
6607
7230
4087
5013
1961
3421
603
145
1871
5806
6799
5320
4032
213
7233
5108
6293
3403
3186
1304
3201
7132
3768
5592
3895
709
4236
6808
929
6809
111
5175
7846
912
6167
2177
2101
685
7585
184
1024
83
738
6772
7753
1446
1046
521
5340
1534
1057
3439
1979
3623
3162
673
499
1659
7330
5956
84
3493
5272
1695
1491
3965
1634
1643
3516
6678
310
5034
1769
2318
4320
3536
3792
7646
4546
5048
1317
3860
5419
292
7831
5521
7511
1451
7320
4311
1842
277
5591
7784
3057
4858
6195
5905
2675
3915
5927
698
6804
2097
4320
7659
6100
5717
2764
1219
2893
2815
1854
5028
1298
143
4999
7876
5968
6020
97
2356
6975
1493
7430
182
851
1849
978
28
3250
3948
2759
5157
5732
6129
1143
5299
3673
7175
6119
2914
5710
5466
6354
1315
7606
7952
769
7113
7806
3164
5462
199
7950
1912
4811
7148
2576
5216
3079
7447
535
1764
6037
521
2320
1925
5731
6257
4543
2018
4157
1428
651
2991
3637
3061
4559
2003
547
5794
717
5516
84
312
5564
4987
6585
2312
3038
3165
1181
7458
4678
3538
6741
1282
5875
728
5735
6831
4936
4599
6092
700
5004
3659
107
4729
4925
3237
7180
4845
2717
6887
5087
5647
2538
2951
4303
7494
4108
3452
5867
2821
309
3576
5024
6517
3637
2997
5660
3396
6069
1454
1823
1944
7143
1574
4477
4296
7678
2311
6908
6821
5292
2734
3011
7242
5276
3189
5415
466
5852
7141
4709
6908
213
4890
5852
4695
3215
1452
75
58
2729
1476
5417
7391
3769
6023
5440
5487
7322
218
4304
5322
1997
414
254
1778
3612
576
5483
4880
7645
2589
445
3839
1983
6423
2428
1651
1654
5711
896
4137
5169
4580
3780
4174
4453
5648
5569
1415
4794
7859
7829
5991
6328
5798
5959
4836
5112
1320
7670
6742
5536
1614
7084
6943
3161
2134
7090
5825
2464
1510
475
4130
416
3419
