2218
7417
2954
1612
5273
253
6248
6102
7731
4490
7282
6332
5988
4989
3292
3760
774
7307
4988
2622
7490
989
4888
2577
651
5465
700
1172
6573
1722
7641
3244
4179
6848
7045
286
1962
1292
5102
1245
6713
412
4371
4895
6258
6577
2184
5271
1490
5533
1504
3800
1282
4642
574
2618
4639
5100
7331
1430
5479
6789
2518
426
6943
6962
4395
6282
2694
2883
3444
7998
849
4950
810
2160
2750
7348
6891
6796
5458
4493
5454
4928
6450
7149
962
4357
5308
5792
3316
7040
7257
3893
6244
6622
5385
22
2440
1390
48
6346
5804
5453
7517
6787
6017
1978
1232
7417
1387
5052
5912
3430
6330
7738
1234
3032
5969
6237
6222
6260
3356
4076
1958
4022
902
5937
6778
4715
587
3205
3769
6139
4495
6610
3528
1533
2395
55
4999
1528
7751
3164
1539
5819
330
3614
3831
7826
3694
1128
2896
3433
3798
3781
2569
7130
5719
1963
2850
252
6349
4356
6592
7448
275
6543
3357
537
6052
1673
1322
4656
6171
1439
1002
2660
2090
4386
197
6762
6867
5687
2101
1473
3759
540
7616
1615
1032
2220
7995
205
7539
7355
3412
6885
6169
5848
6233
3181
5365
4994
5141
5249
4247
6854
2757
5597
5540
6695
3192
6660
1679
6581
3804
7939
5725
4601
4451
7114
3800
1985
1688
4593
3028
2585
4027
7148
4619
6177
5946
5277
590
5943
6598
942
5475
3241
1381
522
7512
6913
2496
3098
1210
6915
4257
2121
3566
4506
7930
3575
3311
4586
4437
3372
1097
3507
990
3720
1802
3585
96
1589
5033
3394
5700
2202
3472
305
3122
2560
4331
587
5138
1651
7879
5692
1256
6298
6869
5752
7778
5737
4129
451
7644
5738
6920
276
3296
200
2134
2621
959
500
4354
5581
3351
4936
3746
4310
2478
3320
4933
5169
7514
7781
6401
8000
2195
4374
6101
701
6705
2869
4613
7621
3030
7786
117
305
7968
2234
6024
6700
6149
1432
2311
1833
4184
4875
4804
1009
6792
6939
1836
538
7710
7606
7202
7441
5116
1668
7131
4103
4654
245
1151
7273
1215
7780
7381
1945
6100
7273
7667
6449
5337
5289
9
3505
864
149
3790
2031
775
5868
7531
1417
4052
2978
4397
2002
3755
1987
954
468
4358
604
1119
2992
3758
5276
2248
3217
690
4262
3889
2844
7420
6690
1274
656
7351
7743
5691
4569
7292
6267
7827
2419
174
1131
7413
3412
7670
6270
1161
4489
3562
4235
3120
3653
2234
616
4160
5221
6170
7476
4291
7265
252
2612
913
1668
747
2642
1908
3812
6017
2251
5563
1716
5623
7539
119
3166
3107
2900
4139
4998
2456
7303
3074
3820
2373
5451
1564
2869
1019
4894
6933
2037
826
2142
430
6194
1600
6188
2132
4007
1992
6477
3925
3122
2470
7521
6930
6903
5287
1721
7808
5156
1106
6438
5848
4279
3733
7566
6039
4832
5492
2429
5156
3725
1643
2747
4595
6216
3022
597
3298
4531
3573
7787
7975
7579
3031
2586
7601
2105
8000
6251
4214
7571
6146
5537
768
426
2529
5915
5972
4148
5300
3882
7546
5776
7959
2749
1768
1818
3666
2614
5991
6486
6285
2668
317
5512
1720
3587
2485
1878
504
2114
6669
4692
3249
5149
829
1049
1811
4965
304
211
3202
2041
2189
5173
3156
565
4743
7169
2090
6584
2821
5284
4961
2759
1674
7590
7560
5662
3440
3169
7701
2772
3203
1042
6260
7924
7922
984
4985
740
2324
7253
2924
835
5057
5097
1740
6792
2968
5286
530
6737
856
5217
3411
6633
6658
7796
775
4559
3399
4157
55
4025
634
882
4711
7229
802
3040
2205
5802
7950
2105
6313
7588
203
2933
5909
4368
1106
6848
2739
5845
5137
3027
6999
1862
3370
4957
5656
10
6219
1257
7236
6186
4471
3364
6754
4357
996
125
2596
2603
3425
2452
2687
5633
1514
3133
1169
1804
4239
5549
7037
1074
6203
3242
5906
3544
70
1458
3058
7846
4969
5824
6227
3493
7847
6232
6536
1236
4688
5224
1804
2438
3850
5555
520
1641
5976
4236
484
2305
1849
2818
3450
1356
7633
2450
1962
7934
1796
2308
1346
1687
4618
774
2430
3219
5094
597
543
1830
7483
2770
137
2709
2061
4055
5793
2493
4769
4538
7007
7207
2946
5694
6725
3147
4035
4112
7015
5058
3016
4388
3452
5635
4342
2645
4536
5979
6291
4925
6583
7239
2690
2465
5074
7517
7252
6397
4977
2490
41
5080
6220
1333
5039
7279
7821
5997
7135
7066
3437
4297
1291
7974
7887
600
368
734
7848
4628
1124
5970
95
5065
3570
7158
3208
1064
6140
760
2947
1506
3887
4030
1752
7949
4311
1901
6375
5155
5773
4758
4142
6118
3601
2555
2939
6003
6163
4240
1161
1888
3894
6667
7040
1812
1181
4449
6950
6937
5840
4324
2227
3823
4852
3070
617
3423
162
1300
6847
6202
7262
4869
2124
4648
3881
7132
6105
3048
597
280
2103
2353
6313
1712
4247
3752
7402
6085
4936
3104
3733
4509
5122
794
828
1783
6206
1472
5264
7607
3256
2629
5918
303
2659
4567
7743
101
7047
251
2000
4163
4807
5622
5255
5151
6770
5094
1591
1979
21
2922
4198
2126
2368
326
363
5604
7776
4079
3987
2547
4843
217
3712
408
2790
4694
3824
6287
6215
3188
564
1354
6639
5954
6581
7068
1102
7843
921
524
2073
3482
7425
319
2832
461
3868
1702
1130
5853
2757
234
5709
920
2997
5335
7329
5782
5167
1318
7282
4817
2215
569
2920
7642
1198
2435
7886
6810
5240
2456
7837
563
515
6365
6095
3198
446
3360
5332
2650
2513
7621
1288
2585
4653
120
7364
505
3197
600
4584
3174
4500
5842
1997
1117
4622
7645
6231
596
7897
7653
1858
5492
882
5816
7451
6914
7397
7317
2382
4565
3826
1894
6411
6696
3316
4772
1665
1472
2803
7800
7357
4803
4558
5255
6388
470
4755
3486
1314
2105
2913
7165
4419
4525
4606
2282
3412
1216
3805
583
3090
1277
2022
6773
6221
1371
7233
6628
703
3825
7956
150
6619
4173
4365
4486
81
5680
661
6059
4436
1209
1663
7117
5831
2940
6374
4276
4138
6947
7266
5020
4393
6923
3207
3574
7387
4470
5774
3760
6951
5290
4599
5915
311
3346
1043
5398
2910
193
5854
7198
5948
4937
5510
2169
1297
1700
2093
2866
5193
1740
239
236
1245
7792
5964
4914
4564
2251
2894
1891
7458
6724
552
3098
444
4251
6731
5249
4955
6801
4451
5045
4531
3809
7289
1358
4525
7115
4105
550
4621
7667
7261
3488
4019
4641
3158
857
6715
6775
7425
1913
2632
5380
2771
5979
5880
3656
2147
6302
827
3206
4418
440
4748
2228
4787
4932
2755
1620
884
2440
4118
4893
1950
1024
4446
7662
1021
1482
3990
3438
3913
3929
2646
3596
7780
7609
5544
6665
1914
6520
3014
4048
3457
2162
6181
3494
6233
7402
1493
7562
273
1458
2416
7996
4819
6999
5784
4509
1655
1468
3092
4466
5813
865
6051
2935
7713
2638
393
3043
5296
628
4115
2737
1898
7510
4692
2896
5913
7906
1368
3981
196
7661
6441
2424
6617
947
6775
7790
5331
3675
6359
657
6561
7020
4470
5295
5173
1168
2799
2048
6888
6367
304
1468
5754
6246
1282
2030
6720
3354
4112
536
2936
3692
5497
5469
2367
3300
3079
1991
2099
2299
2066
6782
6720
1425
3606
6409
2991
483
4090
6940
6785
1543
1309
2494
3709
5223
2804
2218
4482
1036
2082
2695
4601
7355
2273
7596
2556
5781
4675
3908
7789
3296
2068
976
3401
7217
1561
3475
1814
4188
315
7816
6509
2597
7444
5621
1542
2277
2163
5484
3551
4620
1977
6104
3489
7059
3692
2018
4132
4555
2707
276
5301
6701
1005
7265
1728
7197
3153
3719
6951
4920
2512
5117
2958
2227
4940
5322
5718
6972
5362
2394
6166
7480
4125
2956
3462
5908
78
3489
4586
6609
1940
7050
1957
1103
6160
3719
568
5120
2049
5851
751
3755
3518
2296
6593
19
4910
2623
2716
2118
6061
246
6554
2675
6644
3895
330
2286
5140
7249
4173
3312
6720
2539
1935
5520
1251
1432
3194
6574
2977
7126
2492
4378
2369
547
3744
2786
7534
1805
6565
3131
3443
4892
3190
1457
4539
7061
350
7135
2047
7955
3514
5453
2464
5922
2335
173
3517
3336
2137
5055
4900
220
4018
5215
5018
3800
6686
5978
5287
4676
347
3572
3018
674
1467
142
4569
1899
4034
7689
6939
6268
5716
6877
3220
204
1441
5195
6641
3502
684
552
2479
294
243
4583
2944
729
6550
4215
4186
2915
5938
6762
686
565
4569
693
6161
6616
7024
1697
3307
2119
3272
4067
7228
4716
2268
2598
1110
5589
230
4301
7912
4386
5096
7048
918
1208
4157
2293
2313
6165
406
7832
2677
570
3430
2488
2481
6702
7553
5619
6859
69
6709
3908
251
412
5575
3234
130
1124
1921
3027
1663
1256
5768
5190
1499
7251
7742
1597
5381
2295
6711
4199
7388
7166
4601
6153
307
6109
3785
7106
2256
3623
6526
7042
2003
4149
1809
729
6950
5610
7417
2045
2063
6032
5174
4309
7861
6810
4771
805
980
5354
6776
7049
2578
5240
1808
2174
5980
7649
3879
3808
4100
7579
435
680
7791
1452
5542
2115
7257
7942
5220
7803
3561
6804
6222
7381
5233
7781
1968
5102
3043
7331
3750
4387
2450
4574
7721
4421
2648
1394
6873
690
1017
3773
3737
3475
7
7445
4018
6750
6547
6030
972
4692
4840
40
7992
5654
2371
731
2387
4128
824
7505
2263
2956
6589
5216
959
7741
7422
5090
2642
7911
6358
5199
2550
4373
7905
384
2309
5019
5303
6694
4636
3649
4311
4055
1026
446
2016
1493
1093
2071
6891
6210
3192
3301
274
6754
3865
3415
3573
4534
4052
3080
3478
2564
1549
1668
7045
349
5953
3971
6233
5784
995
1184
1099
6143
5701
462
2475
1829
4261
6146
2108
2931
5051
1613
523
474
1953
1880
3683
3229
4758
1695
2431
3808
6886
7049
2369
2538
4288
5058
3083
1463
7740
16
1743
7493
4559
1816
533
3971
6430
3940
2641
4300
1339
3448
3853
316
1674
6719
2876
2646
1216
7955
5095
4056
660
7572
5475
1345
4690
1043
4421
2293
1803
3865
92
2356
4068
1089
4972
326
2209
5490
3114
2802
454
5092
7134
5765
6786
696
4486
5687
6300
6023
5532
3201
51
1047
1324
2134
4714
4029
6272
4624
739
6319
6954
1562
7697
2435
7909
2171
6796
2299
2257
2126
1320
5693
3902
3938
2488
575
2864
6858
633
4569
5205
2486
1642
4569
900
3419
224
7214
2116
5940
3194
4775
3600
664
7385
4165
1435
4556
5086
2433
4436
7923
7765
4589
481
3306
1197
5740
2940
3208
3008
2617
5953
4114
5111
2351
1395
779
543
2580
4269
5790
430
2622
487
4067
5864
6530
2439
2102
6806
5761
2253
2947
4160
3920
2306
540
5544
3759
5702
5584
6874
5378
5363
4743
2653
52
1570
2541
5988
2886
6549
3519
7340
4082
215
4653
4635
2235
6134
3350
4067
4355
231
1681
4982
175
588
748
3640
6713
2971
470
3464
1973
1095
7091
3565
7779
4950
2297
4993
5010
7177
3947
3046
5419
1738
334
7022
3126
7085
7267
1663
5160
5710
7575
5060
4320
4084
1574
4744
7027
1347
501
4274
670
2188
6905
1695
5094
7462
2660
3378
5549
3215
2809
5015
4780
2213
3293
2467
3487
3301
6884
6653
281
2046
4097
861
189
6007
6992
2186
7076
3386
5737
6271
7202
1391
3000
4569
3862
7917
3358
7497
7917
7624
1819
3344
3928
3368
2330
651
7165
7179
2844
7124
5253
5177
4875
2162
4328
1647
765
3292
7944
6149
7237
1575
7030
4380
611
3767
321
790
4892
693
7971
4400
6522
4977
1296
5062
7944
5760
7625
3815
4464
4505
3472
5440
194
2050
1062
4076
6878
4348
4520
254
294
6726
1719
7353
5197
554
660
1117
2217
1232
7470
153
50
6884
119
6396
2805
5635
4562
3947
7497
5684
4064
786
6584
6284
7205
4834
4189
1231
7828
6390
5649
6477
1347
5255
2711
5352
3208
1021
7412
6304
2207
5077
7835
1797
4711
6744
1525
2766
292
5020
3030
7074
4734
3363
2114
3553
5611
7626
605
6189
7540
3162
2616
674
7184
769
4677
1716
5131
996
7690
3214
896
7428
5691
5023
3424
4633
5692
6707
2281
3464
6898
2193
2477
3157
3539
5383
4037
1804
5913
6152
512
5733
245
5840
2262
1536
6578
3897
5363
5800
3769
7301
7725
7139
3014
7246
5209
3879
4669
2676
4323
4612
4963
231
7924
5133
4258
443
6341
4795
2325
7901
5389
7733
3755
361
7335
1050
2241
2766
3714
4737
4494
4638
5572
3125
5590
50
5385
3125
4721
7765
1003
4446
3507
1152
1270
1259
1521
1038
6156
2371
5033
1765
854
2758
2926
7078
2497
2475
3467
3453
5080
5637
2845
3870
475
7250
2897
7350
3235
5197
5336
1796
2853
4313
4622
676
2079
6296
3028
6362
5506
7840
24
2569
2580
3873
1637
4242
354
1258
897
427
6065
466
1243
6103
4450
4822
4324
6203
3364
753
6784
7589
254
6127
7142
186
333
2575
5346
4968
1211
7480
7107
199
452
2804
1830
400
6901
1185
177
4324
2672
5702
6576
6664
6163
3326
5490
4964
5089
3824
5564
3246
138
7897
1508
2227
6581
584
3383
4707
2161
6553
2787
1510
3763
4937
4281
5557
3410
255
6347
1013
4971
6206
7903
3346
4922
730
2984
4265
4045
5402
3164
4836
7493
69
6392
3035
3251
3405
3653
3843
4876
1817
727
302
6584
4946
2120
7074
3876
460
1236
5691
522
786
7082
1674
6742
6251
1147
5080
5087
916
1402
2329
7713
7556
1452
2093
1100
4545
4887
4133
1482
6167
6564
5021
535
2751
6802
4789
5004
6288
137
5810
5409
3005
5434
2084
688
5860
7757
2423
815
5071
3372
3031
3452
2463
807
6261
6647
6846
3846
7137
4491
3597
6156
6479
7836
7512
5902
5269
758
3350
30
2274
2946
5714
6135
1247
7364
5115
784
7837
1669
933
4309
3379
1049
2031
5824
6247
2688
119
3450
4575
6576
4058
7904
1207
218
7425
5662
6250
6055
3845
4770
2681
5050
2809
4733
5825
2296
7247
827
652
893
3994
5752
5746
4749
6539
1658
1134
7985
7284
1529
6806
3260
1804
3137
1389
4804
7941
7822
6311
7095
2444
4549
310
2729
3562
7168
4324
6013
1251
2789
2782
113
1923
6165
791
7345
2723
4018
6245
356
1073
7311
6499
6550
3904
2862
499
715
3558
381
3769
1805
2828
1187
409
6691
6061
1385
1091
4534
2058
4276
7039
4018
5518
1561
5051
953
4506
6052
723
1972
7675
1008
6898
636
1206
3000
744
3509
624
1868
2456
1907
2909
5296
6397
3057
1951
1622
1055
2864
5423
1459
1127
2492
5141
7927
7205
3758
6888
7691
5498
4190
7464
7414
5294
7597
557
1427
2127
1249
5920
3802
3123
3017
4756
782
5083
3188
807
2964
5057
7233
4677
4678
573
4313
7951
5621
3797
2444
1535
5685
3253
3224
894
2335
1438
1965
346
3993
2453
2433
4197
5972
51
2747
1642
403
5406
5466
4000
7824
2717
2478
7238
2334
1652
2383
2741
5657
293
7531
3273
5025
4629
2557
889
1944
2041
7583
2934
3514
4795
1798
7306
1627
4507
6332
5692
1619
2341
577
6178
3689
5618
2451
6462
2850
5426
5608
2835
7448
2559
1132
1841
766
1455
2615
6143
7083
7319
7899
556
1008
5284
1150
5875
3259
995
7122
2103
6410
7525
376
2853
6666
7443
1526
5499
5591
4992
513
6929
2627
460
2344
7630
7573
946
6146
2077
1191
6480
5520
767
5125
6494
4449
6465
801
3235
982
6450
1876
2662
2000
755
2621
186
831
5399
7197
4913
5748
4661
1853
880
5959
1416
2609
1553
6698
4043
5518
3838
2860
4548
4596
6954
5088
2849
6753
2602
2685
7104
6465
5494
5712
3212
7604
671
4297
4996
4486
7980
1667
3476
2081
103
6472
3373
3077
5750
7380
1869
2510
2942
6426
5381
2425
4777
2391
4477
5991
4744
2957
6738
1392
4860
7236
1393
4003
2298
935
4557
5367
6343
1935
4577
3738
785
758
1821
1213
6420
7123
2144
7148
4740
88
711
1537
2617
3011
3414
6226
1628
1045
6831
5837
7731
3001
7213
2168
526
7866
7850
4021
5045
1689
811
4352
88
3402
5635
3959
4369
3243
1147
4150
4189
5921
4394
2291
2044
7183
3045
2871
4893
2937
6728
3811
2062
6781
4530
2624
2445
2786
2809
2288
636
3059
4135
6786
904
7533
4169
6491
7664
6750
6222
6375
4093
6501
593
6950
2892
6680
1189
229
1577
5619
980
6339
789
1734
1485
2849
1094
1656
4918
6856
5121
3150
1366
270
3947
743
6378
6948
2176
342
1411
864
6600
7281
7850
7721
3450
4423
6757
4087
4514
4850
1941
2964
1775
6320
1884
3235
7363
3772
4430
2852
7484
5105
7046
4420
7734
6273
1678
356
5260
915
1933
5697
6544
6722
2418
415
3107
1687
3571
3812
6447
4000
7774
6096
3085
4245
5476
1316
5971
5993
5438
2552
4919
796
932
5368
3436
7302
1590
1136
1963
7009
2049
665
1235
5057
544
5278
3864
1864
7489
364
3383
3400
1075
2541
3236
7799
4180
661
7824
4268
3998
319
1020
5254
6926
2683
6555
6680
2478
5553
2898
6215
1357
3196
3442
7557
4849
4263
6063
5804
7402
581
3107
5433
4659
2144
2447
568
7439
1305
6176
3980
7005
6980
7584
5256
2858
1716
7130
3320
933
6456
6416
380
3062
1882
5395
4913
62
2102
5028
6966
2315
2401
3260
6935
195
2305
5360
2844
3648
3606
4567
5856
6861
6614
7338
3531
3612
299
3132
6353
2334
2269
7105
4451
4636
2842
6478
159
4392
5223
3481
2913
436
4936
7367
226
592
6309
6689
807
3526
3890
1191
3763
243
4123
6480
1235
7759
1327
1727
2123
4491
6830
6072
672
7709
3958
1796
4197
2515
829
2984
6663
6874
3076
2302
3986
6570
3236
6310
2017
3706
940
1720
4192
4743
5876
5220
7168
7145
5786
910
7976
4015
4682
4241
461
4881
423
1753
3760
2490
2390
3112
5506
7231
2227
7354
4582
4600
1982
3851
4429
4331
5361
2978
3642
3224
235
1393
414
868
1648
6807
3945
7504
4672
4821
2315
1910
1484
4299
6731
5440
6501
6364
398
1683
1764
2494
2452
1462
3155
4339
1628
5800
3218
1949
4917
4914
7870
2792
3076
136
2859
3312
5815
3002
969
3426
3025
5289
3043
6491
7119
1403
3511
6952
2473
1964
3955
7726
1199
5903
3922
3757
3394
7979
2659
5150
3522
1890
2806
2801
4957
3500
5097
765
7592
5786
5465
7433
3916
6643
5588
4102
7037
3083
7954
103
5812
260
5030
510
3076
6141
6248
4579
5831
2082
582
7473
3747
7960
797
6095
2605
4769
5583
5232
6797
4005
7417
6241
728
4655
7316
2760
7032
1251
3234
542
7199
3310
2231
908
6670
953
1341
5279
4960
3375
4130
6664
7385
3788
1907
7232
5941
5794
7863
5417
4374
3732
3489
6617
3384
4852
2453
1839
7672
4080
7434
540
3852
5769
691
6579
607
4139
1368
2890
4401
4620
2111
4238
7244
7821
5603
6275
2322
3431
3361
2412
3979
5463
3549
929
2118
1446
6956
7869
6289
4786
7338
4970
378
5730
5097
7667
91
4360
3366
2910
5741
1534
3380
2823
292
6412
4256
4223
1254
1703
5344
7303
5526
4829
5814
5069
3114
4580
282
3470
1001
5622
849
6743
4274
1669
5315
231
7332
5783
748
2373
1987
3626
2793
2112
7051
766
834
242
1601
451
7790
5150
7500
3687
7170
4766
348
6696
1373
4915
1548
5462
7001
5973
7395
6020
1884
6314
7051
7393
3858
7972
6883
5708
4213
3093
6127
3998
1581
1386
1582
2596
4475
4481
7261
2497
6994
3863
181
5364
7374
4799
7435
2002
1821
6993
7967
3890
7474
6726
129
6780
3378
6651
290
5930
1603
6957
6015
294
5782
7049
4743
7738
5216
1502
1814
3141
1939
7060
6615
5576
2753
3263
1227
5069
5692
3836
6129
2495
839
6312
3136
1122
3049
2798
7772
7166
4241
7087
2308
4371
3250
3327
5835
6176
2309
3442
4831
584
6520
3807
1284
1093
1413
806
1415
3345
7998
3840
6771
7874
5324
5299
3663
7623
6463
1577
4159
4901
1909
7659
5406
3508
4805
1378
604
3309
1302
5394
4303
900
7761
7516
187
3942
797
7515
4764
6297
4883
1103
6593
7
1583
3047
3424
5182
2442
417
1449
6652
6968
512
717
6690
698
2613
1083
3078
7160
7381
5003
6454
1906
2977
5961
3998
4843
5958
1561
1539
7517
6517
5234
2277
2853
1797
2777
131
3444
3110
4754
2787
7529
4831
1551
5035
5951
3099
2189
7371
7325
2310
4371
886
4988
2971
259
770
6304
2503
117
4449
5355
5120
4487
4364
2307
3296
5744
352
3649
247
3526
1967
6903
3896
5415
306
3787
5770
3583
3393
6322
3165
6845
2294
2637
4899
3525
2598
5141
6216
3808
2186
4721
5511
7381
1282
5089
2179
3298
5263
5128
2860
2134
5628
400
1923
1526
6287
5541
6653
735
181
1386
324
1300
6227
5715
5312
7588
1232
6865
2021
624
2225
4244
2267
7746
5192
1546
7741
822
3280
1196
1158
7500
938
3813
2834
6224
5237
4577
7019
7104
1608
2116
6417
5172
5531
1616
5425
1747
4417
439
7065
2911
3302
71
3635
7374
6227
3947
7605
1366
4502
7893
1780
289
3634
4916
6069
7027
7187
3472
4563
4321
2262
1421
5751
6401
5356
2764
6757
2225
357
4106
7416
7894
3240
5125
7547
4016
4242
3331
2321
1685
6027
7119
164
3766
5416
7042
7094
445
6348
2592
132
1300
4288
1228
7839
2205
3602
2444
468
2362
3484
281
7324
6642
3493
4695
4975
2650
1886
7272
4504
5602
5539
4134
3129
5834
6473
6140
3604
5428
5642
2256
834
4380
1737
1734
1734
5619
6821
2253
670
1285
4204
6357
4553
2000
1216
3809
4408
6630
3734
4670
1999
4547
5762
6925
4129
7723
5117
2036
1506
6986
6788
4933
6797
3562
57
3729
7109
2796
4085
4497
1036
7737
59
1292
7729
3704
1027
4091
1963
3246
5071
1455
6921
887
2808
1384
5597
5555
2585
556
6853
179
861
4338
3991
7127
4369
4409
4406
4420
7727
4715
6336
7621
1165
7154
2781
3926
7820
4490
3521
6595
4523
6721
6455
3128
4568
1444
3950
5187
4435
2712
5996
1080
3162
5461
4545
7157
6744
3454
2487
2573
6683
7005
2022
5472
3697
2456
4346
6799
7121
3156
7269
687
2371
2997
2400
1902
7156
949
5353
702
974
4411
5980
7718
4512
1694
7801
5753
7603
4846
5637
3836
534
1680
3431
3069
7174
1443
5010
6791
5106
3523
1578
4018
4514
2102
7615
1214
578
904
1568
1024
1092
1774
1624
3881
2450
1030
7218
1128
1168
6878
6639
276
5938
5129
715
1157
3710
7377
6224
5458
5534
1297
7209
1288
3936
7362
3983
3439
5385
4618
2204
7639
3523
4509
3984
4207
2097
5305
6611
6420
7008
1601
3867
2546
7810
6415
7255
6621
4224
6787
1448
3751
2993
7010
3119
7895
802
1252
5159
2323
5873
4474
7701
859
2970
842
7982
4929
1703
5969
4215
7060
6118
6298
4049
6054
7537
7832
1914
3238
5616
1301
18
3123
5956
4319
2000
3914
2858
7841
1313
5503
5304
286
4362
5716
1783
2242
4983
7478
7319
2173
592
5020
6530
4183
2026
3756
7836
1910
3545
5090
5152
3403
210
7561
5472
789
4279
1268
1574
7542
1903
1388
1769
2390
1439
4895
81
1739
2774
1865
4036
3216
6167
4840
2385
3397
4028
5001
1303
2814
6811
6697
3936
5693
3920
960
247
4985
7570
58
6403
6178
3596
5853
2923
5959
7091
3953
6706
4363
2554
4536
3291
2840
2672
5844
1449
7677
6051
5325
7692
1374
2120
411
7728
7820
6863
6684
7433
3413
749
1499
1888
4852
6614
672
7917
5567
5823
2405
7377
1594
1258
7523
755
2960
1775
5042
7151
6382
7345
3769
6521
2267
5138
3799
6052
3334
5377
7951
2011
2084
3763
2898
6724
7168
7204
7363
5425
2706
1301
5463
3213
2471
4226
685
4076
2611
4035
6329
74
7511
323
6790
2431
7737
3631
1362
1395
2890
1281
2053
6472
5332
513
7500
2955
4461
5629
7736
4316
5885
7829
1148
5978
5470
5442
6419
1187
5562
4918
3507
7412
5848
6946
4913
1460
1483
4429
5436
7572
4131
148
7863
7286
1383
6929
4961
5964
1599
4213
642
2231
4144
3897
1558
4058
7298
2400
6899
2053
6374
1930
3347
865
859
4437
2719
614
7429
2145
338
2955
4213
475
6212
3173
1702
1992
7427
4654
7741
1642
1046
1611
6260
3223
4756
2456
7929
4044
2381
3415
6057
4797
3261
7441
5297
1351
5848
853
7617
5199
2237
6267
4925
473
2877
6325
2070
6339
7818
5107
5698
1321
1996
4413
4725
333
4528
5557
6287
7889
6668
6035
6873
7098
3386
677
3847
1480
1358
6400
4762
3335
5751
5593
2543
5200
7366
5536
7587
4684
3075
6645
4608
1982
1692
4864
3479
302
4745
7329
7302
3754
6288
5807
4680
2416
157
5702
7409
2526
1572
7232
3042
2756
6641
3677
6550
1596
251
6503
3744
2450
6294
4270
2020
7693
3715
7389
1323
1232
1638
2408
4793
6528
1595
1185
7447
1619
1191
7357
4484
4787
5148
7608
7845
6943
3581
2217
3296
3681
1201
5802
1074
4900
165
4060
1549
3092
4877
1686
7389
2713
700
5334
5300
6834
4733
3223
6594
3189
34
3178
7573
6985
6762
4068
1186
4134
3793
5357
1743
1719
1886
4937
6747
5583
735
2428
4958
3652
7944
7641
4336
1071
3717
2035
6366
3593
6646
7377
6224
1474
483
6477
1229
4461
5553
7307
5181
4919
7701
1790
4869
3829
1805
1615
2822
5342
5535
233
273
5200
2562
6377
4243
6889
1633
1899
6682
2014
4869
5173
6787
6725
1642
477
4499
7251
7767
3337
7848
964
2404
2818
4645
3555
824
2906
1133
6190
5610
2717
4296
7243
1338
430
175
2403
4389
4282
1736
6376
2711
1099
134
1786
5856
5284
1006
7926
4071
5209
3829
321
1638
4357
1211
5932
6587
4556
2566
1199
3001
3353
3662
4109
7352
2536
987
1442
793
4535
4442
7840
5875
4837
5267
4680
2351
962
481
2025
3974
2529
7950
120
6749
5835
7201
2106
3116
1891
613
6275
3283
3564
1619
6228
4561
2897
7065
4112
7737
5318
7542
2168
1331
4529
3596
7481
7388
1322
4919
6418
132
477
5615
2441
1204
3262
4228
6260
3006
4002
7593
5459
7206
3254
2293
2839
4350
5270
725
7053
6978
6900
2487
7841
1867
315
2535
2648
5531
5379
4400
5253
3468
6887
7412
587
60
4497
211
5688
74
7591
3692
5719
2894
2251
7758
4991
7209
5641
37
1872
1351
1930
4319
2790
5885
1778
4466
7551
3606
4747
2087
5298
3858
6769
5201
6622
2594
4592
3721
3584
6035
787
6589
3619
7104
4858
3775
4543
7640
849
673
2599
5640
474
6305
1747
4497
7600
7021
1701
7032
7185
3036
297
1269
2425
7565
1588
3442
141
2012
5491
2368
33
4705
704
1957
4225
2841
6702
4828
7345
5711
4860
2642
5323
480
4065
5733
669
2157
6869
4003
4701
763
970
4882
482
1719
274
5095
7988
2990
7211
7774
179
1395
1738
1475
3172
6284
2965
2023
5814
6569
199
4410
7393
439
5935
237
7248
4427
3458
1145
3946
7659
335
5096
5688
3276
1108
3075
6234
4820
5425
1549
4050
1354
7587
5768
5552
4627
4478
7311
5102
5383
6047
5803
4375
7869
3368
5259
5286
14
4076
5513
5902
1147
1619
6539
2017
2049
7838
716
843
7969
2295
2948
3783
2458
6524
4705
5567
5686
3955
5302
794
5481
710
1546
5916
5240
7290
24
519
3143
5330
2171
6106
4831
4342
2328
3131
3879
4258
6490
6749
7721
899
2964
4055
5464
2206
328
6088
7689
1488
1817
1550
468
1444
1321
7595
866
7342
5879
4517
4826
668
6568
5415
7625
643
6921
6513
7520
2907
5914
4669
3609
1471
4975
7825
2268
3900
3089
3829
6686
6622
1556
259
1733
980
7847
5433
3638
1736
1149
4967
5003
1156
4176
6976
1634
6790
694
7293
671
6620
389
7255
2985
5803
4496
3512
4047
5780
2189
183
4629
2307
5306
3017
3310
5067
3494
5444
4848
3482
221
5553
5952
4993
4639
5278
6240
3076
6888
4732
7780
2699
6444
5724
7563
852
2389
1731
2183
1850
291
6331
2775
6448
3240
5636
2165
6478
3417
7351
3593
4784
1430
7259
1491
4259
7252
1108
6302
1457
41
5567
1636
3840
5569
1477
956
598
5415
1198
5031
7801
811
3818
5544
748
1157
3288
242
6726
5344
1468
73
5507
4920
1082
5318
2681
6119
7708
2123
3913
3908
7701
3889
4467
3418
6393
4909
4395
4214
7521
628
834
6333
5420
3995
6230
1487
6260
2056
996
3547
6688
7260
222
3425
6770
3556
871
5574
1156
4253
374
3615
3815
5619
5966
7437
4475
2520
7351
7699
287
3216
5807
4122
1225
5584
1926
3315
2542
7981
2777
7089
2340
3037
6913
5197
6099
6966
822
5824
1022
592
3715
6167
428
1632
1802
6518
7724
4684
641
7654
1374
5855
4130
646
661
5950
951
2895
7426
3482
515
333
3761
4607
4923
809
7256
7093
5476
3803
2890
5466
2918
585
4247
6838
5909
3939
2578
2061
7090
4688
4106
4020
253
2377
1332
2556
4156
6840
6924
138
6473
836
6937
1703
2133
2819
6980
2456
7292
969
6225
5040
1640
7667
650
3275
17
7479
7822
3117
7347
2955
2422
1864
4444
1192
1601
1567
2388
6849
1344
1314
5156
4106
2136
6816
6285
2794
6355
297
5818
212
2117
5353
1653
956
4032
2948
5219
1586
2452
5258
2041
2204
4782
2260
4840
5506
7460
2172
5017
3194
3519
5291
6824
1993
