5284
6029
4445
6921
61
2775
87
4505
6158
5681
2171
3970
7309
7545
489
4408
1442
6881
3971
6946
5394
3866
254
5688
196
1838
7860
4530
4076
3828
4759
6200
6880
5815
6663
3078
620
2736
7719
3978
5918
6637
1083
7440
2772
515
217
6800
4948
4626
1948
4341
2164
6564
3766
1286
4771
35
2565
2920
4256
522
4331
6140
909
2919
2720
5904
449
1448
4900
6025
2766
975
4434
5273
4987
4208
2643
5276
4920
4009
502
2091
4454
5477
2247
6673
2964
4299
2590
2278
4921
434
6986
2483
6336
1970
4758
2982
5571
3760
950
7203
2076
1239
4101
3058
4464
5222
4983
6085
4820
4370
4924
7336
3506
1203
4813
6861
4282
5880
2189
875
5061
1116
7741
3157
5096
380
4538
4641
1670
7962
2465
7534
1914
1976
1717
3518
3592
376
5812
1633
582
5686
6218
1495
3308
792
2427
7648
760
2212
4465
7246
4904
7816
3448
5554
4991
1070
4444
6288
936
6905
6370
2901
1775
4490
1049
6852
4040
6906
3183
6240
5134
6216
3033
2210
994
2975
2030
2924
6067
503
863
1407
4428
1433
6068
3787
7960
2512
4803
6757
7095
4140
1157
239
519
4305
3293
6314
173
4125
3660
1891
7443
3827
5833
4774
4414
5139
3187
2878
1425
1960
7375
4851
5257
4182
948
1016
5962
5978
4675
4879
2543
1927
446
2917
6492
5420
2203
5753
784
6362
780
5406
3729
4208
6829
7549
6635
7576
3432
1055
4777
4862
6148
362
702
3469
1443
3832
7704
1310
7364
3753
6225
3411
960
6205
1374
3918
7973
193
4132
3132
246
3137
4012
6870
7583
2098
1816
5073
7746
6344
2649
4018
1137
2390
2849
4532
3893
3156
807
7467
6623
1117
1181
7480
5708
991
7297
3222
7194
3822
5050
7655
4111
703
2013
995
5373
1527
7940
6699
985
7441
2514
3126
6309
4089
3366
4108
6877
5095
2967
7149
996
6998
5999
7470
1000
1204
601
1905
1072
6682
2663
6463
6829
4527
6055
5307
5859
587
5352
3838
3394
651
7040
4418
2501
571
6596
5102
5761
1768
5026
7007
3030
7573
5144
4484
1754
4925
334
5067
2173
4439
5558
4959
5335
4224
5246
2891
3805
6472
3608
4192
7815
431
6209
5154
6114
1411
492
3533
3302
6137
721
7252
3340
2864
7925
5080
6639
3630
3536
5416
4486
4615
7990
4049
3420
650
3453
3505
2105
4221
961
2976
5207
7174
2734
6523
3112
4331
6674
217
3080
2373
4087
7528
3969
7867
7704
4088
5144
1804
5121
7389
4316
2105
4731
3950
3874
3261
4552
3744
5247
4330
114
850
209
7843
5963
3074
6237
1784
4816
5517
6820
5637
3794
7972
3370
1096
7352
2611
3565
5292
891
4848
5893
98
181
2828
4654
4728
3545
4562
2554
959
6930
3656
2110
3424
6147
3807
2328
5469
3966
171
3235
439
3242
6939
4865
7383
1663
3946
6725
6618
6998
1720
71
6
2534
651
6489
4386
7086
3548
3419
1796
4748
115
7746
2105
3945
2816
373
6497
200
1559
4696
903
7857
926
1777
1340
4535
4322
5843
730
1296
2644
6784
362
2007
3195
3052
2621
4078
5126
2584
5170
7120
1783
5625
1118
2882
5134
1684
7689
2360
817
3517
4444
2861
7951
4596
7479
6263
5359
2740
3963
805
6294
2557
5632
4751
5439
7313
5897
3125
2742
411
419
4446
499
2859
6338
290
2141
502
4075
5525
3906
6097
439
2123
7624
7669
7829
7906
7805
6470
5669
678
3613
6207
5136
1101
946
6756
2668
907
6867
7556
454
4766
3928
866
7045
2371
6001
5053
5511
3893
7317
7534
6007
4618
2491
5452
2439
3075
7953
1792
7917
7189
7896
834
1754
6121
6105
5535
6562
6181
5848
5045
7335
5104
314
6175
2818
5974
613
6453
5282
3033
1988
1053
101
3292
1194
7829
6482
6002
5019
5692
5465
5659
3119
4752
1825
3021
1619
5195
1434
7018
4697
1563
2912
369
6230
4120
1965
904
2054
6018
2444
1790
3016
2021
7878
2483
7089
1282
7755
5507
5738
7608
4047
7370
1800
479
3266
3663
5877
1614
4000
1380
2310
5922
6858
5320
363
1646
5747
5977
7258
4598
7492
2008
3981
1754
5811
5418
7305
6118
2216
255
936
4598
2503
5801
1725
4539
6322
7420
7209
796
7166
3280
195
1364
5825
4198
4775
1859
740
3197
7512
5857
2142
4811
844
1688
2234
153
5297
2914
5494
741
6141
7552
6766
3124
6909
779
5452
259
4591
7740
688
7766
561
3316
4284
3972
1976
2493
612
6912
7256
980
7004
6183
6359
1839
6072
5781
5100
7878
174
562
3215
5236
765
2102
5038
4415
637
6926
145
749
4816
1696
3215
5059
2172
2738
6503
3319
4709
3745
3634
5621
1387
5367
1391
195
4782
5188
2419
2051
4608
6953
7439
7949
4007
5977
6969
7163
202
1244
3423
4821
4693
6982
2542
2953
2877
242
4271
2175
7530
2323
3654
1936
3009
2167
368
610
1911
7687
1849
159
6430
4636
7949
3935
967
2731
1562
3314
7625
174
4574
5997
4060
1713
4475
4578
4115
340
6498
3920
5710
2022
6895
1861
945
1899
6273
3520
4491
1575
6970
7272
26
5359
2998
7488
2855
4767
1330
7106
5240
3268
2781
4020
4760
23
7742
6428
1235
5250
389
2967
675
3801
5610
4027
2843
6869
4161
898
496
181
6982
651
1753
81
701
1575
5322
4918
1182
5931
3551
2478
4396
276
7778
4776
282
2895
5767
2530
1876
1395
2220
4004
5686
3058
1935
4140
7939
4660
1268
2661
2123
6446
7027
224
6782
6509
2314
6154
1939
3790
5283
2245
4804
7589
4412
740
1758
858
4169
12
2362
243
5678
161
2145
1259
1124
2695
933
2704
1545
4207
1424
250
1117
4645
3083
244
1214
3050
6374
669
3145
5422
5004
7394
6399
2995
4381
3899
6497
6544
7646
5236
7107
7157
169
5308
1732
5030
3541
3672
2816
2177
2114
775
4374
3371
7393
6354
779
7316
3905
4149
6868
6621
5986
4171
5516
837
7372
7529
4074
5449
5472
2194
477
3664
3480
674
3963
7058
7423
4773
6352
3231
2078
7195
7429
2677
4940
2121
5005
243
4580
2435
3215
7671
7115
2174
7351
2420
91
5406
7509
1421
632
5588
1412
5721
458
1889
6960
4236
2477
2659
5434
7685
4791
6536
4398
177
1235
208
3529
4802
4303
2870
6504
1289
1377
4176
7083
1309
3505
3966
1040
904
7325
6840
2235
4188
6627
1960
1770
1774
1134
4745
963
3348
5930
7843
3199
4669
6722
7284
2253
6954
386
3004
4393
2951
6153
7112
6654
2794
29
726
3725
6864
440
5394
1330
5965
248
197
1715
6435
1245
6052
3812
3978
7493
1248
2262
1910
7181
6350
4561
6102
2734
2582
717
2887
6106
976
4285
6981
4774
6224
244
3756
1821
7909
6786
3643
1279
3619
5541
358
87
3614
2660
272
2873
3339
1905
6633
1665
6372
507
3424
389
2301
2755
2833
5888
4841
6086
739
2629
2575
1929
2734
554
4365
3648
3089
4244
7370
3214
5579
3428
3215
6912
7305
2126
1014
1974
2532
6611
4916
4159
1590
55
6464
4907
6904
7861
3289
6227
7838
1007
7925
3423
4374
6299
2379
7944
5878
5864
611
591
1635
7938
3429
210
2852
7080
7813
4862
3726
1219
5382
7531
2824
2903
1472
5809
7258
7538
4036
957
6891
5645
4117
4752
4679
6407
1251
1579
6685
5786
2770
669
3129
7678
6557
4027
6527
3894
5832
6756
7485
6875
6948
2502
7732
6593
185
7141
5698
1468
5008
2812
2550
336
5749
3600
4542
1269
6646
3033
1826
5560
3576
6808
285
7970
7995
5590
2758
4825
7656
3331
4572
5148
525
5146
7584
6122
1308
4459
3183
693
5716
7742
5483
11
6565
3771
1610
2804
7496
4160
2379
5150
4570
6320
4235
7967
2837
6963
4425
1083
3561
5936
553
3838
3058
5922
7280
453
3749
522
4228
5728
7327
6858
15
7931
4185
4635
3063
3775
3726
3081
6344
6497
3887
3328
4941
2980
4586
6662
3615
675
7617
6591
2946
3286
720
306
1436
1979
6703
582
6104
5273
963
3687
4922
2631
564
5878
5447
4403
6522
2812
4224
3610
3577
3584
6035
2956
3245
3406
4993
403
2650
137
1397
4921
7920
4167
1500
1821
1087
7106
5613
3691
5042
6894
7608
7908
2827
3519
3777
2265
3842
145
4123
4739
7079
2418
1379
2149
1850
870
1207
5962
971
5742
5552
6012
4657
6589
7756
3107
179
7571
615
7868
4159
4257
5042
4593
7267
6922
1372
7832
2777
471
7901
142
2747
5639
1952
3969
1313
4940
5065
7472
1756
3802
835
7418
7048
5448
2652
5278
7923
755
7919
7244
4256
1144
2033
4123
4745
4952
5414
7000
3966
5458
364
3883
4228
6093
2500
3070
7248
1575
7525
881
7830
290
7228
143
5338
1321
786
1808
7463
6491
5379
6756
5615
2961
1124
5818
5860
3307
2029
3048
1182
7963
3306
5629
6079
255
6596
7627
192
1288
3226
1841
5266
5793
7597
7014
6384
1982
5562
3978
4842
3453
6540
6776
7681
6266
6619
5546
991
4658
1599
3886
5647
4807
3268
6123
573
1702
1929
341
5224
4110
1234
3431
2930
3224
2444
4030
3329
2240
2280
4513
1019
454
1127
897
3967
1147
1108
6051
4341
6329
3376
7058
1490
4365
7157
6727
5740
2702
1936
5636
2231
6433
1357
6528
7929
4984
8000
2254
7249
651
5925
351
3536
6917
5914
4744
6032
4670
3030
4483
5918
6126
4868
4863
320
2167
6599
5987
119
7702
6693
87
3472
4603
7606
2927
1582
2347
3064
1463
1406
131
4907
2200
5702
1145
6926
6914
1035
6007
6694
593
4025
6541
7120
3065
7969
1646
7532
7052
2922
7007
5199
236
4084
4630
7685
52
3298
4602
4478
853
5790
1282
6240
4719
6700
7099
4580
1095
6160
6037
5589
508
1556
1297
6921
7520
3372
3564
862
4472
4434
7659
2943
6769
4674
3077
304
5368
3509
1531
4634
4756
6007
6808
7722
4975
1239
6135
1911
1243
5040
3036
4277
3359
2417
7266
2324
1080
592
6610
1114
933
4633
2047
309
1302
3765
2262
7726
1992
2762
6558
1990
2293
5783
577
6731
2668
6025
4550
3134
3653
4864
4940
5564
6492
5251
1859
4488
6952
4087
3450
2425
7441
7746
1472
5091
5287
4639
3556
6964
1532
1000
2349
6216
4132
7846
1200
1944
5250
2580
5547
6068
5102
4903
696
1900
474
857
6527
7321
3796
6448
2241
5172
7516
3731
6934
5264
3765
4490
167
5979
1137
6013
3374
1046
7853
3607
7059
5870
4272
6550
5392
1184
4979
339
2447
4378
1252
6150
1897
392
3270
731
7264
3738
7388
3304
5067
7218
6901
5830
5743
6985
1699
595
2832
7336
4949
30
658
3138
1159
3444
2090
3785
4978
1151
5283
4264
1943
2311
7996
6434
5300
1244
4246
4528
1259
5965
744
6272
2211
5083
7724
7995
4726
2243
1599
3354
5477
2790
1571
5584
6175
946
2140
4280
1011
4994
5805
6066
470
3198
7625
4624
2066
4466
2630
184
1410
1001
1445
6665
4179
5527
4185
1254
4406
1038
4510
3303
3699
7358
6627
2153
1197
818
4194
4242
5093
2443
92
1792
1628
3341
4517
1887
5395
2036
4697
7244
6619
7337
6451
3775
3008
3052
3629
5642
5637
5246
7386
6564
4587
6084
4666
2603
881
1408
294
5807
4394
1419
2539
6393
5393
4339
1438
7765
1562
1926
2828
559
350
2304
1239
32
4546
2730
2472
3863
2825
279
7593
4910
3523
7505
1141
1934
2496
1774
7839
6607
3317
371
2255
5110
6979
582
832
3595
2237
6947
3781
1385
6808
7917
1347
1666
6829
7143
7098
37
1478
4535
4436
671
6060
7640
305
5748
4729
5966
1370
1194
2394
5060
6734
7083
2085
3714
6247
1481
3327
6664
5830
7954
573
5775
5064
5523
1682
6587
3740
3583
6540
1940
7346
7336
7926
6916
7667
1484
7286
7597
459
3208
5620
5008
3071
2196
13
3802
4265
7338
7357
712
6235
4865
1863
4744
1478
6525
1204
6357
5453
2516
4986
6257
6896
1787
6072
7033
5190
1042
5142
262
2073
5160
1315
7693
5042
7174
2270
4435
386
6592
1252
5069
6775
799
3096
4701
637
450
6193
5780
3091
6761
2920
2419
7564
7599
4510
4395
399
6011
6950
2302
6885
5466
4799
4476
297
6277
4373
2316
4382
3915
7248
4753
2368
7105
5747
1170
593
1943
2045
3454
2899
3787
3978
2893
3946
295
1834
5590
1971
677
5061
4429
5405
441
171
2669
1643
6657
5185
936
4717
3464
3164
4104
1049
7901
1608
6683
564
5864
2561
5630
7897
2835
4839
7362
5097
103
7968
1472
3526
5147
843
321
7625
3737
4176
6739
7575
5316
6498
6885
3438
7778
5144
1465
4718
4583
2894
776
2038
317
5655
7331
5162
6305
5791
1711
3301
6643
481
268
3797
3789
7039
7301
4989
3965
1977
3065
5422
6712
3226
7541
2191
4005
6306
1540
943
6507
7081
7529
1374
1793
2923
4569
2348
3318
3202
7672
2866
6736
229
2969
282
6616
1577
6424
5296
3087
3460
1704
3177
6645
1976
176
7830
7713
3356
3098
6877
1770
6690
4397
1170
5168
519
3601
2210
4806
1716
6150
5916
1905
7705
2588
7580
2624
1051
5466
269
2108
5023
3640
1706
4362
5024
2810
3599
7458
3713
4270
6380
3470
5604
4636
4644
6228
4020
3737
2998
4900
33
6474
1466
6098
6726
879
5186
2642
3243
1010
3279
6906
7734
2792
148
2585
5530
5030
3795
1719
5848
6964
3735
6559
7689
7896
5393
6650
3490
3508
75
7903
3004
2440
3907
5122
665
4990
4679
6855
3625
1746
4950
46
7412
4353
1919
4354
2912
1572
285
27
600
866
6666
5412
2027
3729
4147
4646
6114
2873
245
1211
2796
4206
6018
3397
2648
1924
6734
1883
606
2283
6936
3643
4332
191
2965
7947
4312
1236
3040
7038
7903
2315
4943
1532
645
792
824
3621
5441
6270
7286
2809
4298
3193
376
836
840
4348
7208
3702
3037
6535
4945
3440
3643
4332
6883
2629
7579
5555
718
7910
7267
6209
2073
220
5467
4719
5436
1789
6553
2727
4462
7998
397
2989
996
1774
996
3280
4381
3051
5151
6715
2531
7355
2256
1820
1201
2263
1397
4096
3855
7924
3361
243
6531
117
7570
3615
2020
4361
6930
6813
5324
34
1697
6524
4676
1562
1378
2015
377
1422
1591
3668
615
5911
4505
5336
6723
3552
2531
910
3799
2304
113
7071
3900
3396
3879
7391
5866
2995
902
5020
3159
6103
1909
1906
7334
1405
2179
5448
2475
7975
5630
6353
1178
5763
2416
6071
6952
4177
1976
2120
4824
1436
1000
4113
7544
638
2954
7824
4495
3911
1353
6179
6722
4304
2244
7818
4166
2539
1795
7919
4015
7085
7796
6428
4248
2811
4080
5574
2975
5355
5129
3311
2318
3716
3412
983
6292
106
6531
501
1642
6440
2121
4171
5906
5578
2884
1050
3124
3442
1115
690
503
4244
4316
1122
6644
3155
5437
4597
1994
1308
1688
5865
39
6340
875
7324
7956
2977
5370
6805
4117
1434
5227
5824
3224
7469
2009
2477
1799
5053
639
4440
6816
7222
1365
7613
7184
592
3815
4589
6860
3655
7767
6637
7994
7282
800
4836
7928
6364
5050
1496
6744
5886
5212
426
5810
2849
5354
2143
1545
2359
4862
1085
7214
6480
7723
7927
5442
2288
1077
5587
3704
2294
6201
7123
1884
3607
4093
3393
4145
5769
3870
3881
6083
4460
2378
1464
5857
3798
583
2947
7659
4697
6525
5843
6440
1056
3888
5402
1046
3416
6776
873
6110
6930
919
5292
3601
2036
3074
3243
1339
387
910
4259
732
4471
3638
4136
6736
3512
1466
6846
5999
7800
3
4597
7360
529
6812
4869
2122
1076
478
4671
1935
7328
4354
5307
383
6862
2798
6501
7591
5401
5358
3609
3038
36
971
6395
625
3569
1722
1965
849
3505
1915
1050
5864
1422
6859
5758
1117
1029
4795
3961
1213
724
4006
2100
7956
6190
5435
5088
3794
62
5348
5407
5431
276
7864
4605
5578
4434
6669
2411
4252
6303
6257
6208
2780
3364
1521
2629
3801
608
2082
2719
2773
1660
5172
5742
1172
4738
4965
4100
2948
3824
2507
5185
3413
7520
1795
370
4272
7600
457
4369
6452
4162
4322
943
1410
4778
7002
1637
7308
3075
548
7521
434
3983
4396
5225
6756
6093
174
6847
7950
110
5157
5557
6406
6978
1163
313
6304
4938
3670
3300
4527
7394
3470
3427
5654
5132
3865
250
3430
4719
1584
3778
5875
5884
3774
6088
6355
5007
6718
4357
2973
4856
3055
4976
3992
5696
4797
3259
5638
7347
4444
5904
6923
587
4789
3159
5425
4020
1347
5425
5966
3662
318
7237
1401
1417
7668
2272
7036
4823
6521
91
3433
6993
4402
2688
3346
1093
695
3294
2604
7077
5016
4343
3855
4806
1311
3427
6706
2753
7662
549
1754
5149
2041
749
3444
273
1654
504
4990
2273
7064
7201
5024
2944
4674
2558
1769
1016
7275
4603
5401
7437
6866
1947
1063
6141
983
4129
2477
2699
4642
2648
1319
6163
5974
5837
1325
454
452
6499
2601
266
2102
1615
4019
5405
3481
7740
6785
2469
5464
7611
3846
7811
4773
6010
4748
1955
6249
1560
5090
2969
7074
6256
7291
2710
937
1897
1510
1886
1892
5147
2064
108
1647
4720
1945
3018
904
4975
3163
881
97
5118
5479
3545
3099
7016
7813
3207
3371
548
6296
2210
7581
4230
6067
6443
5838
7864
1573
7098
6048
2486
4397
814
5466
1525
210
4480
831
4965
7210
2447
4265
2245
5977
7381
394
3721
7199
5473
2700
7552
2862
7660
4629
2605
2796
2594
4896
7639
4343
2232
7998
3008
4859
167
2130
257
3399
1541
6453
7258
345
3171
177
6299
4609
436
1390
1467
3667
7400
3292
4035
6199
3669
3355
332
1001
3900
2604
3195
3406
2829
3889
4699
3943
4735
692
489
2781
7184
4901
3788
1503
6174
6654
4740
7612
7586
3884
2695
3705
6585
5917
5425
7273
355
3772
1034
2160
2291
7736
2011
3400
4573
6616
78
1629
7508
5600
1545
4443
2711
4179
6864
4366
1869
3739
2956
4321
6996
1199
1327
4257
4219
4268
2405
2185
6286
2552
6697
2737
3322
6435
4964
302
3461
4508
480
2420
2605
4675
4560
3864
4498
5692
1698
1103
7847
5937
7188
2106
4289
3214
920
2756
1892
7513
5854
1781
3907
6799
6573
4571
7875
3455
2950
3557
807
6003
6599
1353
4373
5853
6281
7437
1398
1003
5960
908
4500
4447
446
6871
5542
69
6782
1252
5248
3989
4199
4945
2964
526
2765
4458
5087
7645
1361
5571
4473
4972
7834
7653
5178
6137
5725
7304
7588
6682
4013
5395
3335
6496
7056
6878
3714
608
1252
6654
7071
3311
7605
6840
6129
5858
7916
2328
5515
4288
6735
6547
716
3537
3043
228
2199
6397
798
2796
7259
7015
363
5826
6715
5822
6731
1494
1428
4163
3680
951
6525
1982
3099
328
5960
2508
1657
1758
1343
2966
2264
2467
1171
1067
32
113
2597
7601
6940
3199
932
4823
2012
3498
6337
7369
7900
4040
3853
6127
4605
3384
7766
769
4150
7599
168
1871
2680
7228
3840
5341
6852
5170
4597
5756
4648
3126
1038
1074
1897
5266
7173
561
75
6707
427
4524
4645
1405
7806
4225
2893
736
6872
1239
4378
2208
7521
4739
6815
6413
7617
256
6656
1484
269
7838
1736
3300
4217
667
1093
2975
83
2240
6829
495
2560
1713
5055
400
3776
5848
4261
3348
7611
2312
4489
2292
5332
3268
5752
7260
6989
230
3233
4590
6609
338
2847
6277
5518
3385
3713
1328
1352
808
6176
346
3566
488
1723
2846
3931
7354
1623
5854
7828
2380
3747
5647
7283
3360
398
1067
999
3786
2632
5091
7037
4663
6357
2753
6681
7147
4302
3124
3609
696
1610
5135
650
6949
4667
6428
4384
2676
3008
7919
1358
5097
7063
5848
476
7181
3228
6742
3623
1875
5866
508
2919
2625
1055
6541
7943
7623
4987
4478
1596
6896
6402
3738
3264
3171
6307
4829
2262
3714
2117
5070
3758
14
4596
1460
2638
5619
7154
5431
5048
3214
5756
2615
3678
1682
6665
540
9
5230
6068
5748
4435
1600
6150
823
1963
7246
2906
3993
5240
36
3707
2706
2206
2464
2767
7362
3490
6305
5067
3989
7417
4963
4366
599
1611
3500
2484
1914
5498
438
2028
6464
6557
6120
1122
5441
7267
794
3519
6951
7657
3712
7715
7227
4618
2566
136
917
4322
1118
6766
3489
1157
7477
3667
5602
7635
3147
201
6954
1810
5281
4021
6827
1251
643
43
183
226
5973
7810
5106
6963
2049
6292
5324
3864
4319
6972
6428
715
5290
148
6594
6711
6777
1406
7914
3155
7500
3664
881
7491
4503
5568
5314
5324
4118
4412
5375
1800
1835
1803
7196
6355
2456
3024
2315
6905
6632
378
1044
7428
2516
6509
1054
163
4316
7201
7151
7781
5986
4918
782
3542
412
891
3771
1583
1535
552
446
6678
5569
4994
6370
617
49
3157
4931
5789
2212
7711
4658
2934
2920
5159
5531
2791
6321
1892
2017
2657
4259
547
4957
7332
2407
5958
4135
7493
6477
3404
4769
1253
1682
2420
6396
4802
6508
2125
7626
5562
6141
3451
3106
2887
4729
2159
4724
6630
5348
6762
522
7271
7870
7174
6859
6992
132
6868
4600
132
1487
5154
1188
4634
7030
6287
781
5752
7554
1176
2247
4214
6240
5683
284
5704
1766
7316
611
1044
1619
396
2605
3668
4524
680
1170
835
383
6205
4525
4218
3909
6579
2361
2847
1289
2850
4397
5150
3887
2047
212
6677
2573
6226
2560
1268
3667
4522
6163
7064
726
17
1384
3011
5033
4924
4318
3862
4586
3234
5984
4865
4142
5431
1185
3881
968
6889
7042
375
4254
3224
5533
3969
2935
1823
4956
4162
1916
3631
2865
2389
1993
7511
6115
3503
3903
1195
4697
2673
857
3359
7265
836
6488
2901
7964
7329
1508
309
901
5931
5858
501
6533
1902
3210
7894
6936
3266
2453
7548
6983
1660
1043
5658
1490
634
5143
3649
6663
1890
1148
1609
1364
707
3394
4557
6643
1034
5209
6193
2952
348
3224
7094
2770
6920
2921
6545
2699
5311
4624
1935
7589
1952
5600
1385
5091
2550
7078
4946
2264
2140
3778
6980
2042
2318
6550
3827
2498
1816
6535
6294
7815
7987
3468
2452
5729
3148
4377
1507
324
3537
1641
6278
6158
7320
5001
1537
5086
431
1506
6203
4930
428
4419
4046
5175
107
7565
4795
6131
896
6946
4096
7070
611
4386
6636
6197
1458
1491
2985
4870
1583
3613
797
561
1022
1219
7670
7329
7619
1445
7738
3309
2776
7433
3808
341
842
3094
623
3247
4549
5978
4882
135
4299
7442
3433
7968
5572
6166
890
3836
6979
6291
4297
1490
5939
4357
1750
6986
2592
114
4647
2891
5085
3591
7429
3479
3584
3897
480
3285
4264
5526
3971
1498
3433
2708
2693
3709
5102
3152
3542
894
3717
1075
5816
460
1094
4144
4152
2359
7933
96
4103
4814
7773
4245
2423
985
7568
721
2577
5763
4382
7557
2025
5646
5629
2977
5900
5116
6495
5523
670
5186
2989
2186
849
1245
7702
4664
2829
2005
5594
7578
4134
3313
2020
7630
7324
6827
94
4604
1129
1742
2600
5932
6002
6615
4349
1481
148
1918
4475
2530
5789
3986
2167
564
4557
481
1840
2498
7011
120
7809
1690
5634
3564
7091
1422
5183
5482
5438
3854
4482
4606
2672
1376
117
3908
3681
7561
3871
4596
6865
4063
5724
6258
1733
1382
7663
3212
7208
6742
2753
6961
5784
6038
2185
1304
4397
2752
7547
667
5859
2517
5942
927
6367
1515
1905
4155
5257
2557
7350
5649
11
304
2805
4946
1752
496
35
3375
884
245
3183
22
1663
1192
114
4095
2250
743
560
751
4435
5812
3276
837
4268
1214
4155
2815
2732
2221
3475
2257
7219
7400
7087
975
1048
7120
1729
6260
970
6580
4776
5819
5001
4499
7481
5640
3668
7792
2167
362
5596
6839
6896
5920
7359
3545
2990
848
1255
1685
7816
4903
2476
995
3103
6630
1289
6999
5336
2330
5384
3016
3682
5712
2079
6095
7540
7450
4271
3076
652
3863
6127
1867
4598
665
450
6497
3979
1846
5236
7789
6668
5147
1402
478
6894
7063
4849
1457
7951
4648
6616
3626
7137
3364
3166
2045
7906
798
808
4807
1573
7719
2298
5416
4027
3311
3914
540
5885
3332
1428
1752
5160
4837
907
2350
2857
3090
609
7125
420
3432
3692
5185
4580
7782
1812
2127
1645
5875
3261
7905
3312
5175
399
6361
2903
4640
1271
5111
2459
4945
1634
1281
1132
7452
1776
5695
5835
7758
5035
6381
3727
4574
1849
6124
6178
3016
633
2613
4252
3966
3394
5942
3605
2459
4209
6864
146
5212
2670
3548
6158
4553
4180
2463
5413
732
4786
5078
6394
7237
5880
6353
4680
238
6910
789
1695
1043
2083
5343
6168
1541
4135
1999
2225
7005
6225
1521
4106
6253
7809
7987
7669
1921
1882
509
7586
439
632
4055
4811
2900
4145
6497
5561
5570
1938
4935
7972
1046
6559
4896
3724
2454
919
6269
6127
1911
7541
6526
3398
3692
886
5445
1999
1560
1271
833
6082
921
6772
6778
5406
5351
1017
338
3651
2500
1962
7424
4554
6484
4541
2508
2357
7187
2187
3231
2566
1040
6582
6832
3100
2778
3392
6398
6352
6767
4215
6298
3260
534
1332
5790
6726
1508
4698
6184
2136
123
4592
5333
77
6957
4414
1289
44
1644
4967
4933
271
2738
1379
1925
640
2604
274
7470
6075
1966
443
6029
5835
5392
5049
3846
7058
4928
3821
5487
1106
6975
1965
527
5301
2750
217
1026
7436
1871
7576
3246
3483
3626
3842
6820
639
3937
2608
173
7525
7382
5777
6975
6498
4774
7632
3417
6945
7790
5637
7718
296
544
2863
1660
4745
5278
3891
6691
4256
4090
5907
3829
1912
4527
1812
7773
587
7697
2215
884
6770
3033
197
6128
5044
4222
1840
4965
5146
3494
4871
7858
3883
4728
5824
7587
7598
2818
2988
1025
1745
1634
3628
2145
3989
2924
5781
5102
824
19
7114
121
6494
1665
3514
745
905
4803
2699
5949
6390
3567
7690
1109
4536
2392
5950
2122
1039
3273
172
7739
3872
1863
115
3084
3155
6703
5637
2884
6766
3147
948
3843
2949
1572
771
6805
2145
6130
4679
3205
5927
3102
6551
7684
4372
2492
7817
4585
6935
7911
5569
2397
4969
5033
2138
7455
1416
1989
6562
6418
3449
4234
7572
5607
7302
1272
871
3075
2058
5677
2420
2780
1234
3888
2768
4555
7142
6365
2541
907
1326
7542
4918
5096
3929
726
862
6277
3363
2749
118
1932
1244
6468
2920
1026
2485
5404
5051
1126
1058
6510
339
3226
5885
2443
5503
4229
466
1215
4319
5857
2887
1763
2386
5750
4520
7970
3972
4586
894
4758
7098
6559
7174
4954
4110
7940
3982
7469
178
6231
7875
745
694
6659
2190
206
3793
7209
7445
2898
5181
3115
1365
2842
6843
4359
6695
2450
2638
570
6096
1440
7880
1053
402
6012
1579
3304
536
7585
1063
5631
461
5773
2401
6444
1517
4890
3106
3914
2794
5743
4666
3394
385
7148
5767
2576
2442
2291
3229
5548
7797
1883
2080
2708
4519
6147
556
4210
7829
6921
4906
4128
7595
7397
640
4142
7019
1838
4640
5158
6978
6515
3550
339
1333
2791
6010
6863
1316
4012
1105
6543
7573
7167
5590
7452
4768
3560
4677
3426
229
6269
7426
2583
3091
5032
7695
7544
2690
573
3644
6092
5786
6764
1269
927
4863
2224
1945
1448
7862
6014
4129
6505
4991
5433
1987
4396
4312
1166
4494
7375
4468
7086
4260
5374
3121
1935
7131
6001
3574
1990
4373
6210
5599
3037
5490
6286
3350
6404
7759
6770
1129
2202
2461
5428
3405
390
3559
5371
5321
3689
4442
2941
3135
1224
3034
3043
6511
6179
7642
2386
1339
130
7222
6601
7323
4904
6268
3178
2257
7519
7888
3893
3168
2532
2154
2671
7704
1202
3790
4750
2837
2735
3837
5395
5786
6912
3506
1845
1569
3888
7618
5461
4275
5759
4316
1464
5818
712
262
4863
7390
2047
5263
2033
5280
650
4302
5306
641
3993
4493
3084
441
5605
3039
4439
5492
1561
6804
5117
7622
4921
6319
735
545
2997
2994
1534
6849
2419
5971
4608
7850
779
5800
4668
1674
2365
2009
815
3544
7112
7960
2675
5865
4125
1283
3688
3477
129
545
7091
6993
5715
3708
1084
3876
6871
854
6588
6105
6973
582
1819
650
7442
5927
1323
3736
7612
4694
3401
4737
606
7149
1038
2533
2138
4530
590
2404
633
7100
6336
5036
2492
4126
5081
2726
2399
717
4111
3231
1297
1550
2394
4762
6633
6842
1969
1123
5876
1943
208
675
2501
56
1758
7545
2841
2290
2192
7644
2729
5754
4601
6141
5093
5369
3118
7971
4984
7499
7073
244
7850
5440
6210
3211
1986
5867
6989
4245
6675
3173
5613
6918
2425
7032
7472
4835
4549
6580
6072
7958
1508
6109
1782
344
4692
404
5874
5534
3644
4295
5989
6506
5846
819
1314
5549
5825
7063
1087
943
2676
2930
811
2703
1192
6041
7119
4176
2661
2758
7579
1725
7293
4731
3354
4256
1821
1675
6501
5420
6647
197
2515
6177
6720
5698
5133
6812
7998
232
4366
5411
6716
7388
7447
875
1942
7888
7601
3114
2992
6738
86
1683
1164
2989
7364
5594
5391
2581
757
6602
1048
744
5157
3474
7243
4425
5402
4670
4367
1532
1710
2813
5850
7723
2471
3904
2436
6807
2597
6031
5117
4363
6281
3810
6620
2785
3695
5760
6979
7731
5966
3079
2312
3673
3810
962
2695
6897
3497
2899
7544
3437
7027
1996
4319
1933
4923
2129
3222
2075
1184
64
5712
1831
5594
2595
758
6818
601
6282
1777
3020
6467
4708
4695
