4914
5572
395
210
4873
6548
3313
7734
4178
2182
3807
3150
2538
1771
2661
561
4566
7530
2008
1432
5711
1553
6198
2254
6839
5784
7865
7640
4876
6484
2509
3311
4335
6225
2865
189
2194
2023
6857
5203
3602
336
3625
6878
5465
967
947
3891
81
4616
175
7836
1045
7391
4314
185
2781
1158
380
3427
1281
3594
2977
7218
7259
1723
4261
4887
666
4970
7187
2428
4704
5920
7529
2396
3986
7599
4647
6649
6541
6112
4874
2777
4075
4635
3277
1193
5332
6976
2336
633
5972
3647
4878
5048
5051
1674
6088
589
6751
342
7993
6843
542
5741
3307
6631
2777
2406
5312
2738
7324
3518
7049
5139
3705
6419
4642
6898
2181
404
2641
478
2883
1762
6373
585
4076
6853
3631
455
105
355
2244
5838
1107
29
7259
5396
2771
6796
6102
3638
7628
5683
5234
4745
6048
3973
5938
960
7956
770
1549
1588
5292
7251
6010
4915
7523
7695
5982
573
2747
2288
3114
810
2458
5793
4930
3741
879
527
6682
2181
2959
1380
2003
1076
5633
2924
4963
1427
4869
273
6347
1198
1020
2743
6098
4730
7062
5639
3599
5069
3958
1857
829
2380
6454
946
4747
1578
1785
6875
3931
3564
4732
6960
5970
2570
6942
5930
2146
2459
1455
7911
1679
2100
1636
2672
376
1488
7699
7422
1054
6658
1226
2630
5760
5905
5346
3023
1167
4558
6241
283
7640
6909
4269
1710
6970
7996
1262
7711
2150
1012
5321
2502
7021
6787
6846
2214
6729
4695
4079
7919
4115
470
7776
583
4572
7089
4145
3843
7081
4308
5890
7262
7947
2436
1056
4969
667
4785
105
5938
6181
1423
855
2613
2544
1074
2413
4491
5309
902
2239
1040
3542
7265
5207
4730
3635
3011
642
5322
5807
491
1460
5583
3224
1755
3235
877
946
6982
6542
7706
4386
676
3763
3571
4725
5694
419
17
822
6112
1837
3597
7272
3473
6062
6152
446
6454
7801
5644
3385
4710
1793
5440
80
1074
7576
5326
2685
182
3100
118
6801
6427
3529
4112
5928
6204
4711
716
6007
3314
3555
822
1982
5603
7260
4793
906
4153
405
573
5912
2097
2779
2492
3519
404
2210
7995
38
6256
2750
3130
3870
3239
5755
5632
716
6851
74
4179
712
696
6982
3321
6271
3232
4227
5321
2296
4983
6530
4117
64
7373
387
3428
2280
2332
301
221
2007
6674
2643
930
7701
445
5745
4195
4790
601
4298
1686
6655
5147
428
1508
1899
1341
6191
3201
6919
3509
2458
7744
6287
5535
3336
3969
3601
3283
5148
6257
5384
7046
6490
6562
1933
2328
4974
4195
7173
4886
839
2065
698
3395
7136
5582
3959
1276
3003
1467
5228
3703
3089
2691
3238
6513
5152
7907
7331
1732
296
4225
3960
7566
2405
2858
2121
4354
7150
1226
2509
5019
4169
4264
3307
5847
4475
7324
5940
3445
2
2170
6566
1625
162
5309
2994
5407
6076
3515
3741
1827
4138
5338
3115
7039
5841
1481
3017
3259
3707
7723
1667
4708
3857
7245
5791
7749
1818
7064
5206
7140
4865
5042
1441
4086
582
6668
6662
5404
7434
4617
7283
940
2606
1942
391
7011
2487
3559
2168
946
5153
3788
7064
2474
1961
2890
1250
3783
6248
168
4988
7737
6533
7210
7929
1430
1213
3224
7722
1913
1216
7175
4882
2697
2717
4960
7602
112
7117
1655
1099
3693
4772
2079
3927
908
5003
7613
2176
4910
1954
1316
3361
1067
5419
6338
7999
1517
7485
969
7054
4238
1875
2950
1989
2276
4026
2073
6928
7363
155
2002
3299
6604
3195
5610
5341
5797
883
2550
4722
5566
5645
1714
2758
4450
2010
3300
5295
7712
192
5851
1128
2385
518
6
2873
3985
6015
832
3211
6097
236
7417
19
481
4816
4572
7366
4927
3934
3779
151
6496
6439
1957
4134
1697
6547
532
3215
2421
7928
2128
5368
6141
265
3198
2750
5848
541
66
5792
4827
7484
3294
3751
5050
2252
3176
6788
7343
116
1241
7352
7470
796
2536
7534
6533
820
5652
4493
5533
4845
556
4608
6138
3800
838
1964
3382
5100
5956
3667
5898
423
3491
5309
3452
1337
332
4964
100
1370
6551
6354
4326
1377
2796
6977
2019
7032
2707
91
3578
6106
4863
1169
1624
6306
2993
95
6642
5002
6036
1106
7689
6619
3376
2839
4920
4415
1127
5044
243
265
3349
6407
2024
2492
1950
7407
5994
1446
2482
5913
2481
192
7592
185
456
3169
3497
215
6610
6035
5484
5262
2792
3735
3530
6148
7317
5428
7068
147
7867
7554
5703
7781
2924
7401
3732
7406
4901
2917
6232
620
198
1707
2408
606
1340
3829
5736
4505
4413
5100
649
1793
4235
6013
1739
7998
2017
1658
1497
3150
2228
7667
2660
5928
4546
7793
6818
4135
7869
5065
4959
1847
5151
7846
38
4441
3193
3125
7319
6328
6552
3570
861
3751
6771
5847
981
4663
6466
5071
2221
4064
1228
4909
2411
7037
5550
3330
1097
2433
3615
6661
7556
5628
3302
6864
3468
6766
480
4436
1353
2437
5374
5940
7538
529
2298
4395
6167
375
4723
3106
6039
4629
4154
6826
5166
2048
4066
5619
226
6294
3576
3336
4116
5997
1446
6774
1195
4671
6893
2780
2675
4619
1038
5496
2308
6738
723
6000
5385
882
6639
5316
3214
7109
3589
5399
7336
4063
5311
6238
7602
4354
144
601
2844
7547
5374
2898
5659
4219
1781
2414
5963
1615
7008
5162
1065
6389
371
3524
1220
5985
7620
2509
849
2653
4434
2253
6736
7737
3193
3384
7860
1559
7809
6421
3300
4151
7025
546
2247
7273
3703
5426
4559
6396
2206
1171
2364
4055
1104
1784
6656
4745
6
1532
3926
7979
4341
4856
4696
6080
4373
5475
40
6926
2318
1395
1693
2866
6801
2333
3901
4462
3191
4217
569
7078
3990
1682
2144
2368
7540
3367
4993
3285
4538
5955
3586
3469
5974
2972
3148
2691
1804
6663
5855
3715
5780
6140
3626
7735
7445
7512
7003
4854
1957
1822
6660
3547
2633
940
6339
5544
2396
1876
548
3508
6317
7712
7224
2771
1794
3121
4895
2806
3450
4976
3630
7188
5127
5526
972
4331
2354
327
141
4555
3810
4500
6087
5647
2503
3782
2988
5615
3542
7966
528
5879
676
3402
2859
2378
7499
2212
7427
1809
4238
3759
4618
5752
5689
5320
6061
3356
644
3606
3603
483
3112
4445
2904
6687
891
2224
4151
1288
6903
1425
2778
468
5036
7098
592
1626
5999
4744
6964
4411
3261
263
4006
229
7894
6334
1547
540
678
1833
6417
3394
3497
7990
6079
6958
5660
5831
3122
2727
7221
1627
1257
316
1636
2643
1206
668
5959
2829
5677
4099
1310
2951
3262
5942
4956
3488
3188
5855
6215
3516
2658
6487
6457
7701
5990
6176
6425
7997
5807
6364
5693
5691
3068
7366
1034
5703
7493
6548
5565
7524
7991
3299
6260
3050
892
343
6840
6973
5378
6614
3017
1755
4231
7326
952
1981
6568
3327
2366
6851
3928
5058
2916
6463
1731
2054
6892
2028
152
4845
1637
4424
1027
7221
7576
5835
1567
6958
2890
520
313
2448
2060
7123
797
6445
3535
1488
4701
5052
6212
1925
1658
3715
2914
5461
1465
2374
851
696
600
1453
6995
6988
5983
2910
4000
4842
1208
4532
601
5948
440
1847
2291
1994
6113
4119
1376
3589
519
137
477
3799
1179
6886
7247
5169
1794
3091
260
4744
673
4400
1279
1679
7016
1711
323
2665
7383
1447
3041
904
2783
6907
5092
2568
3303
3362
6361
2818
5988
4817
4015
1211
5764
3760
5266
4833
7129
2783
4392
2348
7149
1546
4519
6194
4947
904
1349
2365
3833
150
3897
3107
2260
3044
6405
7060
5275
2036
3176
4582
3441
5716
3586
4640
6196
144
4523
7335
6256
7252
3695
5183
6743
952
6429
5345
4835
7112
4708
4974
2097
1287
7651
5402
5230
3132
5693
7627
5199
198
6353
178
700
5386
6188
3251
596
4427
322
2988
1422
2551
6874
774
7551
6647
3935
5796
4875
3903
1984
2175
6243
6037
1361
2339
2434
927
3509
4576
6121
3471
677
2475
6442
6641
932
115
2344
2790
4260
4960
7855
3409
3989
407
7152
5933
5653
4392
4952
1922
6364
264
1946
5400
5754
1833
1942
638
5725
6669
2811
6433
2303
3526
6255
274
4307
6983
6932
5045
4289
6190
7460
3232
4052
6037
8
711
5033
2877
6496
1892
4503
3711
2897
6898
1193
2569
5590
5152
6936
7092
2556
522
5855
3391
3652
6446
2044
7797
1934
2849
4802
7205
300
7789
420
3677
6485
7019
1992
4982
1611
5691
3140
5818
5802
3310
3915
1066
5801
5944
5351
6235
2591
4697
3081
6457
1465
5236
1067
2590
7882
4223
3540
594
518
4104
5148
751
4399
5157
4819
521
6015
4570
293
3558
3994
3301
7424
6615
2453
2973
7326
977
1676
5627
7187
1325
2556
3393
5214
3680
3578
530
308
5001
5704
150
3575
2783
7466
85
7614
6425
5169
5686
7421
7484
7220
2450
3623
387
5534
7982
7995
4686
374
7863
5198
5317
1063
6848
7426
2570
3221
4043
999
3807
1650
4971
3104
1960
4901
2012
5321
634
4264
7170
7874
6335
2248
6176
6187
2172
37
5641
1505
7392
877
3819
36
7548
7082
5896
1633
2480
6313
3846
4194
4043
7952
277
7764
7281
3184
6382
1910
5920
540
538
5174
7900
274
5215
2545
6806
3612
7271
6903
3563
446
2154
2630
114
2535
3141
3284
1356
985
7753
4581
6026
5058
1259
6019
2440
4573
6133
6956
801
3686
5145
7556
5154
4211
2861
2005
518
5685
2862
4202
2310
7853
5796
7355
5284
6961
600
6815
4944
4327
6874
4954
873
3868
6167
4351
7337
5287
1056
5342
4080
2917
7684
5873
6379
6835
4444
2570
4037
6040
853
7117
6655
7531
1932
5692
2943
4054
51
4701
4024
5904
7102
4027
4793
1932
1670
1642
2615
2084
3757
3536
2191
939
3699
6740
6015
3007
6531
906
5470
7619
293
1594
2454
5761
6689
4664
1636
6426
2263
7966
5529
7316
4349
198
1535
1072
7119
2369
459
2565
6325
3418
7889
6294
5979
1159
3172
5499
5308
4353
2231
4970
4334
7138
7653
2533
7137
1835
207
3030
2254
3424
3440
501
7654
7300
3887
1120
6388
5405
41
6802
2736
4294
5875
6929
3664
4316
3255
1939
5169
5002
7390
6127
1389
5741
3698
4767
1883
3408
5250
7438
6119
305
4994
2818
3143
2429
5732
6993
834
7718
7060
5354
5623
6246
2258
6810
390
2303
2420
6536
190
5654
1125
4074
2203
4854
3886
5538
6135
4955
2727
4960
7093
1360
2622
34
6491
7794
1508
7799
5212
7049
2912
568
3157
7566
2851
394
1757
7167
4351
6060
5364
7144
6560
1653
5310
88
6190
2502
5639
6590
3104
6446
6254
48
180
6374
7437
2753
217
430
2482
2427
4935
5383
4412
3426
5106
5097
4913
6587
5422
589
5840
2606
1916
5761
2314
4147
5328
292
299
4942
5267
7311
4429
6179
5753
3709
7506
1682
1774
1460
1471
3413
3954
2933
5916
4183
7959
3829
3656
5260
4445
335
5378
4359
7528
4186
5975
4225
6067
1236
2948
5547
7041
6761
4988
1763
4518
2905
1302
3136
7369
693
7849
4191
7475
7488
3930
4470
7709
5918
5045
4493
7299
7696
5198
844
675
5391
5292
2363
6494
5024
5570
4375
5869
6784
1539
7158
280
5289
6269
5984
5965
4019
2471
900
1902
3874
6131
1920
2794
6947
4024
5966
1229
2490
5395
7017
3093
3458
2276
1068
1403
2044
448
5639
5940
646
3031
3313
264
460
3981
5686
7881
3016
2933
7195
7913
2642
4224
826
107
6458
5742
923
2625
4431
5593
1018
951
5561
6711
1471
7655
1092
5156
3474
3390
984
733
4107
1790
2008
533
3451
6929
2456
5650
1349
3804
2909
7206
3712
4708
5833
7801
4837
3266
4317
5581
519
151
6119
2982
976
5197
6831
1525
265
4498
803
5781
762
6209
7994
5773
1245
5076
4451
4618
3216
7188
7512
7575
4319
3610
6773
7407
2808
2635
2177
1873
427
81
1399
7351
3069
4571
4561
5718
5222
1089
5495
629
3071
1776
5619
2450
6299
1693
4592
154
726
7911
6043
1834
1591
4565
477
5993
1173
2138
2255
848
24
2089
3357
305
664
2112
7879
7804
2368
4476
2804
1477
4281
4074
5921
1720
3440
4772
1422
1289
7152
3782
1968
6351
735
1462
4921
7012
5766
4949
6233
3046
2245
2219
1850
7658
4193
392
5466
6306
1804
7122
347
1963
1445
3132
1179
3593
2729
543
1706
7407
6599
6872
891
1547
962
3079
5152
6014
4277
1149
3163
3212
1617
1304
7717
7118
1296
7512
5503
1552
3755
4023
2120
7955
4771
5540
661
5519
5623
7938
1159
4389
1459
2291
2276
3149
6601
7843
1524
6663
4990
6321
6781
951
117
7687
709
5785
2017
7490
5034
7950
3227
6400
7799
2544
7155
6506
7388
5808
1360
1689
2962
1428
952
5300
7677
5442
1740
4025
1986
2073
4240
6460
7860
1637
7433
4615
482
2914
5365
5550
4532
5211
7919
184
4371
2614
6349
7797
4680
723
3609
639
7987
5021
6119
2173
1611
5500
7913
1497
5992
2130
806
1169
1093
1401
3587
1966
1359
7771
4172
5175
5351
776
7599
3141
2926
4405
1092
4245
5642
3482
4139
319
5126
3346
6715
2992
7043
400
5524
1067
2657
1250
19
2209
2377
7901
7639
6037
4794
779
2061
7277
4424
2446
4122
3381
6498
7347
4572
5362
6477
5386
7911
1136
2436
643
7557
6952
1425
1277
7237
2408
6134
5626
2323
2870
2030
4631
5101
411
345
7621
2467
7667
2647
1536
5040
1044
3329
4270
926
7584
4062
3056
5272
7611
4268
1956
68
4412
5180
3440
3074
1063
1601
5342
3825
1352
3034
5142
943
7126
3889
1160
5590
7028
981
3013
2804
1795
6131
7515
6548
3857
2919
5193
6963
6767
3210
3698
4951
4438
7820
3979
7258
5781
3741
4488
2644
7019
6131
3064
3665
348
7428
3813
1538
2540
3753
681
1322
2213
27
7183
7743
3899
1946
3320
3413
1391
1486
2030
7043
4736
4416
1376
5277
2349
7972
1796
6536
3937
5286
2529
1434
3310
5844
6027
3911
811
4321
6083
6785
4068
4964
3928
7927
3826
4275
7731
3022
2152
5594
3964
2996
5153
1272
6864
5833
5751
3204
2831
2999
1646
6421
6079
2637
3380
5884
3309
2802
2758
159
589
2102
1439
2978
5138
7754
3087
176
7978
7369
2001
3841
2215
6387
4049
3150
7131
7137
5392
5779
7
914
1250
3672
6731
3076
1129
3269
3526
3035
6611
2569
409
3339
3932
27
5255
7901
5388
259
1508
110
7233
1861
5640
3782
6818
4685
6730
701
5346
6344
1415
7826
1056
175
4402
3051
5302
2650
5677
6974
2987
1375
7454
6867
3191
2065
5062
910
1172
1978
1731
3412
1996
1513
5042
3817
7879
6211
1951
3070
2251
6098
5120
4463
901
6370
4980
5441
6119
1253
5137
3006
7643
4103
4331
4005
6743
775
2620
5922
7838
2384
6007
1059
4045
638
5744
1683
3375
3583
4860
7888
5696
7283
2804
2317
517
6759
1656
725
5038
1493
3658
70
6405
3206
757
2478
772
3272
7048
1971
5512
6815
7267
2478
2822
361
5560
2089
268
5586
880
2856
7415
1682
2373
7131
1004
3791
7373
6347
3718
4837
1125
273
5503
1286
6551
2532
6533
1537
2451
419
2244
7283
4699
356
2360
6637
3692
680
2591
7966
3307
243
6603
3300
4863
634
689
1241
6528
420
1233
1710
4876
6227
4061
6105
986
2411
1889
2783
210
7938
2172
6210
5124
6034
369
2664
1889
7976
7
544
3974
540
5291
235
7501
4531
7864
2694
307
1913
3145
2278
6223
564
6101
1587
139
134
20
4167
2951
19
5462
4785
2529
728
6981
3497
3208
2108
1472
5399
7151
6442
5019
6086
2908
7618
902
1360
444
2087
203
1660
4739
7577
4367
5283
1509
7893
6516
7159
4991
1564
7789
2574
2227
2869
2698
4906
4029
7436
7186
4355
4354
4940
4123
3850
7520
5809
5230
196
2219
5808
4659
4926
5737
1315
6240
2743
3217
3018
5219
6016
6913
1749
5992
6925
4387
2013
1992
4002
254
496
319
6430
430
4967
7834
5559
7298
7324
3842
767
7352
4560
3309
4897
1966
4049
1440
4383
2583
6547
2710
2768
788
6762
7555
859
7366
5595
6538
5702
2126
4579
6730
7236
4512
1429
4534
5756
614
4058
1602
3412
2903
6941
5305
5371
3290
7956
2847
7502
5292
6321
319
2446
7011
7827
3217
848
5757
1436
6778
1846
3318
2502
2557
3938
1045
6890
4510
7029
2052
805
5593
3376
7506
310
1847
646
3769
4710
442
3943
2634
2143
5241
314
5767
5262
2456
3185
7490
3293
7210
993
6658
4114
6446
7277
4997
3953
1943
1859
4738
1331
5647
7940
7217
567
1254
7355
7108
5498
1549
6555
6826
6231
7302
3012
6224
4294
68
4902
6272
4688
1235
1256
4608
3101
306
7053
3353
4509
3316
6970
6340
6624
4410
5213
5489
4932
603
2942
6388
4140
4872
1557
3889
3870
7242
716
1154
5564
5657
7443
2657
6366
5057
77
4519
155
6257
3630
7484
5629
3453
176
1380
4725
2173
6354
3144
3820
825
392
6781
2609
4495
5382
5915
6687
7230
7867
7034
1479
619
4124
6172
5990
4501
7392
1226
1878
2883
1130
7103
2433
3937
3209
3982
4389
7762
1241
6892
3350
1851
2023
4361
942
6683
3138
6434
7828
4505
2949
7012
6882
1045
1542
3243
4321
6231
2407
5537
2892
4398
1312
266
2408
3973
5185
619
4138
1347
419
2039
6671
6243
4878
6000
1879
6168
760
6086
327
1156
504
2072
1326
7664
3668
4916
6649
7909
1353
328
795
7304
2448
5744
6507
1997
7041
4986
2084
4786
2394
3533
6688
4065
7749
6530
5866
4075
527
4863
3484
4341
1579
1098
5337
4262
3513
1068
7970
7496
7671
3680
3849
1384
1290
5817
7624
1465
7793
3664
2471
6382
423
2276
2381
7297
2877
2669
2504
3461
2848
1251
778
3737
2499
1622
6636
190
5087
2780
619
1302
6201
7305
6013
6397
3482
3655
7812
6927
2032
5398
3917
2297
3027
247
4202
3358
2931
943
5707
5781
2134
772
4399
4077
5535
51
776
4147
3955
6909
5467
5399
691
5777
339
6647
4016
7381
6194
2016
5951
7479
3711
3427
4223
1833
1791
4851
3678
6457
6338
5806
310
6678
7414
3748
1430
2654
6261
6237
7099
940
1844
2436
4980
6637
5898
3802
6780
1741
3046
4225
4611
5010
186
7993
5700
1479
6908
3879
6786
3339
917
5629
1419
5085
1790
6030
3574
2581
6835
2743
7995
3378
5789
423
6475
1906
5488
5997
2661
7447
7320
3860
871
1477
7188
1452
7354
4834
1086
3647
3850
3710
1895
7647
4598
4352
4218
3154
6397
7848
1377
2614
6188
6436
853
7120
393
1142
5049
1994
4966
6818
6350
4692
6746
4407
1596
4038
5330
7199
4717
4508
3322
2160
6836
3494
6216
7439
5177
2713
1070
4827
6232
706
7910
4085
2056
1184
5701
7570
7498
570
2694
148
6365
3192
2972
7902
679
149
4622
2197
6117
4308
779
3741
2947
7429
2671
6557
2552
1714
4757
2961
46
5170
3134
4233
1905
2080
783
9
7668
6750
3400
3724
3352
7978
6818
2273
278
2969
1283
277
7996
7981
684
3391
7050
6645
638
2137
5688
7820
5486
2406
7005
5148
2661
3148
4942
7194
6786
2579
5673
5666
1439
2820
2278
2155
148
7550
4465
5791
3750
1796
4941
2253
4437
1833
6194
1174
187
5170
1719
2981
4049
3303
1307
5980
2001
2718
540
864
2611
653
2896
1086
2348
1546
5673
112
1295
1218
3168
5732
1352
3664
3363
1053
3970
4493
3044
2579
6005
4994
7982
7012
3738
1424
3699
4263
2231
1108
4399
4716
3587
4330
2632
7990
6466
1066
156
4218
1594
4143
6239
6068
4052
4667
7457
5636
2729
499
5247
716
2752
64
7531
4470
658
7076
3343
5505
1167
4292
491
3079
3091
7503
4602
1170
7994
2438
859
911
1628
2626
1185
1828
5913
4643
17
272
1454
798
6729
3069
5644
2525
4815
3909
4001
6270
2011
3076
4539
1723
5341
5755
7857
1126
7682
1473
7604
5831
906
3394
6448
3669
509
5121
5756
1494
6468
3057
5068
5101
3127
317
5840
5931
7802
6297
2207
7397
4920
5557
5550
3113
3884
7603
3708
7529
6277
6348
7461
2297
3455
3435
6338
4801
884
6542
2058
6750
3618
5440
4757
6605
1137
3685
4904
3118
6952
4421
7648
2834
42
1154
2527
4948
5934
4857
2105
4004
5863
6356
6727
1852
7893
323
2101
6175
4938
5140
4772
2398
3016
2096
7132
5082
732
251
7510
3133
5912
80
711
4882
3766
588
2101
3177
1817
3007
7552
4582
3198
856
6823
4455
7022
1780
4923
3639
7869
5631
3371
7431
1801
5584
2014
4700
5813
2369
4604
5103
4619
5480
4749
5647
7156
6123
7751
5438
2385
1046
7873
4913
4693
4809
3539
5417
4279
1202
292
1718
1533
1624
5874
1602
4390
6334
1855
3090
145
2461
6066
4159
4933
3258
1957
6751
6667
381
3685
2080
1122
6749
4183
1332
1147
4231
176
2894
1941
1534
5422
5625
4217
4447
3887
2573
7826
4556
132
4494
2340
1791
2165
2440
7773
1923
3376
5425
2647
243
383
2106
6237
3313
1674
6753
754
224
6940
1826
6699
628
1450
2873
3991
142
4426
3595
159
7666
7491
14
4665
1322
2929
4720
3262
7852
1290
5013
4142
3199
2809
7140
1881
4192
7355
7128
5333
6977
3289
4483
3094
165
7180
6532
2606
5180
229
5771
743
4140
977
3316
1042
1628
6182
919
3008
4600
5099
4426
1106
5376
1553
5071
1923
3622
1240
1006
492
5787
3758
6981
7813
2716
1577
7935
1034
995
6627
259
6066
4746
5481
655
7375
7116
5169
3701
22
5648
2356
3920
1949
4850
70
2708
5098
4514
623
3957
4763
6561
5287
932
4467
4399
5730
7402
3268
2142
7728
6308
3869
5761
2947
1157
16
6337
5066
6583
6650
1543
316
3668
86
2086
6189
1848
1955
448
47
6448
1313
5325
740
284
3923
2273
970
39
4249
51
6424
3580
3795
4588
1464
4366
5992
4816
5547
6052
5557
7890
1131
2477
4734
685
3422
4293
7295
2959
7489
2279
2199
7836
6726
7673
3170
360
4254
4030
4082
2903
3228
791
3705
6457
4580
1799
7021
6861
5337
6931
13
2061
1599
23
7473
594
1706
1283
1344
5541
7108
600
2233
2625
6041
223
1338
4073
4361
5224
952
214
7375
1412
2051
387
7284
6061
5506
3298
6186
1940
6077
4694
2447
373
6663
2278
984
4590
4981
3495
4634
1158
7949
3863
4782
4560
491
2063
6968
2313
1203
7717
4823
5965
1606
990
614
906
640
5345
4005
4450
248
2690
3848
3657
1155
929
1871
6906
1410
6266
1955
531
6306
7374
4821
4329
7252
4490
883
1968
1845
5089
7294
207
5801
5450
5285
2914
4166
2827
4276
2227
4372
3471
699
4981
232
7332
1151
1149
2109
5546
456
7722
1047
956
4471
443
171
3109
7720
1472
4273
245
1449
638
1056
83
7056
7048
5417
3470
3920
5277
6915
2291
2181
6257
4848
7148
5460
2178
7108
6668
7985
7526
5380
3278
5203
2766
7832
4257
7305
6303
5985
218
7442
5442
7415
3723
1201
3297
3754
6340
5318
7160
3722
5689
6250
4528
486
7981
7579
7076
7471
5239
4203
3359
2616
6029
478
3669
1678
6497
3179
906
6361
2151
2270
1140
6310
7031
2561
3064
2789
4889
5130
5945
3852
6453
1547
4656
3541
7987
4999
4312
5837
7763
7001
5804
7284
7693
6203
1080
6069
1998
2794
2159
1126
3344
5429
5242
7384
2329
4186
6283
2872
6577
832
173
6467
6128
2985
7753
1601
4188
5187
1882
4027
5983
3260
4622
4097
7089
7877
7523
6518
846
7480
3519
5098
4777
476
5823
2626
2718
1690
7167
3724
7864
2518
3477
1038
872
7005
1065
351
1147
1361
6600
6953
4787
4888
4792
99
89
6927
2935
2669
958
3075
4431
6424
6087
560
5603
1487
4312
7749
355
3245
2698
1496
3755
6091
5798
1078
6143
3765
7904
2051
434
1713
4017
2620
1555
7267
7131
914
4643
273
4960
6288
7069
4704
6540
1398
7377
6158
5398
6803
2405
5710
7974
2208
4832
152
1234
7833
6115
564
7441
2577
1090
5943
5543
7310
596
3626
2302
6381
49
26
7658
706
7836
6543
354
3386
3578
4644
5436
3461
3214
6561
2100
7885
594
1580
4504
4754
5567
1099
747
4732
3913
3381
6965
4463
6450
4637
3164
2283
558
410
4728
3587
7979
1645
1646
6670
7999
4070
2185
874
810
7745
6989
2780
5447
7245
2935
7478
4757
809
583
1447
2630
6052
5129
7159
1957
917
1808
6007
7303
7841
2381
5120
1284
6828
7518
2607
6030
5974
281
1335
2889
1394
2899
234
2695
3861
2463
5699
4808
678
5592
7172
2549
3833
627
3323
5217
3854
903
4873
1361
5699
1087
4871
6260
524
5646
1176
6103
1072
2295
6007
5465
5044
5322
4198
1355
4974
7104
1944
6302
1828
4576
7458
5453
7930
2722
2743
5593
5218
4936
1133
7369
7941
7470
7727
4854
2450
5615
6586
4333
2891
5467
4795
5580
2831
7069
2070
3013
531
5013
2103
7564
72
2368
3995
6659
6161
3989
6720
1809
3922
3048
2464
520
587
4771
1774
6533
344
6320
5556
5996
3660
3904
5270
4658
5728
7499
5655
4625
5731
2283
2220
2070
418
6871
203
1197
623
7497
1472
5140
5227
5368
2882
5781
1650
412
3695
5025
3014
6177
6169
3583
6391
3167
4274
351
672
348
5955
2336
5961
7928
5245
546
3294
4895
2908
1877
4149
6877
7178
242
136
6733
3238
3157
5277
5597
5881
4970
4922
5319
7511
6030
7087
4629
7928
5482
6592
6712
3921
6863
3551
6373
633
4521
67
272
2398
6517
6580
650
4077
6181
4922
2432
2758
2045
3298
521
6744
664
3604
2172
1514
4133
7354
1612
2198
5612
3116
2155
2596
7152
6874
1409
4991
7109
4674
336
7183
4238
3707
7725
7360
2927
490
6152
7480
2998
4705
3493
880
2166
7621
1483
385
7993
707
5868
2435
6302
4182
4591
1505
5590
523
5269
4637
1613
7208
7444
5729
7089
4807
4682
5273
5632
6702
3379
2788
6552
6746
4120
451
60
6224
4215
2755
529
7469
7858
6674
155
4115
3753
7998
1219
3553
2993
2105
409
1471
5673
5654
2546
6218
3709
5328
5300
7614
4391
1565
833
6034
2519
6456
4767
5334
7779
7989
939
2663
6207
602
7738
7036
2961
6633
7336
7791
796
202
2127
6372
6982
2126
5902
1067
5657
6460
1970
3898
3616
2376
6785
1068
6207
1284
903
3860
4460
2671
2997
6066
4809
62
6967
1619
2810
6674
4214
3920
1578
6144
1639
3837
13
1370
5610
5909
323
913
2716
1314
4968
6356
7822
7602
3544
3991
1422
7470
4444
2384
1120
1400
7133
815
1217
2506
7724
658
3534
5604
3738
2506
7715
4836
7764
7692
1211
6811
6474
3873
4252
1439
378
3561
6754
4607
3838
5053
398
3752
1981
841
911
4590
4822
3191
1609
5134
3449
5828
337
6748
6628
6264
5409
4801
6524
5169
4986
7501
2349
836
5830
7330
802
3102
5436
3921
3590
7843
7231
3521
6934
515
1059
4367
2015
4074
15
4366
4640
3971
6337
3898
7340
5388
6410
6783
3122
708
4342
7021
3285
2885
3072
1063
7020
2468
6386
3334
577
202
3132
5396
7018
5311
960
4915
5260
5376
4160
5261
4320
6299
1737
7291
3845
1717
7400
3565
3629
5187
396
3592
670
5812
1363
3165
6468
1702
5770
6613
4273
4052
4177
3175
4505
3057
1543
2296
7545
1493
6062
5473
7196
181
638
1727
1588
733
127
6999
596
4444
3501
7824
6227
3985
1773
7800
2506
2510
5608
4278
2553
3170
15
93
4941
249
726
7200
3324
2037
2938
4373
4185
486
4992
1314
6295
3212
1499
5411
444
3935
7648
6628
3040
648
3722
2294
4563
7190
2119
1567
2208
4574
5866
3925
3212
6091
3082
921
5571
7550
2362
279
3999
4967
5502
4877
2969
3307
438
1974
6419
7954
4196
2469
7478
257
5460
2848
2810
5210
7419
4169
4315
313
1179
4565
7405
7959
830
5852
1490
3878
5939
4660
5866
3392
5440
6210
4415
3018
4867
1943
5597
3237
5337
5660
3782
1529
2941
1033
3552
5037
4012
5392
7319
6089
1381
7811
3934
4863
3562
1575
3445
6517
870
5756
2683
4699
5422
4636
6163
92
863
6971
3004
1690
4454
4840
5437
3153
95
4336
542
2597
3865
5994
6289
4066
3287
1527
6779
7084
900
1715
7169
4247
3681
625
6541
4978
5648
56
5271
6596
3899
4717
88
1192
12
5196
1718
3228
852
3484
4002
7348
3292
814
2968
2785
3515
1602
888
324
2568
6251
3507
4821
4954
7004
2496
854
575
7790
5095
7961
5102
2981
1043
7468
64
3863
1265
5248
1413
46
2160
7664
7387
7608
6660
6802
4426
6353
863
6458
3297
2714
3033
5053
578
3098
3050
6540
6863
3506
1636
1736
2746
6952
6606
2422
5847
7232
3264
2904
4921
5897
300
1809
7769
2887
5546
2446
348
2602
6454
799
2513
3388
6756
3752
7631
2698
2722
6648
1155
6076
4127
5890
1199
2088
1539
2197
6082
4195
1439
30
3469
1354
2222
5477
6393
1698
5032
3792
479
6744
4559
5429
6053
2455
5087
1316
7367
3376
2513
1616
877
3778
5265
6047
5409
1326
4358
7539
5839
7696
6504
3161
6841
5148
7062
2565
4084
7188
3425
5896
4490
7984
1705
6199
719
1773
4190
4985
992
4580
3635
1888
7031
3181
3941
2371
4014
5609
3635
2101
5157
960
5736
3263
3510
6881
1597
5379
3905
2116
4150
7102
5210
6371
4913
4941
1877
3193
7701
5046
5570
6918
