7071
237
7632
4214
5308
4073
1512
3648
858
1543
3581
7763
1127
250
6090
2432
7590
3985
587
95
5768
6346
1680
585
123
2614
7096
3801
1276
4443
515
2135
450
439
860
567
3464
4100
2922
7757
553
6947
2409
3921
4557
3237
6133
5128
1861
4828
2060
5579
3271
607
6216
6107
4354
500
420
3997
1706
6630
70
4433
3016
4341
1707
7775
2712
6065
3641
3856
2670
5195
4643
7874
3089
2189
3974
1590
1306
2289
7784
6839
1592
4458
7161
3630
7172
4412
3060
1102
6827
2964
6558
514
5725
1200
6903
407
4913
1193
611
629
2712
6900
3338
5264
6799
2161
3117
3213
4486
5695
6533
6590
3729
6688
6842
1957
1078
7410
4042
4537
2393
1398
7611
1731
4750
4459
6547
1802
3633
1585
3879
2077
4067
2117
5531
2974
977
1856
1765
7815
5073
2845
1347
4698
6333
143
2101
3350
6285
7409
786
3292
1246
3233
4280
3683
1123
3973
1361
7709
7919
3834
6132
134
902
2878
7439
522
1936
6676
1281
254
2732
6054
4402
7714
577
2671
5295
3763
7492
6907
4776
1273
5745
173
1373
68
3656
3989
3472
7774
4870
473
7617
6657
1198
6614
191
111
7059
3605
2555
3271
2879
4433
7506
2556
2598
4579
1796
4782
1591
708
7145
4903
3840
5367
3340
275
1744
7840
4400
6552
5485
5425
4349
3521
184
6308
4070
4590
92
1642
5138
1732
3785
2405
1288
958
1227
6861
4375
1756
7996
6837
4582
6332
2589
1957
6069
4825
2769
437
5816
4126
4455
2142
2596
6623
1639
588
6348
1441
960
2967
1286
6945
3958
5840
6769
2327
7904
5704
2129
7308
1665
6670
4166
7708
7536
2298
3182
5882
1734
2558
2954
7660
1252
1229
1048
4894
5287
517
7383
7632
852
3799
7326
2839
1236
699
1775
5381
5235
2980
4240
2357
6921
7830
7248
2613
4017
4389
6832
2012
3159
4438
3610
2769
2247
3030
1919
7394
4587
4895
760
4336
2553
1004
6179
5582
2274
4528
2591
3479
7182
7939
5850
4459
5056
959
5055
3638
1968
4850
4775
6877
3370
7336
7684
1067
320
4758
5254
140
7796
4543
3880
6811
806
901
5865
3627
7894
5587
3043
5675
4943
1253
3219
356
696
7185
284
7934
7882
2474
5837
4263
1557
892
5257
2109
4489
1154
4085
1361
1859
5722
6002
2878
6153
7458
1601
5132
4012
6427
1047
4898
3968
2549
964
4342
6725
1291
3188
3427
4350
1990
4728
1587
6067
5151
2831
5417
6092
3409
2260
1256
3294
1540
3415
6881
7312
2377
2904
7029
669
126
4296
255
4609
7897
5546
5235
1582
2156
3768
7285
3173
5792
79
5582
7967
5521
7942
2874
5738
7572
6127
4071
7484
2087
2114
2471
7422
7892
641
5679
6763
6624
3653
6143
7830
6386
887
615
7732
4759
3999
1046
1921
6612
7029
549
5957
6829
564
4002
556
7329
562
4547
4784
675
363
5390
2510
1536
4909
6547
6006
5574
757
6602
1289
3351
5304
1843
2880
6884
4817
1673
5064
58
4202
6718
2987
6486
6241
2427
4057
5638
4137
1837
2292
3839
4486
5895
7399
5793
6077
224
565
7846
5755
7305
170
3219
4435
2618
260
6750
876
6097
3760
7217
6744
510
3395
2503
5435
7347
7238
5131
3221
1292
2585
88
5612
1025
6369
3033
2121
6034
2568
1173
1499
2501
1557
1529
4284
7148
7102
3073
4794
6991
5492
3303
4559
6272
6199
1937
6735
4061
7988
4032
328
348
2545
5258
5727
3646
6872
3728
7194
6543
6496
6279
3020
5774
3639
7064
3265
2706
3704
3776
3241
6336
6680
4301
5960
5860
6467
828
258
2581
3652
6799
5366
3272
7960
3
7312
1606
2892
2337
7445
626
4405
5530
3467
3161
7508
5684
2385
2760
1575
4393
3900
5365
2308
7235
1553
7904
3409
876
4062
7179
4757
271
3778
2147
3228
2563
2810
901
4855
3398
1211
485
4445
7897
231
3119
3507
2316
3224
2134
1470
6653
528
4802
6870
5826
6116
7050
4874
7972
495
1401
3274
2645
1013
1690
7059
4261
6756
5181
3287
4455
5418
4360
2998
4041
4729
2547
3421
6187
7241
4157
863
4506
6703
2448
1605
1057
3156
28
4092
5557
6575
5487
5358
2262
4326
350
3502
4711
7435
3610
146
1867
4715
6001
7294
2186
7872
7910
6449
7626
2555
5101
6957
2897
67
7146
3156
6440
5730
6389
588
6141
7378
737
2398
2704
3931
1934
3228
747
2797
4076
2180
2883
115
5225
5025
1563
2015
1587
6407
7858
5518
6223
2534
7038
5455
1802
1323
5062
1318
627
7181
2167
2007
4733
612
5498
3106
2302
4925
7123
690
6343
1528
4268
4618
3798
1774
6034
4084
5884
2145
666
7839
3460
3218
150
3124
6990
764
2536
7077
3952
4741
3757
1841
5878
174
5111
7522
4415
2694
2035
2749
2739
375
6198
3614
7787
2530
5073
7357
5258
3214
7069
795
1453
1661
2214
3883
301
4151
2061
1957
1487
4206
5700
5186
7188
4351
4924
297
7875
1992
5063
4518
4250
3927
4108
3649
5899
4181
2021
3209
4297
1700
2592
3141
3568
3114
3791
4495
4450
691
274
312
5550
5199
3711
4905
4995
2210
3608
6941
113
2120
1328
1042
888
2092
1077
1041
6454
538
7692
1472
3509
3318
4990
4837
887
4558
5227
3950
5692
1942
1844
4362
5008
3968
5612
2387
6766
5821
7080
7489
2383
5081
6087
408
3842
3654
7517
4035
5550
2137
3950
3341
6837
5749
7105
6057
6007
5933
6753
3798
5862
3909
1146
6912
1617
6636
4982
1385
4725
1245
6562
4111
3513
7228
2110
4872
2423
6899
6959
7531
1762
2137
5316
4106
1844
6935
1045
614
4572
3487
6400
5066
1294
421
173
513
6217
1879
7074
4749
5330
2666
6668
4224
5495
2952
1061
5215
4915
1640
4481
3641
7644
7552
4152
7980
7524
6510
1707
5022
5294
5463
6009
2533
3824
3956
5615
5879
6772
3522
1311
6125
6560
4830
2791
7404
7173
4827
1495
4678
5639
3649
6486
3138
1603
1850
4914
1339
1478
1557
1420
3743
3839
5583
7004
1662
733
486
7105
5779
5341
36
1252
6637
1308
3900
4275
2969
1090
5483
5043
2696
5834
5828
7145
5530
143
2049
1021
2750
61
6904
5874
334
644
4630
3698
179
2227
4011
3453
6255
5324
6993
2957
5122
7726
3872
7740
1252
5641
4437
7277
345
3649
2375
2725
7394
270
2314
1340
942
6930
1466
5940
4446
7052
2920
2373
4996
6569
2721
1899
1262
1580
7301
2451
3230
4842
7480
5053
6780
1875
4884
212
3287
2219
5894
5966
3980
5898
3050
744
2433
7655
4032
1443
6596
3415
6004
1316
2051
1969
256
1955
5505
7938
2753
542
1618
941
493
1268
4808
3077
5947
4101
4817
3641
2702
7056
1063
1688
5196
4546
7454
4489
6200
752
264
6966
726
1387
5166
7848
6747
6229
5236
4841
592
7082
2440
4745
6411
3844
3290
209
2075
386
848
3689
6630
7602
6336
5750
1416
6221
2101
1750
3931
926
2449
7139
2817
1132
2375
4832
7509
7829
4485
596
6347
5062
287
5913
282
4420
4387
3152
7337
3883
4014
6665
2196
7129
1548
7775
2136
7299
4084
4138
7471
3366
7500
6204
5435
2319
4139
5289
722
2710
6915
1998
2738
2784
5725
3829
4796
7226
6093
4842
2583
220
6080
3868
4148
1281
4998
4778
3085
5173
3646
6935
2488
7047
2392
5724
7929
5078
5863
2186
645
3954
1621
1394
2290
1822
1411
2019
3405
3411
3630
2551
632
3425
7448
3270
43
7516
6198
6571
24
2124
6162
5881
1440
2800
7571
5502
3390
7896
7368
6582
2549
2095
3310
5643
3140
3945
1183
7618
818
6462
1702
3061
934
2697
1539
3791
6874
1081
6084
4316
1984
3148
310
3125
2507
6379
211
7161
3602
240
3268
6068
6310
4926
6397
4806
6751
6963
1608
6347
3854
24
4548
2142
2178
1680
7314
971
292
2671
4456
1528
1764
2168
5698
1237
4982
5092
4278
3055
7458
4890
7777
5522
5602
3036
6382
2873
6360
2383
2407
6718
3115
4533
1585
3897
6918
5685
2040
5280
1057
4924
3194
1796
4270
323
7619
777
1384
2710
7723
546
3276
3093
693
1980
18
86
3532
237
408
5340
1039
1729
1680
5090
1770
448
7837
6185
6871
1699
2689
2152
6678
6342
330
790
947
4921
6529
5524
6218
6260
4580
7763
7287
4138
382
4464
3560
5039
7071
275
2866
4596
2850
938
3775
2480
1463
416
1746
2011
7435
7456
3772
1264
5588
1464
628
4070
1163
7987
1639
3170
5064
6889
1186
3392
4866
2669
7382
3028
4952
5127
5196
7594
3937
3541
1332
7874
3828
281
4897
686
1789
2299
1737
7745
2345
4323
6088
3882
4517
3773
6304
5652
3758
7596
6078
7507
1501
2683
3436
6899
32
1257
2548
7229
4135
7352
1908
1318
6555
4222
4943
4676
7244
7785
1241
7777
4261
4361
7038
3542
5750
2012
7643
2345
5163
7661
3743
4778
2784
3682
4428
5761
4811
1693
2050
1339
7101
4680
7489
3349
6747
7391
5675
1455
5982
535
6625
5712
5810
7902
1136
1720
1185
1894
653
5854
2636
4762
3819
7931
6986
2900
6027
3184
1678
2257
5631
2982
3614
3030
7505
5942
7612
676
2636
5817
7332
7187
230
413
1526
7738
2006
5561
5948
7231
7930
5814
4077
2899
5719
2791
4966
7720
7748
6595
622
7841
7941
5418
199
49
2232
5367
7183
5227
2938
7203
5951
5065
4629
7637
1987
788
6932
2907
1251
3318
2428
5129
7258
4194
2992
2399
5624
502
3658
502
6673
3228
4993
7736
4810
562
7912
2077
6506
3519
998
109
6532
3009
6346
2364
4321
306
3946
4707
6443
1173
5286
1044
7209
943
7687
7242
5909
4348
5800
6370
6107
6558
2819
3663
7436
3511
4499
6721
2025
6433
3108
1194
2772
144
5313
7951
6824
499
194
945
1155
3302
5721
686
2437
3010
1443
4600
7267
1292
2812
3320
2273
1284
6383
2059
7698
2017
5718
7238
3606
1501
3476
6663
4520
5287
4750
455
82
1502
5773
2848
2992
5405
2433
2491
5740
4283
3221
7960
6084
5009
3023
4728
4943
5167
563
7186
2665
4592
2829
3439
1526
2970
6543
6866
5952
4212
7407
4641
3089
4648
7007
7681
6709
1073
4256
2061
378
6478
1690
2446
5431
3730
4975
3876
6250
7864
3072
1833
4417
160
3592
1813
843
1856
7538
4582
6290
2737
3235
4639
2951
7987
328
3894
7519
1869
6079
4530
7177
5802
6114
1270
7353
6916
7910
983
4652
158
3138
6037
1569
1427
5749
139
6761
5901
5533
1014
1858
4061
7638
1710
1633
160
4716
3005
1490
3218
7688
3643
4279
1103
7436
5023
908
1057
847
6238
4688
7968
4470
1899
119
1349
2934
1271
3728
7978
4210
7310
7076
859
6310
5564
7387
198
7126
2714
7339
707
625
6796
7218
592
7882
5363
1941
627
3402
6797
3679
7220
3719
6957
2245
7074
3698
3904
2066
4971
1883
660
2456
7397
6957
614
7486
336
7937
4021
2595
3446
6675
3015
6227
1400
2979
1772
5944
961
303
2581
5219
172
5260
3920
4292
5079
5389
1433
4126
2478
4930
4735
6605
5481
3671
5673
1823
7224
1577
903
6830
5659
4392
1593
7838
5100
6241
2516
987
827
6971
3056
811
1925
2050
1962
3861
3523
7935
100
6901
4238
3179
4734
4195
5062
7470
6206
3038
1419
3807
5191
68
7540
2454
4367
5090
1851
347
1773
68
3131
23
2170
3410
2826
4366
3430
2924
698
624
4653
7186
734
748
6297
4727
4283
1163
6556
4943
4898
1105
6768
7953
1444
2568
7454
155
2706
4917
4513
7902
1495
7367
284
6453
562
2822
4980
3069
1996
3559
166
4823
7360
5470
3114
6797
1647
5934
4058
5279
6439
3398
6454
6905
4320
1577
2157
5550
1575
1967
5556
4126
4562
4407
3070
3283
5371
1685
1411
1359
7118
2773
4337
6112
6947
7834
2545
4991
6282
3028
7809
4121
1525
2226
6880
2515
7845
1519
5751
7709
6967
588
12
1924
1118
5988
2407
5210
7350
7949
2790
2781
2712
7212
574
1734
2455
4806
2742
4486
7094
7280
7476
3352
4923
739
6844
5074
4270
6782
6718
3383
7751
1928
7810
601
4884
231
2461
346
7652
2394
2611
7319
1969
4654
7107
4695
4182
248
4524
6976
7249
2404
7938
1214
6072
5659
1033
7513
724
394
1121
6030
1745
686
5466
6076
5950
4741
4758
5636
4258
1699
1742
5794
4710
106
1491
492
403
4432
5647
6639
3746
7184
5896
7218
3186
3945
319
7496
6165
2344
1071
6174
7155
7008
1685
2789
4451
5861
4183
1033
5493
5348
5523
7129
2741
3993
4547
6512
6211
2749
2515
6023
7064
3493
6387
4878
363
1862
2124
4422
5057
4784
2466
3736
3288
4926
2546
7918
2869
1621
4909
311
3768
6681
2923
2485
5707
7969
5515
5001
7199
3825
499
4841
1681
7188
6623
7191
6000
5704
7786
5953
536
2814
3787
6939
5525
1979
6857
7766
4737
4718
399
7557
2803
2081
6025
4727
6527
903
4508
2265
2966
1774
4148
3162
5375
2897
1323
1674
5188
6584
6129
6903
1729
2995
6182
4405
5420
3589
4677
5848
7029
1691
1350
5056
6401
4372
1614
6238
1847
1002
5318
3294
6483
7248
310
6122
801
3632
6501
2300
5857
6654
6830
3819
6199
468
4685
1754
166
1537
6353
401
1701
15
864
2138
3768
2621
5478
1654
2690
4883
6524
537
7390
7731
7113
3190
3630
5477
3501
4595
7336
7115
1639
6593
4838
764
426
7326
698
1081
2179
1909
5266
6953
1616
1780
3805
2415
4253
5025
1711
1509
5695
4018
4219
2482
4324
2299
4044
2495
6661
6708
4287
4000
4315
4078
4184
6008
7152
5186
1886
731
3065
299
7845
1902
3567
2854
2472
5932
5260
7896
1530
2403
4682
6871
7988
3217
4380
3331
6522
5420
1502
5740
4522
5915
4339
2486
3568
6523
149
7352
3821
2651
7641
5188
861
580
2856
132
4178
3122
657
275
56
2041
3161
2870
7443
4211
5653
4074
1462
588
2218
7439
828
4784
7744
7187
1017
4657
6145
3148
3974
597
590
7310
1283
1175
4736
4874
1242
364
6036
3052
5067
445
6645
5458
224
2458
2724
2638
6176
7417
6289
6653
2957
4924
3738
7997
7446
3992
6141
951
7937
2913
182
2439
4358
6274
428
5451
3169
3316
3868
1527
4280
2487
7421
7736
5600
229
1930
748
3650
7526
4775
4202
1558
4549
7000
4130
2524
4830
4051
6561
3112
3963
2366
902
5329
5080
2220
5968
2193
1391
5351
2387
4127
3905
3870
5318
2161
7839
3816
1882
1275
1574
6039
2187
5394
5547
496
3729
3429
2041
7932
322
6130
3195
3117
33
3486
1742
3316
2211
5668
2274
3853
6645
3047
3992
7948
588
3461
5435
6456
312
1604
5656
1146
4763
7151
7048
7095
6760
835
4218
1352
1543
1788
1645
3418
3804
7800
7916
5994
5826
5555
6164
6765
1982
941
2367
7549
6949
950
5229
6283
3899
5423
7667
153
7832
4592
4452
6447
853
2137
587
2104
1453
6335
5952
4196
1248
174
819
916
7352
7044
627
2357
3180
5707
4517
2880
4193
4625
2579
5247
4242
675
5385
5543
5128
5576
6441
3374
3086
4240
4
6419
2800
3678
7886
6664
6611
7227
7327
6240
3915
7572
7019
2069
3266
3948
4540
6366
5748
6947
1104
1933
6255
6152
948
7617
976
7417
438
2612
2342
7529
986
182
3225
3412
4850
7113
6274
600
2255
4541
4849
3683
5778
1515
5598
4031
7036
7027
1385
6668
2636
6650
2171
2791
1554
3302
7803
709
3471
3536
2895
7282
7448
4954
2682
179
1807
4530
1452
1821
4472
7905
2153
3736
2993
3662
2077
195
1942
7860
7326
7359
5702
1951
558
2558
3705
1104
6679
4035
3640
3442
7666
1887
4062
1187
6347
4288
6623
4624
5209
6097
2783
3004
1294
4229
512
3941
7975
7730
6884
4857
6351
2902
6700
4273
3109
788
6776
6795
1838
4649
6811
4049
2172
1474
5482
539
3696
6421
5162
1337
7081
2669
6107
4859
6341
6769
4231
7515
1570
2590
3383
2438
1662
4997
7497
3084
5108
7172
536
3921
2281
2369
1692
2194
1648
4394
883
4593
4438
3175
928
3567
2367
6177
1489
5172
5169
4673
4600
1147
1616
268
6428
1864
7978
5770
4257
4054
1385
6212
2748
6658
3536
631
1157
5646
3961
2363
2282
4750
2772
7300
3116
7748
4879
1983
1859
6803
6655
5945
478
7915
1415
4683
3049
5767
5042
3280
21
3847
6681
5019
1724
1626
4810
6444
1304
7408
3480
225
1936
4846
369
2798
5346
2705
3805
7544
4223
2572
1238
4660
3096
7437
4835
875
2043
6649
668
6015
7415
5673
290
70
5146
1833
2598
1142
1541
2814
6495
1824
2388
1624
6802
6615
1620
6626
1998
6558
4600
3704
4680
2913
3658
7075
6288
1940
6626
4775
829
6371
6545
7505
6291
3021
2946
2089
6846
5955
7161
6786
5399
1681
7941
3977
7438
306
2473
7634
2126
7536
3387
4070
7662
2713
3473
4161
4231
6039
527
1935
2998
3954
806
5762
3151
7090
6689
4757
4018
470
1132
5032
3870
945
505
7046
3688
2644
7307
1791
7134
4307
4533
6630
1265
3498
3330
2193
3675
5954
547
5644
5083
2832
3213
5575
927
1181
1769
7241
3883
6557
4287
446
4710
5747
7443
4031
7381
3810
6527
2080
6877
3723
6175
2001
5755
1450
595
543
296
3962
2647
932
3250
6372
2836
2452
4813
5098
645
4575
375
171
1941
6897
6708
5812
4574
2507
4710
4018
4465
95
7518
7810
7550
5490
1564
7751
6364
4285
2255
2281
3154
821
615
7219
5687
3090
803
5565
7093
412
5297
2189
4992
404
6429
5765
7952
7609
2868
3648
5554
4454
3319
7939
3432
1359
642
526
6150
1943
1016
4664
5024
1392
7353
84
6794
5850
1830
1779
5641
2880
2482
2491
6704
3356
3956
3897
217
7118
7639
7113
5356
2749
5840
4816
5526
7849
3554
7062
6995
7842
3996
3053
459
7270
959
3040
1974
2013
769
2642
6129
5221
357
7633
3407
4593
2402
5150
3248
2444
6569
3508
5856
2851
280
2938
6710
4505
1489
5477
2865
2140
7775
7757
3730
4550
3825
7289
4896
2709
3730
4767
910
2499
5512
3710
2555
3302
3146
6692
5669
6074
2736
6837
5668
7222
7564
5341
923
1019
6374
7045
487
5440
250
6936
2154
6686
2751
5059
1580
3047
7558
7563
2939
6934
2583
4167
6992
5144
3939
708
5641
7038
3740
5288
922
1596
2948
3807
4268
2850
4829
1511
5835
3657
7279
4251
4146
2215
6706
7634
1342
6865
4037
4557
5447
220
5354
4509
5802
1663
240
1130
6243
4677
5106
4976
4257
7084
6817
5065
6463
1005
945
5083
2109
1918
1055
5727
3669
5916
5117
4210
7973
7280
2770
3179
4711
3734
475
2025
6373
4557
54
3224
7109
4985
1683
4654
4696
3815
2529
190
3746
3792
6449
4110
5721
7396
6718
4333
1467
977
6770
5577
3142
2480
891
718
7673
1856
5849
7020
777
1661
2168
5522
6323
3980
3787
3330
6381
2675
6171
3852
6803
4198
3078
2306
7827
6765
6417
6888
7770
7753
3921
1507
1212
7499
2754
7227
4966
3964
567
3633
101
1963
171
4485
7825
172
5179
435
3816
1175
6750
6588
6171
4407
3415
5001
5646
1894
6887
7885
1783
7706
1863
2461
7170
7998
2103
6121
4459
640
2958
126
1487
863
3170
3595
7822
1779
7664
70
1674
7656
2703
1904
3576
3975
4994
194
236
5708
3687
4068
7335
5743
6253
6458
7889
1102
7515
5858
1086
312
4774
1097
4538
4122
1937
1543
2139
4786
4384
3986
654
4267
4342
6160
590
7434
5135
4129
7203
2172
5069
4881
6822
5027
3231
1261
5867
6641
3183
6574
6580
205
6392
7348
1209
3424
5960
2354
3133
4930
2231
2431
2059
5184
7224
6998
4962
5575
7293
5995
650
6835
2683
7752
5093
3742
7049
4367
6934
3009
7426
3113
2011
1204
255
7054
6008
3888
5568
5685
2803
77
6483
5829
710
5596
4692
2062
6710
2198
7921
6137
5324
3
1086
2700
7880
7063
7867
4177
1420
6692
4773
3594
3292
6151
3576
2029
3378
7793
6634
6972
529
5897
5631
7960
7726
1940
4399
3347
7598
1394
5051
5138
3484
2599
3756
2440
5949
130
2651
2837
342
7095
4065
1410
5094
1428
752
714
5953
1220
6394
537
7349
3237
5006
3630
702
3125
6245
7943
6311
498
3029
6880
1508
5672
6898
3192
7571
4913
6272
4796
7268
2242
919
6667
3186
6725
4814
2782
3853
5141
6492
7402
6338
5739
3835
4039
37
698
917
5590
7010
3945
4600
6465
7013
6836
2783
6879
5264
3493
5485
3018
6354
2880
4879
7037
2364
1173
2668
2131
3214
991
6208
1318
947
5830
3848
766
79
3109
7875
6986
4078
1275
7720
7805
7223
3092
2139
3845
7764
7156
236
7922
1637
5902
2755
7027
6307
4818
5381
6730
6360
3269
4969
1184
1047
1762
3868
6716
7779
3497
5250
4556
7915
7068
6987
3542
6580
20
4630
7753
5747
407
2641
11
2486
1259
7815
3883
4778
4860
2280
1205
5968
7786
3615
3225
5862
1222
5344
5069
7866
4068
2611
4252
7465
1916
7332
1634
4368
1229
1773
5787
7743
1674
7773
7029
1258
2204
212
5559
44
1975
1884
6353
1853
1646
1320
4339
5658
2870
6522
7425
6869
224
5720
4542
203
1796
4706
6704
1361
4913
1158
6385
5268
1846
5543
6095
4469
6764
494
4489
5016
1236
4252
5195
6217
483
1107
1571
4628
3503
4234
5004
2824
5887
4047
3052
13
7417
5223
4818
3211
2236
6490
6091
4847
2744
1453
6476
7433
3303
674
639
4785
1777
4854
1583
5905
7167
3377
2982
7423
5426
7636
688
4869
6852
7482
4416
2780
1227
3376
6957
1948
1462
1213
2771
7501
4168
2028
7876
5019
2958
991
7787
4586
7448
5916
2563
5775
7618
7806
340
1777
5984
5961
6149
1207
5054
5464
5705
79
1146
4176
7616
1045
6944
5261
2062
7110
1036
3546
1681
4299
6201
7199
2789
7970
3116
7227
6579
4957
3467
77
3614
1426
4389
7660
945
1833
135
4578
7044
7130
3432
7196
2720
4761
7607
4503
5344
7047
7563
1809
4720
4165
4540
6377
715
5136
61
6388
5086
548
5182
451
5765
5549
1088
4069
1770
6958
5743
7871
1243
4920
7343
5429
281
6730
4186
3499
5286
5104
7159
1455
7505
4441
3352
1430
505
1380
5348
25
2696
4964
6441
6030
1826
4564
862
4420
3861
275
1052
1695
7237
7344
1119
6185
792
2082
1378
5489
1804
5373
759
1926
2151
4672
4659
3835
1716
2547
3493
3264
3285
4822
3136
6329
4618
2673
2260
6136
5636
5232
2494
6358
2973
2969
1107
6747
3409
5099
3395
7498
7258
965
898
5
1204
6345
5154
6693
6301
1049
1866
4978
6886
7370
3727
5864
3539
2681
2800
2911
4378
2858
7055
6197
1126
7861
3584
5124
1622
1815
3619
7932
4937
3303
4141
5170
7033
4497
2479
1524
4590
7463
7671
3007
2988
6716
232
2769
7959
826
2639
1394
2190
4974
7049
2962
4501
4192
2785
2955
6325
4784
2218
956
2080
6553
7096
7139
588
2675
7430
7117
2043
7765
262
2317
6954
1788
4404
3677
7199
2271
1478
3647
5901
1230
2453
2453
7589
7574
162
3487
7874
2505
721
4650
5076
6423
3829
3321
6928
2723
4703
4799
1076
3472
7968
2380
6199
5863
1625
6321
4836
4033
7694
1299
809
3164
7831
838
1923
5473
5572
2243
7344
5128
2077
737
3902
3838
116
823
3793
6192
4676
592
5155
6513
4557
6977
3294
3873
3218
4645
676
7255
5250
2477
5581
3527
358
4646
4803
4896
6259
2712
4187
2081
6487
7633
5919
4755
5951
1535
156
29
1244
2959
1925
7828
1418
708
1447
3484
2942
6631
1895
2240
1772
2021
296
4563
5112
112
3885
7085
5466
1155
2027
6639
623
1046
5463
4992
4077
305
5477
2375
4619
1735
3660
3224
2853
6023
575
6598
4231
6839
178
1572
7074
1774
7394
3908
7488
3505
5238
6731
2965
7269
4661
3422
6004
6222
4668
7615
1642
287
6307
7079
2286
3842
3600
6531
4899
4445
3810
2688
7909
1025
4185
6417
2431
2562
6628
5961
5043
7816
4257
3888
6277
5463
6096
321
2648
83
789
1773
6526
6140
7177
2360
19
3959
7762
7308
891
1125
6273
2727
2708
1915
6986
7697
488
3370
3068
3291
3664
1420
7928
4579
6478
4532
1465
842
545
5046
6213
1029
1677
4791
2643
2280
1140
3297
4858
2002
6200
3971
2590
3465
5685
3085
3243
910
2870
7369
6634
5334
6979
3140
1059
6610
7425
1995
4331
2361
6930
7318
6848
5628
6483
6187
59
2409
7123
6354
392
2622
7252
7421
2524
697
2277
1786
2761
2581
1488
2987
1771
3256
7886
4394
4507
993
5984
4343
2316
6277
3179
1900
1584
5453
4980
3049
622
925
6780
4187
503
1921
5841
2504
2876
2087
739
3010
530
2347
3182
3362
3986
676
2745
6950
1075
2523
3790
7957
6724
1792
7687
2582
7691
3858
1385
6330
6008
6663
3420
932
7089
4978
1861
4597
270
5877
2713
7543
6414
2313
6498
684
7645
4896
1302
4431
1392
1540
4671
2105
7277
2997
3789
6635
3768
7691
5437
2526
4429
235
4050
5772
613
127
6527
7735
3090
326
1945
7482
2177
6114
1435
6952
5055
3431
4222
196
2722
1399
6557
5691
5897
5409
5271
593
737
5949
6646
7854
2165
1384
5699
5777
7354
7994
368
3740
647
3103
952
2315
6443
4673
6996
4798
6646
4769
1935
2108
1924
165
1333
5076
2311
798
2847
2357
2547
7187
4827
4240
4164
3228
311
4474
3325
4450
4665
182
1229
918
5133
3725
1887
7488
1017
5570
7356
5897
7539
7175
1187
4039
2926
5719
884
5129
101
6839
5877
527
1631
5571
1416
3189
7945
7630
5327
372
4201
7337
165
181
500
541
7085
7230
698
2348
5949
2768
7636
1638
16
6028
5424
22
3906
7332
6660
7992
647
2293
2166
7763
3708
7666
2679
2203
6559
1561
6336
3129
2402
6347
5961
7744
4707
141
7438
7478
2207
596
6101
3906
2163
5103
7173
7004
1090
262
807
5421
2760
2406
2488
6706
4284
2074
5412
3509
7583
3332
4639
6066
4450
4736
7384
2081
3322
2066
169
7025
4649
3373
5231
1828
6691
7310
7276
4503
6339
1940
2787
7893
299
6658
4995
2393
4774
2949
7529
6067
863
2538
756
7956
4103
5009
1132
5656
1933
7905
2091
1906
901
6158
3606
494
3654
1232
4582
2638
5415
6549
6133
4715
2145
1290
2848
4489
7817
7439
2763
4758
7451
6562
4228
7629
4332
2366
3960
2828
4896
1546
3953
3919
5788
468
1706
2797
1582
6409
5371
5338
3702
4585
92
6589
4883
2181
7743
357
911
3221
2582
1394
3696
3994
44
4272
1427
5197
1204
3533
7088
5024
2689
2959
3626
5435
4971
1733
6393
6924
5853
3296
7630
843
908
1681
6032
2916
2815
5179
7656
4437
3967
7995
2768
1022
7093
7568
1864
3767
2850
2103
3820
454
5989
2394
7057
6876
3322
739
4807
379
3569
7260
4717
2595
2219
6555
4843
4022
3778
6286
5348
6730
7614
7676
6466
1531
6609
2659
4726
7717
1218
1046
6172
5953
4406
6049
7167
4011
2656
791
1188
4369
3809
6083
2607
1162
562
4153
520
3714
4306
6280
4709
1661
7692
3123
58
424
334
307
629
6234
5011
4777
2931
6477
7641
2549
4848
6581
4547
1628
771
2919
1403
5093
5780
1585
930
7827
6664
3659
2980
6512
6841
2034
3900
3822
1717
7466
2992
497
4759
6442
7078
4971
1926
1510
5729
7618
5301
2150
7138
4599
6270
7267
2185
3541
6190
3919
5652
1799
2767
7722
1149
1800
1219
6571
3029
6773
2934
2051
349
2806
7292
4885
2572
2954
1738
6782
1281
7672
1366
5302
4882
7976
6979
5433
2604
875
7917
1717
5321
214
3904
2029
3980
2147
5588
3960
5036
7846
2483
1797
6292
3976
7089
2122
5474
7404
1521
1671
5987
6956
7848
6291
4088
6631
7212
6041
6324
5534
527
4833
5766
5056
5250
499
3941
1175
1406
6985
2963
1064
6061
5027
647
213
2603
347
29
4618
1475
4377
464
652
6289
1903
7521
5492
5964
2308
269
1476
7369
3081
5702
3644
7613
3756
3553
6377
5406
1222
7174
1434
6044
6949
6674
883
7372
2590
3851
5794
7734
6986
5550
6574
755
5861
7999
3734
2507
469
4708
4847
7103
6672
1498
6999
2194
5913
4237
277
4537
4696
7164
1039
6435
1889
439
6446
4699
5349
5231
5089
2135
5659
6789
4038
7206
2782
3561
2314
415
690
7501
2663
2957
7467
5782
5954
4184
2238
1662
1497
4612
5195
7965
264
6909
1474
6721
6687
449
3310
5819
4265
2404
215
5566
5921
2909
6293
3745
4981
7660
1955
81
5199
5865
934
531
5461
460
7151
780
7275
929
1145
4939
255
31
5522
7538
4101
6175
2051
5856
3002
7603
3459
1161
5974
2752
6988
2208
3471
6060
1780
2206
4050
7710
502
2684
5961
3967
4806
96
2981
1610
341
208
7752
2841
5492
644
278
6788
6054
4993
3655
62
7754
4555
5603
1
1943
7380
5275
2479
1264
7603
4321
7812
2035
2269
3794
6254
530
2125
3483
3932
2585
3240
1786
3478
2261
6544
860
3263
6264
5655
6151
3428
1309
3066
2495
6595
6715
4572
4923
1999
5051
403
4337
1886
396
3632
3933
3153
7736
1057
1488
5954
491
7890
1218
7653
815
4717
3145
1557
7299
6498
5053
6515
903
60
2560
3482
3425
634
1558
7562
1525
867
1992
6531
1365
4368
2183
4339
6468
1131
7365
1700
6292
2050
2576
954
3805
4655
1038
3324
3569
4280
6409
5213
6867
664
2700
568
4522
7997
4522
1175
6752
350
5042
376
6732
2443
6855
3190
3838
6993
