7048
4388
283
4556
7241
1240
7950
968
128
7289
785
1456
5027
3980
263
4909
6937
5342
691
837
4844
5865
7378
53
2110
4630
6910
1414
3261
6199
5429
642
466
3022
2353
3686
5805
6159
7940
877
221
1877
4899
227
4468
3322
1062
3755
2214
1209
3670
571
3371
2179
2420
1459
818
3004
6084
6658
5541
606
6183
4290
5456
4090
3626
1553
170
6193
1097
7406
7034
4884
1281
3291
2747
2039
7599
1511
2309
5400
4092
6510
1775
7730
4774
5858
5406
5590
3631
7326
7866
7305
1068
6174
1708
7392
5543
5718
5178
5443
337
6696
442
4701
1358
4833
7349
6511
4669
4348
6635
2268
676
7713
2367
4049
2757
3550
6
3616
6370
35
328
3740
3739
3588
215
3220
289
6922
7763
3711
6049
3465
2026
6035
6968
2713
2881
4453
581
4700
6351
285
3576
2231
4808
5059
680
3187
2350
3971
7134
5457
1633
4712
3751
767
3191
4379
2426
5410
572
3588
3083
4654
4325
5518
211
6391
878
240
6066
1822
7002
2521
2645
3653
1589
938
7950
4638
962
3432
1372
1009
3888
333
4333
400
3622
1165
4607
535
1504
403
5190
2289
6154
970
4214
7555
2377
6437
6644
1190
1904
7676
1118
5067
5566
1889
5615
2500
4181
7946
6554
7940
7008
4957
1163
1633
1130
2568
6781
2446
1870
1366
1449
3180
6322
4963
4001
7803
3396
1720
6382
4749
7169
1912
7643
6554
5666
5580
6965
3807
444
7621
7097
3171
3092
6902
2133
2963
6483
2930
7249
2410
6210
5453
5370
6662
3144
2767
6715
1594
3265
7116
7828
1543
5218
4048
7966
495
6591
7433
2867
3490
6626
7978
7142
4794
3296
5545
1187
5328
5365
6811
3501
2645
4232
6679
3661
7624
2206
267
6028
2856
374
3744
349
1399
6701
7465
7364
5598
2009
7532
4771
7622
6963
4100
6033
3354
2170
962
1423
6776
4447
418
6551
3341
6940
4332
4205
7915
2600
1856
6376
5441
6778
5499
5433
2082
450
4132
5025
4958
7175
4734
1583
4628
570
2485
6758
1117
6784
6465
4360
733
4426
6717
7672
2483
40
4217
2435
3726
5165
7764
3342
4901
28
6774
4807
6449
1602
6789
5239
2314
5016
1414
6818
7719
6808
1808
6626
4849
728
1140
3640
3892
6703
5971
2985
1180
1299
7870
354
7008
6903
7843
1952
4757
1056
3409
7898
6056
2648
67
6685
5444
1530
3303
7874
1537
1694
6488
7327
5422
7357
109
4081
1227
3210
4983
2209
127
2065
5388
4290
4785
2420
2883
4647
5394
3349
1120
6564
2759
6615
610
7439
7509
7299
7766
5941
7922
5534
9
6203
7774
2164
4213
4117
7591
4862
6716
1038
7120
6289
6316
6227
7297
5599
2728
4868
3440
4673
7601
3898
5256
5087
4460
3412
2494
7464
7690
3683
5128
5758
10
7787
5693
6927
374
4928
1938
7281
7091
3129
6392
7035
3520
2843
2991
139
4712
5943
5622
3386
6066
3283
7210
5043
1814
5634
1196
620
5353
6976
896
541
5283
70
4259
4593
6411
4891
4305
1021
5114
7634
4701
2046
3759
4617
3778
91
5435
3817
5934
393
4359
4017
5666
7990
1637
1637
6231
2613
7225
3413
5004
1610
1054
3273
4367
2757
3347
1231
5475
2844
77
7682
2018
6217
2090
270
183
647
3983
1974
3644
5487
1732
920
5931
3753
2169
2565
6810
5223
1043
2468
5695
1720
7644
6908
3269
1874
3669
7145
6200
4666
4285
970
1489
5509
2010
2481
5796
7396
2186
1703
3671
4427
3944
1241
2737
2585
2404
5944
3702
5699
4330
4658
565
2678
6084
1035
7125
1297
5897
2741
773
7849
504
555
3530
5638
2487
2153
4983
6281
7405
7851
365
21
4560
982
7951
2072
5178
4894
1404
2125
3294
5900
1127
1134
1077
1934
4616
7662
5365
282
4147
7491
2450
1087
7058
7640
2340
7721
2314
4909
4659
5694
1122
5192
5317
2883
5040
2931
2660
1548
4721
3465
1051
1013
1092
670
6558
5523
2521
6810
1366
1231
2265
3912
6923
4942
1226
1705
3606
1721
3953
4892
6629
5789
6521
6590
3416
7816
1980
6775
5797
4192
5528
4644
5728
2083
2285
6035
4969
4593
7022
3671
6346
4704
5609
4352
1606
2693
1555
5632
1936
4794
4891
1082
4151
462
3357
5531
5230
849
6818
6186
2517
5971
701
3100
7320
379
2903
7822
6817
5163
1072
6383
3323
5830
964
6775
3072
6412
455
4188
7967
3193
1453
2268
3070
4590
4655
1319
7651
2308
4220
4199
7590
40
7420
7862
6805
6158
5007
5372
3986
7641
4138
4764
285
7290
5491
6470
5545
5612
2016
2561
2824
6126
3539
279
7573
5867
5262
2731
6300
3292
6875
7877
2203
7853
2807
6286
657
1465
2640
1462
7606
3435
3235
4429
5417
6312
5172
3288
6422
1492
883
1761
6408
6309
7004
2137
7471
7731
4618
1979
3598
827
1446
243
4797
758
1727
5901
5303
6384
1903
7538
7750
7011
2593
6390
5250
3701
2484
6795
5377
4235
6947
7934
4061
5991
3381
7418
4639
1666
2311
1241
2439
5611
2693
3687
1839
1202
3638
151
5884
7632
7306
6748
3535
2994
6209
625
290
6966
3059
802
4189
4733
7668
466
3608
1438
5236
2857
1148
5613
4774
5810
3540
978
7017
7326
585
5897
1350
958
2785
3378
1488
213
6549
6498
4257
1616
1798
6995
2947
2242
1964
3662
7472
4319
1279
2686
1184
2313
2471
7595
4740
5240
7270
5110
2496
7245
1518
7689
296
3923
7862
6199
4076
4608
7348
3737
7880
5206
2539
5382
3030
7187
7682
2984
4657
2677
2063
2390
1598
4086
5681
892
1487
7871
1174
5602
4521
7963
3660
7405
1554
72
393
7887
1294
5585
837
1981
1143
3075
1465
7218
2645
5412
5010
421
2431
2116
4865
985
428
7473
3848
7730
7641
3349
7571
4963
1919
4866
1132
3921
239
7274
2940
4236
6161
2499
4775
7165
4464
7403
973
3690
740
1785
4127
1548
7051
7596
7625
3093
7895
797
6382
2536
3237
4040
4007
5764
6005
693
855
5126
2041
3820
5183
3068
17
5085
5154
2729
329
835
3435
4797
3443
3402
7649
5145
3181
986
1709
6126
7563
6900
281
3384
1869
3827
4981
4985
6047
7745
3918
7106
1051
3622
131
1654
3250
3305
1524
7402
904
7721
2261
208
3137
5012
4253
700
4653
4732
5088
2486
1628
2106
7837
57
2811
7386
5943
2080
5137
7067
7483
7820
4462
6545
1945
4516
673
3196
4984
7507
6229
7633
1738
6704
2320
20
4971
4536
324
4020
4531
4628
7081
4299
5774
6412
446
1734
2771
4369
1464
5036
3245
2625
4211
5780
6329
7551
1829
195
3156
1664
2889
7718
269
5786
6099
6170
6230
3883
3876
2760
7163
2651
7791
1045
5272
4915
6374
7681
4529
7012
3408
3570
3153
7188
7504
3359
6875
5493
1677
4664
1339
3529
4797
4607
7173
651
4657
2777
5149
39
1935
6942
424
5143
3596
4689
6215
3104
1136
7412
6022
1522
5554
4189
5937
1987
2222
7678
7404
6089
43
4496
571
6642
5762
6750
388
1733
4171
2190
4840
533
3716
804
907
6991
6968
6604
4757
5923
819
5658
7637
7270
5867
4488
2003
1967
6036
752
735
2734
3885
3845
2737
6265
4243
1324
6434
3683
5884
7071
2562
1938
1952
1468
6904
2135
1440
3960
734
5560
3854
5924
3292
7345
2055
4753
7341
3498
3490
2363
4401
7934
5013
5130
6331
6985
2080
4305
6171
3153
7393
3680
6023
1044
6796
2599
5843
834
2885
6056
5520
5586
7740
6952
5142
1899
2685
5634
3458
7997
1963
5997
2453
4822
5701
6757
2655
5040
4339
6120
7001
4622
5340
1315
7879
5700
2236
5606
7158
1756
1165
3426
763
156
1181
3425
2408
366
7322
7225
2000
1456
5467
744
3547
4388
1597
1689
3139
5833
3163
3353
7736
1533
7773
6311
5275
605
7968
4097
5684
6318
6529
6941
2270
6862
6677
192
279
3193
4936
4716
1111
563
1709
824
292
6093
4979
1883
1507
6562
4756
7881
5424
4873
6468
658
7262
2750
2707
7000
2538
4282
4313
6922
4493
7729
786
5335
6268
6250
840
5391
1498
1363
7993
3380
2563
3831
1525
7792
5516
1816
7894
4264
3512
4846
5050
6218
1630
7133
7019
7111
5997
2226
4684
3033
416
6400
1086
2206
1010
3021
2375
2685
6680
5717
355
4963
5165
6380
3634
621
1981
7680
7585
5314
5693
5620
281
7682
4967
3846
6437
7
2006
7056
1157
2806
1775
4019
5215
5112
6679
1567
7233
3104
1676
1489
3659
935
1260
4736
487
1510
5343
7545
7384
7378
3447
25
2919
7052
2894
4203
3170
6438
5704
7264
2428
2002
2463
4570
7091
4322
6194
4380
895
5502
1016
7903
7890
908
3490
4287
4009
3574
7454
5618
2292
4429
3731
2982
3077
3079
5596
1359
3243
1253
1439
6891
7720
6551
1200
7516
497
1039
853
4652
2104
1843
5360
1579
3343
7964
5090
4632
5189
3177
4470
4366
289
7017
1299
7910
669
966
7041
2055
1066
4858
4582
5877
7516
7289
4111
4644
2458
3687
4467
5018
6526
3913
5390
4135
5609
2705
3961
4624
5345
30
3891
5916
7488
1095
5364
4828
3891
1176
3439
1045
4680
3680
2656
4021
2666
7111
1986
2802
6555
4747
1601
5554
1283
846
4311
3322
7070
107
1710
3374
4039
2488
505
7666
5851
2819
4383
5228
6287
1114
2680
1224
5292
2654
448
95
5704
5437
4487
7687
5939
5310
5151
5389
1810
5364
2884
6302
5996
7289
2792
1395
3486
5269
863
2601
2513
6713
6322
3076
1551
3636
3655
6418
3842
842
2363
7910
1778
5314
660
914
7184
5620
1877
3471
6577
6236
2806
625
3374
882
2733
753
846
3264
6873
5725
7557
8
2132
2873
212
6513
1454
4326
2774
1411
1426
2302
3499
243
3805
7368
5173
6017
6177
727
5905
5536
4502
6941
1633
7967
6682
6122
3789
6806
7120
7252
2542
5157
1019
3253
5794
338
1693
1014
5547
2739
869
2731
3938
5869
4907
4264
6964
5700
50
2662
3046
2569
3103
742
388
2105
1960
5812
7208
7051
1463
6952
126
5727
2911
3787
6403
5519
902
3809
4285
7302
1792
2239
2269
6110
1195
1657
5472
4930
6080
6988
5950
4944
5759
5872
4171
6835
399
6284
227
5593
795
3801
980
3195
6289
6297
7519
2858
3317
6555
4295
3817
7460
4850
5879
1782
7272
1958
4938
5643
3873
4174
1732
7358
4647
4357
6954
4571
5351
5686
2469
3044
3968
2931
156
1495
5286
2024
529
5950
5476
6398
3223
1853
3615
7964
4662
4742
5732
6426
4936
954
2534
5129
242
6492
4636
7442
938
2717
5744
7949
1857
3595
6633
5178
3902
7270
4507
2321
7371
2581
260
3681
935
4263
327
3468
7584
2080
223
885
2790
2090
4054
1852
2800
7343
3339
4785
6775
6134
327
1572
7617
1683
643
1784
7632
130
7297
1531
1627
1663
6513
3618
2600
1502
7619
7205
3301
7201
5013
7584
1808
6044
6296
742
7090
4919
5739
2927
216
6548
273
5202
6602
7317
7088
1566
97
6825
6565
3179
2435
380
3767
1455
2783
3506
3765
1358
1409
1685
7380
5013
4017
2044
2934
6540
1445
6140
3768
4378
3091
149
5952
6322
568
7522
1780
1496
1872
3666
370
2680
369
196
4336
2064
6731
3343
4269
414
7535
3844
3704
4686
213
6592
5500
5765
3498
900
2277
2491
3890
1089
2538
2531
4110
7905
5841
1349
1207
6400
7567
1860
2710
7041
7715
2188
3805
7547
1887
126
843
5553
4045
5530
6503
5349
1402
6599
6552
3908
433
5063
853
3881
585
619
3965
6233
7743
370
5493
4848
4499
6659
4413
1248
6135
7373
6220
7910
6360
7061
3146
7761
1221
7592
1381
5032
3224
1890
4402
6442
760
3355
7262
7698
266
4341
7458
450
7077
5419
5549
2182
6999
178
2066
3902
4318
2532
2217
7457
4685
7050
5296
6827
2404
3549
2400
2911
7784
3172
7316
6816
3067
197
3461
2133
7545
1240
6590
66
4783
1973
3397
6683
4939
7840
4137
2248
3861
7921
1025
5225
2085
617
5511
2070
5162
3285
5874
585
7554
7260
5240
678
4514
1216
7646
3612
846
5136
6070
3703
3632
3875
2868
1800
4930
3297
89
2067
505
1535
3869
1821
5221
5426
2385
3412
6318
2317
2253
5260
5246
4855
5963
5063
6529
1454
2781
7694
6283
5870
63
5742
1079
6472
5941
7814
5005
3635
3152
6717
122
7021
7078
2646
253
5690
5115
2445
4213
1312
2744
6548
1947
5459
1810
6259
77
2005
5298
2680
3561
7275
219
3788
6987
1337
1576
3148
2069
3622
2640
2504
6418
3985
2476
4161
7027
894
4839
3638
2125
1227
7491
6362
1985
1487
3709
6453
2663
6436
3151
5085
6000
7170
4787
2342
7832
1492
7244
4970
3656
2470
4079
1663
7748
6089
7865
3473
2285
421
3647
7653
5361
1026
2622
7618
4279
4092
6333
3157
5112
5276
1260
259
5898
7831
1431
1598
4561
1754
1670
7024
115
4649
1955
5961
2773
3534
5713
3291
954
3076
1535
2641
7408
2095
7998
5667
964
6001
3440
1832
7577
1760
769
5033
6202
4024
6610
7597
5393
7199
1156
4916
2476
7928
2644
961
4617
7198
1470
5276
3264
4945
3958
7081
4909
5702
6967
325
5210
3265
936
4755
6061
4681
1256
1849
5420
6973
7587
2306
6779
1923
7325
5812
3676
5286
1830
5382
2254
2490
6107
33
7891
4699
3935
1800
49
7807
5583
2456
5940
7285
4863
3949
2742
568
1297
3628
5352
5078
7171
2950
819
7757
4192
1458
1021
2982
4504
7760
7657
7095
4744
1992
26
7270
7540
2465
1802
5383
6329
890
641
1772
7940
4212
6818
6651
5594
4461
619
6641
26
5926
402
2046
5529
1560
4337
4960
2621
6621
1674
5307
129
6096
5594
3299
3458
2161
6340
4365
7626
1661
3268
3619
5305
5434
4002
2737
7936
2588
7272
758
1307
3463
609
4888
2941
935
702
2684
4723
6900
4336
2946
5480
5139
2063
4544
2112
6284
3579
2525
4193
7813
7426
3227
2987
4388
6287
6326
3524
5
2668
3378
1338
3534
3255
125
2172
6126
819
4761
2639
5184
4687
3954
5199
3456
798
2816
1312
961
4888
3827
392
3694
980
6833
6756
2396
3903
7543
661
3496
400
2171
2255
4562
3462
3304
5376
3571
843
3095
1506
564
4604
5982
1714
2499
7082
4000
931
391
2953
1316
6680
2734
6863
4737
4846
685
2971
6875
5614
93
7052
6009
7199
7985
2556
7630
73
7957
4378
7133
564
4412
6107
4637
7571
6367
505
340
7729
3779
4033
4871
1347
2824
6443
2267
3436
4773
7454
6204
31
4779
1725
2439
1880
2246
4575
4007
7053
3882
7769
5136
5632
5359
741
1883
6088
7769
5265
4896
6911
203
7766
5533
5574
4682
2189
2865
4489
2814
3764
7009
4627
3202
2104
1962
2664
210
319
1340
7208
4886
2232
5861
5044
4770
1615
2413
2799
2591
5050
537
1134
6702
7266
1092
6278
2565
5730
6202
2741
7440
1615
1906
3037
1049
4136
2080
4360
1564
2191
5226
7763
5146
6227
3625
4547
4240
267
5942
3616
1161
1515
1620
1326
3826
1792
2098
3632
6729
2944
7894
6561
4661
4006
6362
5271
4207
1296
4927
5653
4925
3607
5085
3630
7365
7932
7536
4024
6943
6428
2653
2405
7507
4608
3749
1383
5342
7386
2715
5271
4714
2730
4290
7589
2200
6117
3364
4490
6548
3655
4219
6387
7741
5270
2242
6400
7894
7097
6931
6684
6769
6593
3453
6268
3185
3389
5967
4872
964
1117
2886
102
487
2976
3542
714
2860
4988
5143
2439
6179
7661
1055
308
1117
5276
3115
3878
1061
1643
7129
7178
6527
7382
1954
3315
3318
5447
7956
4756
1516
5017
2600
3864
3303
5251
4674
3218
3748
3148
7939
7222
2527
3039
1800
1716
2583
1418
1801
5099
3648
4940
1995
5668
5076
4322
4687
7024
7341
4531
4179
3475
7464
4333
6025
1239
828
4836
1489
2226
421
7556
7847
6751
5873
7164
4142
3324
3195
1447
5704
7014
6207
2959
267
3338
6534
7035
1284
3039
6020
7299
5919
4716
6776
1038
1722
6044
6510
7524
7480
4776
2313
2238
6782
6728
2160
6376
4762
1663
7563
1280
4673
5038
7980
694
4443
2448
5553
2191
20
291
2973
2261
88
978
4753
5542
7823
558
4646
2345
1895
59
3736
1142
6556
7424
3305
4679
1363
7764
7584
1339
114
3758
6458
5366
2416
4753
6810
1264
6919
7080
3875
527
648
6701
7362
3123
6381
2069
2504
7172
118
1219
6542
3419
3799
2470
7647
3548
1295
5671
29
1
1881
4395
160
2126
4560
931
6770
2871
5808
3063
12
7015
5265
6128
745
4460
5023
3629
7325
1755
1687
223
6241
3330
1769
5597
4993
2488
1656
3928
6383
5509
1101
249
6934
5164
7717
1327
4202
7632
1675
5469
6512
6099
3793
5235
1240
1948
1565
1864
3073
5581
6621
1643
6523
821
950
2066
6717
6688
4779
263
6642
6305
6471
1198
7819
754
166
1823
4284
6790
1496
1002
7786
356
7773
5109
2235
7686
3690
3897
2268
4557
7077
6128
226
3787
6328
451
6114
4589
7066
7037
5471
1144
2203
5838
1005
6939
6193
4941
3013
1093
815
471
5563
7110
1751
3713
7757
7053
1380
7631
499
2600
7992
6438
6480
5954
5439
7631
5667
5665
7926
103
4932
6308
7737
3846
7321
898
31
5976
3280
7506
5746
6364
6874
3503
770
6293
6854
7807
299
5406
112
1022
6374
6485
6351
2460
7649
6164
5448
1252
4023
4412
3565
4602
3232
5372
5972
4722
2851
1484
5021
896
4965
2164
6172
6125
6856
5942
5372
1395
5617
1921
6462
7628
5842
7703
1980
3801
6413
995
5846
5681
1197
6640
508
6557
5776
2235
7744
5944
721
2292
4675
5749
1788
1218
1100
7645
1812
3187
5201
1087
4340
356
6468
7358
668
5881
2722
6193
4271
5474
2946
1601
3749
4799
2639
806
388
4368
978
1508
5472
1473
2212
7655
1418
2950
4156
6263
4279
571
1061
968
2808
6214
1700
6539
6543
5542
1659
854
5127
282
1530
7039
2591
4401
1367
6951
1630
1304
6958
857
7274
1191
7873
7002
1839
6480
1097
3935
2075
745
6807
1666
4857
1739
5365
2997
3325
372
4855
7175
6787
7099
3606
6414
6407
486
5778
3033
61
1364
3900
4346
1870
7697
1374
2534
7920
83
7895
153
3263
1275
2848
4029
4380
2623
1811
6349
7854
6618
4739
1007
6514
6196
2401
749
2563
5416
5041
236
7822
4052
6912
7817
4379
4030
3117
4880
1135
3223
2467
4119
4300
2656
5480
4277
751
3722
2993
7768
7336
4944
3537
6884
2803
6216
7916
4451
5584
132
5167
3438
2882
6369
399
3313
1667
6324
2025
4307
3427
1480
1567
386
1294
7570
3810
1927
1435
6422
2056
5001
7659
2145
4038
6413
4344
6836
446
6997
7567
5938
4448
4053
3290
2736
1491
4083
6005
103
756
4711
4821
2959
3371
2170
3880
6066
2411
7053
6381
3839
6053
3521
7663
7674
1917
7922
3641
4782
4945
3476
6683
2607
7962
3042
7221
4688
3306
3628
3059
144
613
807
7616
2056
2599
3718
4546
3960
4300
7382
5688
5165
3741
4373
3278
4836
421
2281
7196
2614
1694
4496
7784
147
5236
4526
1202
2667
7556
5496
1561
132
4257
3947
273
5831
629
4315
1714
1426
7224
1711
7448
7195
5611
3688
4884
7777
5869
4164
3412
7329
5246
1590
3226
3550
1916
2102
7021
5197
397
2158
3142
2939
6676
2960
2173
732
4615
5791
6670
2883
2104
7074
5223
2247
6044
6920
6489
1012
5007
7552
7552
6989
54
498
4952
2604
2115
6287
457
7010
5937
4835
4176
1235
164
1344
3547
220
1172
6098
23
7432
2527
6103
6379
6506
6259
6781
2501
7226
4584
4070
3498
3819
4065
6911
6247
164
7665
7363
1471
6067
4657
17
2318
1783
2892
2162
1801
4464
6458
7366
3280
515
5738
4263
6361
7679
3600
5848
3712
3363
6509
4562
3329
1697
5486
2148
6807
5875
5623
4321
4552
329
5975
7419
599
7960
7266
145
1764
4025
1624
4576
2869
6616
7090
7339
3990
7737
2122
6396
3173
2371
3308
2087
3587
3346
3121
2820
34
5186
3224
522
2210
5000
7737
6060
5765
2929
5578
7988
2538
4264
572
2964
1725
2222
4864
7249
5385
3854
5068
7476
1070
757
4405
4388
1759
7886
2792
948
5798
6671
6117
4536
7983
2654
3077
4335
3624
189
2505
3639
665
4425
3284
4605
7605
4868
589
2398
5679
1572
7634
4786
3293
3364
5584
3471
1826
1579
1501
5361
7887
7354
433
3537
2145
5822
2953
7453
4102
2804
1097
3017
1342
639
3143
6508
212
661
6582
6362
1404
5468
3455
3227
5944
7882
3420
5114
2344
4019
1109
4206
5595
1123
1764
3354
5323
781
4198
5224
6559
2434
3260
3919
1864
3194
7070
3472
2129
3882
7052
60
5206
4466
7627
1973
7730
3954
6160
4522
2584
1232
7210
5234
4159
3109
6484
5115
1325
4297
2294
7613
7187
4831
5329
4133
6890
7467
273
2056
4340
647
1132
2350
181
33
1942
1742
7999
1901
5486
4598
1318
4369
1529
4885
4196
6535
1146
7472
4235
7807
7250
7262
3250
7436
1971
4605
3101
3269
7394
3938
3362
3697
1026
2508
4838
1042
2491
2905
6803
1162
1317
5175
4561
6005
4800
6133
7009
3230
5963
1633
1936
7871
6523
2008
386
4569
3733
1792
2068
4081
279
1430
667
7238
2131
5650
6875
7831
6347
1820
1220
2955
6267
1067
5518
2922
268
3039
1818
4849
4292
7687
5099
4982
941
6611
6529
141
1383
3883
4297
1841
2591
1846
4061
1299
2836
6821
5588
1903
4142
2040
2068
1577
3651
2375
7078
2975
7731
5856
6143
5856
4361
7828
2698
5934
4311
5823
3539
6333
5
6875
3081
506
7874
6634
7148
679
5447
1315
5643
4569
3206
7406
2611
6508
1154
6229
2978
2779
2675
6707
2345
808
5715
2344
6671
1008
3428
5449
3434
940
2192
5286
2953
1273
1034
1921
6289
5168
5862
6044
4535
1347
74
2785
4942
6264
2057
3671
772
7349
1347
1216
2655
1526
3277
1932
6956
7587
1207
1312
3950
7715
3916
78
2194
4348
725
1633
1822
3024
4284
2097
6200
4979
1741
5074
961
5396
3242
209
3700
4417
4073
1090
3612
5277
985
3523
2179
670
917
3777
6866
2746
6619
4862
7889
7817
3030
3059
3752
1737
5393
687
5171
6361
2294
4247
7402
2816
802
5415
2687
6285
5770
77
3751
6777
4710
6022
4565
3338
5992
7290
6983
4338
3840
3822
2050
7927
2859
913
1609
940
2291
577
5636
2040
1470
5228
7276
7819
3390
4816
1973
6937
3041
292
5552
5125
3215
4765
1597
7504
1355
303
894
6266
7027
4055
2899
2807
273
575
3718
2645
1457
2492
7587
495
5607
599
5477
3220
3579
6939
3991
5416
2754
1065
1211
5970
6622
4452
7856
760
300
5913
4826
2192
1642
1855
6866
5002
3584
5121
1660
4118
2390
3680
2397
4758
4359
6841
5035
4704
801
4172
3619
5725
7492
6843
592
7374
141
3911
1450
7490
1470
4431
1314
6398
521
7634
6274
2865
7716
5512
5998
5237
2652
4485
1338
5590
1104
2246
2438
1209
5280
1728
6208
4417
7192
7200
4725
2496
7937
1786
330
5222
2974
5263
4227
3704
1120
1091
7014
3071
6754
4737
5687
4634
42
2743
2401
4285
1311
2425
5123
5205
4876
720
7368
3140
6337
2826
3468
5691
1709
2046
5641
1372
1608
3003
7442
7218
7765
6162
5980
7492
5500
7429
5149
480
1236
2177
130
7907
7727
6329
4902
7323
6281
6939
5670
2867
5038
7512
1416
5781
449
7206
6895
7254
1197
719
1547
3099
3390
858
7929
4826
4052
855
264
3270
5214
160
891
16
6901
3818
2650
6553
2244
7297
1480
4428
1294
3535
2409
5643
2255
7962
6281
4903
2752
1767
2828
1035
5693
6864
4166
2328
4804
4080
691
380
6426
5745
7440
4058
1746
5351
2083
6482
5978
2232
3563
2425
7467
4810
5292
4921
4135
3012
7267
5330
4224
6500
1878
700
2681
6507
2876
6444
7972
5389
2718
1691
1891
106
5681
5760
3191
6075
1739
7126
192
1293
2652
2980
1132
4874
6935
5141
7853
2511
3653
1974
5492
2068
7075
218
35
2963
6165
3460
1920
368
6860
773
2343
5057
7509
4451
656
3002
634
983
389
5128
6420
841
465
2522
467
3667
6429
7847
1494
7739
4590
2142
601
419
809
1408
3522
1801
6552
7738
941
5031
3222
3583
6943
3846
6061
1106
5492
3058
5025
6889
254
682
1473
688
2692
742
4686
3118
6105
3619
6824
4694
3726
3533
1574
3971
7314
2268
3859
4464
7968
2064
6139
3538
6529
3870
3159
7557
5971
2211
6269
177
6271
4343
7502
4297
4918
7787
7445
403
5292
6391
4614
4957
2571
6227
5829
993
4731
752
5119
1686
4694
3190
1703
3783
5860
1262
1202
2151
2026
225
4611
1432
3679
1238
5469
6222
1136
6781
3452
7740
4016
3979
2550
1199
3152
5945
6068
3799
50
6385
6772
1935
6517
5672
785
7610
6963
7062
4973
4230
481
1147
6273
4138
6534
6824
4784
4934
4454
4708
3750
994
951
5663
6496
1659
4620
2347
6420
4211
3179
2870
7049
6402
335
630
1107
5149
1079
3788
5784
1679
7569
2601
4874
4303
6151
2027
2447
897
6954
7567
7810
5510
5241
7115
3647
6862
3837
5323
3070
6185
5742
3057
3430
5583
6846
7527
7251
4047
5294
791
6536
5409
6241
2514
2603
3137
2461
759
7239
3958
7183
7034
1113
4531
7322
5542
4463
1014
659
5181
2399
7293
396
5388
438
5258
1112
3114
1671
5518
810
5506
7175
1622
5189
3293
7461
1635
5386
7597
4793
7591
1969
400
6068
6784
1270
7991
6708
5608
7449
2757
4593
3081
904
2339
2573
6908
3260
4857
3074
6832
348
7803
2506
4681
5194
4666
3171
1928
2799
4215
7301
7022
1809
5458
7413
471
1773
535
2359
3371
6701
5300
661
192
7825
3503
4404
4106
1567
3686
3624
3058
7300
6894
2745
7874
1705
704
1695
7811
7376
6936
6290
7372
7298
6204
6568
7153
212
280
4962
6675
3112
5894
5152
2346
3400
3973
1090
6707
4677
7918
7100
4388
5866
3943
5923
3515
4333
3222
4381
3482
4337
5205
7376
369
4247
799
1847
2835
6635
3802
2969
6629
2639
4980
251
4110
4599
3392
257
2553
5381
980
5893
2543
6303
540
2159
3766
3469
4249
1981
760
4540
3053
1139
4024
5968
7070
6000
876
7715
3738
3088
7461
5972
5143
4494
2815
2189
2791
3906
4671
6002
2219
5408
7396
1056
1827
6214
6881
3752
2214
3253
3956
7915
4909
2859
1224
5561
1802
4783
1250
839
4729
7942
7862
5816
3215
297
4746
319
3385
4894
1177
6878
4072
7082
6237
4824
5180
7939
7223
1310
4795
2770
6969
1473
7143
7531
6765
5741
5021
6079
914
3898
2229
1245
5574
7268
7832
5701
3140
3620
2918
5991
3757
5060
7735
2468
741
4004
528
1888
6739
4618
5876
4874
5299
3022
6152
6931
6665
1377
2853
1066
4503
6518
607
7946
2055
2323
4900
1198
3584
4501
2600
6454
5511
4652
3982
4273
3285
1052
6435
5809
6356
7053
5498
4098
5073
380
2913
1406
1198
192
7102
537
2896
2936
4215
3741
4925
6622
7392
4256
2701
5824
630
2165
1701
6510
2177
1069
3906
2852
7418
6134
7033
907
2443
5938
2054
506
2024
295
6749
3191
3372
4481
787
1599
4182
5778
787
4909
4845
5485
2217
3700
5700
163
2441
1028
7415
1199
3836
791
3079
1075
6777
75
1681
561
2218
4659
3728
917
3263
1182
4508
6198
5358
5898
4109
2347
2653
324
875
1415
3540
5936
7487
1428
1392
6291
3920
3027
2156
3582
1755
2065
6491
7434
3965
51
2511
4640
5171
7810
2909
4056
4169
5836
7215
3623
3634
4400
3380
6034
4088
1485
2661
6641
2573
4674
5407
797
7931
6732
5205
7608
6790
73
2604
2142
876
3392
2244
6843
4654
5551
5562
4947
2120
2263
5899
7234
369
4531
4647
1732
5639
5635
1415
6946
4655
2390
5331
811
3392
4360
6851
7484
3686
4795
6164
1510
6005
5619
867
6920
3273
4856
1877
3328
5521
678
1612
2534
6717
5732
3701
2543
3374
2701
6652
2619
4507
3688
2309
5669
1429
6049
700
5908
2360
6645
4355
2560
3895
2103
2105
6465
7264
2789
4342
424
921
3207
3953
5106
3366
7543
5809
1187
5404
4656
780
7205
5198
5652
3001
6596
7240
4172
4045
7658
5003
4422
7825
2206
7910
2566
2191
6214
4344
664
5772
319
7278
2319
5193
6072
2820
4347
893
5735
4817
705
3343
5675
2343
2522
2341
1013
2336
4334
3416
6548
7611
3112
1226
1434
2544
5014
1210
844
3760
7277
6035
7830
789
1141
1641
3559
930
2673
2858
3011
3198
7181
871
177
4304
4659
6277
5762
982
1579
1057
7321
3542
3952
7007
3198
2297
1734
1274
5688
4063
3100
1863
7464
4563
7695
62
4270
6316
7764
2943
4084
7154
5646
3514
3302
346
3205
6703
2030
6304
404
6367
1330
1978
3884
3843
3308
500
3955
4190
1117
7179
7681
235
1054
4960
3301
3122
4884
4646
6581
7728
7432
3713
2222
1050
7764
5891
566
792
6716
5783
5765
1540
2841
6918
5858
1406
6049
1247
393
2428
2807
5817
3909
5187
4894
7333
2141
1465
6570
6303
3409
1754
254
3318
1662
207
7099
1894
7352
5505
4530
3475
1636
853
4551
813
2432
1062
2488
5095
3926
2167
7510
1195
4237
2701
5602
1005
7323
1732
7494
6430
6536
6026
1274
6076
3577
6089
4048
1585
3414
3317
2
3638
5194
7024
185
5759
7184
6771
5549
3176
4120
763
2810
5392
6864
7456
3718
2756
206
1551
7717
4828
6284
2205
3270
1453
4568
7400
6174
158
340
6291
1567
2657
