5644
2789
3992
3612
290
3455
5616
3658
4214
1523
979
2762
7713
3266
6020
7805
3393
5057
4218
3010
1432
1266
1060
653
7776
7316
6070
34
2149
376
2535
6432
5705
5083
7118
1132
7800
784
6919
1170
2450
646
6381
6418
6299
3696
3748
19
5716
7206
5408
3206
535
6713
6941
1642
5577
1777
3937
2407
2038
2400
7386
5853
7663
5369
1496
4840
1195
7404
6869
5145
6752
4608
1407
7259
5459
2533
892
7995
6387
5280
739
2539
2253
3021
6518
3815
4669
845
3474
4140
3540
1936
3294
2436
4456
3921
4830
7544
682
1626
5110
1929
7664
6942
7035
2454
7153
2358
1941
6507
6125
3706
5743
6423
5768
2099
296
2759
3373
1581
3765
6882
3524
3724
2972
1957
3940
6469
2415
4107
7261
832
2093
4305
2021
3050
5465
2790
4439
6736
7367
7692
1401
2618
3045
2328
696
1626
1636
7735
3990
1177
4869
2928
1721
6118
965
4296
5935
3952
545
6737
3108
452
2191
2669
774
6746
3171
5208
3050
5845
4153
5456
3401
4543
229
6554
7137
5182
3370
4450
4252
7078
6802
49
2006
916
998
4514
2427
1256
2245
3598
1355
5087
2620
5623
1608
7022
197
158
4073
1396
4563
1443
5416
3582
5654
4511
4819
7759
7636
1768
2647
2807
296
5866
7900
6242
2089
4822
7530
5019
5987
634
2779
2910
3653
4388
658
1854
1016
5639
2420
6193
2838
5953
3742
5284
6068
1133
7441
4035
4178
3687
3671
2860
3998
1346
22
3390
3449
5329
2804
7400
2368
5047
4592
7545
3635
4834
3019
6604
6849
4825
706
957
525
3696
7122
195
2094
4268
1209
4803
540
7112
3094
3009
7002
5079
2000
1931
2117
2406
3460
1491
3497
6542
1317
532
1132
1569
3050
3341
2887
2994
6140
6385
6844
3372
2393
4430
4581
3294
7478
3029
1607
1700
773
1059
1219
1869
5811
6457
4226
213
133
4747
80
2550
4356
6155
7041
6778
185
7220
5027
6417
5584
2107
3018
2668
7101
2722
7394
1180
3757
5608
6047
6293
4932
4969
1100
968
394
6337
1802
1536
2057
2208
6112
5576
244
6807
3639
6951
2417
6899
1840
4518
7845
4185
1693
2163
1501
5384
4300
5394
6145
2090
3401
1837
4539
4303
4327
7808
523
2323
1235
3492
4397
4483
5769
4808
1841
3548
3925
6194
6127
1353
6298
5266
4993
5773
3488
1942
667
6604
1741
1113
4366
7168
1020
4462
138
739
7112
2388
6500
3044
5494
4614
7705
3126
7172
7357
7714
7938
2516
744
3997
6860
72
6566
5819
2538
6508
6834
2844
7231
4334
7317
2842
6197
7747
3737
4766
7464
6775
3886
486
5706
5095
756
2950
2663
7874
683
3772
3051
6108
1000
6138
2856
1324
3504
4770
5535
2161
5199
2433
1754
6416
3692
6088
7453
1634
1112
5949
5359
11
6885
5770
7384
1156
968
2627
1602
5709
2379
1847
3446
3245
348
4178
3413
5780
6682
7680
1053
7751
7642
2969
1768
937
6684
5354
2836
1893
3618
7360
3924
4854
6282
6461
4056
7901
6613
1222
3005
4673
1462
956
5501
4108
4117
6530
4253
7496
2042
4479
1875
4474
7898
3651
1110
664
34
1432
823
381
6435
7567
6997
3847
6779
95
2630
7030
4986
7385
5345
6183
6237
1249
974
3202
2368
7760
4049
3901
443
2573
6534
4265
6402
6196
3302
7064
4504
6713
588
1757
6485
6465
6661
6637
7531
4805
4205
6553
1698
7238
1888
2672
2952
2267
6523
6849
5542
1604
2707
7022
4289
3375
3297
1170
382
3853
7251
5808
2796
2589
3435
1053
7626
7249
1713
4864
7961
4514
2316
1183
2351
1428
480
4347
6247
6148
3894
2195
4855
3176
7125
3647
1116
3346
6683
6484
5797
2305
6122
2548
602
6276
5724
60
4872
6746
4243
2190
1780
6255
2208
2398
1426
6233
4390
239
4760
568
6324
2237
3914
7858
3778
5723
4573
403
3974
7400
1298
1424
7591
7816
2293
5337
3596
1518
1319
5308
1455
4375
2112
552
796
4229
4894
6206
666
6641
5035
3085
2231
2221
2777
6302
5442
881
3800
5554
3095
3607
7553
6924
4346
1364
6404
3388
5057
921
1840
1925
3806
1249
3255
1268
1275
7288
1558
2312
1525
3810
4832
1233
1363
6259
1049
1846
5415
6546
2004
326
6008
7936
6134
20
3377
3904
4239
4939
3567
211
3720
3350
2271
5317
2768
1851
7511
1640
4655
400
1899
1297
5270
2577
2557
1858
6356
6950
238
7535
642
5732
808
474
7186
5917
3940
6676
5921
1561
6639
1082
7290
4781
7801
7982
7953
4695
1814
5361
5917
2396
5159
741
6274
2972
2728
6309
7606
4388
6532
838
1954
1737
276
7528
2451
6725
2644
4197
7807
703
4501
3652
5501
7110
7333
4299
5665
1949
5503
161
5663
6013
831
7691
5684
6473
3095
3127
7707
3546
630
6386
3373
6765
2388
3566
3578
6928
1294
2275
2496
1721
6473
4785
2788
2027
7084
7769
5896
6250
740
932
2252
6082
3055
1858
1866
4566
1216
2684
1641
4341
5773
7721
5311
2031
6300
832
4734
1581
207
7137
7507
4890
965
1503
4604
6308
601
7570
715
5305
3185
4846
6246
1743
726
5389
5135
7234
5438
5671
924
5742
4551
2210
1583
1026
3462
1227
3915
4163
6220
6555
7654
3736
7863
2542
3799
6351
3305
2389
1567
7786
1921
1609
4920
5001
7919
4274
5406
3959
6029
5580
3007
6449
5288
5936
7987
2360
3081
3251
2492
1784
990
4849
4167
6524
7601
6712
5365
7179
5284
177
4445
1672
5680
6892
7308
1542
7209
2602
199
7973
1592
2963
1396
3422
3506
7183
3927
6781
1991
6218
3522
4637
4490
4460
5131
1484
1565
3104
101
7106
4028
5334
252
7351
5722
3440
4055
6131
5003
6670
5234
6584
786
958
7600
7666
6163
1604
1308
6990
4341
4100
321
95
3276
6337
3622
896
3962
5212
5210
2948
1023
4791
2997
6859
4590
806
3624
2379
1485
1798
2223
4903
4997
6317
291
3976
6425
6196
3609
1372
365
4172
905
5940
2985
1118
5042
6915
4222
3670
1976
7583
2800
24
1862
3028
3561
2557
284
1865
1653
5901
5625
6951
5227
6289
6620
2468
6828
5724
2491
4598
4723
7637
3833
2262
27
2792
1466
1114
4943
1921
3961
7790
4442
7812
1256
5378
7105
3521
501
5402
1174
584
5649
81
7979
7227
5978
4181
5266
2234
7767
2150
548
3112
6207
2040
6680
69
4160
2638
7813
5580
5536
5648
6017
576
1489
6306
4136
1761
929
90
925
3268
5876
5111
7708
7958
6486
1971
2883
1790
2554
2184
2388
4438
5733
7414
7889
5117
6784
2331
4110
4106
7898
6128
757
1643
4695
2508
912
3445
3353
2264
5695
4090
1221
7914
7020
6706
2101
5201
3501
2826
5936
5716
2011
2199
3819
3914
6775
7765
3631
3197
926
4973
2701
6201
6069
6829
5978
1631
843
124
7459
232
4234
6245
7746
2532
756
6422
5745
5465
942
573
6682
7132
4197
7554
4264
1301
7843
5643
1648
2493
5066
6018
1423
6023
7819
6331
1551
6236
241
7731
5471
5897
5780
138
2560
3253
2563
6966
6113
288
2072
7431
381
7855
5022
3012
1043
1782
4339
2012
7182
3774
6248
3622
7153
4583
1211
538
4023
5322
2883
6906
4974
3777
4643
3220
2135
4173
4168
3435
4402
7144
6513
1269
4742
1560
653
5866
5093
5703
6308
5319
895
2080
504
2210
952
768
4717
942
6832
2449
3820
1989
7756
3484
6449
2267
6656
3884
7762
5808
6966
80
5546
5944
4683
2224
4238
4521
1509
6967
7768
5597
6976
142
4251
4166
2389
3205
1318
584
5093
641
4587
1881
5543
428
6352
2720
1620
3428
3527
378
3917
7800
5608
4254
4050
241
518
5484
7974
1145
3593
5546
1287
821
7380
3021
4053
6550
4237
3056
5739
683
7061
1805
2139
4711
4907
567
1122
5859
5079
31
6687
7721
6716
4945
5659
5939
5982
7159
6902
6279
1707
7301
5462
2165
5307
4649
6209
5464
5419
5116
7132
5570
5378
6690
7075
657
1005
6179
5534
3590
277
5719
3747
5394
4628
7053
982
275
1651
7566
2959
1768
1599
3164
7249
6359
1575
796
827
267
725
6667
2320
6863
979
1248
7495
6481
3071
3047
6697
5023
3931
107
884
6595
2452
4451
3683
672
1644
2878
4305
907
9
6918
4141
7040
5814
3499
4932
2447
508
4140
3569
303
3900
6243
7095
2099
5893
1840
5919
4024
7941
345
2790
1230
1081
6217
1039
167
6442
7878
235
3754
3941
1175
7522
7181
7048
4525
3675
4907
892
2503
7411
3695
5310
5674
7967
3443
6560
3068
6069
4676
5156
2448
3319
1209
4852
1349
2543
3259
7258
2054
568
4177
588
2733
5819
1793
3630
2139
5097
6199
4803
4391
6697
194
2022
986
7139
4734
6800
1693
333
1868
2915
72
5713
3006
579
42
423
583
7440
4860
2993
5264
880
6101
3853
2721
1950
1863
6842
7855
6800
3490
4020
4119
2353
7382
2168
5565
6182
5996
2960
7536
6751
7178
4666
3811
6352
2520
2715
4454
1866
3961
3555
1310
3757
6388
6680
6001
4951
6517
6226
193
7728
6311
5510
5058
7646
297
2781
6536
6971
1419
4000
476
6532
7645
6103
7595
3690
4527
3590
3697
3239
1845
1458
800
1592
6183
4941
1861
352
2696
1219
5295
6084
2194
4251
5915
5512
5272
4281
7692
7291
1981
2751
7525
7642
3691
1899
211
6226
688
3716
1875
2778
2820
5149
4720
5046
2652
2902
4792
4170
1429
2561
1538
7732
7510
6329
3584
7568
6102
1810
5811
3925
4136
3163
3066
6054
5025
2751
4112
4517
7876
5817
724
7335
7459
3893
1201
361
435
4957
1282
4376
7142
5281
1159
849
7350
789
1506
4522
1045
6468
7329
4635
5662
2147
2028
7640
2716
930
6891
3346
1846
2598
4649
782
3494
4055
1090
66
3784
4583
7970
3804
7646
5823
7748
2703
6535
2143
5576
50
807
194
7410
6417
7509
6659
1157
161
4584
7439
77
1023
357
6707
3087
1549
1940
2621
7982
283
2758
3064
3163
1009
1132
194
3258
4682
6408
6252
5314
2241
3261
5797
897
5792
5817
4526
758
2268
1243
4263
6413
7112
1173
5000
2232
4974
3179
188
3413
4364
5829
3002
7925
3776
2319
356
1249
5785
3503
1399
1874
845
1578
1208
4588
3458
6190
5039
1237
7257
4383
7933
3925
5588
5547
7293
2688
2743
2811
2300
3578
2297
411
1427
4274
5993
5982
4497
693
7132
3127
2267
7524
5064
5333
7401
1853
3820
3617
710
1861
6878
90
7162
6253
6987
3064
7627
2425
3449
5741
6600
3559
406
7053
6720
3609
2434
3839
4924
2137
7659
1399
7200
6045
5707
7828
5345
986
5386
1600
1311
6825
4672
7355
3594
1200
1761
641
6479
6706
370
6794
7286
7864
6686
7165
1792
855
7992
234
6367
2707
6344
7096
4318
6257
3235
3574
4194
2102
1283
1486
5159
7204
946
7434
1747
5031
4898
1128
1737
7612
4130
3013
5931
5170
6887
100
4347
6751
7517
6763
170
4761
4426
106
3936
2795
1598
6390
1074
4515
7686
2160
2367
6462
7684
4225
3830
2992
657
7807
230
4380
1250
2038
7980
5662
5077
2806
2624
4082
907
1809
6675
1113
6406
1127
7053
7388
4392
1951
5155
761
818
5974
7115
3338
6105
6244
585
4569
3578
1320
7635
2705
2993
2145
3655
4854
6506
7224
2640
407
7816
4517
3040
2445
3846
3905
1749
6795
2698
2075
688
3158
6231
7648
3080
3838
1432
824
456
7042
781
2695
3199
7035
6917
2463
1645
1864
7579
2235
5534
5903
2593
574
4897
3976
2686
181
7865
4136
167
5486
4630
346
771
6628
2279
5516
3286
1585
2756
732
4401
146
5839
5692
4621
2736
5880
2711
2211
7364
4993
6359
6839
288
269
6107
7079
7390
5614
3820
3892
341
7746
6182
5153
3814
4207
2642
5016
5043
5974
883
6121
641
7428
1116
2298
2789
2623
7029
7930
1201
3176
2156
2329
4962
6334
6801
3235
1474
4032
5204
2834
3706
6273
1173
5380
6335
1047
1809
2956
4906
806
5765
903
1883
2457
1399
252
2164
466
3003
7040
7505
7195
504
2170
103
3083
5482
6656
1851
275
1191
2941
263
591
6593
7846
6834
5645
7039
7230
7605
1259
2318
564
5712
4356
1334
5359
2289
966
1234
87
3930
861
6259
1043
6888
1544
4138
1681
6819
545
6992
1914
3242
4202
7994
7286
3159
4659
1851
6330
5956
1773
3190
2478
3247
1286
4163
6173
5379
2547
7909
2098
1868
2411
1062
3864
5188
1796
1270
7896
2139
6679
1640
4670
2462
6708
471
6090
1526
6822
2239
3560
1835
3864
1713
1522
698
63
2659
4734
4734
6314
532
1175
1031
1296
5051
284
5547
252
3064
2512
3839
5958
4191
6454
6161
5043
292
125
4852
298
2805
5664
1190
2113
2433
7280
2752
94
2989
808
7062
3689
1959
1281
810
2128
1362
607
4100
6448
6655
6416
7993
3601
1598
4590
5551
4961
7560
4940
3547
3801
5097
5906
3343
7666
3199
4520
2219
6878
6345
4881
4304
3721
7959
2960
2761
1067
157
1426
2186
7324
2754
6861
7403
4722
2549
2941
4520
5094
5800
7161
7084
3288
4096
7928
1101
4534
1836
7885
7203
1349
2743
1114
6089
3830
1413
4082
2984
6340
7649
4072
1207
3280
959
7214
2483
7045
3078
5566
5641
3119
4941
4154
5126
782
1843
3500
308
6154
3017
2676
4805
6110
4928
5098
7573
604
6117
3772
2368
521
4263
1457
4291
2333
4427
7005
7965
6463
2328
298
1464
4951
5312
3965
2333
1943
5781
5201
4333
1848
7410
2587
2108
4557
6641
3985
5559
7643
2490
2472
5752
3656
7042
3055
5655
6238
5742
3777
1089
1381
6554
7328
1777
3405
7019
729
1893
6958
4983
7737
7832
7458
2625
1663
6506
6818
5907
1508
483
4790
2942
3708
3024
867
2491
40
7459
7510
2650
1615
2928
3841
5903
1941
7714
5063
2177
3861
3860
4965
4718
5632
6410
4695
2274
3019
7002
5284
5336
2799
4417
3908
4463
7765
3493
6764
6598
3553
5838
7289
3598
4350
1986
7368
1604
5399
3998
400
5785
2815
5853
5113
6502
1113
1965
4793
3574
4416
4831
7396
2149
2442
7225
677
7791
1111
7081
6175
6908
3419
5130
3289
5324
7115
3064
1824
7231
1577
6832
6953
2171
1625
4633
2807
5234
5388
1641
3481
4745
511
955
7874
3704
4769
5169
3281
6944
7528
6420
7445
6070
7289
3711
4075
2932
6715
6443
4328
6917
3546
4364
6501
2421
1442
4354
1946
2628
6178
3282
6199
1728
7098
1340
4007
7743
7063
6032
5367
2275
163
1654
6927
672
2869
3625
3088
2582
1943
1886
6763
7580
4133
4927
4757
7965
163
735
7925
6521
3972
6256
7741
3075
4194
5969
7610
1016
7568
540
6587
2371
1635
7185
3926
6425
6912
5891
5466
6691
4859
3647
5560
7999
7872
1507
7471
4998
311
6792
6804
6534
5655
7819
2383
6001
4904
3687
3618
2831
7520
7978
5264
2527
217
737
3911
5196
2722
3061
7498
1683
6426
12
5092
3683
2105
3832
6947
7814
2544
2337
1176
7411
2561
7463
430
7030
5415
2458
3658
7377
2861
2853
6592
5418
3025
4160
6827
5725
4265
6834
7426
6461
6307
250
2936
7888
6060
5713
5540
5047
3646
6036
5694
6064
3667
2486
5905
5882
5296
1155
1097
1771
2504
6116
7624
450
2991
3725
4855
867
1833
3577
3506
7022
1900
739
2203
6023
6472
1281
4900
4846
721
1764
5467
1104
5659
6181
85
623
137
1299
1923
2631
6291
136
4803
5136
286
2252
4816
3366
2531
7351
5443
2014
1185
7895
2647
6565
2748
7273
31
1962
5507
5564
526
5320
2707
5456
2572
979
7697
4554
5220
594
1666
5229
1624
5692
7962
5008
4695
6351
4954
7664
4278
224
2750
3754
1318
424
6604
6899
4204
813
3459
6802
2767
6738
4572
2338
6274
7753
2460
3175
846
7613
3562
2076
2931
3367
4900
7653
5755
1844
7025
4222
5661
4989
3072
58
615
7765
6160
6499
6610
4507
2364
5719
2359
6522
2141
7633
5538
7041
171
4792
3017
255
4584
1896
7926
1149
2248
1961
573
4705
3918
7473
2203
5021
3679
717
4586
218
4319
3714
2749
7105
482
2319
1909
1746
3122
596
6305
5918
4999
6441
2270
5030
2775
4639
3431
655
6224
963
1001
7013
644
4735
68
7997
334
7353
2258
1019
4290
3099
6453
1789
5737
5170
1685
1759
4719
2723
1131
532
5039
1441
4101
2914
3587
3537
2674
7975
2678
5483
5810
4244
5267
809
3746
1760
77
5319
2591
7609
3296
2055
2878
3918
4011
3288
5306
2403
334
2580
830
6480
2234
707
1591
6770
7592
1512
620
3985
5854
3885
188
2899
63
2310
575
5596
1569
7789
7547
189
5160
5864
5150
2665
1926
6025
5865
7188
1855
4743
2508
7517
6555
2939
2519
2826
3652
5702
1721
5218
1679
1967
763
6463
3735
5576
1200
1378
4850
6602
4105
924
4824
3289
1358
1499
234
2641
2499
4219
4153
832
6044
5682
3676
2879
1484
7072
7404
7229
2733
3921
6386
2790
3741
5226
7950
1078
4728
6207
5326
1402
6944
6103
205
7424
305
1412
6251
4318
4665
3900
5918
5903
6251
4740
2959
4597
2401
3433
3209
1454
5270
2460
2243
580
70
616
4638
2901
6695
1933
2044
5098
3879
4186
802
4910
5152
3372
208
4955
1027
986
6516
4657
1718
2925
3329
548
372
4985
5232
2477
5407
2328
2665
180
7892
222
6088
1368
4067
1078
2812
1962
5477
3387
95
6502
1679
2112
7880
4300
5035
5756
2370
1213
6173
7832
3814
2346
7387
4838
4655
4654
2750
5312
2446
3731
3734
2264
316
610
5503
1843
4578
2853
7245
874
3482
1543
5625
5809
2298
2359
4002
5379
741
529
560
1537
6772
7816
4572
6057
7463
5523
1270
3395
5701
5687
5029
1939
7171
1145
590
6963
6566
7192
5382
6535
6547
7591
3920
7489
3340
6186
7347
4182
487
5374
4239
7458
3310
5322
2084
7133
6469
2721
4225
1223
4697
5751
7999
3259
7248
350
4852
1511
5310
7764
893
2307
1707
4766
6455
270
7169
2772
2458
1247
3949
31
981
2839
2382
6480
7645
1887
5326
5906
7271
7477
4755
4855
1467
2378
1085
2940
2776
808
1643
1526
725
7050
1
1931
708
4650
5463
2989
7404
1214
5408
6848
5669
2356
3198
5630
5856
1781
4331
3624
3659
5372
6792
1684
3578
5922
1413
5757
2963
3441
1085
4827
4956
2033
1262
7513
7961
3669
7053
7430
2943
33
7800
5105
3109
5265
2886
5545
7712
7641
7728
5827
5444
4045
3925
5611
3969
3117
471
7365
2307
3520
5302
3213
5100
2012
6334
7391
2083
6193
1986
6072
6522
6573
5745
4109
2387
7185
2978
2467
3590
2014
4822
1079
7140
6773
4232
6293
2002
4697
7942
115
4715
6722
4320
6073
6632
5579
1761
2556
1689
1873
6189
2186
1219
2307
7835
6781
6126
2340
5735
3869
2927
7856
3391
1822
5712
821
5607
7678
5792
589
4899
3913
2596
4628
525
1838
998
7909
7075
3749
2615
6992
4320
901
925
7602
7763
539
4286
5464
6764
7768
4060
1219
1895
1626
756
641
6802
4131
5924
287
2441
6331
4720
6747
3838
1170
880
1593
2082
402
741
2474
6419
5933
1755
2931
6310
7047
1271
6011
6142
4669
5455
3793
4084
4191
3331
4543
2271
1631
678
3680
3915
7933
7184
4036
5566
5959
4513
1263
7425
664
5699
216
4344
2390
711
305
3104
7875
4551
956
570
5455
4911
5638
6533
2367
3981
7878
5815
4441
6393
6828
4916
3765
7863
3347
2979
4599
7530
6064
6969
7016
105
2510
1893
1888
6011
7976
6394
3504
1285
4783
2615
381
7389
2759
1976
4754
3925
1915
5104
4769
194
5202
6513
1412
5092
469
6987
6469
6699
2496
365
6093
4114
1221
5353
1845
4788
2146
5834
3612
1263
3164
7258
6161
5846
1113
4770
182
778
28
2035
1281
4605
1075
2612
2579
7967
5687
1511
2693
2982
3743
7961
282
4623
7543
1883
6528
5489
6592
2521
1473
5685
2072
7361
6423
3100
4701
1353
4539
1207
2971
2602
5923
726
6476
4288
7838
3491
6843
4140
6170
3768
4115
4114
5537
2472
4086
3889
3110
2587
3858
797
5373
6332
1010
1625
2911
2534
3727
1898
2990
107
1464
1688
6611
5126
3456
1711
1984
7146
3400
3924
5105
4838
6139
2599
7529
7293
2484
4122
5616
7766
2289
4941
6791
5020
1105
2833
4098
7405
3713
2723
2090
37
6481
3335
2773
1427
7972
2816
7843
1194
7456
1741
7507
3800
6407
7702
624
6601
2075
2420
6502
5075
3772
7981
512
2801
5259
2857
6407
4111
4776
1086
5970
317
3271
4393
4160
4873
3596
444
3842
1123
5839
7912
2681
5318
4249
7421
1336
3317
6414
6841
3272
1416
2245
7785
3541
1116
4785
4622
6564
4532
1985
3525
4748
3154
4500
6590
7548
5640
2064
1181
6099
1633
2826
1663
1781
5104
2586
3394
4366
2813
6985
1648
4469
6343
2398
3851
3466
462
3434
2512
2574
3856
6186
7171
1232
3960
2741
4838
7646
7397
1716
2946
1977
4061
1424
760
1141
7800
1416
4608
6592
4661
2571
3776
1810
7103
3527
7447
4766
5543
7582
7643
1201
7686
1229
6880
3482
4752
7170
5056
5675
3789
1380
1740
5299
2898
4141
1761
1970
3174
2448
1860
5639
7754
3758
2385
2590
7518
7233
4376
2885
3010
5940
4423
2939
3637
775
1779
6741
1232
1276
4390
2109
4236
2276
3539
1398
6975
6676
6153
684
4850
2119
4802
1784
1023
5719
6082
4280
211
4601
5989
6102
1958
1354
6348
1475
5727
5005
6696
7497
7801
4444
2754
7237
7904
3737
3136
4706
5379
1122
2526
5913
4713
7195
3856
109
1112
3943
5577
7678
3149
19
1945
7481
2578
3525
2605
3211
3362
4733
3594
618
2816
6009
3379
2185
7207
7074
7549
4631
4465
5803
4659
3809
3269
3963
2892
2461
2929
656
511
1165
130
2982
3403
3001
3441
3346
4611
2987
5686
4525
2813
5942
815
5626
7508
2596
6018
4270
7997
6715
2993
7998
1851
7259
2454
4949
5696
5359
4111
1505
1282
5435
5515
5036
4268
7571
2073
1324
2873
5168
4034
7236
6952
5814
2253
1030
1759
1598
1239
1116
5057
4474
4710
2138
6053
6005
3378
314
3150
755
4912
4228
2475
4684
7169
4412
1840
2318
3627
2009
6507
6550
4196
3510
1692
2353
1444
6394
7453
1922
3110
4943
329
5862
7412
5900
5160
199
6526
5935
1021
4956
6089
2110
3325
6793
979
2215
1506
5885
1395
695
5988
7980
3065
4413
4558
2072
2471
5264
428
102
3276
559
3275
5874
5271
4179
1205
3446
1815
7704
6423
4036
2142
5776
395
2420
4958
7556
917
6811
6649
809
5441
3302
1916
2534
2596
955
1061
5651
6758
3458
7130
4634
3052
677
894
3810
7327
3352
2134
2097
3307
5938
2463
3101
2261
9
1482
6210
1043
3328
6738
7483
4891
3046
1037
3646
3468
2954
2921
4436
6899
5187
3008
5167
6245
4628
2210
4601
3082
1149
1384
4527
1166
2904
6721
378
1641
2651
2289
435
3488
3172
5311
6081
3235
583
3134
7151
3503
2634
2343
3680
231
1509
6624
862
7844
6240
7158
5062
741
7407
3956
1834
7895
7978
7336
1688
5887
534
4461
4344
2209
2679
3908
2622
109
6460
5559
2516
3027
2814
6091
6854
1729
526
7767
7830
1851
2834
5174
505
669
7586
2467
4846
1779
3512
274
1352
6342
886
874
2426
2197
4763
5241
2296
1682
4826
7506
5698
6073
4087
1651
401
5503
6568
1529
5910
5572
2881
2372
2444
1612
3613
104
7534
3497
3390
219
4681
1774
5617
3827
5368
3581
385
6168
1915
2419
5477
6511
5174
7309
538
5816
806
2281
1739
6484
1039
1636
1118
2126
4169
5152
276
634
638
2115
751
5228
5032
5688
6022
2225
5904
855
6378
5339
7638
7254
6835
361
6413
2826
3195
523
1959
4923
6464
772
2347
4084
1265
3444
3235
1876
716
1545
803
3911
781
4381
2679
1761
2436
2495
1375
4409
7384
752
6117
6069
6258
1091
6592
6917
7084
4412
4332
4436
6634
2185
3613
5377
6791
5164
2038
2095
3699
6967
2358
476
7752
1440
3218
2636
7604
4412
2935
6005
628
5390
6024
5189
6654
2851
4142
6182
7638
5818
5268
6577
7372
6440
5420
1830
5245
7197
888
2535
1177
5374
7483
7732
4081
2207
7237
3207
3793
7229
5108
6445
2668
1520
6242
7478
5270
5118
2712
34
1449
6710
2949
5087
1711
5386
5166
919
4791
1110
1820
2376
1533
848
6825
4634
4212
2754
2308
5040
2292
7763
1411
904
2856
1772
2580
1697
7027
62
2846
6114
5919
4142
3445
5482
7781
6156
7964
7547
1473
6194
6410
1371
1914
417
5711
3563
6941
6038
4681
780
3583
3406
4052
4780
589
4937
3746
7619
4543
2792
1629
4352
7152
5841
6421
1392
4508
3747
6201
4137
7406
199
6308
4787
1014
6576
4859
6157
5517
7184
500
6003
1244
4296
5174
7094
4099
5605
4139
2422
943
2612
7897
510
5279
2532
4108
1245
1943
3
5980
2970
3885
2378
1507
1599
7054
481
5269
902
6331
3749
88
474
6963
7179
5553
1083
5840
532
4422
6440
7550
3399
2706
1471
7925
1764
4654
5791
6197
2850
3673
6427
2492
1161
7453
463
7337
7621
7417
3374
6590
6717
5384
3791
325
3004
6294
4685
4275
3041
3766
6290
3433
7277
6393
5761
4824
1471
7405
1643
6196
2680
7332
6301
7121
274
6525
2321
6054
929
270
7704
2159
5416
462
2007
7824
7457
5728
5329
712
2186
7406
930
4980
3126
803
1668
7039
2835
6286
7825
2070
3277
7321
3429
696
687
3649
5065
6057
5416
1923
7245
4936
2385
2193
4978
6399
7754
4491
3067
6064
4149
4252
5590
2472
3363
2649
3109
7071
7363
4605
2947
93
751
4061
1962
5653
7457
1757
1401
5216
2210
343
747
958
4134
26
2359
1037
2287
7254
2555
5195
7304
5225
2601
6146
3585
4466
4438
4626
4998
855
997
5116
1866
6422
1473
6617
1478
293
6119
3921
2586
2736
2846
5232
6544
5784
1111
6575
482
7011
831
2450
5902
4951
6448
2285
4079
4477
4178
6596
7853
437
6758
2769
5532
798
3825
469
2939
1315
3883
7119
7184
6130
2135
897
1305
3751
7478
6711
2768
5360
4726
3117
450
7074
6907
6241
7773
665
6552
7446
2000
5671
4563
7213
2977
4427
2443
7357
7342
2515
1859
6773
2466
6526
4836
5889
7826
184
5387
2478
5725
3163
1187
7813
5638
5838
548
3760
7260
5112
842
6392
4296
6163
7262
5760
4265
696
2470
7694
836
452
4515
2985
2062
7191
42
7121
4299
3178
813
1477
3328
7986
604
6973
6369
7502
4506
874
3972
6800
4183
7656
5905
2851
1391
117
6099
1143
4520
1610
992
6153
6155
2049
5515
1475
1772
874
4374
2622
3245
3797
403
6808
2236
263
3448
4443
973
7228
6325
3488
443
3344
6232
1786
385
5460
3090
6800
3295
1518
620
1608
1344
5042
4107
2069
5153
7376
2718
2878
1271
6916
7177
1800
5289
3316
7166
5553
748
1740
4517
3277
4330
5428
5088
6310
7065
4476
5454
7495
4164
5383
2967
5252
7992
4122
1025
7606
936
6042
1408
997
6775
267
3585
6777
5279
4239
7805
2299
3694
7746
3341
119
1521
3972
1075
144
1247
2377
4495
2171
1008
256
818
4283
4
4746
6145
1546
523
6301
3515
6991
7647
4528
3362
7302
4519
3557
1130
805
428
7515
6469
6936
6932
4674
1646
4724
3365
377
5692
260
2602
3468
2749
5851
84
150
3898
3267
5234
2300
1029
6525
7749
3265
2159
6531
7526
5058
7455
2002
2941
4539
6740
4897
2184
1307
127
5423
5485
1785
941
1792
1914
4455
1320
4597
7558
1599
62
7504
2991
5955
3442
1310
5720
6114
5205
5618
4667
3616
4625
7602
4454
4047
6813
1379
1735
1427
7999
6091
6563
2317
6536
2444
6193
4512
6679
4496
7099
6999
460
2939
5805
3941
3635
750
3180
6310
611
7671
5773
890
7137
2744
749
4441
6619
3443
7927
6105
2975
1928
5713
1857
5797
2420
1896
2079
2977
7412
1830
7574
6011
5537
6588
644
2886
7069
6266
636
3927
1273
4440
5006
305
6625
2339
6398
7151
919
118
6265
3296
2501
2261
7479
1917
5820
3088
6129
7998
4531
7347
369
160
7403
2768
7881
3904
6368
7455
1417
6704
6697
6643
7607
7055
4124
2949
5902
5024
997
4984
5633
5075
791
977
7857
7915
4562
3928
541
5501
5372
7553
1673
4878
3418
4198
7747
5233
1613
4400
7692
5866
3397
1638
5226
5296
5146
4158
5706
7503
6953
6602
994
1944
6994
5339
7510
3374
6956
3284
5788
6083
3305
5115
6236
7712
5562
3974
4034
2235
600
7662
6603
118
4254
3502
3899
367
6455
3936
4324
7678
2645
2914
5330
5102
687
7769
6484
1068
2317
2553
176
3205
1619
6729
7408
5758
124
3117
4548
6989
2078
5049
4383
7936
6240
2807
3783
6658
6263
1783
6379
2445
1404
487
1191
3717
5831
5413
836
653
6784
7522
2559
7301
1766
4681
5849
6977
6231
6653
7623
6391
6795
5319
1073
2818
800
5174
2940
2981
4019
5026
1725
3884
3385
7932
917
5138
4140
859
3781
4684
1295
2471
3524
4480
5425
5735
5595
2988
7219
934
764
7689
2925
2846
3609
5064
954
7859
2346
5373
2303
1004
641
478
1436
4778
3071
4368
5372
6198
4194
6044
4460
4855
4182
5123
1708
972
2593
6649
4190
4683
6185
5241
6926
7567
52
2243
3601
3635
3758
7692
2130
519
2680
3263
6559
7304
7921
118
1045
6682
5717
2570
1240
2678
2841
2592
2490
6980
997
5894
2075
3670
4541
7898
4302
6299
942
7625
1798
1442
5680
30
