4487
7979
4252
4368
3707
7364
6639
2110
3469
1153
1244
6171
2544
7658
149
4086
3247
2868
2776
5307
990
361
1889
7557
5920
3313
3868
7659
2791
7428
7634
4459
4983
5396
5052
5630
6855
5320
6422
6888
2752
7725
3034
3178
5166
7229
7327
4674
7948
4772
5734
4797
6223
2648
2135
292
1081
612
342
246
920
1903
3095
2187
7847
6839
50
6343
1000
382
1039
1884
1614
1323
6239
1897
5816
775
898
4051
4705
242
6730
1389
6633
7736
6228
2369
4364
4576
231
4472
7789
7345
7779
4944
3222
6121
3207
2404
5702
2030
815
7944
914
4407
1981
2802
6196
1304
6868
291
243
4791
778
698
3621
2019
7690
1553
886
3369
6186
5664
3779
4284
7274
2950
3555
4722
4217
201
2685
3016
6146
3177
5934
3786
4038
3783
3555
3188
6426
3605
3847
3152
4567
4461
7899
3413
5483
5644
4180
1591
5268
1367
1122
866
5438
3956
1574
7441
3968
7467
6189
6457
3891
4582
1365
7797
2259
5148
3080
1412
7266
662
1003
6364
5883
4915
4644
6016
684
5275
3135
1122
4421
2314
644
4682
2540
1559
4787
1737
998
5377
1424
5147
2817
7713
7883
1052
4911
2161
4987
4682
1782
2339
522
429
5416
2063
6468
255
6434
6906
3409
3038
1544
4023
935
3131
7554
7894
3932
2592
4662
5263
3381
4952
7256
808
7164
708
4663
6380
358
5270
4647
4345
1452
702
7640
2266
2789
1650
788
7752
774
1781
5004
7688
7002
6728
1347
3409
6324
1906
2287
6562
7541
945
1571
6731
1663
4701
5093
2550
2454
1196
1133
2172
2514
3108
2669
6195
1542
2275
7067
5286
245
2695
2273
2357
7293
6374
4695
3345
980
5121
5358
6227
1272
1177
3304
7802
7815
5631
2977
5074
3059
711
5087
2022
3277
1328
5310
6419
477
6736
5751
6220
2667
2183
2495
6756
2779
3874
1964
1285
7563
3550
5104
7724
7696
2304
4220
5021
5675
2648
1094
6487
3785
5372
3963
7074
5571
4107
4329
919
7249
650
575
6650
7796
5589
4056
2703
6922
2257
1758
152
5051
5411
4532
2410
2674
6831
6465
1927
4312
509
2441
3546
7255
4925
5910
3691
3304
6188
3052
388
1543
5390
5507
6225
3864
106
3035
4923
7083
1427
5473
4309
262
5266
4823
1975
3079
7801
864
6269
7375
5349
713
6468
339
3057
232
2586
4321
4420
7243
5873
2045
3889
466
5712
1837
6595
7840
862
7482
5663
623
5624
7339
4286
6009
2989
1847
7645
6296
1327
91
6251
6619
4941
6767
2544
5140
4753
7615
7926
5760
4300
2259
1043
5626
7669
5724
6220
1644
1280
3252
7678
5954
1246
5822
5802
6667
7398
1668
3298
5894
2930
3768
4580
3841
813
7167
6692
7633
1025
2111
3974
3409
1309
6209
6311
7999
5968
2010
6352
3060
2477
710
3201
7992
5691
6384
2721
3293
2745
2904
2055
708
7253
1934
5415
3310
4935
4150
2903
4137
1027
1416
234
5087
1650
6149
5483
4638
2733
6392
4759
941
7193
297
4167
6987
1544
7172
6989
4275
2286
1644
7979
126
6449
5050
7757
6103
595
7718
1502
5114
784
5565
3283
7193
6137
3499
2245
7855
7647
5499
7891
4717
5345
7256
1018
2683
3529
1252
2316
7863
5627
1309
4223
624
1040
4560
7584
697
7037
1767
4257
2584
5591
7481
7672
1095
6706
1727
2179
7889
207
3258
6464
3616
1123
632
2014
2164
4876
3147
3768
3887
3200
494
889
7802
1128
1890
3848
2402
2060
4585
742
7767
3242
3530
5494
1596
1210
5705
7918
969
7689
598
5162
3794
4738
5609
45
615
1048
1624
2891
3712
5146
6154
984
4226
7468
6142
1270
5499
5101
7593
1688
7299
5541
4533
6356
2540
5056
4742
1117
3948
594
69
233
1546
6180
4711
2066
1951
6309
6181
4564
1556
4936
4952
1542
7065
1724
95
2423
2757
2807
1093
998
4998
7000
2752
1564
2180
6970
4457
55
5841
1105
3832
785
3854
3274
4432
1278
2307
1671
3079
4592
261
1628
1941
5189
7829
6902
381
998
4365
4548
2823
1459
717
1067
3548
7176
133
7754
6421
3751
5774
533
1439
1561
316
4049
4541
7879
2213
4509
2156
7787
2692
3664
1270
4184
4963
6942
909
6805
2749
1217
5791
6449
414
1097
3683
7223
7654
4006
2076
5948
7721
4113
616
2533
2710
4437
3838
596
1557
7841
4024
1508
7249
2348
2655
1706
5488
3468
2769
1069
2010
7411
3867
7539
6379
3422
3473
1913
6335
6389
7448
7042
4943
7700
2247
4401
1472
760
5819
3481
3666
2118
6835
4304
2865
4576
3298
1415
7724
5666
4328
2966
4096
7119
280
5011
7898
871
5222
1201
7857
4191
2422
2465
995
7354
3198
5676
7065
6402
6299
7658
7698
7603
5281
4792
14
7151
3462
5554
3669
4305
6712
6954
560
1669
2511
686
4189
2857
5333
1233
1294
89
1170
4632
5505
3039
1050
780
4220
3521
4339
5709
5474
2481
7094
5639
6563
731
2752
5244
2849
7468
5094
2397
7545
1317
3849
3654
393
6059
4703
5198
5527
5620
2522
2924
3220
3011
4276
4676
6799
107
7178
2207
982
6801
3302
953
7448
6807
4021
6208
791
1623
2421
4460
2240
4124
6361
1409
1611
4151
4790
2497
4597
7
1266
5715
2783
192
2334
7211
7795
5395
5219
4970
5645
7227
6470
3330
513
6583
2514
6121
5167
5427
6732
1420
729
5263
7390
1069
786
4223
3650
5085
5868
3017
1824
373
669
6911
373
2579
4189
1172
6048
3806
7362
4808
3370
2848
1841
2494
7890
3213
2420
3857
4617
6182
7672
76
312
2373
388
1295
1384
1984
5983
4408
5998
6416
1428
6026
4343
7063
7042
7269
3483
7776
4537
6267
3998
4283
1726
1860
981
3748
68
5790
1493
2795
7774
2449
4481
1645
2087
51
439
1103
1107
2798
7808
297
4385
3514
7026
5631
5314
1393
342
1071
1766
1675
7279
5683
6680
1072
7402
4155
4268
4563
6545
393
77
6740
1517
2761
7611
5806
4829
3327
966
3171
1222
856
3572
3355
5123
1885
5425
908
6951
4166
7228
2337
198
3581
6868
4562
7983
4368
870
3021
1683
4058
3586
3608
7477
3446
6526
7864
7557
3221
5442
4597
1606
1613
3866
6883
5449
4608
7094
7100
2038
6790
724
788
2998
7740
6085
3571
6669
2551
7778
7457
2543
2283
6924
1006
5475
2139
5030
3929
244
309
2424
3300
3113
2930
2824
2684
2948
6604
4538
5257
4382
258
5672
3884
6273
866
6844
4190
1076
1826
3954
2615
6028
452
2152
3351
1515
1095
7176
5780
4095
1340
2583
4985
7129
4031
2357
6740
4241
306
3370
5549
7764
1152
3312
2400
1253
5187
1814
2245
5836
2817
7264
5879
2445
2289
3545
5825
2687
1214
6822
2983
4432
4252
2894
6191
317
1297
4323
3247
3313
6163
7397
126
2613
5648
5101
4563
263
746
2039
7594
4225
7762
3565
3677
5084
2895
6845
5644
7832
2557
876
3314
5652
3195
1561
1524
5096
1012
7140
1391
556
1558
3707
473
1563
3212
3152
20
2747
2950
7649
3962
7441
3714
4131
167
4850
1052
4678
4991
6413
808
6384
249
6634
4946
7138
6750
3341
2268
4573
6894
4805
303
1150
922
7432
3721
1344
5881
2556
1997
1430
6931
7946
6684
2541
1096
5140
6742
4467
3959
179
2342
1595
4696
6660
531
640
1832
1191
7493
3983
6510
1993
7017
6907
847
6343
3339
7956
7273
1705
7233
4756
1019
7586
3970
8
500
1021
6831
4451
632
1307
1646
4657
5189
2562
4604
1481
5164
1185
3505
7718
3134
3819
682
6368
6713
1536
499
2439
1401
5212
1405
751
6553
4430
6765
2822
1246
785
3595
612
2070
7523
6054
4390
1520
3560
1467
6112
4340
3023
1280
677
4293
539
2684
7176
4816
7467
5920
28
6495
4744
6184
5614
3453
5711
363
845
46
3906
4920
4507
4008
49
6722
3172
2211
977
4395
3946
4512
4286
2652
4364
3980
38
2589
4825
4985
7330
7077
7478
1538
5860
566
3132
6394
7489
2911
347
4226
1029
4900
5763
7964
1687
1324
5727
3867
1232
3788
5201
6622
3498
3419
902
6795
6960
7814
6608
1839
36
2022
7716
4471
2700
6118
7338
731
5432
5001
982
7760
207
3465
1903
6404
4405
7243
3328
6345
1321
5374
44
5088
4167
2091
6489
115
123
7235
999
1569
275
3570
1993
866
2461
5176
4697
3369
3750
4589
78
7656
3039
2844
2090
5057
952
7655
4440
2716
5586
7461
6464
742
4589
7996
3048
6734
7976
3066
7347
3519
4197
6032
6484
2519
1590
7070
4641
4928
4816
6859
3173
6520
3113
4267
5707
4514
1151
2134
1938
5896
791
7830
6771
3987
7417
7814
314
6509
7695
7473
5647
2226
2992
2789
3075
6902
5276
6133
4353
2702
571
7243
1441
1952
5678
3956
491
3365
4199
314
1006
5593
2008
5396
3977
4744
7655
1589
1127
575
4403
5804
131
5849
554
2784
377
2267
4808
5607
2633
6527
4623
6204
278
1829
5411
5726
6040
3536
3113
6305
5607
2179
7781
1259
2433
2651
7639
1684
6203
3762
3023
6826
7613
343
2162
5025
766
7746
3521
1182
5769
3587
3233
3777
6655
3733
6315
2822
4220
1866
7202
7080
6263
3840
2511
5750
1633
5893
7751
2621
5327
865
3487
5457
7037
4816
7113
1718
2622
6897
2998
1660
6430
7557
156
7515
6559
596
852
1766
4509
212
295
6295
6209
2278
1154
6537
923
3130
1012
1014
2459
7935
6952
4498
3325
200
489
2986
6360
6507
2517
7192
475
6169
598
3759
5611
2838
5826
7795
4504
2838
6403
919
6220
4658
1480
540
2528
5595
5396
3347
492
4119
7267
7815
3249
2864
1648
856
3845
39
2588
4383
3534
493
4622
1154
5477
1310
295
7657
4965
6718
1547
6091
1956
6965
938
2715
728
6262
5542
2523
2901
6937
2742
2598
6560
2443
3242
1261
450
7420
7347
666
5475
14
7418
6892
3639
7562
2767
6949
6402
2786
2258
3458
6032
4406
1714
4384
2329
7102
1520
7649
7249
7271
5465
1283
2538
190
2734
3927
6052
4997
2344
3287
3243
5783
3886
5436
2142
3987
747
1533
1769
6402
4596
1437
5927
1267
7850
5434
3288
5494
4196
2972
110
1673
4317
4969
2077
3753
4201
2066
4521
4182
4525
2686
4398
6132
265
50
7735
2986
5805
5856
2853
3390
7608
1405
3516
2621
428
3451
4972
7466
4844
4782
6455
4950
3487
1690
753
7180
4325
642
1102
5015
4606
6204
6110
5890
5933
5317
255
3313
289
4103
74
960
7332
5885
9
3659
1888
6599
4637
1962
5232
3600
1813
1398
7790
7168
5709
1338
180
4565
4672
5262
6358
4022
7011
1748
5829
1833
817
928
1879
3133
6738
5944
3579
500
207
3083
3173
3841
2007
3676
2951
7742
7822
2019
36
6727
401
883
7206
7892
1838
2016
7305
892
1781
6698
6696
5130
5805
5183
4809
7271
4597
5656
450
362
3394
7582
4069
3872
3165
6717
5681
6590
6969
3520
45
4068
3480
5642
110
2182
2073
3168
5711
7757
524
5272
1490
3612
134
1815
4246
5380
1696
7681
2351
5552
5030
5336
5053
5529
1716
676
5865
7427
6242
5695
6610
3302
6597
7442
6570
3978
615
5644
2647
5074
2488
5441
3169
2887
4370
6222
958
3458
6377
7830
5190
279
5628
1444
4211
6643
7356
5682
2702
875
784
1577
7907
7562
109
1602
732
555
4919
5412
1748
3812
1035
5197
3874
7574
4418
7016
979
6428
271
3247
2054
5115
2752
7158
7643
778
2101
1511
239
7826
2580
2611
6913
1309
3185
1002
3339
7831
54
7506
2804
82
4885
3701
6906
1889
7900
2864
4762
3915
6434
3171
1295
5697
788
6428
4142
5053
5771
1059
6242
6527
7743
6803
2095
7634
1143
6514
3529
1741
511
7784
7161
7875
483
1482
6313
6067
1594
3439
6426
4676
3485
5861
5738
2689
561
7254
7526
3864
5943
3688
6074
1454
6098
1207
6960
3429
6320
4825
2854
953
3524
1816
63
1878
4711
7836
5131
1525
1889
4531
651
7992
1042
6537
491
2698
4203
2256
3030
4878
3978
2013
6569
5083
7805
5530
6777
4685
1701
2051
5233
1489
955
3307
4988
752
1048
4442
374
5799
1667
2567
5608
1415
2506
2421
6876
6905
1119
4178
674
5440
7761
1107
790
4997
256
417
4769
3603
4983
5491
1332
6705
2568
3074
7682
286
5633
7140
5866
4027
4853
4641
7208
7899
1054
1121
3039
7900
4427
501
924
3834
7870
7933
4109
4658
5125
7342
417
4946
156
1556
7704
4672
6315
3649
1936
5006
4242
5410
5437
5853
312
4869
7253
7743
7574
7375
3345
6767
5260
6212
5307
7120
7747
1095
2861
1375
3659
2275
5313
7054
1039
1825
5789
4567
7022
7030
7025
1181
6839
7685
6172
2288
2324
6381
6494
642
3895
5270
4883
606
3078
4713
3920
4296
3535
6766
4175
2552
2043
4728
2448
3011
5184
3970
6331
2357
7098
4264
6641
3656
2969
3596
4585
3377
1714
2913
6284
3780
1450
3570
6479
7069
2194
1674
2103
929
5090
5516
1175
1697
5945
5579
6914
1463
270
5289
4036
1530
5625
4789
1163
5451
3940
6907
6282
485
6289
987
4790
3744
7713
7979
6994
7109
3537
2707
6432
461
6445
2848
2713
4294
7772
121
6532
1404
7590
860
2321
1497
1976
228
3664
2137
5927
6997
3303
1023
4732
316
2165
4607
5114
7287
7490
545
7822
4323
3263
3016
283
7768
7942
4438
3778
2054
7514
2303
7339
1163
1186
5899
5941
1868
4924
4497
482
5197
7770
4087
4243
3113
5973
7866
1253
7711
1555
4795
4145
3070
1490
2309
2330
4008
3113
3008
2331
7127
5096
5661
6067
1180
4183
4093
4107
3629
6259
380
172
4762
108
3860
1634
1224
6921
5311
3177
6493
1898
4623
579
7114
4555
7809
7439
5516
7672
7083
3195
1196
3172
7514
171
7284
5393
220
6539
7032
5267
6726
3744
2197
5556
4172
4541
1011
4194
6776
4417
2004
782
5698
4476
7796
6458
5330
6915
2858
5671
4889
7776
5583
7499
719
613
3987
5759
2630
2751
7845
437
6946
6615
872
3425
1394
3893
4896
870
6383
6229
1650
6316
5721
2298
6730
2331
167
5585
5906
1754
1857
6487
1819
5081
7171
6210
3773
2840
1319
2682
1371
7943
4388
2558
7053
4315
1467
5016
6606
3488
2163
6013
5064
7007
2386
1012
3485
5152
7705
4249
6515
4098
1935
1363
5299
568
6653
4560
7345
570
4267
1247
3861
3594
4733
7569
3773
3575
1941
3905
6362
6957
5955
2045
6303
5861
4821
3124
6471
320
448
5480
2698
1622
113
6431
1753
4523
7070
2277
3196
77
7892
6194
7944
1139
6067
1434
6493
1765
3974
4813
4013
1827
3310
749
6271
1830
3728
5240
2431
1287
4104
7782
4131
6787
7399
5495
4448
1850
7032
7241
6631
4716
7839
1766
4442
1286
1291
1626
7669
3729
7110
2771
2454
5676
7046
5761
4417
7828
1945
1820
2555
3126
3881
3347
6357
2537
6941
2209
317
5444
5072
7128
2108
4055
3400
2323
6550
3567
7547
5855
2621
1763
1073
556
2514
4799
152
5780
6049
6732
393
4965
7754
7925
2606
4112
413
3603
5439
7436
878
6245
1077
3903
1555
5116
354
6060
4857
4891
1760
922
1509
2092
2103
1926
5938
218
2640
5281
2259
2559
3155
1946
3238
1737
304
6669
2965
3618
5272
5396
7680
3264
2982
4057
7327
5642
1756
3121
7819
7855
4863
1640
976
7245
7265
1453
6500
4460
7999
7715
4447
537
6135
1240
3710
659
2820
2337
3451
4247
5039
1839
7125
1157
2219
5030
4425
2013
6334
7143
5836
7051
1676
200
6292
3115
329
4257
2062
3825
353
4581
918
2128
5512
25
6977
5296
7055
3588
1555
3687
3304
1483
7440
7020
3713
5357
615
3995
4829
3905
1229
4399
3159
7814
3121
6989
3545
848
3319
1735
7455
5698
4641
1616
6486
5359
5065
6206
819
4763
876
733
2949
3749
2541
3641
1018
2106
2069
7978
7472
4235
3310
5142
3547
5012
3821
6947
3561
7798
3351
1121
1810
6994
2868
6775
3187
2225
2716
77
7573
4534
5150
2038
983
2560
2678
4041
4057
5831
7649
1952
6232
2199
7776
655
3689
2799
6638
7951
2273
365
2543
1916
904
5037
4561
3368
3002
3023
2649
5820
7925
5634
3359
5553
5941
1385
7819
175
367
1625
4534
686
4228
7171
5804
1998
7290
3714
6897
6311
4895
5720
406
5299
4701
2851
4791
3004
2378
2377
417
2972
4382
3344
6055
4292
965
6397
2833
91
2791
4995
4201
7715
2120
4494
7371
7103
7548
6106
5121
4994
5619
5989
5548
6629
1191
2412
7338
5874
946
4919
5593
531
2515
2912
5802
7997
2364
6696
1670
6108
5075
4332
5995
2473
3623
3869
2652
1788
2994
2552
6567
5788
5989
2246
4591
87
6448
4471
391
5956
3358
2337
7965
2216
7757
730
203
5818
4458
3316
4212
3325
6043
7913
546
2246
183
3803
7433
2415
2084
6049
7075
6096
1173
6356
5307
2606
5330
3327
3120
6596
4430
4169
5776
5680
7364
1414
3800
4035
7000
656
5082
2125
1251
580
7172
5073
3069
4667
2176
6261
4779
1727
950
4578
5382
7057
6347
5859
2650
2690
7411
6266
2631
7773
1895
6383
1444
362
1002
4624
6769
5750
2694
4001
1959
5240
5299
6638
2132
6250
5899
7424
6141
3873
881
2947
6384
7673
7221
6336
2586
6559
2929
666
6238
4648
2960
5711
3318
1573
1366
4569
6235
2260
6218
2556
6118
4602
7444
6939
2794
1320
299
489
993
4544
5266
7441
4311
2732
2662
4615
2008
633
466
2608
2639
4988
2489
225
2312
7777
1368
5868
5672
4197
2362
3045
1983
1068
5633
1507
6810
1744
2192
7627
4126
362
5125
1328
5114
2572
7495
3855
6716
2731
4648
307
2585
901
7921
175
3948
4981
7806
2610
4492
1679
6772
6272
1191
2603
6879
6513
4316
4964
2486
1171
1944
1139
7382
6746
6174
3867
6514
1665
7829
5368
78
63
3409
4167
4864
5394
4440
5226
7925
3409
5729
2142
5306
1044
6133
1326
2875
105
6993
3014
3106
7790
1490
5823
2626
818
2411
4854
2299
2220
3804
6717
6065
4156
4156
4641
5564
5169
3980
684
7312
6003
4065
3767
1533
986
1585
2795
6149
5868
439
3728
7381
111
1021
7698
2175
1565
761
5456
3135
6031
3693
4197
3209
3334
1037
7506
4718
1718
4106
513
7647
2952
7870
3963
1320
5321
2872
6484
6975
7677
5524
4
5645
3340
465
2492
2133
4587
7713
7962
3383
7547
1309
2051
5966
4306
2116
6038
4060
2207
7312
5416
5316
6778
5865
4605
791
2618
5989
1229
5638
3726
2832
801
1874
4561
167
6760
6780
6673
4615
1069
3376
3308
1690
607
957
6730
4807
7765
4008
2682
2395
385
2505
6392
4338
3219
671
6421
6934
913
7504
3060
4721
2655
1773
2413
4030
3473
7814
7645
2139
4681
702
265
4562
3557
2256
2318
17
7207
3146
7237
2935
7175
2058
1458
1016
2153
5501
5228
7481
5124
3156
4827
5423
1587
1018
4488
4432
5430
2350
5071
6366
6105
1729
6872
6168
4366
7074
4626
6140
1181
7024
7151
7771
2288
5793
4427
2964
4669
3839
606
2286
1652
1624
46
1047
7402
3231
4543
4146
5925
7315
6101
1443
233
5024
4518
3885
5587
283
3302
7708
3724
1041
2743
600
5304
1977
6592
5670
1464
1173
6440
1220
3452
6869
2076
3227
3610
5333
7760
3384
2414
7322
6193
53
5676
1478
342
4899
358
350
5884
4014
5115
4075
2361
3251
4213
1157
1226
7347
4814
5966
3994
7670
3065
1796
1462
658
7017
408
1385
7090
7170
3770
1894
1037
4851
450
5380
2623
5397
7477
7294
847
7004
7060
1904
7897
7026
5620
1949
6507
4674
1877
2561
3872
5704
7405
2623
625
4500
2541
4102
7785
5764
7307
7177
4933
3433
7216
4543
2359
6813
5878
3137
2704
530
5968
7496
914
3553
4349
1240
7239
7483
7529
5344
6526
5996
4619
1311
2596
6277
557
3037
6131
2166
2698
6228
5026
235
3860
6688
2465
1219
5950
741
7890
882
6394
1049
7872
5099
1553
3075
884
5449
7748
38
6983
2889
5501
6588
3482
6063
2109
6015
3928
5587
705
5058
4883
1163
3833
126
4780
2019
1486
5531
3708
3984
1827
1686
4385
6315
4936
5757
6013
4379
5662
411
7252
541
7231
1654
4655
1508
6734
3201
6157
1585
6748
3440
3374
3794
6731
7405
6500
2201
5056
5413
3796
194
3840
393
4467
7605
5431
7981
6430
256
1786
4070
4323
3362
7024
785
339
1022
1087
2707
6384
7368
2503
7492
4151
1391
4850
4324
2397
1495
719
6773
6418
5790
4577
4042
2177
3812
6132
7577
5004
3854
3804
4025
826
965
580
3182
1675
5177
5604
3713
7382
1339
3925
2664
2832
4945
1986
6973
5308
3392
7439
2785
4835
5693
6724
175
2117
6654
6723
1782
5283
1006
130
1718
492
6352
1440
6325
5372
5051
6884
7581
2280
4725
156
7660
6306
1801
3226
1615
5876
872
4795
5053
746
1338
659
1284
3430
3375
7535
7839
602
4153
471
5389
452
3920
5833
2525
7562
2533
4300
6955
1682
2065
1633
4603
1326
1028
3428
1067
1749
6798
7917
6792
6716
7843
3665
452
577
147
5564
5153
427
762
5320
3630
6090
664
1428
6166
5637
4595
6210
4546
434
7493
5158
5299
2617
5549
1035
7960
2827
2315
4540
3115
4929
5411
3618
3214
1064
1962
1964
2707
404
3923
5390
3087
3998
6006
5321
476
1547
1692
6286
7544
4222
1815
3878
681
6053
6451
2090
4096
3340
1827
5671
824
6325
1845
3311
736
3107
2542
1299
7808
6223
4587
4223
3770
1393
5699
3980
6231
1312
5636
1726
6125
2638
3541
3731
4324
7941
6348
4074
7711
4901
1767
5553
7138
5172
821
7581
5386
419
7007
324
1293
3854
3282
3145
5126
3620
3754
5510
2213
6343
3323
6111
6399
6248
4035
3829
7960
4755
2820
3773
3471
3848
2283
1811
2227
3965
2174
6917
7070
637
2977
2162
7580
7549
5749
7040
4007
1441
1309
3460
2644
5323
5559
7217
4068
5713
3574
1799
6454
2737
6963
7753
3384
6436
6486
4226
6353
3964
7289
7688
7160
1396
1831
4764
5903
4158
2081
1467
2934
1015
6209
347
7104
3366
7319
4992
1350
787
5837
3483
5341
3961
2439
7918
5000
4620
5189
7747
6090
5976
2797
4566
7984
7308
6662
1943
4442
849
7256
4658
694
3664
2605
7466
2548
3047
6238
5468
3675
3994
3613
1113
4872
4390
7345
7754
2584
614
1169
2137
6982
4858
318
6803
43
2524
1690
3100
1318
6527
1374
6409
5100
4996
7634
846
2926
4879
5110
2702
6958
6798
5866
3299
346
4963
7155
2803
6012
4202
4670
2119
2926
6132
3573
610
3979
3192
4211
424
160
3460
4111
1381
7614
4954
4773
7653
4761
417
1683
2711
5905
1972
7478
5950
7185
5609
4488
1756
599
5861
2716
3214
6374
1091
4765
3625
2474
4864
801
2069
3941
7665
5565
6252
7106
1582
6680
3904
3725
4246
1389
894
77
6062
7098
1450
7856
5444
2224
900
6380
1589
7502
1449
7028
2426
948
166
4779
1040
1227
784
1394
7698
5512
5846
5445
5331
2315
685
7077
2275
1756
4017
3334
7652
4489
7259
4724
7495
2832
2451
1217
2323
5697
1144
4393
2707
5464
3604
3108
4336
4295
2011
4804
5355
6683
3864
7089
7941
7202
5736
6877
2698
4352
7354
1646
3308
2764
5049
7158
6389
4405
7305
3019
7286
1858
3663
1613
6039
4735
7245
7716
550
1335
1287
456
3888
1948
6921
7795
7012
4984
2624
6788
1074
1821
6278
192
1703
2422
3661
7602
5505
6578
5368
2304
6095
1612
2027
4419
2572
2951
5401
3446
3894
45
14
7452
534
7038
4341
114
1898
3962
6484
1814
6543
2172
5657
3652
3957
6646
1995
3573
1944
6109
6076
7188
7253
2079
7092
2377
1904
4713
5445
3634
7274
6196
1829
2246
3634
482
7084
80
7023
2747
7240
133
1392
2104
1143
4256
7078
877
6416
1133
7695
3973
1853
6030
3541
4236
7380
3181
7116
321
4731
2780
1414
4041
6386
5184
5621
4544
5744
1782
2164
4600
7896
6625
3174
286
3346
5181
156
3212
3191
6640
6065
1082
1368
5552
5091
4848
5000
7873
1254
7965
2218
2091
6256
3667
1333
2681
7282
7267
6690
5859
402
377
5652
1663
1291
5998
1409
2459
7567
5706
5842
5913
3648
3230
4809
375
5230
4437
1709
6375
4241
7627
4084
3700
2414
5330
85
912
5802
4748
3674
1701
3738
6553
5166
1040
7
4315
5756
1595
1268
7202
3162
3257
2317
960
1054
856
6137
3859
1068
4878
4039
5900
3941
4906
6559
2414
2444
1882
3659
7961
7559
6823
343
3815
3092
1754
6066
2968
4913
7842
5218
4680
3045
404
5288
6055
5339
1006
5604
4712
7567
6661
1403
6842
6547
3495
5869
3343
3820
2367
1404
3078
5218
6208
3519
7837
2708
1686
3535
5112
6647
3988
5002
3051
1160
5876
7307
2333
1749
7888
845
1900
885
3409
3645
6339
3453
7649
4047
3423
1463
5357
7078
1377
1594
1258
216
4752
4486
6386
2520
5167
6782
2247
2313
4319
366
7956
5215
5628
3939
2565
124
1699
3687
4607
4891
4371
3464
7528
2983
493
993
680
1723
4008
6666
928
3218
2324
3292
4975
6515
173
2610
6649
4750
5586
5483
6900
1487
4814
6262
4174
1325
1719
6978
2017
5948
4363
7020
6377
5233
5418
2266
448
6112
2414
1010
3319
49
2472
5715
2391
4667
3117
257
1426
992
3538
3548
1378
6096
2516
5030
2243
1882
2530
1120
4377
3735
19
2214
3798
1726
1223
4931
1101
60
7008
496
7767
2046
6272
618
7326
759
5722
4099
5293
5393
5871
4655
1789
2946
4939
6850
2289
6666
1400
3963
3506
7871
2414
2589
4690
769
3868
3034
693
7212
5777
55
1864
5493
2938
479
1626
4737
4426
1951
2051
5162
7532
7137
7275
4736
769
6151
4498
6852
216
2059
6773
27
2393
3039
1948
2484
7986
3678
3057
4110
1657
1836
3011
7995
673
5518
3430
3185
1579
4877
784
2058
2298
7499
4556
7880
813
6723
6433
3036
422
7184
514
1966
5125
5545
6793
6890
527
1562
3365
2824
5063
6488
5757
4681
3185
2223
3800
5631
5090
3048
683
7909
620
5390
5040
279
7722
6473
6594
1931
510
5586
6823
3338
6044
2047
6406
7824
7620
3021
964
7542
7630
4646
5553
5778
7163
7075
3234
7780
2589
315
368
7942
1301
6158
7236
5622
7327
6184
4875
6032
7331
6722
3328
4205
1610
7276
1195
500
2257
3962
6656
3996
2539
7248
111
6912
2793
4280
506
109
2916
2932
6873
3274
6454
918
6586
1551
3536
5154
5653
7819
7002
4548
7052
1562
1215
1953
7782
3795
2837
11
213
3767
296
5415
4534
1011
3023
3248
6055
3781
3002
4378
3770
1895
2035
2600
691
1137
5170
6816
1560
5588
2580
6455
7315
5151
4076
5076
7350
1960
3035
3909
1910
6011
5458
227
7801
1476
795
4331
5093
3168
3469
1568
5316
5057
5560
3663
4594
752
5179
3612
6234
7421
5752
3456
5860
4657
7822
2580
7443
5665
3285
6563
2582
1010
782
2260
7487
944
6899
4375
7776
2174
5495
5308
5590
6708
2385
4946
4867
568
4222
7152
7836
344
1004
3933
1319
3332
7333
6375
150
302
7978
5090
6847
7409
6321
1765
4229
2871
7094
5420
2264
2016
4130
778
3013
335
4551
3776
7856
4013
6407
1012
4324
2857
4604
86
5863
6722
1228
4659
5612
6074
1242
3472
3786
6418
6843
6129
3149
1164
3334
1937
875
1392
7498
676
2222
3666
5323
2049
2152
5820
2755
5745
2871
5594
270
5994
1307
7340
3815
6002
2003
7106
6982
3640
5752
396
7054
7303
3830
3721
6526
7466
1441
2979
4087
803
1847
1916
2963
7537
2419
4522
2387
4363
1757
3666
473
2757
3088
4012
3207
6395
5584
563
1517
3422
6081
2734
4156
1859
6475
4546
6703
6310
4031
6445
6545
7594
5969
6971
7948
2261
7730
6304
1501
2288
6256
2226
1792
6454
1753
2269
5555
3196
3174
6196
4237
2016
5061
3438
4478
1727
3280
6560
3828
2503
4789
2741
1933
6387
6815
7579
2310
3984
1640
7585
6375
1320
3785
3549
2570
7918
1536
4805
4125
1735
992
2765
2595
322
99
3723
5238
6221
1092
1909
5081
3758
7747
225
4078
236
5421
2796
2614
5227
1242
1043
420
4177
754
2041
3192
4660
7606
897
7600
480
5878
3504
4006
3165
7593
2885
7911
7854
7731
4094
2022
6840
4680
1150
337
6113
1882
4598
3434
3951
3221
3893
6272
799
2831
6660
2254
3300
3907
5749
7523
3397
4330
1709
1281
1668
7523
836
6691
7591
1419
1228
3947
3203
1020
489
1780
6093
4857
5825
2545
5622
3459
6630
5581
7275
7385
7675
7392
7987
5472
771
1540
3106
7397
5767
5694
4741
6995
3234
5122
6007
2830
1098
7240
1499
2452
1428
3755
319
2429
1963
5843
393
1247
457
2330
2377
1219
6450
7017
5187
1732
3373
1952
184
852
3749
5228
278
2643
1914
4203
6305
5967
3552
6157
1245
3840
5631
3465
6618
4942
7878
909
6712
2748
5760
6497
6402
2477
6073
6478
5473
3952
5187
3126
1937
4890
3854
3685
2927
1410
4019
362
4730
6535
536
4097
2333
4740
3499
490
296
3895
5130
1205
2363
7417
5838
825
2409
6685
1144
3921
6553
1361
1902
275
7900
5331
655
2397
2373
2356
3066
1505
7405
4865
1954
6371
6222
2867
5830
2702
6664
1090
1720
623
3898
5102
7265
6968
7965
5087
413
1237
2073
5429
6212
6173
2833
1437
1344
6658
5625
7929
2588
3153
4404
601
467
3159
7786
6440
7778
5373
7063
5580
3323
7978
6741
5652
4471
3637
1844
