5116
46
4219
6243
7506
33
7506
1299
7439
5500
6895
3879
3932
6618
2108
6105
173
290
2147
2712
4670
1095
2195
872
6854
2009
7304
6687
4667
7720
6001
2433
5962
2824
6053
7835
7969
2150
2527
473
2106
4547
6418
2424
2158
5001
3185
3121
6898
85
2449
4786
2636
2257
452
4346
6666
3112
4029
3422
2188
3061
3636
7273
1035
2902
4968
119
3164
1614
3699
6331
2017
1353
4468
5972
402
7066
7656
2883
4302
2698
4736
1142
7441
234
4179
1332
1962
4152
5554
4203
436
3937
2207
3904
6209
4680
1409
2643
1765
5603
2497
4
208
1513
2650
795
6056
6214
3529
4681
3077
3545
241
2689
2739
3714
1561
2278
4966
7489
4902
2218
42
4090
3142
638
6197
442
1415
4580
1949
3865
2973
2455
24
4279
821
377
6720
7911
6028
4739
6955
5419
454
3998
735
3223
5754
1290
2430
2724
3977
69
3586
5018
386
26
7135
3056
2640
194
6440
3674
2987
1326
3243
2676
1783
64
970
5652
2102
618
214
5738
3378
2661
547
2968
649
1692
2868
1808
6978
4883
7681
4518
1664
7748
6801
7845
4939
5139
1776
2676
4872
2644
4637
6638
2352
6206
5482
5167
3298
5703
717
6664
64
3312
7119
6781
4258
2320
2085
6462
4574
1691
1828
6638
3940
2129
302
6947
1133
2100
2432
6996
6539
6414
4625
3123
5959
4811
7464
4382
4716
1479
5909
1895
2656
2681
6322
2007
3675
7393
5717
3192
1101
1691
322
1802
7209
3200
1508
883
6700
6799
6069
2744
3096
4997
4278
5893
5737
5231
6176
6022
284
4315
5952
5918
7309
3009
4594
6122
1466
2259
3366
4764
1180
3410
5916
4901
1103
7358
5598
1966
562
3816
6759
291
4861
7698
3322
4888
2996
1911
6882
3049
5759
1996
5438
7535
7668
1935
4780
208
722
2689
2819
6877
1605
782
4386
4948
4193
2548
4595
4408
7682
5943
7225
5551
5525
6912
6648
4094
4056
6241
503
6272
4660
7564
113
6224
2662
6469
7278
6383
2452
1133
5780
3378
4894
5836
2494
6954
5212
695
3336
5266
4028
7279
5330
6662
7828
3078
3384
5208
4695
7689
4533
3667
7476
1474
6103
422
3166
1636
2760
1895
1061
6055
5156
5741
5793
7640
3238
2911
6044
59
5497
6163
7626
2270
7075
3425
6562
1140
7213
530
357
5287
2162
4964
3670
4046
616
4132
414
4958
6034
5302
2279
7583
505
7430
3439
67
6259
1438
2541
5708
7903
3760
3426
2620
4731
4402
7751
3859
863
5901
6016
5391
3040
6404
499
2823
2319
934
168
1613
7354
1321
7159
3894
2901
648
5338
6996
735
3666
785
2122
7815
3668
4708
480
3625
3085
6774
6452
5900
4442
1385
4072
1936
6259
6254
2963
5297
5861
6576
3404
1921
157
7237
244
6463
5918
2765
3936
308
4785
5819
984
5314
2108
7842
2983
3784
703
7225
4202
2261
7832
7328
1917
4272
6700
5303
5597
1910
2303
6824
1856
273
7425
4978
4990
1803
7799
5615
1520
5285
6635
1697
810
3140
2220
89
7178
6713
3598
5760
5067
6775
5390
5054
6047
7073
2909
5979
3756
1104
1649
2356
2116
1016
2235
7974
6719
3287
5779
4655
7314
5752
793
1955
3768
3998
3080
3025
1625
4380
5767
4991
6573
5095
1715
6538
460
4547
2730
2689
5411
69
7705
69
5130
2505
446
1023
142
736
2846
5432
1172
5951
850
6877
5725
2263
2338
7875
4338
2175
2659
6910
6961
4027
2433
6299
4510
3122
2837
1246
1844
6637
3454
1985
6191
3630
2629
2551
4912
1904
7738
6396
10
4503
3914
1160
2487
4469
1917
2745
4659
4275
699
702
4005
6850
6083
7198
1924
6159
7936
1570
4273
6603
30
4087
3835
7585
492
4018
3485
6723
3280
4179
2934
214
7211
7272
4544
3400
3240
4180
6786
494
5093
4658
6913
3820
797
7699
4301
1295
3408
3791
1347
1992
5050
1157
6149
2918
2055
4483
5514
4146
4114
406
773
6593
2883
6959
3474
7499
5434
6234
2081
3823
5938
7015
4102
4009
3023
1133
7786
825
1557
4394
1227
2209
4334
7101
6236
7487
7204
3357
7249
1619
7214
853
6967
7865
5698
2057
1141
1148
865
1759
7992
7161
7052
7331
1128
3201
2849
4838
3602
4662
7205
2169
2099
7436
5696
6014
2615
1696
5599
2327
4202
4313
7685
389
1564
7335
7863
2962
3248
4205
1840
705
1035
611
498
6383
4426
5097
6733
1494
164
4523
7534
6059
7884
455
534
3561
7635
3048
3540
1428
3605
5023
4056
7241
1096
6595
2194
6806
2305
3719
2590
2415
7245
121
6974
1450
764
7079
3409
5061
4715
4752
5500
5348
810
6306
2876
5780
7613
4825
4545
7050
2656
5364
498
3276
3884
7348
6442
6345
4804
3867
4310
2147
3007
4598
3904
3734
4446
3910
2217
3225
6338
5315
3083
5626
6074
2413
347
4549
669
6059
6306
1836
3336
5044
2735
709
7229
6200
2129
5437
567
3547
6922
4745
6979
6907
1405
4198
7505
1071
1162
5784
2542
5397
7126
2650
562
2216
3011
4918
6848
7477
6716
1730
4410
767
6314
4029
4161
515
7849
4243
6402
3330
4483
2055
6767
337
737
2699
1894
6686
7855
4714
3707
1677
3587
6654
3228
922
1112
7237
6646
2962
425
4548
6161
177
1076
6072
4410
5227
1491
7809
6230
4445
446
5821
6037
6101
32
4422
4780
7418
3325
1597
5644
3819
3451
764
3395
5904
1957
2503
7710
3337
1783
6531
4968
7565
4133
1723
1824
7594
1077
6053
4287
4964
5259
6942
6524
2891
5023
3735
416
551
7823
6594
157
1310
1892
4343
3239
489
7195
4546
541
5057
5041
2272
6797
7617
4264
3185
3868
1103
7562
3449
2630
4078
5714
6947
3262
1529
5348
7623
7077
5783
7883
5691
2943
7472
3852
2196
7376
7140
4954
950
7440
919
5316
4113
4787
1210
223
4084
1648
86
6886
4459
4425
3533
1845
2355
6466
7539
3255
593
5802
4436
1222
3516
6280
2026
310
7998
3688
4756
7757
1531
4888
5660
1501
6748
3387
7061
3904
3642
6445
4809
6001
3745
927
5026
1592
2850
3926
2405
1663
981
4613
1287
5358
7509
3604
6575
1641
7436
2524
1594
7965
1770
4390
6516
2708
1661
3014
6171
3966
234
449
2151
7624
4266
1442
6066
1940
7356
7598
1288
5999
2317
570
3588
2368
2713
3858
4698
6868
5495
4884
6143
7789
1729
3316
3341
1513
1278
1445
6725
5186
7515
6240
6475
4629
3404
1421
3599
4246
445
2049
466
133
6353
1388
7465
235
3265
2365
699
2193
507
4055
1746
4906
3687
6756
4247
5741
6902
1531
2924
139
5656
6427
1228
4135
7314
734
4502
7641
1590
1794
3042
2980
1813
7565
4558
6671
1548
3366
5747
4438
381
1209
4310
4815
7480
4298
234
874
1073
6867
6929
2373
1556
3486
330
6385
2135
5868
3401
5710
3411
6888
214
1038
1862
4407
3075
1946
1045
769
5461
6807
6827
4173
3026
1103
5618
3072
3401
1959
6017
3780
3097
2390
44
6235
900
5336
4152
1791
7615
6537
6608
3436
2146
628
4704
6938
3495
3824
7821
1447
7206
5026
7618
861
6476
6526
4750
52
3431
1109
2529
6429
623
6450
464
836
6655
605
3186
5130
5363
5719
339
5876
7967
7344
2657
6827
5484
399
5107
5061
2590
1286
3920
1788
2921
3730
7504
3069
7233
6468
5502
3545
3910
7917
3471
7277
2902
5214
6838
789
890
5359
7876
3395
4909
3596
6692
2569
6545
3044
6401
4913
6588
7379
1361
4071
3382
6990
5806
7149
5286
616
7431
7709
7145
7435
3416
6201
6738
7884
1058
7885
3926
5103
2091
3349
6995
7980
2622
3520
1923
395
2826
478
4924
3681
1713
6322
7858
7513
3069
6590
4470
653
5596
3881
1887
2900
3058
5588
6555
99
7014
6115
463
1553
4069
7904
6514
6345
6738
4118
6833
3142
7549
3059
5602
1967
2268
578
7097
3164
1141
6023
7828
5294
1240
758
5041
37
2293
3405
6340
5622
624
7466
802
2347
6604
5101
2495
7913
1804
3911
4668
5495
5407
5917
4978
7243
2339
931
6711
2341
5073
6125
6726
4021
595
1705
3057
741
7942
1157
1453
4881
1993
3049
764
3586
3634
1050
2470
2991
7924
5873
153
7384
952
1036
2459
5523
3303
1811
220
4528
7653
5327
620
4369
5819
6112
5966
5327
5002
5018
3056
6005
3584
7794
1848
1207
6238
1386
722
994
1005
6660
2990
7129
7070
5839
5879
7692
4299
4445
2507
5937
853
2697
7519
3143
4480
5722
2604
1111
3230
3923
2077
1495
5311
6495
5412
1761
5512
6664
3542
3672
1741
750
2830
4160
2913
5418
1104
2114
4325
4326
7190
3466
7244
1097
7583
3166
7155
165
3653
7508
7410
599
3902
3382
6632
570
5311
7863
7385
6250
3015
6613
3350
3069
1186
5283
6907
3790
185
2738
6622
845
1509
3609
7094
2717
6790
7026
661
1247
2250
6559
1766
6837
249
1026
944
1875
4056
7266
6027
6565
4654
7518
4700
3783
3171
6057
6656
7519
4530
5053
2521
3926
30
812
4504
4357
5832
4906
2146
6484
1702
1742
3689
1135
27
5862
5773
3490
7294
5436
7556
4408
3418
3435
6431
175
3005
4078
6069
5700
5363
6702
7825
7442
7288
1389
2540
6666
5642
5978
6674
7745
5317
4008
1963
3648
7310
6391
5220
7620
7817
297
6152
7592
38
1633
7892
6245
7345
5559
3387
5047
5144
6082
7285
815
3523
3789
2206
114
2963
7987
1116
1593
1243
6450
2936
7892
4971
2537
4122
2610
2049
2850
3054
6335
4479
4904
829
2452
6984
3794
7703
6045
3247
4127
6012
2958
3384
5115
1238
2294
4457
1374
4991
4926
662
1631
7849
849
6531
5356
1582
5831
5183
2365
2753
2274
1324
660
2879
2610
3401
4243
4173
364
7696
7921
5024
3560
6805
4598
3668
904
6006
5049
4023
6409
1336
3790
2486
2527
6703
1322
2535
590
2597
3807
2178
4097
1816
419
5477
7064
7812
3690
7387
5593
6317
4979
7210
1721
1094
564
2876
438
533
844
4175
6169
5722
5862
7268
1902
3707
2142
550
3250
43
5153
579
6616
7288
7851
4048
2440
1749
5526
6865
7903
6342
1127
7399
2328
601
1791
7587
3308
4494
2872
3236
4165
2207
2421
7175
4179
7056
2426
2939
6673
5134
503
1612
7834
4358
1957
3287
4394
7927
2202
6201
4279
3414
4386
4748
3463
713
5256
6087
6146
1646
1198
1386
6697
2794
7981
89
7234
4053
1884
6228
6259
4010
2930
3357
3753
2100
3273
2952
6730
6837
5624
2611
302
3400
4155
5579
2857
3400
2881
4679
7897
7558
6013
5412
2054
4860
1850
3652
5515
484
3783
1337
3788
1769
2146
3737
2703
6632
6041
934
3496
1228
5646
2041
5806
2073
1358
6182
4707
6455
146
5102
4086
3872
5482
1734
4026
6998
2958
5138
3069
107
5830
3136
4215
5806
2812
5459
1443
5172
437
225
6783
7886
2229
1106
4740
6908
2894
5594
4053
7934
7096
6700
4130
1961
6811
1382
4396
2241
4379
4133
5995
7725
1763
3855
2539
2786
1890
4183
891
6830
5755
6720
2580
735
7196
7553
163
3882
4872
2822
6359
4553
515
4542
7767
5545
6921
3422
3011
6699
1743
5845
4617
2336
4583
7474
2054
624
7370
1391
6671
740
6172
4474
2702
4919
1357
5104
1730
2468
581
963
3996
156
5557
867
535
2821
3213
6410
4495
7620
4289
2719
2718
7930
7667
511
6822
2809
2090
1400
3843
544
4250
2456
6644
7240
5289
1506
3708
3390
5244
7368
5377
223
1341
7249
6802
7087
2348
7408
5056
6789
5903
6015
66
4964
2322
4497
911
3672
5896
5296
4440
3128
2055
2830
2165
7172
235
1073
7890
1118
7163
859
272
157
6784
1315
5860
3696
4032
4020
7733
3826
4997
6441
1223
7911
6300
4423
6835
2060
6781
2852
2335
3293
1245
300
5724
4311
2244
1780
5989
309
5399
4757
1463
7072
4866
1901
6234
5056
2261
7523
6915
6524
2556
4858
2107
6642
7385
5282
703
4340
6690
6571
7415
2744
6057
2396
4689
1640
5098
5972
850
5444
2847
1190
1730
3032
2992
6060
3817
5527
3522
450
7114
5535
6413
2285
6418
6507
7459
4055
6373
2527
7729
5802
1342
2690
7170
6001
50
6495
7274
3365
6268
780
4502
1174
5947
7743
7769
6202
3081
257
4862
1156
231
591
4373
7161
3166
7896
3815
4254
1626
3413
6082
7955
4000
5376
2747
531
2751
331
6014
7328
699
4713
566
6298
824
4105
1619
3589
3285
6816
7883
537
7845
4540
7649
5062
2538
5058
3875
2453
632
2215
2142
7966
664
6683
3278
6384
949
1700
3940
2736
832
7259
7933
3501
1999
5178
7841
6606
5345
6260
1987
7550
6832
2203
2283
6532
7116
5584
1019
7933
1660
3504
6808
1677
7323
4404
7955
7230
7506
3180
3962
2228
41
7878
5356
4548
569
5771
3095
4691
5630
4787
7341
7296
7574
3871
5781
2196
6684
7531
6172
5121
2841
5606
3594
833
2581
3775
3007
1209
1105
6006
4673
5124
5686
5135
208
1496
1720
541
4118
6412
5185
5457
4180
5096
198
2960
6833
1681
310
7555
496
3233
5504
1130
4038
715
1801
3792
6946
2027
7446
2973
6020
855
7882
3593
4142
5120
1431
479
5702
7245
867
4068
5551
2080
5651
2716
7877
6466
4937
1908
1157
3128
1685
5902
4681
5988
5713
2130
1489
3860
5472
4395
113
2102
807
1618
7849
1854
3533
6945
744
7526
1215
893
3213
3051
4880
5758
7260
3232
1392
1320
6284
3581
7893
5029
7430
3063
1016
1110
4420
3498
3828
3117
7638
5344
7946
4890
159
5953
2079
1280
7311
6911
1669
5967
3402
6455
7848
972
2945
758
2933
1935
3203
3099
6521
4258
3436
1807
4606
2178
3472
7930
110
6128
1459
3129
6603
1856
3274
553
4012
6185
6035
6955
634
5368
1003
7255
7473
2466
4909
2484
323
1790
3547
6715
7660
1474
7826
2585
1308
2998
285
6380
7758
7897
4053
4933
2664
527
6047
7258
351
3080
1424
3426
6326
2678
7197
1014
2892
7432
2331
6994
3333
2718
2615
5469
5885
7742
4593
1188
1382
3217
4237
5823
1651
3776
4442
1747
3504
1099
3043
4542
2708
7889
1844
2317
2909
4168
1286
5039
3972
2825
512
5697
4918
3412
5765
4175
1875
2343
7394
6956
4624
793
5723
3975
438
196
856
4998
2607
2932
1328
6154
2032
4394
448
4465
3457
3509
2731
3797
6540
1112
4069
5297
5037
5306
3185
6142
4336
6172
7867
4716
2338
6777
6336
3418
3248
6524
5818
939
6989
1834
3584
5980
1616
4517
6220
2352
943
890
5583
6528
1828
3610
7876
206
7245
7818
1355
6616
2494
4211
7681
286
5072
725
1653
455
7951
2498
6497
7398
1483
7925
583
6121
7595
2306
215
6446
4225
6876
2084
7006
5171
4881
3358
4342
4382
7292
6424
2815
7585
4325
7893
6418
2094
2783
780
4789
3927
264
5213
6200
7082
3948
1659
2545
7914
3213
914
457
3816
495
7173
7731
6218
7158
5505
5777
5600
5709
4868
2263
1986
3248
7203
1323
500
3517
1888
2415
5653
1943
2180
2354
2243
4597
7687
369
272
278
5784
2006
4747
6846
7217
4433
2538
487
6687
1838
7092
2831
3901
7028
7162
7772
801
3
6087
6442
4595
5948
5758
1725
4506
6879
5278
2007
1838
2178
6283
4404
6204
3607
2530
4530
4349
4356
510
3050
3545
7453
6069
5941
3317
1070
2356
5305
1323
2026
1733
5857
4737
1014
7515
1641
6180
49
4091
5004
5192
1097
6675
4397
2689
5583
508
1340
6268
4581
1090
6836
2059
1901
3114
7969
2785
7358
7276
6404
2880
685
2104
7907
212
5190
398
440
7220
2003
2716
1121
1984
4517
6487
4832
1411
7028
7848
6629
6979
7451
2208
2879
1615
6283
1760
4020
3249
1504
6385
7023
5525
7801
7428
3346
2568
2088
2962
7192
5802
7082
1937
4915
6339
2191
5473
4165
4864
7274
6639
2156
6876
7268
2202
1892
829
3628
334
7836
5247
3411
5682
3836
1623
1289
3827
5716
5743
2473
3611
1024
3134
7679
4608
4764
7262
5770
7751
2910
7253
3705
5402
5304
5377
662
7896
6904
6210
4341
25
6368
1991
5396
4082
7841
2123
7962
6481
7166
4140
4189
1566
5942
3087
5080
6384
6358
752
5700
1138
4350
5309
443
405
2559
3433
4037
3691
1330
6792
5988
6400
6126
1780
1179
7283
2350
5351
3437
4822
3276
3471
210
4133
7936
6727
6307
5209
3222
6608
5223
3670
2076
6818
7222
2052
3878
4200
1706
1539
7992
1618
5606
2826
5431
7108
374
4722
2522
5844
1915
224
2153
7286
4478
7762
1144
2568
4243
6001
4572
4186
6751
1257
358
3873
3445
2668
2871
5325
2584
6632
1225
7869
1618
5877
7399
4087
5165
475
312
5673
5159
3420
2139
6420
6049
3991
7114
2766
5068
5492
1687
6499
6811
7117
4335
5052
7370
4061
4281
5221
7727
7146
3684
7551
6927
4985
3052
1809
3372
4961
3958
5671
5914
7720
5156
2710
5110
7943
4575
7179
2709
4789
5805
3676
4082
6259
3670
4076
2019
4015
7003
3418
7891
3283
3135
5938
160
622
1482
6033
4691
347
4705
547
4208
2092
2638
2536
1094
7440
1691
6581
4579
3988
3856
859
4042
2780
7083
1008
7889
4509
7810
447
4564
1899
3296
7458
6258
363
7143
7792
4597
7317
3067
3888
2403
4115
3453
1812
5894
1062
7260
5056
2695
2602
4480
4221
4516
2522
4321
149
1590
801
4545
4580
7549
7710
2126
6025
6084
2097
3654
99
6
2593
4198
4677
7827
168
3768
179
98
3021
1874
7382
2072
4185
2771
947
7733
4122
3075
3952
6877
2114
3052
2618
5251
5282
5600
545
4698
4812
2554
53
718
7017
5756
1151
7446
4213
4156
590
5503
5360
1975
7094
5886
2976
3668
2387
7246
2904
7872
1196
6481
5137
1727
2880
7683
6843
2243
2670
3855
6255
7688
7836
1245
976
7242
5295
4422
2313
50
5484
2675
251
485
2483
4730
4538
5525
3359
1230
1302
3285
954
7202
1667
2260
6758
3536
7887
4987
4934
3582
771
3700
5748
1450
3081
2633
3280
5246
7686
1287
531
512
5864
6552
1591
6235
6422
5441
7303
6819
2254
1289
674
2574
5665
5091
854
6292
743
2561
3052
1941
5628
3809
4672
5507
1506
2318
5232
656
7731
6270
2121
4170
4970
5284
5495
3856
4369
7889
4009
2605
1069
1246
4369
1733
4224
794
4542
6448
4876
6931
5704
3783
4826
7944
7627
5358
195
6623
1248
6376
6637
6673
4789
6999
4278
2832
2085
4443
4084
1778
4294
6757
1982
1960
724
7768
3444
6042
28
510
141
7953
5467
7874
1143
3425
3660
4422
3000
710
7163
1807
1508
860
6590
6619
859
7904
2331
2097
7994
3360
6645
1969
5074
2630
741
5692
7073
305
3957
2625
6572
2893
5152
5598
5905
4492
6133
4583
5073
5883
2146
683
968
1748
7966
1863
1719
7620
3405
83
2754
4236
6428
5393
4976
4012
2167
7098
402
4611
1553
2094
6794
7390
4143
2346
3396
5001
289
4884
92
3394
3005
7038
3436
1379
31
2939
1509
3641
4863
1454
3907
1572
7231
7258
5764
5220
4803
4391
5556
7676
6220
1805
5641
694
2661
3175
2092
7753
7213
3038
7554
1656
7776
4345
1840
1808
7114
2072
1492
1559
3282
2083
3519
2428
6667
4193
4492
785
3586
4642
6367
5043
6750
7727
2952
6687
4980
7909
2414
646
2556
1186
3684
4224
7711
3092
661
887
3390
6123
5346
6890
5172
2094
4666
3125
589
5933
4771
4404
6041
2896
6374
2495
7396
1087
3764
3415
3119
7482
3464
3528
3947
7314
5081
2377
3262
3254
2473
2427
2782
2841
1297
3274
5758
5501
1903
4481
241
4278
4164
7972
7047
469
5291
5164
4506
5882
2977
6757
7126
4647
1044
1610
6034
6544
1533
421
6219
2116
1409
4641
822
5048
5247
2141
1751
1113
7710
6928
7786
3178
3854
4011
7510
6713
3361
1191
6043
2988
3261
7027
4626
1243
4760
5536
3707
4567
4170
1380
7657
3057
7653
4879
4390
7896
4998
3039
7306
6656
3437
3264
1179
4958
4639
4470
7926
5043
7494
5844
4214
2984
2232
7127
5611
5514
636
6280
1937
336
2024
898
5286
2018
7000
1263
1547
5418
2974
6388
2703
5015
6414
1477
929
4701
6877
333
7919
1177
1383
7031
6783
3579
4602
5828
3447
1378
5511
5410
4071
4141
5940
6769
7225
7172
20
6297
6101
54
321
2474
203
3865
752
5891
7197
5729
6164
2680
4120
434
102
59
5986
5692
7026
3507
1062
4843
7172
2038
2771
1676
32
6134
6849
78
1150
445
4172
4437
7095
6555
3091
5137
3529
7370
7676
3818
540
386
291
2468
674
3692
732
6083
7774
628
1741
2636
940
5755
588
6043
6015
6801
4103
3557
1483
2283
1825
1002
3854
3154
3070
1585
7496
7398
1548
5456
5245
5414
3523
2452
5199
2285
2296
4721
1325
2718
7013
3834
5767
5831
1180
825
685
7072
5817
4780
7564
7556
921
4828
5442
6398
301
3726
4387
3513
7809
7136
1122
1990
6892
4122
2758
3241
5879
7469
6416
6142
3000
1813
3022
6881
4671
1732
396
684
2011
7291
4129
3605
4960
3184
2459
6052
2445
5460
3873
6672
3939
5147
6537
6578
3981
757
1384
7157
83
4351
493
5868
1197
3807
2329
7440
6762
5345
2416
4446
6192
7543
6577
3953
6784
6029
1391
2155
6210
873
6937
7518
7846
5621
1300
6800
7612
698
4000
1684
3383
2773
3605
1654
239
7443
5752
866
6756
7061
3626
3835
4242
3316
2241
562
2384
7202
81
2285
1194
7936
6003
5906
7710
6261
5458
2743
6726
1689
584
1493
4345
6024
2848
349
6254
7221
7998
4964
5881
2801
5523
194
608
1790
1545
3952
6
7158
7977
1586
7603
7937
5393
708
5602
5601
3839
6053
1932
4299
773
7702
4847
2163
4915
5416
7380
3706
6466
4218
7707
2134
6904
5318
6574
1054
5760
2092
3768
698
1648
4216
7441
5061
3819
4570
3886
1238
1437
4111
7063
7452
7666
6451
2357
1443
1321
368
741
4512
71
6522
490
1076
7621
4428
3121
7914
6031
1371
1288
4611
3881
7262
4602
5304
6584
6583
6843
3642
65
3725
2284
446
618
406
7697
3417
5115
3414
5891
3911
4534
2022
1648
348
3154
2255
1276
4558
3865
7624
5357
7277
4445
4609
5454
3298
2213
3720
3344
4125
6517
317
1008
6939
2108
2240
6642
870
233
2194
2846
792
4094
6918
6056
2451
195
2494
2422
4023
5485
4065
6202
5328
4736
192
4705
6718
945
2155
5953
7663
2759
4221
2480
552
1555
3318
455
7574
1951
2516
5908
7294
3185
2579
4608
4641
4632
3093
4456
5815
3568
1549
7950
571
3581
1076
524
3164
6925
4212
1035
4818
5797
4607
3544
5421
4062
2124
6891
1149
1282
7063
2701
752
3333
492
3701
4874
3521
46
4975
212
3090
626
2267
6268
5796
4367
258
6923
7558
2015
7445
5967
3112
4365
5135
334
6403
2221
6899
1384
7108
5758
1982
5766
2728
4970
3819
2924
1923
5913
1406
3537
4642
621
2826
1470
1023
2402
4188
4788
7315
3156
377
4535
1307
5437
7129
3029
5327
7333
1063
3544
2131
5211
496
1622
5168
4159
5221
3582
2176
6677
1918
1903
7856
2127
3511
4071
2322
5495
2983
4740
290
656
85
442
4175
5157
3598
1140
215
4926
92
6336
6206
2970
4363
1510
211
1744
1193
370
2097
5827
5458
3981
2424
5980
3726
6425
2682
6256
246
1119
2744
1041
1889
3284
5188
7064
7902
7501
536
3236
2431
1243
3424
89
6972
6402
3336
6208
4601
2539
1089
1689
4365
962
1754
5240
3057
5207
6089
2464
4967
3241
3535
3636
3049
1603
217
2533
3553
3562
1619
6169
4479
6931
6567
3454
5464
5358
4605
225
4460
1108
1823
4455
1160
4433
3199
6660
7559
6827
7156
6039
5920
2224
2893
2982
180
5876
2724
2901
2105
496
2976
3020
584
896
7679
1718
1608
2727
1923
2507
1336
5466
4609
1614
5158
5532
5260
3129
1816
846
6676
7741
6780
5026
5354
7767
47
4942
825
7267
7960
5298
1391
1040
1549
2266
631
734
3868
761
3688
2730
7663
7122
3906
3029
2744
3943
5753
291
5769
1477
1155
3460
1284
4142
2760
2906
2045
3398
6475
6333
3287
6126
5974
5540
1779
7931
6940
7527
1451
7233
3123
2566
243
4565
4451
2814
6657
4500
3878
7117
7617
3888
1348
7289
7565
7987
4037
166
3483
494
3688
343
4500
7977
5176
5455
2138
2046
602
530
5116
5234
651
4612
6601
1992
7221
6858
4743
4106
5521
6973
2575
3781
7209
148
4263
6895
612
938
659
4471
6902
2806
2726
5392
2323
2966
4498
6285
6188
1739
19
1708
6020
4224
2502
532
7340
206
7581
4443
1302
1086
2577
6643
774
7747
655
2015
4724
4951
711
1950
656
5442
7567
6038
6494
6487
1490
1496
4161
899
2902
1586
5621
384
6562
3117
6575
3851
7309
2834
3797
6782
3829
2046
7577
4427
4685
3365
261
6644
4170
799
3492
7634
279
5480
5136
3560
3136
6398
3549
6889
6076
1292
1359
2839
6758
5125
7603
466
3153
207
5860
1120
2959
1862
2766
5100
2785
7875
5365
3049
7027
6105
4122
5261
186
5390
3675
465
1223
4639
4967
4059
3283
7676
3309
959
3511
541
6628
1955
3423
7826
6227
6820
6852
6482
5464
1635
1720
108
902
4524
6563
1025
6161
6056
570
5032
6903
4198
7306
3816
6398
5449
1554
5093
3093
7413
1473
2760
1626
2884
2888
2351
7580
3427
7548
3396
5844
5417
3565
6034
3969
4765
5927
2757
1427
3341
302
1540
1343
2170
449
2558
7177
3401
7684
475
1214
671
6353
767
64
5969
1771
1022
95
5445
3747
5977
5471
927
4699
1686
387
3468
1519
2251
2888
802
1883
7851
3593
7793
891
2438
7934
2722
114
2881
1744
7723
7001
5574
6282
69
5266
3601
571
226
3985
4185
3646
3755
1185
5171
6461
3400
3122
5090
581
1579
889
1734
3668
2381
6445
363
7889
5596
3376
7571
527
5729
4354
2624
2262
4369
1481
1855
4366
6290
7604
7743
4090
4142
1434
5019
60
5524
5612
4176
6077
6580
4724
7863
4058
1458
3230
5095
3935
6352
6340
1370
1799
3073
6225
3887
5192
7735
829
952
3983
302
3673
4832
2746
3897
2589
1383
3297
3534
6404
6328
3285
1862
1452
5835
7179
196
1217
4351
6608
400
2783
6489
4690
4200
167
7182
1308
1357
6691
7494
4707
1087
5782
5500
1251
3702
267
64
627
7224
5639
7043
3449
4975
4720
3863
6242
5502
5506
1517
3907
896
1845
4765
2933
2733
2385
6944
7733
6644
232
1491
7553
1414
444
1245
286
5720
6528
6099
7902
5498
3172
3708
4539
4561
2196
1824
3259
6826
3526
2791
198
5797
3353
1446
7165
6266
3386
4233
6960
7708
3596
147
3456
4935
3195
955
5537
2127
2835
973
3469
7209
2389
5345
3142
1613
2238
2254
1023
4881
2974
416
176
2773
461
6122
3012
2831
6216
6601
3973
3991
4500
460
5035
1271
2507
4355
4402
1585
1054
2865
810
1784
7821
3208
2688
5430
1202
5156
4623
6398
2025
7248
1648
5084
798
2550
2628
6259
3004
705
6843
7458
541
4106
7248
6035
1561
4747
3837
4759
7921
7523
6764
4532
7629
4660
173
164
451
4861
7154
6860
3346
7644
1316
214
4777
2496
3513
821
4323
6255
7518
3604
5374
493
2890
6303
6837
1638
4776
672
5578
3634
7608
4517
2756
7299
7116
6930
927
1780
5966
5338
4393
4760
1718
7967
6520
6725
2043
6557
7603
1885
3907
2850
6609
5122
5665
3741
6929
5635
7221
2958
2101
2974
6089
3636
1045
3466
5225
10
3197
5760
5601
5689
5754
1365
1561
735
7394
94
3715
3051
6606
6420
3009
3427
1308
5681
5092
6578
4253
4254
2207
3150
1761
4819
2701
4773
4583
3349
277
1265
2530
2937
2287
1973
7894
6201
6426
3634
3881
6069
4839
4388
2097
1790
7391
5705
4662
5084
4609
5213
2716
4072
2547
461
5957
6436
293
6543
2327
6005
3655
665
887
5317
4515
581
6848
6068
1512
3794
1936
2041
2621
2223
1863
4927
5171
4448
1976
1098
6452
1995
2884
6960
5241
9
2897
2179
1226
7705
2468
1854
3327
800
1043
232
6332
5192
3598
3006
2666
2636
358
4650
6428
3773
3375
4257
764
5247
4849
7456
562
521
1537
5446
3158
3735
6121
6436
7941
2358
3253
5275
2574
1482
7062
1061
6741
1770
582
3490
3970
4922
668
578
4019
3840
1328
5320
870
6832
6198
2609
747
3854
1941
5906
7155
1049
412
1558
6757
7443
2359
7147
7490
5453
4928
158
2035
5574
5321
5661
2654
7968
6198
1605
937
3008
5841
7996
2031
6696
5680
6621
3963
1963
2644
4139
1189
3336
809
1040
6331
5266
7338
2780
183
2880
7233
4659
7876
3360
5092
6897
1999
3935
4515
1115
1271
2088
1806
667
1657
6548
1145
3564
4504
1000
4767
3851
7766
79
1796
7123
4051
5853
1463
5176
3207
1424
5209
2497
88
4565
6593
2884
952
7626
2311
7234
2993
1035
4548
7320
696
7300
6457
7560
2754
7487
6165
6284
3018
486
7566
1460
4560
658
2901
7134
6843
7308
7706
3161
2131
11
7254
6433
2886
7248
5430
2882
4035
2033
3759
5137
6281
1932
4242
7227
5776
7227
3550
1559
5522
6396
220
1058
1124
6643
7883
6105
1700
3998
1925
4429
5695
2314
7256
5081
3392
4898
1335
6515
3592
1534
3883
90
6054
4208
7511
510
2556
1711
5165
4634
4226
1890
5933
1551
4868
1603
2801
4019
991
2836
821
272
2920
2485
3255
3570
1608
7350
6228
573
278
7300
1200
2597
2583
3660
5705
5305
5263
3219
5954
1698
6029
