2657
3746
4761
6555
913
5999
862
5811
2203
5053
4492
920
4510
3099
4982
5967
6966
6006
1151
7797
1093
4788
2941
7726
6365
2310
2425
4066
3729
2702
6051
4057
7748
5290
3540
5403
1575
3086
1942
7989
4880
4247
5808
6645
7191
5382
6167
2690
5064
5306
3140
6536
2634
7163
6923
702
6533
2744
7797
729
4422
4432
5563
2722
1547
5773
2490
5883
4192
2671
3660
120
894
434
4887
2008
1727
5476
2499
6204
2109
3813
742
6268
2119
1590
2097
6619
6644
5200
7772
3443
7729
2247
3371
2081
253
3828
3800
888
4955
866
766
2185
3803
190
2656
2583
4407
7184
7465
2969
773
3913
1735
4016
7837
2126
4071
5524
2289
5904
674
2458
2565
3345
4848
3029
1864
1703
1550
7722
7165
4507
1802
757
62
1254
3141
7041
2280
6416
2399
662
76
1572
3415
4209
7793
7484
3793
5293
4299
6514
7308
1974
4020
4815
310
5113
6216
5387
2599
5797
452
2813
831
3314
3547
3031
3185
2985
7694
7004
1285
2200
2422
6566
2559
5388
3473
2773
6977
592
1659
7039
6747
6919
5883
1516
5945
2746
5425
1332
3280
3305
2976
2091
4137
2526
7888
4546
7202
5884
4529
128
3878
7007
3422
6013
4511
5343
3681
6770
5811
1072
4095
1512
4384
3015
3281
3547
6837
1361
1393
4329
1125
2236
3547
2484
2662
6576
2110
3471
1527
2152
2611
6140
6566
6525
7955
2780
6274
3903
7099
4531
3763
4293
2841
2938
98
6593
4089
4101
622
7728
6321
1798
3817
522
2441
7451
1862
2247
2447
2547
7861
5701
446
4892
7286
6232
5261
1549
5369
2511
72
1347
1024
2833
7601
5021
5851
2620
2013
6014
4362
5133
6691
3077
222
305
5957
6117
5914
7597
107
285
2032
4651
1760
2709
2777
1438
6532
1773
1636
2887
3737
3461
3780
7744
2138
2155
423
1563
2615
3742
6707
3260
5643
5962
933
6219
5931
5726
7938
2569
6236
6536
5147
2880
7759
1086
897
3847
917
2381
232
7510
7303
3473
7208
101
5932
1623
2688
1994
1273
5603
6534
7658
6729
1576
2159
33
4375
7996
6727
7390
3215
7181
98
2034
3597
6945
6635
1282
6311
2169
2562
1316
2848
3272
6979
4324
4671
6976
6963
3719
3921
6936
1915
5386
5375
1421
3986
5672
1614
3600
1835
1508
2408
5417
6747
5216
3923
4448
2982
5845
929
7075
4804
1727
205
2163
5206
1347
7401
4397
5371
6389
6194
7569
1190
4063
2036
4041
5740
2551
1374
7018
3466
1470
2344
11
1048
6345
7261
5636
4232
5998
7735
1360
7785
909
5811
5930
6493
2744
6832
5833
1143
4704
7923
5251
6425
7693
5890
6162
2378
7902
7848
5648
819
4695
4156
5523
5317
4649
5394
5713
7210
4195
222
2092
6956
2384
555
6884
3638
7768
4762
2705
5428
2977
7061
1767
6310
6342
2518
7495
7880
1799
9
7541
2719
5399
5020
3564
6624
3959
5220
2608
4657
4363
7541
7717
6679
1871
3921
6074
613
4540
7322
7144
5242
1691
2940
3751
4982
1735
356
1624
3109
7583
4955
2844
2197
2758
5786
3112
949
450
7675
4945
5290
2183
1039
7203
4123
889
4956
6946
1137
4269
1560
2814
103
3681
1291
5352
6092
2368
327
1023
2464
4011
6531
2619
1890
187
2230
5991
7121
2321
5633
5226
3428
2042
859
703
255
1151
3293
4155
2032
5412
7269
4408
3469
4472
6300
4759
7466
4770
7799
945
2239
3216
2628
37
970
7760
440
3134
6505
1297
6264
7512
4168
1467
299
4027
3992
1332
6242
4993
4128
1891
7321
6243
4377
5475
4747
905
3746
6871
2411
5640
5903
7692
4433
7154
7720
7168
4783
1912
1559
4844
7661
1636
3481
569
588
6974
1802
5272
1159
6936
7256
7232
7467
5416
3970
3724
1245
4870
4872
3046
2279
5669
7796
5490
7587
1136
4007
6539
4668
389
7640
6300
4720
1274
7515
3945
1645
5357
5873
2090
5811
5917
4409
4090
595
2712
4638
7055
4064
2404
5046
3860
6008
2294
7776
5901
3266
1270
256
6104
6603
2067
4444
7767
7108
4863
6797
7463
3724
2601
2979
6829
6767
5576
5637
5675
7122
6648
63
7560
3414
3582
4367
7150
1649
1773
2857
5319
1884
5767
3267
555
6540
2633
932
4226
6648
2119
296
3288
1007
5142
2795
6192
5669
5171
1419
145
1635
7291
6896
4962
4907
7769
3423
2391
3911
6434
6067
5653
3486
5723
2263
4113
3470
4225
2141
1229
165
7804
4614
365
5056
5333
3358
4272
2442
1841
7510
1466
7492
3663
6120
2154
3817
6984
984
3628
4420
88
5720
6241
249
7784
7337
7177
5431
7976
7303
6344
853
2246
7625
1708
1286
1143
1636
2757
5393
640
6920
7447
2421
7391
7807
1902
7370
7627
6354
5162
264
1607
4513
540
2314
3068
143
3760
3770
1991
3726
716
5484
5558
5958
7958
721
4232
5606
4681
5051
3920
354
2226
2667
3181
5819
5391
2262
3592
1004
4507
1405
7233
3398
5846
211
4840
494
772
1220
3285
5573
2076
3838
662
1716
3926
235
6103
2874
2670
3625
6483
158
7778
4210
2600
6525
3106
4723
6581
6134
2563
7624
1043
6287
4638
2833
1478
6303
4257
7027
5013
5383
6475
1035
1007
7131
845
6722
2154
3008
4499
5115
5981
4449
2207
1216
2001
5329
6306
7428
3493
54
4317
111
2130
3522
5466
3324
2370
5893
7031
5371
706
2593
7563
3151
3637
567
5450
796
7544
5562
4627
534
7601
593
4384
1778
6145
957
2106
4080
704
4273
6078
1068
4590
4275
5297
6857
7355
787
299
7443
7235
4257
7813
3435
7108
6585
4239
4891
3342
4216
1931
4878
6455
7131
2552
5738
7558
3163
5088
4511
2357
35
1494
2697
2305
6611
2139
7221
4718
5994
3114
1181
2672
6640
6158
1576
3071
16
5053
551
4193
1177
1462
7466
2168
7093
4780
6872
682
2161
1522
2524
4904
2535
2079
1675
6995
7074
2252
546
5779
1975
1857
3039
6530
1098
1530
6632
6867
7810
5038
903
3481
3522
3783
1864
7733
7416
3285
4976
3106
494
1108
3390
5294
829
3939
5088
3765
432
1073
4239
3457
5384
3146
6356
3293
4163
4193
3486
1697
904
4179
6454
1513
1840
1106
441
5886
437
3418
6943
485
7983
3115
1615
2134
5778
6517
1218
7271
3855
2072
3266
7910
1809
1487
2697
4252
7419
6589
3955
799
7867
6789
4564
741
3331
5961
5994
7414
312
2949
5584
4777
2599
2605
4383
7203
722
1838
595
359
613
7343
5632
509
55
1460
6305
4834
1862
4649
1936
3450
49
947
5104
7812
4184
1493
2595
4346
3184
4241
4397
2457
819
4331
7818
7002
2584
2394
3364
5899
1992
2833
6901
4851
1018
1776
503
3386
1701
4306
5418
7797
6239
1181
6104
5132
2624
6091
182
3506
3655
6300
1443
3789
5062
219
4487
7585
677
3667
2180
5239
4068
2343
5655
5594
2038
2531
3718
7385
262
7720
2127
7601
2830
6356
4028
1931
1772
7372
6454
5140
7477
6451
3251
7162
75
334
6712
2902
2733
765
6440
7254
176
692
7549
4678
5448
7241
438
3365
611
6223
6502
5525
3776
1119
1578
1250
3484
2926
6244
2567
7625
6693
5769
1170
7050
892
2360
4525
7691
1036
2773
456
7916
1137
4466
4352
4658
6836
6400
163
2305
7292
5673
4977
2347
537
5504
1118
1882
2105
3756
3565
6819
4686
6845
7163
2164
2520
7659
2555
1051
7114
5514
2503
5130
4460
5537
5973
6963
346
5995
5228
7195
2737
7246
6256
7596
4291
3963
4555
1584
4005
1469
2229
5591
5983
7735
5206
635
873
1642
7051
6875
303
319
5207
719
6614
5650
6517
3708
800
731
5954
7894
2460
6756
531
4797
6979
5827
5663
4915
5159
7811
4093
7645
5928
6392
3994
999
5571
5031
7896
1168
5903
2926
1587
7998
4132
2285
6686
3424
4555
6705
6002
1807
4642
6506
138
6552
3430
5103
4694
1366
4685
3646
882
3640
544
308
3623
1747
1809
3697
3906
7149
7924
2005
2907
1221
2631
5629
4305
7388
3209
5643
3820
833
4389
5491
5883
6330
7927
5280
4441
5690
1669
5355
7416
4817
5534
6923
2196
4219
4841
5387
6246
5391
4324
2859
421
2102
991
3081
1313
7667
3164
1447
5827
4550
599
2662
6954
5841
6931
2602
4396
1715
3226
5939
7322
5394
7808
2627
7836
2968
7604
6032
2430
5580
7251
5634
1273
1900
2138
1742
3784
5706
6553
2212
1193
7444
510
4110
6062
7608
3538
6855
7430
2436
251
2657
3560
2172
2433
3130
4457
4989
539
7310
2653
6963
125
5971
4583
5841
3358
1968
1443
4877
811
2479
6595
698
608
563
6520
4270
7962
6728
7313
3760
4514
7927
5479
5494
2220
2459
5248
7715
1787
2146
3271
950
792
7245
1021
4034
5701
6136
950
3446
2092
6112
3677
32
4557
3191
7337
1138
466
6872
4010
5403
6970
6167
2509
2025
2817
1417
7852
6361
4047
1636
3861
6861
7222
51
3920
7596
7565
3312
7971
3961
1216
230
3373
4041
5415
7429
3729
5008
2805
1810
1227
7892
2814
5544
2360
5220
2630
4310
1387
704
1990
411
1021
6558
1430
1755
7420
7829
3759
1082
5127
3112
3047
1686
1020
1932
3250
7191
856
3732
7834
6580
5517
1713
657
4143
5875
1116
6589
2294
7541
3209
3893
2293
7263
776
3805
2169
1114
3044
6956
6145
2127
6184
4336
5090
4447
6987
37
1100
863
2176
3591
7839
3869
5100
1402
3669
3176
1435
2149
6461
2278
5301
4340
7272
5770
1704
1645
4608
6337
2582
4954
5550
4591
4998
6176
2864
7890
4425
935
5747
3681
3899
6261
335
4097
76
5339
7321
4052
5402
6945
1186
6368
2540
4943
794
1922
3632
2411
4138
959
3986
6413
2041
2774
1630
2494
7304
3666
5966
3119
3467
7876
3091
311
1560
3213
4933
7352
5705
2426
874
4820
7101
4008
4125
5922
7102
5945
3021
5606
1557
6704
3888
6260
643
3119
5030
2222
3711
1822
6369
5235
366
688
2715
1185
5506
5654
7943
7040
3274
3732
2519
5372
6780
6113
720
3855
2896
2242
3680
1538
1480
1249
7797
6348
7250
2345
5914
5856
6845
2481
5329
838
3057
7345
7735
4676
5706
2878
7327
3258
2330
3749
1885
2716
1878
5525
740
5006
1374
5577
6747
398
5823
5342
2833
6128
1998
5370
7547
460
620
7057
3483
3224
6273
1643
1645
3346
760
5771
736
4871
3846
7894
6352
1629
4266
4230
5903
397
3544
6460
2690
2428
3908
6331
1132
3109
6925
2578
247
7481
3580
4667
6189
322
3598
57
6445
1256
2143
1384
3157
4164
2654
570
7540
206
6157
6855
517
2893
378
4379
6453
1645
5641
1311
7480
1735
7647
7521
4331
1509
2349
4151
1366
5722
6923
4645
4315
2348
6070
5585
2579
1704
4423
4009
7827
5085
2029
3740
5126
6929
2520
550
7422
1147
7194
7984
423
5366
3122
6494
5637
3331
3607
7205
1109
3178
5140
6583
4451
3504
5859
7867
5169
7967
1509
4910
7720
812
3362
2189
5730
3410
6350
2768
2315
314
980
4368
4441
5729
1569
5550
3659
7659
2481
1420
7073
2074
5647
2961
319
2737
5049
7403
1842
6833
5177
4390
1676
5603
6833
1924
4424
3147
3596
2050
7771
999
4462
2616
7162
4554
3616
4839
7109
1893
7965
2521
47
804
1938
5120
4962
7778
873
6876
7982
2207
3599
7941
3089
4466
6963
7399
2192
1101
3216
6301
5781
150
5174
726
1100
652
6880
3371
1308
342
1659
4702
6713
5217
2599
7010
3669
1100
7121
368
3601
3775
4644
6763
703
6094
1370
4595
5517
3719
574
3909
7731
7386
1145
2118
1107
4083
6908
2779
4343
7965
1337
1963
5248
456
5100
7089
5493
6342
5219
4962
4884
6682
6514
7258
6484
4667
2214
4313
4936
2835
6853
2175
6543
7021
6624
5861
6754
2489
5568
3461
1816
758
7820
5026
6745
4512
525
1076
5241
4861
5147
5227
2185
4337
2567
4475
4915
2705
2308
4675
1383
6856
3933
2695
6460
6499
7690
446
5698
4617
685
7277
4463
4935
1862
4311
6673
5401
3519
1872
7162
2393
5479
1332
4763
6499
4197
5756
4495
5700
2419
208
41
5816
758
6688
4683
7715
7700
5733
2194
2075
6149
787
2433
6534
2873
5359
6701
195
6267
5366
4133
4170
2626
6232
3916
2645
7535
761
4213
4765
2678
2758
933
1940
1271
5662
6640
3814
6450
501
3472
3740
473
7289
2471
5622
6962
4870
1480
4186
4669
577
1885
3182
1735
6403
5334
681
4453
302
671
7173
5751
6272
3972
1515
6210
3085
1327
2781
5653
3349
1348
161
7761
4261
2666
526
3019
5604
6404
4917
1049
7967
4183
575
5925
4698
6516
6957
1589
6513
757
6864
4132
7188
1259
3101
6478
5398
1897
5989
4258
792
1261
7712
7480
6865
1159
814
1957
2718
4356
5674
3701
1601
4731
4282
6426
7670
358
1754
5932
3279
1581
3591
6201
6541
7870
5863
7262
217
3961
365
6077
4334
6734
4522
6452
4797
6484
6780
212
4399
4065
734
5828
3738
5487
24
2145
7792
5647
6165
5818
5535
5747
7718
3809
6496
6932
951
1296
7167
3740
1991
825
6305
4536
1815
7550
2711
4890
7623
3647
5365
1436
3348
4624
2612
6769
1031
412
4651
4563
5383
1921
1340
5029
7107
2701
5247
3659
1731
2170
2426
6765
2723
1113
7881
5590
98
5251
7267
7969
1603
6414
4467
6362
2291
5328
1264
576
398
979
3644
2145
6739
6131
2588
2226
5080
1552
2999
896
528
1924
6805
27
4878
2158
2275
5270
1913
3662
4208
6523
3752
1708
6300
2087
110
449
6233
1288
1013
819
6438
4196
3246
6689
503
5563
968
5173
3860
6502
3559
3088
1393
1669
1643
2002
5598
1472
2602
4369
5894
3618
4643
2192
3226
7616
247
1579
6417
5212
601
7646
2253
4488
4699
318
3001
5155
3819
1345
814
7645
1769
5110
2031
5191
5007
6985
4773
1411
6090
6567
1027
68
7036
2533
97
3939
5634
56
3987
1251
643
6771
6364
6064
4498
4148
4033
1782
735
3377
5462
5950
3106
5772
788
962
75
4024
7147
6227
216
1298
6123
816
2517
1375
5801
4024
6249
463
2782
7316
1840
3628
6642
5970
6896
5980
333
2925
3969
4387
3802
2165
6014
5327
1018
7176
7236
1505
6508
4450
231
3141
40
2379
1715
3981
5304
4974
5785
4877
1369
1887
1813
421
6130
5176
684
134
2136
766
146
1577
1036
1230
3947
3993
6813
6045
6244
3279
1835
2859
5802
4122
6942
306
6943
1612
7929
1281
296
3053
5144
914
6799
3147
3206
6916
6854
5627
466
5535
3114
1109
2768
7968
638
4606
731
2922
6705
6765
879
3495
5798
1638
1728
2430
3380
861
5269
7610
396
4788
5742
2682
169
3117
2556
2725
3958
3628
452
4727
1490
3662
106
6130
3232
4706
230
6277
2492
4714
4343
4079
2386
6134
4884
3159
3535
2075
326
4576
5278
2663
1508
1118
4275
4869
5391
1723
3089
6816
7699
7737
2959
7597
7272
4980
3453
1226
1201
1765
6122
5534
5550
4824
3193
7689
519
2571
638
7593
119
548
3589
793
3312
863
534
5941
2311
3278
7364
4309
946
2610
5140
475
2639
5387
4082
1568
2334
3188
3058
1301
7456
3218
5827
7066
5432
3789
1462
7496
1767
593
3929
5275
2717
326
2843
6408
7650
3679
5364
1886
5401
47
7734
6995
3046
6300
2948
464
5302
4080
3520
503
4589
1742
2559
1843
2998
6351
7630
2673
7620
2358
6993
7816
4595
7845
6018
1065
2312
3437
4132
3778
5970
6177
117
4305
1039
7525
306
1957
2709
7463
5583
5652
3388
4816
7690
2243
7446
875
3550
3364
6825
7367
1120
5390
1673
5748
7017
2958
2675
2814
4630
1110
7243
2132
6812
6275
2795
1110
839
4066
7288
3330
7302
2371
121
4170
7486
7280
4489
4562
429
3179
474
5898
7133
4462
5978
3854
88
3701
2004
7582
4984
2063
1867
6593
385
604
2868
5138
1634
6628
3572
255
5252
1243
6414
7035
7454
2926
2238
5594
7740
4063
1080
2021
4578
2146
7961
522
5152
5870
387
7220
1414
480
1779
447
3114
862
4783
2828
3860
4936
1435
1508
6466
3979
4416
5383
2070
3251
6231
2355
3815
470
5736
980
5406
3038
1561
4421
2693
4762
5821
4648
6209
767
3693
1126
2822
6048
1493
4318
2689
7026
7181
2192
1871
6214
3770
858
6356
3044
5394
4246
5495
7624
4174
1305
7624
7130
5633
3083
12
1769
1591
1500
7378
5415
4609
7717
4346
5815
2811
155
3407
6140
3967
3331
4958
7732
3053
5413
2720
1412
1458
5654
905
953
4665
3815
7995
6613
2983
4299
4940
7779
5665
3149
2108
4406
4943
1584
3969
3705
6557
81
196
2150
7913
7312
1775
6351
2325
582
4748
1049
6060
2298
2394
3779
4959
1157
3644
2613
7245
5258
947
59
7703
1503
6558
6458
7563
6593
1328
1519
2547
5019
1811
6034
7970
993
3169
1298
2803
4358
1524
2275
2026
959
3349
3903
7612
3780
4369
7211
3386
1649
4924
2126
1211
4781
6945
6156
7893
6962
6685
547
4226
528
132
5051
2637
978
3059
2865
2010
6364
5389
5622
3395
4879
5940
154
2375
2328
6950
4870
2675
754
7124
3411
6725
1247
2989
482
6282
4099
2116
1603
1390
5404
1628
303
5894
1183
952
1448
5920
5256
2474
6639
3873
461
3646
6385
4287
606
3687
139
7435
3756
6433
5428
874
3519
5433
979
7902
2787
7188
7335
6193
2650
4437
1315
1446
2901
1335
6616
5345
5420
609
7538
4160
216
5032
4850
2501
6842
6679
4998
2805
4933
345
3234
6382
4827
7504
5110
4582
6382
2172
2986
1397
6900
7346
5535
7362
2972
146
873
7454
2657
7725
875
2725
4239
2317
3010
1726
6775
7788
4738
6106
3107
5890
5002
3766
7423
7450
404
5037
7997
7395
5797
3597
3593
6261
3024
4553
3857
4682
3438
286
2896
7421
5719
232
3074
144
3138
7069
4025
4164
5055
2393
4847
7496
1294
1258
7980
2710
2152
3628
6360
4464
6029
232
3573
1007
3881
7293
6843
3497
7490
5124
29
371
4415
7925
1730
249
45
1545
6530
6393
3355
793
7597
5810
4493
7541
122
3007
2823
5486
2512
7901
3933
3099
6009
2170
2708
6290
3593
5231
3130
1985
4092
6581
2608
1405
2483
479
4008
1593
6046
904
7851
5898
4365
4085
3679
1363
1426
6851
6680
5963
7414
7488
1547
3030
1382
6558
2394
640
1022
2336
5440
1375
342
1437
1054
562
7117
2944
6199
3667
3559
5266
3383
7860
5914
1339
1887
766
4051
3064
5327
1405
6033
2256
7437
259
689
4320
4784
6785
5545
4517
7126
5651
1371
6961
2069
6908
389
1684
425
7230
41
7178
1664
3285
4246
6680
7955
7973
4149
3101
7824
1606
5250
7938
3276
5865
6187
2170
1982
1461
143
166
2343
4044
1066
5582
4388
6012
7365
916
7942
7863
7727
4670
3151
7000
6337
2452
5202
4208
4854
6331
6260
3592
2259
6967
1138
6568
1264
5828
1172
5649
1869
4265
590
7542
2690
1656
2714
6433
3069
1257
4800
6431
5675
3094
4123
4744
684
5328
7372
7197
3555
5869
5234
1163
1373
573
2485
924
3852
3750
3130
2935
7689
6510
6248
335
3050
5091
7147
2516
267
3237
992
4204
5983
1116
7424
4685
7756
1456
7644
354
4654
2376
4917
4769
4735
6346
3764
4313
422
5241
3416
2618
4215
4643
6810
6345
4669
817
5678
6560
673
4951
7810
3083
6133
1265
6902
3844
1519
5889
1097
1432
87
7522
4499
5667
167
6900
4455
4466
968
6044
2121
209
7005
1342
5503
3413
6244
1797
3290
5391
7348
3475
5333
2115
6844
4142
215
587
4077
410
5097
2764
105
3305
7364
6097
6202
284
529
3168
3390
851
2234
7224
5085
4476
5943
5220
2034
3818
1935
7302
7509
5431
4497
2499
2381
5440
2331
4833
4935
4796
5285
5661
6918
4547
2577
699
5956
4219
3830
336
5160
1047
6883
106
7212
1359
7621
5397
2303
4277
4258
2633
1372
5027
840
4252
5146
6393
4467
6936
4917
4978
3655
2037
5091
2069
6400
1506
1546
1043
1246
2353
5000
443
7184
2305
6619
7838
4295
2732
2326
4582
5541
7346
2031
6853
1057
3550
3836
1489
813
5955
3337
3368
2007
514
7371
6662
7112
966
4291
1279
1867
6401
5838
5683
2515
1930
5017
5081
4156
5336
1157
4572
4308
3302
4415
117
6801
1319
5124
2800
6641
4541
7196
989
951
2214
6379
299
1154
4661
3797
5086
4519
4296
387
6704
3024
1963
2424
7555
2292
5949
7074
5581
2716
1897
6116
4136
1011
1365
325
2919
4231
3414
2422
6592
2516
1740
5580
4490
3743
5830
7565
6613
3701
812
646
7022
771
392
1726
7009
5944
6963
2213
5997
6102
2643
7124
4279
741
6464
4864
7597
2076
3779
3319
3952
1964
2590
6015
3318
3470
4952
7407
7377
4314
6206
903
5672
4706
6235
6974
1497
1200
3899
6485
3595
2608
7846
3678
1537
1504
4253
6440
2563
7008
6327
6653
3987
1100
5552
4100
2574
2612
2609
5885
4770
5574
5011
1675
1501
2510
2990
3152
1916
3357
2160
7102
6328
4028
1396
7510
5696
5152
5736
7838
4766
5819
2191
6131
2484
4305
3784
3518
7662
3848
5729
2151
7227
2049
4876
944
6077
5567
1387
211
1325
999
6835
7131
1918
535
817
2342
3738
2717
7807
5056
5751
5399
4559
4851
5178
7123
1343
2581
7391
7865
2901
5129
2490
1011
4360
4682
5715
3690
3421
1491
2597
4707
3336
4084
1459
5283
6623
7361
5933
5756
3896
475
4956
2154
2719
5594
6722
6521
2388
3298
3433
4034
7428
3903
4809
6962
2027
1221
6641
3566
3838
3440
1025
6923
7028
1636
3023
6723
2554
3246
7565
7781
5908
196
6319
6075
3279
7240
2484
6638
1874
4714
2204
1593
5838
4388
2705
2575
3684
3888
4548
7272
3870
1516
7514
2269
7021
4493
4814
7998
6259
852
6363
329
4785
4199
6307
6194
1794
2036
168
7347
5019
2045
7647
5464
399
822
5176
763
657
6569
171
7137
2524
2710
6586
4026
3407
2054
641
703
861
2356
4270
6995
4531
4931
5755
2500
1458
4518
3220
3664
6940
2860
6320
2982
6867
4566
4047
4439
3868
5771
3513
6009
395
2728
3201
604
3752
1878
2539
3168
2745
5593
1825
4170
653
4362
401
2199
1787
4386
6095
6280
5012
6280
3023
7333
1859
228
4695
6502
1891
7468
1439
289
203
4146
1157
1152
2911
7790
2862
1104
5429
2966
1388
3760
2230
1090
6545
80
7902
6330
4639
2435
714
4491
4917
7278
2595
2059
7604
4835
2552
1122
2676
5910
6924
4661
6938
1392
6282
3350
937
6894
609
6301
6279
3136
852
4821
1270
7453
5072
2906
3099
188
5836
7399
1730
3613
3256
7559
6467
4774
6558
4666
777
5847
2702
3978
7888
4352
6764
3317
7131
2419
462
3286
7700
2783
2930
6317
3233
3809
6150
545
6346
1825
7098
292
3021
5775
4402
3155
658
1960
2324
4037
5338
2127
6887
5158
2397
5792
1450
1684
7684
2497
3397
7331
7831
6115
7486
2752
6371
7725
3418
4983
3891
2448
6313
1386
2626
2125
6642
7191
2948
5001
2229
5594
4063
3918
3398
5988
4257
5007
6934
7958
1797
4942
3057
3083
43
1328
1597
5439
3221
4469
2574
5443
1069
649
4788
4721
5428
7374
6032
1521
7216
5913
3504
4306
7194
4187
861
3988
5896
5155
4304
2904
3939
6580
3286
4244
6945
7276
1311
697
7841
1047
5142
2056
1252
5310
7287
6547
3759
559
7389
4475
2035
3740
5648
7799
2400
5948
4459
3885
7497
3559
7742
5118
4901
6598
6914
894
3441
2532
3926
462
3401
6610
684
3602
2549
2512
2249
4127
775
272
5832
3942
4301
4270
7644
5648
5468
7692
5868
4717
2045
6606
5807
3096
5280
1080
7924
1697
6109
6013
998
2637
7965
6520
5571
1712
6752
5872
6442
3622
1152
893
5539
1928
4584
5195
6135
156
7072
957
4579
4647
7548
4471
5707
5728
7963
4027
5229
6436
1742
5658
3765
1607
4329
295
7013
1997
2413
2721
557
6049
4094
5918
2449
3457
2717
54
284
2267
5087
2219
5183
6074
3365
7702
4232
6175
4451
2089
7254
717
7034
4128
3345
3189
5848
2450
1970
5384
4758
3245
4765
964
2639
2339
4309
1905
3870
3113
2495
1985
3366
6588
7708
5811
1391
302
7195
1079
7085
3819
1591
871
1593
5873
192
99
1735
363
5521
1786
596
828
4839
4753
4389
3074
2986
2760
2887
3364
1510
7024
4402
3684
3333
7405
2168
4491
6591
5828
6274
5928
344
365
730
4887
36
4009
6334
7328
170
774
4588
5751
6795
6197
3995
1881
7396
1013
70
7921
3896
5907
6711
1212
1930
1744
2892
4177
1942
153
7912
3197
5855
7083
144
1014
563
7539
2228
7353
1907
6821
4356
317
2985
7140
7424
4262
6343
2611
6626
2228
4451
4316
4084
5025
6674
264
3220
6823
3683
1722
7108
6512
4178
1773
346
1980
5354
5096
1638
2760
1116
3456
4987
2702
494
4732
1569
7187
7804
7939
1509
3704
872
5110
3088
4640
7183
2673
6108
2357
4472
5289
3206
1861
117
2089
6438
3260
2668
5959
6458
4552
5817
4600
3207
4332
1168
5776
4873
2360
38
4824
1409
5643
7248
7417
7744
4161
3645
564
6830
3844
6167
6871
4709
4755
3505
3917
2638
6984
5379
3402
1307
6485
508
7335
7472
6808
6094
2506
561
6532
6256
3443
7841
1710
3505
2819
3920
407
1558
2342
4173
7064
913
4742
7740
4727
4297
7055
7146
1725
466
2207
3428
2846
5087
4389
2847
4132
1046
4363
507
3632
6425
4146
1585
6206
702
6908
5921
5847
4381
4930
5520
6204
4307
3925
7096
2237
3140
5461
2976
1721
2510
7859
2941
5867
400
553
5512
5576
5747
892
3839
407
2322
3705
1741
2106
1645
3283
6253
3244
531
4587
3065
3924
5457
171
3378
2632
4808
5610
4955
1671
6213
1147
3844
6297
2492
7965
4675
5362
2281
5781
6460
7914
1695
856
4036
1073
4131
4271
1701
4108
1761
1855
2977
62
1243
2976
247
3858
1221
6242
1416
6650
3708
6412
6844
1977
5583
1972
5361
2129
4397
2034
2980
987
4710
1084
7248
1813
2437
2011
5111
983
3013
4729
3858
4983
4801
1536
4162
7243
1004
3120
5956
4549
2823
3810
2504
2842
3548
5866
7443
7940
249
7055
1451
7609
6451
1526
2994
6487
5308
5876
894
4533
6642
5500
5693
4577
3519
3067
7393
191
3625
4952
4235
3522
4418
7766
2506
610
3982
1500
6395
1064
7016
4416
1702
3436
645
5291
3149
3383
703
4193
6372
3878
7912
1268
3432
5436
4621
1342
3864
1506
536
3606
6976
1223
1998
7893
4671
2677
4761
7089
5933
2096
475
4138
5126
7363
1339
3087
1002
5775
3768
6056
1418
7676
45
6752
5797
4150
7370
1246
3591
1290
4298
314
704
3147
7860
1361
6460
6965
3869
7060
8000
1824
3242
4088
5995
2941
7725
2536
716
7587
6890
138
7358
7597
7905
2246
1062
841
4714
6319
4364
473
364
5250
6564
6357
2286
6466
5214
6651
7055
3166
180
2746
470
2384
7051
2901
4603
6934
3514
841
7335
7266
1356
1520
3177
546
3883
4609
3255
5458
1659
5198
6634
4231
3527
7981
1344
1529
7748
2259
702
1717
7308
5271
2969
2895
3864
3912
7608
81
3957
1479
1048
7307
4267
2364
3216
1172
3637
2677
4225
7086
104
997
6508
4369
3733
6399
973
5608
1860
6751
2649
2508
4585
3945
5552
2793
310
1918
6933
663
770
5816
4336
2851
6262
7231
3562
6588
658
4513
3143
6931
3041
6077
3926
6919
2946
3410
63
5887
7885
4268
3925
4000
4898
5495
6356
2082
530
4730
3415
4422
1446
2290
5680
3535
1952
1365
5291
1509
3775
6233
428
4201
133
2291
7074
4678
7094
2508
5882
3944
7283
2380
3224
927
1432
3567
4405
6292
1393
6956
846
5962
4491
5079
482
7861
2215
3626
4947
6322
3135
7553
6994
951
712
3243
5708
678
1627
1255
4216
6612
6389
5326
1726
3098
6100
1296
4756
3406
3693
2049
3728
1138
2613
3238
4191
4061
4475
7335
5893
1769
3950
7222
6823
2302
5194
5388
253
3390
6825
5185
7947
6867
4520
3114
6268
1225
3200
1961
7714
6200
4225
6790
6962
4159
1210
3706
2598
472
4855
1898
4177
4628
4715
7173
4557
2978
5786
184
2404
6954
7053
7452
1340
7622
4046
1167
7297
4996
19
2113
675
5174
6084
6019
1909
6568
1726
2032
7363
397
289
754
297
5889
4638
4987
386
6426
4079
7389
5962
507
4528
7147
6473
3445
3139
789
2000
4741
1926
7051
3334
7033
4958
5245
6635
1297
7308
663
1922
7717
3004
2186
2833
6309
2718
2767
2311
2680
3350
4133
3198
202
3021
263
3318
1118
6453
4069
966
5788
2959
5087
8000
1442
5944
1125
817
5086
3642
2010
1959
6540
2639
6342
1656
2299
7019
2471
489
389
7298
7372
2941
678
6284
5994
7856
604
3504
3850
3780
4469
1314
1534
5897
5401
2043
3691
85
5175
6977
3211
3533
5062
1211
2317
2208
5973
1774
5855
7663
4445
2826
4089
477
3108
4658
7291
1060
4819
5755
2610
5040
4930
7303
6890
430
2670
6936
3182
7615
2071
4813
1991
6441
7487
7064
3457
7349
3469
1813
7632
626
2333
1634
4893
7519
7234
961
7846
5469
360
6639
6547
5252
3289
2805
7355
3857
4150
4696
1879
754
7881
1566
69
4570
3069
7882
5402
7267
3862
6794
357
7262
1885
7254
6952
5182
5938
3632
7652
2045
6298
4148
2714
3475
3222
5354
6893
1253
1682
2656
7177
6994
6539
4106
1136
1340
7983
2109
6650
4261
1954
4605
7440
7397
1929
4470
2096
7244
3356
544
