2827
6543
1920
7891
4674
2327
75
6947
1232
7389
3260
7509
3169
4570
3653
3114
374
2757
3953
8000
1999
5882
3456
5284
7764
4222
3568
2181
2636
1693
3416
2141
1107
101
4293
3746
3119
2909
281
5867
7419
1745
6299
2750
5187
785
4297
7375
5337
5178
6523
3482
6752
5267
7967
5115
1416
6021
1381
4074
3010
2393
2536
2085
1979
262
6263
3007
5119
1015
4341
5396
5504
1842
699
7160
4014
6332
906
2406
6808
4982
7526
4462
3607
4638
3675
2796
1670
6244
7090
6545
834
1641
4416
1795
5859
2708
1484
1408
5861
905
4547
5892
7862
1946
2735
1156
7951
6349
7695
5261
1980
904
6773
3537
6371
5319
2278
6427
3272
7022
1695
431
4408
1557
463
1208
6928
2300
3147
713
7066
6485
5554
6228
1523
583
6574
5539
290
2338
7262
2180
2991
5953
5766
1260
7394
7155
2854
1567
288
2216
6703
633
4290
2734
3467
5781
1478
3121
1135
3496
3938
7384
6037
5230
4141
4105
3634
953
3910
6270
4991
945
1622
2924
301
7080
7277
484
6447
1822
3445
55
982
4669
1809
7646
4262
3451
5159
5438
2844
2942
377
7844
119
495
794
2392
5129
4880
3764
25
5974
1197
7897
2978
1814
1819
4589
7885
6633
3402
1942
1836
936
5192
7094
4318
4838
1487
3732
6875
5922
7860
4471
5891
4020
1799
2378
1546
4827
3944
1444
7563
4749
3973
2061
2393
2089
7863
6823
1200
3530
4654
192
3155
1803
1774
7586
3835
6938
900
7667
206
7531
7244
2247
3163
6660
722
562
3063
1834
3233
5498
4860
3503
3139
3251
6778
4029
60
4933
7707
2887
4566
6843
2909
6859
520
4974
5117
3067
3699
5458
397
3548
4962
4677
4008
1797
7639
2727
888
7413
3439
4405
3352
5581
5699
105
3507
1679
6397
7347
1895
3735
6935
1251
817
6060
6865
57
4650
2732
1225
5699
16
7218
7294
2138
1751
1470
6346
1525
7673
6860
268
7129
4932
5623
4976
2258
3493
3211
7729
6149
3567
4003
4256
746
3229
6852
7967
2491
7912
7357
2741
446
673
184
1545
4334
3523
4383
3607
608
3685
4728
5523
7593
539
4652
2762
800
7765
315
6703
4158
4188
5360
5658
1706
6676
4164
7661
1676
5731
5284
3662
2602
3050
6749
6658
1951
5996
7204
4123
3869
2455
241
2577
5867
6309
7492
6243
6173
1192
4768
1591
4787
222
7188
7248
5473
2102
7183
524
4829
5977
7492
5776
4804
2810
7422
5991
6630
6566
7977
1220
3798
7881
1688
1585
2324
807
6776
1766
3991
2704
7000
2355
6701
94
4966
5518
1744
5948
6608
3017
7512
4093
1112
6782
32
7160
5376
2824
3107
1292
1618
1901
2579
5856
7456
2311
3174
1303
3339
7600
2770
7444
4925
5004
2016
103
4129
3995
22
2773
5592
4766
2718
5113
7015
4034
6249
6522
1951
4159
1094
1240
6973
7987
5926
4732
6465
4007
7682
3012
1460
7075
6276
739
3503
6415
5427
906
3938
2553
7070
2792
1134
2577
3679
539
1004
7577
6064
5184
6741
3510
7690
526
5836
2406
6636
6544
6133
4832
3240
3810
6793
1499
1907
3562
1199
2059
1597
2827
4291
1636
7728
7562
3900
2582
2519
30
1821
5666
1991
3577
7000
2530
6972
2203
2712
7565
6024
7869
5770
3005
6300
7745
1390
5026
4732
1066
2530
3437
4490
6408
1110
894
4423
7915
5449
1457
5964
1715
4908
5875
5318
6870
1524
638
112
4015
3003
3147
1926
821
340
7728
4252
3136
1340
188
2873
4562
6787
6862
6594
1686
2084
5993
762
5250
7521
6568
3989
1310
2149
6723
7028
1992
7177
6294
2330
4810
3005
969
7702
3639
292
627
373
4177
34
802
5851
2022
3765
4834
1935
1728
7511
4251
7251
5041
2878
1296
2130
2691
5584
7012
5145
3562
4455
5056
6215
1679
4862
2969
4097
6721
6377
278
4499
1346
1086
1099
2325
6348
727
2899
1062
1054
562
7671
98
388
1007
3121
7005
1627
2516
6082
155
347
5623
4069
1564
6941
2626
457
4759
3669
2133
1216
5655
6692
2502
7028
5851
5606
7824
7011
2511
2057
4858
1113
4328
1194
6986
4400
7718
7275
4470
2532
2115
7602
750
3930
7215
564
1071
1578
7384
4997
7608
3054
4528
172
1471
4921
4363
1417
2800
921
4045
5478
6151
1823
3781
1793
826
1698
7017
7434
6285
5388
6604
2814
6763
277
3145
5908
3253
2120
3993
497
2987
1199
383
5284
6311
5852
7110
7419
1569
628
6542
7843
2478
3079
1255
1990
4735
7182
6686
1525
3316
1315
5293
5699
7201
3540
3705
4781
6666
834
3974
4534
712
6500
774
160
2628
3407
6599
7614
2917
5401
6615
7423
232
1294
2884
6170
168
6923
2920
5240
2796
6450
940
274
644
3476
2200
5587
3077
1182
5282
7667
642
4543
510
1479
274
139
5877
6024
1452
555
3113
6095
3973
6894
3549
4938
5690
1738
3919
7330
5789
7706
3146
6179
22
7241
1536
3821
5455
2431
7977
7600
1929
1634
2447
4766
2479
1948
1948
2924
349
337
284
7159
3377
5992
270
4095
890
7513
3562
7041
5072
4869
6071
1472
3533
6778
3883
4200
6434
6682
3285
388
4413
6893
5197
6914
3956
2150
44
5000
7820
7014
2215
5865
7072
2210
7916
3590
1719
189
580
5427
4337
7651
4580
7473
5785
7504
7496
5627
4944
5565
3639
1029
1365
5241
349
6579
7466
411
4229
6118
5993
6593
4019
6778
6578
12
2109
1771
7875
7366
6311
1671
741
806
5554
364
848
124
3077
4532
4321
5706
2345
6649
6359
6765
4079
7785
1153
5232
4276
3367
5748
1281
3718
1780
57
7598
2702
160
3968
7390
6988
406
67
3578
2691
4415
6165
1455
4379
1539
7536
254
6428
2058
4941
4054
4366
6806
2034
5886
6025
6734
5981
689
7823
5279
1358
5916
775
1253
7142
3337
807
3602
5742
7589
6764
4987
5547
5393
3941
7754
1884
2112
277
4676
7273
1907
1438
7591
3217
3772
5790
3112
5867
2969
6946
5854
2966
7060
4631
3163
5875
5555
7050
2509
2162
6373
3708
2917
1633
1837
2367
7403
5241
242
91
6294
1328
4695
1317
7734
251
3312
308
3787
2139
7993
1573
1633
5886
332
563
5982
5376
6603
224
4896
6697
1505
1762
2444
2795
7659
283
8
963
7900
7749
2256
1236
5661
6218
5498
3662
2684
3157
3697
5519
1720
479
2620
3888
1671
7424
4437
1531
2704
7264
5259
3920
2104
618
7817
796
5185
6903
6140
5485
6827
5469
895
1525
2883
2685
7201
1837
7194
7406
16
1155
6457
4386
617
3646
5079
2134
4478
1234
3478
39
7555
4442
3359
3745
871
1999
3869
6770
7699
5938
3040
6536
7426
1220
6787
764
3068
408
1358
1600
1744
4021
3422
3060
1745
5682
3367
1858
7605
4413
6750
1920
1400
6220
2665
4962
4092
826
1609
677
5544
6902
7973
2030
2977
2372
6198
4148
2096
7613
3201
5072
6655
1687
2416
1209
6402
2213
4976
4295
1178
1860
5395
7314
1081
6099
5600
5809
4253
2087
3493
3045
5273
1790
2796
7402
4795
4195
7138
3001
4592
217
7121
5833
4347
6913
694
5039
5179
1589
1665
6212
3163
6391
5497
1563
6319
2873
2901
7058
3420
3565
5349
4559
5064
7912
3413
4330
1576
5486
4500
1370
1170
6444
5044
405
2909
2287
1321
4921
2358
419
7259
4190
1609
5643
4944
4792
1783
6060
4388
114
1012
7509
964
7054
2805
1803
1838
1219
939
6516
5616
6837
7118
3686
6708
2120
7975
3274
424
2914
67
2404
1608
2964
5876
7476
3012
1774
4311
5494
3636
3342
5923
7948
2359
4258
2815
2314
5700
5838
2456
537
6443
6179
3615
2791
861
6688
7789
3050
7179
5251
4004
6206
6238
6970
5938
1502
669
4159
1663
5166
3749
3140
3428
5481
6577
5450
5550
4170
4884
5802
7623
934
5555
329
2187
4059
4067
4497
3154
6715
5152
3089
3615
5229
3889
407
6466
5530
3674
2790
2679
2543
6506
6024
1270
6128
6815
2006
3890
5896
5467
2316
62
3757
5606
5009
7736
7645
3260
942
1510
3432
7604
6421
590
271
53
5851
3072
5122
5479
3883
7738
6063
7757
4498
1388
6295
4132
1754
2794
3832
7201
7724
7037
4050
6957
2793
2918
4127
1274
6153
4375
2443
7310
4879
6124
851
5902
3777
4659
4912
5931
5307
783
6707
6255
2033
6287
7460
6503
5295
4336
1804
2357
4364
7592
6888
476
5925
6059
1312
7420
5070
1531
1417
5945
3793
6911
1334
3418
6703
1307
3235
2886
661
3598
7906
5892
1162
30
3710
7576
7078
4747
3435
3102
3708
153
3222
2205
1881
4524
1458
7353
7593
1621
6484
4418
4761
7977
5361
5048
7623
5202
2585
596
5089
2281
5442
4809
1738
5360
1185
3786
2568
6816
5741
3687
318
2688
2063
4267
2814
4999
6120
7927
3153
3565
460
4169
3310
5904
3134
2356
3608
6748
3344
4495
93
5545
3800
7472
3525
1813
606
7730
1510
7348
6834
4236
1890
1849
5128
5060
489
1940
5845
4879
3209
4338
1547
1601
4517
2861
2392
6065
218
1049
6632
5597
6683
426
7238
7044
6215
5845
7942
7487
5257
5524
6879
4546
803
1783
5443
2584
2023
3794
6286
3095
4739
6722
7005
7791
4084
5028
6152
3152
7118
5878
6842
7598
6876
2096
4683
1776
6157
7307
7349
6458
7628
1659
7407
2487
4981
1018
7510
7016
4920
3367
1663
6754
5699
5109
270
7359
4874
1276
260
3321
3234
112
5613
4635
5649
5307
1114
4736
4947
4306
2900
5869
3171
772
2984
1270
2886
4263
1722
7698
6826
2001
2344
6860
7837
4757
3625
1950
2793
162
6420
149
438
5287
3083
3313
3080
3424
4793
2348
5836
4188
2023
4615
5052
3193
347
4712
5548
4070
6935
4814
2654
7384
3561
685
3336
2755
6930
1147
519
4084
178
5982
2474
5982
4487
7235
4763
3293
7282
4341
38
3703
6433
2820
382
5200
2289
6600
6081
13
7945
5637
7372
2776
7045
3523
3033
5838
1348
3767
2337
964
5027
4709
5068
4864
1637
3254
4766
1157
3889
965
6113
6764
5555
5968
3142
5337
4979
5989
2045
4206
711
6484
5247
4146
1207
3398
7279
4767
5672
2730
4869
3019
182
6951
911
6681
7210
6386
1154
4404
2285
4441
3796
4475
6228
3902
5363
6278
4039
1159
3199
121
4760
3446
6517
6278
1477
2348
890
1807
3481
4017
462
5110
2747
2109
3421
7124
995
7196
2407
5764
5036
135
3402
3772
7280
5601
1518
817
5408
2657
1514
3476
1113
4335
5631
7641
429
173
1905
5269
2502
1739
4849
707
5764
224
7297
6700
257
4582
6509
2092
1153
5379
6344
2039
2163
4938
1683
5073
17
4024
5410
408
6713
25
1356
6768
2424
4057
4075
1957
750
3986
6061
7080
5599
7377
7909
6665
522
5837
512
2119
1184
7374
5607
4727
283
5172
1585
2645
2485
4854
1927
6483
6776
7185
4918
6158
7728
6515
1826
550
1738
1433
5202
3803
6236
4609
3055
5734
5177
2148
1785
5631
1632
5934
2914
159
2350
353
817
5175
3726
1839
923
6916
5203
7715
4129
4732
6348
4307
7673
6467
6187
5110
1500
5626
950
7862
5146
4550
3089
5609
1096
1148
2254
563
4367
2091
7392
1092
476
5356
7337
1211
4786
7515
3920
1670
3678
825
580
2397
224
1506
2706
7981
2183
2891
2774
664
1860
5413
7962
4698
863
6101
3000
7383
1885
5092
5369
7973
1046
1373
1957
7599
58
5564
3436
770
3256
5466
6410
6427
6034
6291
3806
6120
840
3735
1083
5221
4398
4072
3319
3858
3013
7129
2983
425
3671
5844
3893
6521
7180
6943
3115
1194
7766
2395
6980
2422
3399
4346
4122
4026
5846
4069
5728
5535
4274
5216
4333
2118
14
4700
2737
4903
4819
1403
1283
1663
3309
1603
2785
5737
3643
7471
809
2231
6839
1985
593
2819
2539
5675
1152
3859
4874
2645
3679
2123
5415
5432
2020
6780
4200
5626
7681
2128
1901
3538
2725
258
2550
1441
2772
5254
751
4261
2279
2276
475
4330
725
2615
3738
1269
4313
1730
4884
636
2646
4726
6148
2326
7238
4662
2638
4032
4014
3655
1313
1098
3034
1134
1943
3957
1526
3183
4771
7945
7177
2965
7427
7527
504
4701
1766
7197
2996
4832
7037
6196
417
7970
3201
3981
5935
2648
5443
6254
6604
6011
7516
7185
4147
1990
946
1094
538
1151
6259
2609
2293
1954
4108
2470
4843
6981
2538
4459
4624
3194
6291
5361
5881
2136
3632
5938
4537
109
6741
2659
2129
5550
2143
4442
6312
2365
1789
4873
5659
5871
698
2666
6470
1518
2688
4872
5161
3024
6903
2101
377
5031
2882
290
3390
4784
5019
5291
6744
4935
4813
7072
6368
6105
3404
1805
4977
6546
511
7542
3760
6922
5680
2095
6736
2835
3835
2162
54
7118
4941
4460
4606
2727
7282
4838
102
5743
71
1746
869
1629
6668
6051
7550
4997
1352
398
2500
6432
7507
3965
6795
4910
6803
3976
2933
7123
1326
6448
6879
6526
6787
3368
5597
3889
6626
2001
4270
1926
3724
970
5119
6561
6286
4539
7951
6950
1783
1662
3486
4010
7885
1177
4743
4167
6757
7606
3886
6249
563
6217
1275
6596
3233
5509
2048
4810
275
5831
3637
5991
456
1682
2669
5305
4442
3157
5864
1086
2652
7299
3076
343
3505
7084
2946
5825
7463
6274
4245
84
278
6413
4045
6133
7737
3724
3293
787
3075
896
6943
3263
5058
6356
6200
1537
7267
6593
7182
5816
1587
3822
2963
5964
201
569
6401
6759
4692
4058
2131
3975
4710
5670
6894
1622
1062
7835
5661
7578
6606
4725
5629
5528
2895
6093
6190
6498
1248
1235
974
4574
2652
7314
3328
6533
4315
1667
2629
2169
3568
4174
3694
3161
5118
6741
7205
4535
4042
1711
2256
2602
2281
419
6063
5894
4673
2604
1825
7019
4536
2187
3863
346
6710
562
2158
2887
2903
7937
5164
6785
340
4583
5143
7103
4818
6563
5184
6802
3336
4234
6447
2968
4877
1803
7759
475
4605
4566
2400
3092
7970
707
1676
3573
7014
3215
4
4836
6350
474
219
3712
6363
4211
7455
6705
4298
3314
5541
7905
5427
3842
3730
7782
4324
465
743
5392
4665
6904
7170
5926
4026
4502
4742
6523
7243
5046
2505
2020
7132
5315
876
3745
1525
746
3327
7080
923
7543
1641
1704
4101
5464
3673
1334
4869
6533
1851
6623
764
4221
7286
2844
1312
4930
1522
7872
5896
2014
6241
5096
3154
200
7852
4489
3802
4192
7097
376
4781
7991
2633
2424
334
7062
591
5423
2233
3618
1397
6118
1567
1155
672
6687
4421
1992
445
6221
2307
2532
7093
509
5333
3370
1195
3610
1835
1731
1491
1861
6239
5825
7827
7966
457
601
1186
7819
4040
3068
2430
3683
1414
4444
1216
1024
2753
4409
216
1537
1576
3029
7992
2181
5351
3810
5441
1423
7072
7779
3607
5157
7833
5510
2918
7126
4041
2247
3101
3012
5971
3534
3591
205
5994
1790
4879
2293
7964
303
3527
4294
348
991
1907
3033
6060
4149
3878
3773
2023
7858
98
4529
4193
4539
3209
3302
6921
4422
7056
5452
1412
3207
5647
6320
4649
1836
5119
5137
6821
2941
4804
5626
2314
4010
4175
4054
5939
2402
5542
7032
4825
1365
19
5697
3981
2090
215
4303
2031
2143
1170
4688
6509
6081
2466
3328
7767
7489
2284
6753
2889
6221
5413
6301
4308
2774
1902
2797
2738
1374
1850
1370
2685
1031
7413
3134
2628
1760
6033
3794
7288
3490
4430
2910
7134
7900
1033
6764
271
6269
1403
1630
5748
2630
1284
6336
2953
7572
114
4248
4805
1090
627
7704
1666
3848
6389
5610
4108
2361
1793
3700
2814
653
5134
711
3084
7629
1930
4874
7203
3462
7245
432
2355
5398
3526
3083
7029
516
1327
4792
4178
6736
1296
1956
4095
4542
3909
3511
2221
1883
3626
6910
4148
4230
1719
5143
6604
3826
310
5742
268
6600
7006
5644
2769
3867
2706
6931
1320
2600
7
5164
6236
2873
6082
7406
5925
2618
6538
5199
689
5557
6055
3284
715
5353
5428
3622
6684
3129
1301
7510
6787
211
2741
4697
1185
7619
4137
735
1005
3374
862
434
3374
4505
1753
2840
7341
7345
6085
2149
6178
2571
246
6128
3934
5104
7829
7525
6410
4314
1574
466
332
5166
4667
7503
6312
4413
396
4047
179
3962
4355
2448
1762
1166
1924
4515
41
7738
2206
7829
6964
1433
1571
6342
5411
6731
6641
7180
2917
1996
6171
3660
463
3188
6827
6552
5190
3783
3192
6882
1992
6556
4669
221
44
6341
1297
158
6609
7978
5426
715
6473
3283
1534
7510
1306
4674
4775
3003
4531
6568
2736
6274
5576
7368
7930
7787
3733
3624
5813
3021
4853
4252
7409
2223
7996
4735
4539
7322
6487
5613
5889
1328
6181
3174
203
3397
6266
1551
1113
2705
6537
1836
6660
4888
3556
2968
3713
6305
1679
2755
7213
6284
1937
5633
7851
3532
4881
7959
3304
3530
3327
3394
7736
4294
6598
5757
3693
3738
7003
821
3879
4865
3535
1459
7472
2989
2772
5346
1733
6374
5102
5375
4895
7558
4403
2943
4928
1459
376
4820
3366
2464
3280
828
3735
2616
3659
4695
6446
5886
482
2831
813
6392
3612
1051
4865
6388
6525
3596
4299
5813
1911
3941
4909
2649
2188
7598
2764
2626
6679
6367
6564
5572
1722
3796
3625
4266
964
6563
2846
1111
3880
7598
1277
4436
6056
4498
6154
4276
3386
920
1775
2285
6633
498
4886
900
1338
7275
5120
4731
4319
7253
6456
6817
4164
945
4072
2854
315
3970
106
1617
1673
7852
7950
4526
1767
2080
4879
5678
4006
812
3369
2421
7754
3604
2423
3925
1780
953
4390
7576
2035
2338
6171
483
1941
928
5223
6075
558
2979
1242
1277
1587
2500
698
7933
1637
106
5736
2014
4165
4032
5632
5188
5100
6716
4147
235
517
3571
384
4267
7654
7340
7881
5932
770
5012
152
1
795
6612
7410
7622
7359
4282
1545
1542
6888
5207
1468
5377
975
6265
1645
3369
5415
3073
1166
4362
871
2657
7916
5894
967
3954
4630
3170
7497
7991
7517
1973
1561
257
5575
2751
961
4591
5125
2489
7085
6229
174
1006
5980
5964
7605
1076
935
3091
4164
6525
136
3369
5294
1586
3251
5237
3973
2412
2360
1568
3714
31
7082
4456
4523
3905
4424
6845
1149
2483
447
7323
6457
3492
1492
7896
2867
6078
5610
3715
2615
6271
2131
3577
1074
976
7867
7632
3655
7988
5757
3702
7178
3295
4150
6464
1518
7504
7001
3006
5475
5049
1206
5181
6265
3380
796
7933
2774
5559
5861
2841
5327
2656
2678
4731
3572
6038
5739
5224
7971
2172
743
7911
7544
4626
7020
5543
1989
2167
1837
5751
7024
1722
4889
4430
7915
7527
570
2311
6841
6857
4696
4775
3732
997
1873
6853
1187
5181
267
1053
4115
1289
1347
3823
3199
444
6798
4171
6395
742
277
5114
2365
141
7862
713
2501
675
443
3372
3626
5386
4668
5577
941
2458
4136
114
1069
2947
7209
1331
1875
2218
7138
3914
5038
6271
3631
1910
538
3824
224
4347
2343
7491
1921
4506
6744
7313
3495
1944
6430
703
2532
5274
2427
7853
2410
5851
5722
3012
2209
3918
6412
1223
7668
7229
2320
4122
1214
457
6383
614
2481
4253
3500
4752
4628
3839
5692
6207
737
6768
1841
5166
2300
7890
1337
1494
4148
7831
1336
178
4193
4854
7863
2659
2216
7151
2605
7938
7337
281
7224
3822
6836
7788
5286
6207
4611
1269
2123
5387
4758
1901
4837
7482
4620
4387
3440
6685
1375
7704
6288
4690
3627
5068
2102
3186
821
2234
6824
3845
7888
773
3306
6979
5012
1076
273
6490
3470
3103
3816
2978
1972
7972
199
4384
5985
3094
5224
5876
5621
5631
6306
36
1696
4590
523
141
70
4294
945
2955
6472
133
5113
6755
5883
2276
2094
2591
5046
463
6180
5769
7478
1386
1423
7781
655
3463
917
4661
6723
2499
7304
2727
4118
2070
1805
3436
5604
284
5148
7709
2992
2955
6525
2761
3647
5548
6159
688
5516
3816
3096
431
5451
1554
1562
3588
6827
3337
1450
488
2073
1905
1071
400
1409
3899
8
3879
7538
4542
4654
628
6327
1101
5928
2018
473
2492
2320
4065
2567
2136
8
4210
7449
4913
2810
4948
4349
1094
4722
629
869
7989
2059
3246
4982
7701
4185
1233
7119
1883
6834
5952
1370
2468
7377
1141
296
5638
6245
580
2471
6351
2257
6338
1652
7498
5256
4779
5286
2848
3579
1708
7711
645
6218
2198
887
804
2934
1445
7434
3738
2008
4872
6128
2003
2125
2330
4421
7692
5192
4241
3549
3998
2308
3984
4616
7118
5147
6548
1709
7901
7552
1907
2393
2564
6500
1031
7154
59
4259
6506
4860
7758
7924
5851
4534
3834
2170
1798
7700
6467
569
3419
5524
1614
4358
5475
1326
519
6718
3833
7505
7425
3416
2762
2994
7264
6080
1397
6388
5869
3276
6957
1635
2571
4355
2455
6128
7966
3982
2000
7356
825
5057
5154
295
7443
3648
4638
67
5058
245
1176
172
1112
6215
1101
4806
4481
2214
1350
89
54
3442
3917
4652
6105
4864
2818
3235
1012
2781
3436
3734
5303
1365
1603
6726
3337
2218
7698
81
562
2336
6221
5849
364
2502
4280
2478
5885
7564
6070
4542
4023
7829
4545
2209
4129
5134
6303
2170
6629
3566
1732
1375
3494
6177
7949
6921
4610
3219
5897
1538
4870
3013
6191
5208
5970
4389
4281
1501
7887
6128
1409
3261
6161
6715
7394
6306
6964
7304
4411
3699
622
1101
4976
2921
6276
4183
6302
2371
4662
5802
1105
1269
6041
2161
4243
7533
5712
2727
4989
6933
7110
2273
7077
7650
1895
3474
956
7887
7933
2195
3959
802
303
1493
2813
4165
5531
504
5489
6319
5061
4385
4717
6430
5094
1622
2084
2714
484
6696
2589
1530
2631
7932
2830
6330
2727
4344
6264
2959
4936
7688
889
3727
7612
58
7973
1224
4494
3334
1418
5985
4873
1730
5686
6982
4512
7445
325
2519
6596
4718
5732
4460
5134
6967
469
2126
6979
2365
2253
4047
6209
26
840
1902
6453
401
6809
29
4482
2436
7485
6048
6926
867
609
5550
7355
109
850
6415
7562
5270
486
5739
3292
95
7848
6370
6808
530
7450
564
862
7297
5059
7877
257
7681
5663
6292
1769
5472
1595
1148
353
5608
4859
2230
5554
5570
6288
441
4848
5667
1982
4239
7472
5173
7894
1687
3642
375
6043
5961
7994
574
6740
5382
7272
4266
2282
6785
2630
6129
2922
5828
593
6278
155
3529
3268
672
6430
4215
585
5249
4142
7766
7979
4817
6182
5743
7232
6661
3116
6673
5464
84
2894
2915
5643
1886
5906
4772
595
734
2292
7239
1074
7386
2291
7380
6807
7893
1402
2601
6540
2520
6541
1115
6486
4964
7745
2685
24
1948
5078
4601
3192
3894
7065
445
5344
7942
4883
904
3828
6178
2377
730
646
674
5021
4360
6846
4161
1594
581
6430
6457
2452
6320
1660
566
2994
2626
7009
3024
1520
6728
2151
5344
5710
3466
6705
704
2186
3805
7018
6889
3815
3460
3676
6638
2813
2854
5723
2944
4634
5614
4483
2060
602
318
2838
2140
5532
1542
5184
4095
720
2955
3984
2819
6877
4724
130
6383
474
2366
4790
164
3304
2854
4615
7221
6168
3293
6897
4947
6180
5031
846
2136
6348
979
6894
6054
1768
5046
1783
7322
2186
7055
6844
7534
5339
5152
911
977
7249
1951
1428
5143
1575
2421
3569
6605
5292
936
3170
1711
324
2051
6195
2034
5625
7842
5639
6389
3083
3521
3576
2529
4241
3362
1370
1788
1900
1946
1220
6795
7990
5773
4826
6940
2773
7313
5525
125
1887
6770
4430
4065
4026
6877
2882
441
4952
6649
2837
605
5256
3105
4339
4389
3579
7724
6503
6255
3192
1686
7904
5210
6313
5821
7144
4953
4333
203
1875
1992
1093
3706
2998
6805
2464
849
1929
3811
5833
6142
1431
468
3387
4318
7992
5842
90
671
3523
3655
6034
278
5979
3646
3869
7883
3169
3165
6989
180
5475
5136
5201
3888
871
4527
2431
2356
4139
4254
769
4374
7643
2203
5042
268
3925
323
4850
342
2497
3958
6544
6029
4667
6935
5818
7986
1224
7000
2625
3040
3891
7281
2513
3880
7586
4245
5905
451
533
1868
7834
612
1857
2073
3231
2928
3661
187
3226
6988
4747
7751
6294
7786
6531
4078
2759
7030
3982
5117
454
842
2601
3438
4078
4652
7737
1038
7140
3230
4358
1487
6177
5490
6360
1860
835
7701
7986
7685
3583
5801
4125
3032
2217
795
2952
3298
193
7832
1194
778
4447
2083
3960
1289
3860
1751
6442
5925
1727
509
4804
5961
4651
713
4243
2916
1181
1863
1200
7178
1537
6420
5566
77
4465
3956
7290
4700
7025
6045
5941
4330
3304
7685
1648
2042
1827
6777
2440
4987
4609
2131
2388
1420
4667
6541
5611
1500
6292
5904
3186
533
193
319
1455
2989
4512
17
2316
3133
7738
2194
695
4386
7937
7272
1452
6517
7885
7232
564
6816
2384
5383
5480
4192
3280
3659
6576
251
6489
1459
1331
4865
1396
4607
4236
966
6464
3737
6344
3611
6882
1944
3857
197
3502
5617
2755
4768
5969
6860
3991
5165
7943
2403
5188
6975
4375
1959
6742
5176
290
1930
279
5680
6186
7852
2053
2007
1866
491
2707
3385
3548
7337
4211
1892
5626
3761
2651
5996
2162
4372
7031
5251
7777
5529
2975
7286
4731
7222
2961
977
1691
201
635
33
7894
1710
982
1791
3587
2969
2954
4284
5753
4914
5539
2470
5537
3796
7980
1838
1738
1690
7346
6537
5529
4833
7331
7333
305
7041
5081
4739
3188
1418
7870
4042
3660
1892
5657
6238
6143
6697
7291
5259
4004
2227
6597
5822
3386
7207
1963
4962
5293
3211
3503
6934
199
4295
7133
5155
5904
1071
329
1513
7419
4267
4925
6752
422
2453
808
3207
202
6896
1353
7085
4058
160
6942
5474
7169
4957
5117
1659
4312
2594
5497
4992
2046
845
6383
4305
3989
7112
4094
2217
5961
6642
535
1724
3748
5905
1624
3827
5471
52
7107
4858
6116
6424
1259
6428
2094
2177
677
2678
4082
7702
3953
1611
3608
7574
841
7236
1621
177
3340
1748
7342
4096
2641
353
3173
793
436
5071
6591
7698
2456
7613
7664
3447
1472
805
2157
294
818
7710
5431
7484
6054
7880
1840
5469
5873
2534
7609
5892
1574
3652
2064
7972
1677
7739
1425
4317
7444
7452
3278
2098
11
4559
3750
482
5269
1231
1363
2342
1976
5261
7877
2701
7279
5735
7372
6238
6081
1101
5915
2084
954
3963
1591
708
5008
7484
4159
563
2511
7045
5881
3321
2537
1339
5219
7463
688
4122
6261
6422
7563
4567
4301
6003
903
1349
731
579
5800
2216
5301
2027
4503
5413
2485
4057
275
3916
2041
344
4921
4911
1849
2610
1132
7877
2766
5272
1635
7716
7933
5433
6135
6306
7954
811
4606
6974
3930
6261
2911
1030
2189
3038
1595
1084
3452
5444
2505
4952
7909
7313
407
6379
2075
357
23
2770
7362
5702
4210
2900
2735
5168
3645
5088
2081
142
6797
1374
1551
4705
1055
1081
3876
5896
1428
4297
7846
3567
7326
2465
1666
7485
5663
594
7574
2105
7246
3569
7065
1388
882
3687
2685
1410
7599
1038
3636
3264
3015
7796
4595
7018
5771
1121
7460
5665
7760
2441
2194
174
2288
7927
7431
3202
7432
5814
2526
5421
1415
1793
3868
84
6723
92
7940
1489
7857
4267
4349
6705
3329
2575
3386
7723
7299
3731
3836
527
6083
3687
2332
2517
2731
7823
5588
4713
4010
5350
7344
7584
7580
3391
4954
5461
3813
4643
1597
5182
903
1583
4786
7587
2111
5813
2457
4453
3108
5207
4433
1407
5846
1807
585
1685
5283
3957
6278
460
1304
6631
6373
789
3474
2409
6725
5150
221
6833
6096
382
1476
5350
1127
4398
4302
6228
7262
3256
3794
7358
5285
6030
81
4330
6430
3870
2850
3090
2440
3573
730
3642
318
1063
7101
2938
6095
6275
3664
79
1425
7420
5577
5586
4603
3358
5312
4095
5260
7345
5006
1036
167
7463
6646
6184
2590
4384
6871
4808
7931
5846
1545
5584
3161
2685
3039
6164
5090
2737
4207
1591
4431
3267
3944
497
5682
7651
6480
7272
4044
3635
7739
5453
5917
5741
2239
4983
5209
7376
587
3166
7892
7416
3439
7646
4533
417
6140
2241
5786
7851
2989
7733
802
7789
565
4543
1904
1667
1927
5489
328
2112
1778
647
389
3813
74
5519
5379
3174
7309
3302
4087
1062
62
5198
2346
7770
75
7624
7964
2256
7527
4649
3426
1899
5603
10
962
6779
320
7209
2046
2235
2459
3214
7469
1448
4470
189
378
1386
3975
4318
42
3512
7272
3966
3136
190
4843
5881
7036
2020
7836
208
4113
5320
7354
6430
930
818
480
4869
4993
6822
612
2275
1744
5874
7088
7399
2995
6782
2498
6058
2426
7547
7712
2633
6477
1423
1028
7119
29
6296
4729
5341
6002
1513
6191
1961
4226
7879
5088
6177
7671
4690
7386
4678
3870
51
2521
1472
4241
7696
396
6873
744
3631
6598
4531
6187
2311
5928
2315
7899
622
7216
6297
3227
4763
1702
4266
6083
157
2211
6540
3961
7712
1506
2059
5141
1054
6530
6125
5912
610
2426
6869
2105
4058
6489
4798
259
5749
3988
2371
1559
3704
2568
7674
7829
990
1887
1335
4946
4615
3577
2795
6653
3333
6997
649
7530
1970
4817
5952
3634
5262
1290
6306
6551
5760
1429
5286
392
6860
4139
133
692
7088
4699
3570
608
4314
6655
390
1011
6071
2853
7698
2371
5284
7383
6111
3587
1297
6866
4712
2001
3170
3517
7236
6386
3872
7109
493
4548
