5944
5500
1768
7325
2246
4878
5463
116
3659
7081
4870
5980
6025
2785
1408
5279
192
3495
4538
1464
385
4971
3776
5985
6045
6149
2141
6098
7924
6395
7309
7125
2672
3431
1081
463
182
6196
5147
1699
7301
2494
589
917
688
1271
5582
7681
148
2546
257
6632
1454
1182
3057
2914
3914
4796
397
4901
2483
2876
7109
7823
5701
1975
2992
1478
5225
6250
701
7937
4034
284
7345
1354
1856
4002
3851
2138
4931
6203
598
6874
6606
3121
3168
303
1504
7828
4901
4062
2916
6778
4408
4749
2580
7084
595
5800
1972
1626
1541
4741
2739
5465
3752
966
6154
5857
390
1732
290
2436
4183
7550
5984
6528
3305
3794
5186
5935
6581
6354
1064
5440
5312
6930
4187
1971
2090
3397
6073
1627
6468
1052
7610
7439
1077
1750
2687
4618
7744
3607
2219
4811
69
5260
4814
7883
6867
2763
3936
3956
5067
194
7760
2599
6687
6527
5314
7047
3212
6709
5638
7467
6545
5734
1711
7012
4077
940
4400
7454
6415
6195
148
3174
6790
5190
5727
3593
7515
1015
3359
4616
7474
6440
7805
2209
672
4523
2499
3928
518
5996
1520
1538
102
3164
3945
1781
2274
3080
20
1687
6072
2371
1430
4286
4006
1699
4481
3423
7245
1355
4967
188
2441
5716
3157
2616
1562
7447
2401
5699
2963
269
731
336
4414
322
1072
2157
6301
201
673
2548
4690
3380
362
6314
6566
1469
2553
1345
5892
2732
1973
5204
2002
7489
5056
1423
7405
2819
3275
3744
7415
6820
3429
6775
4052
5696
2286
4849
5521
5710
686
5825
7804
4515
1685
6978
906
3975
7362
7711
2451
7457
3924
221
3485
2635
6257
7595
5312
5752
3830
2924
2965
2211
1304
5547
7006
7414
6036
5284
6410
1593
4085
2895
7802
2269
3133
2912
7724
5253
3773
5354
2930
559
7153
5475
3040
2306
4099
4120
7945
2333
5041
1807
867
1659
4374
4255
2879
6055
6423
5066
7931
4793
570
7513
1915
6923
4738
7163
1275
588
175
165
1156
3332
6127
3198
3589
6194
3026
1427
1450
3170
2513
7349
6891
1025
5439
2846
2750
339
7696
5522
1257
5062
2457
997
3290
7869
6083
7000
1035
4634
2554
7838
1721
1641
82
5169
3561
927
4001
7375
1859
7185
6777
6369
2462
1190
7070
2634
5682
1216
4351
7014
6096
4334
2581
3207
686
4197
4319
22
2343
5280
5778
3916
5531
6030
1049
5479
5721
6182
1392
1844
4038
1008
2783
2633
2039
3703
3800
3812
2477
7890
5552
1270
1921
1941
2806
820
5214
1830
4767
5723
1097
6467
6411
4624
5378
4490
718
1655
3034
7476
2873
530
2553
7683
764
2413
2682
2922
3705
4728
6470
7504
7252
1753
4788
3104
3531
2185
265
2341
6730
4263
7626
7699
3801
7028
3221
3546
42
1962
7366
2107
4945
7217
2872
4206
3337
4459
186
5719
5884
7156
9
5968
1087
2155
2189
4415
3725
4165
2551
3212
2012
4915
5955
1457
2954
3777
3914
6037
5330
3449
867
7163
1654
4918
3581
5022
3859
4881
5754
1216
7882
4168
5901
6665
2573
3643
4434
4454
4725
5104
6828
503
5579
4797
2601
5725
6183
359
860
5647
3224
7439
725
1633
586
5523
6021
1636
5045
4921
2730
7715
4046
4349
5316
6571
5686
2687
6645
4830
7120
6420
7224
303
7043
349
2804
3711
5141
1053
3762
5973
4168
5422
4752
7350
6013
3335
3354
2703
2035
4789
6400
3936
5705
449
2444
2169
2821
5959
4762
1651
507
6292
6487
5496
5917
1916
7640
6572
7872
6134
254
4235
7481
6959
6119
3377
4215
6456
7305
7799
6001
1688
322
4525
6915
7368
1811
6348
6136
2795
26
7727
3997
5436
4350
564
5423
6295
940
3261
7684
795
7103
1149
5786
5774
6184
2094
1023
326
2023
7969
913
6939
2372
5064
1751
3429
467
7228
2970
4419
6765
5575
525
7851
6274
6285
5106
4244
1865
6685
5604
4844
6124
4942
2006
1769
7809
186
1732
5061
3367
6554
7100
2769
6091
108
2911
3135
736
6896
3557
7966
1896
3130
5549
7320
4754
1157
2510
5108
2302
4065
4230
5849
6733
1064
3530
2116
4635
4668
3280
458
7259
3324
910
7318
1305
163
1313
3893
5851
5694
7730
2885
2414
313
6788
6884
2631
2801
6022
6956
3607
4725
3827
3605
3895
6755
1214
3295
4524
2601
3209
3841
1595
6363
3912
6696
3435
1609
4049
3642
6580
3745
6089
4119
3149
465
4030
5575
7260
699
4709
92
6426
6775
4004
7334
5245
7298
4471
3085
1795
2399
2841
402
6969
7524
7933
2959
622
6962
7463
3224
7434
198
5147
4675
3054
2042
3139
7559
7338
4575
7704
3529
1151
2392
3799
66
5920
3662
4502
3195
7374
7512
2084
4212
2753
3709
7752
2181
5912
3872
1843
2659
2678
99
1634
6445
2299
5188
6321
295
6739
1377
4145
1004
2088
7714
1543
2600
4573
6500
7088
6464
1086
5053
154
7615
1921
2931
4894
7924
153
5537
6246
3908
2162
3599
3273
2712
7733
5572
7329
1331
4507
2312
5559
3354
4498
6644
1484
3772
5726
1930
1739
7475
4093
6782
2227
4050
3001
3122
6214
1286
6888
7547
2168
5941
2143
3617
6719
5171
7897
2001
4556
7818
3161
7812
3685
7816
4593
4340
4814
6850
2413
5174
7508
5362
4
3989
3490
5331
3818
2062
5854
5941
3832
4876
2705
7037
3887
1731
6554
5334
447
7130
4385
2970
2600
4580
2576
4538
7872
6072
2813
887
5601
5780
5271
148
5124
5368
2073
7551
862
7805
7553
2849
1621
6630
7171
4620
7880
3782
6355
4507
4478
1117
6247
2927
7854
1268
5108
7550
7019
6236
7551
2979
844
498
2923
2786
3432
7969
7066
5359
6016
1584
2993
6986
177
5005
2857
2719
7792
6986
5726
181
5115
6803
3785
285
7338
6787
2342
7630
4129
7017
7662
4658
1637
4399
5479
2867
3219
4071
4680
2194
7795
7304
3091
7963
2565
3558
503
3798
1955
2764
1528
1021
6148
349
3033
6301
7763
6110
4941
4779
5778
4853
3488
247
5511
449
6085
181
3527
2191
5225
4530
7577
4154
697
6203
761
3569
6029
5170
3816
1390
2976
1659
1629
5487
5463
1742
3542
2899
6966
1372
6409
7891
6174
226
2244
5738
6735
3136
2754
3391
4414
5115
4735
3792
3197
2262
2259
1704
6360
2027
6513
6183
500
3723
7676
2326
6963
2261
4338
2561
4111
349
3402
4580
5421
7282
1711
7877
4131
6810
5595
209
6919
5057
7166
4871
2206
4632
1182
5766
3339
7718
4073
4447
5573
1441
4437
6158
2565
6667
3817
2827
6237
7784
5299
6354
6490
1752
2219
4950
6530
1022
6803
4035
622
6027
87
977
3219
2363
3218
2723
5178
4353
6937
4970
5000
6542
5465
2412
5902
4278
5429
340
1520
6502
2426
1257
2384
3531
7914
929
375
3793
5396
7393
2681
2069
1283
6054
2953
3448
4133
5384
4513
3722
476
6622
6533
7490
2146
3111
7400
60
7492
7974
814
6116
5786
7560
6783
2827
1130
7080
6840
3143
6044
290
7148
4057
4914
933
3305
5146
4282
6627
7037
6276
2146
961
6812
4683
6777
1203
7686
4460
4235
5260
6792
6094
7099
5585
3713
662
347
2845
1241
2647
2649
785
5745
1095
1373
5089
7552
824
5715
7454
3378
3939
2053
3622
5602
4079
766
46
513
7266
6470
5956
5110
1392
4335
892
7457
5869
483
7624
1048
2122
349
3686
1225
3599
415
6766
6138
5812
4056
6305
7720
5461
5617
1653
7981
4612
6201
4240
2209
4602
7073
7495
7569
7562
3883
6405
5368
3131
2513
7051
485
3174
389
6624
4319
1361
1423
514
4135
980
4619
5539
1051
2916
7862
6033
3302
379
7192
7843
3818
3985
1692
1225
7362
7720
387
473
4801
5786
7289
2693
194
868
3010
5449
5118
482
6508
1313
2803
2764
294
958
1283
1644
2511
937
4650
320
6173
3745
2196
6580
1831
5760
3107
3365
4580
6945
868
7503
2322
3153
3607
1933
5073
2773
3236
7477
4875
2527
3988
2722
5424
3822
1647
1673
5726
841
119
7362
7883
7290
2415
3908
1150
4217
4187
5910
5169
2853
7421
7606
5492
1647
5041
1031
5533
3588
1610
3588
5327
693
6584
384
2128
5175
466
811
803
2548
517
4554
2888
5913
3846
3219
4905
391
6540
7329
1724
3120
7431
1385
7709
109
6997
6328
961
3044
837
837
7096
7923
2937
5772
6018
4747
4155
4828
3875
1770
2967
1616
5234
2760
2224
2884
1235
4849
4881
2438
1436
7648
4744
5787
5157
2941
890
5092
4181
6748
4756
2639
2181
2158
2393
3000
5827
7028
5914
7311
4620
7296
1834
3483
3613
4791
2973
3347
1103
7944
7347
4843
2876
458
1888
674
974
1459
3138
1847
1403
3822
3778
5314
5144
503
4131
4657
6297
6529
7485
2870
7704
2627
711
2995
5606
1167
1869
5775
538
4574
7921
2849
4194
1176
6878
2326
5302
6603
3082
1948
4564
6045
6963
2218
7530
4673
6107
3275
3789
6163
5131
5382
759
7348
6678
4773
6855
1791
6470
7145
1430
3886
1667
1152
7681
6891
4778
5187
377
6187
4489
7321
3659
986
3618
644
3449
5143
3012
7065
2703
940
5542
2633
2696
1132
3488
5417
604
2491
3671
5461
7652
3109
1900
4337
1443
3127
524
245
1614
2019
2848
2655
1931
580
3917
4857
6008
2878
2357
3922
7907
2730
2167
697
292
2349
5367
3047
2842
6960
2918
2929
5475
6087
2461
5360
2966
1141
3496
4370
4997
6347
905
6705
1089
1242
2766
2476
4610
7605
4339
119
5292
3706
1516
1699
3902
2082
5306
6553
2706
1009
5978
5451
7339
3121
7194
7597
5234
1738
2733
3799
2550
4745
5409
6458
6169
390
1645
1814
7818
2830
7315
7604
6563
1342
948
4811
3104
4376
4092
3805
3648
3126
6236
3547
268
1490
3071
7305
7580
5914
4688
1717
4358
4985
430
6012
1451
4354
3622
6660
5156
7082
566
7526
4232
2441
4355
1888
481
6876
2867
3066
6178
4575
2304
7942
3324
2507
2498
6982
3374
717
1040
4600
2250
2927
4223
4116
2579
4306
4215
4278
4676
3341
4000
687
4368
5960
622
163
4348
2383
3784
6121
1679
185
2995
1236
2070
1040
5023
3359
3267
3570
7380
7092
6784
7477
6741
7576
4590
6277
6886
1323
7087
5715
4486
7294
6692
1181
7127
6030
4204
4697
990
163
5678
3618
2266
7309
215
5892
2201
7181
1625
1880
6671
5382
5881
170
5136
5676
334
7547
1227
1080
1319
1806
7180
3768
7715
6517
5176
3063
216
4044
5768
2420
5398
4755
6480
5079
6963
4609
1414
1187
7799
3728
5468
5989
3519
2189
7829
359
6968
2999
6492
4810
4978
164
3178
7855
5713
2700
7917
4274
747
5306
5688
2775
4269
5166
5008
5715
5600
5392
7107
5209
7437
4455
4859
3554
1185
351
6608
7558
2411
7968
5450
3419
4150
3127
6482
4801
4732
4465
6136
5160
6634
3807
1391
5254
3602
3392
6106
6834
1614
3079
2132
7728
4202
1663
2239
366
7973
3662
4060
7370
1613
3810
2256
7548
2387
5836
3390
3308
2991
7866
4919
7305
6175
4118
7850
5341
851
3546
3900
2896
6321
6613
1570
1946
5461
5820
1095
7271
2001
2163
767
400
4814
1505
5139
7482
3273
2792
7205
5429
7268
1571
2730
5257
2601
4144
4886
5180
189
166
2431
3377
7512
7466
5571
6879
3377
303
3205
2663
2014
214
2761
5318
4101
4048
7207
2281
614
1781
5113
6290
7284
7256
6867
6570
7269
1483
2899
7612
221
3130
6000
1037
982
2541
7990
69
7731
1339
4309
5045
3944
7731
2890
7575
3699
4907
3291
646
2936
7754
205
3548
785
2976
650
2077
2506
5542
7493
3859
4790
7028
70
32
5646
7677
322
6583
4113
99
1979
1216
2416
7178
1555
7918
5060
5304
2304
442
41
3122
3291
307
6162
6666
3926
1813
2173
7195
7526
5807
1857
4671
6741
5697
4109
6915
736
5098
18
5
4373
264
667
6722
1047
6769
3875
4405
1249
2300
3658
6808
4685
7315
5721
5240
5524
7798
3773
2915
3409
6174
2905
5167
272
1808
5307
5072
280
1797
544
6272
5259
1913
1716
3967
4198
5051
7141
6073
5209
5263
2706
7495
2781
886
2428
5974
5291
5181
366
2693
6959
6355
4747
2516
2692
2341
5340
3055
711
7487
1596
4524
5594
7192
717
1479
7674
603
7168
1746
3906
6786
5768
3579
3551
5228
6514
7056
858
2742
4245
3959
1594
5885
7444
7517
1061
1712
2658
341
1469
5552
1149
7660
4399
1259
4309
7608
416
6557
5854
6101
5188
1662
5509
565
5610
1295
4441
1965
5427
6750
582
6814
3264
2360
2595
3842
4333
4946
5457
3876
3370
3217
4039
4606
7539
5168
6264
7898
4103
3019
5325
5740
6589
2004
1373
3052
4605
5030
2241
947
3289
3857
7616
5149
919
3887
7636
5900
2436
6346
90
4253
2819
7658
6979
5779
117
3599
2224
5510
2510
2568
1545
812
2216
1582
5945
5258
6128
6347
2432
5666
6344
7479
2409
4262
5989
5364
4161
6693
3422
2591
7819
2575
5386
5441
6928
1986
1569
4416
5534
3192
5118
2390
7682
4439
1547
4622
226
1613
5740
5873
5338
5386
5485
6931
1705
888
1028
1016
1695
7101
5380
5880
7008
799
656
7194
2874
1014
6166
606
2380
6297
3660
6341
2254
3955
1623
7967
4845
7954
4018
7219
691
5858
419
456
4956
4675
6233
6108
5961
6021
7744
1587
6993
449
4936
6929
4378
2693
7850
3039
2229
7464
2848
1101
850
4560
156
4123
3430
687
6773
5726
167
3572
2794
712
2529
6202
2949
7900
1069
4860
4171
3942
6518
3843
6608
3525
6492
2441
1590
3247
7940
7591
4724
5848
1568
5265
4654
7460
5926
1818
3881
7488
6111
7057
6302
3587
3167
7575
5267
5472
4522
3671
4942
2657
6071
7210
246
5071
5514
5277
1804
4536
5865
3114
7418
5132
6372
4427
6465
3964
1290
6113
6546
6348
3504
3291
422
7930
790
7931
2308
3245
6385
4491
4486
6682
7147
1983
4801
2376
3263
7620
5353
1757
4728
3850
5301
2700
1392
7117
7512
4784
1020
2885
6525
1223
7350
3509
7712
7754
5286
4823
1296
1991
5807
4048
1815
2776
5240
4760
421
2177
3726
6764
5005
4210
2730
6136
5091
675
3148
6384
1930
7593
1507
1650
5117
498
475
5219
6931
4278
5855
7162
5960
4672
1854
2547
988
83
4344
6034
7783
3215
4996
4208
4622
6782
3825
2467
3900
5564
679
217
3179
2353
2960
2886
3925
5742
2986
4346
7262
179
268
7012
1397
5189
7794
602
1052
2702
366
2367
294
1885
626
3464
5209
7155
7459
2984
4135
4638
1377
6946
5212
3976
1487
896
2326
5924
2806
3301
5127
2488
1367
3024
6078
5826
5903
3774
3878
1883
781
2143
1474
4435
24
6042
7427
246
6960
601
4812
997
2558
161
5109
2861
1933
6408
763
6236
1387
5193
6545
1551
2452
1156
3737
1731
4060
6152
2251
6338
4638
4877
6538
3059
7464
1188
3937
4180
4291
5580
7375
6351
6843
6188
4119
7727
3215
6982
2610
7571
3418
2472
7743
3246
5764
1179
5310
7732
3558
7275
7332
1587
7190
6898
3259
6263
5041
4292
2979
1976
2053
7239
2996
6369
3517
5730
7979
5933
1600
2745
3294
7922
3606
7825
4635
6661
86
4792
4374
4266
1307
7513
620
1267
7836
5725
1872
7798
5729
6173
5281
3877
7628
1723
3785
3287
4342
6192
324
2438
3680
7105
2905
1673
6588
5678
4145
954
2432
7954
1349
7151
5088
1719
609
684
4708
1883
2517
4506
2526
7617
978
7248
1508
2382
7591
4451
716
1337
5603
7541
182
875
5849
4606
3611
278
4367
6153
6307
161
5150
2590
6899
4860
6731
1514
7173
4028
91
3695
3820
2029
4075
3491
5697
1757
4075
4831
739
1528
2514
7795
968
4580
7888
2214
6168
3694
3135
2606
468
6646
3816
3191
3411
532
3923
274
437
529
5419
26
772
5148
3991
1304
1512
5413
3528
3723
7931
7506
548
2818
2480
374
2043
7847
730
5196
6223
5366
4050
5060
6186
6733
2551
6121
7201
3660
4058
4370
6826
4459
4578
5279
1140
114
7789
2939
1917
68
2057
469
4480
4713
3034
4468
2038
3221
6677
5126
597
7497
5354
5381
6382
5441
5384
3594
4284
7183
4289
4697
6257
4873
4043
7230
5007
5336
6060
1137
530
116
3514
3885
5270
4356
2361
4028
5543
4230
6248
5458
6452
1056
5254
6699
3328
2820
4337
3522
6170
5680
6133
1080
1451
6299
7643
6954
1141
6563
612
3324
4632
3614
5925
5975
3836
4575
7008
3094
3190
7337
3579
3853
2359
1282
1690
6095
4846
2904
7936
1384
1420
7317
5968
395
4752
5883
5784
5076
2259
6770
5114
1798
470
2255
6349
7161
1125
35
6482
5792
4597
6896
59
4174
1737
3819
1282
7021
283
2349
429
2298
2861
95
3088
6790
1712
744
6303
5224
4998
58
1102
2646
556
5274
4668
4595
2334
5435
5547
5292
1500
860
3265
7824
6397
6015
1042
3180
648
7899
1843
536
4593
1571
3379
1694
84
6640
4928
5723
7681
4941
6570
6482
4766
4121
2459
123
4410
127
7768
7835
1881
3035
5588
6649
3238
904
6501
2805
57
4314
7792
5725
3056
5799
1846
7650
824
2096
4072
3978
1319
6220
4388
2646
2279
7413
7849
7801
2537
4332
6857
2515
2723
3255
909
6404
5712
4045
890
5226
6402
6927
4895
2544
406
4933
632
5587
6724
7089
7146
6933
4308
7917
5245
6459
7555
7398
1317
7414
6344
653
3258
3242
2389
3731
5193
5429
404
5539
5315
1228
3915
2928
1775
5531
4912
2522
6418
2996
4927
6082
7128
2824
2829
7671
2590
3952
2480
3888
4909
1518
4412
7421
5063
6015
2862
7999
230
2970
1441
4491
4419
7786
1895
6389
5659
5164
6099
6675
4753
5198
7517
2262
4429
2503
160
6914
4730
5257
3058
7616
5730
5183
7047
4352
5306
1684
6187
887
4702
922
1530
2032
6017
7468
5946
2185
5457
1620
1703
5118
5207
5050
3320
6193
5161
4808
5860
839
6349
7220
2740
6120
3751
2023
5987
2458
7515
7083
3883
5323
997
2578
1654
2790
1894
7167
6211
3202
224
2886
879
5152
7469
3293
1300
1775
4548
5835
7802
115
5170
1711
4850
3366
7943
2624
481
7619
7332
7891
4655
4742
6153
1996
17
7326
1041
763
6128
4145
7399
6121
4885
407
5446
4178
5083
7074
622
2429
2505
6690
359
3244
5634
5633
3530
5145
4353
4232
2091
5932
6543
4298
285
5295
5288
6093
3035
7684
4262
4516
949
936
4565
5153
3848
32
2957
971
1411
4523
4662
13
5202
7119
5163
2902
2607
4238
2874
7968
164
7986
3207
1492
4537
3542
2907
7772
3452
2468
477
3680
4364
2459
3498
2844
2863
4219
450
3522
4727
43
513
5856
4223
2086
2993
3150
162
5288
5381
7609
2881
3542
4583
6361
6166
7180
1078
755
2571
3894
228
412
4644
2263
6849
1701
3769
6758
307
1598
7133
6255
3964
7066
1829
5648
4358
226
5995
3724
5582
3340
343
7395
750
1623
4029
7569
4919
2445
6789
1404
7732
5101
350
2408
2580
4892
6686
5505
5633
7431
7753
1873
6280
7196
7096
653
5650
3363
5761
1408
1438
6716
3701
4722
7380
3013
925
23
2249
1871
4668
7219
4249
2730
2636
1306
5582
510
1142
4037
7718
5833
5829
4956
3247
5966
4150
6035
3597
1277
1255
5657
5534
2099
3492
6348
1289
1602
2130
5591
6664
4135
4142
1641
4459
2912
4725
4514
4610
5873
146
4329
5098
3299
6733
2180
6143
1632
2534
3680
4108
4894
544
6614
92
7149
1995
1441
1523
4956
4148
817
2136
6721
1983
4489
7161
7008
6773
3305
5375
2544
7959
1898
3657
1246
3519
403
308
3329
377
415
4596
6760
7310
3707
5512
3565
7134
7300
2756
2904
7677
2163
132
6490
750
2467
1625
3640
1826
6469
2376
6133
5664
4805
435
2306
7109
7210
757
5274
2957
7748
7289
3941
190
3103
1853
5994
3672
278
7949
2272
2437
1725
1313
135
6922
5020
4849
5077
617
385
3171
2549
306
7772
2033
6640
2602
3890
6237
3737
2457
2599
5084
792
3959
7904
7983
3935
7128
2931
3155
4537
5477
2080
944
6505
7193
3422
4435
7316
7310
6038
7814
6306
5468
3787
1017
7639
330
2025
4375
744
4398
2010
1328
5308
1396
2629
3042
318
3790
7496
3839
4322
6522
2415
2281
3104
5939
871
7341
7836
2782
7271
421
5525
1948
2037
7891
3494
6221
47
1325
4638
1862
4252
7800
1965
5275
7091
2042
4336
3283
3890
33
4115
6483
7540
778
3390
471
1458
2204
5478
1906
3191
715
2935
1314
1150
7325
5762
1612
7608
4072
4842
663
3758
1213
1996
6523
5154
4083
2889
2318
106
3090
4653
1656
6359
5497
1457
6837
6225
3055
6053
4612
860
2588
3660
2412
2985
2862
3489
6059
6797
5265
6518
3495
1127
6223
2783
3562
2729
5659
567
6979
194
6876
848
7894
6364
7765
6007
781
2797
4904
5708
5187
7888
2943
1198
5987
7272
797
2656
6112
4272
3801
7134
1622
833
3855
4357
462
1444
2887
187
5350
1038
979
4991
404
4881
7110
5509
1272
5687
382
2765
5339
6687
2193
6676
1166
1191
3558
7925
1357
479
1042
4593
7657
1632
6954
5777
4953
633
5290
3995
4512
7196
481
4815
6745
4904
1706
2407
455
76
4205
3631
1859
1812
4094
7417
8000
519
3873
1924
4534
6259
6319
3754
3629
2824
7628
890
3586
3787
3170
4321
2232
4458
1719
7928
7638
7954
2130
4645
5200
6480
4716
4531
854
1574
2450
6568
1515
7245
2298
3955
1607
7934
4700
5115
6919
4978
6105
1733
425
6421
7987
7387
3640
5385
7767
7778
2954
975
5422
2528
7702
7164
1783
4653
6201
2098
722
1928
1454
4887
5660
2267
3997
2280
7722
931
2365
1417
4443
2831
7066
4042
5736
4247
942
2479
1652
1868
6877
5041
201
106
3960
5085
1876
4801
3760
6530
7865
682
6051
370
6811
7824
3355
5681
1446
1777
433
3470
1035
4730
2530
7677
6864
6295
2073
7006
6575
4185
406
3987
4268
6430
6766
4812
6829
2315
7930
5822
3291
6563
1954
788
1167
5873
4189
4854
3373
4841
7714
7632
1002
5918
5940
1584
2447
5356
5623
1879
579
4759
21
4778
5132
1398
7121
3208
1370
5800
2179
6912
2036
6177
7459
5594
5753
4641
693
2368
2973
2192
7812
1810
900
2067
7718
1290
4827
2494
3499
3333
5221
1334
7428
4452
5660
4333
6056
7669
2960
812
1718
4404
4351
3282
121
1178
6381
3396
6276
6994
4364
5473
2450
3591
5028
3706
6102
5770
636
5621
5123
7228
5688
6559
3398
2748
1549
7742
2033
2353
2396
4216
501
1895
6435
12
7921
2145
2570
4705
285
229
4840
7613
7222
596
6889
6162
6059
3935
3745
7846
533
2630
1732
6682
779
7554
388
6977
1069
3284
1079
930
4036
2172
195
5064
2998
471
2415
6732
26
6770
6073
1887
3340
3561
3891
7253
4058
1280
4882
4930
7586
5538
176
6515
7340
2793
7399
4917
1484
7424
7266
7003
7967
5178
2599
1580
1166
5503
4676
1964
2340
427
6878
92
1748
6773
5930
4198
2065
2357
6377
4558
3799
304
3884
1472
7210
4822
451
6434
1860
1888
5954
2262
2152
7657
514
549
5911
797
1832
1236
7133
6241
7389
4374
2605
7156
3864
382
3469
5325
3631
5688
623
1807
2161
4893
2135
7246
4444
3992
196
2557
6328
2089
5838
2586
6232
3863
1450
6355
4094
2521
151
4259
442
1542
1810
4413
1914
7195
7589
5973
1720
6297
4992
4740
3890
3309
2058
7418
2415
6626
3671
2421
903
3424
3703
409
5114
4270
3896
7184
6180
7546
14
7959
7506
1641
4719
1275
3503
7353
5260
2459
3904
3816
1433
917
6915
5823
890
2111
3142
5832
7036
4641
7198
1500
705
4924
7707
6043
2260
5015
6561
3924
3536
644
114
7761
2093
2941
5128
6575
6047
4543
4796
3127
6402
2989
5479
6770
996
7495
3339
2692
6443
3003
1961
2015
3860
389
481
2618
1923
6963
2687
6666
3473
7575
6202
3482
3716
7176
6523
4169
5795
5793
603
7992
3111
5764
923
6662
4208
5184
5972
6278
5725
5161
1477
7017
2905
3766
5691
3706
3527
3857
243
299
4543
5987
2747
7736
4047
6239
4713
4563
1247
1613
6096
7148
5019
4333
4639
3226
6748
2639
7200
4315
961
6074
3226
3491
4994
2382
5933
7654
6214
743
161
842
3867
89
7592
1462
2644
295
4388
5347
7459
1972
1735
767
2216
3392
4059
7491
890
5730
853
343
7238
6285
225
4068
6825
5034
5021
3448
628
2755
1158
7266
5835
1497
6363
789
6476
4098
5167
3461
2479
2954
3556
6477
7769
3949
4095
1298
1566
4660
3377
1060
3219
5007
7292
1456
6400
2254
7146
1774
2481
4543
772
1014
1740
1543
191
1409
4090
4362
892
1150
5050
3601
3534
6724
5724
5013
7131
211
513
2260
2373
4905
2015
1263
564
338
1323
5245
2458
156
1737
6
910
3134
6000
3391
31
2538
106
4600
606
1950
7733
1574
915
7792
480
1462
5715
4030
582
2512
3663
1323
2454
6715
4558
5043
6773
2260
76
1590
5171
7120
3997
5785
5590
5763
256
3496
5833
5948
6540
1375
5242
7327
7202
1223
7381
3214
4013
4100
7982
2033
1709
4234
865
1155
738
2030
3987
6395
7990
7612
1175
6018
338
1634
6592
2825
4129
6944
5188
6087
6483
2582
7174
7275
316
4117
703
2353
3756
3510
22
6856
2662
4768
1333
7079
4820
3492
1812
2255
7660
7411
7748
681
6257
6363
3823
182
1862
1896
7071
2023
1354
5387
2715
6270
6205
4350
100
2053
369
3157
6768
2884
3151
5000
5771
1329
3769
651
7582
4918
214
443
1375
3815
3692
2376
7807
1317
6825
4551
7325
473
2405
6870
5236
3672
2399
7972
5816
7810
5740
1393
7710
401
2876
5361
50
7164
6943
1692
3738
3668
6706
6509
7640
4231
7058
217
2641
3666
2269
6431
5398
2843
5449
1805
5196
1998
7443
7842
4989
1792
2531
1813
4847
203
4115
3401
4099
1883
2560
7778
4296
2916
7960
6067
4712
7514
3665
5792
6732
7717
6496
3579
497
110
3577
4067
6238
2451
5712
4837
6965
35
4208
2102
207
2485
7175
7272
6971
505
2896
3582
5332
6340
7357
235
1085
6714
1651
6916
2551
5671
3783
6071
1537
4046
123
1832
1248
5039
3331
411
1050
6639
2532
33
1325
7994
2580
4533
4116
1401
1729
2241
672
75
885
623
5698
4789
5004
7506
7914
1631
1884
3950
2990
159
2898
2503
7301
6811
386
5412
2495
222
6115
3579
829
35
5422
7611
3916
3416
601
1883
4947
5168
6920
1181
2483
760
5774
1945
6815
1821
1893
3331
5069
4640
29
2067
2167
68
1819
5376
7026
4422
53
176
4227
7909
4888
5679
4835
5583
3939
2039
3490
81
6157
4963
2811
4760
5168
4339
7242
7319
6366
3994
7033
4848
773
566
5411
702
329
6107
7378
39
1323
3576
6169
6702
5375
6912
5782
4421
158
1797
5425
2302
5009
7312
7891
1639
2584
5424
4230
4410
4647
4399
7362
7290
7845
3060
4122
6181
5735
7717
5400
2185
728
1709
582
3816
5517
3133
1209
6917
1892
6012
2422
3205
224
3435
90
2231
5531
5722
7947
1315
7265
1575
2545
6809
2724
5106
6099
4688
2891
7536
6527
3605
1962
4562
1023
4535
7006
4887
6321
2960
3765
4710
7963
7602
3560
1010
3726
6798
5339
1380
5513
2132
2389
5320
3891
6293
7810
612
4788
3937
1929
4442
2388
1661
4625
212
455
7518
452
2624
471
1735
5964
2078
4246
420
2885
6682
4352
2022
5066
4552
5698
7153
6070
4951
372
4957
1840
1560
7117
313
4326
1022
1326
2159
7022
3267
1576
7687
5482
3510
4906
6995
6735
2979
3490
4774
189
6030
6238
5518
4535
7015
642
4536
4132
6514
5601
684
883
2923
5513
4687
4652
3831
3980
6787
7220
6260
1441
1736
4593
6532
4559
5809
2355
7147
4957
3725
7384
1171
6606
6677
1711
6790
4181
638
7682
869
3777
344
6652
267
4025
6810
1081
5741
5669
3815
2446
4
124
683
151
623
5344
7682
377
5816
836
4385
6047
935
3483
2629
1864
311
5945
134
5137
6627
1144
2714
7345
3915
5372
7906
5866
7650
6252
4087
3787
1959
6754
5852
5704
6480
7874
6882
3868
6889
4267
7201
7077
2402
3821
6788
6645
4057
3867
3483
4582
6496
1945
4442
5032
840
4365
3687
5963
6906
3672
1559
825
102
3425
4162
7776
5516
12
6680
1808
555
1636
4473
4239
2230
2895
314
3425
3236
3226
1160
5755
4911
7686
647
7948
1375
4076
4163
5900
2663
6681
5859
4680
934
3077
4932
1165
4221
6178
6030
2679
7089
1070
5801
3079
4127
2132
5734
874
3696
1495
1805
1560
6625
6694
1410
7619
1824
1764
2819
4380
5277
1392
3197
1698
4077
6961
4792
7394
1871
3745
3795
7825
6334
559
2989
1475
2977
2692
25
7261
4415
4027
5046
3319
5988
3679
5415
6743
6001
3065
7015
844
2771
4575
2287
2332
3562
4113
5142
811
3606
1543
4403
5012
6624
4427
2114
2506
3787
2967
1793
1186
3008
1176
4490
5885
7245
5737
6528
3253
4310
2222
1409
6992
3032
5701
3869
2747
1537
2788
3718
6896
2841
837
6638
711
5260
5732
3104
3928
6558
7267
6655
3615
3130
1179
3919
1099
7665
3474
2473
664
7149
5240
2042
5317
7163
7922
2228
6803
3457
4417
1457
6153
2382
1659
2827
3949
7439
4205
3625
3285
6321
979
1763
7116
3477
3874
5133
5977
2274
7486
6327
1285
5885
6893
3625
2565
4195
5961
6667
7484
2480
7991
6526
1801
5637
1004
4198
