6096
1651
2750
747
1059
6290
1480
543
77
3981
5732
7861
3627
6911
5505
5042
2051
7290
3885
600
4053
4077
133
5220
6433
5166
62
1900
5800
3144
2876
3231
2708
7465
358
4917
4554
748
1128
1581
2730
2614
5607
1888
5670
1651
3083
5527
5284
4373
1942
5238
4640
2199
1226
5408
1097
525
6449
3957
1859
5023
4796
7401
7744
1561
5964
786
5183
3026
88
3150
3829
2955
3099
3788
5979
2862
4288
5968
6903
4772
2410
5804
1738
6889
6847
7075
2193
7105
7232
3191
1653
5640
5517
2574
5067
826
7728
4944
4919
4358
3274
5002
3267
6139
6323
6625
7170
4857
1007
7430
1914
7540
2945
5087
1901
6979
1825
6358
3294
5663
2395
7656
3633
1746
992
5438
3847
3025
5097
3830
2600
564
4853
621
3083
6532
2820
259
980
6659
3640
6691
6487
831
5696
4833
1125
6211
5364
6035
971
4193
6185
331
1468
5230
887
3175
3281
3485
267
1607
3707
3610
120
3821
4068
5024
4734
6788
7408
147
6935
1030
412
3158
7585
6058
4302
5132
6528
4658
7560
5539
7458
6817
7780
3762
7391
2853
2744
2786
5623
7647
5003
4641
7381
3397
3082
1319
2729
1695
883
5680
7599
3872
1954
5557
4025
7510
3690
7217
143
6850
676
1160
292
5399
7269
7759
3582
1532
1098
1984
6298
491
21
2425
3686
2161
5719
4711
7003
4000
1241
6761
4019
2391
4853
7293
4355
582
5412
2469
5036
2
4171
1866
6420
3446
2978
5384
2102
6992
4801
3083
4483
2839
7945
4060
7400
5214
2970
4497
1138
7237
46
5554
3420
1380
1964
3624
5973
3930
1621
5992
4639
2736
6252
3457
1275
5904
7320
2967
2540
4178
2148
5089
5017
1719
1966
1343
16
7016
5549
471
1634
222
4824
2567
1126
5909
7439
7558
4399
72
145
1502
6798
4234
2500
2116
6508
2966
4340
2127
530
7764
4602
1826
3104
6276
7652
6852
5185
4813
4339
1655
5780
4265
34
3051
1003
7389
5634
7128
4198
231
4116
1917
2293
159
6091
6304
1135
6149
5747
820
7512
1677
6209
7640
7118
3566
2919
602
3016
2890
1643
303
470
1931
6627
7338
1760
2434
4185
2214
6401
963
3360
3462
6162
4653
7
544
7506
4217
3842
6202
4709
248
7499
5255
1541
5844
6414
2416
2621
2303
2424
6180
1106
1482
5004
3073
4661
278
2053
1342
3603
4740
1862
5734
4989
4947
5886
3648
4065
2075
7071
7575
4130
728
1285
7044
955
2901
6235
3112
2981
5242
7385
7600
581
7378
2231
6348
2629
5794
5718
3719
6057
5525
3932
5119
1437
3619
6323
4338
2097
6115
2657
6561
5630
6471
6200
6102
3395
4712
5427
5256
5159
4632
144
5986
4703
639
4812
4366
5040
7101
7342
1616
7507
6309
7296
7974
6738
4022
6149
723
2635
2264
773
7850
4286
7115
6155
6619
3200
6898
6644
5154
937
1177
5992
5315
5482
5034
6094
6208
2713
1544
2553
6926
3854
2427
180
3268
4298
1962
3181
289
4816
6682
1438
4605
6981
3596
6741
4863
3788
6181
2233
1649
2304
7899
1386
641
4694
3646
206
4278
3653
1688
310
3992
5445
1001
6972
7295
7019
2718
4973
1640
5797
455
2071
7186
2169
4394
7212
6601
4126
7298
7656
7786
1178
6107
31
4263
7037
2141
439
6914
4054
2402
4270
6502
6760
6274
6512
126
4083
7936
289
3314
4502
7758
5456
4148
237
3614
2679
2812
5482
6817
839
447
4032
3343
7561
3609
3929
4993
1328
949
450
298
3866
1810
2985
1203
7613
1627
6737
4682
6490
310
2121
2258
1062
4653
4828
6656
2490
4670
952
1479
3383
6528
894
1306
18
5452
6907
995
6104
2098
3747
4142
2256
4451
1216
4481
120
3172
6829
4801
5434
4531
901
3217
3715
7083
1226
1011
2704
7866
2416
2612
2085
6162
6351
1620
2480
1100
3785
1412
7787
487
2674
127
5589
6781
3750
3196
4154
4179
2043
4409
4662
3200
7424
3180
6877
7323
4280
1676
388
2205
6267
7538
2283
4756
2241
1108
7664
3479
467
371
3202
4537
5732
4586
2471
4259
4036
6420
7251
7737
2364
3199
5446
937
7235
293
6816
6033
2462
6861
5646
5490
6799
5852
2896
7363
7060
2478
6639
283
5706
978
3488
1775
5947
4970
3041
5690
7169
323
4002
6663
983
4335
1691
954
4534
3661
2876
445
5200
5316
2438
2058
3792
118
7580
5431
1177
7679
385
7176
3576
3849
4696
2241
2120
6054
605
414
2896
2306
3815
2563
2833
3697
1042
37
4154
4421
263
1184
5570
2399
4023
1076
2365
1614
4366
1077
5397
1490
6601
2239
4630
1444
4869
7161
2903
445
5976
1795
1635
2358
3427
1497
2196
2258
5772
1366
323
6952
6973
6326
5739
6772
7426
5646
5947
3111
6230
6307
4163
3779
5436
4075
6645
2317
2354
2529
1473
3552
3640
1386
7768
1439
4263
2155
6397
4636
3384
3551
2042
1582
1086
5611
3578
1850
2713
3725
433
5030
7579
2071
4444
2582
4230
3888
3742
7617
5393
3151
6821
7485
1195
3342
7853
315
2579
6357
6433
7908
6604
333
5674
1568
5729
6119
109
5017
1730
1401
1506
1932
387
7203
4283
2670
6455
4306
6129
7408
6395
1511
3107
5084
5097
4601
1822
4470
128
2979
3515
6446
2797
4376
1265
7759
6451
6537
4724
3350
238
1246
1857
1057
2015
2001
3281
3692
6248
667
3103
4998
2455
1399
6930
4696
6950
7514
2372
3488
5883
226
368
2116
7319
5109
5521
7884
7348
4023
5679
4278
3390
7351
1294
7938
7469
2038
95
7455
1154
7071
3339
2929
3423
3621
3065
4497
2894
2950
6065
1641
7577
7473
1634
6675
3271
3188
2177
6038
2758
7516
1940
7177
1425
1208
1319
7330
4712
6704
2794
3403
6909
7548
2899
2413
1968
4333
6432
6247
2980
5910
2616
381
377
4716
1252
5557
7791
6548
3093
2086
4584
6344
4634
6347
7954
5578
1654
6575
1897
4417
1577
2063
4576
5181
2785
7524
5121
4333
1429
3821
4407
2688
4806
346
1373
7545
5655
3278
4491
4228
5737
7033
4935
165
6264
7602
1041
5987
3021
5790
58
7216
3995
120
3487
7080
3977
2940
6094
3808
3903
6479
7537
4745
2040
2402
193
3816
1010
3468
5954
7767
2064
6940
3067
5694
3159
6868
5103
6614
3561
4868
7925
4352
7528
4592
1541
7961
6574
3716
5764
2336
739
2176
5028
5641
2829
4174
1899
3038
6957
7123
6135
7066
5573
1731
7665
3559
6046
2362
3006
214
7509
5265
106
2342
5287
7321
6314
4032
125
5774
1588
1544
2769
3128
7012
1667
6713
228
4488
1385
3214
352
117
1875
7057
1706
4114
1022
257
894
6991
3046
4382
3756
4409
2824
3376
4087
2916
4519
1942
1965
3355
7396
4986
1064
6107
1784
1094
4450
2631
6219
5110
6827
5983
5233
1149
2464
3929
6579
7396
5459
1039
3785
482
4858
1725
4734
1169
3757
4539
5135
7559
2718
2210
5597
7576
6588
6962
824
5480
4330
730
2733
5834
4920
1936
2953
2061
2919
2661
1497
5888
2577
3929
7854
4716
3098
18
7581
897
7314
7812
4446
3166
3142
7694
1357
7807
2019
5842
2722
2879
5840
6584
3746
7327
3167
1158
7201
6385
2684
6581
1685
6730
4788
1823
5057
6140
3416
6621
4194
2457
5268
3780
3247
403
7105
1275
1222
1994
5396
919
5037
6048
6595
6461
3350
4418
7389
6901
6628
560
1171
3952
1179
7838
2891
1429
5142
7027
7421
5671
2024
2484
6002
6844
22
2270
5404
5761
236
6683
5896
4577
1575
868
3661
6363
6293
7737
5590
3242
3629
4856
6676
7300
3389
7759
5283
2033
4411
4313
1696
7181
1844
6352
778
3292
4103
1090
502
6385
7161
5756
1519
6954
7907
3833
2554
7087
414
1893
4102
1106
3956
4282
3627
14
7220
5189
3316
3374
7667
44
3703
4380
7480
482
1088
7888
4288
6614
580
310
5772
2079
2385
5066
6211
6584
1724
7837
4347
7388
3838
5929
4268
3365
7418
483
1242
2741
7006
1151
6056
5094
3233
2250
2184
5025
7864
7926
6462
1588
3566
6258
4734
5314
4986
4745
4539
1513
2079
6276
3966
7798
4500
1176
1007
1552
5306
5428
4122
6808
7793
2902
6634
2201
6916
5367
2397
6735
595
4723
6192
2308
2542
1314
2849
2414
5643
3846
4155
6872
7529
2014
5627
1029
853
3111
2469
3577
4674
3582
7947
7742
3518
4924
3203
1798
3736
2278
3106
7426
1597
6833
561
4420
5786
1948
6900
6809
4207
1933
4770
6989
4368
4787
2370
5569
4261
5618
5388
2644
4278
1820
5867
2436
4509
7387
5485
3326
488
349
5606
4130
2225
6960
973
1452
2441
7499
3941
6045
4566
7449
3115
7547
1331
6003
3737
3562
3318
1601
5752
7291
5968
5506
551
2833
346
5834
5971
4442
6135
7439
5741
5782
310
7457
2503
7886
5238
2873
3104
3701
6724
4734
6834
5010
952
5996
6574
696
7394
5272
155
3912
6831
2526
6299
2766
7369
1127
7971
2424
5556
523
7195
1486
2722
5089
6777
2610
4203
7785
3236
218
1645
2156
481
360
6146
84
7940
4234
6384
2943
4876
7166
3745
463
2646
5137
4727
1369
3154
4249
6656
4744
5298
2150
7564
1221
6604
1707
7982
5365
3482
2811
5293
4160
7837
2867
63
3475
2426
456
7630
875
2024
4851
2901
6604
7938
3962
1605
6121
6697
7564
3620
7714
4516
4763
7322
6500
4356
4312
1137
3316
4821
1153
3339
5232
1611
2417
1402
6713
3447
3093
1271
641
5156
3544
3297
5599
4604
1567
1051
3638
1816
3486
1596
5186
1997
3947
424
453
7689
6473
5926
1855
1738
2197
2560
5160
6893
2632
464
3698
55
7811
6588
124
5162
649
6920
4627
4674
3554
5710
292
168
1110
3622
3063
66
2792
848
6699
3409
2962
353
6509
7818
305
6833
3252
39
1719
4559
5357
52
5276
6252
6112
6150
6596
2150
6345
2570
5810
7509
528
1594
1092
4608
184
4179
484
4380
7127
3172
5258
5871
6690
6995
3684
6100
3905
3111
1874
2141
6153
4196
1267
5660
2346
5913
2615
6352
2644
2414
7959
6816
5757
2149
3585
2431
5603
6288
1574
226
4362
5826
319
7646
3391
3505
7641
2423
6262
5172
2015
4498
7035
4440
6563
1851
6445
5894
2553
2766
5626
5332
1512
1025
3536
6925
6077
4299
5772
2740
658
389
7483
3681
4131
7734
4658
3829
5113
2486
6456
5234
7776
1431
3147
1515
520
635
950
5991
7617
2526
295
6455
1740
6183
292
5332
6249
7752
662
1740
3198
5535
6133
6586
6246
7496
6419
1215
5440
2767
7059
3781
6812
1662
7751
2342
5833
2507
7684
2012
7106
1886
7702
6823
1760
6265
3041
4595
3195
6777
2102
6947
7817
6533
4124
6709
7649
7524
1908
4928
933
1659
4847
3514
5586
402
5456
6990
6900
2753
4076
6812
2577
4317
5058
3152
5828
7460
7650
3126
508
3842
5694
7818
2940
2530
3984
40
7838
4361
7028
3958
2268
2847
1897
131
1572
3898
3975
3152
3967
1017
2093
5172
519
7328
1865
548
6319
1286
7738
5184
3571
76
340
5759
6832
471
5201
749
7649
3601
6690
826
7721
22
5057
4266
1494
1315
2703
6378
4001
1499
5624
7103
294
394
7531
1330
4994
2694
90
709
3899
7162
31
4415
2854
1806
660
1636
2111
2072
7916
7727
7849
4248
7955
1490
1286
7774
4323
3344
4390
3508
3003
170
4454
5202
6376
5709
7983
6276
406
6823
180
7905
6691
2493
6403
879
3294
814
4199
2881
4208
1935
2023
2793
5235
6466
4171
4602
6715
5547
2928
3533
3380
5595
5063
1488
263
4848
7788
5755
591
561
7134
2187
4815
2012
5099
4642
960
4979
4998
2381
6373
3861
6186
4945
7808
3484
3501
1709
5188
4494
258
3040
4820
2819
1323
5308
5435
6497
5288
6490
1847
4292
5591
4560
6519
7907
3903
2770
3712
4628
6481
3506
6831
1826
3333
87
1564
7154
5328
6576
4894
2386
5705
5521
4282
6219
4005
3729
310
7181
5759
2743
1056
604
7416
3212
2852
2264
2652
5649
7242
3122
6788
3470
6826
790
5137
3572
2392
5395
1
5670
4228
7085
4549
2421
7654
679
1368
4175
256
6017
5244
3098
6401
714
2090
3123
5755
7966
1797
6235
156
1680
5034
2378
7078
2731
4679
3546
4695
467
7079
1356
5355
3214
3253
1183
1730
3664
573
2588
6791
3210
782
7944
6317
3019
7656
2049
4586
6180
6363
4166
6839
1494
554
7020
7507
897
3248
1949
1483
796
6748
4124
5941
1145
1241
1298
1472
6388
7703
3279
1949
6204
2028
483
370
3421
7385
931
3778
3607
6880
6156
4545
3258
6193
5396
5799
2473
546
4284
5279
6218
4373
2537
7837
5519
3280
3579
515
3280
5593
1698
4195
5322
7960
5218
1214
372
2023
7591
4148
830
7881
3434
46
236
4344
2256
3578
1403
5584
5386
6362
5993
708
770
5551
4130
4173
2786
2277
5488
6974
1360
6971
1418
3149
7826
5772
6310
6917
872
328
376
7333
1945
6368
1349
1191
592
4373
4904
4220
1008
1959
2242
6672
3931
2564
3909
3499
2356
7412
7635
2093
7631
6704
744
5783
7232
4640
7543
5609
4657
3813
5510
7963
318
2113
7344
4550
7985
2674
271
1758
347
6312
2653
3867
7156
6609
2378
7860
7317
7377
6190
2059
4402
7314
6377
6515
49
7427
5363
2617
2940
7347
3664
6790
3682
2004
6019
570
2660
425
3585
2182
4211
653
2875
1623
1079
3077
898
4798
4706
983
3398
6521
4794
5845
4763
7962
3522
7545
879
5981
4386
5627
6426
5225
7948
4626
7052
608
6834
7214
2795
6066
3689
7600
7810
2008
6974
7929
3558
2841
3916
1197
6681
5321
7750
4953
16
4790
6578
7666
665
7812
5005
5469
3683
1060
2601
4060
6232
1228
2799
4726
501
4914
5680
4223
6746
6199
3665
6883
2890
6969
2506
5769
5748
6808
7934
1821
3608
4138
1750
2768
4881
5307
1
2631
7184
422
3888
2792
4375
5702
3487
334
6482
3895
6172
3422
395
2565
7591
7844
2534
1711
6085
4997
2179
7487
7693
1889
4574
3105
3588
3217
2064
76
5183
4443
234
3520
1236
7326
4405
5591
2715
1284
6620
6875
4392
6198
1494
4426
5603
4714
7145
2598
3265
6477
5329
288
1863
6960
4775
2683
2301
1255
3575
6041
6431
4397
4763
2286
5508
2318
2730
6254
5021
1443
4544
7584
5085
6502
896
5918
2721
5266
6039
538
2067
3809
689
1034
6036
4853
3002
2658
7100
3619
7161
732
4276
4766
6992
7587
5940
5076
4843
1566
873
5360
5652
4060
3881
4137
3122
4172
3826
1706
36
2470
4459
267
4316
5709
5726
7562
3136
6308
6252
4538
6068
4718
1217
686
70
235
4501
1478
710
1408
7993
5663
4465
7778
5383
6442
7243
1475
645
2537
5481
7289
4373
5483
6782
651
5255
5947
7200
4095
6967
1605
1562
2999
4069
1914
5912
4828
7419
5601
264
6541
5553
702
1995
1834
6145
1153
5068
6369
4008
5661
1767
7287
6260
1020
107
7308
4612
5308
1726
7222
1622
5348
5651
2317
1852
2009
6461
7136
3915
7674
5916
3206
806
4905
2327
7437
5366
4998
5535
3716
2437
261
4554
896
4665
6999
1326
2527
2748
5336
1688
2124
2209
3090
944
6976
2229
7884
3683
4709
6511
3867
4337
5096
1044
2684
1032
2140
2640
6889
2961
6322
949
3188
7176
348
3984
7644
241
2033
442
1162
2252
4003
884
6498
3745
201
2941
83
5776
3137
6178
696
245
1585
280
332
1466
4422
4565
3527
5410
1185
7592
7664
3024
6206
444
1480
3743
2088
5377
7061
1414
4905
5278
1543
7336
2704
4975
7959
1124
7283
3016
6126
6418
4436
5742
801
3658
7931
3095
6103
5027
1616
4564
7592
1023
6049
225
1292
201
5071
3224
860
6572
3723
4255
7574
3204
374
2151
7777
6382
5455
4993
661
2016
4949
3484
4344
5330
3117
1537
4005
3678
6949
6613
449
6256
2755
302
6
188
6564
833
6909
301
1189
6961
2304
2904
997
6124
2880
2033
985
5712
7037
1448
2078
4183
4601
4164
3622
2800
2752
5891
4963
1359
5764
2316
2777
3956
5134
9
218
1050
5714
4828
4780
3940
6591
2294
2735
754
6449
4067
3365
1569
864
6985
7346
4683
6268
5044
459
4878
3403
7502
7692
7088
5737
2696
752
7039
4506
509
1594
873
153
3467
1023
5188
2329
2860
1592
5961
7484
4175
6229
3539
6807
3337
4758
6688
7886
2487
1965
3065
3647
5587
811
1364
6308
5282
2887
1261
7448
3545
4018
7242
606
7785
403
3715
6374
7421
3375
6558
1414
7664
1532
4787
3102
3071
1741
5214
3121
6095
1930
6199
6688
7566
2014
101
4587
7503
565
6648
870
5271
5201
7296
5531
2477
529
6086
5672
3650
483
1178
582
2532
4589
1040
7146
6653
2725
3799
1458
5869
3855
5836
4052
1300
1448
1364
7926
21
7378
6871
599
6884
4959
6359
5123
5217
2985
229
4825
429
6198
1218
7601
2161
1312
5393
237
6744
3801
6499
3914
5134
4261
4052
545
7635
1115
7653
5925
4100
4679
5499
6759
3205
4742
4857
6526
5253
6710
7400
4614
4541
1078
3327
438
6623
6664
572
2219
3366
6464
7512
841
4818
3755
1495
1874
5794
6850
5329
1326
687
884
1698
3575
1822
2338
4240
1505
4909
5889
5906
1314
6455
5243
7890
3178
2790
327
3810
1847
3619
1860
3413
6118
2532
1130
7686
1498
5997
2675
2133
912
5539
4780
5407
2938
4834
964
4069
5348
6358
3451
6767
73
5874
362
7078
3801
3599
2322
3960
7547
7276
164
5850
1489
5925
7151
5433
6525
5572
4416
2243
2436
68
4273
4190
68
3443
709
7294
2317
2784
5435
6874
6421
1348
4529
2293
5364
613
6289
6564
7966
315
4338
2696
1488
6193
384
7648
5827
654
7776
3837
4825
2967
5882
2936
7221
2983
4455
7760
6476
154
5730
4215
5130
532
1983
4497
4257
6648
7163
2180
772
6907
5084
224
694
7537
2077
281
1068
7546
1716
606
1629
23
2757
6670
5748
1856
3527
980
2425
7662
4264
728
4097
5915
5831
2131
234
3635
1647
7753
6534
5010
3878
6331
2007
3574
3372
791
105
6943
6905
2907
3909
3738
5220
5884
7084
3037
4084
2205
6462
339
418
5011
4827
1503
7585
2866
901
5670
2510
1960
215
3153
1103
3555
4794
5136
3776
3229
3013
4230
4358
6535
154
99
5300
7531
3807
3608
5816
3229
7831
6246
508
6207
6900
7549
509
352
2539
3242
6382
4954
1003
2049
1000
3955
4128
1907
3917
1138
7359
861
7861
109
599
5673
3276
1999
5590
1357
5068
7679
7921
3514
5446
6892
1065
208
1204
3434
6794
1245
1585
4818
4832
5191
6960
4740
1055
3325
1743
3810
2754
1986
5514
744
445
7064
602
1120
5164
7316
1066
1915
3449
4015
6554
2715
5460
6654
6609
2034
5752
3518
6447
4793
2081
6123
307
6370
7056
4447
7253
5111
3445
2408
5743
6416
1973
1147
2112
1791
1498
2797
4429
7555
5048
2452
7844
7144
1000
117
2899
7909
7048
7226
5163
6264
646
2611
5547
2979
2363
4139
7637
6139
7840
1956
175
586
5915
7310
5375
4717
6643
5339
1231
7003
1624
4728
7361
4269
7434
5088
1781
2035
7470
6642
7887
5907
78
3712
4997
5786
4697
826
4444
287
7172
3763
6592
2473
1052
5407
3011
5548
4504
1594
4270
140
7974
6964
5096
6118
5153
4111
5573
587
4468
2519
2675
667
5791
2943
2819
479
539
7718
2893
5964
267
2683
3386
6660
1336
2941
6743
5171
2872
4401
3974
5294
6440
2098
381
723
5857
915
1876
6778
1292
7001
2725
5255
2197
7983
5193
1439
4808
6096
989
1886
3881
1033
3581
7386
410
4635
4109
5136
4464
1915
6275
80
1105
4719
2869
3195
6349
5736
4728
3884
4061
6588
1356
2109
550
7525
3331
6293
2565
450
2360
1616
910
4840
1174
4747
6991
3688
5246
84
1623
6970
4233
7947
3025
1136
7095
2760
2365
7528
367
1832
2663
2093
2356
1898
1314
7096
2097
6580
6556
426
5411
3336
2005
1104
7692
7730
6201
5894
5416
2280
2851
1993
2747
2429
4
6452
2598
1056
2456
2178
6392
4174
3536
6561
5282
956
736
7991
2645
907
4847
1816
4587
4997
5536
653
6206
5446
2973
81
6657
5756
1925
6243
7107
788
2155
5715
743
5893
7576
5291
2197
154
3775
7767
1725
7086
521
395
5334
1496
300
5711
1527
295
5775
852
5945
1022
5971
175
3326
362
6393
4262
2268
4913
7568
4963
1825
2515
1001
4562
746
3185
7147
2174
2279
4372
7105
3151
4835
5649
2701
768
3492
3363
1510
6063
2040
6237
5539
637
127
4096
6524
7982
666
1760
6333
2360
922
2388
182
180
5944
3917
7561
7791
1083
2078
5256
1817
7975
4499
6993
2708
1452
1494
2557
4372
3342
6650
4606
7870
4525
7060
6331
2967
5351
4102
1644
6788
2053
2764
7768
1440
4674
3871
3329
2814
2010
4497
4823
3577
7626
4252
3140
7602
641
2379
7266
6998
7117
7244
3289
4312
6172
7574
4460
5926
164
5035
6106
5866
635
7690
1541
5106
4377
303
3119
1896
4501
2426
6215
4115
6052
4735
3910
1785
881
3448
2180
2457
3337
384
5693
3160
6143
2035
5154
860
6597
2687
6224
6472
3794
4038
1796
3334
926
532
3597
1039
408
3077
2093
2258
6960
5625
1580
4440
4132
6094
5425
2219
132
2677
6066
5952
5756
4702
1709
4740
4864
5238
443
1703
6868
5031
4063
6008
3783
5532
2207
2264
7145
7583
5672
4493
6540
4043
472
1789
2388
3975
5168
4193
3970
2367
3889
4529
2308
4655
5919
2799
2599
3946
1051
7083
2277
6265
4620
4930
7402
4199
488
7539
4350
5938
4312
1626
206
4885
2238
1285
7286
746
2981
981
1783
7682
3589
2728
3270
2281
3189
4887
3802
6085
1217
4000
3076
3807
6684
431
2019
7116
7046
1950
2493
6167
2358
3840
7020
7276
1818
2475
3460
5393
1491
4566
2697
5672
2085
1470
7454
5274
3380
4505
529
5435
1275
2447
6658
6695
5292
2184
5210
4747
2212
3463
5920
3295
3120
4227
342
658
1717
4949
4386
4769
1967
6464
4023
2522
7584
7684
4971
6817
7535
1212
2044
4158
3887
947
5487
7781
6855
7332
7277
2535
764
7685
1718
4531
6673
5144
367
2139
1547
4351
3842
855
3095
5965
7823
6859
173
1412
2615
151
3949
926
629
1448
2716
1840
2774
4791
2725
6305
311
5568
4851
776
6114
6091
7980
4600
6814
7535
4542
17
5520
6310
5023
6963
6061
6991
3905
5149
4922
3782
2479
2968
1628
4851
4824
1466
1276
6894
4582
3195
2418
6607
3065
4250
7873
5846
6
7858
1770
6554
1355
6090
2817
2815
289
6854
7542
1904
2685
7933
451
6974
5999
6560
1367
1790
6943
1241
859
7744
6224
6151
2780
2827
4491
2405
2536
4807
2027
274
5699
7541
1350
4249
6998
7537
6654
837
5682
4363
1458
4607
2978
3972
2716
6114
838
5462
5269
1868
7495
4396
2171
5433
5200
1784
4952
6844
5805
6628
1381
7265
4429
3898
2826
5570
3812
4494
2031
1067
1421
5887
6192
4560
5392
6181
80
2716
4928
2389
6042
659
1378
2490
3951
5355
5551
561
7357
6743
2742
742
4078
5786
4762
314
809
1008
2666
597
4038
6035
2011
584
1566
4491
2330
2340
7363
2204
7195
3445
4443
5727
3302
4888
2100
377
4642
2591
1344
1197
7754
4479
1387
4929
1910
2504
4844
741
1676
5925
3333
5457
4181
6933
2657
6639
3265
6245
5072
2478
6034
1587
1624
6489
6304
648
5487
4999
3947
110
576
6325
7123
8
3190
4839
5218
7618
2265
2483
4897
2736
7414
3508
472
4433
4528
5979
4766
2864
1459
149
5758
995
626
1674
1913
2621
2431
1499
6604
6032
1195
5082
3103
5227
592
2080
1735
4306
2689
5818
4270
7175
1936
6681
669
2328
2236
5928
3522
5154
3858
4690
2505
2570
2412
3717
6965
3193
5011
417
6817
2905
675
6289
4482
5495
1077
1962
5496
3179
360
2787
2360
1851
5643
2961
4496
3619
476
7471
5203
2029
4150
6994
2490
5205
6447
1072
3732
2760
2414
4377
2204
675
2473
913
6548
1732
4447
13
5194
5955
3742
6764
5323
147
1652
1950
5610
6651
4888
4118
1098
6834
2681
4661
6955
1573
1337
1562
1808
2394
4071
4346
7077
894
5514
2228
5148
6205
5540
7104
1076
5166
5650
5052
65
586
3925
7007
7689
3944
2009
430
301
2247
2616
1314
5029
1577
6893
2811
2743
4880
3064
4394
4119
1322
3336
5517
3717
3123
6580
446
6138
7605
3642
5114
451
6195
212
6335
5578
5277
3027
5325
3218
4954
245
3563
238
4433
3972
5491
1306
7325
1882
7907
2745
1673
353
351
2557
5545
6063
5190
6544
4071
3624
7484
4184
7779
5292
4139
5761
739
7632
4682
7198
2466
3615
7356
2474
3246
6287
6003
2863
2239
2677
4231
5091
1040
6422
793
6664
7540
1109
1663
2657
212
130
4165
7404
2252
4942
3269
4161
2583
5881
7660
7515
6581
882
7574
6780
3671
2601
6901
6217
7909
4979
5478
1493
7535
3706
1932
2365
5550
94
4264
5606
3161
49
5164
5227
780
6396
1591
2464
1556
6829
2303
4491
2546
5481
6694
7841
1841
5969
1186
7393
1379
4538
5513
4120
4776
5682
790
2550
7281
6260
1337
999
1618
3376
3921
6003
7773
4142
4239
2811
344
4125
1533
1721
4694
4473
2098
5537
5152
7648
5969
1460
7161
3466
7000
7746
795
1748
3116
4346
3781
5361
7908
5645
3617
2629
7583
5776
4508
2318
6723
2182
6626
2194
7545
4237
4609
896
4984
2359
7755
3400
1650
2312
4903
2094
6205
1725
20
7942
4814
3227
5186
7602
7208
1800
2998
4133
7560
1280
7011
3033
124
224
1751
3294
5799
7564
966
1362
3091
5668
4413
2223
4411
6301
4610
6958
7706
4183
3269
5266
586
1781
7711
2285
3730
2037
4373
5135
695
2457
1460
5203
591
3761
1068
5121
6408
2600
4433
6860
5682
7451
7031
277
2291
5774
6790
2714
3513
729
596
5185
5353
4341
3553
5662
1897
6717
6761
652
1019
1810
1139
6016
4211
5061
1359
7634
6644
4397
3343
6390
5918
3801
899
6344
5556
2654
3583
4620
7783
2896
7748
4423
7797
4868
1042
4706
5980
7860
4130
5876
1259
7800
3854
2054
7007
255
708
2151
1580
4191
2983
332
3489
2273
6453
1669
2955
2355
2345
3721
2220
2714
6937
6113
4971
7065
434
4676
2132
1074
2595
3382
2354
1983
3520
6275
6821
4199
5367
6974
6774
6014
1525
2549
6527
2856
6992
5131
185
3326
5693
4986
1092
5352
3032
3066
7492
4767
86
4678
7791
5976
62
3165
203
1457
18
4033
7392
3475
346
6518
2253
3145
457
614
6703
3819
7722
5135
2530
462
3238
4306
6703
7487
3737
504
5639
3683
62
3506
3921
3217
1595
4541
4569
7571
2551
2300
7751
1521
2373
3791
1488
6516
1976
3445
6863
3687
1729
5927
1465
3887
2470
6503
107
1994
865
7603
6225
7262
6182
7661
3311
5468
6302
1720
6961
1886
2965
5196
3819
3884
437
7900
1733
1373
4811
4329
1751
833
257
3818
2373
1679
1306
7151
2295
7039
3624
589
667
5555
2162
3523
901
6546
574
1547
1398
2490
679
1514
3533
4545
6803
548
6400
5386
7264
5181
3236
4838
5513
1076
1589
3830
5974
7550
4603
4255
358
2298
6174
7749
6528
3530
7990
4944
1528
6439
113
7004
7134
7296
2021
1858
4521
6939
6237
6893
5741
3994
6543
5412
7339
4895
5973
3850
1869
7821
4043
5455
42
2713
1027
548
4648
6975
513
257
482
7903
7366
291
2847
6724
509
5458
6394
2447
4943
2309
3328
312
2234
6655
6178
3343
1038
3
1476
832
6602
1480
300
7126
1478
3502
1531
7553
4858
7834
1515
7437
3348
3906
4534
1151
3590
1452
2889
4413
3434
4934
3537
4911
6052
1748
7490
5372
5593
6454
711
5207
3439
3445
7922
6607
3688
143
1679
396
733
4262
6366
2062
6205
1742
2782
7722
3314
5002
1693
7541
4937
3808
5339
1570
4507
4185
4367
2274
5452
1026
6813
4187
5404
5196
3927
7798
1448
6878
5749
3928
5809
1644
1841
1617
6943
1515
5500
5116
4132
2141
4132
2843
6244
4394
5304
3366
4248
6470
5856
2037
2995
3197
1092
3065
3853
4139
5182
6052
6539
791
5619
3249
4093
3777
7486
6364
7886
7215
2419
4331
3079
455
466
1976
1498
2047
6363
5308
4086
857
2750
196
6824
7276
2304
5811
7779
23
5601
2724
6055
6081
4546
3519
2538
1693
5282
7241
1346
1663
6725
3584
3058
5886
4013
1619
7691
7827
7088
4321
6795
1441
4287
5896
7242
6186
1671
6426
7644
7012
5726
7645
1199
6738
409
3345
4379
5011
2480
6737
2995
4886
2170
2575
6317
3535
3240
7460
6698
1388
5920
6596
1329
1756
3024
265
2410
5740
879
5770
2838
4762
5753
1895
4587
4509
5761
807
2550
298
4202
5826
6793
4777
3237
5212
5341
4501
6283
1801
5133
4527
4756
3218
1185
709
5236
139
314
1713
2404
861
2617
215
7236
1217
7856
1656
5761
6544
380
228
3141
1590
1091
5684
123
5175
7044
5367
1951
2405
4657
2531
2368
3642
4538
3790
5218
6822
1193
609
3282
1314
7985
5584
3444
7952
480
797
5048
5883
3297
6872
4074
1479
2727
1353
956
1390
1214
1095
756
4490
5172
4238
6135
7368
3778
4189
6099
6312
7407
3762
6198
240
5516
1925
7596
3946
4585
7169
7537
7881
4601
4816
7039
2123
1995
6635
1004
4429
7284
2754
503
5221
1412
126
1212
182
3663
4695
4529
4198
4741
7504
802
7766
1406
4898
2600
6382
6886
6522
1324
