1959
4418
721
3119
2154
4816
1544
3196
6533
6872
2287
4455
3773
3763
1781
5276
4987
802
23
6685
4237
5809
4658
3784
1311
4745
4656
910
1695
4505
4160
3869
465
4369
1443
7138
3714
7921
4143
1426
1201
1671
4292
3311
5163
1993
4689
1338
3691
1728
250
5055
155
4696
7111
6732
7230
2561
2288
1765
6624
7341
77
6452
122
4263
1423
7644
6289
7296
2331
5223
7925
5416
2487
4596
7603
2245
1655
4135
7743
6020
6260
6549
5783
7921
6216
874
1457
3439
6827
3628
1677
2397
6716
1226
174
5226
7890
219
6767
1355
4143
3513
7718
1624
3296
934
6958
5444
4004
1430
795
596
6859
6812
1199
609
3481
4869
1130
3536
6839
7463
1159
2190
1658
2815
2563
516
2038
3777
5688
3815
6175
3336
3560
624
2140
7791
584
4035
5295
3696
7382
347
6049
5213
7175
2128
5471
1790
6343
3498
5328
767
5524
6613
7619
6992
6501
6787
2807
5345
4388
5846
7098
5258
7009
7645
1829
2451
5624
245
403
1011
361
4833
7758
682
5501
4824
3806
3197
6932
783
5826
4579
4140
1688
4092
2573
1355
1402
5544
5174
2365
1966
3144
1100
540
2039
4198
4231
3634
7576
5038
1921
4529
6644
5607
408
4706
194
2396
5876
2875
2800
2368
4780
1192
307
6264
7408
7043
3662
7165
7813
1029
5678
4266
683
2071
3660
1999
1403
7028
2352
408
2136
6993
5019
3884
6518
4133
2905
5230
5470
7906
3599
5935
3823
1590
3437
4892
6695
7729
5414
1647
1223
6285
4655
3281
4722
2640
1703
1097
3082
2480
5419
5558
7637
3818
3699
1559
2542
6491
7083
7103
2276
7121
3151
105
7903
1720
6779
7727
3361
3221
3978
4654
7056
1303
3435
3398
1818
322
891
5619
2001
5757
839
808
6490
514
3671
5416
2868
5597
140
6434
5131
2761
5549
1180
4482
5949
4102
44
6868
6408
4425
1031
2262
619
759
5551
4564
1867
25
7164
6583
2514
1889
3189
2395
3147
6338
460
3928
407
5137
3962
5152
5929
4541
3226
1255
1033
6587
2941
1552
6234
7267
5422
678
5630
5164
1288
5175
6933
7562
995
1497
19
2996
3665
5717
2664
7331
6115
1731
3846
7840
4059
1066
4550
7309
334
751
5663
4096
3992
5373
5014
1959
2956
5404
6293
1764
5993
2726
7992
7370
5496
3432
2059
2980
3234
3285
5698
5174
695
753
1879
4780
2805
3622
6633
5428
467
4368
7617
5089
2682
7396
98
5505
6350
7256
1762
3744
476
6519
6807
3225
5885
7629
2331
3030
3238
2966
4696
1778
4179
1761
7285
7407
2416
5609
4709
2592
5549
2265
2006
6155
2435
3856
4784
7998
4856
5017
6968
7528
1089
1104
2001
1036
2991
1671
904
4512
3451
3104
3720
1874
6878
6490
6542
4738
7197
3189
6064
4888
2802
2037
7980
1154
7152
2223
6962
4981
4299
4779
6715
998
1657
3959
1597
2668
4742
5159
6318
205
6613
3051
4688
912
782
2958
3275
6190
2260
693
3207
7279
7529
6683
7646
2793
2205
1313
3424
3868
2654
2045
5682
6468
4803
6662
4622
417
6739
1668
5652
2490
4781
5573
2543
6443
1390
4503
7553
4513
7794
386
7832
5304
222
2063
4695
404
6213
3262
551
803
3380
7701
6833
7176
3707
5409
3652
2992
5568
4117
4223
4030
5761
4470
5105
2411
3113
3878
4346
3196
7968
3750
1938
2728
7944
5826
3689
7169
7979
12
5975
1852
1604
2894
256
2581
4763
1788
1673
2671
4929
531
3807
2337
509
406
830
336
7817
2057
1120
5263
700
6784
6542
5703
6930
5324
6634
7889
1394
4951
1290
2138
7416
3870
6183
5603
6538
7915
6369
7189
3524
2787
6886
1565
5259
5969
6326
6783
3039
5887
2213
7420
7333
680
434
3560
2536
2882
396
3273
6525
1406
5420
1194
700
3649
4882
6158
4849
2419
2321
3335
5442
1040
2716
7451
425
7625
5734
2948
3661
231
7482
154
1301
7491
4242
148
6650
1982
4493
5136
362
2006
4499
4582
7066
7484
5425
4051
2391
4987
6530
1910
368
2795
5688
7806
7197
5981
7356
6872
2355
4716
1336
619
568
6006
1903
6663
4880
5247
2557
5263
3425
4958
448
878
6028
3271
7995
6528
4750
6770
465
6779
6503
4886
934
4407
670
5214
3758
323
6474
3888
676
1216
3445
4151
1649
2425
6958
7857
2350
520
7036
3301
3076
6669
6076
5579
5693
3884
3056
1873
7476
2485
5549
1323
5702
295
5760
6110
202
7106
2528
4886
4614
7222
5060
1790
458
736
115
6386
2
5675
5065
5576
5494
3014
5523
4576
6443
25
7493
6750
4910
7240
4559
1191
5563
2444
1983
5256
1809
7821
1011
5767
2684
1362
5017
7166
3732
5893
4876
2685
7951
2756
2755
7303
7422
2826
7583
4011
3747
37
7307
5436
7010
529
6383
5375
7702
4469
4595
6002
6187
6711
3001
1981
5711
5323
6854
6889
1287
4714
7439
7344
6822
7772
5780
1216
4950
6817
6903
3343
3126
2299
593
3946
4723
7485
6248
2082
6858
2673
2194
6574
6202
7137
7919
6157
5204
6615
6594
1669
5717
6661
3260
1333
2884
5246
12
6694
3271
7212
3549
1997
945
6448
1965
6785
3646
7304
6721
7408
5859
5725
612
4843
2469
7831
975
6761
1336
2019
3325
7087
4484
2238
3702
5154
4038
5680
130
2978
6908
5842
3477
1611
447
6934
3592
8000
2921
2841
266
2296
6738
7739
4509
206
3554
2482
6972
5926
7831
5195
3461
1565
3889
4207
7145
149
4324
13
7599
730
1176
4217
3607
5633
2274
41
6020
5454
7678
2400
1130
1369
3637
2584
3805
7124
783
6671
6255
52
1946
5948
7919
6838
288
1564
1879
5887
7210
5690
1055
1460
6568
7174
1428
7023
1596
4588
4649
4430
3491
4082
5153
5836
5284
5620
2578
846
7450
5808
5685
4115
4911
7641
5547
5816
4824
5915
1668
617
5821
1060
1728
1922
5642
4572
7221
544
7413
3449
4211
2628
1956
7760
1615
6415
279
4864
482
57
6505
5436
3087
1334
6595
5519
1669
7716
5368
6262
1019
4430
4359
7833
1951
4284
3251
3063
104
650
4223
2393
3949
6570
5723
6221
3843
1711
4656
1686
6975
4986
1034
5239
6974
2645
2199
2389
5251
6148
1650
7645
7870
3227
1784
7416
6969
1176
4814
2092
6398
5377
1867
7375
4931
937
1968
7481
7343
2316
4272
7509
4974
6854
7315
3927
1121
6566
344
3341
7975
6187
4911
858
4854
2611
3264
4541
2070
6338
722
986
2056
6628
3534
6450
7890
5877
3105
6517
5594
7441
6944
4811
5176
5521
4960
5716
7846
4980
6912
3465
4004
6167
3329
943
6898
7113
4937
3766
2304
6600
3650
2700
3436
2863
4683
4015
3774
4711
1322
6144
7206
1711
2139
1967
5533
1758
2221
3544
2352
3293
4413
2755
7032
1036
5710
5787
255
4053
6745
6785
2933
2395
5282
3886
4638
5192
703
2980
7995
5526
5677
5702
7136
3879
3994
7106
7438
2702
58
4062
7872
802
4622
7425
4316
5929
1552
5287
5577
4642
3041
5229
189
5772
4137
2695
5692
1205
285
2550
1932
2075
110
4565
7430
3304
1461
1493
2523
2924
4536
3260
1411
5888
5020
4037
4043
4122
4061
701
4418
4263
4889
1398
5014
1890
1953
7359
7076
2675
171
4471
823
3083
4603
3137
4841
6130
665
2093
3704
5381
1524
6580
7848
700
3734
3623
3608
1673
3345
276
2519
3721
3738
1529
2431
5206
5406
5340
1068
7689
4879
7223
3884
7763
7501
6659
7815
2106
4112
7204
6547
1451
5419
6387
5813
856
4553
7887
2046
2251
6031
2338
356
3669
4557
4360
3713
2774
7068
2566
570
910
7981
1071
6710
3246
978
5745
6244
3080
4659
4878
3736
6257
5482
7390
5239
6443
3053
2636
2156
976
1151
4019
3849
4398
7324
4874
3392
6239
6781
2991
3826
6
1273
6406
3523
4050
5962
2358
7941
2890
1380
2177
5797
3886
1336
4117
3456
4821
2772
5495
4359
3988
4322
4576
1793
6354
5476
4445
429
7425
5306
2643
3794
7887
1345
7619
315
5736
7608
4508
6043
4666
7889
1207
2555
1911
2577
5990
6677
2906
4451
4253
5193
7222
489
3370
7596
5309
1424
7425
5944
1871
2646
2914
6427
3272
5779
5881
2866
5486
7312
2000
1525
7465
7125
6455
1550
2211
3706
7903
701
4567
4975
1710
991
2568
6937
5463
916
6253
2851
458
3723
2853
1049
3634
6099
2938
3813
5847
401
7957
2875
6069
2089
6758
4657
7331
7022
6992
2811
7816
1282
1497
5864
3585
5012
5901
6141
3334
5417
321
487
2973
4948
4752
546
2957
4591
5295
1285
4265
3729
7846
5778
895
431
7810
65
2128
3815
1208
6414
7119
5162
5909
4882
5143
7332
3522
4478
3499
4278
415
3910
5708
2714
6341
2558
1158
7011
6908
1863
1488
6073
4571
2939
2759
3042
3190
2402
7176
5826
927
4913
4423
54
7338
5802
2448
4824
4774
7697
6778
1778
1484
2994
5357
4921
5530
383
7005
5320
313
6148
6408
3773
4293
2923
5282
2540
4616
5795
3006
1612
2057
2517
6520
2917
6182
1665
2838
7056
891
185
5590
3300
6689
7012
87
7523
4087
2310
7899
3687
1375
7309
1800
6265
7506
3034
7509
486
931
3832
2977
3581
22
7971
4217
3156
1616
7890
134
4333
2281
5998
7681
7895
1548
2324
874
3578
1742
7026
7756
6586
6344
4646
4408
4960
1952
6394
6393
7527
165
3851
1946
5821
5443
2166
4351
6464
7808
1017
7247
3622
3666
5795
7574
4183
6402
4927
2203
2689
6983
4260
2961
3761
1193
7847
3809
1622
1065
3362
6291
6981
6329
1159
2811
2543
4725
3479
5764
6555
6160
4145
3552
6741
5015
3235
7709
2030
5247
3397
6014
7001
2731
3800
7433
176
13
1689
6680
5254
1107
2899
2887
4096
4430
3612
259
3035
561
2230
6460
4661
405
6728
1942
2810
732
1237
1947
6898
4620
7966
1552
2070
3606
3980
321
5992
4248
3805
6626
1489
6396
15
6221
3097
3585
7042
7451
1188
1055
4440
462
7147
3479
5174
2746
7386
6929
5250
303
4003
2945
3547
688
3526
1569
2176
6727
7918
3278
2852
5245
6097
1242
6708
1594
7628
4915
7458
2951
674
6547
7671
3407
2394
2364
7038
7075
3819
2794
7256
1545
2607
460
5875
4622
5183
132
4017
6829
2029
6979
5499
1867
1699
6081
7624
1418
6634
2720
6647
1773
6205
1332
2890
4159
6020
158
3859
7274
5850
6480
3098
4008
5244
3729
6111
189
6079
2157
2688
7148
5013
5266
5788
156
878
5339
6507
7592
3433
3967
5871
1410
2325
7654
807
2013
4521
4790
5319
7131
6443
1267
484
5058
81
2971
7336
7453
4123
7892
6578
3965
4686
6108
7651
2308
2254
6130
6119
4136
6644
5796
7652
2669
6014
3350
696
3280
3394
6031
6343
3967
1604
3802
7162
6741
6696
230
7755
5112
3463
2982
1218
6064
2156
2219
3794
5180
5867
6450
2286
4018
4211
7954
1379
261
5482
5189
4522
2010
7768
7448
1550
3587
5900
6482
790
111
1434
4521
5907
4895
4003
2229
4782
1775
3988
6846
2154
4909
3772
1569
543
6755
6154
2554
7037
3080
6445
7078
4318
6995
1727
4106
791
4145
460
7766
2040
4334
7440
2727
5340
5224
2505
3042
320
2201
5674
7810
3848
4662
3250
3752
1324
251
4814
7699
1790
735
6614
5819
172
6517
2165
3036
2556
3591
587
6398
5696
6629
5398
2581
6567
1413
6281
4218
7720
3385
1093
2244
2319
4048
4039
2292
3448
4197
7718
7497
4909
3896
3764
7984
801
5176
6233
6684
3905
2073
5789
7254
7037
6155
3224
7260
7064
5870
1689
3874
591
3226
6317
6784
2602
657
5398
2873
3718
6740
633
7455
4985
4032
4458
5116
2596
7822
5682
3111
5532
3262
1169
2530
3285
7606
7598
7065
6017
3514
1543
5553
1698
1989
3487
5913
7934
3588
3495
5264
1333
7741
1016
6791
3356
1208
567
5909
2450
7758
5153
2986
5018
3702
5891
3004
6972
1127
3158
6460
6759
2063
2201
6461
1878
4165
2419
5050
5363
4365
570
1406
109
3268
3596
5925
6488
1517
3933
4330
2120
6393
6112
5357
5552
1801
7765
474
2772
7342
1459
7002
6590
107
5973
3082
6346
4031
3844
2368
2644
1848
2283
1288
4294
6004
3239
2632
1848
7798
2155
3521
6437
7848
4272
1869
4714
2588
3820
7455
2929
1094
6610
6463
6953
7130
4565
7730
7747
1522
7543
3474
2758
6955
3227
6962
3242
2041
7307
1099
7434
920
5401
6937
5517
1414
3307
5774
4625
6529
3174
7527
2177
2136
4897
6565
2352
5906
4732
7792
6354
6707
3723
1394
6407
3366
4072
6831
2134
2839
1402
6627
4697
6075
574
3149
179
3450
4615
3414
7130
4197
6248
7287
902
7184
279
6045
6603
6304
3047
7077
3248
6046
4769
2270
1316
1735
3803
6581
1119
1059
3084
5241
2286
3366
3342
1810
1144
6674
2823
3863
6866
7133
4473
1075
3813
168
5922
7918
1012
4684
2188
878
5312
1794
304
7001
5554
4852
5304
3431
6362
4032
6615
7926
5755
1060
4384
7100
185
5504
5952
4749
361
6071
2808
723
140
5912
7604
7851
4404
5510
2040
5991
6648
1558
7458
2075
717
7241
5941
2152
6384
4959
3741
6190
1221
3731
115
1627
5168
2008
7161
3297
1113
1856
6880
4535
2158
1055
1391
3486
2503
6709
4675
6790
4405
5830
2192
5733
1788
6261
1433
3843
4320
1320
299
4712
83
7605
4871
2588
1567
2
2301
794
7602
5025
6236
4162
6263
2486
3397
1582
7560
6954
4600
7405
190
4355
6554
1747
1249
7731
5865
5490
2137
115
2549
6434
2538
400
1291
987
2572
7154
3765
2432
3652
7624
1119
4507
7276
1962
4919
3052
6664
4839
65
5326
7354
1424
234
7549
4564
5759
2602
373
4082
2638
6690
5245
3758
7681
1384
3824
648
7233
6187
4513
950
1038
4453
1323
2962
5576
1121
2549
971
4758
699
4556
6575
4573
5979
7256
5213
5034
6594
7673
5344
742
6626
6770
1613
5829
3358
1951
2895
3599
7472
1871
102
4037
5702
1410
6563
6854
3007
6314
7144
7645
4264
6825
7125
6640
5583
4192
7827
3257
4578
2281
2591
3698
4080
6556
820
7018
2301
5385
3170
4795
7575
960
5997
5562
3146
6947
4352
6762
4273
218
6256
6819
3230
155
2036
6638
2839
5456
6388
7979
4374
4139
6574
7865
7134
5069
1431
42
577
6352
5758
6341
4489
134
418
261
5136
426
3020
2365
3494
2136
1730
2535
3765
2748
7615
1438
448
1717
7018
1511
6263
1789
2658
7704
6060
1177
333
3613
205
5915
2429
1194
4381
1344
3663
372
6420
4213
7674
561
5025
2641
787
7614
2663
5866
5730
616
1961
931
6188
7605
4184
3786
2823
7447
1628
5554
7488
3732
4300
6519
7348
5793
3074
5083
7951
6794
772
7956
7674
6722
5645
515
3259
6078
3057
1631
7449
3021
236
2831
4677
7321
4459
4232
6565
3242
246
3328
1714
5297
6691
376
6600
4687
3284
2945
565
54
2455
1235
299
4403
5220
348
1089
288
2972
3634
1166
2168
2897
994
1515
4003
1038
2535
5829
7702
5029
5491
4920
6312
1544
1288
6310
2567
5403
6505
3486
3052
1791
1962
2837
499
4063
36
811
3950
4191
1816
2252
6508
6472
3138
3921
4928
4106
680
6832
467
1171
593
3544
7334
5738
4526
6149
3506
4442
329
7374
1970
836
2440
1833
2180
4465
1718
1169
4830
7887
5790
6425
3367
4320
6216
3432
6368
837
6478
7294
1074
1200
5743
1505
1877
6466
5334
2237
3562
3111
2273
656
4037
5413
1747
7660
5372
4153
7882
4730
5754
5372
4102
5855
6317
3268
5447
1320
76
975
7093
6143
33
3098
6492
200
4380
3205
7906
2699
5369
6430
57
410
4448
1987
2748
1026
6475
584
7491
2045
4524
375
154
5130
4007
1170
4309
6654
6831
3650
2043
2875
1840
428
6288
5447
7527
938
6568
2811
4298
4715
6855
7197
5962
947
3309
2720
7995
3995
5793
7931
35
3663
6612
6193
2046
7400
2397
6507
1244
802
4466
872
4234
5515
2057
7518
3239
2154
2611
1395
2649
4688
6816
3121
3432
1680
258
5643
3329
4656
7949
2964
5332
2519
6190
5030
2151
7962
1602
3849
6093
6786
1009
2516
5058
1002
4148
3325
1626
6828
6708
848
1277
3119
6318
4441
3408
7427
3776
2334
7670
4112
712
2510
2398
2686
3255
4070
2212
5663
4578
2588
957
3977
3713
6089
848
5929
4011
4157
4016
7837
2714
3704
5645
11
6171
7115
3929
1088
3265
4194
2620
1616
5532
5685
5824
1057
1208
1607
5681
684
2556
2000
2520
2296
4442
5516
700
5765
6200
5455
4799
6662
3992
2059
2704
7816
7731
3798
2794
4867
1670
606
5220
2631
5571
3507
5817
2630
7866
810
7116
7573
6234
735
4004
1584
1638
2813
5692
2901
5705
473
329
6331
7474
1454
1904
2440
7319
2347
1767
544
3788
880
6865
3992
4255
5184
47
1197
4673
4976
5864
1136
3286
6233
4141
6210
2049
4669
3438
2055
4665
1455
7262
5784
7865
4440
3213
4990
2019
2306
7360
7213
5068
95
1049
4551
6608
7360
331
927
7739
6978
3378
3850
6131
2967
7870
6936
6657
1300
2519
154
1066
4770
1116
7983
3650
2782
5933
2918
4043
6524
5926
7245
3748
6811
1325
6917
5117
132
1131
3405
1541
3536
4292
1338
3352
6834
1652
6664
3846
3054
6934
2672
1156
3399
3762
941
7588
7341
4411
3198
7610
7002
6310
4138
2181
153
2881
6164
3283
6726
1322
7627
449
7064
2647
3494
7608
6968
1466
4752
2001
5482
4010
6740
523
1342
5115
871
6854
3450
1632
333
1634
6111
5781
2984
313
6260
6455
228
5455
4307
2055
5617
51
6900
2089
7855
5823
1251
7554
5127
6042
1306
364
3627
5890
845
948
1013
4389
772
7893
637
4799
7340
5840
7328
2432
2067
1234
6056
5773
4826
1382
1397
5891
415
7265
7356
383
4188
6460
6103
2326
4288
4820
6277
6586
1086
1862
4826
3774
5301
5210
649
3
729
6849
5291
5026
2487
7875
2504
3618
6364
801
433
5687
2597
3955
6054
2453
5717
1720
1957
2469
3644
4314
117
7223
2510
3195
42
2073
4296
4277
2857
6099
6439
4297
2163
5113
1169
1505
2731
7444
924
6800
3206
6546
1060
4562
1194
6616
2368
86
7030
1117
819
5782
7957
2108
5620
5993
5521
5534
7908
1343
7604
6333
658
7077
903
4324
2928
2985
6400
7085
7979
3238
1664
2197
6417
3058
6769
6218
4891
6819
3748
1189
6734
1581
603
5453
4389
1526
3283
735
4849
6075
6806
3681
1998
2201
4878
4557
2770
3645
1985
5048
3993
4571
986
7739
5710
3250
248
7369
6081
6295
4085
6721
137
5242
5086
7538
7413
1255
5597
6527
2448
6757
1352
2395
4993
389
3830
1768
4666
6943
1356
2659
3369
3206
7110
6006
3774
1523
3688
697
1160
5368
5431
918
4492
1320
1717
6329
5169
7229
579
2012
3396
2823
4552
4240
6483
6158
2352
4983
7404
5850
6386
3960
5574
2138
5799
440
7483
1870
5439
4548
6825
5220
1088
5406
6399
4588
6378
7884
4873
6862
3539
7761
5045
7514
3481
3897
6764
836
7313
3237
7092
1467
6134
6343
5053
4926
3303
2996
3551
7132
7263
4596
5783
1216
3129
2657
3176
4504
2986
7079
5786
5854
651
1811
6892
1325
638
2677
3749
2111
6228
4634
3203
3981
5711
1300
6591
7713
3439
5930
5172
2229
357
2310
2833
429
3884
4548
1042
5545
2096
3126
189
7176
4031
903
3683
4698
4941
6256
4523
5140
3747
4265
2355
70
2039
6289
315
221
2765
417
5371
618
1556
7734
3289
4280
4683
3035
372
2382
1322
6247
6248
4249
616
6795
2001
5414
2365
7982
2529
5720
1308
3458
1373
5423
7957
11
6743
6180
1991
4331
1167
7379
3286
432
2286
2151
7426
5754
2075
2662
4583
4939
7117
3338
1808
5239
5170
6670
413
4631
1211
7919
7380
3399
1556
5578
100
2133
1530
6691
36
5004
3496
572
2542
1209
1879
7727
5455
7979
3966
7266
6329
946
5882
3262
6005
1966
4325
407
1549
1752
7509
2084
3911
7461
5673
7805
2523
7793
7473
5837
3722
5201
5529
6705
6692
423
4830
7791
4730
4262
6935
1727
2523
5014
5626
758
6654
2725
4015
6562
5541
1193
2138
468
3499
2670
3808
5628
7431
3321
2499
3079
4639
5825
2936
6845
3764
6727
352
3013
7205
1341
5208
3697
4087
2159
3440
2367
7316
4908
5019
4391
4903
6965
755
6134
4891
1021
3992
1400
974
2186
7215
4192
3062
2297
5644
6484
2420
1089
4822
3714
3117
2269
4063
7383
3567
4089
5386
904
2669
4102
2879
2999
5864
2130
4342
4604
3856
6057
6965
1344
3829
6194
3244
737
3503
3451
1798
2748
6383
6843
3902
6266
5903
5487
2187
6797
2739
7818
6674
7040
6892
1297
5555
3028
4311
3135
5567
7318
7048
811
699
3805
1598
5616
6461
6376
4202
4134
2769
7498
2518
5923
4545
2736
6738
265
6726
893
176
5475
7686
1932
1661
4730
2583
4159
5238
7848
7321
4939
2559
7284
755
4946
1664
2054
7513
4330
5232
2470
6558
3827
6250
2575
1579
1582
1461
65
5866
883
2714
4680
5904
6019
6345
5730
1573
7263
6791
7201
1379
5189
2842
6861
681
2138
749
6649
5642
1810
7364
4403
2681
3964
370
5233
1267
4656
3231
6938
920
2779
5440
3000
1179
3508
686
1783
3925
1683
6033
6127
2106
5813
4568
2044
5766
3541
6542
2450
4031
6232
3966
5729
7280
1864
1452
3756
6084
2545
4141
1713
5452
6615
2105
2952
2504
5572
483
680
983
3140
7412
7364
7025
2488
3609
2762
5250
2798
968
2028
951
3202
3381
3494
7478
4776
4947
7484
385
6964
758
3151
7116
5787
7373
1048
6156
520
3947
6938
2873
6002
2515
6104
5518
6924
2932
4474
2387
6002
4931
1357
5111
6736
6403
1128
3674
5748
7449
2707
3441
1004
6419
6630
2941
2827
2676
2244
7141
1219
226
2286
7497
7092
3035
1352
5071
5662
6035
1375
3049
1707
7979
6624
2933
547
566
1372
1658
1626
230
2642
7080
6432
2776
7077
5461
1141
2667
2527
7890
2925
4928
6212
6622
5287
2229
2011
7353
5112
3596
3392
747
1940
5389
5324
7964
6719
7899
434
7459
1257
3272
2342
1826
4447
6416
5952
2187
1949
6624
3619
5916
7796
46
3230
3315
639
6898
4296
583
784
5154
6295
4963
50
7957
6371
6581
4489
5054
3375
1130
6264
7906
1752
3490
7670
240
2556
2072
2582
7229
6653
4679
190
4451
1458
1228
7779
6235
4947
3162
2623
4244
4849
2358
4068
6158
4977
560
3044
5461
3883
2785
1667
7
2646
6099
1163
4051
837
7556
1058
249
2160
6729
435
3785
5726
1843
920
5615
3771
4121
5775
3672
2936
1673
5331
6626
516
5508
7538
6783
1632
5829
2437
6612
7772
1799
5739
2790
7378
6223
524
4017
104
2846
2175
1403
7585
4026
899
4960
3975
2757
2908
6467
814
4809
4415
7772
3629
1774
6686
4665
7077
6433
4680
1659
6655
7036
5716
4434
1318
4415
1385
4483
5126
2030
4132
4914
6715
5442
594
1434
4025
7862
6369
7290
1139
1168
1774
7389
1189
5421
6993
6060
946
2319
50
2190
1321
5438
1355
7556
4130
5734
2613
725
6402
5617
4123
7348
4966
5149
3029
474
2448
6622
1861
3042
4200
3450
7103
1346
1566
4052
7415
3179
3167
156
4194
7402
7470
6524
2844
7547
4625
7611
2718
2279
6005
1472
6308
7957
3363
1899
1861
5577
4684
4552
1205
4087
6816
6128
4728
3530
1497
5154
5715
1980
5161
3901
1239
1800
836
12
5198
5999
3644
1706
3309
3949
7292
3727
5975
1075
1028
1422
3158
5477
5524
3183
729
3418
7154
4894
3623
217
46
7256
7638
557
86
6602
2772
5347
1360
4031
6174
10
2183
278
4754
2403
6921
6697
2381
4696
2453
7526
6204
6289
5603
2901
3216
4393
6540
2357
5141
6140
179
3838
1676
5141
6621
1865
3387
3807
2826
2298
2927
6755
86
3195
3628
3407
5091
6580
6066
4331
7130
7532
6586
6673
3941
5889
175
6122
911
624
5999
679
2768
1288
3607
6213
2393
825
6042
6235
1787
4687
5135
3241
923
7078
3016
4690
1888
4821
5600
6351
7453
4115
5566
4443
5339
4065
1791
7769
4372
4137
4903
2159
7742
2267
7222
6806
5966
4019
2309
6706
6515
4565
7581
2689
2098
4267
6942
5975
4449
5500
1419
3870
1444
1836
1219
4711
4630
7532
4592
2413
480
5785
4614
6123
5825
3251
4102
3513
5002
4162
3297
6871
3543
3616
4998
7180
94
887
3798
3351
5800
4613
5987
774
7372
5728
3849
7742
82
4563
6023
3715
3275
7726
3909
7508
1229
1394
5998
3920
1385
3717
3744
4742
1888
152
6696
1840
5692
2594
1068
4269
3698
7190
3222
6577
316
7846
6755
5564
3798
4119
2243
2131
6915
3576
1483
3528
4938
5054
3337
6904
4529
7335
4287
5767
430
6021
1151
4734
1838
953
1758
3836
595
2736
741
4091
6742
3907
6886
6420
6178
6316
1852
4346
7633
774
4005
3390
5401
1227
4973
6067
5909
7489
7955
3759
6823
7354
3191
4008
3708
1718
4764
6928
1036
1074
5025
3035
185
6281
7860
3928
1043
4530
7616
5551
2656
1006
4641
336
6658
7098
3817
2033
6301
17
5539
2416
1748
4627
5689
3602
7622
42
3427
2191
5494
3969
4174
4913
6797
1763
603
1661
2478
7382
1112
1409
5561
2788
5871
7825
415
6350
6139
4929
1488
1130
3209
4250
102
7578
7182
1784
2385
3515
6880
7509
2719
4351
6199
6886
1583
6195
5171
7161
2155
5356
5587
2559
1472
3042
602
153
7521
6659
5684
1090
6017
1516
4733
2633
5109
3703
921
900
7249
2273
6816
3480
2118
2352
7055
3858
5773
1635
3910
6344
6652
328
2262
5908
1251
179
3489
4992
3147
5724
1302
5763
3132
862
2746
4491
6577
5191
2451
1891
6031
4757
1616
5512
3951
5362
1583
1737
1176
3995
6083
1677
840
6540
7497
6795
6299
2154
3879
2366
7438
4836
7339
1664
4038
95
316
7677
218
4977
7468
1947
7066
6947
943
6905
3042
1416
2672
1888
3712
5396
1253
2032
4485
4561
5590
3670
4112
7871
2126
5100
7500
1834
246
1625
5302
6718
2870
6619
2011
774
6808
349
6079
1746
1953
3781
2163
697
5930
4518
1056
4102
6722
6726
6491
5925
5585
131
2813
7336
7530
7530
219
7893
1501
558
6244
3264
1896
6589
7909
361
1082
2887
261
6595
1230
7831
5587
2144
1938
4983
7688
1438
3545
4350
633
6045
5693
4685
7086
1056
7367
7963
2961
2839
63
573
4516
259
7674
1360
4751
592
3538
727
633
2572
6352
3722
407
723
5089
4319
6344
1740
7729
247
4165
5786
3706
2940
2151
4603
1051
3913
2313
3615
2685
7243
6127
1143
7270
7233
7543
4012
6832
3223
7890
3945
3603
6426
6339
1339
1855
7896
6888
7642
866
6495
7893
6693
1041
5619
678
1845
6370
7007
7404
4935
880
3213
2833
472
4337
7456
5100
6491
3436
7458
5860
6373
2018
5890
1812
4359
98
3943
1282
3287
5311
2659
998
3376
7280
1400
5919
3556
5563
3813
3014
1920
2604
2125
3402
4017
1568
956
4940
956
7783
5505
901
5965
2900
965
2588
206
3116
5135
3937
6578
6238
3378
4632
7248
3381
4394
6821
476
7300
2075
3471
6017
1627
1911
1928
1040
7856
1201
3795
4666
298
6437
374
6777
7153
2474
2561
4707
1559
7526
5732
6545
6170
222
6356
668
894
5668
1495
2288
1695
1112
1146
6678
7547
2036
2251
4139
6953
3855
6264
720
1455
6274
2222
1800
5381
6594
2283
1486
4477
2364
6453
5453
2096
6368
7940
5791
7255
6155
140
1154
3548
942
110
7906
491
2853
169
2092
887
4484
2622
3573
5128
4240
4567
4792
3982
6990
885
297
7153
797
2609
5356
1031
5426
2596
4934
2200
2019
7595
1589
2240
5132
6124
924
6549
2529
7909
3558
783
3766
2588
5128
4082
2011
356
5742
3108
2371
724
7715
765
7652
194
325
1625
4928
4629
5355
909
7447
7933
4149
2967
1049
3547
1313
4598
330
1143
2191
2974
2482
6641
2691
541
5237
5224
4798
2369
3848
1292
4937
613
5129
3413
4405
6783
2231
2139
7565
392
1932
40
1467
7216
5232
3467
4093
3302
6372
2123
7168
7696
7285
7661
6817
3211
325
5810
5502
1711
1463
1731
1392
6170
104
1240
4803
5851
4420
2772
5239
7023
3716
7372
7656
3554
449
45
6336
605
1366
523
1037
5547
7594
6604
7735
199
3650
4455
7451
6822
1383
631
4083
2120
346
7652
7397
2182
4975
7799
6498
5209
5706
5684
6550
2256
7977
2570
345
4034
387
1672
7625
6717
7343
4162
5312
4931
4368
5272
423
5697
7382
367
4897
165
5188
7326
2434
7061
4705
5285
7104
7436
5215
4109
2824
5469
2141
1315
7511
2247
7864
3504
2741
6770
3256
5851
1581
1935
3882
5553
3883
1975
6398
7854
1588
4612
5674
3495
7999
4068
3720
5487
61
342
2129
5803
7366
4917
3733
6786
3019
2966
7194
2502
4410
6277
4249
1538
3078
2849
4628
3799
5203
6157
3343
3210
6338
245
4702
2336
3772
5691
606
3365
3135
5401
6277
73
7118
4645
4777
1707
1571
2269
6663
2000
6981
543
1184
5871
2967
2005
5117
4514
7794
6873
5187
7569
6053
2396
2223
5293
2092
4361
2517
4235
6911
1214
1120
7552
2247
3015
4163
7196
3876
1909
1485
7694
1302
6614
3067
3186
3704
1391
806
739
2291
4746
3561
7044
4011
4591
2576
5242
2708
3175
2606
3922
4966
1662
1904
68
1994
3656
901
4249
856
2869
6877
5969
6694
2029
1868
5770
4690
6879
7202
4866
