1282
6754
5482
6656
695
5296
4631
1718
3595
2310
5464
5418
1671
1220
1679
5433
3540
4887
4193
1930
5873
2944
2904
6731
3738
1858
5206
5198
291
1147
4598
6090
955
6892
3634
6079
2741
3542
5922
6430
5660
4700
2781
3208
4097
1623
3747
1845
606
7534
848
6642
469
1978
3571
983
4200
7586
4933
4718
1711
6153
6006
3287
2191
2319
3015
504
2073
4911
4022
7883
4986
1581
2122
6743
5149
6821
822
531
896
2140
2935
1318
4481
6140
7857
1296
1610
7879
2571
1452
5707
529
2420
7459
1068
5711
6536
2632
7607
1877
7307
5038
4043
1773
3573
1086
5714
7826
5769
4166
7604
1776
6327
4373
4060
3908
4735
7452
4763
7763
6803
4991
6030
6004
4063
3904
1600
2131
1563
5363
2595
3758
2242
3437
5860
1424
867
1771
3068
6692
7475
4580
7952
4731
4283
555
4638
204
3437
5191
1839
4355
6383
1681
1632
2638
3229
2993
4092
3286
4003
297
3269
797
5635
2252
2694
4877
3337
5122
4478
1460
5793
415
2798
6839
7012
3646
1795
5138
4715
803
5726
2276
1909
1482
2265
3439
1952
5829
25
6143
1716
3283
3147
6070
366
6667
3582
4394
2604
5588
445
7186
4667
6674
1579
755
6959
1514
4531
6919
2254
5429
275
5563
746
5099
6277
2579
7777
278
6639
2303
6591
5698
6774
5562
1854
2992
522
4422
6582
262
6240
6628
5207
5394
2597
5522
975
3425
6844
2425
855
4999
5266
7863
6754
3411
686
6664
7665
4784
3748
2540
7240
2014
2050
3096
7859
1472
6392
7874
3764
1733
3170
3907
1720
281
5814
4221
2896
6140
6777
1419
4057
2174
3790
937
4533
3522
1694
6001
7418
1016
3041
648
2816
7853
3515
7564
4069
1227
773
7466
3615
2043
5676
544
4979
6233
288
6487
2280
2920
5728
3111
269
1885
7707
3499
1064
2175
1307
4372
7282
6234
1979
7876
2864
1170
5331
5212
3867
2406
1505
4887
4095
732
6353
3053
6835
90
1155
6084
7117
2939
6947
7109
188
907
5565
3262
1183
1092
6970
2977
441
209
399
3081
6902
1119
7165
2304
4765
1621
3479
7388
6850
1517
2115
1952
4578
6516
5030
205
911
2429
6220
5701
7367
7728
1457
827
4179
7909
4770
5078
5191
7422
2960
5268
3789
6160
4026
2674
7228
5114
4662
7078
824
6645
7594
1884
3528
7669
1437
6217
1471
3608
1944
4824
6135
982
284
344
4183
4711
4691
1733
4383
6628
4951
770
489
1888
6740
5349
6032
1662
5889
7691
6584
3322
3633
1776
497
5097
2062
4341
7731
5304
2573
5910
7347
4374
1292
3611
6728
6882
5279
4233
2763
7605
3064
2519
7696
4001
4438
4441
877
5560
1468
1046
7900
1396
5744
5014
1916
6582
2307
3921
147
2534
1969
7210
5740
7043
2645
36
3849
7523
6293
1582
7530
6359
6355
4677
5781
3708
228
3027
892
3106
7616
2587
5754
5449
7571
4564
3939
3102
8000
7160
1684
6519
6760
1829
5933
1077
2281
1457
3687
7026
507
2265
3067
4508
2526
7073
7633
4941
7448
127
2834
1065
1712
5370
3601
7919
3795
2111
6042
6473
346
1485
1695
5423
30
7633
7145
5594
5626
6819
1453
2995
4218
7169
280
3499
1628
3536
3942
1438
2158
276
2947
4456
1282
4174
2152
6363
340
4298
1077
2682
7166
7616
685
7812
2703
2625
3521
1088
1428
3960
6752
3487
5146
5521
6689
7138
6803
4988
7201
2526
6649
2202
1337
3054
3999
6897
6356
5076
5969
2255
4466
3201
1310
443
7288
6848
7892
4054
6142
693
6751
5989
3471
5384
960
3801
1399
2552
104
3167
2963
4681
2281
1226
5124
763
802
59
3041
5383
6510
2301
3729
6916
7371
6627
2691
1134
3964
5858
2109
6043
5691
7728
598
2243
6639
2782
6146
1952
4558
1790
4816
4357
5258
7632
5808
2627
1667
4496
4958
3796
5646
6415
5546
6991
5621
743
4511
4402
581
7309
105
5554
4731
4371
2466
810
6892
5218
3619
1857
647
6730
3330
3596
2400
3324
5774
7825
7974
5736
3725
3527
2750
2296
3584
1214
3206
827
5119
3621
507
3782
1942
7392
1429
5558
261
6690
6028
5509
416
3687
2342
7525
3396
1296
7691
7299
1972
5128
1188
891
1871
6364
6373
1948
4529
4745
6852
4773
1714
7474
4600
6079
5730
7759
199
6702
7421
3885
2000
7056
666
2009
5233
1965
3412
3810
2472
2220
3344
3647
6280
2107
5812
522
3514
3384
1266
5516
4446
5737
6862
7728
5710
4285
1165
3813
5371
1512
875
4317
468
3085
3120
590
2700
4642
1852
2133
2807
6537
501
2228
1684
6912
3827
2618
7217
1690
6323
6120
5536
4103
1316
5548
4718
7452
6287
6714
3979
1972
3279
6031
1003
7111
40
5501
5560
1571
2215
5625
2822
3756
5682
5418
105
3565
6530
1872
737
7495
4080
3500
4389
4758
2530
5213
4849
2982
6859
4829
4675
2977
6843
4846
3192
560
2714
5849
7300
2788
3007
3368
6033
5095
5867
3178
2221
5379
1613
388
1953
6028
2805
3532
2141
3624
3312
6734
5925
6088
2194
2785
7745
6089
1769
1117
6020
2884
342
3149
1490
5335
258
502
1652
4334
299
2894
4421
6108
5709
1828
4282
5844
2349
4237
6678
1839
6391
4705
226
2678
2390
3711
4986
5499
7057
2292
3524
4818
970
4311
6400
1752
7884
6713
5346
6313
7641
3253
2034
5642
4616
6352
4242
7011
2570
6073
7819
1372
6702
4695
426
2270
5764
1302
1821
75
4007
3230
7966
5031
5265
806
1635
4706
4113
477
7956
337
6755
773
6479
6290
5277
2203
2679
7112
6053
4452
2484
7517
1243
5074
3757
5769
2631
2981
7384
3973
6829
1550
624
4277
4901
2854
3482
7942
4403
282
1352
944
5578
4466
3550
40
7457
2776
5932
7665
3141
657
1067
7979
2645
7332
212
6500
575
4154
5014
5681
7454
4666
5464
7758
2020
4306
3400
4743
289
4376
2446
5585
2840
1031
5138
2272
2174
3826
4390
7918
5013
5925
6199
6657
4513
174
5270
813
7376
3425
2885
94
6699
6940
3280
5859
3471
873
5342
2797
4041
5058
4724
4820
2306
1628
6312
285
3508
7046
1566
4576
1466
2722
4737
5173
6740
6988
3467
7664
1316
5517
3027
4919
2723
4514
1212
3741
1933
6934
5560
3834
5173
2289
5983
4116
7717
4955
242
5519
4734
4608
7022
1847
3208
5898
5278
2829
2556
1188
5820
3672
6154
6245
4832
2271
5601
6582
3647
7033
7306
7591
7699
6415
5677
3925
1287
7040
408
3889
88
172
6603
7227
2038
1944
5444
2902
907
5500
5586
3208
37
136
4973
5910
2439
2628
985
1807
5552
175
3625
6348
2515
740
7946
872
669
4223
1492
825
6507
7306
5162
3317
4450
7792
2824
2265
5571
4697
3176
6117
1174
216
855
948
3655
6463
7648
485
2630
6489
2992
7336
7127
3044
6088
61
7457
7950
591
1886
6865
5625
1924
3782
1588
1923
1989
1883
2079
7627
7459
5547
5107
3196
6734
702
5412
4612
3247
5251
1349
6716
2726
3664
2680
458
7266
3940
7361
5677
4944
6020
3555
7067
409
6328
6638
423
1091
2055
3823
6275
3777
7352
6237
7638
14
5996
288
5152
2513
406
233
7128
2348
7368
2108
1095
5966
4769
3578
3482
2034
634
1026
5419
2683
1218
1852
228
312
4096
7469
4822
5960
7236
5963
1638
2741
2548
7098
327
2410
4827
6603
3319
1745
1288
5388
4596
1717
5675
3805
5075
7836
3006
4835
2256
3463
1077
4205
7065
1100
3682
7060
591
2815
5365
2363
4450
4546
3937
4500
1390
3404
5360
6971
72
2776
4738
4629
1747
4384
886
4172
4361
2028
1151
1525
2637
2150
5765
5786
7754
1211
6600
3773
5698
2547
140
1993
1093
7284
5938
2953
2846
5596
2349
5050
2134
5057
4475
4014
986
5928
7180
4963
4967
6412
3487
511
6423
1247
659
2431
7968
837
3340
5441
4876
1119
4348
7910
3397
7477
3168
4802
4777
4511
1716
2644
1642
582
4001
2724
6322
1461
2822
4740
6868
3621
139
5400
3599
4284
6865
617
1306
6258
5076
6515
1735
6037
5031
5528
7962
422
7100
3766
7057
7765
3713
3423
3825
1047
6035
1052
5719
6279
446
1021
4274
7240
3794
5492
6499
6643
840
5185
7355
5594
4491
1269
2813
4959
1318
4694
7094
2253
2479
3864
4087
3096
4702
3054
5040
4797
4741
2590
7639
703
2354
2958
829
4809
5084
5639
1373
4600
3952
2649
1381
2201
7801
7078
3789
513
5462
273
7100
6479
206
6223
2070
6951
7645
336
2455
4213
6870
3687
2685
2724
7955
5450
864
7303
1955
3815
1998
858
2440
5002
2619
2392
5067
1069
7834
1669
5890
4709
2486
2891
1800
5372
3382
5740
329
535
2467
608
7719
2380
5443
3286
4134
613
4878
4581
5820
3001
5018
3397
1183
526
7294
3587
3326
6027
3585
7197
2454
74
30
5727
1507
6300
4755
5609
1218
5532
6223
2132
3249
4722
5206
1343
388
6812
7230
5046
1339
6995
861
6399
6955
7138
7809
4466
2818
7920
1923
298
6847
645
4230
2231
4062
2489
6776
1297
2133
401
3372
7606
6845
6895
3174
5125
2471
6333
5793
3406
2957
2482
6149
7823
7239
3854
3285
6633
2279
4954
476
7714
1432
7580
6714
6868
5087
5741
1280
7769
187
2611
6531
1851
3374
5599
5081
2511
6446
981
5983
5062
6549
2473
5231
7118
5501
5474
7104
7516
3690
5088
4978
5601
6092
1659
6892
58
4503
7629
3772
138
7639
4988
5123
7810
2392
3394
6700
4813
2009
7708
6627
5683
2225
3869
3689
27
7132
2692
3599
341
1357
7091
6848
4805
3377
3519
7725
6128
2296
1002
7975
6860
76
4524
3024
2943
6433
3967
901
6805
3084
556
4117
6518
1091
5947
7012
1137
3487
226
1857
171
7589
1182
3702
1602
5467
6221
2435
7197
4850
6567
4449
3812
3769
6822
3100
680
5196
6363
1537
842
4251
5744
7517
549
2908
6756
6037
4159
4281
2645
813
6558
4086
5498
3705
7649
3756
4531
6780
3568
5516
6505
4822
3834
5913
273
3756
4180
3455
6062
1676
6464
7707
1158
6152
3219
6100
5163
624
4613
1148
7804
784
3123
1698
4100
6929
6256
614
1434
6269
964
5728
3746
2105
6988
2088
1991
4559
7593
2416
4729
5083
2984
3981
7665
5751
564
3747
2095
800
1426
7947
378
6255
3887
3576
3350
4759
3136
7123
1963
7199
7243
2022
7066
3116
2608
3437
887
1585
3198
510
4201
2583
74
1579
2858
7636
7759
198
4434
6465
993
7221
6781
3575
2876
3643
4526
6590
884
7366
4941
7807
6991
5421
1576
6775
5392
7688
3924
2909
2950
7147
3743
2263
1139
3104
6735
2019
7095
5990
1097
4574
2809
5930
2866
1382
5605
1416
3837
7429
6679
4041
4460
879
246
4504
710
950
5297
5778
6948
6621
2880
5800
6932
1371
2333
7496
7742
4946
6515
1923
3317
799
6121
6340
1926
3550
2814
6309
4583
7186
6751
1713
7238
2687
6323
4165
2804
6576
3868
3645
7762
3789
6574
5597
3659
1674
6419
5063
3384
4809
6259
2360
141
1889
6043
3021
3883
4822
5931
6667
7475
880
407
5256
514
3168
1843
7017
2619
6932
2633
6413
715
5405
2352
1895
7130
5431
3904
1926
791
6734
5935
447
545
2743
2389
4209
6680
2898
307
6109
5524
4026
7274
7446
4499
807
7830
3129
7707
3551
7650
6130
5071
2481
6944
1237
3042
2755
1958
4051
7193
5704
6617
193
1263
369
1400
7645
5416
2158
1835
5366
3688
4532
3714
2233
3215
6440
6758
5688
5973
2172
4919
1642
4309
32
7234
3991
6146
1752
2992
1210
3303
148
4242
7937
2399
6111
2639
3276
5919
477
1364
6755
1485
1887
3706
537
6255
3341
107
1424
901
3922
5522
1965
5030
4689
945
5364
6293
2429
4684
7731
3679
2530
5603
3833
7449
2961
4583
6725
7848
79
6266
2549
3222
3422
1959
1128
3379
981
6257
6993
1642
5668
3981
4090
4554
2487
3130
901
7829
751
2699
7058
2490
7401
2257
2688
7534
7491
3094
7930
1426
6461
5193
2435
4002
6401
7465
3196
7084
4735
6604
5880
1992
1043
5801
7854
4984
7301
4726
6018
5312
4449
7837
2545
1631
679
552
5349
5325
980
1354
7634
6860
1079
5517
7707
5100
2141
4846
3674
1615
2949
2732
4621
7373
1999
1295
4986
3078
7125
2355
3802
6158
6796
6056
3896
5860
7835
4095
5212
4228
2873
5069
6430
3172
2667
574
7461
273
5442
986
7418
5533
6134
6809
4243
3157
980
4026
4604
4332
5540
2714
4803
3897
2374
3184
1455
7358
6164
5063
4424
5987
1889
980
4729
1432
1915
2341
5624
4147
920
293
3060
5160
2177
2752
4232
7631
1160
1155
4547
4762
6207
452
7728
6827
29
2658
1318
3594
1625
6709
581
6363
3632
122
4397
7369
1515
4524
710
6701
2716
1916
4930
650
710
5151
7159
395
7690
3837
1828
1200
4790
51
2557
2306
4143
5793
30
3748
2477
2437
1143
2206
1955
2635
5356
6466
6906
518
1230
5365
5645
2718
1408
1712
4087
268
5018
3854
7642
137
2422
7538
4558
5203
6465
6774
5885
3994
3218
3853
3742
7747
3246
5588
1556
3779
5380
6736
3058
4322
1103
2721
6815
5671
2261
1661
754
6416
4957
1488
2960
1733
2463
7450
7665
1919
3544
4911
671
1992
7231
201
2557
1798
5608
1143
2722
1185
5596
7065
1189
7231
5754
197
2003
3028
5167
7692
2141
4481
4827
7046
6020
743
991
7003
5083
3051
1861
5627
6898
4674
982
6999
4416
7253
2094
5948
3403
568
3561
6630
7861
568
1209
4429
6900
733
2803
5350
1033
674
2616
3324
2379
5742
4369
1621
7137
3074
5121
1778
3032
7918
2771
7935
5201
3425
1072
3665
7964
7302
4948
2000
2696
542
2845
6171
3165
3318
3551
5094
1142
810
7503
4435
7511
3012
146
5656
2911
4997
2114
7760
7445
1614
1704
7005
2955
6407
1740
1909
1946
1886
4282
909
6093
4365
1030
5252
4733
1381
7439
6716
660
1398
2596
2019
7226
4888
7806
1780
84
2313
2079
7884
7599
6248
1278
5081
227
2262
3102
4994
6563
1743
6583
6788
4474
7148
1423
2501
2280
1309
4097
1600
5320
6270
6688
883
1125
2461
842
1575
3300
4797
5068
6246
233
882
3646
6039
2612
7150
3543
1462
6911
1251
2232
2376
2303
718
6026
1999
528
5467
5993
4165
1845
5804
5622
3041
4498
6401
3452
4697
3272
5149
5379
4098
5683
5580
5724
3418
4230
7863
5111
507
7414
4430
143
785
7872
5813
2078
5805
2711
3469
5319
299
4568
2398
4869
5369
131
2338
6129
7921
5672
3222
7462
2760
5754
5360
2470
1426
4160
2770
298
2095
3566
4750
1025
2431
4266
4511
6571
1549
5467
4020
827
7912
2872
7690
4762
1865
4833
4066
1260
6136
6255
2951
288
1166
5933
2382
3521
855
2238
4528
2526
7413
3541
4127
1187
5330
4429
3395
7980
4117
7962
3923
727
5966
1915
7138
2885
5494
6028
6125
4664
4652
5703
3754
3357
6394
5988
4206
5259
973
799
2541
7154
6051
2267
6400
1394
3974
4639
2313
4801
3429
388
4914
3718
290
6997
7532
1534
1186
7712
5056
4361
158
849
2172
933
4124
3802
611
2838
6103
5148
676
7046
2778
4513
5429
5292
4283
3771
6057
7418
6851
4588
7803
6400
6356
2304
5436
2284
965
4911
5755
3063
244
6155
1818
5577
1528
1570
4227
2943
3233
7739
3747
5331
1426
7157
3078
7920
6606
5251
6056
3655
5658
6478
1513
2978
6473
5204
6686
6691
7687
1382
7425
5773
6402
4364
385
5679
7422
2637
6092
7173
1065
5715
1984
7686
5572
3562
1721
869
5566
5601
3386
7901
7285
3528
1651
4744
4270
4601
4606
4571
5796
5735
2991
2719
2942
2317
7665
2223
2632
5257
4931
5649
5086
683
2572
6737
6973
3059
7943
4287
2606
7327
6581
3334
7692
995
4200
3834
843
3368
6681
1202
208
1388
4930
2425
1109
7336
3569
36
4820
64
3204
7252
6715
1720
4399
1710
5867
5649
7406
5398
7957
5681
7967
2744
971
2271
7997
7716
4343
5446
4274
1369
6494
4789
4261
3057
6237
5470
7165
587
5793
2898
6578
4453
4109
6227
4439
549
4346
563
6643
2928
371
501
1977
6209
7022
3629
6209
971
3480
7974
6225
1812
1374
1909
6478
3776
4112
2231
3770
1548
209
4359
7675
1161
6672
6457
309
764
3796
2209
272
2771
7178
4179
7281
2207
2654
6743
7532
2261
7754
150
5984
4187
850
4261
5955
3435
5686
504
4883
2773
5068
4235
4199
2029
471
2002
850
3751
3669
4150
4209
4269
131
6266
4753
6152
5204
5251
387
5213
7236
2904
3275
7286
2557
6846
1673
5467
4427
900
5886
2897
2936
1999
4449
1500
2310
1290
4359
2131
677
131
1759
5877
4081
5933
3095
3060
2819
2277
2858
5751
1301
528
6045
3684
7249
5222
5729
5195
7437
5639
3284
3951
3831
2055
2854
7410
7719
946
4937
6206
510
3352
6661
408
919
5331
3771
6686
611
709
5634
7470
925
2709
3171
444
1638
7016
5849
1549
7853
5607
1235
588
2955
7023
4650
417
3151
5168
1859
1743
3436
7631
1338
6016
2273
3214
3984
5709
2784
582
2863
7715
787
5105
6859
6323
4084
609
3537
5885
3195
4930
5516
7151
6054
4429
5453
3229
7591
288
3626
5351
1439
5369
3653
2147
7577
6691
7473
2632
108
4294
358
5073
1505
2059
4294
4971
4558
2545
463
5793
1670
3712
4089
3277
3913
7768
7978
462
2474
2490
3926
1837
3415
4558
4794
116
1890
247
837
4688
7453
3656
6362
7052
5582
807
4610
4441
185
5368
4963
5919
6962
6830
6562
7289
2008
2359
4520
7044
7657
5909
254
4245
4635
889
1440
2376
6841
3745
611
3422
7639
3174
5535
5266
6094
5770
6196
2748
5818
3845
1454
5212
837
4337
5633
6286
2528
332
7788
5347
6623
7567
2977
7449
717
6762
7601
5900
2056
478
1401
6524
916
5720
1986
7263
2987
7128
5602
1145
4105
5761
4436
1795
6590
2131
740
5020
5617
642
1463
489
737
5308
5875
7818
2277
1869
3977
6945
2011
4793
2626
6614
1626
120
5480
3640
5648
3603
3722
2044
5588
3534
7162
3925
5660
3639
846
5479
16
6530
7986
2645
4187
6982
2322
7933
4607
6630
4303
4590
7479
7057
225
7734
4914
4812
1050
6975
6292
2297
5394
2481
1603
1978
50
3555
5677
2673
4521
1017
4143
1264
6160
2988
7553
2475
5246
7576
2884
5545
6420
6137
7202
4236
5184
4450
7900
2341
3329
873
5369
4112
191
5051
208
6755
1606
543
1696
7251
3324
29
7382
5690
108
3898
2452
6515
2551
3996
7470
4553
7291
2295
7273
7966
1347
5430
5650
2293
6201
6618
4772
5997
2217
7515
4208
113
7760
4754
2551
1014
5002
417
199
6435
5095
4732
2852
5488
3264
2513
6723
5110
1439
368
1908
457
3031
23
7396
6989
7702
1353
2111
6050
4234
4880
5868
659
5386
7727
2399
4257
1412
7578
3359
3082
6748
7594
2504
2548
7287
1619
7113
5978
2407
5336
2335
4845
2481
331
6880
6168
2759
5065
2484
4811
2580
4930
7527
3558
5027
6393
505
7918
6567
1765
6005
6785
4653
5462
7557
4282
4264
4554
5126
3576
3775
484
3577
4819
4122
4386
3573
1118
5796
1566
5655
5218
1686
4983
2679
4501
2153
736
5087
6905
5586
2331
1857
3500
575
4764
3031
2726
1146
7998
7702
7294
4888
6515
3484
4921
5544
2081
7305
7609
7203
2447
1438
2656
7182
6777
946
1614
2013
3487
947
6070
7899
3239
4764
7139
2748
79
5617
7571
4606
330
4983
4760
4424
5648
1534
6166
1134
2303
1668
4767
37
6048
5037
1334
4008
1623
6694
4049
7091
6284
6471
928
767
6291
2478
701
326
1998
7833
1033
4988
2895
7015
6893
3575
1514
5403
3367
1604
4648
4891
1682
4471
506
6743
568
893
1226
280
846
7429
4364
3098
3190
6034
7686
2178
4181
2356
5914
7736
3233
2735
5890
1331
1248
4991
2749
5062
2447
7317
1619
4413
7621
6597
4979
3534
593
3920
4978
3132
2797
4399
669
7898
1729
2227
1324
6888
3959
5249
1768
3151
6887
43
2422
4884
7605
6686
5306
3149
3640
4170
1140
4987
2939
3270
819
2774
1587
2699
2649
1093
1036
3201
3889
4827
5589
1336
1921
7626
7584
7775
193
4498
3539
2677
3856
1371
5526
7748
1925
2597
4892
7079
3784
3638
7369
1265
2937
5939
6578
6641
5566
3485
6369
5950
2712
7002
1925
7170
1820
2327
1009
7589
7624
5977
4215
5354
7461
5461
7029
151
1694
3714
5209
6317
5165
4987
6801
3359
462
3979
17
595
2601
425
7410
5082
6750
2790
6028
3389
31
7369
2212
7881
3511
2823
3922
7090
3437
1778
3062
3775
6827
2645
2544
4476
6628
1021
5135
3257
5122
4219
3972
4742
5885
2667
2554
906
859
423
7761
3428
3040
2940
1106
4228
7026
6661
3179
881
5280
5281
2728
7145
7694
7811
4385
1455
3135
5033
4057
2190
4202
7574
6613
1061
3907
5199
7151
4650
6158
288
7885
5126
4911
2987
3584
7405
1894
2604
1847
5051
3715
891
1961
3621
7098
5317
5207
6433
2568
3240
2927
2248
4560
829
1818
5110
3618
6278
4276
6322
6213
5601
5439
5220
5635
814
767
2820
2119
6042
4154
5659
6223
568
7629
3182
4726
3517
169
4622
3644
3808
2433
2401
4615
4848
7067
2754
5406
5174
1781
3349
2743
1194
2774
1943
7329
7301
2788
3788
7965
3675
6074
1032
5385
2541
7244
3007
5117
3457
535
2051
4688
1969
2149
352
6511
1312
3072
6430
6867
1
3664
531
3867
6339
5552
1426
4537
3458
4809
4381
7785
4495
2464
3492
4962
1817
1546
2262
5149
5524
229
4404
780
6196
5270
4467
5120
5134
4525
4184
7156
1389
3749
3727
7700
4525
3043
4036
5161
4760
407
1684
1792
116
7673
6570
6766
456
7333
468
6695
1504
7593
545
7675
266
6526
7760
3010
6870
7096
956
5021
2890
4318
6691
4089
4753
6173
144
7712
6432
3311
4506
1032
2761
7285
3813
6227
6975
1831
6804
5909
4567
4407
4917
1509
2961
4917
5442
3104
3471
7064
3558
5630
718
1451
4013
3465
3343
7144
1117
4835
5034
3416
7131
2700
3447
430
2129
6703
6901
4251
5615
6895
4418
6562
2402
6920
5655
6998
2284
351
4722
6723
4171
7356
5292
5988
6447
5212
5371
1388
4447
7632
1616
7176
5744
7911
7192
1796
7258
1914
3652
4337
5385
637
1242
6642
1755
7279
1028
234
2939
3553
3568
6075
5336
3586
338
2213
6557
1708
1904
5918
3299
1173
5477
6559
5574
2513
3370
1908
6014
5166
4772
4206
3817
1257
5214
6705
4848
3265
1832
2277
4859
4309
7184
6426
3832
45
6139
6606
5871
6245
1347
2063
7641
1373
6970
501
5553
2568
7152
7872
2238
2197
719
7684
292
3488
4507
5441
4248
5479
3003
5363
4984
5733
7823
5998
2171
4087
1149
3406
5700
7156
876
5626
4766
1580
2480
564
261
988
2980
5411
4591
649
3903
4792
435
828
1804
6278
561
2784
2443
3460
1173
2191
5813
414
18
352
2864
6719
5560
1007
617
1365
1755
2481
6697
3426
3998
5464
922
7585
1468
7899
6423
853
1812
6429
1003
1423
3460
1310
7700
3106
7250
6570
5761
4589
980
7755
2525
2596
6497
7487
6116
996
6427
1533
5535
1318
7847
1176
7561
2359
2917
523
1212
1797
390
477
2832
2943
5543
7040
5820
6675
6942
1138
5395
310
2938
4877
765
1379
6762
5091
6496
124
3829
6524
183
3740
5608
5366
4728
4690
5727
4160
5138
6045
2629
7800
6537
5143
5565
6537
6073
4617
4378
2121
3477
605
3286
7539
4854
1081
309
3040
89
7240
6036
562
7281
4455
1200
95
2620
5716
7840
883
2907
2718
6935
4145
4359
5299
7696
5580
4513
6199
1132
3581
7159
2489
6366
2795
1251
5397
3064
5703
1867
1563
2943
1565
5611
4529
7357
5582
2928
6761
4645
4165
184
5064
3926
5014
6564
5095
1319
4919
3729
7697
7830
7300
3332
1807
3214
1899
994
641
5601
7707
6035
5312
1756
5951
7724
2564
6187
1281
7062
31
7406
1296
6066
6559
365
3363
3994
3484
923
4444
3639
7783
6959
2555
1241
609
3162
1389
1939
4672
5292
1747
3771
526
6418
3603
4605
570
2780
3802
4631
6536
971
4967
4586
1836
578
4023
6846
1952
4935
1642
1863
4452
3971
6334
7414
1536
4717
7820
6087
6496
4684
7190
2133
149
3501
2471
21
3757
5126
5429
3179
1808
4555
5537
1241
4453
6396
954
5201
4064
411
3824
2309
5024
1821
2200
4651
7556
187
5322
4667
969
6732
493
6238
6229
1070
5810
4393
2451
1053
1045
2130
2563
6972
4761
203
2302
2005
6226
4853
298
4306
7550
7110
6978
3046
2675
5804
880
1605
7202
6130
606
6527
3441
3916
7639
1689
1399
1817
2868
5573
7526
5899
5288
7940
7664
3527
7813
470
5322
4021
3553
4555
3734
2304
6553
773
994
598
4898
2767
1186
1559
394
6294
7144
2303
6098
3143
19
4078
7787
6865
2027
1746
4409
45
7718
1190
4736
2018
6497
5798
7732
3707
956
6122
5022
4746
3340
373
4847
2451
7851
689
6952
867
7722
1830
5810
3447
7486
5561
6396
2430
5488
2284
3501
2634
262
5743
2628
56
768
2164
6759
2438
6711
4681
7266
7308
5988
5863
1504
2332
6237
276
807
1900
1899
2272
7212
6961
2344
1504
6932
4308
5062
3769
606
632
3146
7838
5415
938
11
4364
2510
1599
5763
5546
4121
2181
4287
3439
839
1376
334
2526
1286
7399
7387
2049
2722
752
1994
2877
3367
2879
6021
6528
1092
5328
2610
4103
7540
764
4012
7899
7405
6332
3175
6689
5081
1525
1649
3056
7153
728
5297
1872
1324
2031
2716
782
5829
2962
2422
1526
573
860
7629
3051
7943
5509
5356
7479
5225
6088
2989
7827
5721
1063
1042
6041
6521
6321
6792
4396
7372
4432
2787
1314
2366
7380
7155
1826
5529
3626
7438
5283
75
6611
4211
5217
1751
1343
3342
1961
2629
2294
5350
1525
7522
4581
3873
1919
7573
6268
3484
700
7238
2823
3219
200
5377
344
1803
3067
3192
1948
2672
2438
5224
3590
1833
459
5321
2940
6761
5711
4871
6827
2322
1573
7446
1283
6609
1734
4854
4097
3576
2371
6169
2089
2017
5569
2540
2963
4009
1931
7626
2921
3064
6894
2146
7091
214
5109
447
552
92
1362
4185
6958
3431
1401
7183
7657
5477
516
93
7359
7087
790
1937
1741
5049
4929
4342
2364
5726
6426
6411
5222
4677
1467
5918
7056
7068
2989
6055
1835
6060
1838
5333
4439
3126
6659
2920
3455
3485
6612
5659
4765
6946
1255
6363
2413
3578
6070
3306
4896
6894
7875
4910
466
2988
4919
1264
7043
6104
4815
5888
6460
1732
5900
385
373
6992
2592
7514
2908
767
2659
6120
5046
7025
1729
4439
1187
6757
5084
2262
5727
6004
5656
6041
2775
4331
3051
5781
7390
1401
1634
694
2655
418
1476
6441
5655
4100
1013
6266
4000
5087
2890
3977
6240
5200
7222
2279
6544
5515
4066
345
3707
7900
551
4280
5556
1454
3628
3470
6621
5506
4959
3221
6650
7429
6824
6397
4356
2618
4836
473
7034
2210
5433
6292
4067
1525
2164
2537
4272
2450
6685
2619
3332
6804
2136
7295
7340
4576
6496
6747
1506
3479
6698
3589
3674
4150
6504
4929
3326
4002
2679
1962
5936
501
4832
1006
4634
5093
4959
680
4319
1370
3772
872
4193
5128
640
3757
6455
1424
5730
12
559
1771
1644
4329
1680
4239
487
6038
7579
2163
2005
4087
3878
985
5865
6613
5222
641
4009
5512
4872
3037
1974
2334
7651
1421
816
122
1013
2178
377
2942
3656
192
1951
3176
1729
7169
2488
4565
5043
1306
3637
6570
4747
7206
3477
5993
2845
4464
6737
2296
4272
7572
210
1852
4150
7257
5326
7117
7843
5385
6507
1718
26
7344
539
4783
7835
821
4211
1033
1152
4306
4090
1665
1863
1016
5942
1225
1494
2874
4089
786
2389
155
4615
7245
3671
6726
4975
5543
6224
1254
3393
1577
6164
7353
3035
1678
1304
6782
1687
1585
333
6064
2117
6804
3463
4567
6316
6888
5559
2870
5183
4629
2198
3094
6440
2391
2962
2191
1528
4314
7655
3256
2058
5782
5318
2189
5342
5381
5595
1579
2193
1758
7659
1200
6738
3670
988
5752
285
4534
6941
6912
3513
1485
6676
2464
3796
5677
4458
82
5438
1053
4350
4356
3101
205
1832
733
3332
1965
4726
6334
5393
3900
4009
407
4426
2338
4906
495
1806
4095
4958
2142
2987
146
554
4492
2424
4647
4319
4045
556
5410
7916
818
2894
5790
3925
1239
2360
4493
2020
2689
452
983
5620
7869
6512
2262
1313
1908
6442
4686
1818
3817
4390
3606
6735
4207
7015
5447
5009
4701
1032
2265
3779
7852
848
5916
1097
918
819
5130
1701
7839
1191
5889
3797
2049
6743
2614
1288
7221
528
1720
3136
5759
1718
4424
5139
7616
2328
5838
689
821
593
5283
2897
306
4692
7023
6142
6893
820
6318
6569
2687
1394
2196
1974
117
4562
6544
1812
6711
1154
2173
7625
1193
7457
6200
3236
3320
3935
7620
2682
5563
6575
2053
2994
7139
4428
5300
3557
2202
4069
1189
958
4952
1035
3724
768
4851
287
372
327
2628
474
686
1121
2904
398
5309
4367
470
7901
7527
7127
875
201
13
6854
2881
1719
2494
4062
5665
6880
1653
5090
3964
3496
6550
2897
968
4788
3929
4713
4407
3683
4750
6614
7200
6681
4520
4924
6501
6924
2604
5099
1957
2618
3049
1489
3723
999
1829
5109
3996
3492
4144
7828
2527
