1992
1361
3777
7130
1803
125
5375
6878
3859
84
4020
685
4463
6261
209
4829
4129
7104
750
6698
760
6063
2350
5171
2045
4398
497
7855
2281
1116
1360
2295
5369
7388
856
6979
7396
3232
5510
5744
6444
692
4894
3014
7749
436
358
6325
2560
1404
579
1200
1614
3852
4541
4265
1886
2280
1957
4881
7109
3628
2528
5765
7812
4377
5139
5968
2017
3060
1664
7818
3595
3399
5850
3228
3184
2516
3040
6372
7125
7454
6001
4868
4378
6545
3467
4497
6080
6602
2220
5667
3898
3519
3341
6107
5966
5958
3212
3631
1813
1119
609
4719
3559
4993
2692
6379
5114
5856
2439
6046
1276
840
5323
5706
6166
3698
7395
3226
1934
4555
7083
7495
906
6727
5889
3644
5012
7432
212
2625
3150
2989
1021
3183
6485
4214
6259
7394
1467
7108
6201
2574
7470
2358
4457
1189
5365
5931
7123
6488
4269
5575
6691
3124
2889
2936
3834
4753
406
6058
1292
4830
7922
5266
7751
2195
5326
2414
4618
1272
6928
4137
5402
6621
3859
4041
807
3831
4494
5279
5258
4072
1884
1658
4520
1484
3887
5402
5225
521
6635
1925
3718
4181
7901
614
702
7124
3991
3660
882
2624
5168
3792
3051
1325
296
3673
3099
5200
5454
3318
792
4943
1661
2868
6353
1415
4148
6634
5503
4665
3483
1773
2806
2552
565
6985
1319
7655
833
4673
6309
2191
4939
4125
5184
5612
6042
7358
1961
4287
7883
3059
4722
302
4508
7288
6088
5024
2447
5813
6056
2392
2258
6876
130
6775
6686
4616
1761
6446
1171
3052
178
6905
5782
7309
4542
5820
1048
4389
5639
1528
357
5347
3476
5514
5490
1769
1714
4347
1460
4333
7887
5071
2714
4556
3203
6660
3131
947
5727
5144
266
4815
478
1310
1427
7392
3283
5732
379
6282
6492
6964
4661
4827
5585
4606
6107
7091
3233
6913
4882
5245
6961
2298
3138
4710
1297
7935
7229
6505
3047
796
7475
6588
6144
6143
6872
2299
6299
75
3954
711
3628
726
2377
4725
7415
7951
4083
4582
2444
7360
919
6432
4626
578
4117
3297
680
2207
317
4971
7545
2525
6117
5996
4790
348
2141
3617
4730
63
5041
3967
4528
3113
7891
1282
2041
7501
1954
6629
7780
4337
3579
1982
4150
7320
6450
6968
612
1312
210
4229
1947
5149
7298
4754
1575
2358
5400
6450
4264
3142
7186
2428
8000
1084
2975
1984
2377
7106
6793
5829
1500
3415
6132
4911
3953
4991
6031
942
6758
3044
1493
3805
5421
3370
3743
977
1022
3647
5124
6546
5554
7901
250
5459
2087
3117
7192
2725
3899
2230
1110
2299
3311
3180
4853
931
5599
7456
4766
761
1150
6892
7428
6346
4777
577
660
267
2123
3174
2291
2515
5125
4866
1832
1035
189
5343
6510
4123
316
4390
4231
6579
2724
1832
5119
6628
7221
5803
2221
1429
473
4300
5508
3987
7232
1112
3387
5403
5140
5327
6565
6379
6878
5171
4038
5821
7944
5728
84
4272
937
4038
6852
265
7038
3648
4551
5106
3133
1865
1227
4982
4276
6043
5622
3482
2224
1540
6276
4137
5726
3267
6631
1739
315
761
7469
4237
2827
5126
2160
4012
2726
5522
4590
896
5020
1299
5418
785
145
7597
2864
4800
66
3588
1936
6105
1616
1165
2069
1863
1122
5129
452
662
5350
7787
1887
2092
4194
6394
865
7418
4630
6557
4484
2363
1484
723
1602
710
7609
7144
7390
6632
2274
4373
4502
7293
1
6377
3272
65
241
1084
936
511
1870
4208
4756
3225
987
3775
2193
6514
461
1627
7268
6723
2330
6231
4046
7810
998
2604
2309
3662
5645
5711
5298
4878
5457
794
4957
2112
4443
6033
4067
961
5256
5313
4243
284
5854
7948
5304
2014
5301
2523
4999
4729
7761
1820
7855
4205
4021
1367
1150
1603
7940
4809
4609
1112
3885
7615
4001
7390
6044
3130
1096
7023
2620
4802
3799
6647
729
3143
2536
5856
357
817
929
1253
5616
376
2255
1071
2547
1203
5252
742
5247
2299
6557
5734
4195
6984
1202
3718
7316
3204
335
1599
1153
3847
6624
4243
905
2753
5674
5259
1257
4834
523
3915
4538
1292
849
167
1978
2262
2360
382
3687
2152
5232
4545
1085
2723
7028
5820
6814
4638
3284
3571
7555
3301
2722
872
5004
7417
3281
5530
1419
438
236
40
7933
5895
6202
1259
5047
6644
4821
1357
1836
4597
1566
5420
572
5730
2448
733
1823
4432
175
4896
763
1725
6337
5583
7130
564
3555
2685
5341
5288
1489
7511
1036
2205
5535
4864
6206
6310
1718
2064
6674
5127
772
7484
468
7498
1473
3951
4902
2812
6805
5909
2469
5246
7393
7371
5062
3215
4259
3888
1523
7087
7698
3474
5875
7198
6725
5889
1193
5459
2744
5228
3778
5566
4444
6925
931
1655
1442
1698
1397
5761
7250
739
232
7601
302
3117
963
4115
6837
149
6525
6944
6622
154
4599
804
5520
7274
3075
892
7581
2589
5358
3848
6280
191
3330
4670
6711
7939
802
7558
5245
6856
7468
105
6438
3987
5194
3806
2725
2192
7781
3393
4560
1420
3214
6221
2230
6370
740
6087
4706
852
1301
5133
4503
4717
3380
4795
4445
4712
1070
562
1473
2755
2405
543
4206
4546
2752
6299
175
960
2651
2325
485
2296
1846
5664
4358
1217
3467
522
1002
430
548
697
6222
7666
7940
7019
3374
6564
7588
341
5946
2696
7357
181
5279
5418
209
7799
3951
7289
2870
3600
2367
4256
572
7006
6291
1118
6022
2044
3281
6615
820
7104
1986
1271
5556
2482
1835
3692
6618
7037
7115
2857
881
4692
7568
5094
429
1884
5675
7855
4534
5839
5355
7018
6763
4971
6100
327
6613
7147
2453
7331
7470
7972
866
5574
4107
5125
2906
7074
1762
66
3915
1399
1154
5744
3703
2725
3069
2761
5991
1143
1750
1406
4331
428
361
3225
6280
379
178
194
5153
7818
5805
5176
6851
2285
7347
3722
7747
1488
7405
4018
6851
1940
2424
1278
1159
7449
6656
5321
7035
7738
742
1644
4309
7775
2748
3000
5338
7815
3520
4218
7152
7877
6336
4024
6697
7169
5680
6077
1412
5382
3233
6750
1330
1950
6733
3764
6420
7294
1935
3499
506
3121
3999
2479
2931
6553
1303
2262
3467
7919
6142
6109
345
1313
1215
7705
4057
1982
6098
6760
3934
7721
614
7261
5451
4309
6612
6908
7219
2522
4422
7013
2207
7349
711
2196
5388
4494
528
628
432
7365
256
3654
3981
3570
4558
2672
2085
2303
6525
6231
1663
4400
6469
7660
5076
2603
5718
6147
4518
1416
7077
1505
3261
5794
2809
1454
7610
4729
6856
2771
3982
7308
3376
2437
7145
3856
1997
1193
2133
1133
3630
5247
3897
7475
74
663
4910
4768
7575
3723
7412
568
511
7404
6180
662
6448
1086
3868
2186
1249
4331
3243
7187
6738
3897
2972
2677
5120
6267
981
6991
6512
2616
4039
1304
6839
6371
7613
3479
1141
112
4710
2469
875
7790
4495
155
233
1226
6442
5352
2856
3810
4577
6756
7941
203
5773
3704
2769
3285
402
329
7684
6658
3694
5398
2070
6792
7936
5312
3047
1701
1459
6175
5519
4366
4249
264
6664
5726
1722
2889
1216
6774
5901
3866
6496
2225
617
7368
2299
126
7248
5861
6134
6425
7136
2675
4336
3327
5798
227
3735
3591
274
5730
4909
6771
4697
2598
2990
1590
7276
3426
789
5512
622
6188
3539
220
6077
1671
4531
876
7641
5892
2594
1928
3791
4192
949
5437
6379
652
575
5634
3595
2095
5261
6319
3583
6624
5766
7055
1096
5851
7818
7215
2128
698
5552
7530
5618
4137
1707
6292
1819
6913
3863
4823
3585
7682
627
345
5858
5540
3682
458
3870
5973
1820
1325
147
5600
5213
7049
2953
7937
2628
5650
4508
5031
5033
4990
6522
5913
7505
4567
5424
5226
6374
6299
6517
4275
4851
2296
1143
6431
4996
5975
1764
7345
3040
2133
5558
6115
1920
2094
7855
7501
6260
7971
4824
2656
7637
7431
1695
4969
2034
7458
7293
5373
6479
3400
42
1363
520
7540
3872
41
1034
4289
6946
310
6585
2884
5854
2728
6378
6700
3591
5659
3241
587
4574
2990
6321
1693
4407
5925
439
3674
4878
4187
6049
2295
4868
351
4533
1564
2416
6288
1316
1544
959
2642
3754
1558
6226
4271
502
2853
3854
3354
3826
3075
4151
4000
3568
6790
5184
7287
5498
2730
3155
3913
5681
6976
1113
2062
3690
7968
6108
171
4077
4603
4294
2877
7966
6925
5824
1020
5335
6758
1303
429
4866
6024
6685
2475
5587
4692
652
5840
3454
5376
7793
5816
3319
6568
744
1684
5481
6680
1642
7341
7319
3043
287
7269
5731
1483
5843
4435
6766
465
5763
264
4212
692
3721
5706
6291
326
868
4266
3774
956
195
1859
6937
1817
2048
1813
311
6796
7204
7164
784
6130
1163
1515
5408
6906
5986
5689
1441
5162
1116
2273
5515
4539
5631
6798
5659
3517
1647
2860
4452
5460
4652
7145
7399
6979
7073
4197
3185
5050
551
7889
869
4002
1101
3710
2743
148
2106
477
4467
7763
1416
662
368
1448
7767
1650
3332
1416
6442
6089
4942
3795
2171
1625
1598
225
558
4464
3
1277
3056
964
6121
1600
2352
2129
6283
935
996
4327
249
1825
4775
4686
5295
1848
6991
2504
4726
3605
7561
3205
5036
6055
5182
322
2819
27
5713
2936
725
7881
866
7441
6566
3237
3929
5041
588
6265
4746
6793
7595
2091
2825
2361
2649
5764
2708
4960
4982
2793
5591
6408
1240
1897
2422
6727
4763
2290
6680
1608
951
5504
4641
7782
3487
5129
2908
5522
5773
4523
3515
1467
6118
3369
1563
3461
1111
2749
5808
3633
7948
4189
7022
1905
2179
2546
642
220
5237
962
6203
6807
1570
2574
3723
7933
2082
2735
6932
3944
1093
3268
1488
3828
622
4656
5512
3710
2169
1759
2398
7879
5364
1363
5572
3754
7905
6216
1471
642
1682
7477
6006
1081
3790
7090
138
6116
779
165
2265
5356
2176
55
3198
5770
1011
410
5321
927
4016
2107
6504
2515
4726
5020
1308
799
5428
6443
1106
4147
454
7977
3175
7541
4631
4122
325
6409
4664
5239
6045
7148
556
7500
1221
225
7112
2740
7133
4470
161
7533
7251
393
2775
5888
1056
5526
541
969
1878
6496
3749
6358
4241
4536
5467
5786
4007
667
3461
4326
410
7887
5287
3425
6106
6207
858
5343
7856
7020
907
3522
6111
6592
3573
3644
7904
6390
7162
412
4528
566
5868
5771
7282
6690
3619
2680
2133
4313
2988
3960
5107
3541
5636
5464
225
2627
3879
7841
3996
6414
3665
1555
6561
6988
5175
1783
3113
3500
1213
6787
6738
7679
2291
3017
4191
189
7983
5233
2080
6233
1386
83
7276
2137
7748
3599
353
5951
6900
5032
3462
7496
1692
3744
3551
453
4760
5051
2723
6451
2108
4517
1335
3251
5705
5345
3113
2597
384
2535
2326
3904
2856
6555
4609
4371
4729
1596
1858
4553
3414
2535
2498
7142
5752
1870
5949
6740
7822
7329
1614
1165
6226
435
1735
822
1503
7183
5102
7576
6885
847
6222
3378
2563
1326
2045
176
4717
1165
3393
1273
671
3614
621
2353
6502
1214
6478
2848
1614
4642
5264
7144
214
6124
7218
6134
5578
5971
7959
434
3045
4188
6435
1544
6923
1619
3425
1666
169
7246
3704
615
5947
234
4424
3661
3325
7063
7593
2222
7683
5688
3245
2906
2500
1860
5746
2132
1785
3171
1265
3290
2825
3385
2948
1822
5684
3527
3702
6759
4423
199
4662
4267
7441
4159
1480
7610
6556
1740
1825
6247
3201
6866
3328
5130
5179
3606
4175
3067
6551
5361
3415
2382
7327
7789
7843
2379
6509
1790
6353
3778
5380
7339
3424
2584
6471
7830
295
4838
5911
3854
4368
7480
4156
685
5519
5933
5030
4895
7657
7187
7581
1907
3104
3091
4053
3714
5335
7236
6670
7637
7948
7708
1770
5460
1310
3597
7001
2778
5697
7254
4565
5230
2493
7403
7071
3959
4501
6269
5712
5082
2994
6680
2932
2482
7748
5049
5081
558
5184
7039
4124
4471
4287
4642
2253
6106
7905
5509
7724
5826
5094
4055
1515
3986
5585
4036
4900
6574
500
3432
6923
3626
5673
2231
1278
7336
7003
1807
2874
3538
1422
2056
3994
3208
3074
1042
4199
1049
3753
4287
1733
215
6046
686
7600
6214
1786
4490
7452
5187
3783
4857
4993
6931
2927
3253
7932
7318
5766
1966
2851
3072
7424
1968
2603
4063
6923
5356
2151
505
1586
3193
3988
5628
556
1656
569
7376
1437
4742
6020
5027
6119
4532
3802
7010
4812
293
2830
4213
1394
2409
5933
4511
6740
7158
1364
7759
477
309
292
3995
1535
6133
4821
7047
1499
3233
7676
4401
6068
2198
7299
6472
7716
6162
2219
198
326
2269
2343
857
2369
6238
1148
6840
5588
775
6224
1841
4891
7658
7828
6145
3230
2079
642
2839
3316
6803
2937
5063
6918
1268
5448
2859
3125
4547
3942
5971
2913
5350
248
2545
7387
1835
6722
7636
1187
971
4394
3509
2477
4308
2601
5009
3814
7307
4511
142
7108
5754
718
2523
3453
2412
1295
6019
108
763
3686
7484
7532
2925
2439
3972
1369
3379
729
414
460
1597
5339
7195
7332
1116
978
2241
5012
5685
1714
7590
2875
2404
1487
7279
3077
4086
77
7462
6023
7331
3332
7855
1728
655
1730
2140
4600
7309
3807
3214
3673
4170
8000
1997
4971
2176
6994
7169
2795
7105
6475
3194
178
6338
1059
5691
5712
3553
2534
6261
4392
7649
2359
3693
5283
7276
4306
4706
4725
2261
6660
485
6236
2096
5044
1983
5694
2882
5382
3573
5690
4317
7384
7147
6274
1226
5044
4453
5768
7751
2187
1693
146
5926
1329
7099
1485
401
2262
163
935
102
7449
92
3200
2604
3489
6077
159
7927
6033
1347
7058
3474
6771
1991
7637
3817
340
1022
786
4969
1256
7071
3150
7678
3868
2887
3360
4261
3650
2178
281
4607
833
3252
291
3212
3777
6768
6556
7678
4795
2880
6600
6631
361
6151
3179
2237
5576
4067
4990
2951
1186
5511
3427
7092
544
5849
1320
511
5737
1494
4104
4576
5661
5324
5921
5164
3116
4910
2961
5876
2783
3987
4287
6699
2592
7475
2343
7624
99
3368
3797
6601
6519
7841
2924
5401
4966
2275
2932
5766
3006
7327
3706
82
4156
7662
5995
3112
6674
4478
6904
6193
43
4347
4184
5931
525
6234
2326
913
7756
1403
6343
5961
1981
5239
4856
7123
3196
1227
5293
5255
125
639
3723
2102
1401
6600
1483
2848
7023
3959
6370
4121
624
1276
7621
2748
7107
6369
7144
2518
6638
3311
115
7737
7074
6631
7025
5952
4505
4980
3044
3065
427
1570
3642
7282
7641
4148
6269
2135
6582
1458
3881
5938
1841
1744
7979
3258
6410
6532
1475
2211
1178
6870
3633
125
4548
5732
6982
6970
3224
6821
7628
7987
5538
1444
3184
155
1896
3671
2167
1266
5228
4737
6277
1872
6840
3974
1834
6527
432
6598
688
4346
2169
3493
3646
4409
7650
5914
2557
3051
6304
1582
6211
6427
2049
2499
427
1595
7401
4781
5471
5640
7618
3295
128
3093
3351
2946
1702
2125
6943
5015
2326
3889
6121
1227
635
717
7499
4005
7733
1166
6157
6424
7590
3001
7211
2890
5371
878
5644
7308
6859
3295
1768
1913
1840
5345
7469
2303
5124
3809
6494
4580
5085
4103
1200
4276
166
6769
620
3242
7338
1286
2607
1547
5982
6644
6472
4998
3022
3436
7890
3839
6665
4744
6629
5753
4803
3278
1995
5386
2756
188
6525
66
3661
2080
5291
1347
5654
7674
1397
6668
110
3863
5281
7342
6745
3813
1337
1894
4333
5914
191
5834
5211
5537
2099
3945
739
4460
4140
5199
830
6031
303
6344
4842
1901
3993
5541
3442
702
3194
165
148
1627
1680
6799
5882
3841
6873
6493
4243
4796
3535
7792
1045
1420
7716
7805
2707
3364
3999
1319
2741
3871
7496
3129
6067
7000
48
7912
6601
2071
1078
7556
673
5811
1355
6966
5047
2802
6187
5164
2779
3423
1462
6303
984
5924
1067
1894
1969
4969
5231
6954
1103
6824
6364
7671
5082
2533
6858
3971
2624
468
7408
12
495
98
4559
307
1260
2408
2592
2303
4832
1433
6922
4719
6553
5267
4392
211
2048
7283
2990
1710
663
1238
6110
4224
3326
2175
3281
3605
5882
2245
5551
3870
7397
3139
6417
3357
1243
1786
1563
6465
805
2340
6653
1931
7645
6362
325
3720
4469
5569
3732
5497
7440
6395
7039
7433
6671
5908
5793
4495
5263
1530
7432
6721
7381
5616
2303
2703
1707
684
4306
6779
3132
3677
6482
7828
5704
3403
4076
5168
5175
7561
5791
502
5914
1311
3468
5837
1370
5312
5500
4498
6206
4283
1263
5195
2523
2351
1481
437
4958
2315
510
5775
1181
150
139
5920
5092
470
1289
2985
7198
6018
6742
7311
118
2851
5689
5201
5988
727
7454
4683
7252
989
790
6140
7761
5454
267
4969
5740
3247
2766
356
6920
7228
2953
2335
2637
4122
4705
4182
7894
2252
3937
1948
2221
6054
2779
3908
2616
3064
7645
1478
4539
5862
6789
5805
4237
6227
946
4537
1160
3252
804
2461
2010
6594
1663
690
1152
1388
6895
4562
7898
4607
2013
2036
7880
1601
564
6346
5094
7418
947
7768
5532
4917
6947
5551
4422
3832
3132
1567
5790
7483
1694
3933
5502
6116
2483
5005
5139
2945
405
7782
7908
468
3454
6440
4194
768
3997
5984
3386
3405
65
673
353
4660
4540
239
7313
7617
930
1026
7303
210
7322
2507
2002
5476
3322
4783
2170
6985
1093
502
1384
4696
5830
1280
1899
2847
1747
5150
2905
2372
4422
4247
6057
4593
393
1016
7290
5780
345
3466
2422
3842
5392
6301
2501
606
7109
1807
7763
4164
3816
6292
5444
3371
3378
6909
5862
7040
6051
4669
7165
2376
1602
6765
5220
5643
5478
7582
5706
7733
7397
5109
2146
3518
4233
4861
1698
848
2309
7578
920
62
615
1360
6830
4978
7219
1417
3073
2138
7152
3789
4363
4733
1588
2410
7438
570
842
7950
6791
6084
2199
367
391
3189
824
7537
6222
6664
2825
496
7072
1067
4043
2898
6443
6500
7363
7227
7230
292
3755
5665
4453
2388
5045
4848
2768
2932
7363
4830
601
3320
1103
3773
3535
1375
3948
1909
3821
3380
2236
1965
6365
2375
4199
1790
4161
3599
7538
7652
7670
4528
3006
5233
6753
2657
338
2347
4444
3430
7152
5175
4808
7595
3824
3118
7699
5183
1503
491
5441
6679
5657
4993
6559
6319
3426
5101
5759
3187
5815
481
7823
1952
2750
5572
6680
5351
6745
2775
6248
7817
2640
6833
1389
912
7672
3877
2935
7050
7759
6765
5180
693
1255
4790
5608
5473
6779
5175
7870
2271
3144
4554
7289
5213
7420
924
2637
1764
723
6899
5241
1351
4332
5595
4288
7373
1440
4728
120
2186
2023
1024
3928
7083
503
5618
570
3770
7968
666
5894
2750
2481
654
6528
5499
5256
4531
1587
6532
31
3333
4134
7234
7240
4217
5637
6921
5500
2707
470
4390
1065
406
4133
1257
5930
2560
2754
2545
564
5612
6792
6850
7801
4887
2338
2098
5456
2452
7065
7783
1916
5259
6622
7395
7079
1827
5813
1634
4364
3496
2
4714
7559
614
3780
427
1614
1147
4598
4576
3667
6464
2652
5555
4083
1451
4753
7633
5425
1645
2257
5355
4122
4183
3820
2990
1113
3624
7844
3873
103
4126
4300
6562
1519
7499
6927
733
1259
4757
4610
7731
7241
4745
3752
4789
6000
1710
5802
3925
1543
3304
3736
1678
6334
6277
7191
3969
2170
4052
1711
591
3983
7466
3970
1241
2515
7229
4015
4391
5594
5056
770
2665
1197
1971
3672
429
7284
1874
3157
293
1707
1915
1751
5515
582
3594
7148
5488
5289
4673
944
6087
4095
3422
1039
899
1387
4797
6569
7228
7580
298
336
5342
7747
1906
689
1337
3403
2404
1393
5295
3759
7090
7749
4559
4669
1383
5706
648
7150
5849
3969
6424
1524
7611
2892
500
7845
1534
4477
7445
4990
3136
5611
7197
1834
2001
1113
5453
5535
7792
7235
7526
3726
7558
1003
1393
6025
5102
2905
1198
1706
2745
1385
2667
889
6931
4014
1442
6827
3170
3161
5200
1514
3585
4365
836
1204
4000
5433
7089
894
5260
680
6923
4231
3492
5231
499
7073
5563
3291
2756
5811
591
4335
1755
2234
6716
2114
1648
2396
2558
6990
6209
5273
4940
2143
6786
2716
6175
1304
6800
3834
6276
5993
3281
6340
5511
3736
1850
409
4778
965
827
6778
7442
2686
3208
5641
4448
843
7234
4934
2253
1128
915
1189
4273
2482
2368
361
648
3807
7706
7669
1287
4812
7071
7148
4861
3224
4479
2742
1741
645
6239
3651
1920
3930
4797
3494
3789
5602
1637
2132
5327
4115
3334
2486
1477
1760
1142
657
559
4654
2276
3799
3518
4850
2209
6670
267
1267
6578
3302
1786
2877
1793
2057
1028
6147
6439
1954
1811
2568
1349
3760
1700
6693
2858
4893
507
3152
5187
3
5704
6797
7353
329
7545
7463
5774
3521
1251
5351
1776
5795
7783
3728
4975
5673
7457
3488
5
6131
1578
3402
569
1810
7778
980
5825
2053
6171
6486
7094
3676
1686
7011
7363
2443
2242
4128
41
3659
3317
2641
2256
3804
3608
4584
7477
5054
4596
2450
3806
2853
6953
7876
6674
6475
6410
7048
5702
1206
6874
3683
4371
6350
220
6160
4059
1622
6606
7318
1974
3219
6810
2852
3779
6684
6525
2546
129
1879
1212
4913
2366
5112
4322
4763
1803
1837
5478
7969
2825
2652
4714
7512
7389
6672
2367
7954
7079
843
2473
7926
7502
1985
5357
7252
5661
6476
6668
6705
5390
4495
4861
272
2487
4478
2713
6432
7788
492
5629
6944
1520
6882
962
4054
7882
6770
332
3833
3186
4897
7743
4158
6676
2297
786
6741
6461
5894
7981
1250
7330
4517
1724
5897
7211
4698
1460
4746
7125
4770
1900
5006
4423
3124
5025
188
1583
356
2368
1655
57
5591
3903
2457
2850
5339
553
1275
2842
5987
4747
5845
6580
1892
2878
2832
4510
5791
5903
3259
2168
4120
145
4750
3716
4944
6315
2925
7717
1209
7915
5109
7362
6888
3747
4117
6306
5722
5704
7604
3822
3263
2388
2619
1412
3825
4606
5375
7476
2270
639
5223
7076
899
1356
4941
3169
4379
7932
7766
1165
1076
4857
4901
3126
1763
2594
2164
1512
1461
3048
1793
5692
2731
153
7904
6978
7262
5985
24
3669
7395
6094
1496
7627
5975
2065
7670
7826
4826
5964
2013
2896
1082
2315
5002
2373
3848
1497
2373
4214
4577
5271
6972
7580
4628
4366
7681
2318
2426
6436
4053
958
570
2878
1878
5073
5892
1382
6726
4981
7276
5972
7706
3510
4976
2279
6375
4682
2123
2938
872
2421
3034
5623
7434
3204
1537
4921
5137
7693
3006
4224
6611
1344
2677
4092
4545
4746
1979
6215
3205
5111
6287
1732
1397
7787
2628
2161
7824
4886
1502
3681
1145
6535
6979
4048
1244
5080
4963
6002
6162
6820
7937
4245
6874
1443
5374
6766
7611
1274
6931
5846
3742
6100
247
6807
3988
2330
7553
843
5956
6195
5300
5995
1749
3414
634
1813
2176
2782
6470
4343
1265
4987
3505
5325
3063
1620
7242
3026
6191
5698
1790
29
6937
528
2834
5215
7431
2557
4655
5444
3079
3880
5458
3899
356
1397
6463
2966
7650
4692
7041
5991
4445
7508
6300
4322
1141
5794
6913
1703
3887
6650
3852
6559
987
5096
109
679
5462
6052
1489
4156
4434
2953
5603
3306
121
982
1225
1028
7068
4029
6946
3734
5129
6265
7789
2944
2106
3917
6476
6267
6754
4299
596
2534
2566
5163
6964
1260
3795
3849
1401
4734
6639
1847
1383
358
4071
7750
5070
596
165
6904
1986
2196
2475
47
7105
7981
1261
2906
7668
4789
6555
2910
6777
2178
6696
2224
1759
148
6445
3633
6674
7604
7425
2814
3228
6761
7881
5717
1475
1422
2363
3558
1178
7879
6661
1945
6049
1331
4475
1377
3289
1689
655
2955
7176
822
4935
1646
4280
6149
4086
2103
2906
2989
6489
6206
3695
6417
6592
1027
5376
2032
3836
2878
3931
5907
960
740
5192
4143
4440
4986
5754
6650
6231
5652
7277
1984
3514
5904
1782
7731
6615
2227
1711
1763
5540
869
6058
6815
583
4636
426
5944
7211
2702
7668
1591
2960
6112
6163
7682
704
5238
7534
5272
6
269
1919
235
3000
5773
7061
2330
1069
5428
6280
3340
1024
6029
343
2378
5226
5066
3888
1946
7660
1338
5878
976
4457
3024
5762
4497
3385
6418
1899
4699
2604
7596
1471
6550
6163
536
3757
2299
1137
7922
327
323
1826
2273
79
6297
1941
2085
4588
7922
301
6364
1980
5481
516
6863
5862
5114
5094
384
5800
5345
1613
3211
4741
1880
3214
1424
7375
143
7075
577
6357
7721
3013
3890
7618
6954
3880
586
1085
3800
4847
5621
2963
6878
5809
3745
6918
3340
566
5013
6387
2023
2281
733
2625
2607
4952
5609
380
5906
438
358
401
7917
3824
3292
1495
5309
681
6540
7041
4960
6897
1928
2946
7793
1470
3136
2524
7887
373
6297
2988
522
1266
2892
5126
7608
2651
4490
4540
4361
6897
1708
4342
4363
4333
1734
3663
3279
3779
3755
5294
7646
4697
6022
4113
5046
2818
6874
4551
6860
368
369
2363
1141
7755
5979
5683
5513
5845
1962
7095
6080
438
7436
1214
644
823
6015
6138
2055
4822
6417
776
368
4899
930
4531
870
305
6284
221
2457
6593
5063
1889
3062
557
2495
2825
5862
2314
6437
4293
1823
4331
4379
5801
3461
741
1428
4433
6392
7350
2300
7077
3277
5983
958
1526
3759
4396
4812
3901
5476
6230
3706
1164
542
2656
3805
6539
4325
3247
1253
4095
642
3890
72
7462
5181
1658
3522
6470
4901
674
4008
5862
6643
2455
3134
5479
5500
4820
6288
1982
7374
5696
2574
6112
4596
3710
4401
4334
7434
586
2504
1033
6448
3868
7569
82
4673
1287
3713
7653
4892
7576
1399
1496
138
1907
1707
5243
7358
4368
7526
3427
4545
3406
3376
4558
4979
3500
4258
7044
3856
4680
2920
4818
2125
5920
1217
3325
5326
3968
3757
3316
5364
3181
7675
6874
194
4966
7093
685
4546
2514
7419
521
171
2400
1021
5311
6084
4899
7701
7895
6886
1004
1768
3264
3110
5910
3626
1830
6351
7556
4926
7137
6550
3652
895
7559
3543
4378
3543
1611
2838
3172
4080
4087
392
4829
625
6538
371
5252
4084
1858
532
4894
3152
3266
4956
1295
67
5053
7251
5412
5191
2899
1595
5069
2918
3546
7335
1098
4833
1161
3291
2755
1876
2037
2643
336
1700
6916
2675
5906
5999
7586
7739
4881
1232
1413
5638
3598
3470
3231
6233
7674
308
6112
5199
6533
2065
5498
2399
3827
6164
3207
5013
7006
761
2092
807
442
3563
6210
7440
5590
311
7336
5475
5905
5446
771
2412
2567
3708
3471
2645
2253
690
4395
5866
1212
1700
6925
933
2203
302
6887
3255
5385
3873
3181
501
229
5840
4995
327
4347
2100
710
3109
2658
4943
2858
6627
5433
2093
7906
147
6438
6702
1622
5237
5314
484
1747
3541
2157
1277
3538
661
4409
3478
179
5614
3761
4435
439
6074
666
251
4387
7804
6839
1067
7866
4073
7303
3737
3047
6934
176
7379
6475
7901
7205
1904
5205
6891
5872
653
341
4611
536
7009
5090
347
3931
1759
6360
7076
1526
6088
4
6438
2665
1316
7100
323
1785
295
6616
3143
1088
6152
6958
4739
248
5482
749
5676
3481
1241
5034
285
6750
97
5489
7792
4828
2450
2407
2976
111
2525
1236
5450
2436
6267
1316
5485
2199
2029
2139
1055
4551
4450
6542
5309
6702
7406
3070
2738
3331
6085
5327
6670
5687
4060
781
7624
1854
7099
2312
3028
3852
7435
7833
7765
5246
7721
2406
1825
6974
6577
7691
4969
6973
5307
239
3674
1920
4324
2576
530
671
6533
62
4088
7451
5958
1341
7137
6602
7093
1562
1417
4350
4883
7425
2746
4729
4018
2292
5844
2626
67
6292
3097
6372
1366
5412
270
5702
6723
3659
5931
4472
1614
2916
25
5943
3149
2322
2574
5168
4880
3929
7758
1403
5461
4184
3540
3707
4878
3219
7798
3954
2339
6476
3173
5179
553
2253
4542
3424
1494
7742
4597
6266
5030
7854
3970
949
3200
2685
2413
3458
5798
2901
2280
7216
1778
1981
5197
5430
3271
5465
4377
2113
5481
6599
7237
6721
1107
3190
1788
4925
5866
5966
3991
6955
5138
5428
49
1552
7943
6095
3299
5116
2143
4681
4028
330
4167
7338
3146
4335
3112
649
3069
5673
3292
1936
1278
3694
1614
6665
7361
2023
5780
4445
1629
2244
5849
4773
3340
2782
600
2863
4413
4562
2185
3222
1174
4680
6569
1495
774
7852
6708
5765
1010
7408
924
2576
5316
4746
6729
5815
7200
3548
988
6107
4767
2571
5514
117
5778
2578
2401
6464
378
317
1368
4641
896
7443
3302
3863
2051
1187
3314
1364
3455
1360
973
6798
695
6402
2922
1718
871
2018
4417
6115
4818
3081
3094
1699
6346
4677
4198
3800
4380
7496
5295
3733
3798
3619
723
5772
6969
4482
1798
5072
2206
5343
3765
5964
7136
7195
3036
73
7442
2041
7514
2290
4447
3875
6351
640
52
4186
7114
7184
4656
4961
485
4368
3155
6717
992
7576
2965
1900
3653
6658
6661
47
2427
916
4755
2688
5490
5638
7795
739
7034
1841
2220
6199
255
7752
1377
5716
2
4139
3408
5130
3125
7552
6243
926
4254
5134
7434
3329
2659
3244
2252
3830
5763
1159
7299
1451
3266
6837
1660
7975
6126
1424
6745
1015
1912
6308
3631
1616
2524
2865
5920
5404
1217
489
4995
503
2065
7247
1615
