1762
2839
3416
3119
24
4173
4453
635
4462
3036
4631
6318
7503
6424
7023
77
1400
7166
4906
6819
1676
2888
7473
4470
2732
7657
2005
1728
7076
2895
3018
2823
897
7560
4864
5961
962
6392
2535
7353
1111
3689
1511
2453
4986
6587
7182
1633
1467
4240
3164
4306
2497
1833
5129
3810
2891
670
7459
2699
176
4650
6402
3660
1156
4689
5771
3496
3333
867
6249
4909
4691
299
2632
3501
4578
31
6510
1287
6002
2327
4963
1740
3086
4384
7123
5916
4320
3090
874
6155
3540
5229
5088
575
6158
2466
7363
7696
5044
4290
6058
2926
6052
4211
5166
1908
1757
764
5057
83
5439
6492
1422
2294
7936
2570
5128
5380
6403
4115
4902
5308
1038
6273
7204
3079
7752
3964
5140
6942
5833
5677
5608
2283
445
2453
7429
2539
6331
6408
3880
2788
3409
6297
3281
6065
1647
1301
2120
7859
4619
487
2532
4468
4986
308
2701
5370
3770
5223
421
2534
3341
6355
328
7674
2345
7062
3825
7751
7446
6025
5895
6286
5367
6776
5507
246
219
2045
2019
4646
4986
1919
6662
4873
670
2309
6084
3322
2379
5194
6490
3620
292
1565
5882
2754
1432
2788
7898
2377
148
1298
6538
3022
5882
5235
1093
7326
1390
6229
4151
4208
7990
5212
2870
3008
2893
6584
3795
5043
301
1881
816
7160
4580
7782
2350
3668
5805
1720
6704
231
2846
870
4556
3906
4505
2126
1513
2335
1372
5120
7460
7292
1014
7880
7756
518
138
7607
5602
3391
7503
4749
7767
4534
2050
7315
4953
1968
248
4286
2846
7271
2238
1702
3234
5414
1615
6427
1384
1381
4820
985
6883
1053
7186
3841
332
5031
102
2901
3867
7712
4977
6459
1746
2229
1635
4699
853
7141
5267
850
1631
334
2356
447
2533
5190
3821
49
1794
6448
5419
6487
6908
1257
4978
7669
6471
1276
1801
3201
6755
2844
907
5789
5421
6149
5962
99
2711
7647
4824
5345
433
3121
7973
2684
7112
6737
938
4091
7543
1
1262
5195
2640
5984
953
4283
1969
5702
4280
1298
3683
3763
6621
4766
5993
4842
261
3379
4910
751
3975
4537
2646
6562
3334
3892
2029
7711
1136
1518
7897
2583
5986
7349
6093
1532
1854
2366
7867
4642
611
3025
7478
2649
6098
6504
4448
1619
6671
2434
1525
5009
2059
2802
2735
6815
4776
2271
3696
451
5454
5446
2592
6553
2904
5001
2535
187
4634
7021
3060
6969
120
5857
6818
2491
1873
416
7747
6137
3109
5096
3990
2785
4137
7790
7838
6297
2558
4373
186
5520
2226
6069
6509
7617
6331
4344
3925
1410
2511
2901
5557
2086
3766
5233
307
7646
4119
5873
7107
5960
1217
6372
5055
3488
6123
1189
89
406
2323
7212
5535
4464
461
4925
2261
4286
3456
2071
4612
7500
7656
2793
7994
2410
739
3736
3168
44
1131
6163
3047
3013
5971
552
4882
6384
3434
3231
7896
4552
6832
6307
4417
3336
5369
5979
4556
5706
2493
2577
5307
7436
2376
1919
6268
6729
5213
791
3913
3101
2710
5975
1915
7356
190
1485
5146
986
313
4708
5065
894
6361
5455
7675
6767
1797
2378
4156
873
4482
2801
3749
7640
7097
1693
5961
241
6533
357
6747
4878
973
4201
2523
3862
455
3287
7360
5172
609
4239
582
3043
3288
3741
5213
967
7428
2778
571
1628
6681
4322
6095
3863
2155
4232
7942
3151
6493
6061
3458
5020
3990
1322
7437
6233
3195
3857
3257
5952
5832
7700
2901
3052
4447
4616
3050
1089
6371
2398
6449
1238
2977
3125
1735
4878
508
6100
4152
6165
7628
1958
3079
6429
7829
7136
6830
7143
2109
885
532
2520
5646
5174
2605
2422
5601
4298
762
549
1953
1726
4903
4555
3852
7824
40
1812
4345
1328
7824
172
3097
1962
2676
3510
1911
748
6010
7100
357
5676
365
5687
6506
1852
84
1559
5428
928
3189
7780
2613
3461
6930
5518
2853
583
2524
6887
6086
2392
5658
6717
5516
7763
6444
7032
5235
2771
5938
5972
1601
6250
5030
3921
4004
3962
6613
1870
553
6708
7740
4827
5045
6818
5479
7036
7881
4647
2150
2294
2911
7470
2470
6454
203
4021
3751
6247
6555
4592
5360
5953
2384
6551
7722
3652
6086
4817
6924
5455
4882
1870
2310
3806
4655
4426
4620
1365
5340
2059
3831
4188
6862
3300
718
5360
1306
2251
1726
4173
5161
7239
3597
7963
1838
6776
743
1915
6428
6758
4146
5643
845
1263
1972
2117
5804
2632
4397
5142
43
7662
1907
5240
3208
6059
3355
1257
5935
7780
2507
356
4773
2728
6411
4239
1876
6840
5686
2202
7772
6436
7105
4743
1106
1186
7375
2769
3581
347
805
3644
3609
1337
3272
5568
3795
6729
1726
3660
3048
837
3581
918
1692
6547
5388
3700
2027
7138
6339
2850
1133
2209
3277
5285
7635
2603
2382
6398
13
1405
2246
1541
97
7116
7043
4412
2530
4273
7502
2600
6793
4851
481
6609
4322
1102
1978
1085
452
4952
2923
1620
4990
2388
3495
4817
3401
7447
601
5557
3230
5702
4441
1290
5706
1393
7354
3353
2324
420
6713
5457
4935
7997
7961
271
4996
2337
2178
7431
4008
7828
3606
5232
2424
2889
6664
4413
5675
4225
4207
2871
1013
3208
6816
3694
1932
7414
6637
7435
3813
3777
1861
5279
2902
1604
2907
5334
4850
7743
1732
5987
707
5756
1143
6338
3011
902
4452
1058
4530
1266
3554
838
5947
784
6974
1644
6798
5914
2839
5057
2278
6087
5842
3480
1672
1754
557
7430
2424
3207
4422
7178
7441
7013
3182
7737
258
1202
2690
2052
1600
4355
7123
59
3099
1463
3850
1635
7258
1519
3784
1551
6708
3031
5283
1108
2515
5852
5290
4043
2961
3566
3657
2350
3080
7399
1903
4462
5018
6409
2896
5404
5356
3293
1814
1335
989
585
5520
1012
4516
1222
6507
7282
39
35
5332
7420
6110
7620
4418
164
6593
7916
3750
55
4400
3790
6499
7848
953
4279
1263
5135
2836
4185
4234
7769
1211
2858
853
365
58
5177
4320
2034
6721
3441
6568
5415
7225
7481
2526
4436
1333
5391
6230
7867
1624
7616
1707
1984
5656
3855
1107
5025
5923
7643
5139
6529
4858
3376
1039
4515
2782
4177
4061
3953
3707
1897
1156
6102
2221
4640
770
1135
1584
7161
2842
2655
6042
5870
5841
871
7588
2829
144
7011
2426
3400
6295
3344
3886
2112
3943
7194
2419
266
5043
2311
506
1670
219
5115
4665
4379
1665
3802
978
1553
2573
5613
3001
1175
6076
6682
3286
578
1117
4674
1974
1591
127
3295
3275
4779
2069
2446
4171
7249
1238
1644
7548
101
3554
7690
6316
7145
5737
766
4816
2357
1440
1870
5796
7707
5174
5432
2334
3672
173
7890
1990
2591
5040
3242
2316
3779
3504
3444
5100
596
2628
4449
7130
5936
3655
5929
7187
1222
861
3332
7768
2450
4448
1219
27
4878
1617
4550
6103
2427
2334
7730
2287
1230
5478
2111
5350
5073
6371
4481
2897
6547
1103
3741
6725
3582
6463
1448
3285
1402
5827
6334
6497
4994
4564
4034
329
1776
1159
574
363
714
5516
1233
758
5087
3316
4390
7557
3607
5181
5684
570
7523
5702
5868
2212
128
1717
1245
6908
3276
6073
7390
5669
1077
3130
7146
4137
5107
6004
4120
4442
5355
703
4898
4877
3691
720
7808
1209
5405
6489
2507
5170
6015
422
1885
1730
2432
4062
7929
833
5891
2039
3961
1679
7367
1816
1342
6821
2392
5002
1633
3108
4494
4975
7241
4276
2686
3897
6197
59
7952
2912
7091
3301
3941
6558
2115
1153
4203
4094
4264
4910
387
7428
4396
161
3414
172
3724
1017
1167
6877
6865
2578
2797
6377
3624
4213
3482
4986
4020
7619
1681
1277
5539
3836
5278
1950
3079
5814
6835
118
1783
2501
2105
7183
283
6800
7571
2464
5915
6978
7574
1795
5491
7947
3863
7830
6939
943
709
1838
7182
860
2190
6967
2049
7633
4513
4138
4261
3280
6391
7829
4543
3434
6316
973
7935
3651
5811
5884
4307
1265
2263
1347
2558
6068
7375
7460
351
5222
1299
1085
2695
7682
6105
1517
6649
1028
332
6148
2681
2908
2135
4512
3649
5976
702
6422
824
53
7741
3333
1029
7301
3852
7560
101
5570
2213
3611
4511
4559
736
1920
4481
7006
2084
3221
6387
758
5965
7950
4183
5970
1689
4651
5093
1690
7958
1114
2618
157
6123
309
215
5153
5621
4845
3104
7168
6390
3054
542
6924
5457
4571
1508
7655
5523
4408
1141
4938
3838
1283
7502
2888
4729
6560
7328
462
2846
6626
1972
4445
4647
6543
2362
3934
330
1114
5382
2406
5970
2400
3198
1906
6622
3880
5539
2081
6001
4882
2283
6189
6704
1982
3840
5169
4551
7021
1614
3898
2554
5705
1814
5964
7178
6387
5430
7581
6115
3178
7546
5469
96
303
2572
1932
4073
1871
4493
3966
6245
5154
4030
5860
5589
2553
6419
6793
4645
7490
3946
7868
6493
5776
6103
3655
313
6744
4147
5404
6161
164
1394
3796
372
4263
6166
6553
5808
4481
1243
2609
7323
1744
623
6422
493
6843
517
416
3694
554
7668
126
3327
6348
7512
3008
181
510
7753
2000
2055
6232
2599
7150
2893
4713
4988
6303
6942
5788
1395
1161
2171
5457
2413
1163
4722
353
7567
3756
4948
41
6185
4707
902
6765
4059
5852
4112
7394
2893
488
5520
6616
2418
6171
1982
4585
2784
721
4093
6390
7219
2816
7560
2366
7096
7747
805
943
5166
4593
2991
155
7068
2838
5691
4803
4813
3186
2584
3487
2088
6109
7008
4787
3486
6941
5876
7757
3014
5649
3455
6925
7641
6459
5795
2015
7934
4238
2172
6557
1244
5034
2605
4570
3335
6086
67
3914
5855
6794
1911
425
5979
6805
6551
6593
3938
5907
3402
3673
5063
6787
30
27
2568
2045
4197
6947
351
1946
2628
1461
7482
6401
6065
4228
7570
3066
7509
2364
4636
865
7627
5296
7968
6153
7688
1875
6148
103
3957
1466
6449
2997
769
28
3768
3730
4015
6975
7164
4138
7665
3610
708
6009
4909
3381
2796
4546
6610
1525
1663
5349
240
7448
1514
542
7705
837
1474
5302
4253
3492
5709
2999
2408
5245
674
4125
7014
5058
6624
5609
6976
7206
6093
1421
750
400
7739
741
3359
7652
4883
3317
4967
6017
6317
7910
1950
349
4088
1442
4051
3571
6482
7798
977
5056
6613
2025
3287
7664
7144
7932
1953
1646
5446
7955
2098
6884
5490
7256
2066
4738
3897
7117
2973
5036
7655
299
4278
1860
4542
2964
7709
2984
5802
7893
7813
6039
2887
6125
7635
6704
5467
6404
7436
224
4488
6112
1907
1100
1216
3669
3853
4818
7249
787
922
2076
1077
6887
4537
4495
7795
1922
4433
7096
274
5478
4351
4286
771
3022
6631
6025
820
5933
3598
1988
1120
5389
3849
6618
1281
487
1865
5579
6984
7042
2381
3670
3091
6815
3807
1566
7759
4116
2476
2351
1437
4059
2228
1167
364
7414
3027
2301
2291
2372
5725
6014
5484
548
6390
2632
1082
5433
884
1574
5420
4289
2914
7957
7074
7141
5699
201
6791
4333
5991
7434
147
6766
6738
376
5789
6216
1253
2576
1562
3231
5487
3898
2761
4514
495
565
317
4094
1649
2825
2423
242
2316
356
3798
2785
5706
4416
7501
623
1336
579
3900
6981
133
6675
1496
4073
2966
3601
4
5307
3852
4719
7168
946
6858
4223
4850
7985
802
6720
1625
5185
858
7690
4035
2265
1443
2843
7270
6827
4431
3510
1926
7078
1717
5667
2142
6727
2862
4489
6949
5525
5797
2518
3921
3986
6734
3886
6115
6181
7038
1112
7031
199
5238
4498
6554
5944
1617
169
6756
6406
1154
3089
1098
3573
4872
2380
5783
6715
654
6826
6915
3496
6565
1564
2304
1913
2097
206
2047
6005
1464
2716
70
1291
7810
2957
7871
6958
7885
3147
4480
3952
3125
1029
1238
7977
2897
5567
1643
392
4316
2752
1401
6853
7235
5847
5499
2250
4039
5859
108
4613
2173
3314
7867
7749
2736
68
7326
6280
3449
4030
5390
3030
508
696
3023
7772
6319
7342
1426
5859
6654
634
2988
4832
1401
2340
3814
5411
5232
2749
6794
483
53
6092
694
3293
2062
1040
4102
5205
2366
4901
2540
5391
3827
5372
4658
5283
3573
1651
5017
6821
2290
5604
7722
1349
7170
151
3705
2257
3503
5190
2846
5280
1977
1996
2927
6101
1693
3463
4500
3573
1275
6414
7461
4578
2066
2501
4520
2525
6584
2265
6814
673
7429
7338
4727
44
559
3652
5919
3132
3289
3021
5569
7818
1388
4228
3073
5259
3461
4889
4980
4675
5362
2105
5713
4524
5491
5182
1695
3124
5131
6123
1323
6222
1081
2813
5181
3950
7678
7529
4642
2243
4005
5787
1151
4341
5900
7396
1676
621
3173
5722
7735
394
1014
2225
2562
6087
74
4587
7657
7085
6296
2201
2560
3845
7311
5660
3181
3860
6739
7227
2379
3620
1256
4478
946
1709
1495
2102
4050
5447
2301
3486
7731
7634
2580
2359
1310
6537
1297
17
2495
6939
6498
4020
2109
4905
6947
6026
1623
4634
188
157
1185
6373
7380
2676
669
4453
1277
2586
3053
5699
468
570
5791
1117
1066
802
4758
4361
7606
4349
2221
5202
7013
2283
6617
345
5575
4080
3950
6864
4782
1990
4016
7414
6556
7940
7778
4876
7499
1962
6379
2831
7515
6911
3797
2164
5306
2314
7864
14
396
3168
2811
4454
151
112
5328
3626
2647
6842
3576
3396
677
2595
3990
4517
3518
6997
5126
2463
4766
4489
7984
6940
243
2250
5673
4074
2308
3255
6056
4808
5057
5035
516
3811
1949
7702
4472
5511
2269
2066
6093
2430
5874
7998
3149
1449
1521
3015
4695
432
6585
7937
2548
3134
5051
3482
7839
6987
5906
3784
7324
857
5933
1159
7616
7761
3264
3120
2652
5673
134
1022
6703
575
1813
1159
902
3893
975
2676
902
4973
4097
1685
5508
7353
2453
3341
3711
4593
5488
5157
1033
3328
99
5031
7737
6909
2752
3457
889
1365
5553
4292
2492
3443
370
5153
2866
7956
6945
6425
3764
45
6169
1099
553
4747
7709
6869
2625
632
4876
6190
7576
4202
3830
105
583
852
526
7856
561
7273
2627
1948
349
2479
1245
1492
6766
6402
157
4558
3555
5447
5505
4387
1962
2816
6301
6746
3293
3612
7512
3416
6561
7936
6495
6397
3237
2898
5986
4246
6089
786
2860
2587
3660
1990
5176
4245
6652
5244
7775
6651
7827
528
1691
7764
2188
7957
7570
7116
6685
37
7746
5241
3672
7068
7217
7218
2545
7135
1895
7103
4340
7913
4004
939
1385
939
2892
6784
3513
3089
6647
6953
5453
6682
4887
1853
2339
401
4802
6714
492
383
6595
7926
4640
2851
4626
3127
2756
2768
6543
785
7246
3963
980
2297
6852
2683
2981
5042
1687
4218
1576
3815
5117
221
1872
5544
1054
1165
5489
4314
3356
6247
4640
5931
1810
458
5862
1999
5156
7215
656
6029
2809
7827
1225
5887
3792
1805
5922
1212
7459
4851
6672
3525
4850
2025
4488
7672
3810
7931
3359
6530
6199
3545
7136
1054
450
755
1025
1953
4950
1713
650
7390
2910
6441
7219
3062
6415
5780
6076
4795
2994
7440
1512
1708
6543
3269
2047
3224
1400
3368
2390
4978
2541
996
1309
4749
650
2324
2665
2731
6483
6612
4766
3760
3152
6804
458
2404
3940
1893
853
7802
4452
7609
4096
5050
3031
5660
753
4165
7443
6672
6000
6175
4566
4806
7805
3700
3167
3232
3488
4274
6567
1136
7099
1210
5112
6764
140
6505
6700
7206
7267
1872
6214
7618
5430
5397
2647
6475
1841
111
4697
6146
7155
2014
3421
1431
6976
7984
6082
4866
3934
2033
884
2196
4807
3452
4056
6281
5886
2967
4231
4727
7136
3105
6405
5789
3207
7433
1277
46
3227
2476
4807
6543
7501
400
5500
6880
6968
2518
894
1242
6349
7268
7744
2727
4020
5769
4517
922
3459
738
5042
6331
7927
6417
737
3522
4864
5591
5009
987
4138
7149
7106
81
4692
6152
2426
7655
3101
5808
240
7378
4748
1115
6568
674
2293
3314
1701
512
5978
6704
7374
5803
7171
2494
5819
5068
2658
6502
1715
2352
1019
5889
7263
5832
5663
4621
7495
400
171
4925
1317
6519
1967
7888
6178
7128
6278
3167
2946
4673
5406
4633
6708
5437
3162
4063
3933
955
536
7039
1831
1940
6116
3283
6118
2833
659
555
5864
419
5577
4513
7847
3069
5180
7593
6459
5402
6965
2891
6536
4637
4572
6419
108
2466
6198
4883
5961
5595
4021
7842
462
3375
2529
7547
6629
377
2900
3064
666
2668
7201
4961
6067
5410
5114
4099
4028
468
4829
7273
6137
5559
3101
1780
231
7778
1107
3289
1175
1177
2245
1245
532
5679
4760
4872
3903
3354
7690
5793
4151
1026
4322
7985
4311
2524
456
2334
4722
5215
270
5993
7706
6877
4561
4885
5414
4398
7257
6419
7639
5598
5365
6256
1979
858
3181
6196
175
5253
1344
7673
1553
2180
4913
7579
3433
2643
3237
2773
195
7767
7758
4120
4140
2423
5011
4611
2681
2071
2117
83
2587
5099
7632
840
950
2861
4617
713
265
5865
1617
5320
4046
2341
3904
3790
7439
5726
3294
6025
7968
3256
5373
7264
4592
4508
5962
3782
1322
1738
7789
5755
7738
4691
3080
7664
5304
2568
5423
4845
7367
7748
5321
162
6362
7316
3676
5430
2200
3993
3043
6558
5828
5102
2048
1913
5697
1933
2016
4753
3488
7732
2301
502
5284
7538
6800
239
5520
4365
6919
5086
954
177
7535
7271
765
7467
1695
1927
75
1593
1919
2210
463
611
4395
4101
5556
29
1551
6568
1242
6295
7519
7424
1225
1230
6609
5757
2911
6835
4443
6457
884
553
4717
445
6117
124
1014
1222
4337
7630
7519
6879
2084
5351
5368
5898
7316
2714
7437
4679
3663
70
2348
3339
6328
7788
7714
588
5975
859
7305
3563
471
1067
1245
5923
7743
1218
4975
2701
6873
2547
3201
1459
3820
4080
4625
3970
5553
5045
1574
6486
289
2980
4375
1829
6608
2258
1322
7984
4017
491
6936
4186
5290
2863
6764
3865
6912
91
5088
5352
6873
1914
6211
1251
6353
5415
3959
1886
1459
3063
2081
3421
739
99
2206
4461
5494
6172
7227
4586
5316
1072
2960
3456
5250
479
7035
4431
1939
6643
877
2959
3351
7710
5952
758
3636
81
80
2006
3103
7108
5742
2471
6568
1740
1374
1343
7805
2430
1212
704
7674
1566
748
1059
1157
2698
927
6944
7862
2344
4629
928
4645
2899
3924
1334
512
1251
4269
658
6670
3187
5184
7232
6180
4960
3685
3438
880
1460
14
2248
2893
4570
5043
2341
3097
1166
3471
232
50
3969
6606
3368
3757
3313
109
1841
7872
2256
123
3021
2204
3876
3237
3015
2293
513
7008
2115
5741
637
2839
555
1046
327
1449
5016
7646
5532
7250
4100
4889
330
7026
5610
7857
129
6995
7353
422
6757
4309
3965
304
149
4122
2199
2749
5237
6113
6851
5649
7308
4016
6676
6132
2070
1253
4063
7277
292
6773
7333
698
2471
1045
587
476
934
2313
5693
615
7432
5254
3524
1093
4946
6086
7687
5399
5542
2515
4521
4451
2703
4193
1454
4429
5810
5081
5321
3079
2030
5211
1661
1831
3448
3545
6764
7548
5557
2480
5985
4646
2458
5322
7967
2723
3329
1183
3812
2271
5940
7363
668
756
1168
5101
7789
7836
6013
3891
7923
5291
2138
2433
5586
1623
4922
1159
6507
3756
6611
1955
2372
749
7603
6417
4196
3496
5164
390
2928
214
3401
3793
5275
5881
4491
4365
4410
1477
2038
4966
642
5791
6990
7583
2573
5754
5760
1994
3877
3867
5040
712
7989
6719
5539
1027
6620
4539
4537
6200
6866
1830
4389
6019
2372
1698
5442
6260
1558
577
1200
3821
3595
2582
911
3802
730
7587
5083
4417
1151
3473
1194
4486
7841
3397
7301
4262
4007
7467
1679
5300
4539
1103
5967
7233
7848
2741
5733
6060
3634
4521
4535
263
4304
196
4717
2659
1102
5425
1812
4167
5990
5072
5221
2206
7855
6777
1187
5001
3384
4927
3137
896
1236
7540
1068
7205
2247
6588
656
2428
2230
2316
5567
2983
4341
1384
7544
801
6307
1690
4120
4107
7139
3043
7570
3973
497
7267
145
3641
4067
7104
5980
3648
6177
6389
7114
6191
4486
7837
832
7977
7586
5743
5420
1908
1078
451
7802
2813
7540
7559
1723
6669
6316
4478
724
7237
1606
4943
2478
2086
1346
560
2802
3972
7723
7161
3242
6949
4916
2995
6505
7677
7150
307
449
3709
6074
19
1341
5734
3278
2208
7358
7556
6306
7087
1783
5434
3687
5447
733
4267
5230
6893
4420
7134
7602
6810
4326
1033
7324
3707
7083
7142
7689
1694
4906
6656
35
3106
4451
7135
7229
1056
7693
5616
6449
7826
2784
7726
7686
2768
5144
6322
7388
4774
985
5860
3383
6801
4951
2633
1938
7937
116
1698
3095
1588
2546
6754
1178
2955
3705
5687
787
5682
4805
7537
1858
765
1762
5729
3654
7351
3968
522
3243
7225
1361
5140
208
7497
1410
6443
3726
1407
6304
6126
1422
4110
5803
4903
7509
3302
557
73
4587
5764
3516
1917
3704
4127
6683
264
100
7609
4877
118
7442
1609
3184
762
5162
2584
5145
931
3906
4261
676
1198
4528
4298
2765
2507
3857
1779
2082
7454
7927
4007
2459
4259
1512
5295
4330
1037
5287
5429
7717
3073
644
5622
2911
6152
5989
4229
1620
3808
7351
2649
987
7005
6461
3634
13
2005
7681
3221
7222
2046
682
233
2671
2787
115
2892
5765
2938
6037
6642
7875
2944
1820
5855
5396
2790
103
7554
6974
6224
2909
2067
6346
137
2511
180
3795
897
2178
1162
6766
7360
3528
1906
3269
1004
4796
7969
1228
3440
7654
4133
7039
4199
4803
2821
7242
6065
7782
1437
7488
3824
6442
6354
124
464
3697
7100
3726
7122
7295
6956
4668
5610
7548
839
2156
5649
2623
6544
1878
151
559
4037
4435
579
7713
990
6430
7308
350
4308
7306
5214
4141
3424
1238
7778
6142
4871
3335
2362
7998
2331
2047
3655
374
4736
3088
938
5998
5436
3013
2002
1086
2062
6917
1493
6695
6373
1385
2732
3343
1373
3323
6014
3496
4636
4902
5576
1980
5669
4186
7250
4465
6704
1665
3240
6527
3805
5792
6518
4493
1191
2221
2601
5738
744
1035
379
1351
1392
257
7528
1176
3216
1467
2626
5923
4730
225
3576
137
2625
1778
729
3601
5809
6796
6147
7268
3903
5556
3368
4957
4075
1458
1392
7162
7754
3457
7199
6746
4633
7953
7880
1711
4111
1351
2143
3606
2140
6133
5663
3891
2016
5157
7567
5453
4146
35
4834
3541
4724
1676
119
2728
7452
5707
3665
1541
2803
6288
2532
4075
345
3737
1857
2350
7912
6681
6643
1486
1420
6460
2887
4975
1245
2723
1738
2616
755
1338
1222
6687
2517
5612
5214
1393
5606
6768
5318
5178
5484
5265
6370
4523
1176
5776
7688
1264
4725
5839
3749
2499
2336
7692
1560
3740
6328
5365
4104
4490
1309
4473
3731
3440
4310
2916
5104
3634
6597
3197
1486
6286
2601
5401
6958
7894
365
7973
6814
6671
7059
1340
1557
4119
4585
5902
7670
934
6430
4570
3535
7545
1872
2506
5803
5117
488
4254
2899
3215
445
3860
525
6568
1888
6996
5137
7182
5130
1519
5447
6088
4440
5396
6851
7560
7927
2211
4413
3441
7613
5959
1010
500
5544
4006
1853
1158
4425
283
3089
6155
7298
3235
4209
719
5438
7747
5765
4537
2997
7188
4603
5842
132
1928
380
420
6491
5777
5930
6825
6827
5063
605
4303
5424
291
6517
6029
1740
4478
5226
147
5621
5463
2563
4269
6839
4009
2481
2658
3457
1257
4205
771
4499
3065
1166
5198
7932
830
810
4352
1077
4860
3829
7830
6730
1126
1358
2566
2365
4492
9
5174
4952
692
3942
1545
1648
962
2167
7598
900
5896
4875
6375
1228
6978
2593
1806
1712
3202
721
2023
149
65
1114
3793
5066
782
1604
7905
6652
2423
3800
3617
6866
4909
211
4232
3331
4143
2048
3337
2162
2124
7246
5439
1198
4472
7119
1065
4962
5854
4323
5108
6407
3519
704
3631
6594
5729
4392
5945
3128
2469
4439
3019
1792
2525
1156
6600
1680
2603
1023
1198
3452
5709
2784
698
2219
806
888
1794
4180
5660
681
5768
5366
4707
2731
6603
7248
1785
22
7271
1281
5237
7069
2114
5174
7243
5401
4150
6807
3201
4853
6242
4180
1862
4642
1265
6595
4262
5654
6429
4587
2475
5803
5395
7616
3575
3714
6969
7821
5029
1320
5802
1597
5679
1904
1828
4983
2306
4638
7063
6772
4983
6486
2837
3248
223
4649
1495
6076
6687
5156
1663
5326
2381
6007
7642
61
5783
5103
7631
1209
4147
5593
775
798
7824
2521
4730
4269
5285
236
1914
3314
1216
5688
4777
3082
3877
1272
6754
2418
1947
6628
7157
538
5582
1929
4291
7271
742
7280
5100
3068
359
2372
2326
5100
4884
5044
1333
6636
4726
3436
3149
2845
7229
2016
5002
1387
5633
4316
4054
1540
334
5341
2852
7885
7773
7950
2409
5024
3235
2798
3297
1310
307
789
4875
7596
5994
693
7842
313
3037
7617
4377
6532
3874
209
6034
3782
20
6864
1887
6083
1665
2754
7450
7786
5421
654
7964
4331
2410
3887
55
3726
7280
4302
1671
1162
1287
1776
6488
7493
7018
2955
6689
4336
909
2048
5704
5470
5697
3069
4922
4284
607
6501
320
4519
1870
1603
5247
12
681
4892
4105
7484
7892
1256
5535
259
7798
3450
2175
2795
906
5792
4713
4582
1685
4683
6397
3436
2368
5215
5398
2203
828
4020
3676
216
1656
6961
1439
7331
6840
1676
2852
7001
3446
3439
2351
4048
5546
6418
7698
6582
4164
2527
1987
7147
2909
6848
7698
7568
6875
2472
7309
2595
2972
3911
5769
5317
5960
6339
6787
5362
2419
7368
1648
3489
4429
5228
224
7220
2895
1252
4986
2045
1883
5652
1559
7417
4108
4841
1779
3374
268
2220
4612
6028
7846
4927
2944
7082
5116
3172
2694
481
321
6852
1364
267
6083
3529
6915
1268
3235
2204
3048
3018
1556
4631
5293
3280
1733
4973
5527
3738
2114
7917
6451
4598
1408
4811
6231
171
7605
3067
7146
2260
3924
4213
3931
3440
2505
1987
2755
1724
3634
2662
3809
1485
6067
4900
2944
3235
5218
5258
1332
4779
6469
5136
692
1826
4654
5914
6141
5515
609
5181
3132
6465
3615
5660
7928
63
1848
6579
2632
2013
3702
7303
7150
5618
2272
3815
5649
530
5585
1270
5635
3350
2541
1650
6109
6953
5033
3311
1735
1356
1530
7294
7481
6505
3409
5202
6195
5401
4571
3308
5592
2095
2262
5226
44
3661
1666
701
904
1700
613
5891
2068
1627
1765
3263
2991
3796
5320
5955
7639
5841
1054
1494
5465
2107
3967
21
5423
7543
4537
751
6111
4987
3242
7895
7670
1912
7520
5440
5458
5550
4883
3995
677
1038
1066
7747
77
4621
7809
3441
1031
4990
843
4639
6498
5114
852
1503
2328
3314
3763
3385
5172
4513
1668
7940
7468
7491
2056
139
3745
5418
1098
3059
2054
5105
3549
2089
2475
1750
3810
4164
684
2193
5627
3605
185
507
5629
3294
6280
7515
252
233
2088
357
5588
3072
4005
3889
1918
462
3339
4329
7331
444
3867
4849
1819
5774
6099
681
6519
5157
2299
2783
4165
5066
3996
5921
836
5302
6409
6608
3070
2877
7871
2350
2235
3094
2124
6251
7460
4921
6467
598
2817
453
1387
1721
3982
1506
4720
1500
1833
2622
5404
1015
7605
442
82
2557
7485
7825
2993
6947
1879
4871
6660
3636
7275
4730
1563
1199
5804
1277
3211
7725
3717
3481
4864
2740
5762
2486
4785
6191
3633
1563
5187
2408
4562
2502
7373
4758
3974
1602
3586
5144
2082
1694
6379
553
7828
6166
7243
2318
1114
7562
1123
5940
4092
1874
2962
5777
4381
5177
2044
1574
2037
3803
466
1743
6285
1806
5946
4069
353
6627
671
3300
4981
6779
4704
5491
609
7283
5347
2468
3208
4754
3736
2161
5424
2625
5470
6977
692
2279
4544
2312
243
7430
7
5008
3885
7920
7096
7658
5714
7204
7930
4631
5181
5826
4305
4278
4070
1459
5309
2898
727
4196
4999
3854
2680
5766
3680
3953
3309
7572
2124
6851
1382
6060
7522
6173
7301
3485
3753
4632
4779
7462
2796
4118
584
922
1894
7414
892
1521
769
1810
205
3974
437
4263
1297
4462
6781
1728
2262
3339
2145
4139
4467
6505
5572
4817
3026
5265
2731
6873
7901
5207
1870
1511
3926
6255
2316
6669
5095
6651
3094
4567
4381
1341
767
6361
1918
178
680
273
5787
2751
1053
1863
6554
2995
6499
2951
1883
7556
4082
5272
6798
7113
1985
3295
3224
7398
920
4290
7727
7281
4945
2128
4037
1910
7060
5448
7093
1778
5141
2272
6739
405
1702
1212
5044
7136
5685
2773
3245
4327
868
6363
3954
960
6878
3061
4345
3226
6857
3256
7717
161
6390
807
3637
1750
1174
1474
7422
3589
894
939
2091
7750
826
834
1238
3205
983
3139
504
6020
5551
6050
3708
302
5982
797
1378
6164
2592
3260
173
3626
7659
6810
4487
2527
4057
1517
1028
188
7714
4412
2802
3773
5465
74
1702
6976
3264
4300
865
5086
2013
1126
1455
4426
452
6082
1786
3580
459
3572
5978
1473
86
733
712
491
5183
4611
7265
2066
138
2976
1406
6957
25
1961
4974
420
5152
5473
6637
3432
1841
2112
6443
5057
5878
263
7723
7216
7446
7259
645
4505
6857
6965
1219
4056
614
5728
697
3364
3174
103
4276
932
7148
5795
205
391
4867
4363
1493
3352
4196
5310
5819
4336
4730
6821
574
6000
5622
1232
1366
6367
3018
7044
