5078
6106
4602
6157
2565
1732
5263
1868
2025
1951
3841
3649
2226
6308
3537
5700
3382
7304
1269
6636
173
4839
1406
2870
3339
1463
655
7906
2587
112
786
7272
2379
4551
6103
5116
5839
6400
1993
1892
3714
3862
3326
4763
158
4770
5387
5950
5154
2580
732
7045
1123
2447
935
5983
2809
5394
5161
323
602
2819
733
2696
1875
521
4072
6362
5120
1904
4114
6743
5932
3183
3687
3653
7108
6365
2683
1879
805
7818
5601
7146
2725
6192
5633
4974
6987
1477
2453
689
2284
5919
2520
6409
5525
415
4642
1284
4778
3263
5130
3387
5873
7194
1489
3071
2703
5708
5139
61
1923
2172
6101
4817
10
1118
3414
4407
1600
5825
7543
1413
666
1301
5443
2234
7022
2334
3439
5565
1309
32
1761
4628
3715
2601
6532
1110
3573
7343
7217
4123
6887
4491
1037
7160
1477
2981
1439
4917
3547
598
1335
4070
5711
1465
4444
4273
1078
1738
2446
2252
4629
3817
7860
1625
2865
4973
2823
7546
165
6123
5441
932
5785
6011
2743
6848
5386
5808
3042
2878
4863
2182
6739
3493
6630
1878
571
3204
2683
423
936
7686
4033
6186
7204
6940
4493
6859
6586
137
352
3154
6874
7109
3890
3382
4162
3878
631
5595
2895
5284
6784
5313
7895
1318
2160
3449
7952
3090
2611
7191
1989
6884
639
5489
3168
1895
2357
1590
5414
2526
7886
4234
2934
1596
4435
6579
1052
1147
7623
7521
7422
6381
5345
1964
6227
3880
6526
1686
4740
1296
1185
385
4976
1193
6076
7818
2349
6960
1002
6284
3347
5673
1097
5433
4396
3157
2206
7185
3670
23
5768
4805
1478
4089
7052
3839
6931
1304
5754
1382
2812
4437
484
3685
617
1787
6276
5985
5649
3618
6020
3608
7171
1124
1312
7576
4725
1676
3128
2539
1947
3655
688
5858
6485
2000
7606
2326
6145
6789
1465
1841
4606
3738
768
2467
4774
3787
2173
491
3314
619
7586
6961
2682
2798
1928
7587
3482
1763
2024
7527
462
7706
5457
5751
5585
6538
6624
1906
1519
4088
4949
222
5150
7969
1406
7600
7397
2351
6251
626
3718
2312
3744
1775
3170
6997
4780
6611
1409
5809
2748
703
6219
1464
2206
2612
2866
5683
5264
294
7704
5803
359
5066
4359
2198
4207
658
3932
1275
2864
2580
7433
3148
2293
23
6230
4043
2991
6830
7874
211
7553
6083
4228
6936
3608
2526
3027
3039
364
768
7499
5735
6488
4055
7240
3852
1124
4265
136
3278
1998
3954
6001
5703
2216
6682
4841
6690
7196
6103
3496
4809
1959
3729
4212
1092
4354
772
1673
1074
2010
884
2359
1863
1632
1114
4888
756
7818
4962
1164
649
7585
1966
3849
4480
2025
361
643
6390
2349
3468
7303
1884
3828
4830
6528
440
3879
7940
6022
7508
3395
6097
5316
1431
5679
6705
3807
6654
4271
5229
201
6183
6712
5381
4100
5415
4805
6198
1696
3952
3322
5383
4211
1257
7314
7438
7668
7858
3019
2854
4779
7809
5371
1930
1387
348
6950
2375
4210
3974
3566
7822
6501
234
2821
7438
5426
1967
2836
1442
5177
2163
3723
4078
1301
1708
6326
4191
7585
3231
6230
640
6298
4008
1266
2474
996
5706
3931
719
1940
1069
3095
7672
4195
290
5454
3354
4098
7837
4082
5912
6842
270
7353
3151
5032
3213
4630
2291
4907
3767
662
2197
3251
4643
1663
3673
396
7085
7027
3435
411
7155
3555
6684
4545
6280
1836
666
3624
900
3900
387
404
282
1102
3699
1782
4147
7407
2506
3180
6000
3589
5054
3260
1481
4582
6187
373
7879
5115
2346
96
1477
1264
1913
2388
5149
5860
6961
2631
3678
701
5367
7834
5353
860
2305
7760
992
6880
2059
3819
2802
5229
5759
755
289
3126
1604
4303
2656
1554
3855
5523
3836
6490
4122
6826
4885
6630
879
1058
7152
12
7573
2120
7502
270
3088
5011
982
1033
328
1295
6837
7629
6087
2908
3576
4592
5015
5896
592
1524
4000
6248
2813
4564
7128
3246
3313
2895
6971
2795
7974
2052
5496
2998
4545
2785
2880
6859
2399
7396
6008
7664
2761
2076
7724
4513
1735
7186
7389
6463
2576
2631
4335
1422
5753
2861
5760
2788
5471
3081
5609
864
594
7105
6641
274
2001
3648
1448
6119
5854
4222
4004
659
5921
2507
6438
7806
197
716
1956
4241
663
1643
6884
7661
2829
550
3765
2224
4991
2983
5396
3041
4781
3205
2533
5846
6164
1915
3169
291
4915
3434
854
7669
5502
5748
3985
5811
7510
477
95
7948
6512
5424
7436
7167
7007
5598
5696
7454
4179
2456
1282
4338
1952
2885
205
4289
4077
1763
6727
7840
6971
2694
222
513
255
3793
5465
962
4345
6655
7955
599
2741
495
6150
5474
1360
3186
6147
1438
3181
930
870
293
3791
6572
2594
5264
4640
5535
661
6292
1778
3096
4423
2059
3044
2224
7657
7135
5466
6599
4348
5867
3225
6624
3986
7834
5085
5644
5540
7487
349
2809
7442
5036
3834
2880
3170
5015
5697
5724
2604
418
1441
6115
5934
604
7039
5404
7014
663
2843
1347
3754
2571
5471
2256
4779
1581
4914
3130
7466
7958
6295
530
1032
1469
5105
723
344
7824
24
3844
6907
3704
5667
3850
4482
7991
7391
6271
1778
140
7496
5278
6978
4915
6544
886
3020
4670
1289
3784
1058
6842
6184
6220
4572
820
1635
3066
6942
7322
2764
2751
4493
1605
5945
2057
3202
1849
4080
7574
2764
3859
3748
6573
2441
3146
5079
3311
4069
412
645
1960
865
2491
5655
1596
4566
1466
1529
180
5686
609
5611
2487
5959
2205
6707
4997
608
4180
1407
4205
7257
1004
6799
7763
1069
492
7137
5158
1973
7629
5625
2188
3742
6611
3660
2750
338
5636
2387
3713
3352
5849
839
7708
7228
7509
5648
5674
5974
1852
759
1766
1642
2036
6502
6049
1028
2002
6909
887
7532
6370
7242
5892
396
4164
4809
2543
5885
5689
5244
7600
2127
7213
186
3579
6989
291
4174
4770
7822
6914
1415
6302
7892
4100
2925
2487
7063
2444
4850
4083
7528
6126
4777
334
1515
1195
792
6644
1250
7064
1067
1557
4255
1601
7937
622
4641
2535
179
7434
256
5688
890
6242
2023
3981
6100
7552
2549
1379
7861
5859
5782
1915
406
2743
3926
5919
2976
4042
1726
4273
5975
7249
3997
1041
2845
6564
6120
409
5
4141
3146
5280
354
961
2792
1514
870
2737
6912
459
6349
3914
6604
676
4863
6246
5340
3232
4247
5144
5816
4774
4305
3584
4159
3797
5032
6263
3273
1408
3968
7230
5025
3409
2967
1605
3906
317
82
480
4329
6377
4540
5780
7115
1579
21
6753
2405
3071
4187
4300
4959
1620
1573
5774
3305
2769
1443
2507
1383
6588
3870
4395
4195
7254
921
275
6024
3035
1024
3842
2584
7798
5693
7348
2515
3617
3714
2707
4175
7274
1193
6777
920
3300
5310
70
3281
462
2707
7817
953
6945
2106
4566
3634
6885
4473
468
5482
4479
2770
3668
4027
6109
3311
3385
5486
2561
2845
4021
6083
4216
867
7575
996
1672
1116
2693
2481
4226
3540
3432
2570
369
2512
2470
5297
4272
3452
5198
6706
7611
5951
6262
1131
2392
7374
4262
5110
2045
7546
4403
5609
7174
2682
224
2361
3892
5539
6635
3823
7687
4210
3117
4447
7105
1449
4730
2318
3926
3475
1627
4757
5519
6391
1741
7724
7569
7138
2120
1512
5710
7838
4616
2721
628
2988
7817
3153
7961
2046
4912
7543
7941
6536
5463
3260
3346
415
2389
2754
6721
7924
1149
6191
7434
6
3816
2595
6678
6550
3997
1449
3166
6693
4591
180
3340
3665
2122
7558
7479
7096
1094
3037
5864
1863
4762
267
7512
2589
1020
4683
7504
7370
5834
544
4483
7241
4976
4376
6479
391
5437
5916
5421
1462
1412
1270
3922
4430
1425
2512
5852
583
4897
6679
5321
5302
559
5543
3442
3923
5899
5354
135
1381
1693
5380
2551
4974
4869
7833
7553
7761
5857
433
2876
4612
1212
2736
2127
7296
7949
7706
2612
1745
1069
2122
3312
894
3152
7216
2615
6926
6034
3355
1660
1801
2358
5944
6517
6258
5448
1532
926
2320
3658
3947
3971
5241
4335
2774
7403
5380
2289
525
7386
3589
4306
145
7534
3843
180
5148
3737
2381
5865
6568
6148
3172
172
7459
5681
3844
7559
2164
3690
7216
7221
7132
148
3281
7194
6926
6365
2195
3186
3465
245
3312
7171
4484
5421
365
2452
3129
7786
3521
1283
6502
493
417
4519
2522
4382
2559
85
7598
5022
2638
4575
1630
3847
6143
2272
4658
4374
1042
7175
4654
507
5123
7620
6609
1822
5803
7964
1008
4744
6347
4015
7223
5245
3427
3716
4891
2675
4394
5170
1708
4726
4064
6211
7283
3039
2330
2200
688
2589
1721
5352
81
7753
5276
7044
1807
7803
7503
3713
3504
925
5333
2905
193
73
7602
1844
260
5284
1575
1443
6516
6160
2449
6554
5920
6628
7481
101
5202
1338
7324
1097
4214
5034
2513
7024
5437
4563
4381
4477
7004
5065
2846
1665
3991
2385
5119
5199
3831
1142
3849
1331
714
5370
4369
4133
4640
7660
372
3281
7017
3112
1796
1982
570
3356
7391
6866
6327
3887
3119
1170
4586
7144
4999
3623
1035
330
6218
4900
5756
6949
7384
2864
4601
4285
7635
7657
3748
835
3360
2453
7565
2142
6563
1997
7970
7970
2106
5743
7616
1370
6263
3103
7248
5557
1236
7440
6082
738
6604
3607
1487
6856
3181
4641
7337
4379
7151
5024
3105
1377
4159
6230
243
5797
7537
2521
3232
7156
180
7813
447
4328
5965
7754
7219
4430
7580
3210
951
6325
152
3422
3637
3854
6130
3002
3038
1250
1156
5111
7655
1768
3439
847
2682
3648
4050
7141
673
4397
228
2053
3455
1154
5053
3158
7300
1925
5949
6607
2862
4834
1726
5159
4367
753
1815
7467
2258
1933
7889
5618
931
4944
2608
1067
1057
2055
7037
5031
5030
1953
6919
2426
803
7752
6823
4209
7762
7224
4247
973
787
208
3823
4428
4820
2756
2504
5812
5650
2811
713
1061
7887
2011
7511
952
6170
1053
3407
5912
7705
5061
1843
136
3950
7308
3726
6102
4193
7480
1942
3172
5693
2866
4593
4408
6059
3494
1014
5617
3071
4762
3760
1227
669
3474
5806
2259
5049
1079
739
7717
352
4203
4609
2076
5348
4200
2935
4599
3312
6443
1634
2823
3930
2144
5456
5627
1215
3876
1771
5986
3799
4177
1210
6915
1453
7609
822
492
4477
3894
1878
7976
7192
5134
5185
5702
6611
5754
1681
7179
1074
7512
1096
1783
748
4592
2489
5150
7649
6254
1071
2764
2274
3064
1273
3169
5674
6407
4622
1797
6838
1899
6298
7108
5184
6390
257
7900
7963
911
3539
6866
6303
6558
5739
7106
7111
7368
6384
356
6682
2356
7332
5907
3040
6871
2929
7195
6958
1650
1945
3190
1688
7368
2814
7808
5838
6032
7896
4118
6626
7318
1012
4938
4251
7849
5549
4141
4641
4568
7231
7540
948
5795
1521
7858
3865
5689
4779
3331
6899
684
2431
4825
7380
4436
7409
5996
7143
7522
7364
3531
618
2934
3021
487
2246
7734
2980
3653
7258
1483
1848
4668
1524
4226
7764
5654
6642
779
4796
4717
2397
3812
72
604
3833
6657
3027
2679
4021
5477
5836
1175
4140
5282
6815
3218
613
7355
7278
1438
553
6403
3582
3748
2763
6238
7567
7790
429
1513
6132
6820
7251
5289
2864
1417
4518
3640
5281
1265
2796
5597
2359
2715
1390
4976
6990
5309
7060
4412
2086
5512
1086
7902
2721
7695
3563
3345
414
7623
5978
5664
6901
5922
2330
5145
1262
3797
211
3948
4881
5027
617
7692
6876
4433
7296
1221
811
5534
127
5888
5765
6641
6968
2076
5827
7869
6720
4996
3894
1481
1963
2843
4023
3021
507
7684
5418
4928
6084
7188
2306
3747
716
4867
5668
5641
2740
7873
2934
5664
3394
3730
4413
1922
6726
2877
2994
3543
3963
1732
619
3281
6066
1689
6127
1773
1712
4198
3102
1143
331
681
2598
4455
6271
7271
1538
3699
5788
5613
7307
2986
181
4605
7126
5231
474
6230
3822
1902
278
5509
7381
5601
3043
6981
164
6600
7889
1564
4679
7295
549
2816
575
7098
3635
3823
405
5784
3622
7400
1424
5160
3128
6721
4436
2295
672
7369
3929
2220
2729
6936
4776
2988
6708
2426
5634
4125
525
6240
6289
1335
2592
6240
3560
7241
1647
3569
799
2166
2357
4145
4869
4132
6563
459
7006
2257
4585
576
5360
7387
3007
3283
4872
6553
563
2259
718
7861
5212
2033
3060
3853
6241
2419
4119
3588
5510
1754
635
7846
6713
7883
2864
6013
7588
6805
247
623
4562
5297
4604
386
2132
3990
6873
5467
2787
1655
948
3106
7300
7384
2346
3857
5481
5344
661
1069
4884
5580
6008
489
2659
7561
3662
7217
3269
4023
3617
2110
7189
1530
1995
1322
5273
887
4091
5998
3906
4525
4340
2099
235
6125
5349
4590
5783
7390
5912
6629
5017
6879
7733
2338
6454
1854
3844
857
6389
760
4408
7420
4372
3239
1423
7584
6564
7163
4270
3897
2693
6593
6821
1863
2339
6441
6669
6477
6242
5364
2132
1915
2714
2933
2255
4854
1297
3765
3646
3878
6799
2804
7833
1760
4804
1711
1716
6064
1953
5627
6992
1090
2675
7747
5752
2069
789
2
7789
2152
3692
836
6254
6295
5240
7470
3615
949
6504
7921
6552
4499
5855
3605
3778
929
7577
3702
1453
962
1260
5132
699
7662
1461
6820
201
3218
4332
6915
7652
4618
4932
418
2779
6702
4514
7140
5230
2157
2223
5851
1970
3459
2552
156
6067
743
2814
3115
5837
4427
6062
5047
7198
7749
4211
524
536
869
3572
5702
4009
526
1724
4556
5033
3633
6495
5691
7286
388
4318
7051
4192
5796
5856
5549
6740
568
5625
1117
3495
3072
5772
5507
2638
7689
5694
4854
6798
1327
4278
1556
3073
3022
222
4975
7727
4001
6457
1440
343
3703
7383
257
2851
5555
7730
1888
2125
3348
1136
7177
5244
2975
4038
2215
4739
2667
6143
943
653
1011
2743
5419
858
1643
1442
3310
4697
7953
3456
4425
7343
610
7733
2694
7859
4835
5863
331
6741
3523
5872
3403
5495
3032
507
1770
7433
4905
2697
2382
4200
7147
3401
4270
7859
7476
2622
6611
4842
2244
4404
6357
5324
7770
1101
2267
4351
7794
5859
6392
6811
142
6215
5339
1377
7293
1267
1022
2006
3190
3002
1273
6665
2300
2499
1915
1041
92
7797
2358
1221
1561
3708
6137
3241
1977
5557
6540
1466
6473
2661
1606
2820
621
5287
2728
2148
5857
656
5410
674
1631
7933
7468
2726
5359
3227
7791
7378
3508
5034
4308
1671
3032
1007
1489
49
2176
923
728
4785
446
733
5034
3426
7568
3775
5523
3077
275
6918
3635
1064
1423
449
6174
3815
6342
7259
2356
245
1119
6273
6028
3372
4540
617
4783
3955
2917
7413
1449
20
6631
5931
5533
165
3430
3497
2806
7737
712
5040
5297
6622
466
7679
1546
1822
6856
4197
6877
7683
6975
575
6644
2505
70
4070
7727
751
2322
2390
3451
6220
1006
4578
2736
1228
151
1562
2527
4434
1137
4983
4195
7954
1616
6118
4071
2296
2786
1273
886
478
1853
1824
5036
7258
7136
2261
2132
3009
7242
5027
1780
5430
7891
1121
7880
467
1746
3333
1232
5238
7026
7090
957
3327
4692
7305
5333
6078
2302
4354
3002
7692
2536
2779
3090
7474
5391
4148
899
5050
718
2523
3246
7363
6308
1226
7700
835
6781
637
3155
2734
2115
6731
207
1834
5251
609
2517
1597
71
5102
5171
610
3642
5507
3388
4343
4780
7811
6550
5084
622
1309
2493
7098
7209
2851
3960
5683
1914
1104
4063
2243
1819
7490
1985
5728
7609
732
2859
2041
4130
4115
3279
1521
7056
5206
6210
5224
3229
7500
3546
5114
6396
1352
2418
6835
4088
7433
6808
5788
2446
972
6651
6079
2464
6972
5142
1607
3908
1692
2409
1885
4739
7345
2208
6502
4971
6528
1958
613
7358
4688
4351
3954
6565
4520
6843
4769
3268
4413
4711
6225
2073
1182
3128
4721
5966
6520
7405
6954
5175
5994
6434
3243
223
350
4255
5486
5941
6206
6732
3568
7918
6788
4567
655
6398
591
5716
5393
4389
3202
6074
2868
5724
6040
2945
2674
6400
2284
7562
4233
1709
336
1033
401
2647
1314
656
2323
5591
3659
3556
912
4725
4475
7588
6256
5831
4748
7545
3802
4535
5241
209
3461
6536
1084
1730
3256
3762
2120
7679
6360
4345
143
4518
5724
6238
7780
4711
4408
7995
5958
5493
2872
3733
7475
6800
7319
6331
1919
840
1428
1178
968
7406
905
6294
2806
3387
5645
3542
5968
1433
2322
6590
7485
4890
4826
5438
6706
436
4180
3390
5013
594
5615
235
3525
2215
6456
3085
2741
6937
7945
7703
2782
5799
3325
308
3009
2249
558
1864
5839
6165
7044
6505
4115
256
4755
7988
324
4797
3025
2956
7992
6643
2063
2961
6791
2692
684
7555
3616
5462
5358
6440
4827
5542
5068
7773
7644
866
7666
7778
2937
1423
6943
7309
1465
2779
994
3856
234
2754
4929
7314
3212
5030
4798
2670
4955
3764
5696
1518
4880
5467
2493
188
1308
7577
6938
6515
4825
5695
4092
6096
7531
1729
2222
3795
7260
2248
4970
7890
413
2050
6003
656
6897
692
6367
799
911
974
4325
6755
1083
655
5933
1787
54
7121
3774
7401
6439
5433
3708
3126
1697
4670
1862
5490
6750
5021
4317
3060
6964
607
7816
5435
2952
3700
2045
3299
163
7800
710
1681
4481
4201
5152
6525
7559
6316
3749
7554
6228
2984
2103
7706
7049
3226
5674
2722
6498
5203
1302
5250
5582
5891
6912
1080
3094
5188
679
4023
124
948
2766
5863
1558
532
4323
6917
893
7371
7963
6689
5081
3653
5788
5758
95
6986
4948
1933
6045
4073
5819
6469
2563
2325
3533
6081
2662
1944
5277
7772
2598
4313
138
3888
497
6583
2348
2892
2426
4888
1583
2823
125
2853
6903
5194
6670
5118
282
6722
7372
2020
7560
2229
2597
5097
4819
4734
2549
6872
5182
3816
6637
4179
6192
573
3062
7365
4304
7798
7791
2324
5584
3764
7865
4086
3775
1203
3702
6346
1402
1302
3392
1048
6194
7552
6176
3909
1467
4959
2385
6853
7780
1612
6669
597
1167
1865
7112
6664
1555
6209
4154
7827
1766
7237
1173
725
7155
5290
509
2037
3976
3042
3888
1261
7494
5393
3961
6535
7007
7993
4395
2099
3422
4703
3486
1211
2980
2686
2334
4521
1951
2947
395
1155
2037
1319
6038
7033
5646
7125
6409
7049
6006
3524
7203
7848
1734
2796
7687
7027
5537
5314
5328
203
7523
5450
1447
887
5308
1207
7834
5962
7250
5712
6146
50
6424
5311
6194
1347
3749
1993
4419
5294
4686
806
5075
7167
1332
641
4567
1764
1783
4177
6893
1154
7060
4751
1956
6658
4573
5714
5401
3743
6343
4860
1208
6886
3985
4359
6856
6296
4929
6953
3298
674
4041
1292
7121
7683
1659
821
948
3996
3737
4760
6315
4644
6669
4879
6725
7524
1377
380
4063
6337
6449
6907
6205
437
3450
2708
6632
4142
3364
2026
2610
5349
7866
4466
4194
5373
4984
3834
7475
7426
2002
178
68
5651
1730
1190
5825
2401
3063
5909
2543
115
842
5396
6417
4844
2434
634
5307
6177
3841
2954
3977
3713
7870
5958
4908
7899
7729
5943
2490
6720
6684
7089
4675
6843
3366
5816
1964
2064
1196
4055
5486
7587
6859
3854
3054
4111
2027
278
7967
2853
5511
3572
462
3979
7541
7777
3405
3790
6911
1137
7464
397
3467
6257
2196
7002
7359
7214
4218
4646
5852
1423
5125
6619
1892
5308
1194
5971
6937
7621
5319
1610
159
3937
1490
5424
7718
7803
5486
2619
5760
3641
3142
2054
1893
3670
6343
4144
1521
653
1665
7488
7835
1990
3860
4719
1563
7992
6648
5393
4330
3106
5194
4766
2698
4508
7887
6321
7098
735
4394
716
1851
1453
5483
5508
1574
3004
2387
4496
5754
5327
1840
6242
1497
5501
6075
701
7779
1426
2046
5986
6297
7693
1597
7800
3088
2965
4146
964
3445
772
5696
7249
7314
5769
4369
5181
5148
6528
2864
2
2446
2349
2537
849
5388
4332
6496
3590
6258
4924
7357
7087
2463
5220
4730
50
2998
3332
1969
1584
1764
3392
6181
6401
7131
5507
6428
851
3878
2835
784
5662
4143
5366
4862
3700
2112
6954
4018
3557
1789
105
2050
2624
513
5047
6230
7027
5035
5918
5676
1248
4702
4202
6388
7170
3127
1184
5869
7629
2741
1227
1033
5789
1104
4311
539
3069
4034
3682
5832
1050
5010
5286
2627
5433
3311
3323
2622
7840
444
5736
7642
6137
2970
6303
5774
248
1588
7687
1510
724
4276
1266
7019
5930
3690
2079
4650
5374
5755
7484
5825
1345
588
6162
2853
3586
893
4360
1804
7435
2680
1125
4261
5444
2773
1521
165
3195
6627
3639
2257
96
5990
2000
1006
1987
142
4811
6297
4555
1704
5878
4657
2992
4524
7147
3269
4981
5183
6936
5896
6563
7775
6050
2932
1015
459
2137
5717
7188
5422
4771
1422
1671
3151
6155
5927
285
594
7441
6885
4650
6988
3490
5468
6918
123
3635
4852
6003
5312
5684
5525
3706
988
7818
2397
908
5376
284
6314
7652
6324
5220
782
3080
6869
7609
5999
3284
5876
7566
4221
3887
3401
121
491
1912
2677
1013
64
1774
5874
634
2934
2707
2150
1557
7167
2317
1765
7250
6374
7917
3645
4258
1366
4318
7019
4961
5336
5801
5770
838
3117
4639
5045
2914
4841
806
7678
198
5139
7012
4770
1842
5091
1057
3915
3269
4723
3472
2315
6320
3750
1004
6014
5682
2336
3556
6730
3093
2028
1607
3870
946
3560
5685
6574
6445
3965
3320
3476
828
5539
6968
3390
402
3855
735
3114
3359
7623
5953
712
1963
1680
6598
6389
1771
2842
5712
2453
4864
523
7550
1903
2440
193
1233
85
891
2854
5850
7171
3800
7598
3424
4347
6987
4974
2243
5730
918
7728
2341
6987
2496
1545
1930
795
5240
6226
775
3152
6654
7332
7101
5759
6552
2315
3452
1490
7344
3983
7926
2202
5733
580
2964
6396
4634
3267
3493
2417
1463
2493
3817
5468
5187
5707
5486
965
7861
2867
4144
4406
224
1485
7982
4061
879
165
1177
4191
5006
6057
2917
4753
5265
977
5030
5590
828
4549
6056
1189
292
3384
5257
4171
7368
3136
7064
426
1109
7601
2631
7154
5183
1154
4200
1492
2217
5532
4835
6872
2943
5222
5808
4974
4655
2416
5452
5369
6389
5945
6369
4690
6068
3634
1222
6435
6809
471
746
2402
7451
3317
1600
1695
2546
6133
4903
685
7026
7739
4643
3412
2859
29
4220
5837
7114
2510
2764
3892
7403
6112
1148
4394
1027
7949
6615
3333
7647
5417
1421
4840
6332
928
7430
1604
7528
6832
7924
6983
6314
6721
7665
4779
7585
2778
51
6163
3530
1781
1530
486
3509
3393
6477
7586
2950
7652
6084
1383
4258
1494
24
574
3901
692
1676
184
2021
7604
4871
6666
3809
5235
2929
2061
4822
2962
2927
6073
5466
4378
800
6325
5819
6739
2031
3765
1886
6952
5768
1106
7353
6781
804
3940
3277
2693
3903
3955
718
605
1404
9
6372
3390
6517
3994
3238
3631
2903
2336
399
4171
6797
3067
7630
709
7753
36
5634
3656
115
2904
4777
7588
3804
2947
6995
267
4204
7659
5076
7894
4570
2969
5525
1313
6222
4711
4576
6789
5887
7535
4487
7954
3884
4158
5843
5830
6605
4032
2163
4624
3985
5580
2026
3578
7025
7667
6881
1344
5809
2046
2815
3173
4527
2253
1232
4779
4400
5356
2153
5260
5289
295
7117
7746
1552
269
5471
1136
381
5072
3495
1904
6162
2519
1631
175
2016
5254
4380
3737
5067
2086
7293
6247
7405
7358
5903
1630
967
1240
2373
2181
320
7317
4234
5970
5910
6154
1356
4783
103
5194
2505
3771
922
958
2685
3470
413
3551
6704
1706
2147
6474
2555
2319
3962
4461
3875
7896
5851
371
5553
6375
689
4387
65
5245
4768
411
2468
3334
2873
1620
7303
7098
4231
7237
3942
3908
6897
5821
34
3922
6307
4560
6517
3765
7815
6105
1319
1101
3304
1094
3061
7271
3813
1623
7355
3548
7326
3448
6203
1319
4277
4342
7555
1494
1812
1171
6239
992
2217
3605
7725
2888
2589
1138
4892
1482
3172
155
2648
3232
3608
861
7553
5460
653
512
4915
3735
4930
4272
5248
6582
6629
5965
5547
6766
7542
6784
5998
6564
432
6930
1676
2976
416
3079
345
5958
4692
1515
5677
4797
7495
5037
2851
7886
6217
2404
4357
5891
3
3445
2097
3409
5495
4430
1519
998
2951
7033
6342
708
593
5632
499
378
4935
5699
6637
2043
4102
5910
5657
6514
2368
3041
546
2160
2933
3711
2877
3894
6558
7400
5220
6300
7929
6528
5151
76
7700
509
4880
5771
902
2820
4413
86
2280
2381
5965
1837
6537
5445
545
4551
4461
1133
1450
5856
4064
1090
46
5509
6915
5396
5312
2114
4124
4967
5744
6837
1954
3727
2123
6805
2294
5915
6033
5680
3679
2650
7450
973
6644
5961
574
1683
677
2747
5845
6757
6959
4999
2693
6925
7023
442
2432
4912
5634
168
7914
2954
4880
4200
7262
4273
7517
7631
862
955
5623
2018
5641
2791
1650
2114
3083
1979
390
6726
4369
3802
4844
5754
364
7691
6793
6495
5776
6725
3552
380
1035
713
7438
2876
2857
2815
7326
5017
2033
7414
659
7436
7371
5400
7121
1522
6041
5308
6906
5758
6251
2836
1661
1795
6697
4739
5576
680
645
3278
5039
6418
1204
5143
3339
7815
165
5538
286
1534
5172
5390
7920
7658
2219
821
2277
1612
2593
6506
1087
2073
1543
5221
7686
5445
2170
5102
5957
5171
2100
1660
6698
60
5076
1933
5824
3065
2989
3525
6119
4125
2071
5591
6713
7835
7678
5067
1118
989
4598
2809
1196
6401
7085
6151
6668
5988
3301
4913
1889
6992
6333
5158
2054
2326
3222
850
3859
5912
116
6802
3208
2629
3242
7162
2564
4968
1521
369
2989
4765
1459
1023
319
7003
5106
1498
861
927
603
1635
3118
6125
4640
6019
7438
7230
228
4939
3755
1024
6518
4089
2167
1200
579
4896
6420
1610
271
4946
5530
1534
764
5683
3000
4804
4652
1104
5013
1871
1077
7744
4367
3555
2481
3739
2265
4403
3146
163
3838
6121
5252
5713
5328
7431
4246
2102
7770
472
2865
7786
7455
5126
7051
5617
5608
1955
3010
886
956
4650
2741
7651
279
502
5322
10
5344
1203
3531
4482
5978
108
1393
6853
6057
5791
1618
5420
5187
2552
4830
235
3085
7434
5737
2013
977
2253
5440
7912
2549
6742
7507
7023
2151
6517
6684
7895
3208
7366
473
2677
7683
2664
3810
7466
1702
5350
5930
3575
2131
4546
3249
2099
5823
1256
6973
296
1469
2709
4862
7855
5916
3703
1797
905
2319
4341
555
3322
7653
4055
5681
4060
6202
983
1237
1929
4594
5034
7739
5
5865
2866
5765
6355
3643
6626
677
4992
1973
2067
2767
4481
2478
302
7209
1193
3093
2725
7706
1941
7574
3863
4239
147
1606
2285
3975
961
3559
677
299
1625
1522
7495
6026
1029
5869
515
156
793
2257
3889
6149
49
5404
6449
1909
5607
1624
1340
1718
2804
6008
3171
6480
5044
7385
3695
1582
3357
4677
2069
3527
1486
2918
76
538
761
1975
1755
5695
5485
1688
2908
1563
7286
3850
3667
1848
1713
3035
6637
785
2383
301
4995
6880
5976
445
1597
7997
3883
7466
5842
4160
5906
920
2833
6509
3144
6794
5718
7801
2381
2336
4907
2309
1650
5588
6043
3445
6981
2819
221
7704
2736
2993
3193
1507
1418
6491
1122
5046
3840
3322
7829
6575
3412
402
883
5252
3777
4798
4300
4462
1763
5086
6720
257
3959
3820
306
1039
926
7414
97
3095
7874
6119
2969
3746
5814
7390
4883
157
2880
7194
4336
6653
1914
6492
3499
5475
278
3105
4084
7372
7657
752
4873
6576
1647
7040
6037
870
7646
6960
4266
1340
620
6931
3810
543
4336
4514
6644
7538
1725
3990
580
7805
6510
3712
4472
6041
4597
5783
7093
6438
2421
4432
7976
6194
4839
72
3467
7903
1940
1289
2467
7415
3099
2724
4696
5418
2211
4261
4820
7577
3123
400
5284
6289
5877
901
3204
341
3367
4148
1799
431
6574
6722
5222
5991
1567
2051
2266
3891
2459
3626
1745
5244
7468
885
3969
1349
2086
2705
5072
2965
6361
6589
306
551
2918
2888
1601
1453
841
7627
5526
5900
5409
6279
5937
7494
475
5715
2169
4063
7545
7987
4894
3340
6210
1754
3733
4434
1486
4529
4317
4206
4698
6201
3468
7355
7710
1862
840
2464
5318
1790
6104
3483
7843
6081
5559
3233
4796
6873
4916
3560
4999
2780
7248
2925
5885
6402
7225
2445
1182
3304
2688
6177
4602
5047
2102
5728
7468
7029
7172
6737
4546
1519
6809
6370
1142
111
5203
4415
5220
3411
4713
2741
4699
2642
3799
3196
3721
7310
2956
2092
5569
6600
6489
1318
3813
3206
1502
6324
5217
6784
7629
1173
3161
245
4180
983
173
7486
742
816
6568
15
5245
2066
1872
7711
6948
675
1820
1849
2354
6351
5413
1532
5869
5711
7802
2210
585
4718
7912
6661
1845
1115
3941
6314
521
4052
5932
4700
2285
2355
3510
4874
2481
4859
5026
5786
2206
3007
3490
7372
5012
5042
7019
2173
1970
7758
4332
1663
6986
3906
6617
2056
5604
3687
500
2932
212
2849
1596
2477
5352
7916
1155
4906
1743
2899
4575
4523
2707
1136
6700
4559
1789
2289
5093
7900
1440
7723
713
7846
5156
3572
6492
1556
6171
7126
7785
7331
6567
1066
2664
95
1915
