4816
2916
262
3485
4171
21
6859
6499
4841
2035
1543
6246
6371
2681
5757
5777
1296
763
5314
5879
4570
5694
4614
5091
1233
3199
4825
5339
6952
5740
4780
589
3041
6288
1303
2807
1349
5975
3704
1226
4098
2437
3805
3164
5917
2744
4233
4352
7915
262
2425
7004
230
3777
7940
5807
2021
3152
2019
4036
5943
5050
1293
454
456
5867
3614
4546
2180
576
1149
3923
5805
2967
6381
2866
5891
1944
4446
2300
7883
5000
775
1698
7750
1601
7835
366
4904
7409
4790
2701
3134
459
6583
3803
5687
748
7587
6918
7896
3548
6684
1172
4137
1573
5504
3397
1261
760
6359
506
7705
4254
6515
7709
3570
1446
3003
1998
7328
3510
6686
6840
3435
360
5676
2497
7302
1213
1947
3370
5564
4859
7414
586
76
5920
1452
2428
5901
6212
5217
3792
6808
2073
4186
1128
2833
5849
1544
4339
2061
5756
55
2832
6943
2716
887
1083
2957
2004
1028
4671
7656
1786
969
2965
3007
164
291
6947
5621
4339
6979
4141
460
4285
6347
6065
2279
748
5515
3125
7928
1279
947
6993
4278
7453
3873
6509
2352
5903
1047
246
2792
4956
6124
7840
3945
1243
4049
7842
3440
3983
4932
7538
2530
2619
331
555
4476
1417
5586
1970
5593
7422
7782
6073
7480
5375
169
7864
7947
4873
1532
2756
5515
3073
2304
7227
2144
5029
6005
7533
4099
2924
6135
862
2955
7166
3935
3249
5330
5343
847
380
5274
5877
7173
6218
1483
7022
4902
5860
3191
1351
1206
7029
3005
7489
5739
1529
6473
5182
4384
6523
294
5976
3997
491
754
6389
6720
7625
1469
6797
1802
3747
2360
5303
4288
7395
1021
2259
616
1054
3021
928
4058
2503
5404
5993
4286
5783
2520
2736
3948
2594
3974
4941
2261
6438
6771
2311
1248
3447
4680
1963
741
4756
4898
6543
6293
6254
2036
6426
2834
4903
1
5207
3407
4180
965
1704
4825
3928
371
1450
7806
5522
400
1415
3829
7186
7273
6855
5873
4279
3107
3702
4247
5033
403
5231
6551
1475
156
2424
2277
3807
4372
674
2189
2297
4963
2755
6163
1869
5207
6588
7314
5167
3584
7486
6170
7828
1452
3258
5806
4401
1969
3282
5251
2352
1463
6917
4270
1672
3372
5305
1625
911
4183
3006
6647
4062
4867
7303
3261
7910
2596
7730
5357
5853
3085
7372
1914
652
6781
6350
2274
3559
5955
6112
2847
2807
532
6964
1245
5897
3629
5649
3331
2196
4072
2473
2476
2962
2556
7053
3938
4265
3686
2981
1922
5436
3487
3991
2644
7619
2972
4389
7453
1025
6122
1033
4249
7168
2535
2209
6765
1626
7959
3314
3999
6055
6301
6033
5728
2001
7806
4412
2893
4629
4505
1332
4363
3144
4277
7963
5535
4754
3091
7458
7896
6146
1754
2031
671
7215
7162
158
6181
666
3630
5295
7916
6325
1610
1065
941
3788
6146
7092
3907
4893
4400
2885
475
5561
2233
5276
3317
2090
2576
2860
7513
6441
407
3073
7651
1191
175
2675
4623
7156
3783
5166
2760
1497
7170
5481
3475
7525
2880
4464
3328
686
2353
2026
332
7196
2755
6438
1637
5921
4128
5292
6465
2208
1647
6023
2529
3985
7862
4353
6590
5944
7017
4699
1051
3202
5924
2018
3829
7160
7463
3050
578
895
583
1823
275
6225
2009
6115
2650
4417
1014
4143
6214
5581
6525
5286
2337
2284
6625
4124
165
3901
4893
2301
2853
7050
907
640
5218
7642
915
5381
3600
5473
6621
1644
4935
7578
2060
5606
7469
748
4848
3011
2135
183
6403
4265
4729
6723
700
2372
2171
4660
5065
3968
120
4475
1302
3932
342
2149
3254
7315
1845
1587
1485
794
4506
5668
1644
5605
6963
1131
7137
5502
451
6024
6084
2792
7739
3300
3836
4970
7385
1936
4879
6638
3374
7425
6890
5013
1337
2978
1413
5175
3390
1818
312
3223
5895
5398
5344
5686
57
2562
3238
3267
4628
6161
6729
1419
2253
737
2165
145
937
6296
7718
5144
2621
5645
4140
648
6484
3219
6891
603
5890
1723
4988
5866
5810
2990
1305
7722
2282
4230
7988
6078
7288
4865
6932
456
2946
3498
3102
7985
3656
2340
4571
7100
2827
2991
7699
3555
201
7400
7873
3018
7118
4899
2581
6367
1799
2794
6255
4886
3387
2259
2421
3348
6706
3271
1712
5633
1246
2835
5774
5229
3037
4216
2204
2986
275
2887
4398
1463
5709
6683
4029
3289
6343
5187
4905
7923
6374
3568
6872
1025
3502
2809
945
5542
5074
6302
4696
1759
7650
2561
6265
6882
5191
7380
1258
1755
5482
2557
2218
6071
5970
3830
4050
6242
2499
4909
995
6779
7177
7220
4554
2952
5570
5752
371
4421
311
193
504
2315
3775
3892
3263
1476
6210
1186
949
305
3553
5521
5969
4302
1923
5630
4029
974
3670
2141
4180
5292
5037
3248
5763
6524
1047
1376
3219
250
2662
6830
1902
2321
2303
875
4136
7029
5804
7945
4134
5825
7910
3958
4765
6420
295
1498
2885
3281
6520
2397
1476
6700
2878
4220
42
6416
6392
822
7680
3659
4450
5686
277
6311
2078
7375
7355
5240
6602
2375
2830
3493
5930
7386
4050
3313
3272
1087
5808
7232
7864
4619
3388
5328
4408
2021
7255
6869
6840
5709
6226
2658
7696
3497
1129
2072
7874
7757
2813
7126
3215
7663
4220
4882
6385
6806
7085
2466
4306
5029
7468
1925
5656
7424
4254
268
6562
396
4343
7021
1476
5566
872
7744
3196
3261
1421
776
4499
3299
5473
6937
1221
6808
2127
4385
2473
4556
3730
5069
2729
7314
3606
5460
122
2478
3358
6034
5696
6824
18
3026
6297
5086
5000
1836
4989
7514
1026
416
1090
7188
3791
7978
7604
4126
7340
6271
1647
4038
6777
5357
6227
3825
633
4018
7843
2214
4535
5345
2495
5452
4130
6672
5791
353
1641
5072
5284
2214
2967
4888
1655
7053
4417
2412
3113
213
592
4067
3812
897
2740
6505
7504
6662
6219
5117
2218
7812
2322
5248
529
5125
5363
6859
7585
4762
1872
795
5465
6679
1797
6332
7114
2288
6946
4523
7156
3915
7804
2199
5037
2136
510
597
7439
4234
3293
4627
7971
7104
3665
6205
5971
4998
924
6835
6174
2373
3462
7274
6267
3978
606
7809
3238
7031
3974
1334
4459
1738
2330
1206
5422
6032
3433
2503
7012
5073
1893
5171
7280
7863
3661
2553
3421
6976
4863
1957
4790
2814
6166
3034
2104
622
2850
1088
3001
4825
2994
6211
452
5525
2206
1300
7244
4971
7481
776
3636
2745
7131
1122
1974
1750
3026
3166
5703
6562
2522
1614
7993
3029
419
158
4120
3388
1872
5854
7750
4856
2390
6697
1943
4726
4927
5805
7067
4549
1237
4983
6163
2975
6701
2432
1805
7679
2332
3693
4179
1951
968
4689
2022
5298
2005
7779
2930
3643
2010
2901
5975
4527
5076
6293
2113
156
6735
2606
6619
3053
7640
2830
3332
1584
2100
2093
4382
760
5080
6020
5313
323
2066
3824
4615
3432
4714
3899
7364
744
3048
5356
5101
2011
7249
5856
4728
4233
2201
5229
216
4054
5235
1857
6309
7604
2977
2467
4155
4186
7156
2169
4500
1584
1312
3578
1654
4977
6122
3685
2528
1527
6118
2026
228
7535
6140
2498
5801
2064
6602
6950
5296
217
5166
6501
4435
6123
2675
579
5690
2496
7901
5717
7380
5665
3724
7144
4762
4388
1610
1997
6324
7550
6373
4578
1709
3403
7829
2922
4194
616
1228
1061
2714
3117
7012
7664
7497
6353
2971
3179
7600
5225
7821
5476
6028
1189
3105
7006
4489
5986
1949
994
3470
5795
1926
870
6798
310
4212
6732
3959
6760
1108
2839
7136
3125
6570
5977
2782
7396
2325
5596
6053
105
841
962
2008
4516
7947
3545
4881
998
7421
2432
7754
3471
5429
1566
6187
4541
5415
330
6344
7988
383
4114
2461
4880
4807
3019
3329
6745
4227
7401
6843
5514
2072
5371
5338
1156
3563
5171
6460
5043
3822
1419
2170
7739
3845
3032
6118
6876
148
803
6821
2082
184
7608
7950
4095
3334
605
7737
436
2021
1177
2531
2552
922
7232
5360
2143
6315
2394
1529
278
1257
6305
5621
667
4027
257
6556
5943
3476
4526
4450
3043
4028
4786
1960
3716
4372
3240
5600
3688
5258
624
1104
3298
5061
2290
634
2424
7596
6536
3673
4072
1985
5991
6744
467
4165
4279
3069
5386
840
4639
5114
1341
1372
3204
3145
29
3383
3190
320
2612
4122
4713
1237
5893
898
2136
2448
6310
3247
4135
5
7329
6912
4507
2678
3689
6491
4996
2607
419
5160
4300
2425
6676
7269
4165
3261
5417
1561
2461
3017
4880
7252
538
6014
5465
7785
6176
2795
5616
1180
4976
7251
5073
2438
1656
5549
3303
415
894
4574
6708
7086
5998
7005
6856
5
3428
2538
7919
3724
6733
5741
1930
342
2224
1757
6180
286
1420
778
7114
7636
6845
2606
1905
4750
2267
169
516
3627
3060
5545
2952
477
4728
5625
6818
5224
1586
4047
4910
5631
3306
3243
4056
7406
4117
5732
5707
4470
4343
7843
6313
2040
5445
5670
4208
6322
3427
389
5548
1521
2173
1739
3017
3018
4015
1457
414
638
245
4938
7423
6810
7887
6858
3716
4858
492
51
5875
4722
3540
226
4934
3848
4913
5931
3800
1965
2962
2060
5447
5251
1161
3944
7747
6825
3467
5005
3758
898
2089
6484
5502
2654
162
624
4261
6153
2045
3746
1794
7082
4463
4183
7655
7752
2962
4886
469
3846
6095
6217
2019
1765
3670
3293
2909
4718
3826
3871
4349
6896
710
1556
2762
106
7208
1167
1136
3105
1439
2737
3155
4040
1746
591
827
5906
6001
6953
3627
1311
3638
7794
2769
103
1685
3924
4093
2087
3076
4925
1922
2420
1331
4477
7241
1439
7672
6247
7013
2406
4380
7517
901
1004
682
3898
3745
6176
5417
992
3149
696
2204
5266
4219
6621
6762
739
6459
7576
7676
3665
1594
6918
7281
6757
3987
1476
5267
4569
3775
1013
1762
1184
6268
2951
977
4249
5688
1092
4706
633
3458
2014
2286
7176
4317
4638
4542
929
5417
5530
4118
3793
1726
726
4893
873
3354
1863
7688
949
2789
5100
3650
1792
3042
5512
2761
636
2305
266
7423
302
6072
6089
7808
578
3402
948
7035
1145
4102
5948
2665
7132
2987
3940
2690
386
6653
5721
7282
3190
3645
4342
1826
135
3931
980
868
486
7375
1622
935
553
4944
5104
5128
4561
2423
7455
683
5555
1264
647
3139
779
2602
7271
6232
1153
1661
1515
4794
2601
1331
6303
7809
1000
324
2490
4054
3859
3756
1638
1574
5380
6220
6401
202
2228
7093
6807
3655
2635
5831
4686
258
4999
5172
7989
4621
1860
4684
215
4631
7216
4627
4717
4408
357
1076
3823
3810
1130
2986
3343
2408
965
7017
3074
5619
4546
4673
6558
2469
6865
2713
2197
2752
169
2491
6930
1261
2731
7309
2524
7171
5818
293
5704
6766
3172
4147
2156
665
684
5927
1761
6242
67
5019
3559
3131
3169
2251
3616
1196
4604
2622
1737
746
4346
7394
7818
6001
5417
5353
2652
2831
2793
2345
1694
266
2684
3863
4464
7533
1560
4528
7632
7887
3646
1216
7681
7362
1536
5292
6467
4777
7134
5654
4041
3653
165
7178
5725
6925
1665
310
4775
7672
776
6762
131
3630
5408
6033
7378
2050
7877
7074
2703
4283
6626
195
4084
7091
869
7429
2358
6594
7882
7628
6225
7721
7073
1859
6711
7383
7204
5372
2902
2637
7286
3692
6437
4650
2060
7282
6541
4656
7052
1376
5470
1175
4469
425
170
4306
3298
3963
4327
2013
7799
5845
7939
7848
4715
6880
4456
2730
1627
3335
733
5649
6851
5462
2868
2203
2927
7110
1878
3710
2918
465
3866
4555
2469
646
9
6954
1386
6655
6334
4960
1915
3726
486
6048
1367
1975
7998
2635
3356
1816
4640
3649
4412
5883
5637
4911
5796
4984
7409
1651
4595
313
7022
2835
6066
1768
6977
3297
356
758
342
6363
6598
4557
676
2455
3866
2428
239
3885
875
5498
4344
6925
4495
465
762
2959
4356
1369
4727
7804
1772
4852
3884
3600
7875
4229
5162
6082
7271
1538
3096
7550
4438
378
2179
5185
2546
761
5852
3269
6464
7102
1048
1729
6744
1396
3451
3518
5080
4629
1804
2925
2185
134
3904
621
7371
6429
578
7499
4749
7131
6727
7646
5507
3432
5166
7495
4343
4564
1920
2265
1703
4711
1303
7168
5972
5667
5551
3457
2743
7654
4351
2814
294
6863
3788
1231
1161
3497
3260
457
2459
1036
2675
5232
5027
1774
687
1253
6270
5698
6372
7936
508
4820
2174
3875
2057
7066
549
7682
6969
2744
2618
7218
4245
315
4856
2887
6733
4909
3818
3304
4027
1591
4394
172
5749
2280
2203
7306
5406
3767
1165
6773
1557
931
1559
5754
4444
7797
2050
1525
1135
5368
6620
3498
1090
1549
5662
3801
1422
3481
4545
5825
936
5237
4363
5601
4692
96
2968
6717
2329
7110
7832
6412
1267
2704
5404
2137
5059
455
2006
4839
4182
3928
2711
121
3143
2081
3136
6358
5498
2881
2897
3164
7841
5270
4643
366
3870
7822
2016
1484
2667
798
7345
7688
1075
2867
1743
5799
7561
3330
4238
7922
6872
1790
7212
5685
6768
5790
5466
110
5373
4854
3847
1131
3093
4431
3560
2786
4624
7932
2794
521
3529
4545
6615
900
7370
2045
1620
6373
4741
749
5008
661
7515
3776
4700
5602
453
2059
1085
7733
5096
6493
1532
1267
2523
2539
7838
5753
1239
6832
7401
1244
5645
4523
2401
3219
3438
1632
1449
1534
5481
488
858
7478
2067
3818
4683
1739
941
397
2304
2139
5588
2936
7848
2400
2564
61
7892
4907
5056
274
786
1561
7974
2724
6473
4607
5280
486
4302
345
4358
4293
1032
3824
7871
2771
3288
2314
5567
7269
6616
4526
3679
7672
238
5600
7011
4104
1744
6831
5013
7585
7908
2262
161
7383
4362
7645
7257
5801
4347
1006
1796
5918
7671
5897
5264
5076
7733
3291
3828
357
4644
5729
2440
4783
5280
6550
308
1128
2424
7019
2959
69
2032
1669
537
6283
2969
4208
3474
7393
6936
1735
7878
5591
3954
6709
5054
1451
919
5192
7440
3142
3385
1513
3449
6317
2546
5574
5135
1025
4504
6672
3997
5750
6008
181
4803
1630
1167
5267
6819
5673
3327
2866
3063
2808
6132
3892
5811
6907
1176
1530
5705
5466
1801
6087
7688
4138
1809
2953
1337
807
3843
4164
7012
892
7557
4770
5132
3246
2559
7370
5892
3465
7106
4231
1766
4075
3627
2029
5494
5518
6245
4316
1258
12
5705
6927
6766
1748
305
1800
4387
6428
2932
1431
7075
1524
3907
1328
4942
722
2933
211
6350
3021
6906
1594
7922
6533
7675
3489
2739
6228
4412
6229
5947
4207
195
7190
7565
5970
5391
6109
6885
7110
3426
514
3050
2833
1313
1982
7344
1168
7452
5478
5780
6184
3241
1550
2094
392
6446
2853
6386
564
574
537
7616
5436
4804
6332
7614
3787
2615
6122
196
4402
397
1157
7518
6578
7910
1600
6591
7458
3537
658
2410
4342
228
6779
2686
7321
3572
4522
5706
6998
7486
7860
5045
3064
2606
320
115
6282
3416
582
6593
691
1821
2678
5194
1864
7616
2750
6630
3122
6233
434
5475
5406
4313
7951
475
2258
2011
1581
80
4881
209
3400
624
5954
5968
2770
3690
5950
5912
1110
3264
7910
5809
5207
3771
7073
5171
4917
1465
1674
470
4946
3163
4731
3202
1101
6956
1524
564
5047
3468
7913
2015
4284
4589
4229
7310
1776
7302
1018
1185
7752
611
527
5784
6535
3154
4616
5701
3519
2685
3113
5730
6122
2800
1043
4982
6139
3280
6863
1592
6798
4652
5960
1431
4802
4163
5830
2307
5726
2225
3104
1123
394
4058
1027
4292
2382
7469
1580
4012
4466
7354
7212
5788
4725
5869
1223
780
5728
6071
1274
4303
1784
5447
5638
636
2559
5584
6834
4248
3336
61
3078
4999
2402
7282
2652
135
3560
1679
5328
914
2103
1851
2743
611
7918
5691
1112
5454
2012
7118
3427
1657
5410
3171
1393
739
3697
3570
1164
4543
6400
3708
4933
7234
7102
1550
1937
6481
3592
6827
675
3923
7825
1475
237
5609
4071
4908
4518
1996
4541
7480
2514
929
2465
402
4849
217
6203
3412
919
6655
7967
6926
4325
1996
3114
5225
6847
901
560
4060
3553
6442
5100
7088
4679
6810
1562
181
4697
3323
7457
5610
17
7597
273
1992
7702
7811
7710
2479
3924
1681
2965
6248
3982
555
7673
6586
4846
2277
6645
5185
7052
1623
5185
2761
2535
6642
1999
3299
2786
7660
5228
2971
3134
98
5097
6542
7792
5365
59
7498
4602
5622
2450
680
2024
527
6106
1262
3933
7387
2991
6414
1000
1216
7502
7927
6058
4446
3633
5878
1685
5677
7631
4401
837
908
1745
5685
6200
4332
5504
7280
6114
2743
3732
5540
4111
3245
5372
4656
2006
7334
4033
1201
6750
7318
52
4130
1068
3027
294
5969
4800
2828
6046
1143
2303
5765
5086
2257
6816
989
2649
2295
6135
758
965
4078
7226
7482
3800
2240
4363
2601
3025
7910
4799
6628
1037
3146
6175
903
7122
7803
130
6435
3127
70
7512
4584
4470
7039
2258
6897
4527
4716
2078
4008
4822
6650
4
1407
6030
4416
2817
5161
7612
3053
7819
4177
6280
2855
778
2276
131
4058
2962
4693
7997
1893
3458
3408
3181
5513
7860
414
6979
3082
5091
7077
7523
3595
7126
1020
6682
1564
6365
762
1433
1711
93
6916
3858
628
3384
3785
7948
6332
4251
6789
1377
547
4843
745
1714
3523
6060
2146
4294
6496
7947
2055
4321
2598
6305
7337
3119
515
2518
2084
5260
6550
7941
5936
5071
3931
5578
2823
6202
7080
2368
7802
7160
1694
2149
42
7403
6174
6400
1931
3250
2414
1366
818
1798
2135
3789
729
7088
5076
4970
3274
266
2836
4539
6613
1174
1377
7515
1684
544
7942
5833
4928
830
7907
4814
1611
1291
5257
7670
1212
3464
123
146
4564
3886
6850
2621
2474
3893
6353
6984
2182
158
5092
6285
4064
2315
6143
2312
3462
7678
5524
1198
6130
5588
3923
69
7052
7299
2077
2180
3602
2687
1384
2987
5685
7853
4179
4398
2838
135
5851
7136
3246
5754
7749
5777
6906
1152
3634
2215
3524
1960
1562
532
3561
4631
5394
2815
6808
5107
322
3235
3989
2049
6914
1032
3629
1106
3411
2282
3210
6349
2588
51
7560
3072
797
7041
5387
4898
7665
6178
1678
2462
3315
373
7632
5961
5366
5571
7533
2882
6948
3751
2602
4115
2245
3634
3791
6901
7623
6616
1233
4700
843
7673
6883
752
7166
50
2659
6775
7264
5458
4146
1383
6442
63
4980
7697
4157
2908
6541
2300
2500
1878
7116
1427
1042
7932
1860
2555
3813
1225
6331
4299
3336
2249
428
4797
7966
918
2994
3276
349
6323
7785
3124
7046
7141
7196
1420
886
1965
5731
3739
2541
6385
6072
1793
3925
2954
4382
1529
7716
1114
5395
3616
6241
6471
6125
2107
2815
630
4683
2245
4627
6949
657
133
5940
6717
1171
4683
3099
4839
2000
7754
4143
6012
4410
4550
6865
69
3427
1033
1397
608
4913
6380
1404
1177
657
6952
5310
4515
7094
3728
7786
501
263
7061
7144
529
4533
2495
4646
3062
5030
5831
7196
5944
202
6412
1444
5755
3306
4360
287
4161
5042
7588
7251
4352
7870
5978
3504
2070
4132
2595
3509
2132
3383
7305
4524
6464
5139
1385
477
809
1653
2991
4283
5503
7353
7218
2129
5773
4198
153
974
3848
5492
3780
7240
6945
7375
4781
267
7633
7922
5553
1209
5017
7226
5147
4777
4742
7609
3461
4757
4187
3882
3037
7543
1487
4007
4437
2686
3930
5841
183
5712
1369
1049
917
317
3170
7079
5109
7349
3202
150
6632
5027
6212
7330
5313
2931
1001
533
1533
5099
4670
2668
6393
4275
1876
3764
1230
4531
3510
1115
6273
6823
3903
1470
7114
4268
4274
929
6744
4133
2698
3826
2501
2376
4750
3824
6464
7227
4751
4590
3683
4920
6751
7757
191
2380
6478
1643
2698
1062
694
4762
5101
5400
3121
6843
4353
6219
6748
6352
7183
2924
3391
3369
5691
619
3453
7606
5359
442
6256
7577
1543
2120
7225
1964
7349
5653
5284
7903
4224
5116
2692
2565
4118
3755
4102
1623
7507
1292
252
7919
5852
904
1621
1705
4545
1940
2092
3813
4559
6492
924
300
5235
377
3562
3185
6466
1838
7636
2352
634
658
3633
2601
1686
7449
4041
1439
1993
4920
6008
1463
648
5513
7946
5992
2177
1189
2253
3302
953
3254
450
359
6246
2198
4766
5188
4499
3463
4767
3728
51
4646
6622
4355
4637
833
246
7809
531
1430
3812
5166
94
2401
5092
689
5727
4537
2250
6072
7249
2827
361
160
4585
1078
7150
1820
3319
7038
3559
6056
6613
7687
4135
5019
6443
3731
6965
7257
2523
1478
7032
4845
6369
2280
2333
829
1167
3487
756
1499
5575
7701
6910
2581
508
3811
5882
6131
6615
636
5423
4342
4336
7380
1985
5873
7398
793
3514
2038
6611
5806
1446
4110
416
2760
203
3006
163
6382
328
7425
6287
1070
3481
5285
517
3233
6995
3198
1952
1689
6636
997
2046
4859
1208
7485
3658
7452
3163
5065
6875
5348
390
5338
96
7768
3625
1524
6460
4906
5782
1869
6962
6032
2461
3788
4511
6647
1310
2906
3380
3960
4413
1164
4075
4564
497
4581
6272
1762
4107
6029
5904
2661
160
5739
7079
2088
4670
4595
148
3781
564
7248
3393
6307
3235
1034
763
623
7212
5324
4289
1650
3947
1826
6991
3885
999
105
4434
3740
2895
920
88
532
6295
6821
6235
3016
7669
2576
5538
5172
3853
3485
288
7326
1538
4926
2047
1021
3868
4941
1719
6161
322
5197
6139
3001
7492
5657
1704
4157
5382
3889
5997
5606
3315
224
1737
1008
5183
7512
1491
5550
4447
2195
2561
228
6689
7945
4271
3856
2336
3668
4372
2618
4965
3673
2192
3153
3369
5108
5110
5828
5475
1280
2741
3060
1717
6339
3119
7996
1468
4705
3987
4113
6198
4978
2708
1656
929
5767
4948
2060
7613
1160
922
2438
6082
7832
2142
4200
3927
3344
4460
3594
2573
3917
4696
5368
3877
6252
3643
5121
4669
2385
3898
1485
803
6253
6715
1822
2234
7173
5317
6305
7635
428
6646
4313
7791
2336
5119
3194
1603
5371
3721
4834
3883
7234
2851
40
4510
7052
3682
7409
2361
3570
3865
6505
6997
7535
3089
2382
6594
5723
1757
5882
6059
7726
2677
1492
7819
2822
2365
3843
1413
863
811
6467
2449
7721
2152
7354
5177
3971
4653
4221
2228
4220
5848
149
881
2155
6444
4676
360
1683
269
2523
2168
2293
1693
7710
3325
175
4061
7598
959
7350
102
4251
2230
4041
4482
4936
1725
126
1283
4983
4527
3723
3454
4006
5051
1171
3937
5868
1477
6464
6087
6868
5224
1401
2494
1631
7388
5060
6187
3344
5238
3976
5046
5772
1094
6963
6958
7
7509
5027
2061
4808
1484
2272
1864
1067
5305
2112
1403
3677
5077
3396
1499
2234
5474
286
5464
4606
2519
1170
1860
6503
7048
5684
3157
4338
4434
5412
3938
1379
1897
7000
418
6842
946
1780
7635
6461
6908
6428
4551
5557
2380
1576
7034
2324
1207
7495
7523
6987
4191
5516
6699
614
2720
666
3304
966
2049
1213
1583
5559
1561
2422
6627
462
567
7113
456
5667
1815
6333
1232
6099
5586
548
1740
285
3305
5291
1355
7722
5769
7518
839
4939
4350
2115
4420
7225
4065
7969
7768
2838
6326
2346
4258
4811
1030
7171
3714
3114
4296
4916
4162
4139
2176
4921
7063
2627
6604
2234
1516
5749
3677
7209
4696
5922
2119
844
3804
6444
6212
7465
6647
6969
3415
1892
3537
4492
1325
6434
4151
2251
6702
109
5760
6227
114
7007
7648
5007
3420
3390
7757
5205
4558
5997
3442
1804
2431
7393
6833
7399
1704
4852
4961
1590
804
3682
3351
5602
2200
467
7984
1996
5062
7068
603
6632
4821
5426
2466
7156
3593
4617
2081
7932
1954
1811
6895
949
2504
7240
2640
4608
5735
6275
4084
4822
3566
4681
1928
1847
4412
2703
848
5937
2516
7168
6403
2171
4401
2253
6762
5834
6532
473
75
7285
3389
3752
5776
5713
4727
3189
3224
7767
7525
6461
3408
7071
576
261
1142
3398
6357
4459
7003
1013
1255
289
3937
5006
7241
160
3414
581
7104
5737
4501
4961
5345
415
5658
761
1918
6190
1641
6698
6415
6810
571
600
832
7463
5964
3257
2751
4975
7702
486
5772
2983
4703
7620
3717
7458
6355
3076
2441
6829
7117
3344
7157
6402
2452
1065
5629
4382
360
550
3344
1496
3533
1829
4321
2013
7245
814
3724
793
6765
1182
4876
4619
505
7089
4976
7374
4452
1554
5205
386
6382
6384
3181
206
5036
7148
2408
2391
6075
3876
6026
79
7062
2595
2548
2760
7358
5628
6482
1996
1385
6368
1213
2243
5509
2884
7876
3305
6905
7951
6757
6326
1736
6150
4406
4467
7401
7274
4804
5239
435
7306
5194
5220
6443
2197
3463
7559
362
4877
7172
7084
3923
4777
1353
1500
5779
3345
542
5311
4207
2615
766
7887
7813
3552
781
7377
3715
902
601
3490
4281
2994
5302
1425
5509
5061
6155
6924
598
6385
3806
7605
6225
1267
6661
6933
6036
2371
5310
5511
6627
2393
5752
4271
7128
1293
5013
3487
1988
3451
1042
1696
3127
1359
7497
4697
108
4413
2476
1321
5457
155
1186
5918
4798
6303
3250
7066
3821
2719
6947
5583
6328
296
4760
7704
387
7656
5749
912
3069
1740
1122
4175
3220
2324
6983
6456
6557
1341
4020
6240
1734
7524
4411
1571
6853
5018
4503
3871
1464
5052
3382
1580
5825
5177
1758
1445
3356
5037
7798
4186
351
5075
2905
1324
264
1171
2733
7361
5277
925
1806
233
2162
4027
5181
5459
4005
7109
1750
6221
6691
2708
5955
2825
4303
1711
836
6693
3224
7768
6515
7988
4603
4127
3184
1485
7580
3583
7267
3167
7027
4530
4723
2761
5475
6446
2987
1389
3378
6823
4637
1515
169
7521
1588
1286
2947
3122
602
368
7605
7780
6160
2498
4011
7193
868
931
634
4889
993
1059
6184
2620
1900
7195
2159
3032
1947
1763
5805
4950
7525
5408
4048
1020
3304
4240
2612
4490
3881
2960
2442
3780
6396
2615
2627
216
5372
7328
3182
5793
6616
4342
2509
7319
3455
3125
4596
5383
1324
6109
2083
5243
7983
7122
2270
1973
7412
7863
3721
7473
1899
237
5075
3718
704
5434
1043
4173
791
1066
3517
2955
7563
1516
1383
465
665
4698
3950
16
3384
1383
2618
4844
4134
115
2660
345
5081
5536
1633
475
1198
589
6356
4705
3199
2745
5233
7559
4373
6503
4987
4968
3205
2202
2791
4152
7703
5085
3065
3052
4463
5215
3988
7805
4525
666
5037
742
3485
2918
157
2393
7765
2429
7443
5715
7848
2772
4927
3659
2110
457
2348
7863
3600
350
2426
7999
4747
278
2892
4987
7239
3663
5037
1454
1253
6728
7141
1839
7925
4310
4633
1978
3914
4419
6511
7710
3308
4268
2191
4966
4311
6955
7537
5051
6536
2502
4356
2535
6994
6911
5308
3598
6283
4707
1868
5668
2652
5532
2464
3463
2247
757
3039
5292
7312
2707
678
1339
59
7969
6222
6640
2985
1373
7610
1773
2977
6570
7982
7409
3338
3328
2744
6594
2640
7924
7072
7307
7795
4134
2724
5653
4499
3901
5304
6482
3523
1471
162
5504
2198
5030
7382
6932
1938
6991
3250
7910
1804
2225
835
914
3179
7355
4125
1433
986
1540
7522
282
3763
4230
5445
4959
6061
4276
3929
7849
4765
1601
7447
1153
4036
2440
6818
738
3598
5778
3463
4972
6562
7688
6612
7773
7031
8
6770
1993
2291
1150
5011
319
5773
5824
1808
5936
239
1816
6521
1806
1988
5369
5461
3645
4728
7228
7173
1874
674
4112
7138
7750
7868
6857
4129
3050
2655
2552
3447
435
5121
6229
311
7298
6196
1190
2753
3120
5983
6160
7000
5998
4176
3917
4915
1862
2207
7777
6802
3627
2739
7650
7357
5737
5307
736
1128
938
2111
3803
4663
1938
2204
5289
4254
3598
6580
3958
4887
1029
2738
1238
4721
4134
5092
7793
4511
1656
3856
2007
599
6707
4204
5545
7892
187
7819
7383
4072
432
5398
5188
1383
5938
6337
6908
2104
6906
6025
2734
4612
6701
6041
1174
667
61
5724
2726
2992
1905
7368
1076
4641
7480
6341
7692
3071
5826
4475
463
181
755
4334
7296
2116
5033
7145
6387
2815
4671
3625
4177
2605
7041
98
5705
2845
3470
6099
7826
5270
1779
6931
673
5643
7674
4225
4270
1636
2249
3685
6333
7718
5453
4952
6960
3635
4599
4494
2650
4147
1960
6722
5761
7657
352
2643
4099
621
3934
1436
965
4639
5107
1355
3972
4777
4319
5197
6238
1840
1890
6166
1568
5533
5414
1482
331
4301
2422
6833
5987
3498
640
2810
2934
1321
7890
2649
873
1531
2297
5865
6012
2540
1529
4455
7299
2712
3455
4021
6176
1087
6925
5323
1706
2493
7572
5216
6140
5885
4187
2368
6932
3025
7707
7626
7209
7288
4083
6765
5470
3473
1322
354
142
3102
6540
82
5448
5549
4599
3218
5760
5745
1742
2652
369
253
1550
5599
5730
2812
2645
4586
5698
3817
2663
2205
1004
3079
5648
6790
1957
5353
7439
4043
7613
4151
3654
7133
2177
5333
2094
6303
2301
7924
4774
4887
4814
5929
4928
3475
1918
5927
3755
5231
5833
7848
5766
4951
6540
7356
1820
1174
3321
7995
1284
2910
7524
2947
5608
160
5475
2905
304
3458
6067
2456
4597
3692
2701
7993
637
4034
3409
6984
4104
6315
1742
2925
4702
5370
1285
1940
4334
1061
1606
211
5944
5343
1225
7514
3678
6823
