5812
36
1023
6184
1065
5129
2535
6405
2664
6731
75
4135
171
4037
5371
1306
691
957
855
4503
4294
7567
3652
5438
5643
3537
2700
7224
3615
5382
6187
1187
1377
2179
1350
6947
3750
6582
5732
4123
3936
6153
7059
7696
4422
2233
1751
6719
2895
8000
7730
4472
6028
3522
2509
3898
2327
4381
2608
3805
4213
2761
4872
3592
6104
4851
990
1154
2366
4114
6871
1772
327
94
5577
3165
7998
2039
86
5363
5421
2304
2727
7769
2260
4309
3105
5476
7577
80
1709
7372
846
7903
6430
1264
7024
3149
5530
5256
7371
5174
1501
7414
1326
5723
3219
564
486
7895
1416
4641
2929
6455
6841
2156
1773
3682
4892
238
125
673
7429
4953
4031
1580
2375
223
6344
5401
4869
1593
5885
2422
2826
5119
7068
2443
3932
202
5466
4982
6296
7927
5673
3859
4283
4220
3489
7034
7660
2041
5437
5166
1748
2901
7778
1007
5491
2313
2990
4180
6548
2711
606
6449
2689
1957
3339
5486
2498
1509
1636
7135
2838
5600
1324
1913
2953
7019
5354
1588
3507
6541
1355
3680
7057
4316
3443
3259
7307
6947
4021
2900
3126
3484
7351
6243
1225
1442
6096
7079
7556
2993
3149
1559
7174
6585
2464
1915
3682
5060
7268
5692
152
3867
3911
6340
4578
6238
1978
7643
1261
4336
1251
2351
5668
2279
128
1910
4075
1795
4765
285
7201
6247
4548
2672
5082
2758
406
6330
787
7161
1148
5512
4114
4715
6130
3415
1833
1141
258
7786
2917
7069
7247
1457
1723
3779
5465
6321
3623
6538
3326
5572
6893
4342
7505
6121
901
5779
13
1422
210
3178
3285
2160
5467
6865
983
7029
6371
3317
3232
7917
5110
3452
7535
4530
2656
4225
2433
1538
2342
7834
5931
7947
6369
7648
116
1781
1198
6332
3241
5252
2283
5643
4307
7665
4464
4180
4597
6808
3887
7133
4738
3250
3356
954
1642
2259
6228
2360
4884
5289
7832
2731
2051
1704
7527
5287
5616
1931
4320
584
1042
2898
7061
6781
586
534
4107
3750
3372
3254
7074
5376
1120
2446
4461
6015
1929
3561
7388
5946
6778
7898
6371
1518
3738
6717
2590
2732
4212
5234
6686
4861
2037
7821
5767
3011
5609
2144
2541
4734
3618
386
6156
2652
4366
3952
2678
2274
1746
4136
2753
2843
5288
6337
1170
4195
1339
5587
2952
790
6197
1658
2315
557
4994
6937
1695
4719
5274
6598
7485
6136
6526
1598
7363
4934
4489
6959
953
7194
6048
7077
4301
6081
5956
5789
7511
3160
4525
2839
1569
129
3032
4236
3556
4056
4825
7716
3923
3595
2750
4784
5234
7137
3202
5753
7978
1274
2668
6507
4849
3084
6045
6030
486
5609
3386
7756
4992
1117
6601
3966
709
2307
4925
4543
3285
5372
2660
7724
4548
2467
4581
4634
4153
3955
779
1807
5507
202
652
5154
2810
6765
3074
7751
5187
7641
6437
889
6208
4683
7246
2826
6378
7769
2495
2218
7527
6391
2615
1302
148
2127
7000
7550
6265
3206
6216
7923
5072
6471
6096
3331
4729
2895
5708
5965
3534
6341
3632
5505
248
935
7146
1140
1331
4891
173
5923
7869
4426
3205
5216
5690
7182
4684
5560
6422
3749
3018
5198
6594
4133
1786
2937
7693
3907
770
4521
7209
2822
2413
427
675
4722
248
7740
4291
786
3600
7578
6213
506
772
5600
4757
4780
1978
4716
6934
6855
6506
949
1018
6102
3342
1619
1396
123
6640
379
6498
3863
1561
2900
3245
7787
2538
1645
5105
4820
2515
7699
7912
925
5535
6368
4480
2716
2367
6317
6426
7827
2498
7045
5953
3042
7264
1863
4993
5775
5528
2179
6170
1159
6535
754
3089
5282
7430
7543
6159
4883
4685
1599
2790
4345
4839
2664
419
3768
911
2482
342
7270
2482
6385
7177
7806
7578
7021
2186
2343
3427
1918
4659
2101
5573
1878
5855
116
7508
4101
3541
5483
2195
7882
6345
643
3797
3125
4102
3229
7636
452
1731
1340
994
1175
3590
3028
5506
2885
7098
5210
4566
7568
1177
4384
5176
7271
3604
7013
5384
4614
96
7773
2862
58
2736
6056
7896
6696
5877
928
4100
2789
3549
5536
3828
5413
7158
916
5884
2765
6214
2599
5939
4032
6027
2
5468
1822
6367
1986
6675
1033
7518
4392
7060
1459
1606
482
137
5843
6377
3002
4428
4309
7947
838
7181
3955
980
2324
6329
5151
5766
712
375
101
5946
2715
5539
4300
3362
5023
1895
2679
4028
4206
6243
907
6556
2060
1183
1096
3594
4446
85
5097
1032
7835
7125
2254
3500
4166
4511
3486
4654
5342
3718
3018
989
7264
5217
3709
7005
3010
3050
6416
69
3543
924
2645
1164
1382
6544
2291
1051
2699
4317
7246
2218
6250
5693
5832
2971
7899
2592
6685
4248
3161
3118
4768
1333
4678
3614
3827
940
7278
1204
2261
4219
6679
3504
7991
4667
6359
7310
499
5912
2794
4341
2403
1119
6958
2829
426
4785
2577
3240
4387
882
2302
5121
3527
6499
6365
6581
4585
6419
3648
1251
2847
6595
4355
2512
1509
4047
1518
6021
3361
4872
1937
2949
4370
2574
2849
2948
2860
2781
2313
5451
122
676
3024
164
6179
1684
4691
4519
1960
7988
2475
6508
7453
1504
1806
4371
4278
4869
4080
3829
1043
6847
2452
5464
7279
2295
2112
5492
5873
4433
2267
4016
255
6734
3221
3285
3591
6478
4742
5094
698
5068
4923
5231
6040
4489
4569
3638
2167
2473
2649
6455
3017
3020
3382
3452
3931
1453
4551
348
7011
2041
5495
3414
4734
2268
1529
338
3264
2275
3469
3951
114
1904
1056
434
3131
7578
7702
4451
5260
1115
7238
357
2767
1695
6056
2210
555
2430
1093
2219
4403
3839
1074
5850
4012
2673
7056
586
2996
3993
1038
7117
4216
5335
5394
563
1168
7151
4052
385
482
7995
1548
5260
2225
5052
3956
6326
3674
6014
6171
1669
4224
7637
6653
4903
4414
3241
7024
7298
1769
3474
1497
4904
2955
276
7965
2393
6680
3019
459
5406
1907
197
5211
7988
4174
3905
6126
5853
6306
7381
1060
2298
6245
243
7198
3473
2251
3335
543
3550
6640
2517
3390
6278
7322
4732
7457
3922
4656
7837
6127
3961
1679
7804
3494
3743
6003
1819
7286
3594
4728
2474
4661
3989
4364
2762
5882
3850
1067
7054
5972
3776
673
5123
1293
6943
7180
7876
6260
7426
7992
7636
1449
4350
1468
6344
4065
4597
5043
601
5832
5546
6309
5330
3969
5589
3590
3794
6578
7036
6031
5754
1910
3837
4590
491
6420
2198
7768
4376
5069
6816
446
699
4445
7760
5624
1705
6561
4161
2692
7462
3916
5403
4003
7119
4658
2959
7507
4190
510
2466
135
7947
849
2780
3654
2528
5565
1406
728
6055
2502
6925
3865
6992
6548
7535
3818
7696
658
1986
7204
7181
521
4381
6841
1227
958
3378
6357
3976
2724
6824
5557
6286
5786
5570
5694
6854
4510
1883
1938
824
6000
1641
4871
7416
5612
3934
545
1995
7508
5034
5858
6320
3508
1499
5725
5454
4224
5629
3722
4782
3007
2269
3512
482
7037
2523
1507
2178
3417
624
505
4654
1216
3536
773
3323
2641
5883
6999
397
234
3776
6279
195
5566
3927
3168
7118
4542
4759
1795
482
2537
3691
1370
6349
6682
5699
7148
3520
1879
472
6954
3899
4588
5947
282
354
890
5769
7905
2553
803
170
2719
4450
1034
166
6360
3870
2435
2921
1708
2926
7389
7296
6447
1250
4501
2960
835
6313
5885
913
813
453
7797
6078
1589
2839
6154
2661
5359
7772
7930
1956
2181
273
4028
3892
4571
5824
7273
5504
2414
259
3026
4317
7719
7962
6352
5673
7363
4666
5941
6933
1346
4115
228
6830
5468
2004
6055
82
2001
1984
3609
7664
5007
2587
1301
4292
3549
1338
6010
7643
5914
6064
6543
7839
4081
1347
7763
6611
6847
5577
4267
622
6952
5012
550
3383
3248
7339
5737
7061
6575
2588
4024
1734
5508
3414
4480
6471
6651
5920
7584
7857
692
123
7798
3105
3163
5971
1117
1165
1900
569
6819
6629
3206
1659
6415
6370
551
1261
1995
3507
5540
4551
6448
761
5890
6000
675
6959
7052
3318
5689
7675
1383
5462
6505
3104
715
2146
2403
512
4921
3723
1440
7503
5733
7105
3941
5264
169
1705
800
6859
751
6855
6284
435
2124
673
7296
7520
7058
4874
2727
7249
1970
325
7895
5800
2452
1934
4916
6918
936
2440
5093
5834
7482
585
4448
6930
5131
2877
6267
6868
5186
7829
472
782
6719
6208
7456
1795
1572
5728
2585
5062
1465
397
6125
2074
2606
701
3171
7063
7500
143
6499
3459
2735
6926
6131
1248
3201
6835
7901
4623
5693
3827
3196
5701
3210
6825
2365
1106
5320
4180
7845
7824
6644
1803
5182
6419
599
1635
5774
5581
479
7769
6261
7748
5257
5301
7200
5155
4703
2816
744
2017
5338
6107
5728
3838
7290
4354
5915
7591
1250
2252
4567
4159
28
7443
2536
2808
5906
5121
7104
2634
6434
5465
5906
967
4608
3013
5813
6640
2485
4100
863
1171
1199
2846
3991
4919
5303
1924
6736
7659
7535
2328
7051
4645
6213
3581
3720
3735
7478
3632
5775
2127
5312
1480
3577
3189
7264
1675
4976
4726
3766
6138
310
1931
2512
4315
7012
4917
925
2651
1390
2681
4110
7515
4185
7901
7345
5538
7371
5930
3443
4455
6257
5943
4195
1374
1190
2787
601
5193
2461
7755
6879
8000
5269
5954
3647
1794
5854
2447
3718
7931
3574
586
7735
6135
185
1486
171
7033
1292
86
3039
2507
7589
2298
1422
4047
2252
7757
1250
3710
1593
4221
2946
117
6742
666
595
1097
5831
173
7470
1343
762
7327
2323
4856
6374
808
3180
3301
7556
2535
5687
7517
300
2351
2617
7934
5890
2613
5978
2261
2633
170
3948
7940
2405
2568
3847
4653
7073
5274
764
5800
4459
7942
5087
6213
5253
862
2272
6063
6540
4874
7570
2741
4610
3527
723
1061
2590
1621
4894
1323
6909
6287
29
3743
3964
1421
2132
7053
3878
6382
7322
6015
4261
4053
3208
903
2373
4970
3138
6271
3054
6881
4501
3101
2782
595
5834
3851
4820
1944
4197
5080
7269
7157
2116
6593
5604
3709
6780
4823
5704
4953
1675
1647
1612
7966
3695
1626
1799
6877
2182
378
7464
155
50
1791
6219
368
5236
4939
4611
2101
7576
2919
5212
2784
6876
4659
7919
4667
7516
4936
3870
3555
3478
407
7581
5864
3072
5787
981
2768
7172
1300
1839
2533
6606
6795
2155
5722
1020
3473
2925
59
7764
4712
2161
7536
1075
929
580
2654
1056
7707
6663
5728
4983
2070
3897
4118
5689
3866
2875
2433
3127
1037
482
5288
6590
14
7354
3019
6024
7047
2184
4466
6369
4077
6423
2301
1503
6058
7405
1958
279
2425
640
2336
2433
1231
4184
5426
768
376
5289
6353
1657
3207
2604
4895
1436
6568
7608
2273
3518
7447
3412
7625
3116
6976
4319
1745
4350
417
7486
4820
7507
4977
3437
5867
6870
2859
4057
4505
7856
4825
6025
7253
5285
6851
1816
6279
2187
4405
7012
6107
3331
1298
917
122
6041
2375
6636
7029
4822
2176
6672
3100
4264
3522
3296
5319
3020
3175
341
1499
2912
7412
338
6028
4549
5547
3070
1609
7775
4114
358
955
6480
6141
5523
3100
4915
6134
1863
5092
309
7634
6952
700
7105
7601
2672
6561
7418
6692
2678
1199
136
5789
4363
6596
4456
1832
543
7345
1546
7511
226
4636
2458
5819
3193
7131
6891
665
2225
4579
5200
5355
4054
4082
6149
6578
344
7449
571
5555
2118
1747
7690
5571
6431
4148
4449
2986
6968
7156
7338
4865
2272
201
1373
1371
25
2169
5238
3295
5791
1954
3509
3197
4587
4760
6334
42
478
3980
1334
5239
2888
216
4774
1190
462
5833
5842
3726
2493
2089
1098
6353
2587
5954
470
4593
7718
2338
4802
6467
7878
7809
6065
4562
3280
1414
5914
3295
4404
1913
2039
168
4185
1849
7019
3646
189
1536
6056
1033
6145
3795
1650
6473
4565
4315
2941
4710
2332
3740
5755
7206
5036
778
4955
5292
6353
1740
4939
3036
5823
1780
2094
6454
7504
3787
2415
6456
472
2741
6775
3285
6468
1013
5341
1402
1983
6362
4621
2330
3201
7720
4653
2635
1373
4058
4186
2455
2491
6310
1004
3795
6515
237
3999
615
1988
7195
1554
5918
641
2565
3986
4506
6351
5050
7238
1299
3199
5340
4422
4950
1900
7769
2012
1756
6831
206
4115
507
4617
1293
5535
6088
3568
5987
6271
2181
517
4093
4685
1349
194
2425
1104
6173
6424
7049
455
7672
4004
538
1397
2474
4073
3293
4981
1576
3373
496
2827
422
5628
7874
322
738
2734
3481
5811
7186
2385
2208
7224
4393
4100
5088
6151
7474
6170
5922
5207
115
538
4817
6863
6193
6258
4197
5615
7311
5443
135
2680
7184
4611
3553
6734
2434
7273
5888
6595
4458
6363
3205
1777
2725
879
3727
5991
7775
6339
5421
2533
7106
2308
240
1141
5126
1106
5504
1933
5011
260
2937
1729
2966
4325
7559
1056
4715
7061
889
1399
4771
1210
1555
7787
5302
7279
1922
6575
3698
2197
1645
2671
1147
2553
2426
3089
3748
6425
1230
1544
5869
3032
4392
3640
4264
894
5716
4470
2189
1345
5448
7908
142
3655
5342
5521
7221
2653
3859
239
7867
443
3870
6806
1029
1759
594
5017
3214
4242
7322
3632
1886
7965
2033
2880
6851
6755
6914
1094
3032
3860
6415
7399
1239
5957
7821
7651
7010
6706
4130
2175
3903
4039
1212
4243
7015
171
3843
1385
1879
7637
6009
4351
3245
3104
7402
87
6177
2234
4181
3860
5180
4177
1396
3970
6912
852
750
7052
4325
1967
7624
1981
6409
3456
2337
5734
3975
5211
1051
4143
7640
7614
6255
4821
4279
1981
7397
3127
3226
3533
28
7335
6390
3604
2691
4077
1617
3463
6369
6494
538
5947
7803
2881
7204
558
828
3704
6733
1302
1872
5524
2801
5493
4656
7234
1068
4318
2375
2755
3490
7829
6863
4103
30
229
894
7587
6953
633
2369
626
7129
1892
3011
1001
1919
648
2262
34
6068
1095
4307
797
3020
1602
3801
990
5007
3631
3793
139
358
7467
7627
1065
5460
4749
4535
1505
595
5622
4718
7807
1262
1342
294
602
542
6712
2502
7749
1829
6431
3252
5363
7773
3400
4421
3712
590
930
4944
3186
7764
7546
5673
2579
7448
2227
7162
105
3545
3527
795
2425
1257
3149
5208
7700
6005
1577
55
6413
5898
159
7759
5763
980
1045
5808
7795
1533
3998
388
4782
2494
1675
1682
5313
7054
6222
6943
1603
3171
4404
2427
6813
3457
1548
5508
5129
1047
6341
3780
2149
1482
6662
2371
385
1744
7259
3162
982
7284
4232
6879
2978
3131
768
6325
6742
4801
668
7285
479
4295
1449
7454
3360
571
2546
1181
7460
3919
2640
3157
330
1798
1050
1603
3527
4674
2734
1472
505
6019
1885
6586
3782
722
414
4969
7079
4489
3639
3788
3460
3791
5884
2945
6659
2281
5085
7968
4755
4092
1105
3807
6291
7341
4649
4819
3752
6717
7598
7275
1654
7147
1527
2381
91
4501
3465
2247
1204
7880
6377
4971
2956
3053
3427
7021
4213
5779
505
5519
2658
2341
4413
6669
851
5523
3369
6039
690
7718
597
3902
6626
7085
3458
3474
6295
4714
6682
3923
5838
5102
4473
1656
6636
990
7259
4508
6911
5138
2091
2067
1152
1221
7991
778
3382
7720
1606
5525
2929
624
801
7135
1657
7684
5555
5867
3712
5782
1363
4714
2107
6165
7550
2309
4863
6125
7204
6592
2417
4766
5518
7316
6271
1496
4320
2790
1169
1586
7362
3098
6610
4891
6284
1795
1339
5945
1094
3977
608
7348
6565
4220
684
3130
7390
7496
2421
2777
5781
7673
7481
3551
6020
7930
5412
7409
7647
6385
5578
885
3239
1298
7761
7109
362
4804
1760
7966
7894
1396
3450
2253
3357
5610
2111
5237
6101
7985
1122
3318
1543
7184
292
6483
1846
7310
5583
5887
2372
3915
3146
4456
5357
6864
6016
5040
6138
1141
1755
6584
4769
2059
5583
3230
3925
1645
4034
474
6746
1675
905
4330
7755
1847
3562
7670
2176
6121
5464
411
6767
3484
3818
5008
3655
5935
4665
2797
6757
3669
5664
4696
1364
6854
7490
7046
3287
6186
5676
5254
4853
3939
5233
977
7729
312
2674
4620
5295
1108
5047
1477
1873
1621
6811
6108
7463
7083
6769
1356
6432
5626
2821
7209
7834
6719
2469
4709
1630
4195
7624
3009
5305
269
3736
2812
3193
3942
7884
3230
3337
2752
2690
5726
856
433
1106
7643
6654
5621
5709
1894
7568
396
3652
4719
2214
3596
2177
4656
2464
3771
6449
4043
3858
6414
2634
3818
6690
273
1172
4893
63
2162
2589
7670
7601
684
1555
4934
6137
2361
2175
6390
2805
733
3663
204
3650
6339
6455
632
5735
6993
65
4634
4285
331
2068
87
6204
2228
6548
785
7271
4021
2021
3551
3286
2552
2319
685
4915
5194
4272
2072
1844
6178
1376
779
3795
3737
3280
2690
7496
1797
1441
7751
1001
1673
563
2190
4063
7354
7786
814
4977
3454
7030
2486
5066
8000
5627
777
3739
4622
4748
901
295
7262
802
3600
1065
4306
7651
4407
562
1461
3194
847
5376
5348
2984
3322
4536
3383
4442
555
5983
2832
2164
1254
4197
3174
6942
2212
1473
2827
642
2375
5635
7678
5852
1766
3540
2574
1502
3377
5216
2572
3591
305
4019
5464
4988
7069
3067
41
7169
6665
5178
6107
2210
3064
4625
6651
7902
5675
1942
4115
4934
2806
1132
1778
4109
5844
2498
1390
572
2663
1551
4691
4054
109
1811
1716
291
1382
845
6022
1584
2273
6480
7473
4879
2342
3535
2749
5296
600
2455
3348
7211
6494
1743
4312
568
836
7836
1123
5465
4426
464
742
3160
5341
2301
3478
3126
1579
1593
6482
835
7666
1230
2610
4571
2986
7269
6034
6253
2830
1113
673
6165
3549
2934
4244
5033
695
7836
1880
5081
1042
5462
4585
3055
4185
5553
1131
2726
1280
1434
7819
303
4664
2455
4983
1596
1489
1147
873
7099
3572
5727
5035
2848
1432
3167
7533
7652
5657
6794
5847
6115
3611
5414
5159
4671
6553
1809
113
6137
7518
1936
5485
2052
5601
6958
866
6709
6206
1515
4814
4791
1626
1450
3007
569
5919
1823
6865
5172
2111
1840
4247
4376
4812
3638
5340
2537
1459
2293
2836
811
6182
7516
1373
6528
6461
625
5430
1649
7232
2687
5749
2722
4619
5563
2776
1380
5532
1110
928
6101
3835
7836
5133
1040
2823
4729
7879
6171
5868
4482
5076
6084
7152
79
7139
202
5017
5166
3360
5715
4985
2908
6963
4150
1553
7782
5213
769
1719
5860
622
221
1664
5029
5752
3494
2027
5166
7375
6833
2229
396
7686
7217
744
1191
3559
5027
5968
2798
1439
7131
7560
4787
6994
5386
2340
145
6126
915
4347
5348
1224
2946
5617
1428
3102
4509
2200
6416
735
1392
7261
6973
7226
6042
4882
2642
7430
5707
1984
2206
3599
1926
4447
5955
3283
5387
4842
6724
1380
6061
609
3925
2056
916
6925
7015
2056
1881
4895
33
5958
6511
5941
2635
7636
3068
99
6691
2468
5144
7709
6212
3279
7645
1716
5323
4897
7789
7365
4307
5959
1537
816
7586
3591
3728
7129
5737
3901
3060
1825
2561
2528
1722
7089
1576
4154
458
5164
1429
2146
3123
4842
7437
918
2005
3795
3630
990
7931
6794
7892
3024
6231
2206
6127
1916
2793
6327
6168
7342
6698
3903
2798
5704
4466
7755
5864
2759
757
291
2358
6075
1248
6830
6327
3943
7697
4613
6294
7333
3247
3724
6502
4638
7154
5005
5642
3097
3594
6210
801
683
4450
7021
2476
4263
358
2203
5026
7892
3382
1288
406
2916
4248
5507
5580
4167
3827
2149
297
1667
2908
1846
2386
6948
711
5902
3716
7508
559
1190
6066
2193
2610
1425
2609
2004
670
7755
7811
7421
5452
5430
2607
3271
7949
4252
1290
924
7634
1771
4786
517
4451
3119
7207
7132
7444
1442
6006
4227
4275
5698
6607
821
7427
7436
4826
6324
5466
1185
1543
220
3217
2577
4450
6103
7297
5583
3805
5298
4016
4152
4282
3092
5278
1682
3296
4791
3149
4206
7264
6489
1109
5606
5173
475
765
4119
2375
6306
2374
3334
863
481
5813
4361
7455
2862
6396
2626
7685
5863
704
1178
4044
5479
2389
6464
1215
5961
589
1292
2851
6060
91
2071
1985
2486
6834
3483
3780
995
4342
2579
3030
3656
6327
5844
1084
7547
6776
6933
7841
4602
653
6267
2685
3076
7238
5694
6132
6879
7192
6070
1368
4110
1716
1729
6120
2686
6437
2523
2144
77
7970
6767
2950
2282
839
7269
7151
7990
6140
1231
2020
910
2766
1371
4691
2838
3245
4931
2333
4685
4072
3685
6986
6991
4983
7820
4303
1944
431
5715
4128
6656
1816
5462
3068
1120
1514
6505
3994
4045
2633
2207
7813
1964
2710
6937
7852
5381
6081
7558
3477
5185
3302
6224
6326
3793
5495
2953
2315
4802
2745
7204
7703
4384
872
3242
3927
537
1900
7411
1354
4107
5242
1143
6583
916
4411
5762
2188
2104
6851
2312
3970
3015
3714
3203
5656
3044
2055
1894
7346
5434
6323
2362
1206
5289
287
300
6358
2000
4746
4043
2875
4682
3423
703
6490
3931
235
760
4209
4957
3390
2238
6811
1162
239
3815
7330
6251
6547
2533
4453
1982
5642
332
5517
4593
7692
5026
4661
4135
3521
6072
3992
7460
5785
4001
7841
1445
6898
4645
1384
2007
2491
6236
1914
3571
1223
1260
2106
7330
1755
2113
6501
5394
5153
5061
1098
1085
1164
5514
5378
194
5626
2627
259
2697
5412
7139
6498
1797
7894
4435
3392
5590
5299
5744
6382
6090
2565
6239
7983
2396
629
6226
6849
6949
925
7759
2306
410
1060
6952
1602
1175
5113
1791
3883
7844
6503
1990
1424
4394
6505
2223
7029
5875
7080
2101
3346
6321
1962
2173
4348
2988
2453
6426
1641
6058
1976
1823
4971
1540
4108
3351
180
4517
3158
1994
3612
5184
1189
5010
4285
5861
2623
2638
1316
5503
963
2069
5225
4160
6172
4393
2925
7176
529
1649
955
45
7223
99
7259
2329
4612
4099
5842
1003
4155
153
1557
6014
4383
6807
1249
6748
7290
7490
5730
4753
516
4160
7827
6677
7541
2886
5728
2616
4075
1632
5523
6320
3052
2529
7637
1903
5932
2762
5936
6535
3797
2959
2337
5099
229
6006
4934
5785
4265
2651
6774
3562
1457
7707
3600
5951
4414
6758
137
6069
5804
2606
3629
3599
6179
2733
7286
2618
3748
6240
1479
19
287
5879
6568
6411
4316
1080
4520
5154
1477
176
3644
7460
912
4407
1415
2259
7200
7133
584
2397
868
3037
6478
2553
2454
7668
1211
7435
5507
4999
1640
783
5980
5430
5866
4658
2114
5127
3966
2066
3762
3871
1934
1743
3302
5854
6460
318
603
6487
1229
6912
7693
1044
7180
7597
5872
1401
5933
4425
4122
2164
4785
1492
4801
4408
6737
4341
3087
5263
1157
1353
7158
92
4494
490
919
1540
5387
4773
1125
931
3232
2428
3240
2869
4520
1689
6480
7825
6748
2512
1960
5804
2246
4356
6003
3096
848
7374
4725
4451
6553
1979
7875
2102
5389
4810
1682
2521
5490
6393
5199
1766
2611
6473
490
4381
4109
2811
6088
5185
7552
3612
3293
2804
7454
4250
1947
1248
6468
1982
3681
6826
6326
2123
4759
190
2949
6032
7382
4796
6502
1146
4161
7702
6652
4400
2825
3154
3407
6314
7190
5214
3662
2158
2638
2544
2394
106
5111
2746
5497
291
4552
6841
1653
6542
5816
6094
2828
6987
1254
7224
4525
7565
4318
5438
6701
1748
4913
2034
812
33
2488
7562
2767
3125
5357
5641
5006
1775
7155
1000
5179
3473
3988
6408
3701
728
6146
2419
173
4106
1769
681
3771
6630
5596
1936
5255
4111
7965
5388
5222
279
3350
5230
511
7092
1386
4045
3584
1092
6918
447
3028
3442
2287
5985
3057
1454
2810
2384
7525
6219
6506
6381
5384
304
4062
1144
2064
2195
7896
462
5999
5730
5455
1409
58
4927
6463
7812
855
4982
1781
3086
1261
1787
1359
4415
5770
4327
6335
3819
5517
6357
4935
273
6937
2569
3375
4416
7829
3830
7687
4843
4144
6149
6426
535
3574
1294
7202
6849
5672
2332
1335
1699
4244
7348
6109
6944
2345
3136
3566
3135
448
2269
3451
5883
7808
3280
6317
7103
576
65
5547
7542
3547
4137
2658
1769
3207
6049
3456
5230
237
1191
5572
6401
7214
7258
3564
1679
5393
1929
4992
5301
6760
4381
3622
4179
2083
6151
2704
3519
7052
4853
5556
572
3254
3595
6051
5700
1250
4328
7540
6108
5885
5927
261
4106
3021
3114
6464
7844
2699
5596
758
6884
2502
3079
5289
3441
4425
5374
2653
5312
3338
1813
6979
401
6661
3623
394
5258
1890
6918
1403
5803
395
5262
4513
2529
2724
1806
7219
748
5806
3564
6507
7389
694
1103
1816
5452
3345
7215
4108
3900
6218
3938
6850
1026
1917
6735
5019
6076
4069
5266
527
2835
5982
5450
2725
3731
2983
7020
5302
4278
1897
3973
6042
1138
1163
2182
6029
4952
3018
6050
5279
6144
7994
365
4600
3489
2649
5252
5855
4004
1069
151
5846
7770
4478
501
7260
1076
7170
6732
7006
4823
3794
7182
2269
2490
3136
6385
811
2723
804
1518
674
5237
373
221
186
3931
1990
7279
999
1452
3384
4132
7716
47
2482
2135
1156
6192
5629
4100
3059
7453
1696
5652
1328
6519
3739
772
1865
3043
88
4522
6559
2116
3718
6676
6432
7864
6480
7110
129
6444
3633
851
7134
126
6650
3094
2830
6101
3625
3464
6793
7824
3968
6175
314
5841
5387
439
4577
4544
7665
5992
763
1115
6309
4485
5668
6276
6863
6807
3478
7709
4427
6062
677
6572
5010
7348
1966
2512
3929
6218
4830
7841
4223
5336
662
1417
6568
2225
5944
4189
3611
4087
522
2352
627
26
5230
1303
5794
3469
6554
4681
2124
686
4403
5381
4647
3936
5452
901
5472
6608
3217
4641
822
2436
6693
651
1623
6084
468
3026
4807
4477
1204
6066
328
6350
761
5997
2750
1685
1367
1987
697
283
4779
5539
941
6315
7608
1801
4269
1620
3937
1404
3145
3247
5737
2456
7902
2227
4469
474
578
7647
4960
5007
3762
1265
7225
2853
2051
6680
2950
1985
2161
5286
7911
4671
2583
2609
5378
1239
7206
5676
6387
7959
6760
198
1648
719
685
5299
981
7854
2868
1210
2332
6433
2743
1329
3469
2499
2522
4261
1209
793
1158
1102
3109
3843
3652
520
3359
2647
2915
6086
5007
3199
4224
889
2861
979
4493
2301
3990
2594
6967
5601
1305
6934
7543
1013
195
6382
7057
95
2067
4285
4605
1153
3785
3943
7962
730
838
1932
1358
6639
5519
7387
4086
233
1813
4410
4182
494
6708
883
4976
6028
4370
1586
7790
5101
6544
922
7791
6443
4251
4450
467
674
1800
6129
3372
6100
6857
7101
1399
4031
2009
7500
4587
7278
6598
1906
531
5508
5263
7631
7004
1752
6405
6925
7680
1833
4051
6711
129
7511
5499
3967
3340
5129
7730
7857
5225
1130
6030
2478
6791
5217
1278
2632
7248
236
6384
2725
6152
837
6722
2881
6831
4423
4835
3841
7190
2283
1583
6069
4377
4858
272
2447
3652
3798
7434
1563
301
3645
1826
4055
7031
6169
4335
5800
2178
1207
1260
2111
200
4092
5071
1786
4176
398
394
1295
5374
4807
1538
3055
1156
5425
5429
6439
2188
7873
1360
3517
1599
4554
3332
749
4724
2684
2309
7411
3115
2213
5063
5487
3332
177
5758
328
5897
2557
4322
3556
2560
4017
937
3478
2484
469
2273
7366
716
369
7794
5149
6144
5872
4585
7756
1305
364
1937
3120
3370
805
3695
1832
4339
2006
4503
2274
7884
3303
4887
5717
7444
2729
296
2977
201
7910
3927
5220
7630
370
6988
2209
6238
5074
6052
7782
5292
4017
2579
7365
5935
4763
5387
5367
7239
7292
6451
3142
5791
251
1741
7051
4250
6730
6620
1855
3957
2173
6408
489
6222
2731
3651
2517
7899
6097
5059
4817
7635
7919
5499
6007
7489
1674
401
1958
2761
860
6080
6184
5653
2480
1056
2032
4239
6385
7936
1338
7401
7649
6504
2209
3701
869
7499
6927
4674
5064
3714
3910
5467
1620
2427
7671
3658
1523
1789
5436
3526
7598
5917
4249
1990
4750
2713
6000
1945
4180
5491
367
4912
5091
4357
1131
1116
1066
1190
1571
5844
671
1908
3370
2941
737
2899
4045
1491
4090
19
3103
4691
3031
105
3743
3997
3877
7599
7989
760
5894
1283
5303
3898
4856
7602
7650
4804
282
5851
3530
890
3629
543
287
6138
6321
875
6416
7036
7095
6936
4171
2062
1067
3395
2985
1612
4453
2699
812
3711
1129
497
1509
3359
1144
4946
2283
4836
7387
1249
6619
1358
2400
3365
2265
2137
7589
2600
2253
6128
3854
692
4192
4353
5429
797
1800
4633
5129
6567
6865
3965
1699
4437
2341
3603
1494
2137
289
839
6654
269
3623
7526
7239
7356
2616
1803
5435
4880
2748
6034
245
4761
7214
2426
6600
5015
2646
7429
1260
6089
1601
5563
486
5147
5916
2243
7382
770
3150
3769
75
4080
1514
7208
4778
6731
4691
1797
7645
96
4597
3023
1353
1145
6129
7372
95
4786
6596
4
964
5405
7777
4873
993
1860
7305
3345
2548
1537
2469
4230
1157
5489
5923
632
166
4176
303
6689
888
2394
2546
6559
7547
3108
4106
17
7883
159
1319
7446
1312
6709
3984
7386
6028
1184
1293
7799
1792
7967
7590
1386
7971
5081
2612
4519
1586
6756
5491
7486
6098
1953
1445
5125
5621
4577
5607
1282
3516
5200
7164
3067
6973
5573
2288
4397
2632
6860
1530
6448
