6562
6849
7969
7594
4293
7502
4864
6233
2343
2050
4617
5182
1376
4739
2431
6955
6657
7575
4515
3117
416
3283
7156
6274
1315
381
5015
1996
3643
2378
672
5391
1508
4186
36
5178
2872
2877
2998
3808
1821
1833
3365
5105
4120
6218
6735
3995
5936
7932
4569
6555
844
1250
7809
1026
4824
7865
2978
1843
5802
5543
3063
1965
6972
5763
4897
2889
2785
843
7745
7384
7926
1822
5898
2738
7473
3494
104
1569
6914
5299
6547
2998
2857
3182
2573
5741
122
5166
7125
1118
4093
4007
3302
5415
2067
679
5833
7745
1076
7833
4469
3656
3952
7894
5009
5662
5817
2440
7132
4379
3359
6318
1144
4044
5549
1075
6224
4286
1667
4890
6731
5924
1094
1265
3052
5764
6522
7490
5984
3443
3957
5728
3307
5710
3484
4174
5855
7353
4512
4725
726
5016
1525
3106
6148
132
2462
2754
2115
4312
2326
6663
4422
5058
4119
2097
7757
5711
821
4886
412
5296
2105
2771
6987
832
6467
4290
4987
7834
4333
3894
1436
83
4434
1781
4404
6564
1120
5915
7876
824
4569
4990
6777
4004
5875
4090
4442
979
95
1551
6625
1277
1847
720
6177
805
629
7959
7279
1114
6345
778
4465
5249
5610
3151
6393
1292
5185
7210
6795
5733
5291
3704
5198
3904
5540
4396
7851
6290
7194
4006
2036
7152
2257
3230
7340
5764
7616
7370
2800
713
2935
4735
3631
2686
5982
7993
4847
4265
4979
3685
749
5396
4554
5712
4095
5814
7410
2309
6862
6970
3591
661
3547
1904
4325
6832
5654
4574
4140
2231
3193
6546
6365
1135
2928
7429
1378
3167
1492
5121
2807
4757
5650
2186
842
332
7134
4029
617
1997
6636
2228
518
2004
7929
4953
3592
46
3599
9
3255
6262
6599
3436
1544
5859
5245
3590
5331
6398
3958
2768
4320
5475
962
341
2508
4985
4720
7446
5516
4712
3455
294
2864
6527
7848
4096
5898
4142
1060
6982
2056
5650
1515
2646
5532
7154
687
118
3792
3640
710
644
6841
7888
2072
7568
2000
1461
5568
7285
915
6514
2879
725
4895
3185
1201
1099
6703
942
5684
1556
7192
1649
4585
4124
5470
6188
417
4019
698
2212
4073
2661
1680
3062
1394
3274
7255
6286
1821
4462
1641
3199
2094
5449
7816
2828
5584
2767
4134
6389
5865
5914
7984
4494
1708
4938
6027
1991
4715
1297
5862
6811
6337
3341
3822
992
2344
5278
5592
7316
578
5664
3918
5613
247
5845
5513
7738
836
2970
3960
6562
381
428
2695
6332
339
4829
5254
2643
3931
5529
5377
6457
5563
5405
444
3827
6075
6463
4529
2110
4150
6017
3909
3419
6901
6586
5527
1741
1591
3538
2253
3129
7830
4766
4484
117
7655
6994
4072
1730
7449
834
2503
3907
7204
4125
54
7438
5787
388
7241
7430
7908
2533
1383
1066
197
2257
984
7430
2932
7820
3896
1786
6867
418
3970
1191
7073
4246
6160
2074
77
4362
2068
1630
4581
7984
2874
6236
4807
4164
2405
3169
4079
6185
2810
1344
1573
4317
7338
7786
7477
691
6724
2716
5061
2408
5347
2220
4807
3631
5325
3425
7471
2449
6368
6515
5545
4036
6366
4101
4536
3267
4189
2268
264
7677
3290
6697
7323
5631
3874
5894
2251
4592
200
4282
2337
2292
7034
4349
1050
2002
7232
3318
3183
3697
5985
3761
7540
5510
2027
4206
3690
7161
6480
7390
2159
1291
640
6911
2517
3539
4057
5551
836
5822
2582
7290
68
1262
2812
1251
2086
6350
5300
5169
2842
5148
1520
7603
6239
3210
2361
5037
1500
6636
5736
1573
6410
2133
2877
3421
7350
6208
6449
491
2097
739
6107
4905
7345
2946
974
4503
4816
1800
442
1073
3766
2818
271
3624
3255
866
986
1481
1115
298
4636
2706
1905
3353
2662
3842
1917
6214
7369
2885
4663
2630
7538
3013
7421
2173
6453
5749
6397
4728
3183
7002
6680
6984
6488
445
2385
5788
3239
539
2176
2404
7010
4497
7315
7843
4829
3376
503
741
3691
5958
1240
834
3006
5178
4132
5825
7835
6432
3127
434
1731
5494
3694
1915
200
335
6283
3390
3127
6252
6714
4235
2172
4321
3335
3768
362
4737
5299
5716
679
653
3278
7344
6007
4178
3084
2209
2561
4206
7405
7860
6973
3472
7361
1824
6932
6807
1585
4098
4576
1633
6193
739
7871
3637
2449
7316
2273
7825
4504
4190
1179
6637
7530
7837
7908
1679
7009
4595
5454
171
3915
240
1028
6896
6613
6611
3557
459
4431
3601
5821
1392
6041
2537
3466
1483
847
4712
7275
194
1304
664
7288
6448
4149
5078
4162
172
1447
7658
569
6435
7828
7390
450
699
5867
1761
6490
4425
5836
5510
2581
6571
5966
2776
5210
1384
30
4260
6914
2141
3189
826
5475
3450
4242
2548
7849
250
6941
7546
7576
649
3337
6240
1946
461
523
1708
7238
5407
4918
2677
4781
757
2701
2388
7580
3846
4352
5000
718
6872
1595
1905
5414
708
3944
1771
1858
963
194
1622
7651
163
2040
1532
839
1993
5636
3628
3478
4721
2900
5252
5309
6141
119
7584
1732
3136
707
2620
792
607
7326
1223
7476
7682
3291
7059
3158
6584
3
2961
2547
99
4440
7304
6849
7189
1128
4420
4308
341
3311
545
2565
1200
2860
722
2898
2046
4737
3403
3588
2825
2558
7969
3134
7884
6399
6068
300
3824
5078
4140
783
3603
7181
1540
1374
150
1032
7687
2609
1338
2975
3806
2468
1459
1285
2969
998
698
2763
7925
1172
840
193
5006
7246
2617
7124
7868
628
6987
3171
7943
7942
3288
6577
496
2246
5916
7481
6949
2227
3124
7490
1531
1270
1189
5168
5177
2528
5088
2591
439
2375
4890
3854
7086
4778
474
7258
2405
4318
2819
894
344
1022
4707
345
7839
7076
2034
5886
446
5753
6995
3787
1083
6980
2334
5687
3164
7900
2303
5655
7328
1228
5629
3983
4585
5040
4282
5802
2150
6401
6930
1915
3974
4561
6052
7000
4343
5605
2737
4587
730
650
83
1973
4198
3290
2582
5463
4922
4385
3820
6391
3443
2486
5420
1470
5060
5841
2831
2238
2191
1456
285
4329
2947
3651
4092
4205
7798
1563
111
4098
5221
6972
1523
3670
6869
6654
5345
7865
860
9
5772
4088
7423
58
377
7085
2647
1706
2359
2862
7400
3427
2801
2510
7499
6660
7
6564
5956
763
1598
6374
3250
782
7249
1173
1282
7774
843
4485
4276
871
1379
1052
739
5658
3325
7754
3522
1334
2673
3298
6861
1314
3430
5830
2202
3751
2553
3158
7845
6013
1027
7876
4889
3650
2542
1858
5417
2355
1741
2681
1218
4652
3478
5910
6421
1283
671
6620
4214
4447
5226
3326
1391
1011
2212
5649
1496
1740
2961
2763
5795
2812
7510
4327
2623
209
6842
5958
2856
513
126
5144
2685
5126
7558
5425
7800
5735
3315
3820
3053
7268
4320
824
1619
2463
3037
6268
5257
3798
4711
1020
3768
6214
4026
4258
7002
6703
5643
2325
2222
4450
1332
3553
6375
7218
6231
994
5944
5526
1197
1696
2354
7595
2841
7942
4121
4192
816
927
6572
6873
4096
7492
1007
720
6355
1359
2292
7474
7777
2287
3725
2849
4601
2485
969
3526
2406
3440
4254
1871
2594
2967
7576
3935
6626
9
1381
3990
2121
1501
2148
2903
3229
2493
2322
6075
3408
7740
3878
3925
6201
5853
5209
5983
4049
2838
7563
88
5216
5520
3490
2601
3956
954
7459
2066
6851
6129
2087
2441
5786
5167
589
431
5697
3997
7822
1506
7952
7084
5292
4429
4063
2767
3034
2117
2783
558
3711
2175
1766
3068
661
207
1876
5480
5611
1786
7788
4099
6796
1499
3011
1234
3813
4092
6863
7907
686
5347
4260
503
4529
959
2326
1912
2585
6665
5514
368
307
2189
5675
2377
4458
2640
1168
4832
1451
1495
1427
7009
6143
6077
23
5930
1479
6498
7762
2789
5907
7406
670
5833
439
4080
7650
2648
6098
7427
6566
4003
3542
7207
7566
1845
7098
3715
3993
7523
2141
3163
4997
1029
4593
6509
7585
684
3562
2387
6558
3616
3214
7200
841
1056
6267
1917
5911
461
6754
2344
1718
844
1400
3779
2399
1013
3635
2926
3093
2811
1012
4427
4505
5696
2005
3719
103
6070
7950
2687
838
7741
7207
5055
5694
3033
2567
4016
5392
2469
3669
1676
7093
1769
437
4793
6934
363
4743
7680
3263
7068
648
1604
6420
7390
4146
3618
5109
6715
6898
3524
7321
2283
3634
4410
7356
5298
6230
1936
7626
4198
3674
2776
6654
6901
496
6816
163
5810
5343
6757
545
4752
3488
4437
1665
1392
3476
648
6458
403
2665
1468
5161
367
5328
4585
5495
3303
4694
2393
1019
6663
5194
771
5239
79
3808
5942
4020
169
7097
6532
6127
7129
6387
3118
1153
1323
6595
3085
4729
3753
3344
4364
6139
2573
2262
3204
3479
3409
7259
583
7697
7682
7082
5874
6929
3239
3142
5343
1372
1466
491
6109
7566
1288
579
932
1747
4283
5061
3230
3250
7562
4631
1496
7698
1566
1365
7137
6928
1367
1085
6313
454
1083
5311
4019
2582
4191
7239
1487
1291
5608
3676
2971
3718
4920
7366
4701
623
4172
3827
341
4189
5025
1328
772
7934
4765
3189
3814
7320
6682
1823
7689
6246
5564
7258
5436
7496
4112
2002
7575
3376
2315
5052
204
1098
2350
4701
1656
402
2550
6452
4147
1018
2268
7470
2788
5247
3800
5358
888
2366
3341
4711
2164
3682
4476
2485
967
4690
1747
2783
4834
6245
4672
5998
6436
3566
7254
2540
1218
6629
3596
378
4544
6019
2216
2033
7722
636
1343
6649
5520
874
2416
5283
3299
140
3759
3109
7193
7220
2864
7274
3487
297
3002
6532
833
3001
4798
4052
5612
1709
6405
5206
3221
2488
3197
7676
2663
1440
7013
674
3809
4342
403
5909
7672
1442
880
7295
495
4613
938
4691
4358
1699
3905
6545
1650
1311
1576
3067
179
7264
7278
3532
1549
7860
2240
5360
3018
7310
3088
5253
2065
938
6757
7458
7996
7988
1463
5288
6865
680
4694
7778
5728
2925
3707
6446
6375
7406
827
2168
6375
5910
3552
6736
901
2412
1533
7144
5921
4876
5629
5772
4261
2400
7640
4206
2007
4555
5015
7368
2728
1439
3359
3669
542
7380
6187
1270
652
670
1772
5158
6727
2295
4654
7143
192
5923
2937
219
4310
4763
5221
5444
5179
3511
5442
3444
7769
2470
4509
4685
1940
3498
3552
6268
3281
7544
1950
757
5494
5045
3504
26
7585
3897
2067
4734
6366
6633
1605
3824
6601
4458
7231
4668
2849
7804
2763
4056
1292
4024
4741
989
996
342
4452
5481
648
1617
5637
3385
2919
1505
3002
5821
1988
2915
5291
1582
5807
7986
2326
978
6910
1180
3821
5327
7083
1217
7238
7917
4915
733
7449
7508
124
7530
7412
2519
3413
2447
5881
1566
7723
1104
3543
2905
2739
508
7530
432
6499
5773
5154
2181
3892
1825
2023
580
7886
6720
7994
7684
1233
3302
1131
32
372
4377
3033
383
1633
6806
1630
7419
6917
4243
1108
671
6901
7640
6832
2206
7806
5143
7248
4079
1575
3028
2175
3099
6471
1148
6251
2648
850
6849
4201
6702
7880
6706
6110
3351
7442
5064
4131
15
24
3848
5009
3344
3100
1107
7917
3464
2049
3491
2551
5151
2658
4632
6845
2662
6963
3273
2077
2147
7742
7178
5335
3081
4511
3801
5843
3641
4827
6113
1713
768
7786
4737
2003
1745
670
7597
2433
4005
4221
5810
939
4589
7011
4330
4936
3329
411
5888
2661
3440
6946
95
1523
4695
2135
3866
1671
6075
2840
2184
923
6619
2932
868
1434
3254
3576
6215
1919
6848
4454
7293
1662
5179
4262
800
2113
7661
236
291
1624
7203
7972
5690
7836
1290
5516
1029
4923
7602
6320
7956
5979
2150
3357
7077
6328
5295
675
2706
2485
2683
3615
6422
3683
5854
411
1940
859
2431
2731
304
223
270
5049
6522
862
6320
6885
6589
4951
5758
3019
3188
2573
6600
5185
6964
1959
497
4193
2627
1880
5578
4031
2782
1002
4548
4030
3606
6447
6194
1115
7342
3358
1204
4592
135
554
1971
1464
1240
5579
387
5411
2131
2772
1048
5610
4328
5994
7517
7176
1580
6755
5221
6847
2224
5317
4743
87
4089
4736
259
4260
4814
4488
6863
6656
6657
1234
6943
2467
3681
65
1107
2539
750
6068
3182
4008
5463
243
4245
4929
7801
7157
2835
6723
4014
3234
7989
6096
5759
2772
3993
1144
1379
2720
3477
1437
3856
4184
7815
4171
6364
5317
2415
5897
4483
5314
1352
3235
5874
1359
4554
6902
2081
2261
3375
3734
4794
7805
1571
1972
3619
3132
24
6729
4777
3152
2174
2970
2357
4922
6685
48
6605
2348
2816
4810
2673
983
3107
5251
7919
761
2598
3728
2714
4056
7008
757
4452
393
5287
7483
4117
6739
1948
4639
885
1334
2649
4016
3115
3795
4703
1304
5033
3929
3281
4782
4007
3481
1461
41
2635
5018
478
2999
4728
5223
2900
340
4994
3339
1836
5358
3519
3571
4504
2738
5465
979
6161
5206
1355
4735
705
7936
3056
4766
5263
6559
1232
4152
5887
7881
7956
669
6696
17
6633
4912
5601
1132
4494
4743
1574
6669
2684
5784
7442
736
3398
2547
2318
6446
6911
111
4655
5145
3397
6527
7882
5903
6698
7443
4509
523
4041
5649
6979
5263
3973
7819
3109
1378
7629
1629
4101
4303
3171
357
7579
7740
694
5920
6410
6224
5218
5081
7064
6868
6111
6657
1412
4641
4011
3265
4625
7821
67
6053
5993
4431
6140
4931
4960
4506
7584
1966
2464
691
4024
7173
118
3938
6601
6729
2025
4985
4769
3499
2318
6516
3285
2060
5378
681
2760
2548
710
3457
6083
4042
2607
39
4836
3332
780
1481
4508
2239
463
2305
5916
6193
2447
4283
5430
1621
1147
5271
4360
2747
5878
6077
7619
1868
6362
1698
1838
3038
7539
5314
4965
7298
4296
5802
3570
4145
7710
6979
5770
373
3823
605
3157
2771
1694
4394
254
7802
3543
7025
4151
305
7630
1473
2560
2246
4635
2668
7139
5998
5075
7958
6378
414
3693
771
5343
3127
2666
3642
1567
7968
4690
282
4650
974
672
4293
5037
7893
4002
7303
7803
7849
7830
2382
890
952
83
7124
6120
1056
298
6551
7041
762
21
5844
4386
297
7523
1574
1947
4491
2135
5837
1296
1769
1441
444
1228
5651
1491
2931
5143
7783
5816
6820
2480
370
5623
5037
4813
3707
1210
2737
22
6210
1878
3457
6097
1187
7311
6982
3955
7170
6916
179
6974
3869
7735
1041
4954
5731
4167
3040
3786
6885
6063
5985
3383
351
7144
2887
3635
7803
4218
54
1893
7044
1081
4119
7462
6846
4750
2826
2246
6335
3548
3070
3009
142
1809
1587
1260
6742
7883
7423
3602
1328
2020
4058
5949
1514
5474
6387
4524
4868
6070
7280
7826
5175
5388
4439
4183
6731
1112
2870
4382
3037
6116
6089
4831
5986
168
6123
6719
7433
4926
1890
45
7568
5050
2939
3926
534
192
4717
1101
3868
5770
1003
6231
5240
3093
1684
6928
4736
1340
6871
4457
3170
7056
3250
6418
5311
6983
1473
2676
2161
6350
7624
6381
7255
3525
2332
4063
884
5600
1597
374
3430
4816
1120
3392
4406
3933
2435
6468
2004
934
1783
6894
2812
1413
4976
7133
332
6973
1369
2636
7362
6488
7204
4561
6480
955
6764
354
3826
410
7614
1244
7961
6718
2543
1399
4789
3970
5678
7995
7022
7712
3822
1737
2664
7979
6552
6688
4652
3338
150
3577
6954
4354
916
1461
883
5606
6585
3176
6257
597
2758
816
6526
2843
6910
5315
6354
5236
4346
5251
2250
7673
2506
4579
7548
5284
3514
4914
3662
3250
7515
1590
5925
1281
6789
7342
2979
4858
561
4165
5750
5746
7580
4288
2048
3772
911
768
1718
1851
7266
622
6964
4074
6068
3769
1076
2434
4774
6904
3186
272
3878
5921
1920
4008
2427
7862
2026
706
5335
3977
1926
6385
204
2412
96
4497
5104
5730
5267
4477
3910
5518
4204
5911
1748
6660
1894
2033
2527
4791
994
3786
5907
1
2101
3972
6836
3225
5106
5026
5834
7522
1549
3508
5422
671
5148
3515
2806
3143
7833
197
353
299
2756
359
1880
7750
1435
2803
1942
4786
917
1297
4602
3802
993
3184
5695
102
5817
1375
1898
4657
1468
2139
7323
3678
4217
38
5011
1427
6047
7903
5502
2817
4119
4778
4946
5702
7343
4322
170
621
4728
6681
5739
4513
215
3855
1181
7782
3644
2826
6326
5608
6944
4723
5141
7049
73
7989
3351
6298
2346
2282
1616
177
4435
7872
6387
2273
7944
3172
2232
2010
876
490
635
1439
4830
4659
2147
1179
950
2546
2852
5412
5381
4822
5254
7715
622
3516
5283
5496
7054
7141
5984
3014
4334
2933
5997
5907
4836
185
6395
1210
7386
7979
1652
5913
7657
4229
2555
466
1248
2549
1531
644
941
6107
6500
779
621
165
4513
5603
3084
2026
4395
4438
3716
2121
4145
170
1121
4726
3898
6059
3739
1816
5936
4123
1461
3803
1854
7875
5285
1674
3707
3233
3397
3772
7642
6810
222
6595
1552
3095
1784
3089
5263
7685
6481
6727
3329
2200
954
424
2680
1342
4783
7114
4401
1788
4114
178
231
3694
3894
404
7718
5472
3554
1796
3457
2605
4272
6511
2836
1876
2354
3475
5600
6050
4462
550
5257
7212
906
5451
7207
3678
2161
719
2797
7526
3939
7779
2008
3196
1504
3800
3241
5758
4598
4229
2908
1994
798
523
73
4231
4413
3966
4231
255
4537
2155
749
2341
6586
4278
666
68
3832
1068
6875
3930
5727
6980
3243
7246
4598
2042
2639
5004
7143
3960
5847
5625
1941
6979
6482
6915
2925
5092
7781
1651
7074
4606
5139
7678
5293
72
1287
1229
1803
1004
2258
3505
6578
4242
5920
835
1077
500
4485
4243
2268
7018
5900
1391
6895
1657
5328
5707
7423
7442
5611
2629
271
6204
243
2795
753
3919
3879
5805
3388
3108
6756
5804
6506
7702
7178
4745
446
1201
1371
4648
7558
4186
4878
246
6980
3646
1984
2581
6866
6937
1926
6155
5435
7713
3043
3823
213
4898
3090
357
5083
6351
5745
6595
7148
5610
2796
519
4626
2582
6140
6648
1058
1716
4726
7127
948
5361
5748
5947
127
543
1005
4647
3970
4729
5297
5589
1472
5654
5535
4796
5621
6153
4766
4435
7768
7576
4971
4441
7463
6264
865
2269
6930
1610
3277
4400
4224
1135
5571
577
3858
4754
7675
7910
5897
4655
3423
6952
3739
6283
2938
220
2111
7465
4410
1290
4244
2918
5689
7366
1561
109
524
6248
1355
4616
2346
5450
7401
6342
4196
1139
4935
6780
2687
4103
1845
12
6691
6195
5928
826
3615
7699
4730
5515
568
1496
7634
2027
6886
537
851
2717
3524
35
2965
2389
6976
7836
4501
2849
3948
2595
4203
7849
3122
1711
4973
223
7744
2307
3200
2704
2759
5060
7922
6770
3380
5767
2116
785
546
5224
1279
7262
6177
3635
1631
2705
2216
5742
344
7398
962
3662
670
241
5979
5317
4377
47
1763
794
6144
6055
6592
4152
2545
4199
6299
6284
500
1438
5995
7136
5445
5758
7748
6472
1246
6776
6546
7281
5509
7811
462
2447
7203
4698
4880
4016
3853
902
5622
110
3036
766
1280
7650
797
3320
6907
2811
6005
5086
5802
6659
2067
6050
6562
4704
680
1311
5984
20
7302
1731
4892
4249
6907
5268
1004
1990
6937
2637
542
5031
5891
7414
7391
4820
4835
5642
5449
6655
3639
4614
7573
2369
2032
4970
7427
1875
6392
7421
3167
607
1075
6374
825
1992
2956
5566
1273
825
3900
5891
6630
4836
5106
750
4299
5660
7673
2906
1012
592
1438
119
1101
4873
1550
7653
4294
3193
356
573
310
3643
5762
33
7144
90
4641
5564
5033
7273
5083
4446
3637
7368
3960
1125
7797
7465
6909
1290
2094
3309
127
6706
7351
7567
352
1838
7894
6085
4350
5471
886
2393
567
2419
1585
7471
7602
148
2274
7968
4851
4046
5964
4033
1371
7087
1902
4877
449
4610
567
3253
6580
5110
4365
351
1971
3743
1623
7342
7562
1944
5678
7898
891
2503
4676
7364
2646
4225
6741
1864
5840
6484
3176
120
5680
2218
5362
1496
18
225
1196
2253
6925
1322
1371
2401
7489
6234
4606
2425
3228
1668
2137
5920
5357
4208
2919
7093
1795
3560
1622
3292
3653
1962
6867
3990
1446
4165
5379
712
6982
6085
6551
5696
4573
2337
1653
314
1849
3596
2039
2553
3295
28
6956
2347
4991
6832
7587
7670
5843
4271
4307
4642
2977
3863
1386
2487
2510
3296
7926
2474
4549
4655
2717
7679
3264
536
5906
7933
290
5837
3772
1887
4373
4259
2479
4096
5294
7605
7068
6681
5
934
3201
6834
18
371
2996
4272
1250
2263
3463
5188
3587
2761
3674
5723
1973
607
7523
3019
5210
6858
2966
3432
6406
351
6958
611
1385
849
4367
7455
5697
598
5284
4044
1064
3196
4812
7023
3396
498
5616
3856
5045
7747
2029
924
6469
623
1940
2763
1479
6198
5978
660
2544
1268
5682
1716
3992
4577
5257
564
1818
3906
6325
7698
4929
4527
2769
5339
107
840
1297
1540
1221
3821
2876
4484
4567
6011
6192
5512
7025
1170
4273
1760
4483
2373
2624
7852
2476
3227
3017
3190
5777
4006
505
2651
7490
4212
2829
5340
2022
978
3693
2558
6528
298
1955
1
667
4596
4598
3189
5141
3993
7205
3103
4529
6655
290
2085
6890
7569
1890
3802
2373
3507
925
6947
1607
3419
2506
495
7659
1532
3005
3849
4592
2808
1101
3265
5461
1237
4866
3908
7089
5667
4956
7571
5434
3225
5233
4497
1158
4077
7160
6182
5344
4202
2791
5933
1905
4153
2186
5055
1251
624
5544
3211
2390
100
3851
6790
872
177
3119
5331
1891
1671
1114
502
6550
7030
4867
821
7271
3822
367
3605
730
725
6596
2813
4251
2127
3004
127
3965
7798
2157
2426
3267
4887
2415
6682
1716
4748
7366
4272
3439
1406
3732
1553
260
7861
6515
2574
7708
7876
6893
7708
1182
6805
7230
7873
282
2751
2568
4763
2596
486
7726
7847
5302
4194
6195
3159
4370
1242
755
7792
2043
1839
2179
3753
4526
3330
7953
2644
5035
1069
633
7848
1279
7179
5677
6174
4442
3955
3710
4345
4066
6962
4824
6706
5010
2771
819
2202
6289
4997
4300
4791
7758
2461
7970
5659
4015
7673
1227
4858
6718
4411
2352
6292
1274
7546
6400
6839
608
1115
7980
7433
3934
2645
3332
3003
1958
4608
5504
4078
5534
3371
2842
3737
7017
4939
1774
747
496
1021
1349
6530
2742
6116
1030
5693
6780
6657
5359
3221
5601
3936
4584
7326
4884
7066
5208
2919
3257
2359
1434
7368
2410
2147
2703
4334
7870
3369
702
1260
3252
41
4935
6676
6301
4420
7661
7543
5286
6353
6057
2017
7929
5508
7640
7376
1816
88
4604
7509
6653
5405
6717
2111
4327
3463
2491
7146
6730
4339
722
550
7873
7472
6855
4069
984
2028
7957
3550
2839
3892
2283
5001
2367
5039
6430
956
3657
7508
4566
3350
3897
6366
334
2269
7226
346
2881
1992
109
3284
1351
5295
4474
6790
4392
7070
646
6549
3132
6023
2033
4496
7949
6515
1809
6604
2053
3774
941
6613
3517
4316
7827
4063
7402
1751
1450
5440
1219
3351
7349
1436
1953
1599
4887
2413
2134
3514
3889
2909
3070
3711
7091
603
6591
1797
7345
5297
569
7614
6157
1320
6614
7434
6843
5277
3037
460
1892
6733
2510
4627
1895
503
482
5363
2320
2592
2199
4010
1826
349
6518
7138
75
2811
3767
7826
6332
5968
5836
4478
2003
3813
2010
5236
6557
639
7838
6229
7245
4318
1968
4518
6582
2874
6247
6536
4377
7707
3134
1166
1865
5226
7296
5167
5161
5550
1225
5047
7001
5199
5977
7388
604
1048
6660
2139
7624
6643
3156
5855
5600
7590
7425
5300
7965
2854
1306
3402
2006
4493
875
133
5970
1391
5437
566
2413
5263
3665
6300
5888
205
3939
5867
5642
7430
7250
4515
56
220
4287
865
513
6784
4671
5173
3851
450
3203
6791
4146
1562
1308
6562
1668
7296
4342
7052
1385
3794
589
780
7
3733
5547
7408
5610
2859
7599
2498
7248
3350
7234
7615
1895
2951
1004
2455
3675
2206
1981
111
2057
121
4325
3803
4292
3781
5636
7412
1785
898
7723
5864
809
1839
360
3957
5502
1599
914
5866
2821
5059
2411
4181
889
2043
4404
5537
1939
4541
5108
3322
2059
5172
1466
2749
4548
4162
4988
3449
7534
5375
1095
7150
5727
4944
6165
4807
2813
7098
7803
7200
7532
4428
6300
4024
5834
108
3680
4371
5285
4052
19
1202
5337
4209
3058
238
24
4676
3948
5999
1403
5172
3139
1568
453
39
1902
1040
4381
3052
6512
139
7486
7540
5235
693
4382
1843
3380
4426
2436
3436
5404
363
4594
1192
6131
1003
6098
4102
6825
3398
2188
7713
6486
6311
6258
2696
6839
2292
3643
4728
4595
4715
1239
6168
1955
5417
2251
3735
2510
6695
5540
940
2848
43
3504
3420
384
3618
5765
2622
1692
6273
2338
5251
4239
1101
815
4053
3191
2969
7003
1480
2562
2113
6696
3457
1388
2805
7500
189
7411
1493
2718
5859
7877
1938
1332
3825
7653
6761
138
7713
4985
7339
3962
2204
1165
1172
3808
1768
4030
7732
5279
603
2131
6113
6405
5049
3717
5949
1355
288
1160
3572
3544
5128
5207
5255
4081
2326
927
1628
1444
214
5225
56
7355
3471
2095
5169
6043
100
4755
5156
3214
598
2127
1745
3996
2046
3173
1695
4529
2551
2415
3475
3039
6728
808
4038
2424
7823
2148
2021
3977
5969
2165
4384
7842
4086
6653
5835
467
1951
6306
608
2561
4941
1168
1016
3898
7664
4481
1898
6607
6987
5177
4618
5046
171
2629
20
5689
2633
831
1202
2023
849
3046
7414
7608
2062
106
5863
5940
7863
4584
4608
3337
7935
7148
1182
6333
7665
816
275
2204
6091
4704
5611
5976
2716
304
1739
7966
4732
6191
1264
831
7047
3294
3722
1821
12
5388
2516
5302
1023
7929
7437
2088
7226
5213
2669
5408
6910
2362
5385
5910
5631
4028
7589
1619
1988
7729
7866
6779
1805
2212
4692
3692
5812
99
3219
1057
6693
5856
4019
2585
4009
3090
4910
805
674
6961
5558
966
1971
5564
501
2202
5076
6724
7628
141
5729
2552
414
7938
5898
3096
879
2267
2264
5062
6869
2610
3715
2309
2749
4799
4443
2415
2756
1430
6853
1134
2978
3939
98
7305
3044
5186
7892
1795
2498
4892
3301
357
2910
7337
6721
994
3680
2907
5775
784
6309
3407
7547
1207
2995
6969
4925
4289
452
665
515
5925
6721
4631
6246
3358
6993
5350
7367
7523
6740
3323
3529
2917
3577
5091
2313
1048
4247
772
472
378
7104
1356
2542
6273
2915
4066
1101
7494
3429
6819
1892
459
5361
5553
5407
1945
6092
5536
7028
743
6080
3748
6394
5663
4277
2077
5021
1481
2945
1208
6907
3522
1588
7160
2826
2809
1604
217
790
1084
4533
2118
7211
4284
3194
5716
3307
725
4778
5933
1951
5249
7409
4702
165
866
6871
4365
4373
3658
1407
5967
3069
7114
367
273
2211
3360
5872
3564
837
7131
2684
5773
4883
1485
2583
5286
5899
1110
34
2326
5940
4936
6207
6919
6144
3835
7937
1229
6621
3390
2012
1499
7801
1819
2999
2108
2864
2509
1947
1458
589
4737
4779
5651
2821
4519
4479
6804
3658
4477
6626
6750
5895
5515
792
165
7726
190
6560
4926
2410
6490
1447
7764
1574
7566
5016
4324
5396
43
6954
3443
5201
1119
7269
1621
4294
264
4014
3636
5424
5561
6770
1162
7877
4562
7959
7632
7303
1313
5361
3383
1565
4791
5878
7689
1849
1585
5974
5961
6093
7546
551
6379
2867
7519
6284
7562
7272
4262
3475
1078
7667
4471
6766
5279
7341
5915
2801
6871
6017
2341
4534
2668
7271
465
5846
5963
3372
3050
652
91
2066
1937
753
962
2310
320
5268
1239
3335
5763
3719
6171
6346
4152
5054
970
1923
1337
2289
3267
706
4025
6671
1098
2609
731
3599
3416
338
6142
1007
5638
7713
7162
4728
1805
2250
3133
4442
7476
7054
720
6057
1395
496
6115
4016
2803
5391
6505
6813
3521
4027
4949
5734
4498
6570
7605
5671
6939
2545
3095
3002
594
3566
6796
5849
7394
414
7124
6226
1225
7662
5527
85
964
194
7978
3724
6462
3455
879
720
5976
186
4947
3763
568
3605
2601
4742
270
500
1338
3728
1734
5817
587
5535
784
7636
7726
908
5183
3223
1325
7340
3383
1933
2727
7764
5630
3484
7194
1693
6534
1398
1093
6592
3413
7259
6142
1868
3598
5958
4004
6616
5246
1503
1401
2933
2168
7896
6924
7418
6497
2244
980
3349
3214
7104
4190
471
6833
6442
7198
4080
2793
3103
1341
4960
215
6496
7065
3870
3994
7955
6821
2851
1187
5401
1120
5816
6618
7247
4722
5339
4134
5245
2946
1778
3587
165
5563
7811
6426
4815
1936
1768
7499
7545
7908
5962
1371
7622
7058
1315
6822
3785
7995
3756
2232
7780
845
2221
6095
4373
303
2464
3192
1890
2052
1558
3339
7647
5131
1996
1202
822
4951
1492
5378
2174
7972
540
5140
4645
4862
6289
1042
4934
4594
5802
5209
6282
1156
1237
2695
3205
2124
2670
4046
4547
174
7946
5618
979
3632
3771
6207
2805
3088
4995
775
3190
3959
324
5083
648
5478
6369
6683
17
1849
2964
7129
5689
4823
3626
3460
6889
3190
1257
2875
2928
4042
3590
6233
996
3101
4637
1099
5448
7434
2574
1210
6
5348
4809
1962
6347
5907
4687
7717
1212
6709
7439
5179
1534
1688
3799
5187
1210
6191
3197
6370
5861
