3831
6645
1495
4861
232
4280
6906
7915
3216
2226
5527
5180
6403
3884
112
2006
4066
7697
3046
4447
6958
7309
1205
1696
702
7127
2223
2555
6680
7357
2460
5159
1935
6886
7413
6986
7792
3700
1171
3111
348
6883
1122
7734
7873
850
1847
6433
1805
1487
1948
7279
5909
4011
5477
6614
7237
5810
4552
79
1417
2012
3851
6962
4446
3793
55
1311
1363
4591
6497
7663
1830
5338
782
6165
463
5250
6069
7258
1607
3043
7285
5478
1044
3400
7424
2293
6985
1888
7636
3921
6570
264
1451
3277
5601
5140
2228
7856
1602
2288
3300
7118
3154
50
2684
638
247
2765
819
895
6846
7631
2620
2400
3825
2444
2987
91
6340
7537
4298
3222
6588
7620
4162
6516
1859
6727
1654
7171
7177
4884
2596
7585
2842
4186
2526
5081
7612
5007
6864
6326
2995
7358
5820
3501
7060
3617
2179
3
7200
1835
4174
1057
5545
5852
7391
4050
4108
166
2278
2045
6980
3354
2378
1343
6291
3033
811
5583
7716
7244
5946
6962
5588
7602
4009
3320
2176
2233
6267
3825
7613
3385
5242
2160
4609
4738
2709
4563
1462
916
6734
6359
6258
1495
6166
2123
3472
5026
3362
2343
5822
2281
5820
4084
6280
3422
7268
7597
2088
1383
2829
4056
283
3660
4929
263
1496
7771
6598
130
1408
6286
2751
848
6434
4131
3855
7830
5221
868
3753
6517
7643
2017
543
6380
794
6052
1240
145
4614
3614
5119
3053
3813
81
7790
1986
6590
4650
7425
7858
2848
521
369
6680
1196
3552
3016
5895
1448
1215
3372
6325
1279
5462
6879
3993
549
7637
352
2405
7959
5522
6435
4080
6071
2783
3791
7224
1569
975
7868
6550
791
2298
1562
7089
770
2046
5551
4183
7592
2657
7027
5899
6051
5311
2986
6687
5104
7627
7316
3151
1871
161
3661
6979
2893
6656
289
5763
4360
6125
1677
1525
643
4447
117
6402
1210
3178
4766
1959
1395
1134
1442
5468
4527
207
7588
6525
6180
7347
1722
2569
3206
4687
5422
959
5032
5275
2232
4738
342
454
5765
4649
2570
2831
1242
6351
7422
7009
5137
3763
2989
4280
4249
5330
1470
4436
586
5819
938
5332
7177
7676
7744
2300
5765
5894
4392
6586
1292
4010
812
98
6111
1780
3937
4848
4164
4796
2493
6353
5609
935
4266
5614
6357
4340
7027
3415
5948
2226
6357
6253
5344
7819
1146
1559
3586
7465
7107
5769
7623
4253
1268
4503
3007
5794
4908
6095
6709
5844
6193
107
3104
831
78
1616
3613
6413
4888
1899
3614
7085
5442
4764
4521
1546
6618
766
3141
2581
608
532
1939
1593
5674
7789
3858
3366
7553
870
5264
365
7907
3043
4998
2231
5917
4681
2323
6761
3832
305
2891
1145
3331
1419
6217
3777
831
6728
3087
7762
1115
6478
6930
7347
3853
6432
2803
7998
2897
7983
3320
4005
531
2004
6745
4414
6529
6964
6880
6080
5913
3285
2486
6130
4036
2791
2126
4618
3438
7236
447
2198
3479
6462
748
1530
7154
6140
97
7728
1522
2827
636
5852
5916
7353
3656
6489
2919
7568
4370
1173
4630
59
1390
4354
3068
1695
6110
5258
7677
6226
3429
4899
5606
1234
1132
4718
2684
5624
7682
3299
3804
4908
5287
2800
3033
5883
6786
6982
1384
6556
4764
1076
7770
7231
4398
3241
4198
2135
7239
3805
3090
3184
120
2477
6005
1285
7724
4013
7237
5307
2072
2760
6137
6352
1181
790
7355
2635
7936
3981
2256
2474
2620
3896
4387
3838
7340
4810
7367
5623
4742
5470
419
618
7931
3274
3271
5672
702
2070
2925
5517
140
5373
1434
6514
4812
960
5674
6620
4306
7984
6302
5029
1342
4870
4494
7289
1279
7606
2902
4160
3254
5473
5921
7481
2539
4136
5098
4677
818
6834
2692
6308
4245
4774
5209
2460
4880
2146
2090
1658
7003
2913
6990
6329
6090
2799
3328
562
3488
3104
7113
2690
3658
4527
4837
1433
139
6159
1652
4018
7
7054
6819
2308
30
2736
978
6537
6686
5944
1624
6780
866
1171
2746
151
5029
2450
7097
6627
7771
5224
6774
7405
5188
2640
175
5473
4747
3838
4202
2368
4481
4337
6816
6396
6043
6511
3499
2306
964
2588
7072
1934
2346
5793
3809
6216
6905
1727
3043
4591
530
5887
5090
4856
5625
7664
569
3799
4536
7548
4168
1971
5425
7742
883
2226
549
1479
5224
316
2380
4885
237
4450
3768
4930
2733
655
6607
3530
7174
6254
6484
5818
1447
1832
6937
3251
2464
714
5359
4306
615
2114
4117
7344
3476
193
7567
1219
4278
5775
3931
6800
3887
2317
4816
817
4823
1736
5970
6152
3819
2992
6746
3824
2061
4801
4338
4171
783
5372
6923
4863
2532
7321
30
7828
2272
4288
302
1527
5354
4841
5518
7030
2306
2832
4607
6273
4578
1135
6834
2670
3278
2120
7935
6768
1959
424
4637
6449
5923
686
7262
7779
3858
4882
4524
2713
4221
669
6709
2739
7300
5075
6683
573
3827
1494
7003
903
4617
254
4189
1169
6146
7339
2769
3155
3820
7409
4852
7385
434
4822
7249
6553
117
6254
3176
5194
2969
1608
2253
3096
3138
2240
505
6074
2160
2159
4609
7363
1554
6312
4052
3217
7668
5195
6022
2358
6176
3316
4118
6867
252
5553
3686
4982
4377
5582
6114
345
5373
42
2461
6821
5582
3974
4307
867
2911
1867
6716
4785
1329
3347
7215
5681
4503
615
4466
7129
2858
6852
4563
3796
4641
3587
646
6079
3219
4200
6423
5441
6772
2109
3
2218
7609
5487
3871
2777
2704
2583
1734
2280
6948
6687
5771
5924
2919
7197
4367
2886
7715
1081
4277
5031
5205
5015
5880
5838
6987
222
2260
2856
1557
4959
186
2553
1292
6366
2626
3186
3009
4992
6268
7250
5089
35
7838
2689
7382
3566
696
2595
1131
1096
7274
2000
1549
7806
978
6137
3888
5249
7641
5168
2927
2607
471
7377
6514
6851
2372
5426
1332
7209
3474
4301
3957
1905
3472
3124
7177
4903
3925
3667
3383
3868
717
7439
6528
5498
4019
2343
2920
7195
6908
3047
4875
860
6853
5919
5278
3363
6829
170
720
6657
598
7953
756
7375
2942
1954
4540
971
5597
1714
5139
4698
3469
5815
2220
793
2492
1609
3787
6669
1257
2787
5916
2395
7126
7432
4484
7532
313
7896
7846
5298
2754
7070
4295
6888
4033
4643
7763
653
6967
2297
4481
6291
3755
4962
5049
5226
3887
4576
4908
738
4684
7594
5447
477
640
7710
7872
7673
863
7432
2754
330
1071
5830
7791
6825
6900
3157
7063
3933
728
5026
2873
116
5161
624
7327
1200
2129
5662
1885
988
7551
3833
3907
635
1450
453
6060
5650
3441
7473
5342
892
500
7106
2051
5783
1223
6310
5750
621
784
7748
3253
7518
1638
898
7696
5977
1311
408
2192
3818
258
2681
7944
3490
5135
1833
1502
3936
2490
3732
7067
544
6409
2228
734
3596
7237
3554
5748
4415
7654
7655
6110
7416
3443
3957
4410
4162
5401
2207
141
5897
2824
7794
3936
5033
1967
2065
99
3227
1728
1800
7850
1509
1520
6328
1873
5998
3040
7224
3936
1576
2102
4203
7102
3385
1417
7498
3039
6468
1096
1021
5085
4533
2970
3914
4250
5419
249
5070
4565
3640
4439
2373
1007
329
7930
417
6241
4953
5273
7425
2525
5991
4257
170
833
203
7025
1195
303
1075
2351
692
4239
6562
6904
5128
1886
725
165
5695
4220
4743
485
421
3308
5030
2058
123
1555
673
7974
4551
6744
7717
1211
2337
992
2456
6639
5196
732
2699
1201
3328
5339
2264
7186
5304
2897
2214
4210
2844
1942
403
6076
2044
1533
7381
157
7987
3471
2816
2335
4559
2237
217
6211
6351
525
748
4147
3229
3470
1556
2132
7875
2941
4279
1937
2284
4280
3472
2578
6324
4286
4015
797
6250
3806
7951
1577
1328
5165
4146
2239
6502
5778
5979
5494
7370
1425
5253
4649
4209
2040
6089
449
1706
7345
7165
4587
7550
2180
6813
3763
2396
3097
5859
4462
6545
6014
5415
2252
7486
2525
5922
6989
775
4127
5602
748
5401
3983
4430
1864
1733
6071
511
3183
3035
7048
2376
5057
3724
2665
2373
6019
3972
1521
4773
2196
2224
2934
7089
3427
6465
2383
1488
4379
4283
4521
5733
7956
5053
3845
2455
856
6835
4073
3348
4383
4214
3190
2705
7549
6730
2514
4618
6081
2604
7524
6073
92
5486
5212
857
1696
2299
3271
6848
4391
2571
6205
3027
6820
6038
6154
5502
2191
3996
5907
4347
3239
2471
3536
7518
1237
4640
338
2073
4324
4032
4947
908
1905
3896
4146
2589
6315
1705
7005
747
6703
7986
4636
6841
6233
6664
6553
4699
3434
5338
7586
4036
6125
1003
59
1115
3746
5411
549
3575
7117
4691
7562
6720
5965
5941
4537
2475
628
272
6167
7814
92
788
6
7548
6195
443
7944
4935
2485
7247
4871
6699
2841
2440
1501
4082
4703
3529
2642
1922
3314
356
2405
4168
2978
4004
3003
1676
4657
1761
6294
2421
5636
5801
3488
6498
1028
2667
5934
2297
2783
7197
5872
1137
5900
3160
5026
3379
3805
1112
450
2736
5435
607
6451
7714
3495
337
7318
239
1741
6094
7176
7454
6292
4616
6825
7948
1568
4213
4004
7345
7045
5856
3884
7938
5387
3756
456
5557
7706
5808
6498
2650
2088
6236
616
842
4444
165
7397
6357
1263
3396
7690
980
4142
2801
603
7981
921
1753
1884
1820
7153
771
2686
5955
5997
2721
7074
3041
6550
4478
5718
122
5183
7396
2505
3695
7421
4437
239
5555
1861
1433
6105
4812
2410
3453
3390
2209
6221
2470
3156
6339
5401
870
1005
1362
3929
6230
5402
1545
6177
4817
1695
5322
6867
6481
3574
2544
2930
5827
4632
6428
3688
4174
6913
7586
164
5929
2317
2281
6412
2636
6267
5918
3481
470
7550
3155
3021
1088
5050
1428
7123
3768
6518
3985
3334
3432
1465
7771
3704
7978
329
516
6869
7935
3733
499
7944
4239
6088
1991
4021
4013
6337
5075
5564
4794
6064
5846
4496
7
5486
1117
945
448
6094
1257
2102
7954
3165
7400
3598
3976
2846
7932
1222
7040
2706
5237
6980
1437
5651
5986
3983
1480
7685
5892
4466
3006
243
7923
1787
1845
4728
5221
2995
3313
3080
1350
5407
5620
7464
3783
1004
5700
1097
2466
7492
2234
7336
6705
3058
2250
6286
5013
3271
4729
2265
2322
7850
3188
3242
4925
5043
4599
3051
3
3476
2764
6973
7304
3046
4841
1610
6306
5043
6542
1254
1450
638
233
4455
4493
7734
4627
6481
5511
4952
7008
957
7179
1739
3977
4609
6725
3315
1985
4206
3032
2666
4863
4209
3847
1064
6364
7750
1582
3604
5835
3526
6113
6339
2506
4160
2970
4443
4855
4270
4675
2908
3355
1410
1164
6535
4222
3255
6550
5418
878
3458
2596
3260
3308
7570
3560
1319
2575
7920
2970
6920
6643
2091
5761
6890
4458
5705
7733
2683
7024
7810
2919
7050
1011
5625
323
2777
2592
2422
570
897
323
1743
247
2458
6028
2607
441
673
856
2623
4813
5779
3180
2885
6266
2482
637
5591
2583
2142
3216
7371
3456
6040
613
4760
1551
4546
2202
4420
2902
18
5654
6508
1000
4126
6970
1073
3834
134
5374
6336
7545
1452
337
4670
2438
2747
812
5203
5427
3037
462
2479
4840
4787
6318
581
3573
4238
1103
6288
4408
7326
6085
2971
204
5492
2484
1112
1542
601
3659
1939
1466
7314
851
5418
3572
6757
6619
7623
6069
5666
4128
6979
819
5307
5507
7614
4504
555
2215
2824
5260
3959
2552
167
6701
1767
3878
1135
289
7826
1877
5519
4414
6471
7154
7151
716
1350
7939
4385
4983
5447
7671
4946
5501
1017
2092
7139
5182
2359
2373
4747
5049
969
1155
3030
709
6252
829
2939
5248
3999
1271
7391
4751
5266
6337
3026
6171
907
1666
368
2668
7754
6258
5875
3746
7253
3198
2672
3404
7503
6400
3088
488
6448
508
2190
6697
5132
3077
5233
1541
2224
189
3566
5875
1812
5241
7182
5395
4818
7144
6817
7602
6878
3783
2847
402
5672
5433
5069
1002
1
3864
2303
2191
7742
1613
1130
4728
591
6054
2124
4951
1070
559
900
2120
146
4668
1572
129
5297
595
6026
7644
2509
7201
216
4407
4810
5689
1381
5823
3827
7615
374
5786
1419
3048
6991
7638
7007
1505
5433
84
877
3960
2340
5419
5412
5549
7974
7820
3988
6185
6507
2130
7017
6930
2271
919
3068
5544
7564
7948
980
5450
5683
193
2508
352
6267
7280
522
6429
333
6660
1814
1951
7307
1217
4550
5995
2728
7605
7651
721
1999
3563
5752
1975
1426
6605
6126
6932
1897
4843
2057
5298
731
3772
1701
3085
4719
4130
1535
4054
227
6842
679
4575
4315
2232
3171
5744
1681
672
1449
6784
2548
5324
4761
1962
481
577
1779
6248
2985
5656
965
2319
3010
647
5204
2787
7018
3574
1097
3770
6331
1210
5097
7129
6060
814
4691
6677
6598
5160
4975
3163
6444
2077
1053
1224
2898
2115
1736
210
3051
3827
7325
2050
572
7745
1660
4891
4500
7261
672
5784
1374
4116
554
6292
2231
1220
4557
4772
3440
2518
3764
2876
5915
324
7032
6315
7053
5358
4615
1709
2100
3428
5196
5168
2875
6319
3532
3587
3989
607
5539
2486
3962
4784
1359
6518
4879
3268
3780
3907
6792
4950
6774
1262
5896
3949
295
6851
3833
2171
2643
925
1080
734
7101
6116
942
2428
4476
5932
5604
6054
6212
5043
611
1825
7147
7508
6411
1584
4175
6175
4785
7965
7032
574
5902
4106
2432
535
123
475
7417
4312
3932
3764
3470
715
3398
1797
6247
1967
2870
3993
7987
672
1492
5391
7471
5535
393
4662
5672
7298
6353
7954
6688
4084
2627
972
3279
5729
6003
3624
1329
5479
936
1347
1091
2008
6204
2642
3818
1206
5753
842
3429
4712
3174
649
6527
6507
2245
6658
29
4020
6180
7958
787
3569
1310
2946
231
2505
7493
4556
6813
7434
4423
2055
1976
3553
5784
1935
79
6827
4787
3355
5071
7348
4173
6982
5812
557
6149
2743
2065
7872
2518
7572
1060
4763
2609
3445
3156
4242
1710
7344
5693
3070
5429
897
619
6015
6474
6943
474
3263
4228
5813
1581
7810
3149
4252
7503
4709
3085
2126
1862
6056
7700
3252
3773
5902
7549
7602
293
4833
3240
2060
7708
6605
506
3150
2632
2439
3930
1883
4398
5146
7900
3180
1892
6392
7102
835
6393
6088
198
1385
4675
5154
4740
632
5090
2260
414
6537
580
4044
6394
3245
2459
6436
2658
784
3834
5634
4591
4862
3523
634
2492
4052
6901
6022
2695
2266
1472
6160
1774
2165
3632
2171
6080
2756
870
7444
3892
1942
6687
5263
2381
1069
2872
7369
1572
4913
6845
1753
3707
6066
7081
4288
7332
5416
2362
5345
912
2019
2389
3219
2273
662
5402
2506
3592
3372
722
4780
7882
2193
5611
4464
3474
1583
4239
6620
2038
6731
6550
464
5410
507
1215
1590
844
4459
5961
7698
7596
2052
4923
5446
1450
5413
5979
4720
3657
1097
5240
7993
7426
5595
1718
5696
7199
6982
166
1503
2732
2421
3396
5206
4338
7375
2069
2412
2428
3477
7297
1920
5522
2323
5267
4428
3953
2526
2342
7654
1858
6746
2561
2987
2449
1719
3704
183
3605
4304
663
6720
6905
6640
5499
1583
846
5721
7031
260
2010
980
7056
6197
5353
6165
3206
3336
2738
5539
794
6071
1516
4842
2633
6339
4179
1146
3167
4341
2616
3290
5197
4831
7496
7806
5488
4075
4030
1173
6286
5457
7756
7041
2323
1599
129
6457
2195
845
6695
1808
6616
349
1646
1542
6129
3368
4017
4958
5218
3445
1184
1464
2267
404
7065
3648
6454
3444
3632
1007
1800
2832
5438
312
2316
23
6838
3053
4493
7605
6967
4747
2978
1914
4453
3200
229
5810
5443
4587
1972
4420
4527
4665
6546
1943
2265
282
1961
6412
4909
1300
7348
7890
7957
3477
5561
6967
7714
850
366
4022
6637
448
1162
5251
4050
7805
145
3135
3781
1155
5057
606
4017
5275
7746
4426
7844
830
5988
3097
1242
6297
6890
6901
6957
846
2503
5828
3055
6284
5646
3218
1652
5258
7727
2875
6080
2595
1026
3619
7638
4813
7726
3630
1889
4054
7536
5358
4138
1866
5750
2657
7791
1429
7538
7145
7208
495
2547
4484
5217
1019
4552
677
2252
1560
7726
1282
1587
3284
7102
1767
2410
6081
1622
5497
3698
2172
7407
7796
1682
7260
6061
6819
6679
3455
6689
455
2590
1012
4907
6807
2904
7592
799
1114
6049
1797
5688
4957
6582
4362
3834
3110
5123
7705
5211
881
7754
1680
3278
5003
7908
3174
287
4951
4884
1460
5426
7360
6890
7058
4605
2124
5800
3697
1865
1520
2133
7677
1753
2948
7877
2496
3214
1871
7404
5456
9
7315
5159
3130
2417
5423
2990
4751
2252
932
6968
2939
2477
5992
4474
7414
2445
691
6895
359
7930
6780
5527
1861
5906
311
4665
6048
672
5817
1655
7088
7283
1079
178
7321
2873
440
2607
4279
3225
3649
3409
168
556
1989
2474
7910
3261
5539
131
4502
6294
5094
708
676
4386
5099
983
5735
7515
6312
3202
3240
206
4468
2187
7405
1372
1168
2433
6355
1646
3422
6468
7525
7942
6437
3089
2986
2085
3150
5593
1682
6449
7805
5352
6323
2016
134
2988
5919
7664
6584
5122
5872
1745
4417
5932
1625
1860
3609
3603
4518
6608
2303
876
5677
5916
4214
4733
7204
960
2285
6695
3974
1258
3558
2133
2774
5512
6095
3346
161
7724
6474
2186
2225
6051
2098
6875
1113
4188
3704
2250
2974
6098
860
5137
601
2425
4909
1675
3568
6772
3484
3847
4214
5293
2576
4856
7376
3016
4983
1241
6057
1024
4953
2267
5396
3856
7712
1007
5999
7166
5063
1550
4109
4331
3887
2708
6008
849
267
3470
7260
2772
958
2842
2797
1942
5501
490
7914
5464
1475
2430
1067
1493
4652
2980
3512
1278
1781
7183
7888
5466
3371
66
3856
3830
149
4372
4875
5387
1527
4212
2501
6804
5085
4272
3732
7152
7982
273
1987
7847
2314
6931
6259
3788
5315
1481
5698
7380
6660
6587
572
3995
3246
1504
1904
4894
6962
1951
7457
2360
4234
2736
5174
2769
5810
6554
7849
2623
3732
3243
6523
5587
1756
5516
5400
7801
48
4491
5416
4626
2141
6114
7879
915
3084
6420
446
4605
7703
7668
2684
852
4642
4819
4592
5741
7652
5695
7245
2660
7551
4960
4518
4279
709
5828
431
612
1241
933
4047
732
5284
227
3377
2383
7710
1458
2733
1984
7439
6216
4845
4846
5591
7426
2663
4195
4066
4266
6367
1446
1903
1960
2202
445
1456
3805
1342
5172
5119
4468
3534
6160
171
1513
5184
3783
143
4633
6248
4816
812
6747
6660
5255
3640
5143
7729
892
5074
6530
4641
1754
7468
7655
2010
7012
4395
6309
5844
7116
3469
498
2392
1059
7175
1759
550
2073
3798
3073
4586
4042
6984
4379
7988
6046
5962
3331
5083
2383
4008
3944
6372
4169
5793
1539
4572
7155
7816
3847
3915
5660
531
42
4359
1832
5026
7380
7891
3582
373
7670
2325
7699
3455
7703
1863
1516
1504
5161
6171
6610
5932
6741
910
1490
7705
335
5273
61
4123
6331
1585
1976
6828
4504
6689
7248
7776
5402
3394
4929
1708
7773
7075
4572
1699
1085
4897
989
973
2577
4407
5953
826
6755
3077
2462
7836
7848
3497
7556
420
5503
4949
1624
2149
2732
2668
5503
1033
6813
7389
3687
6083
2554
1437
4513
7183
4861
5180
1
6543
5464
7516
1394
3915
7315
7627
4974
191
537
3163
7982
119
3210
7546
4118
2942
2817
5699
4497
273
7625
298
6357
530
5204
5919
2876
5242
5746
4431
6562
2001
825
2804
234
6394
2455
3011
628
572
2369
4951
2972
1689
5682
6686
3137
759
2545
5752
1969
3165
3505
5698
2601
2896
4906
120
1617
7842
190
1445
5107
6152
7649
901
4409
7542
5474
804
4968
2576
7345
4077
1198
5563
4183
684
5324
4057
2382
7276
2162
1804
5169
482
5745
2788
5435
7393
4607
7051
3003
7978
5505
6956
7455
5596
2013
3707
5952
3384
6440
1194
4817
3317
5596
4569
5991
5763
2377
2155
2134
1109
1133
7469
5003
4054
316
3536
1836
3594
2298
1071
3396
7511
72
2450
7444
6018
2655
5440
6789
4843
204
2246
7294
2420
143
7453
7530
7940
2222
2141
3966
1630
5227
4430
2732
4058
2607
255
7241
763
4910
4747
1381
3307
7508
399
4150
7711
6866
1231
6841
1130
12
1167
3642
1972
6804
5498
2135
3719
4205
2031
2673
6257
5385
7846
3900
147
1115
3336
3882
3328
4481
4556
6923
946
6246
415
1630
457
4039
3549
6225
3743
6450
6678
2739
2842
6197
339
4931
7557
4736
7262
4846
6695
3273
3346
2275
2864
2760
2741
1667
7429
5184
1355
171
4101
3293
3152
1778
4939
3796
2963
2324
5827
5241
1360
4197
4498
6132
966
1090
3487
4009
1705
417
4181
170
7913
1259
6089
6472
3708
4176
1135
4629
6526
6453
2697
4776
3571
501
3853
3137
5070
6290
7464
4660
7585
3215
2575
5484
4621
7500
7076
5483
6635
2877
1900
3777
3374
6913
5350
1917
1612
7510
5934
1791
2218
5584
7075
6372
7852
4368
4575
3917
1120
4563
583
5022
4668
3490
1518
95
5210
4495
5298
4842
1754
2088
2675
5323
2934
4739
6664
5252
2980
2341
5116
5063
2003
7866
7282
453
5582
1097
2759
7048
1244
164
5191
5984
7032
451
1228
7062
4751
2695
7409
2223
1247
6069
6269
7551
6825
556
3718
3379
827
6756
3402
2529
5542
3749
1338
3361
7677
4273
2201
5215
4242
980
4974
1621
399
1173
5535
554
6213
3954
7528
4770
2105
7064
6299
2258
249
6778
4839
3570
6228
645
6823
3869
454
2424
3561
3181
6462
4457
7939
7270
2320
3110
2405
2392
5803
5996
1221
5547
2121
3915
3035
4760
280
2593
806
1117
5977
2204
3306
5691
6008
3753
1567
2806
4906
5612
4419
5152
746
4456
2234
364
214
2227
2022
6769
3861
3642
1592
1069
2957
3182
7080
1078
5755
709
6709
2185
7305
6780
419
3119
3605
7490
2076
6849
430
6775
6461
1265
6999
1246
5451
6991
1014
4958
5412
4169
7229
1608
689
621
3903
1865
5598
5351
7988
690
939
466
3257
7756
6403
1493
6933
1108
5387
5224
7886
440
4014
7439
3938
7270
6025
6315
2717
1461
3033
7043
1088
6653
3870
3499
2462
2526
7392
1909
3798
1632
5611
3228
1801
111
4763
5971
2265
5514
2332
2524
6007
684
7581
4103
3558
7223
4881
2072
435
4851
5100
1685
4369
1694
260
7800
917
6333
3174
6539
6018
6049
6692
5899
3537
1433
3125
3722
3646
7189
5988
5035
3559
5391
7151
3257
5614
4224
2207
3584
149
457
1450
193
6263
198
1144
1940
1778
3209
2496
5023
1706
3442
1932
7840
2008
5093
3162
7836
3995
5695
5169
2496
3609
1414
6521
4571
6001
2700
553
6771
4630
5940
5925
4242
1621
6464
4092
5238
6081
2582
5634
4116
5208
543
139
5788
6592
3345
2561
171
6789
539
7079
2909
6003
55
4279
7185
4196
945
4613
3920
608
5722
5496
4179
1063
2149
4715
3340
934
6399
3704
2964
463
5268
4474
6003
537
6259
7328
3716
6565
1933
7455
7444
3852
4890
1652
1792
6492
1993
257
7747
7988
3608
3032
3400
7565
3763
6534
2523
3182
510
298
1568
2545
1721
4552
1478
994
7293
2563
2227
4356
1540
7763
6305
5231
2432
4671
6774
2053
5593
4
3480
98
692
2082
5523
6446
4916
7040
2257
4492
1452
1972
6302
4966
2418
2307
5273
3337
5550
7640
2658
579
7516
2610
3422
188
5095
2917
2105
7704
3791
6317
6215
4257
1154
903
1659
7906
4431
6433
3079
1454
2187
7392
5604
1883
3278
5838
6054
7816
1165
3083
5344
16
3731
6960
6203
870
5891
5332
4811
4197
5976
5959
2225
2712
2666
7476
7468
1381
6368
4219
4381
1217
3605
6597
2501
2501
7960
3969
6108
5371
6388
564
5313
1747
3141
7228
3274
2250
264
6282
6356
3509
5968
1056
5849
1994
6650
4238
1310
1056
2849
5078
3637
3412
5095
2680
476
7194
2715
2235
3795
4701
307
5393
5799
943
2234
6325
7589
2093
2924
5216
6864
1095
2825
4659
970
3798
6555
1436
6715
5934
5721
5739
2016
888
5884
2205
4913
3215
3785
1087
5386
5106
6627
5120
6821
418
806
3393
212
2352
1047
6525
2255
4756
3950
2546
181
7281
2863
5468
533
2378
5830
3341
450
1055
6244
6669
3103
2562
198
5342
6763
5561
5968
3744
7698
5053
2765
6887
3872
7752
3077
6816
3725
7535
194
6368
431
3133
1389
97
1391
2859
7895
7969
7623
5518
5068
2524
1697
3790
7263
624
3505
1192
258
6718
4632
2788
1991
7828
5996
6615
3525
5751
4552
1555
7623
6255
351
2502
5264
3526
5700
3826
1008
5601
4675
3776
5235
4134
4254
6110
5211
2675
1500
4959
6237
4906
3618
5415
6031
3882
3165
3541
6203
1465
6036
2352
1107
4470
779
5867
2396
4409
4902
2371
6890
7301
7108
3604
3781
4909
3185
3905
1195
4681
1986
6620
4953
2898
7890
4740
249
2208
5110
4178
1647
7356
3797
7224
1384
3843
4596
6906
2967
7341
669
3210
2839
3500
2099
2300
2457
6879
6651
6780
5783
251
3302
6908
1345
2859
175
5983
377
2326
2693
6016
3581
7119
3853
4585
1895
2975
1136
2731
108
2472
4968
1131
6702
3029
1824
340
6969
7638
4656
6145
2825
4097
3118
1504
4526
3183
5377
2732
6572
1660
4486
7627
1749
6989
4948
7504
1582
7271
3841
1262
1442
6286
1460
7994
5016
1468
5815
2764
3983
7108
5001
722
1532
3845
1764
3969
5766
5789
2767
6291
7199
503
1479
2402
7236
6528
2651
3552
1062
3319
4240
6620
7391
6026
531
1205
7973
7332
1051
3016
4990
4163
3464
3511
3383
5597
6847
903
6374
6826
432
4424
2231
430
7575
1468
3529
4743
3053
5769
7932
6042
2105
1768
2632
6029
7866
4444
1244
3901
6089
6006
2636
6474
7415
1917
3034
5466
2968
6218
2687
6401
4853
3971
1545
6696
3803
5239
2454
7627
5142
4525
4812
3386
1847
3636
2158
599
1008
3298
2581
3934
2306
4148
7327
3998
4362
5805
7047
4340
2434
5408
2261
2618
7410
1265
4556
3565
6407
7482
4517
7942
1963
4950
4550
2022
3913
6772
5168
6814
6615
4481
1265
3294
3708
2642
5238
4549
1447
3493
7549
4973
675
7838
971
5001
584
5206
7270
2021
708
5627
4933
2397
3020
3245
2911
6555
6569
1472
1743
2256
2582
5167
5105
5788
2991
3682
2807
375
2006
5745
2066
6541
649
3901
3036
3768
1589
917
4243
2470
1929
247
1314
4534
5888
127
6563
6446
2184
7661
1010
1352
2123
7614
2783
6527
6540
567
4583
7187
5964
3292
1226
2170
2533
5703
4469
1714
7247
957
7730
4703
7587
55
2185
3925
519
3589
588
6939
7147
4739
7700
906
3595
4406
2203
7293
5237
1678
5274
4634
6533
3597
4594
1433
6571
6705
3194
60
3909
2473
6654
588
4106
7306
6532
802
312
2423
801
688
2896
7991
2811
1543
4583
7455
7807
875
2619
1714
38
6012
3894
6971
148
4185
501
7121
995
6854
1978
3138
3799
671
6703
1887
1097
3116
5660
6891
4836
2051
3374
4662
774
7457
7507
2620
6026
237
6969
7370
2107
3177
5285
1110
3786
5464
3648
5092
4129
7120
639
2952
5279
3426
6575
2889
7093
212
722
3145
4729
6772
3807
882
7953
318
224
6572
3929
1233
3374
4757
2332
5199
6772
1929
5669
5704
3492
1610
6492
7565
3597
1922
625
7987
5550
6803
6575
2690
1799
5351
3415
7686
3268
834
3395
1365
5350
1374
7987
4452
705
2419
6774
3048
535
4876
1757
4522
5161
2472
742
2193
2314
26
7861
1615
6328
1552
4215
5459
6900
1802
1901
3909
5858
50
3738
2395
7230
1370
2348
5788
5058
1862
7243
7704
2615
651
5345
467
4714
6295
3392
6615
7258
3850
6977
6624
7920
4284
6019
1367
3274
6392
7949
5118
6890
546
2886
4785
4732
2143
7588
5389
1286
2242
3661
7182
5922
3944
7474
6849
5696
2898
1659
4840
5722
5324
3231
7453
2084
908
5816
2716
5102
1025
271
3890
5641
5618
5989
2641
5084
1353
4941
1002
5024
3342
7190
6707
1680
3404
7653
4448
2646
2997
4851
1161
2319
5451
6006
1453
6266
3141
1973
6953
4650
1516
1915
3475
3164
3403
4688
7813
5647
5870
4767
7678
1542
648
2673
1080
557
4555
697
2528
4932
4878
288
2728
6345
4983
677
7587
6208
4959
6783
3532
668
330
474
5987
7093
7774
3921
6385
626
245
1164
6852
5839
3835
1389
6474
6738
3561
728
4055
3735
2583
4215
3628
879
4529
2577
307
5274
1451
6325
4921
7909
25
4425
3007
2950
2279
4342
968
4314
4392
1285
3642
3191
345
6601
2355
2414
1895
462
7258
4800
696
4980
7227
7351
1347
484
1910
6557
1458
4637
4879
7592
1006
2164
4921
5545
5935
879
2407
5391
3451
6486
4273
158
2924
3070
7622
5805
2281
7419
7434
1371
6281
5398
3641
2468
5279
5466
6447
1461
7184
4844
6218
4530
7670
74
1195
5921
1484
7924
7033
2075
1272
3076
2343
3455
6685
5774
6017
4619
6888
1261
5937
4928
2773
2815
6542
3702
4268
5557
4125
3417
662
4715
5430
5855
3236
2356
5909
6860
6673
1302
1044
6744
2842
5026
4623
5483
2060
4348
1735
3608
6832
2394
3582
4691
3523
2657
3969
5668
2329
652
7117
3629
6254
7095
356
152
7438
2345
292
3956
5327
3160
2488
4564
5122
2493
4119
918
4524
5934
3809
6671
2091
