6954
66
478
6006
7297
744
4741
372
4043
5269
3363
2932
4853
657
4362
6785
3357
1104
3382
7263
5876
4303
2814
4452
2627
250
64
2106
7885
3496
1361
5454
5105
5347
1114
6521
1167
2832
1386
2896
246
4286
5503
4217
4727
696
5215
1734
4392
64
5703
5238
2335
7191
562
6188
4880
3189
5983
5289
6845
3852
2492
7179
4412
3509
7605
2591
3602
4565
588
4986
3229
4719
3234
5420
2439
1622
7005
3101
1737
5070
5992
1101
3089
4318
6487
5212
3857
6044
2901
5611
822
6763
2514
2021
464
2976
2445
1798
927
5457
1864
3188
835
3539
1378
3388
3088
5069
4772
7372
4936
6345
6404
2316
4036
4010
3262
2460
5751
5158
4979
7233
5253
848
6025
4830
5742
625
1352
2512
6360
6733
267
6438
3519
2515
4586
267
7080
6191
7051
1896
7847
1160
5903
1795
7488
499
1247
7315
1421
5990
4725
1775
5699
7716
5585
5780
5366
902
52
6646
2876
3867
5640
5303
7092
3990
1227
2190
393
4794
5876
1533
348
5234
3455
1194
5969
5954
3728
507
2836
4392
1354
7109
4462
3667
2308
6014
2133
5313
6053
3491
6771
7603
2803
2980
3060
3199
3209
7978
6443
4949
7395
4586
6121
6564
35
5810
5228
510
788
3676
639
1563
6097
6407
3484
7405
2692
4853
3720
232
895
7397
2878
1585
3526
2635
6350
5257
7051
4321
6076
1644
6660
2569
1390
7803
4770
7947
2596
1700
7908
2612
3587
2604
7791
1074
4987
1752
1661
4566
1337
628
6837
2819
4342
4872
5426
7181
4822
3644
4772
6071
7660
3602
7903
380
7043
8
1903
3186
4192
7305
1412
5529
3697
639
5641
7651
1130
3556
215
1199
3
7095
1408
93
4191
4979
3095
6329
3317
2190
7243
7506
1813
2890
6136
643
7469
3131
3169
7253
6167
6408
3674
4692
5894
18
4434
2957
3033
5092
1301
5549
5344
5772
104
892
1844
5697
6846
1930
3144
2033
3455
450
5368
376
6320
7164
15
6395
180
3661
6693
1278
4094
6874
1774
537
3341
4455
1645
940
7985
3393
7755
4671
1827
4674
6745
6895
6190
1573
4474
3328
4
1275
5483
7873
1932
3920
2461
7096
2882
1620
2772
3171
2709
3472
1583
7242
3101
3990
5272
6470
5337
7334
7507
4648
3987
4566
1100
7445
4191
7468
2646
4128
5039
2678
1655
5390
4663
5803
6272
3382
4258
6326
1074
2803
2042
6384
6665
2442
3570
498
7226
7399
7268
926
4296
4473
5416
4409
3819
5710
3035
98
1902
1077
5839
4113
161
5038
2703
6888
7527
7309
2963
3246
263
1260
3788
2274
75
3020
1088
3441
837
1264
3860
562
7096
1672
1031
6585
4996
627
4287
333
3275
6984
6668
3946
7370
700
1860
1848
3348
7534
7548
3996
3523
3155
7247
1156
4768
5944
2517
3390
4772
3211
4561
3804
166
1035
5662
4576
2878
2811
3999
147
1170
3663
357
3479
3755
4722
3965
5317
5859
2960
5373
5251
6223
3759
1962
7574
5915
3745
3901
6380
7619
2745
1442
1976
2000
5528
1823
5809
7707
1494
399
5035
3368
2365
3772
4419
6671
7123
5472
1
5792
1326
2415
6170
5756
80
5713
2711
481
6384
2994
6271
961
252
2613
2881
1695
1785
5078
578
4777
7691
3845
2552
4345
7021
29
239
4744
731
303
4449
6535
2513
465
7664
1994
7964
4571
5908
6070
6274
67
2987
6034
5572
5556
178
7092
5785
314
1033
7251
4120
3129
6979
965
2067
1307
2900
171
3832
6245
3160
5299
2869
1942
5381
1591
4390
6202
6341
3058
5027
6589
127
7464
913
4609
6715
6660
4060
3848
2385
4025
1654
53
4620
2859
6910
7613
3240
1947
2555
6997
5945
7139
3122
6408
5626
3007
7404
3089
3079
6685
815
7468
6397
2323
4992
4398
7497
2
5430
5334
4635
1219
5629
3341
5735
5343
674
323
1405
1055
6521
1842
796
1859
4064
6515
6165
179
819
845
2551
4413
7892
2755
3486
1502
5645
5538
2229
842
5557
4241
5478
3646
2339
459
3539
7084
4143
5317
4132
3348
478
7304
5330
3923
6352
1699
350
7126
6852
7915
5863
4923
2019
2858
5363
7960
4423
2532
3509
7578
2865
7623
1003
7329
5017
1159
7660
3803
452
2483
3773
6628
884
2030
3039
4910
4291
3611
4374
2441
310
5693
1266
3855
5211
3673
7083
52
3642
210
5952
4657
5755
1340
3510
3395
7159
5147
1096
1471
1281
5329
7386
3626
3373
7359
4709
7480
170
6775
7508
2135
3890
2675
289
7718
96
5823
3805
3496
6433
2142
5029
6768
3845
5304
2087
3392
870
3584
4590
7096
386
5776
393
1670
4861
7152
5004
68
5121
6586
1445
4953
6085
7964
4252
7165
2438
1104
368
2199
4232
4631
3878
5310
4388
7156
1429
4007
1141
7745
1542
4642
7044
6379
3084
5291
3626
4584
3931
6793
70
3663
7941
7440
1048
5247
3364
348
1667
4515
3185
1661
2229
6715
4173
331
5
2735
196
1556
3485
6070
154
2120
2575
6563
453
1521
7179
7159
2054
2008
5091
1040
5310
4492
7918
7835
679
1665
1135
624
2250
5663
1645
508
2351
1516
4493
553
2966
6155
3331
659
78
1076
2722
6696
961
7753
4386
3641
7852
5866
6021
6088
3703
1992
3736
4718
915
5398
1537
3333
6144
6954
6076
1912
5048
6635
4765
4981
2082
1115
7123
320
7898
3251
4886
3360
5818
6426
4372
2783
2921
7570
7325
5623
2861
5987
1401
975
4928
1058
6087
1972
1633
1922
6567
7944
2099
6150
1863
7289
4680
7867
3042
2263
5804
5417
3837
7288
7734
3293
5250
2748
1413
4568
3307
6144
1159
6417
7601
5368
3943
7648
7500
4413
3495
1330
4588
5946
1050
1292
2873
7299
5026
3359
604
7062
1412
6880
7183
6821
6622
6429
6258
1236
1270
2205
1062
5318
2077
6001
3153
870
5884
6196
834
2432
2853
1436
5119
4237
5261
3342
2851
1039
4863
3
4220
7756
228
674
2852
7270
6245
3744
3220
5406
3991
2036
5617
650
6072
7325
7492
6061
1660
965
1444
1699
3308
1483
1624
933
3455
4663
4477
1871
7376
1106
2981
1823
165
2646
2281
7956
932
2521
3104
1974
5023
1132
2415
7965
5053
2799
792
4485
3083
2234
3904
4736
6267
3315
7991
2968
7473
3679
559
2489
573
2441
2894
6562
5120
5455
6245
601
4436
3937
2418
6374
3936
7316
7823
1125
3815
1652
5318
3959
3810
6486
3636
1660
1022
7117
6356
3736
2499
4842
4306
7344
6055
335
7894
352
2706
3932
7095
6931
6887
3023
4815
3608
5026
470
5319
4255
4288
4833
2002
5346
5112
1090
4822
2996
6130
1064
4478
2116
3482
6533
3366
7146
4165
700
5140
1012
4858
1138
7267
1129
4342
3640
6800
2912
5301
30
4998
2335
6684
4632
1142
2380
919
7356
879
2068
4078
6188
3133
435
1727
6542
1381
5657
2185
7230
113
7898
1575
7752
1680
942
399
829
6705
1107
6189
7238
6512
955
7410
3946
1258
3159
465
6453
3983
5488
6684
1045
285
5561
5124
5801
7883
337
2756
4285
1405
6628
4528
1441
804
4645
86
2521
3393
5158
4384
2169
1057
3790
50
6772
4228
4114
3569
7144
436
3058
4859
5791
2035
121
7358
6708
5763
5599
4365
6732
1224
6589
6137
7896
3912
7997
3809
512
489
6016
3452
3600
6824
6276
5766
6557
3038
7174
4429
3549
4300
6708
6074
3026
5198
5006
4926
6692
3520
5855
6028
4315
1347
2752
2083
3504
5004
32
4398
6940
7224
5579
5096
602
6647
777
1282
3472
1171
7757
4118
74
2021
3749
4668
7233
6411
7132
3988
2646
4317
7812
3020
2345
1159
6508
1538
2396
6931
7991
2554
2300
3366
5169
819
6062
3739
4233
2625
1105
3300
3119
2021
5144
1340
2238
7541
6406
843
359
18
5272
1958
2136
3567
1590
6115
6675
4303
2364
2586
1429
3708
1420
2274
1986
2656
1081
5172
6506
7831
1459
3703
207
4845
4657
6087
1825
3807
345
7374
898
7698
2702
4889
2089
1680
850
7190
5023
1433
4349
3982
3480
5936
5766
295
5670
6497
3164
5687
3104
1715
244
5188
6377
2020
7870
3458
6794
2376
5849
5649
6447
6862
6844
2194
4076
7150
6362
5884
3824
6118
1217
381
4075
5895
3607
191
582
390
5019
6745
7199
1044
6050
5947
5843
7402
1104
5447
3008
7975
5865
5572
7677
1431
7046
7997
5632
1189
992
983
1712
3661
7736
2493
735
1577
7875
6455
6181
6290
3768
3241
3696
2383
2144
3191
6791
6295
7654
7689
3660
7224
4168
2501
6324
7742
5085
3207
7259
3020
4239
6366
7115
920
4090
1174
3584
6090
7327
2981
3824
214
1473
4405
2715
7291
3247
3386
1702
5550
3703
1702
3889
4616
5173
4039
7382
291
1954
5592
1776
7060
4390
193
5954
523
4795
5826
7407
3090
3632
1628
3824
2571
3578
1893
977
5457
4944
7631
3960
7058
4879
4145
4630
6503
1096
705
207
5433
5306
6875
2672
1692
4357
4247
5707
1411
5963
7790
3997
1838
7863
7530
2029
205
2216
2023
1156
306
4446
7574
1051
7643
5867
5693
2705
614
4779
7204
2682
3513
7592
4486
1905
330
439
2818
7512
1252
4863
7418
5
1720
1509
7578
3311
6013
6982
3419
3023
1727
5407
7670
3585
1154
5134
7658
5802
3426
1752
3325
916
1356
6234
3688
7175
2459
3779
4380
2957
4425
6584
4914
4779
2189
7763
39
1511
6410
3201
2381
5808
5482
6654
7301
1272
6856
195
794
7040
2370
7439
2795
4238
4378
3005
4784
2462
3057
5823
1716
7312
3489
2854
476
5874
2876
846
485
5999
1930
7810
7102
405
3780
2378
2775
5317
235
7161
7142
6795
4222
5243
5460
2551
4955
4112
1544
3548
4394
1904
2549
4620
7446
31
429
2546
3104
3089
4655
2295
4083
83
5589
2648
3690
2558
5529
2610
180
3379
4555
3972
3383
5757
7052
7741
5722
1801
6477
849
7712
3442
522
1547
7710
4377
6155
6003
281
7203
5812
6810
7531
334
20
650
1788
4035
2948
3235
7141
2613
1233
7508
1174
6120
2889
5182
6661
1017
3272
3874
850
4569
1206
5048
7816
2872
5572
17
5503
7686
1778
6311
471
766
298
1644
2165
4990
4493
5124
1175
2515
7914
1635
2199
5540
5305
1038
6987
526
5930
6157
3829
356
6123
4579
4709
1768
3857
2825
7561
920
2901
827
7601
7103
6110
2459
3511
4536
4789
940
4308
4754
1502
2632
3328
7887
5256
7306
6945
4271
7802
6321
6039
348
3514
6553
1099
511
1742
3155
7444
7792
6869
3343
4776
7756
3999
664
5817
4668
853
6614
985
4306
1551
3215
783
1758
850
7773
2848
5942
5343
6338
3870
871
24
2381
7309
2167
2108
7484
6936
6507
4575
62
6430
2385
1793
1019
2236
6790
3593
6220
793
6918
5431
4646
7136
5224
927
407
2191
100
6128
3188
2155
2755
7861
6945
7887
1192
5087
5841
6766
2624
3718
1710
3972
812
123
274
3932
1113
138
5696
6335
5304
6875
3137
4693
5820
6572
4820
5405
5353
7156
1189
4645
1948
941
2901
1588
3601
340
6491
220
6760
7407
6969
5497
3763
3100
3742
880
6038
1901
2139
179
34
117
6294
4495
989
1104
5737
2031
6894
7940
6049
7578
2318
3889
1278
2805
5527
3692
1466
3764
6313
7739
7578
7506
295
5373
7059
4659
5254
3280
1992
7773
6480
7236
1184
1408
4009
2994
7718
3260
739
6868
995
5646
2284
1477
6421
927
1689
3018
4443
5782
3331
1957
756
3107
5838
878
3280
6118
2663
1807
6114
1726
1836
4540
1607
131
4739
5943
7309
6636
1718
5914
618
2652
3328
1644
3823
7611
3120
6698
7385
3696
1405
6073
747
3624
2451
4446
868
7854
1793
5619
3655
7805
6865
4915
3530
5674
3756
1608
4540
185
1310
711
7503
91
5184
4163
1377
5386
2637
7500
1617
2845
5189
513
6226
5072
5062
5375
6950
848
3733
6798
7151
2660
175
489
791
1965
6522
6662
2664
4674
4505
3288
7821
3258
4968
5282
4010
5902
2705
1813
1209
1453
7883
3493
1159
621
3264
3733
6313
5832
2728
1540
4346
5100
3791
4922
4399
2537
4124
6058
4743
6268
6372
7690
2356
7983
6814
2725
7140
1101
2513
2150
2550
7427
5548
1387
4727
3741
1424
2257
4393
2038
4151
6788
2269
605
4979
7629
1305
4945
190
3
6611
4705
3000
7909
3109
5617
2071
2948
3920
4164
6148
2544
2782
5022
4474
3147
7874
6425
951
5696
3828
4861
2833
5616
7075
3045
2614
6060
1661
7137
508
1287
7351
6526
6713
5718
6153
5012
6649
6337
7025
6534
5462
312
2034
4758
4609
4592
1770
224
7166
4808
7894
977
2985
4073
6948
4548
1076
7863
6095
481
4075
442
2701
6453
5972
1938
52
319
75
7765
4309
3350
7612
7122
7111
6587
5476
5405
2707
5955
6993
551
802
6905
4405
5438
892
7254
7411
7330
4749
2778
7562
5724
469
2854
1264
6052
4299
7691
685
4928
7717
397
5485
6893
5702
4166
1456
7750
4978
5724
3621
3303
6583
3984
7189
5255
7364
3447
2830
4813
5536
2002
2667
6517
247
4737
3248
1081
6186
6154
1919
4260
7338
7519
5022
3457
3165
6540
4459
6746
3147
3662
2094
5254
5392
5783
6786
227
2096
4835
5614
7313
589
3507
3802
7344
5638
5960
1363
6510
1406
6340
4659
1464
6112
7855
3994
1571
7962
975
6841
79
4504
3479
2465
2233
5414
2148
248
7502
6020
2716
2149
4100
3009
865
101
3550
2822
3725
6729
1090
4501
7765
7670
7927
1864
6377
2695
2362
7164
6215
6569
5045
6809
449
7154
3174
3382
2571
7934
4133
2269
4472
497
2292
895
2614
5295
144
1044
5952
6461
1896
3150
177
6077
2136
1543
2459
2081
6564
3809
6099
2081
850
4523
6378
6108
347
2500
3800
6631
1182
1790
1021
1765
2443
7629
4328
6274
703
5883
2935
5602
6961
3091
1014
6267
1823
3922
4198
3810
122
3330
6107
5421
2484
92
5324
5714
251
2476
1878
2072
4498
5746
2890
6121
2400
5388
4671
1613
1045
2296
3678
2821
7498
7101
7897
1336
1222
7763
7617
5567
1946
4137
6117
6012
3804
3650
934
93
1750
7982
1303
6990
4074
7372
7303
5638
6600
6909
1592
4362
6985
7833
4177
4073
1851
5438
4279
4727
3127
958
3094
7425
2820
3692
5805
1868
1322
7368
6209
5150
3842
4811
6110
489
1274
1896
5072
4170
4059
914
3120
1710
4552
5591
3377
7945
3806
4852
4267
3110
1514
4848
679
4643
5548
6282
5612
1512
7114
4251
4741
6430
584
3208
3563
2128
7999
6037
2922
6167
3814
2427
883
1615
1321
3237
572
5416
1614
5611
439
18
7276
2929
1426
6004
1772
7730
5442
3323
6008
3913
2784
5572
2414
6607
7937
949
7699
505
3169
4932
4410
1403
3582
6311
4808
5530
7964
3737
4763
235
7165
6905
7917
971
332
4999
501
67
102
532
3811
6050
2084
4303
2403
5445
262
6109
2074
558
3690
2135
115
4194
3886
7438
6274
7484
3491
371
2127
5551
1375
7166
146
5259
4477
5475
7640
3229
1697
5205
5106
6542
1883
4205
4575
5770
4618
1460
1074
4789
5284
6417
2231
1761
5572
2522
892
4975
1115
6694
6216
2111
5624
5687
5433
6492
6825
734
7342
1594
1044
831
3572
6326
2709
4076
6042
1223
6060
1324
4485
2002
955
2840
6468
6718
7097
7614
7086
2887
3521
4027
510
2981
3717
4172
2383
3791
6644
1100
4919
202
7919
253
1372
5500
5159
2081
4568
5512
3140
5117
7713
2280
5850
4834
5277
4649
28
5596
1494
7091
7460
5403
7860
5696
6070
882
2935
2340
4121
5323
1718
7928
3458
530
4553
5273
400
4562
7781
1577
7578
3105
303
3966
4160
3604
7134
3533
5856
6967
5709
1940
97
4302
7075
5119
1240
4617
3063
5871
5435
3152
4674
4867
502
401
1878
7981
2358
6395
1499
7270
3369
920
1455
4345
2333
3825
1961
5625
2245
7513
756
4712
4211
2890
1956
1088
5643
5285
6466
2298
1208
1737
5380
1603
6219
3414
6483
7508
334
7361
3650
4233
3248
1693
428
4219
1778
4671
7472
2783
5961
1954
6284
165
4003
4346
4357
7630
3116
4829
2015
6147
1258
637
7160
3717
4665
6878
5337
3587
2107
1061
328
3163
2753
5030
6962
5732
565
3503
5474
4484
3026
5300
7865
7735
2631
5312
3056
2609
7417
4483
142
5923
889
860
2682
7342
2574
2614
7675
2779
7539
579
5266
217
3092
6177
7560
1478
3245
7780
3246
3605
4275
2920
1831
1098
1775
485
2358
7218
6920
5119
6348
2803
666
3752
5919
44
5883
6187
3112
1983
4688
6677
4501
6284
4422
1453
1551
5755
867
1670
418
4117
5776
7770
5796
3312
4140
4445
3503
990
4617
4119
6267
2993
2490
1191
536
3171
53
7058
1597
4600
2285
575
4456
340
1340
461
1398
2602
6399
7843
198
4136
1437
4894
1693
2293
5953
2404
6678
1220
6812
2345
2440
6764
3168
4463
4313
2952
1014
2695
1456
5370
1639
2304
4291
2416
5171
5164
2401
7635
7556
5878
896
7415
1427
4460
7377
5533
4415
4248
7006
5505
2475
1365
6018
4205
279
2956
4365
4255
540
5120
2766
3204
3400
7700
6492
6032
1158
7159
4842
7494
3807
2988
5203
5552
6717
7137
4538
2443
74
2797
7532
4627
3174
5160
6625
3050
5257
3988
3114
836
2657
1988
3032
7220
2506
3533
2639
2043
352
4021
5981
1706
1867
4998
6151
5867
6741
384
4747
7454
4765
6849
7733
6339
5792
337
6282
7619
6221
5553
3437
311
7358
3414
6429
846
1245
5851
5088
5952
7090
7327
6438
1904
5850
5347
2743
2633
242
2379
4275
222
5783
6032
3605
1036
319
1517
1078
2643
3975
5190
5598
1307
3694
1166
5770
4440
4194
1227
2031
7542
5636
1791
6206
1350
2205
304
3140
3163
6401
5825
4023
4632
809
796
5739
1666
5472
7272
791
7390
5067
5595
6657
1115
3841
2699
7580
7036
5064
3605
4809
4879
583
505
4612
5858
1148
562
2712
4577
3849
4060
2497
1161
2169
1121
5292
7779
6132
4194
4095
2125
5329
7759
5248
4129
6017
2707
6989
7640
2280
7565
276
2471
3023
6370
4913
7102
7399
1740
6013
2794
2440
6819
3572
2218
7569
953
1505
7520
5012
2607
5514
5387
1150
5742
6412
2585
5806
5980
3771
7389
5155
2717
3949
1487
388
4753
4358
3468
7592
6249
4895
4282
784
3500
2963
3620
6113
4414
1922
2396
6602
5767
3433
5360
903
2294
2119
2312
2152
101
7014
156
4283
2611
4941
780
3482
3702
1571
1584
4773
393
4151
1445
5848
6604
1725
6086
6384
2248
341
5613
5540
7393
5163
5895
1967
1945
1796
3639
2465
2831
697
6746
1795
7361
3143
4368
4801
5743
2677
6172
4804
1544
2300
360
2463
3558
6284
603
3397
7242
663
7418
5663
1038
2293
2337
1451
2158
6488
596
4366
5009
4773
4186
4724
4242
512
7028
3881
5594
4630
683
3291
5334
5341
5381
3516
5825
1219
3901
4098
1630
173
4415
4738
5892
6689
5493
5233
1013
7409
7877
358
727
1356
1448
6855
2544
783
6955
396
2455
874
1504
6581
4100
3891
1449
3995
766
3979
2263
4353
2778
7083
3367
3009
721
7954
4625
80
5470
6215
3389
2580
6602
7004
1341
4901
7335
7054
1586
5200
6440
3245
2336
3629
3990
3765
1610
7471
1948
1248
1800
759
2125
871
5601
6009
4139
4088
5150
3776
2693
6737
7372
7719
7258
4276
2705
4610
5410
5447
224
5518
171
5969
3598
2311
4250
1532
75
6925
1654
5848
4947
6411
5534
1150
44
7350
6344
3135
3223
3212
6975
4286
4778
6737
367
3895
2275
2500
3640
7931
2849
6753
5905
3702
6980
2341
1450
6344
850
2789
1901
6382
7186
7332
2500
5875
6026
225
6636
6369
2692
6202
1514
6116
4447
1767
2116
4699
5848
2713
5110
2914
414
252
4399
7394
7356
4729
777
2246
4269
3620
6121
7792
7438
3573
3555
5016
2457
2308
15
2906
1447
5018
3937
2792
4347
782
1006
1129
2081
1658
7074
2766
7026
1622
299
2253
1945
3144
4050
7313
7816
7471
1606
2174
6349
3692
5022
3534
5111
5982
4585
2473
7884
1675
6640
6593
2773
6732
5203
566
894
1958
2581
5943
1480
4828
1467
7001
2635
6116
3013
4778
1380
2899
4222
4162
2053
328
1948
4649
4395
7246
7773
1644
7318
5131
506
542
7196
2866
474
3157
2891
943
637
6582
5619
5738
6509
7939
2732
3283
7742
4585
7737
6806
5850
2737
2449
4578
941
3505
793
7003
3829
6230
3837
1717
7949
5007
576
3083
6847
4573
3297
3557
6433
5653
5432
2063
1852
5521
4002
3722
806
6464
3483
7254
1371
5518
3250
828
3221
2141
3292
3527
6637
2197
262
3124
6404
6224
4109
1372
6352
7961
1007
5802
4222
4178
6420
7377
2154
1331
4859
4018
2826
5565
275
2606
1954
3544
5283
283
1722
1329
2056
7740
7303
2055
5634
5353
2340
389
7060
7643
5397
5716
3679
1552
7948
2746
2877
1140
716
5358
1595
1715
318
4446
2658
2933
4271
7741
4962
4579
7356
7657
7203
2227
2546
5996
6146
174
5987
5016
4634
2882
7597
1294
2132
3357
3397
209
5071
6135
5040
2365
7328
519
1170
5501
826
3680
7707
3683
3385
3364
4633
2578
3352
3750
5596
4382
7045
4727
861
3259
7009
2410
4668
884
2612
6381
2996
704
2940
2880
5344
2158
2257
27
1208
6895
1827
570
6567
2418
2122
3082
7751
1720
6124
2272
3151
596
4035
1108
6609
1012
1759
4461
2805
2466
3828
5752
7428
3048
7873
5755
2720
3780
520
1481
264
5386
7952
3195
2280
5165
98
2055
389
2426
3988
1357
2198
4993
6936
5573
6527
4508
3788
765
1867
4545
7500
1863
3628
3211
461
2762
812
368
5248
1156
3467
2682
4696
3803
6350
1257
6612
5396
4915
833
7656
4593
4756
7495
3213
5817
3582
4457
6379
4918
1116
5738
6806
4346
1067
7360
3
4389
3303
1534
7331
1968
6977
5683
1505
2805
5064
3982
2112
6866
3247
7399
7274
1719
5028
6845
6284
3275
2994
1400
6102
2472
1616
4454
1221
1883
4426
6200
4827
2221
1182
5530
3906
7942
7220
3131
2392
6100
7417
5374
5578
6611
2474
6434
1121
4641
4163
7457
6834
4665
1632
65
7999
4069
6959
3653
2506
835
1754
3155
1379
7050
5807
6359
6073
7580
2307
1578
6233
6965
7705
520
961
7211
2746
4887
450
7822
1624
5720
6877
3809
863
6421
6087
340
6293
4676
4588
1476
938
219
5010
838
1188
917
136
6977
3049
6355
6754
2565
3556
2836
4937
690
3874
7476
2662
5193
489
3892
5590
3125
623
1168
2333
6470
4328
1913
1696
42
2089
2849
1620
2815
2956
4305
3440
5373
373
5120
152
3391
5991
7892
6104
3163
3123
1009
710
5942
4730
1327
3800
1296
4920
7486
1812
5209
629
6607
4730
3217
7624
7292
4884
2103
5874
6497
4853
573
5384
5027
5951
6061
3442
5388
4387
931
3232
3477
6289
7019
3342
7446
4514
3901
2195
4284
3847
6875
284
5037
6260
6921
6047
1087
4909
3031
2680
614
1691
972
658
7742
4527
4515
2094
2449
7259
3239
1909
1470
17
3002
6342
2774
2605
3154
1211
2078
1676
2173
5815
350
7621
7083
141
6401
3545
3557
6165
6265
4440
1969
3049
1637
7271
5766
365
6433
3574
7280
5416
781
7247
4972
977
6067
7724
501
3748
1174
2003
4421
6288
6131
760
6534
1746
5219
3603
2972
4200
7693
3110
5248
6814
2822
1693
4442
5511
7258
4865
3842
5080
249
2981
5698
3553
5988
2543
6183
6690
7030
4103
1747
2093
6472
2162
5138
7163
5108
5639
1062
208
3454
362
347
5411
3870
1709
3086
3718
3769
6522
921
7812
4078
1791
3763
5862
4630
2519
6707
2967
5767
4230
1391
174
3368
879
7511
4573
766
1978
4521
7537
3603
1392
6089
2576
1142
3627
2926
3308
1392
6600
919
6904
4706
969
6252
5105
91
1100
2278
5608
138
1784
4167
5106
4451
1402
862
2475
4208
2727
7005
5838
3972
3540
2834
6528
1210
4437
3833
6680
2065
19
3985
6041
5466
5430
2451
4897
3920
5718
6755
7476
1310
7214
4471
76
7551
7877
1862
6366
3048
3675
6092
3418
226
7060
4195
3468
3082
5974
7140
4681
1423
3472
6820
921
7048
7090
944
6002
5965
4603
5499
7358
7676
108
1972
3740
2685
5576
2551
4148
928
1428
1501
3059
13
3193
4530
4065
7121
4913
421
5993
2299
2063
1643
6281
7892
4735
5448
2403
2191
258
4413
4720
4989
4446
7396
1572
3030
584
2516
7632
506
1739
4437
5192
7722
1158
2311
4549
3499
6958
1371
5239
1354
5543
2409
6483
5500
3805
171
3635
898
388
7882
3896
2401
7255
6973
3913
4717
3682
2341
1918
768
3013
1630
3897
3773
5847
1109
5427
3545
5305
6445
7643
6073
296
2178
3706
649
1081
5921
7433
3039
2910
1092
4070
5325
7027
5805
7748
40
1649
1839
538
2058
2987
4668
709
37
3772
5639
3551
2126
1955
4280
7028
7353
2382
443
7518
5490
4823
7718
278
3679
5748
540
751
6498
3810
2132
3931
780
1503
7353
1586
6938
4420
4757
7225
6819
1724
5679
5833
3268
7
3104
7665
3980
6216
3407
7940
3055
3055
3970
7138
6764
6658
1224
3597
5435
3134
2738
6402
733
6966
2340
240
749
1684
3929
1441
5228
5732
3511
7169
3881
7375
4773
5575
4075
5606
4318
5234
4164
1911
1382
4804
2705
976
6226
233
5962
110
1391
5712
1798
2874
3355
1584
5821
3493
3996
1859
881
3282
331
7245
3478
7892
3552
5964
5466
3878
6642
2901
3492
3372
6172
901
7174
772
5104
7492
7937
145
4543
5730
5053
3873
397
3387
6255
4620
522
2553
6195
714
1112
4266
551
4324
764
1782
1802
3443
2594
7711
3656
3505
5033
1978
4423
1666
3860
3581
4535
1485
3526
1579
2659
5653
6169
2466
6388
932
2529
7589
7874
371
2987
899
758
4865
6254
6309
523
4862
5024
1770
6000
5101
4128
1089
2528
3867
3704
6797
4958
6308
2661
4411
6550
3084
5207
1490
3271
278
7907
6689
6032
492
511
5325
1271
545
175
633
561
1712
6343
6939
2183
3827
3985
5278
5545
7599
5260
6640
2197
2855
4527
6727
4674
4032
4011
1062
6548
5740
2268
7414
7919
961
4834
1983
7650
18
4782
253
3626
5644
6551
5036
2208
5466
6767
2139
6017
2198
2588
5045
4318
3690
4767
5459
3235
3274
1110
2566
3692
7171
1007
6829
6035
2113
5969
3221
380
638
5341
2046
6233
4560
3022
6566
2498
2604
7138
4102
4816
3491
3024
3554
6209
4464
7247
421
7187
5850
4724
7150
7742
2990
1432
6349
1781
7358
2117
1057
5964
4200
2549
3049
2195
6387
4563
4762
2792
6432
5307
4182
6309
2235
779
7904
2456
5453
377
5885
3389
4990
7566
613
2213
6181
569
980
7101
1563
1193
4997
3417
7198
5963
3269
6804
737
3841
2293
4125
2641
263
1960
4561
1848
4149
2048
5868
7547
7159
5450
3275
4318
3501
6203
2896
5658
1197
2022
47
2254
5645
2608
3132
4000
7125
3097
2307
5568
4813
7019
5097
6988
587
741
1581
6835
3539
2463
7927
1563
2617
739
7307
6778
5012
4844
1191
7698
2895
6593
2688
1184
3280
4707
1464
2147
4059
4525
1613
6002
2991
3531
1394
3026
2537
258
2404
7920
399
7432
6684
5132
4886
535
4466
2785
4360
1336
1297
421
534
4143
2839
3271
5627
1527
2778
5805
2644
6446
917
4505
6567
951
7756
341
7798
7133
911
3535
6076
1478
1712
6160
3530
7892
5835
3180
4277
5106
6116
2672
3342
6812
1970
7909
761
1418
1421
5427
3350
1075
90
7339
6393
4522
1140
6249
202
7657
5346
249
3762
5493
5862
194
695
3440
592
820
192
5654
5041
40
745
753
890
6503
3586
4571
7141
4113
3119
6284
4838
7089
3236
7224
785
2870
4094
2608
2455
3342
3261
285
3774
3306
4469
1436
493
299
479
1412
6560
3361
2889
4350
2841
6672
2926
3115
7756
7813
5659
646
7129
1896
4528
7536
7702
2372
2922
173
5225
190
4125
7651
1481
5768
3843
1142
3800
3220
6453
5094
7931
2400
6460
3848
1590
1771
4813
7023
3370
4186
3055
7149
4509
6116
5828
3997
2630
3315
4182
3661
1299
4406
7770
704
3364
5134
6469
595
6691
4705
707
3489
5366
2785
5021
4785
3637
5229
6132
4814
2379
2116
7585
6542
1911
6119
3433
6492
806
3737
1887
131
1218
5758
5216
4868
5210
7933
1947
2115
1716
2969
1908
3796
2918
108
5807
6489
1155
7019
2623
2295
5143
3171
1864
4458
6911
7378
2344
5792
901
7269
5998
41
730
2463
7918
1797
3898
5192
6139
404
7876
6227
6372
2115
6864
970
6345
3516
7534
4655
1371
4633
6940
6838
2198
2426
941
5234
3740
1788
5874
7801
4049
1982
7213
5397
6517
6166
5360
4503
4653
5233
5873
7628
1000
1530
4760
4346
5241
5697
2059
6942
7890
4907
2500
6393
1778
7185
2978
960
4526
7051
7600
1962
6189
6844
2125
3690
4925
5680
3757
2443
1927
7176
3749
6336
7023
4422
7533
3525
3134
174
3515
1026
7391
4264
4541
5027
6698
6268
5483
6541
419
7334
3581
804
5667
5397
4597
7398
5645
2455
82
3967
6235
543
5125
4922
7496
4806
3929
5182
6382
5936
1545
7680
197
3930
2634
3459
659
1298
7322
2416
5651
4454
6689
2425
7027
5041
5083
7450
414
3885
4885
3742
2900
5850
283
709
6142
2346
6353
1755
7648
5816
5391
1658
5936
772
5821
1515
2558
4250
6023
4086
4939
2782
684
4599
81
3215
7739
6208
1016
