4224
6732
6180
2538
5502
5579
469
2371
1408
3826
1998
6428
1486
5342
2003
7095
347
5709
1720
4624
4285
2895
3966
2350
4842
3929
1760
6353
5508
2848
2141
5106
2254
2543
7094
4702
2627
1078
2898
1422
6107
4553
162
4749
3811
4477
311
3818
6632
3818
7231
3340
588
6558
3668
3495
6045
2541
7055
7203
3807
6390
6475
4240
6918
1916
4344
231
2712
5754
775
5882
6434
7749
5827
1339
7806
7606
7282
7085
7450
3266
2268
6104
5146
2402
3937
4952
7072
852
7204
1593
7417
6034
2291
2574
7503
2837
6965
2464
6107
5438
1523
2361
16
3598
4690
5050
4381
7121
2826
6238
6916
6003
4369
5879
273
2878
6123
310
7407
2780
1043
1273
2289
3738
1134
704
5061
1023
4792
2341
7596
2451
2409
5847
4639
6291
1913
6657
5215
769
1272
7403
1280
2591
4878
2770
5600
7181
3472
7138
5020
6382
3981
4042
4134
1132
5231
6576
7019
4353
5416
2047
4900
5347
2996
4735
5006
1294
7464
4754
1926
3100
6223
1489
814
1680
4899
210
2872
342
6644
223
3604
4013
7730
6185
2974
1200
3852
2695
1361
1826
2238
1150
3051
6249
7584
2484
1962
7572
1640
3444
4105
4923
2739
6468
4416
4663
3068
1594
621
1221
343
186
2580
2289
40
2199
1005
4087
7499
6590
7157
2715
527
1878
5541
2179
6652
6066
1836
2763
4725
5445
5302
5540
294
5594
1785
1014
7511
924
5336
6150
4058
2038
3916
5330
7888
5496
7441
7569
7178
3781
7632
1616
5518
6464
3625
2945
4436
1767
1744
7035
2681
1072
1660
5484
2447
2558
1325
2582
7948
4256
814
2156
4372
46
28
2697
2629
1447
6165
2170
3473
2156
1651
532
4704
337
3761
6381
381
2012
5753
4466
6035
5880
4148
7386
3725
2256
5401
5637
273
7061
4560
1701
6362
3183
4685
6935
3501
4592
3425
1154
4108
544
5161
7268
4476
6618
3473
5730
6848
7980
3661
4048
6953
4968
963
7537
2933
6723
7311
3076
4915
3833
1430
2297
3596
5158
708
4711
4643
2542
3587
4905
1941
6036
6839
1397
4504
4762
1480
369
2496
5120
6295
2706
1798
6934
7930
3583
678
3390
1860
7492
4444
3809
3099
5577
1734
1298
6326
1578
7283
5299
4218
7065
7007
4626
173
1601
4688
4646
3005
1830
1937
3500
2295
6671
7222
7112
3718
6111
1314
5130
5387
6504
3067
7905
7737
5049
7132
4757
3842
7530
3543
1198
2703
3806
4023
5296
1743
7717
3631
2540
7764
847
5122
7892
2536
3854
4145
3984
1162
1002
7821
5870
3639
3013
3030
1299
3837
6533
5030
5875
7454
1842
6305
710
6554
909
3751
2863
6099
2435
1728
2
2859
5554
2396
7204
7096
5605
1180
51
1090
7972
156
4536
3298
3193
4203
1507
4910
2038
439
934
3979
5660
5321
2120
3372
6469
2965
4848
4007
3645
6949
912
4995
2664
2911
1740
1374
629
4614
3245
4036
5034
652
6135
5964
3487
4926
202
7220
5589
1958
2679
2054
4632
4780
5548
2429
6658
887
7869
5608
6795
3676
4072
2721
6492
1912
2477
4187
5489
4517
6544
6621
6956
27
7230
5844
1409
4150
4027
5558
3050
177
2470
956
574
6822
7363
7237
1949
2337
2689
7112
7460
3949
1437
2068
1007
3041
7138
4684
5435
277
4401
6010
560
7447
3029
685
4246
1182
967
6570
5725
2128
3822
2153
3462
2901
371
2563
4626
2849
214
3535
6988
7671
7493
1058
3804
5667
2274
3472
3515
2030
7182
1893
36
4092
4955
6183
2781
3570
3157
4069
7600
2680
2813
2756
7512
5048
3988
1399
4301
1106
6460
3050
3271
2499
1119
4129
586
3373
3789
6697
6325
2969
6822
5934
7144
2712
1730
4951
2167
4781
2739
5409
7748
5669
2978
1221
5259
3977
3475
6138
747
2203
7936
1248
6927
5062
2729
2461
2492
2924
633
6948
5440
4334
6958
7633
1062
1368
4666
5055
1306
5858
5134
3952
6939
518
3125
2754
1183
1573
4349
279
5287
6123
7736
187
7179
7680
7388
4730
2430
3205
4734
1344
7743
6419
2794
7142
1843
4479
5315
126
6693
5303
4597
4967
317
4364
6555
3335
4776
6163
4353
3658
5577
4867
527
524
5888
4276
508
3434
5889
3998
605
5405
1847
3958
6475
6412
5775
7906
6611
690
5766
7230
1216
4358
1255
4729
6842
4218
5463
6294
5487
5101
19
4984
2678
552
2887
7123
58
2445
3642
3169
1120
813
3911
3032
3126
6373
5435
216
3938
7991
7151
7163
4569
1639
5702
2311
3260
7662
4227
3852
6260
604
202
223
3392
5725
2492
7973
5153
7167
3497
2159
822
2355
736
2244
6695
7843
894
2616
2410
4930
1309
2248
4784
1182
4308
6113
5936
4230
5000
4992
7603
3707
1996
1323
332
1298
6821
4915
1636
1229
2798
3265
5387
6025
5551
4518
5625
5078
2120
12
546
5357
159
7598
6399
1247
3911
6747
3776
5994
6671
92
5865
5406
3510
7726
6252
3382
771
911
2280
1679
6663
893
7035
4812
7917
987
6964
4626
2199
4297
1228
3860
1009
830
7113
6784
2961
654
421
5236
3831
1940
2618
1872
4118
7247
2838
3994
6473
6960
1463
5232
7808
5725
1593
2134
5095
6758
4797
3117
4057
2734
1132
1288
6904
5383
3125
1396
263
6223
805
911
2818
6538
4512
1258
3965
3421
5444
2768
5628
3342
4901
6860
6801
2049
7337
4772
6814
171
1103
2252
7218
593
321
3655
7432
3625
922
2626
233
1297
7994
6541
7379
6728
1851
2687
4716
2747
4280
2322
6584
1697
4540
2185
2109
7852
3052
1527
6006
7485
5740
4409
5092
4225
4821
1120
6788
6760
626
4880
3082
6857
3442
3759
2191
2705
3188
4253
4265
6667
3495
959
2667
3030
1252
1174
2270
1859
3934
7476
7596
6413
7656
1817
5828
7480
368
6335
2280
2195
7874
4519
4315
650
7915
4289
2301
2802
7676
2725
724
5740
6204
2803
933
7272
2070
5025
362
2761
4880
22
5135
2897
4667
88
7221
4386
1778
507
7472
779
1161
7942
7975
3106
3078
3156
7670
6272
4240
1953
6705
6368
6310
7612
7323
676
5664
6775
7201
7815
1465
483
6168
245
4655
185
6353
3639
6900
6742
2183
4511
3304
676
4206
7401
1307
3188
5283
6816
6253
2175
7274
2268
4660
2296
2330
3673
4539
6297
3200
647
879
5585
4335
5229
5512
7441
5084
1046
3368
7926
882
2355
7768
6775
700
2524
2991
6649
6456
1046
5125
6321
7693
6901
3236
5826
424
3264
5024
5595
251
1519
7125
5243
6992
7091
170
5443
6505
829
7688
5655
2489
96
5189
5259
7847
2765
5893
1827
807
6595
2774
5413
6295
5194
3758
7686
1330
5889
584
600
1226
676
4379
6485
7780
5342
968
4798
7937
1076
5997
1154
2542
209
4714
6953
1138
364
1562
6070
7191
3320
4479
1996
2351
448
2316
6843
3927
1319
3103
2335
6761
3113
784
5802
1390
6078
1954
5760
2463
2584
6135
2742
7442
2723
4488
4680
1125
722
1731
4480
7149
4957
5041
120
5765
6760
2105
4256
7422
1856
1453
1667
2079
4866
266
5641
1592
1539
6031
5609
2857
6971
33
138
7085
5751
6815
5211
5343
6484
7854
4624
7877
2037
1274
1621
104
7141
4799
6521
1226
2567
6364
6699
7853
5896
1219
7317
2092
3749
1029
2834
3771
3182
7820
857
7409
2713
5150
3828
6224
5030
3969
2355
1349
7161
7940
4484
6828
5604
1952
5521
6441
25
7788
1320
4905
739
5053
5741
5817
7120
370
5029
1486
3919
7223
7669
96
468
6496
61
2340
370
6551
7932
4074
5986
2201
7757
702
366
364
5926
1690
1307
3656
4719
334
942
2043
7133
7851
5117
2716
2809
793
2601
7333
2558
7282
3857
4117
4023
4902
1463
5760
2938
7370
6580
7854
1615
3031
7123
3677
3816
86
5541
6488
6723
2885
5275
524
229
4939
272
6240
6865
1646
6725
2765
4684
2785
2168
4178
1246
572
6709
4581
4325
883
6680
3676
7846
2630
6177
905
2852
5188
6045
6851
1772
6592
6836
6781
752
6788
4378
797
7261
5915
1372
5915
6728
1133
7974
7307
6043
6337
4845
5358
271
4894
1652
3074
2705
2800
6333
7155
437
1036
3370
7624
532
2929
3897
1844
1808
6435
3833
3161
4193
5347
3201
4417
5465
206
6629
5669
3675
83
3261
3018
3866
2486
2100
2818
3805
584
4561
896
5278
7629
4756
6302
6851
4425
1944
2419
3479
5872
5000
433
1805
7605
574
7061
2709
7534
5996
2633
2889
1844
7060
4478
7602
120
6552
2732
5072
6621
7853
1049
4255
213
680
299
2841
4994
5143
5277
2150
5030
2094
2133
1200
2088
5810
4243
5863
297
2581
1087
7310
1676
2172
2905
7585
6034
5936
374
5874
5870
6368
1779
775
5135
5118
7755
1998
113
6415
1636
1358
2299
3767
1647
7500
1300
6007
6281
1441
4022
4407
4664
5164
2066
1673
7510
583
1732
3344
7139
2531
3688
2861
3974
3448
1488
4304
6532
6108
3716
2710
5949
2458
6338
5203
3098
5419
5961
1294
7880
3932
2749
5900
7056
3914
3012
3471
4732
5423
4325
6243
1390
4923
2643
4719
6958
3754
3951
3461
7650
2252
1549
138
3085
6395
5657
947
5081
2618
6039
764
6749
3021
5771
1508
5813
2684
7715
2450
5165
7038
4221
6921
1813
276
4731
3468
6071
2071
7081
4783
6667
7829
6893
5250
6962
5480
3204
4610
2278
5411
6864
4196
5790
3181
7712
1779
4233
649
1011
1052
6888
3610
3187
7573
6119
2876
94
5947
4087
4158
1728
2169
3002
2063
6638
2247
4127
5825
4790
4944
7426
7034
4018
6700
2622
5428
3772
929
1198
1246
2416
5657
7631
604
1058
7107
3653
1985
7344
73
5334
1860
191
6782
1063
1815
1516
5960
7852
2805
4667
7563
5868
2321
4791
7311
1656
7820
1844
7951
2232
1535
6395
1334
7659
4358
2634
1751
2526
3122
7936
2837
2048
2988
3197
7775
3485
2015
162
2993
7130
3868
7997
1215
2534
6342
2699
2612
570
6285
5831
1897
5547
5207
2475
7988
5585
3624
7209
3303
740
4173
2302
7745
3811
4019
5349
3803
648
3163
4171
410
1607
2383
6644
1694
584
2040
2912
5131
3691
4258
1909
4666
5383
7808
2822
3905
3892
2901
1151
1808
2970
6656
1484
657
4690
7587
4144
6780
283
2110
4518
2596
3597
4500
2861
3740
423
6468
6905
2294
5750
2080
4466
1269
230
6690
5436
1222
2873
4009
4973
6431
3148
4660
7460
4636
2033
7607
5009
2804
7094
2240
3615
322
4840
4086
3533
2045
5618
7338
3857
7063
345
1621
7135
6571
4186
6746
1092
2000
1014
5759
4472
7226
4328
7343
5547
7290
6306
1460
746
6785
2385
7509
2803
6975
1447
5617
7287
2640
302
3739
2007
2996
389
1294
1042
3289
4147
3448
6341
1132
7662
2776
603
7439
6190
1072
504
5531
5847
307
2574
1225
7000
5867
4846
743
2482
5086
4332
6360
4068
7839
6457
6343
1461
5891
7579
918
5467
6901
3730
7524
5813
3413
140
1562
1861
5821
1685
1363
2568
1230
2412
5055
5854
1215
5710
36
1808
2381
6396
7273
4062
550
2140
1216
7925
2257
2382
4479
7066
2654
6123
7481
6708
1833
2704
4121
6089
549
3872
6768
6130
5546
5574
3157
188
4077
4551
1549
7778
4656
6722
7698
234
4746
3257
624
6390
666
6922
1048
4339
773
4966
4489
3494
2891
3682
2862
1319
5274
3324
6211
875
6517
2636
5577
3806
440
2383
6490
2073
1198
5821
5946
3313
6663
5651
4935
3168
3206
6259
1324
5149
3406
1740
3415
2589
3278
4112
5286
7612
7685
3683
5847
7875
4162
5753
7479
4972
7985
3260
6736
4434
2710
6866
193
7095
3528
7322
194
3702
4759
2197
7202
4540
3614
1940
4222
89
6507
5068
1281
530
5980
1253
5716
2634
6679
396
1353
7474
7668
7759
2149
5589
2765
5575
6491
5470
6293
5039
4658
1533
6015
6381
1776
1561
4486
1231
4634
734
4079
6938
5281
3741
2667
6925
5335
5722
4095
851
5577
7264
127
1567
7588
3739
3000
2436
7615
4162
7572
1628
4526
7507
5818
4907
5060
4092
4890
2305
7737
2951
5021
826
4950
1589
2323
5742
4737
4055
5764
7451
4986
6546
3441
2691
7409
6468
2019
1833
6247
2881
5248
7134
2820
6401
3475
7235
3874
4304
6864
3933
5184
3889
6595
5363
6351
6393
7473
2563
3863
6175
5608
7673
816
2565
7982
1707
5634
6477
6455
6641
5291
7389
3227
1480
5656
2316
6166
4962
1628
7627
5394
2301
7823
7158
898
259
4265
994
1848
3635
6431
3754
4590
631
6483
4669
4854
2922
2559
4218
7231
1445
2792
1322
780
7712
7307
974
2371
6101
4177
120
2595
4177
4931
6910
4619
2409
47
3631
5053
589
458
2570
5533
5335
6155
4624
6728
6008
1089
1735
7838
6044
4669
3773
7185
1452
5277
2760
817
5148
958
7057
2364
2494
4902
4793
5305
6332
4613
193
75
6935
5393
923
1409
5906
3285
4692
282
3524
533
3519
7839
795
7100
1199
5268
5079
664
4588
54
1684
19
6187
6731
3220
3793
1675
4027
2687
3514
5526
4041
2032
3242
2482
6754
4686
5947
1680
215
5645
1196
4275
5449
7126
7727
4453
4751
3814
6751
612
4697
5771
6106
1379
5511
6216
4182
7844
3003
4230
2221
886
4692
3639
148
7062
617
7731
6710
3742
7000
464
1754
3912
1044
5064
6994
3273
6630
6637
32
932
2820
684
7980
6951
1687
6976
2241
1456
6761
7898
2989
1502
7576
5024
4877
6073
6168
3824
132
5614
5702
2212
7032
3469
2516
5560
3654
3844
4762
6695
5974
4028
7568
2924
2167
1482
7519
1096
7587
3053
2286
7966
418
3360
2695
3799
5284
1332
2618
2551
7301
7775
3176
6852
6654
121
7819
2921
6473
1528
5953
2536
1348
6769
4531
5836
1864
3320
6228
6833
1723
2770
4027
922
6161
1706
3257
3512
5483
1470
7193
5381
2924
6248
5845
1633
6077
1086
812
3450
7010
4008
6410
6599
527
2694
2623
6875
4416
2291
1606
2780
7791
6529
7016
5197
5037
2456
6342
3470
1451
7677
6753
7170
4467
5564
5239
4171
5252
2715
5689
6775
6516
7869
2311
5349
5382
1948
6352
5804
4701
3970
5348
5477
5992
5235
3264
2972
5728
1933
3402
1898
6351
1424
5245
5942
5670
3942
2533
7169
6385
7161
1128
1413
4250
4758
3234
899
3037
7033
2436
5455
6967
5070
5648
2707
4406
6716
6153
6979
2610
5789
2964
4668
2464
4159
5845
7906
5870
1911
4175
6928
3897
1328
959
2196
7510
3852
7678
4759
7975
6092
6602
3805
2897
379
3217
3493
2719
6210
4504
4280
3434
2107
3595
5131
5364
1206
382
6207
5832
4054
165
1592
892
5455
6713
4569
6718
5162
3789
6647
5199
6415
4551
5303
4008
7967
1302
5246
451
5948
2703
6693
7679
2171
7645
5627
3046
4879
5313
4741
125
2577
4744
7348
2778
3414
5102
426
2440
6277
4831
4877
431
3204
6712
539
5203
3274
1510
6640
4361
4776
6202
6047
5730
406
4647
4170
552
7195
3759
4302
6355
920
5151
6508
6475
6705
802
2133
6677
4188
2639
2010
5007
3138
6821
4293
5567
5784
5549
3680
6473
297
7553
4363
1803
6520
2060
456
755
3683
7852
5696
7470
2558
5151
4483
1558
4528
6605
5733
3945
185
1589
6543
3563
4352
47
6301
2174
2953
3189
1345
2319
2351
5258
5402
3881
5379
2457
887
3416
2335
3647
1751
4427
7486
854
6648
5188
3099
3744
907
7337
2632
1792
1513
5423
6658
4202
5533
5003
6421
1223
1452
463
4692
3603
6608
444
6099
1071
6149
1755
350
1248
1613
1278
68
3252
6405
3064
3912
4274
2401
3614
7268
6275
2080
4074
5044
1168
5525
787
5945
1783
5335
5701
6127
135
5985
3581
1282
6855
6916
3754
7177
6010
5475
1209
39
3855
2653
7601
5063
5981
2246
7073
786
616
256
4405
3564
2897
7546
2683
2687
4438
7976
1658
1690
2686
2106
3154
2245
1624
1558
5726
7211
7753
6321
5818
4951
6591
806
4912
4435
7055
2024
2558
2576
2977
23
12
77
5345
4357
1794
5388
3047
1615
796
5983
7582
507
4401
5440
795
5783
3673
2347
1663
4886
1417
5743
3142
1142
4291
1763
3308
6989
2009
2995
4471
5598
5612
6636
6049
2162
3771
5367
4109
4855
404
1890
1567
4572
6184
3382
765
5145
262
6045
3021
7693
3268
7139
2853
931
6438
3649
1633
4230
7673
7641
7429
2851
4790
416
4579
6719
1846
6971
4112
2753
5471
1554
7751
6502
1865
3813
7441
1597
4283
4825
6141
288
4503
1214
724
1106
7039
295
3515
812
1559
7818
3570
6638
6661
5772
2853
3758
7959
2545
2035
3870
606
7956
1430
5487
580
7192
6363
4055
3629
1246
3293
2433
7524
5809
4613
138
5108
7754
2928
614
6024
4799
6659
5876
6310
1520
5457
7965
4162
1325
1873
7085
2750
5110
1855
2681
3944
7006
1420
4869
4237
1739
6394
6221
5444
7755
7832
2470
1820
4765
2840
6252
6146
3147
2856
4958
6168
5638
4653
7399
421
1937
6661
2791
5967
1414
1541
5498
1088
4910
4177
7439
2059
5769
51
54
4297
7485
7046
1950
7563
4427
3795
6087
6017
374
4328
3294
1131
3206
5974
3282
2632
7402
6568
7554
1570
3817
4681
6550
1612
2506
2850
1601
5065
2779
7111
2366
632
364
2312
898
6378
4899
7155
4612
2696
326
6796
6585
114
6056
3181
776
71
1490
2859
3219
7268
2891
5141
1319
5691
6395
1343
2054
1060
176
3399
5837
2745
5123
871
5608
3475
7685
6938
5517
7901
7564
7526
6378
7620
296
1393
107
4192
5155
2367
1587
3458
7006
2021
2500
4377
7172
706
4355
1990
824
4473
5078
6041
895
3942
6516
5318
1743
4758
2593
6279
3660
3778
412
7624
756
4367
4760
3432
1341
2140
4559
6057
516
7750
4251
5419
1393
7749
3830
6383
1223
5112
4599
955
1878
3096
2975
4820
6768
2932
6468
4493
5967
4766
1596
4313
2314
6012
6836
462
3687
7876
7251
7957
3237
2348
865
4119
4949
4112
2627
6756
6103
7858
7545
2153
3130
6976
4272
3219
927
2731
995
3149
1778
3136
3640
7893
7718
4758
5653
7692
7550
1601
1842
4319
7562
1727
5384
1202
2548
3356
3816
7540
2092
5086
732
4000
6765
3671
1045
1847
4620
6737
2991
7868
3311
2780
7542
1753
5361
3457
6658
14
6174
1605
7942
234
5518
6593
994
2204
7051
4646
5754
5164
2239
4184
6193
6699
2330
5688
632
952
4588
3577
2928
5449
781
3128
7960
4324
1563
5524
4065
6232
2575
4065
4423
6507
3693
2616
3074
1174
5063
1811
5418
4809
6202
1586
5935
5074
2812
7378
799
1012
2403
3043
5785
4844
47
4983
1273
5856
6448
7497
6579
6941
796
1159
4628
1144
3950
7575
7447
4128
5748
1247
6921
4486
2783
6189
370
44
6069
7739
3004
3410
1573
3578
4477
7210
486
3282
1458
6815
4603
2078
7112
6307
952
3471
3797
82
4532
3909
6625
1535
7016
5758
5331
7459
5
5641
6664
2847
2159
510
1955
4989
7128
4164
6838
3057
4526
1867
6600
6743
6077
3761
7538
3844
928
3352
762
7515
6435
4142
5680
4592
2101
1361
2755
4724
2233
3586
2435
7296
6262
4558
7778
7069
1579
5725
2521
6036
2485
6821
6475
6848
6322
5543
4277
5601
957
6264
6286
1320
3293
1443
1132
6990
3027
2451
199
3535
4385
2632
3363
3860
3452
2181
3336
1484
1887
4322
6519
1713
1807
2597
7231
4870
5706
6326
1178
4910
7598
7298
2710
656
7379
5974
4775
1000
2372
5025
37
3104
5727
3077
5443
7675
4032
1819
7329
5924
6068
6977
458
7672
4854
2810
7428
3398
6885
7814
5876
6344
6643
2509
4200
5957
6626
624
3863
4787
1309
1485
5536
5059
4736
3737
6479
6812
3
3504
6896
2618
5063
3291
4656
1441
4631
763
926
5713
1831
7459
966
1651
4529
2064
1247
949
1765
3952
7540
1862
916
3373
4319
4402
6921
5013
3286
513
2406
4864
1732
75
6529
887
6895
4755
4688
934
1045
4698
748
3461
3479
3402
5078
3985
6787
1937
5704
7833
47
5961
1279
842
4412
6303
585
345
2815
1742
5603
4551
5859
7459
6855
2253
6973
574
6112
3284
615
1401
2747
713
5752
5636
7309
4851
6503
200
1590
3692
7713
3175
5552
4829
6936
3139
6485
5741
5569
4932
3577
6724
7964
4159
2793
377
3534
3320
2006
6504
5635
3500
7896
5835
6348
3627
5775
3101
2840
3386
6825
5494
7528
7613
7280
5832
5648
5271
5034
3025
6842
293
3516
2917
3103
2994
3260
2991
1823
1417
4810
2984
922
2431
4486
1587
3423
135
7687
3021
1749
6210
7493
3761
1516
362
6699
6093
1743
1123
1877
3582
4240
649
7617
1656
979
7985
7204
3658
4488
3384
330
2660
759
7748
7274
3052
1319
1473
977
4874
1834
603
2363
6181
2394
3363
2858
223
756
2893
3231
7353
3206
2730
1329
6345
5881
5882
901
4718
3977
6435
5634
4592
1551
3905
1415
3939
3559
4966
7595
6079
6154
1356
580
2184
7204
725
4239
5844
4800
6441
6086
5655
1235
4765
4207
2384
6640
6068
5355
58
224
7726
579
6054
6724
3013
6468
719
2993
698
2797
4397
6623
1308
4254
2104
1295
2523
7366
6889
6494
2905
1484
3972
2134
2174
2225
6829
2145
3327
6522
4733
7876
2487
1662
149
694
3568
2802
6335
4602
6512
6809
4772
4443
6748
7617
1676
365
4925
3230
4777
2558
5343
7960
7595
84
3426
732
3232
3672
6927
2321
7145
3119
238
7294
4501
7468
7016
6204
2387
2636
1383
4138
5271
4741
4602
2334
4710
3663
3797
5291
4847
2694
3078
838
7214
7001
700
7650
739
4434
1376
5605
6743
4061
4193
7463
7514
3902
7054
6313
6100
2396
2407
2860
5347
3192
541
5135
7796
4320
1053
3684
3858
1788
7737
5084
2098
581
1807
1059
463
6314
2629
6045
170
2688
4245
5842
5474
5807
2707
897
6223
6471
6472
4433
3141
6286
5419
7351
2370
206
5119
7156
2731
3294
5267
564
1186
5902
3470
6355
2989
3638
5784
3466
4208
1788
6324
3239
6683
5436
3194
4281
3348
870
5361
6868
1717
2627
3877
6194
6430
1501
6739
4074
4352
3852
7056
2328
5727
1075
7106
7677
3046
888
3946
4354
1942
7102
1973
451
7290
3568
1568
7375
1199
5807
2198
6515
4679
7715
2680
119
5908
7985
5073
7813
640
5532
6467
1225
7895
2907
4617
6267
3173
7223
4999
7445
1804
6062
7759
1906
5689
4906
290
7399
1433
5835
5308
3108
4076
1379
52
7158
3387
1053
1388
563
7266
1614
6849
4358
7704
6852
6474
6198
6502
4112
7551
7631
2355
2737
1699
3003
3340
3930
3360
689
5793
5759
6001
5339
7358
5528
329
7426
16
2761
1573
7061
6388
3642
4624
5979
3329
3787
2317
4098
4752
7243
1705
2396
5308
7614
4907
2603
1729
1142
6807
4678
7382
4332
4476
3104
1772
6143
5666
7109
696
2417
350
3807
4873
7681
7283
1104
6017
4081
1243
899
452
1706
71
6840
486
3157
4689
3308
172
1952
3989
2847
7603
5132
2963
3235
3578
5784
6486
3183
7275
1775
3521
4866
7603
7728
7971
2609
7303
2639
5607
6575
673
883
4636
4135
4883
5394
7073
1629
2067
5652
1483
2371
465
3568
3998
3570
3603
7969
5860
6354
3279
5075
1443
1610
2267
3937
419
7599
1821
1250
1003
932
3943
2770
2943
1104
6753
301
7946
5505
5003
6051
4865
6857
3173
3605
607
2488
4856
1130
4503
7266
4364
1835
7228
6352
2414
3411
840
6930
636
628
1897
4354
4410
7455
7990
453
4088
80
967
5860
2560
1018
4403
3954
4100
2489
719
228
6556
7786
1714
3676
636
6138
5556
484
1107
5510
7408
7942
988
6747
2081
2216
3089
7275
5947
382
3331
7093
1477
4866
6628
5418
2554
2850
3031
1620
6889
5522
3847
5011
5468
1036
7807
4714
4847
7359
2868
3794
7692
3057
3914
2680
5712
3440
7583
682
1294
2645
7934
840
5328
4344
3493
4707
7176
2389
7918
6042
6627
2426
4129
1839
738
4622
7829
2521
4912
3079
3842
5895
63
348
2505
7785
3824
3484
3050
3355
2155
3350
6917
5702
5554
3093
5149
7512
474
3653
7223
3880
7085
6547
5621
1455
5615
5747
6357
6001
5431
3395
6165
4957
981
6032
3067
5961
6140
7716
1966
4931
4780
4346
5766
2032
2356
2743
567
6550
1001
6299
122
3758
6979
6350
7631
3062
4431
1057
2933
4345
2287
1012
2356
5159
1019
5585
6624
3876
1373
191
2287
4395
7903
7042
5249
1509
7141
3922
261
7026
7836
4535
7228
5108
7036
7050
2666
5008
8
1022
1515
1461
6745
5048
6017
1005
1867
6451
5566
7766
3336
7657
3062
3364
2455
7438
3102
4186
5564
2173
5487
3514
7105
2914
1168
2271
7571
7662
5476
2481
6094
5822
2941
73
6576
6953
1019
287
1048
7916
4071
5609
7210
3859
4979
1213
6214
6650
63
5991
7781
2859
3335
4415
2644
1971
2852
4874
5481
7744
7231
5691
4918
4095
2521
4053
6845
7790
6629
3169
5972
4215
3109
4932
3215
818
3610
7550
698
2961
354
7462
6343
56
242
3834
5603
1069
4472
6525
1779
4267
3200
7249
3636
791
1858
741
3873
3819
6357
4860
3690
3227
3040
1063
728
651
7230
1298
7155
1240
2212
3173
5131
1855
4562
3846
1061
4293
4311
1372
1534
6674
1403
1597
2710
3044
6588
958
4713
2738
6116
4629
1557
7711
5241
117
1372
1914
6180
939
6871
893
1349
1683
7718
1297
7800
7392
1620
301
1506
7175
2292
7543
7435
2269
555
4161
3915
6865
6647
4870
4319
6306
6339
370
3129
4143
2061
6442
3369
1026
6787
2723
1796
6334
1824
1393
3888
7890
1430
3858
4258
4790
985
5114
5678
1249
4487
4391
7249
4088
1288
2439
1057
1383
7231
4757
4273
3352
323
4233
4501
589
3003
7057
1239
4762
1439
2035
5664
3395
6379
5691
5803
639
3815
6870
7027
5672
2850
6330
4511
2640
7767
1425
2395
983
5925
5310
3565
4397
5962
1412
7744
330
6994
7196
3995
2640
4058
2609
4288
7572
5280
2113
4176
6730
7002
681
3493
4246
6348
6367
4618
7301
7910
7166
1175
3899
2194
5540
3915
4073
7636
193
7373
3729
7437
7306
6964
1801
4933
7777
5363
4485
2975
7598
6326
7933
6544
4872
3878
3118
3179
4076
5613
7489
6243
1656
7369
5658
1858
3214
2519
904
3433
1701
2845
2521
6398
7245
4291
7010
4384
7726
1528
3285
3366
7842
6971
3009
2512
2107
5734
928
227
2172
1024
3293
7341
1713
515
5468
2614
562
2058
7787
438
7544
3691
4790
5591
2382
3259
5514
7517
4527
5890
6686
2356
2
1960
5688
5638
125
1831
3766
6295
1931
4521
6119
2740
2787
3321
6406
2461
2416
5585
5800
722
2188
4336
3202
5336
54
4963
5416
3396
6217
7754
7748
1787
5673
4940
2705
4101
5474
496
4072
270
4451
4221
1784
6933
1389
2041
518
4212
5129
6677
1779
4710
5379
7769
1005
2941
4500
6917
7703
4838
7019
5768
3396
847
164
199
55
305
7166
6476
2509
6177
5390
2328
6092
4130
3795
4845
3646
2937
6736
2718
1755
2363
7262
209
1100
3344
1015
6927
5737
7591
4204
6246
3844
5840
2940
6380
1008
1626
4664
4442
3917
6116
5886
5082
1014
4911
1966
2723
5771
5405
1775
5457
3693
7437
6403
4378
226
1667
2136
789
3255
7088
4124
4163
1937
1851
850
1412
5238
1421
1829
1630
7007
7978
5716
7735
1004
1751
625
3499
5777
2091
5478
3142
3866
1556
205
1767
5847
3640
6012
5814
7568
2461
4961
7771
3719
3753
6823
6246
3399
2371
7195
3050
3314
6452
4340
7401
5512
7713
2198
4991
3873
7855
2266
2884
5275
1867
6994
4917
3162
990
3489
3489
4617
7505
4631
7024
5690
2573
6820
2945
7629
3062
6683
7005
6937
1276
240
541
7565
7254
1886
5765
7548
7486
7333
7657
2043
7499
2122
6949
6022
4549
7527
4414
1850
5029
434
6528
2270
4750
922
523
1577
5156
5645
7586
3475
2533
1672
3417
38
6125
2847
641
4270
3427
6283
2027
4932
5216
6298
1969
2090
2441
5272
3068
7992
5792
5004
1278
5798
5378
6342
2908
5427
4175
1363
5666
1547
6120
4825
495
3733
2757
4306
928
7144
2879
4033
2697
6969
5743
2266
4231
4950
2804
5821
4068
1181
3235
4770
828
2830
4235
6613
1434
2052
2840
7470
202
2322
5684
6648
6013
2624
979
5101
6749
2200
4713
6418
6331
1800
4344
1131
4365
6144
7982
7532
1155
7356
3590
6650
1089
989
2555
2028
219
7456
5378
7977
2648
3751
7958
2072
6002
3999
2526
7523
6519
1669
7892
705
3413
7834
2530
92
4765
1030
3708
7847
5507
904
4656
5778
284
1855
484
7793
5984
6739
5000
6362
1488
4372
6099
1511
189
2562
7245
2684
5490
2436
939
2466
4791
5066
2786
6731
2920
175
7237
1846
887
2421
6740
7069
6801
1915
266
7953
2341
5715
6418
1237
5819
102
7745
5326
7312
3373
3275
5070
2062
3055
1595
3508
15
4634
6115
5367
5816
1259
7038
5963
5030
2677
2946
1232
4731
4507
5712
7811
287
6717
85
2939
547
1848
389
5068
6498
4443
5942
6933
7684
7570
152
120
287
3137
5898
3328
1583
5732
3806
4940
558
63
7964
3020
7443
5083
6080
581
1936
7060
3683
182
949
3035
5237
3604
297
2769
1832
4137
1541
6665
7789
6363
4539
6252
2482
115
1911
2317
4155
5357
1272
6913
3924
2479
4033
3514
2071
2093
2432
6504
7019
4885
4485
7923
4782
3777
5622
2092
4993
2830
4768
5773
307
5648
1633
2974
674
4014
820
594
559
1389
