5001
5188
695
1058
1365
1579
1998
1786
2329
1686
6010
1522
766
5047
2383
1762
4579
336
990
3393
1592
5966
4054
4286
7796
3081
4252
5179
1832
4431
7160
5249
6239
1047
2496
3485
4101
2315
7834
6528
5756
4300
4634
1468
7871
7737
5815
85
7503
3102
7515
5706
4747
7985
6374
2466
7457
3346
5446
3356
2398
4579
5076
2386
6238
3740
4054
4791
3909
1413
2397
3010
5538
1586
2228
7797
1248
1896
5119
3630
6476
1926
173
3780
4865
1169
3956
1933
17
5660
5159
224
6921
4821
3151
6074
5870
245
205
2294
1520
1269
6433
6837
2342
3616
763
3172
5590
553
3234
556
7033
7771
547
2752
2138
7418
5218
2821
548
5012
6618
1142
2558
6062
4532
5165
830
1218
7032
4992
1696
1175
4260
6709
2303
4213
6385
4177
7684
734
4910
6826
254
1426
2193
794
7880
1908
1864
3241
3309
48
3652
7317
5859
2310
3291
7053
6214
7590
1421
3789
6753
1785
4180
7229
2542
4857
6034
181
4112
2134
468
7767
427
7497
615
47
7773
2059
4231
4887
4992
5676
3206
5647
2828
4653
4338
4730
2926
3727
6544
6624
5076
6592
2059
4664
6487
3611
206
4840
52
6670
5730
4837
762
7853
4373
1199
2969
5552
4379
5251
3777
564
5062
4330
6632
4152
879
3473
4132
45
7117
2113
2154
820
1849
1496
6650
5832
972
2384
3860
5928
7336
7451
2529
6381
443
3412
5176
3793
6610
1393
1815
5690
2570
5597
5038
747
7764
4979
7155
4396
7795
5019
32
3398
5379
4620
27
7475
38
7722
3595
4875
1247
4979
4515
7127
2745
1201
2735
6363
4871
6736
7379
2467
5298
4255
6974
5225
19
1715
5112
3133
6095
6337
404
231
7091
4002
5032
5564
3125
6542
3539
1510
4302
6041
1211
729
3684
4672
5611
6269
7174
3453
422
5893
1774
6903
5217
2669
6317
981
1984
5112
7674
5237
2714
221
586
725
4260
5352
6473
3032
781
3444
7089
1209
7166
5136
668
3156
1074
5300
7502
6159
1573
7606
2572
4750
6289
6094
3466
703
2075
3214
6447
800
1318
762
3933
6640
4052
2018
2644
1255
7737
1267
7400
2078
1969
6553
4361
1821
6141
5698
6198
7874
7437
3415
2014
5543
6753
5589
6565
1105
2912
418
5887
5147
7030
2183
6577
1422
6794
4403
6130
6012
4699
507
6977
110
5642
3265
3119
6427
2840
3117
2780
7406
4392
415
3261
399
1687
6153
43
6841
7021
5423
6676
7294
1301
2244
1903
431
3764
4654
6067
5958
358
3352
6842
158
4916
4778
2319
5764
2267
3256
5633
2225
4694
1262
3087
397
5029
1377
6795
5630
2411
1025
4900
6068
6929
2363
6576
6235
1399
3357
7437
7948
1450
4087
2146
3617
4328
2702
5280
2036
7360
7570
1739
13
2256
2276
2785
1363
5973
1616
5028
2140
7283
4019
7943
2652
7232
451
4958
5795
708
6897
3561
390
4211
2176
1626
3103
1119
6946
6095
3791
4265
5211
1547
84
6548
7856
875
3321
2734
2122
7371
5633
3071
963
2736
607
5664
5885
774
1422
4545
3522
7899
4696
456
183
6605
1247
4432
3106
6011
4585
3613
6114
1079
7407
2594
1220
4810
2823
388
7893
5491
2216
3990
2563
6481
741
645
5089
1697
840
3213
5208
6439
4297
2408
7315
7053
4067
246
3635
1448
5310
1389
5492
203
3974
1329
4428
7774
6807
2839
717
7942
6411
3567
3634
6842
1420
7464
7792
3904
4021
313
4615
2357
5511
930
5635
6018
1277
439
7354
2062
2737
3110
3750
4013
7517
1536
3758
4038
4619
2520
7121
3756
1781
3103
7743
967
1350
1179
7955
4520
3545
7662
5024
5882
1201
6077
7207
7202
7668
2477
4495
2039
3962
6769
3538
4177
2946
2676
4695
672
2460
1075
3068
1405
2784
5222
2831
7032
7896
3549
7771
1284
2172
6962
6786
4378
6257
1146
7765
1629
168
4501
5988
2710
5046
7128
7127
7791
3270
1359
953
4438
2677
3076
1857
6467
2166
164
6370
3447
2788
546
4245
1964
4246
3836
3953
5201
5347
7127
5067
164
4584
6977
2489
278
6586
5039
5860
1046
2288
3638
2993
3795
75
8
3825
6809
144
1568
1430
2932
6705
1003
3332
7775
3636
263
5177
718
6242
5918
2297
4898
6828
6559
3429
2821
7273
302
1169
7499
1515
7574
6126
755
3645
3976
685
2453
7085
495
7539
4705
4294
4146
3889
5162
945
1464
3910
5063
7613
3940
2095
2981
3717
6171
7033
5562
1560
69
5643
306
135
2519
3444
5310
388
3313
2767
5044
1818
4638
4357
218
1554
129
6284
1156
3593
1531
7377
6437
5986
3164
7551
5904
2715
7527
178
6399
2460
1840
6121
5067
1097
1658
7516
5164
4586
1390
7127
6553
3782
5747
1624
6451
1888
434
2744
1952
990
7470
6117
7505
1813
6627
7060
1787
3650
840
3353
7662
2186
2048
1472
4361
4623
5857
399
5311
5775
5984
1406
5868
3643
2699
196
3845
2913
3397
1481
7678
7867
6436
5373
3501
3157
2655
5124
7874
6973
5236
2369
5321
3876
1752
2514
481
4117
3758
2922
91
3828
4972
2707
784
971
4911
6616
1601
4618
5373
7657
4838
119
804
3048
5936
6911
5587
5464
5194
5035
308
2000
362
1599
4822
6965
5508
3981
3865
1275
939
4500
6165
6118
4653
6460
6479
4776
7549
220
616
6546
3997
3662
5884
6335
2744
5161
7726
5012
5375
7277
510
5869
3453
5260
4034
3940
7092
461
7686
2956
2377
6257
424
4412
5306
3008
2901
641
3350
3702
927
2584
2304
1682
2930
7688
4966
6713
4685
4519
6824
3355
3321
6220
3653
6435
3614
1181
3640
4919
3108
2131
7702
7894
6832
2795
3357
1494
644
6471
7742
4254
6262
2247
1007
6136
2799
2941
3794
1995
1349
6636
3391
3088
173
960
7240
2116
5341
5793
2513
1401
74
7786
6626
5804
7734
179
7842
240
5808
5661
3441
4787
7753
5964
5379
7606
4918
6590
6121
4497
3087
2996
3612
4949
981
6780
80
5106
4246
5221
1150
2888
209
4374
1125
3122
5649
5909
3466
1423
3819
6283
6676
4122
4866
1080
1637
665
3820
6030
7294
5885
5541
6005
984
7210
7215
4258
294
742
1652
2590
6357
3807
389
4777
6779
5085
3808
5563
7983
5028
6718
7854
581
1050
5625
7795
6237
4342
7573
5642
7851
1321
5442
7906
2458
4116
947
4145
5566
2507
3882
5627
4457
3400
3855
2930
5820
1607
6095
565
4724
6975
2577
7857
284
5469
2480
1211
4260
775
7317
2559
3570
1621
4476
4081
826
7187
249
1174
1632
3144
7748
194
3471
4475
5657
5687
2551
774
6501
3580
1673
7526
1640
7997
1461
7921
6098
742
2092
5400
1993
4807
2590
3933
2546
7198
6442
251
4034
5102
244
5113
3406
653
4388
4583
6693
5900
7467
6010
1404
3366
3080
1217
6558
3501
1284
942
1616
2992
1843
5048
2106
3682
6343
4796
2908
5424
7695
1084
7497
1550
727
6450
4090
723
7647
1598
7425
5934
1630
763
6390
2719
1828
4562
4186
5018
5610
4516
1325
6750
4459
3661
7244
2943
7521
2665
3079
484
321
5923
1832
5339
7570
5611
7597
6750
2044
1780
4392
2117
3279
2509
4902
4703
6229
7326
4633
1948
6410
3904
6772
5614
2521
740
4419
6936
7821
1117
1712
4730
4693
5016
1160
5030
7947
3124
7269
5179
5201
121
4648
5416
4448
4723
2
3055
476
4293
5671
7489
1245
3733
5472
1969
2735
2817
7422
5933
4045
6203
4004
7757
2721
6017
5923
664
2301
2945
4812
5198
6768
468
6179
3382
4200
5528
6158
7116
66
474
5384
1844
3893
4963
187
5629
6872
5223
480
2978
370
4211
5127
2642
889
7363
1151
4527
3251
1822
2462
4231
736
88
2100
210
5421
4506
7195
7872
3102
3507
276
4547
4504
5519
281
7551
1779
667
3289
131
1328
2193
874
1682
5170
3768
3518
5734
7841
7835
2074
3173
6450
4821
4728
5606
6904
6371
4032
3882
2768
6267
3432
223
7059
4388
6878
6485
6556
3189
4236
2910
2553
2754
2036
2709
123
5381
2455
7842
3392
5798
6445
1234
4389
713
4571
7507
4429
2680
3289
6234
3036
5933
5159
616
97
2087
2058
7989
2141
1266
4867
1196
3382
5295
6226
6184
4184
1983
7958
164
7465
7022
1126
2816
2787
3642
6095
4864
5653
3712
809
1284
2293
2931
2416
4530
5465
4281
3937
4828
4354
1543
2157
1807
6679
6589
5007
1875
1624
5121
1290
6458
2369
6706
7489
813
4749
6057
3707
6424
6529
5279
7506
7821
2127
7883
4801
7090
6676
6718
6084
703
3348
2212
542
7497
2834
1678
6321
7921
7369
5770
6951
7787
6471
6155
1174
6947
4828
6189
3043
300
3965
7145
4563
5332
5025
5217
1126
2835
3984
3597
7659
6622
2670
7483
2343
2375
571
679
3639
5910
356
7165
402
7578
5533
2059
7076
7385
19
6715
6586
2738
7731
384
1901
7273
706
1571
3365
6342
872
6024
4555
1316
2916
1901
3283
5235
3977
2494
6383
5871
6249
7494
4183
229
6824
4674
5217
6000
5182
4924
6
235
5188
6436
5774
5084
5962
7020
4778
5364
7515
2104
3567
6435
487
6253
4801
5057
6222
5282
6377
3830
2793
3295
1017
892
4269
2136
3693
510
5334
5027
6320
2197
2264
766
3833
6218
6568
4781
4879
2017
1575
372
4700
7388
4470
4084
4369
6977
2444
7245
5976
1348
5512
352
3078
7491
2654
2515
6479
2045
4204
4794
650
7290
6585
415
6913
246
6648
7414
4565
421
5774
2273
6608
6705
4351
4217
2591
6834
4704
4132
6939
2264
5763
7591
1967
2949
5700
5990
3426
5358
2153
7816
2067
7110
374
7835
41
3184
5098
2660
3440
6041
7343
3769
2638
1266
7477
6702
2749
3302
708
5275
509
7834
4154
1518
4569
6505
2591
7310
5808
4215
2049
3776
1831
3219
7161
5032
5235
5375
7432
5499
4726
967
4414
7113
6960
4773
4100
6208
3255
194
4563
2877
359
3650
5960
6276
2826
1260
6709
743
1492
7075
4623
4724
6907
5654
6411
6327
964
727
153
4100
3500
2195
2620
1296
2042
149
830
431
4690
3112
5105
4962
2827
5416
5868
703
1608
5094
433
2728
2876
114
2639
1126
2374
761
7377
953
7880
6059
5813
1653
7761
225
6069
3645
3740
7954
3125
2421
7245
4417
388
3356
2330
4064
1847
2898
6927
7752
4394
2909
5900
7552
90
1086
7601
5274
1141
6683
4893
2305
3817
622
5291
6772
1177
198
3082
656
3661
3333
7662
2655
7844
4780
6933
6806
1401
385
6991
1594
7404
3190
7916
7419
2321
150
4001
2645
6817
3944
293
834
4669
1403
5135
3673
3752
842
1734
4025
1647
7854
848
5063
290
7579
2033
6225
7544
4792
3604
2165
7405
5294
625
7101
349
291
6846
6777
1303
1880
7497
6845
6565
2306
6195
6969
3993
6324
3018
4582
6189
7275
6976
2730
7227
7974
3947
2715
4895
1568
28
6141
6774
1507
6599
2057
7532
5321
5330
1502
2380
7406
2626
6358
4596
1391
6183
3333
5619
2027
1864
2662
2822
6500
5234
1841
1433
976
971
5109
7212
6018
4255
486
5400
1577
7745
2601
1799
1145
2424
2791
2463
4442
1530
4864
6086
5335
6928
5539
980
4533
5468
1152
932
3474
2302
7919
4225
3753
6293
3928
3156
5723
319
3393
6144
3427
1206
5846
7899
3416
328
30
3973
3512
7063
6696
3144
152
1628
4209
6015
2924
1742
2337
4223
4533
1698
3584
7184
4400
4914
2863
6418
2537
6771
2658
7752
957
3646
1398
5389
4833
6343
5934
5240
3157
1682
6094
3836
6145
6152
2324
5183
768
3442
6516
6656
4801
180
4540
453
3123
176
919
4460
3381
6596
1244
143
622
6536
254
2014
2905
5392
7979
4881
258
7030
6399
69
5273
4473
2331
1242
4278
4070
984
7201
7772
1900
7498
4472
2179
7492
2674
6469
5704
1111
2012
999
6271
6567
7957
5666
595
3451
1050
6718
6060
788
5021
1690
6520
6490
1110
6002
3330
7983
3283
2111
2181
3543
5752
1403
3228
5433
2084
1678
7085
1634
6032
6695
143
3221
2146
1693
2061
1049
5862
4020
7385
6194
1733
4630
6738
3933
7580
3018
6083
5621
3683
6824
7920
6825
5071
7897
7984
415
1142
736
2108
6164
2901
735
6676
3069
325
2680
3331
3407
6784
2207
2467
4820
2761
3213
34
2311
6686
4235
4363
3097
1554
3126
6448
1259
4400
5939
3895
1392
1475
315
3731
4312
5931
1942
3583
4693
228
6307
6821
2084
6332
1678
2236
4682
1872
190
3194
5344
7100
397
7993
1983
4334
5418
721
5852
6100
3176
3482
4937
384
499
2181
4410
3832
3815
6148
1143
5761
3312
5356
3106
7636
4083
493
5925
1911
5418
1086
3694
1634
7166
6145
4551
4298
3455
4166
2299
3049
6638
3748
7254
5213
3554
3744
1456
1638
5989
7930
2292
7183
3024
1123
5853
2726
5680
2168
1244
7996
7776
446
3041
632
4419
6603
4441
261
4392
1486
4817
3884
3604
7940
5267
7094
5935
7533
364
4037
2559
418
123
4143
5972
1276
6341
6387
5373
7090
1501
78
1541
7234
7268
5381
558
4546
1735
881
5661
5728
7938
260
2585
7419
5167
5392
493
5855
3883
7599
4970
2282
7897
200
3119
123
7145
521
3454
7418
3603
559
2120
893
3975
4474
1501
6821
2743
1435
1431
5440
7487
6013
2450
7654
6004
2857
4894
6185
3309
4619
2466
5351
4192
1498
6547
6488
236
5425
1495
2459
7058
3295
6381
6127
6245
2936
664
4128
1740
3338
2096
6539
244
4602
338
6680
1347
3287
3311
7731
7744
7988
5700
4019
1293
7117
6390
157
2770
6820
3831
536
6716
1042
2968
789
5330
4981
964
2270
7513
4661
5298
4106
5237
3045
6992
1747
3633
6817
5037
4630
1478
7100
5966
1978
1249
4654
6393
5374
4102
4098
6571
6418
7677
7898
6806
7346
4192
6596
2478
3741
6132
5855
7321
5631
2184
5277
5920
6524
5071
3169
7673
3966
7068
7583
1623
7043
5865
2732
3393
6899
6997
3230
7024
7805
2676
290
1195
4173
4143
3466
1980
6775
2045
7113
815
4589
7007
7073
454
4561
1927
6363
4433
4623
6090
6077
6830
2317
5255
6940
3002
1743
7709
430
138
4073
6155
874
6814
6552
570
543
6898
1511
7643
370
7684
3906
824
2856
5972
7047
3967
3181
4739
3719
3785
2745
3753
193
951
2418
927
7631
3998
1538
5037
3700
3537
1964
3120
6535
5961
4091
7685
6999
6348
1147
7850
5458
4673
2017
2525
725
5446
637
795
1680
5456
3075
612
4197
51
4925
6959
7820
1252
1161
1216
6211
5247
1157
2380
3777
2972
1484
2607
694
2321
2066
5538
5651
2295
4367
3269
3793
1076
2738
2686
3788
1137
4352
1476
4279
6883
2620
2349
397
6672
1643
4336
5168
6849
6056
2185
1424
7228
7462
4780
2909
6107
6931
3717
6451
7119
6129
5731
1456
1597
7656
7126
6122
2439
5970
1985
63
792
3167
1042
5120
2855
7020
6667
5088
7414
5452
1771
2136
2878
6180
2478
6520
4149
5084
5090
7764
2391
5443
2063
3365
4676
1350
3541
1980
328
579
3940
1261
6138
1841
6960
7332
5272
4962
5469
1816
3163
5460
6290
4550
1803
4859
6606
6077
1041
3344
199
425
6860
7443
42
3950
6408
1419
3340
1959
323
3997
3284
3913
2121
6001
6480
4505
6527
4613
443
1556
4505
2354
4342
3006
2933
6637
2775
3041
984
4999
1118
6113
7416
6777
5572
7433
6147
1918
2846
6974
6524
7590
7523
191
7598
32
293
1397
4969
2350
304
1579
95
155
4458
1129
2310
6719
6424
2611
7222
266
5310
4311
6264
7205
2014
7881
4049
5992
556
6148
2163
5066
157
1631
3296
59
5030
1227
957
6693
4052
1547
2164
2482
1152
1063
241
2775
7872
887
731
907
4026
7687
905
3853
4264
7379
7010
2848
5558
655
474
4232
882
7715
1115
1742
5968
6872
3035
3715
2505
7991
7720
3003
6448
1681
4112
6661
5401
5824
7455
2953
6055
6063
5218
6790
4085
2557
7983
5928
3034
6076
5879
1967
650
6745
953
5197
5180
3362
6161
1798
5644
344
6515
7664
3531
3777
675
6169
3711
3155
5423
6117
4504
6463
5981
816
3595
2691
1226
6016
2141
2220
565
7606
7834
1980
4372
2486
3691
6112
6372
4337
2295
3201
7231
7044
4658
1353
3462
742
4901
1003
6675
1195
4150
743
3156
7005
6287
2939
444
3922
5051
3829
7389
4367
675
3058
6148
2286
405
14
2288
7918
2094
4773
6619
4478
3417
6486
7973
1263
1046
1479
6425
225
4205
1258
55
758
1074
1347
2986
7690
5674
6074
5095
5909
5279
837
4668
3581
3915
648
7974
3620
5355
5414
2502
4462
7135
2663
676
1939
5901
1143
121
4422
6034
1021
4884
6677
5040
1961
225
7898
6145
242
7009
6994
2187
7545
4156
7645
5660
414
6875
3404
4340
7986
6567
5452
1775
1780
6028
2123
1707
1314
1904
6391
652
5140
118
3980
6038
779
3825
1960
7318
4596
4363
4666
2762
4489
1367
6003
7202
2696
6141
7922
3733
1291
25
7171
4340
6881
2976
7445
4468
7462
97
2348
3506
3700
2604
1744
5138
7447
136
183
5545
519
6961
7841
6026
891
6572
7495
5230
6084
1096
4690
5867
7728
206
7789
7037
1799
355
421
2185
5749
5592
1070
5325
2014
6270
7839
6782
7539
3309
6565
3049
4600
4511
713
4608
3711
6203
7276
5471
3837
4637
3684
2801
3368
2889
5957
6956
6437
3771
2340
1907
5016
6849
4949
6872
2181
7265
4176
6110
279
7075
3132
5006
5175
4882
1101
4288
424
816
6535
7698
4907
1737
905
2087
5261
5404
7994
5751
5892
1059
773
5184
5224
4823
3476
6439
3295
550
975
5709
7499
7585
7948
2474
2023
4406
4739
4590
6832
1449
6790
2572
1347
2341
6434
5018
245
2547
3662
7117
2827
140
1131
5181
2837
2358
1113
656
4064
2479
3699
6520
3170
4800
1050
547
3155
162
4414
6043
7927
5317
4943
4515
1885
6061
4129
7659
330
3012
5732
4790
5522
6576
7602
1238
4716
2695
2877
6595
3869
6798
2745
7812
1889
4446
1011
3643
5391
4257
1531
2796
7334
206
1942
3718
4361
2838
6828
72
4271
6495
4182
879
3387
6995
1829
3465
6712
6391
6357
6241
5987
1041
5403
5860
7534
6688
5858
7071
857
4439
6624
3958
301
3410
1937
127
4185
4981
1297
822
7501
1720
6614
2881
5275
807
422
4401
3232
4254
3232
5959
1860
1054
2441
3502
3488
4984
4445
3336
2764
1374
4179
1821
3740
7329
1201
4022
1361
1266
7185
191
4370
4848
6094
2427
5167
6060
3530
7175
4366
1613
5641
892
2759
2168
6101
2488
4361
5128
274
7677
2901
1056
3353
6617
4434
1412
4503
2066
5090
573
642
1062
2223
2495
7816
1624
6614
7410
4144
4908
5055
56
3078
1088
3317
134
6161
3591
6290
2060
4665
5704
1343
2232
6151
5004
7731
4154
4049
5062
7943
7116
3311
864
862
6660
7363
3244
2406
5892
2103
6995
3995
3670
7733
4451
1485
6863
1871
6006
6540
6762
1456
3307
5664
5973
1938
444
2995
78
3553
1250
5041
1803
1499
1038
5430
883
1932
3751
30
1436
3691
5624
1675
1188
106
1240
1844
4309
6120
4976
2963
5665
539
5411
6153
3364
581
7860
2851
2183
2736
6315
3713
5167
7212
5923
7989
1063
444
687
2233
7181
563
4459
3917
858
5658
3607
7866
5045
6501
2799
5379
4550
5526
4864
6503
5678
573
5763
7904
2618
2767
7918
7103
6841
4568
4894
1944
2268
6014
1643
1178
4957
2662
7859
7449
427
6589
7520
5911
4011
1677
7440
795
725
5073
159
3692
843
238
1938
4773
1518
7843
2529
6012
2550
747
6575
6165
5616
5534
5983
6237
668
7840
796
2978
7725
3783
1861
882
2423
5755
1186
4232
5543
1311
7740
284
1293
5547
1856
6951
4633
3790
4760
401
4843
5272
1277
3189
4966
975
6544
1464
356
5209
6251
1009
3649
3807
1263
757
7465
5069
92
6117
5573
2904
5432
1465
1487
5450
6051
4938
7901
6735
5995
3031
5503
2167
2628
993
6019
1357
6811
2550
6216
4945
206
4000
4426
3608
3032
2404
5438
7129
3620
591
847
2478
3437
3433
5168
5718
2922
6056
7822
5435
3228
6659
6712
7140
98
3574
5438
3356
349
7981
6483
6248
2136
1581
1321
1500
2373
2688
5556
7552
7499
1657
3787
7215
6354
6930
990
6833
4590
212
5041
6697
2384
2322
4888
1153
3109
7784
1000
7559
4799
5679
2520
7290
6521
1528
795
2035
7851
4765
6099
1275
5318
7796
2911
6413
1077
2601
2217
5464
3890
2911
1793
3132
5320
3777
2237
7883
1859
7078
783
1469
2190
2189
2967
1360
4444
7868
7924
3703
346
4563
3483
4048
2650
5663
4358
4469
3602
4052
168
6496
1765
2149
871
1614
2341
7312
6124
4187
274
7994
3204
377
2788
354
5213
678
7445
854
415
6276
509
1476
4695
7950
5224
6010
1920
6896
2446
3009
7946
2051
813
6886
1867
1286
729
2103
5418
4574
5893
1454
2468
6125
3606
7473
6353
1474
4801
5054
4028
6302
3390
554
2267
2253
514
1707
2515
1425
141
88
2003
6232
6726
4644
2707
4128
5076
5336
5622
5677
2393
851
3941
4772
3822
3246
6011
2533
4582
1397
1931
2676
6723
6428
3966
1344
2569
5839
7657
5144
926
2802
7829
7930
5739
5966
6780
1870
5053
4138
2333
3413
4831
1896
5640
1765
1153
2274
7066
2111
5515
6644
2883
880
6278
4499
2856
5982
3587
5686
7276
4613
774
4393
3542
1192
5410
3040
942
7467
3968
5495
6854
3834
4789
6719
106
7590
2020
5417
7725
7399
2025
1690
6188
7225
681
1507
6000
6287
6027
4233
6157
4360
1591
404
2131
2811
2720
539
3416
3539
1976
709
619
1577
7647
1384
6208
3789
7089
3486
779
1237
7557
5439
4422
5421
1026
393
6151
4389
4646
2973
4637
6087
4586
3315
3246
3176
996
7314
803
2852
2376
4831
2959
1682
3655
5161
4504
628
3759
4576
4151
5367
2544
4881
3378
2924
3715
3484
2846
4915
5986
3852
4738
3988
5190
6880
4404
6442
3062
171
5737
3461
2971
4117
4858
140
5235
4816
4559
239
1008
331
402
3528
2869
2323
6334
6237
1854
6968
6834
5756
4243
6121
6731
989
2671
7414
7206
6462
4749
1576
675
4983
4973
6033
3322
5147
3263
3882
6854
2553
6818
2418
5507
1524
7876
5955
7916
6504
4782
4329
4179
1282
4642
51
4882
512
687
6122
4462
4864
4530
1134
188
3139
3176
6905
3110
4646
188
7366
3528
6378
4649
4922
7570
2907
1648
4773
3726
3254
3058
1798
2076
7506
5652
3665
3145
1478
32
5903
6977
2313
6478
7563
3811
4921
1409
5059
3328
2436
1017
3471
6128
1052
3894
6717
6772
7888
7943
6169
4557
1089
6581
1494
7716
1329
2587
4772
3985
5390
4832
2707
2365
6284
612
6679
3459
7811
3172
1860
5102
293
4895
6269
2689
494
2582
1429
1297
7708
106
5401
1745
6027
6586
7937
3558
3772
5076
1435
4906
2031
5374
3857
7417
1297
5743
775
346
4040
1594
7162
3437
4671
2732
4058
1153
300
2379
5174
4016
4007
3524
7488
5672
5657
2771
4016
4589
872
7508
4586
7446
7736
7717
1630
4158
2587
1357
7684
2612
7533
3788
4070
7005
322
2294
1419
592
419
5877
416
3108
1714
3036
5605
5245
5047
487
3838
6963
6139
508
7094
5327
6579
5871
882
887
3904
3887
5448
3951
5549
4420
6039
7365
1745
4328
5711
4658
5164
5816
890
3222
1512
1276
3324
4801
1046
7270
4289
3304
9
6282
1688
3706
2097
954
6336
6773
2567
7309
3806
295
2145
2
4291
1485
2317
3906
26
5061
3983
717
7660
1185
2786
7743
2344
6435
2835
7257
2654
3004
7924
572
4303
3739
7361
2692
3535
4141
2769
5105
7767
2589
6040
545
3731
3010
4040
3819
3110
3855
3619
1132
5647
3905
4113
6172
3102
4493
5736
1726
7033
3743
3363
6546
5597
4043
6206
6046
7507
2875
1579
6564
4505
3051
7029
1116
1593
2247
6559
2137
2980
4885
4583
364
5025
1561
4129
7815
5867
5525
373
6093
3598
1664
6934
5200
7331
4692
1902
5182
5580
5008
5977
3977
5041
4921
363
3470
7632
3836
1515
5964
6491
1787
2592
7825
1679
657
4980
3552
2933
3965
1904
4611
5687
5278
6758
6415
5131
2881
3401
6913
7476
4447
7499
6434
7169
6013
3707
1351
5514
6455
5611
1787
1668
6879
5325
547
770
1751
1733
3684
6173
3725
1445
3239
4373
2392
2844
6587
6459
288
6688
7197
1020
4768
424
635
4599
6850
2710
6402
6522
2945
2180
5448
2672
4055
6601
299
1984
4422
6869
7473
2526
5991
3879
2439
6673
732
1459
1261
1267
7675
1749
2033
984
5761
3610
250
4751
4915
7401
6022
7445
1373
6931
1715
5015
6670
5762
5981
5975
7401
4883
2097
4302
6763
2332
6841
3806
7256
559
97
4333
7833
463
1056
5551
7618
3777
6504
3096
817
4293
512
3913
537
7486
135
5493
5792
4445
1700
316
1642
6166
623
3370
2244
2959
1232
1539
7668
604
5925
5623
4259
4667
4228
2752
4806
2456
6583
6894
3159
1494
2739
7529
1717
2409
2795
2905
3986
2267
6286
480
5032
870
7241
1223
6147
355
2770
1141
5787
5848
4487
7195
2342
7513
1250
2077
3203
6481
5667
1144
3080
2149
3098
7231
376
7587
6753
6895
2535
3924
4563
110
7679
4346
6981
3884
59
498
2047
6465
77
4642
6576
5982
1003
3237
718
4530
3070
5871
5630
5275
2466
5992
3828
792
1835
5015
181
2331
4192
4045
3997
1899
1409
5121
5194
3080
7043
4682
3699
3128
6901
3151
838
7777
7914
2495
3239
4604
6661
4402
3104
2153
2028
5725
1719
910
1000
2896
7314
1659
4509
774
6227
506
6181
7368
6092
6846
1993
514
437
129
2155
3284
3064
4704
2622
2645
6738
792
473
2406
1433
2009
7052
4767
5638
3080
767
4922
7256
3986
6622
1777
1000
649
4583
455
5743
5773
7586
3100
7067
2795
4400
1824
3525
1025
4851
419
553
4328
3898
4279
80
692
7507
7869
2505
6822
3433
1579
6076
5143
7539
983
1302
2079
7383
2822
6887
7007
456
5301
2402
2390
544
3866
6600
6831
6499
6484
7478
7653
1829
3281
4125
6206
5292
134
6237
143
7190
7688
7243
7362
6162
3910
336
570
5082
3150
2238
3604
5355
3507
5630
4833
5239
5303
6777
2918
3412
7058
5237
3843
4418
6964
91
6528
3015
1345
5172
5946
2497
5810
256
1850
6173
7927
2333
1910
3111
542
556
7625
6106
5089
6078
5993
6082
6613
2385
4148
7864
2332
1802
5837
2955
4946
6900
560
1283
952
6594
1765
1253
1742
6494
1455
3990
5875
1773
5529
4960
5480
7731
2637
1739
3517
2832
5320
6725
1297
2210
5878
7219
3226
193
6222
4382
7736
2745
5904
5731
7105
7811
312
2242
1782
1901
4856
1021
3149
1311
1867
6025
6369
7880
1120
409
7298
6073
4524
4080
6365
4817
7536
7258
3537
7018
6369
7078
5714
677
2018
1561
4237
7132
2602
4391
6477
2019
4307
1732
5067
3130
4578
6034
7842
1269
1725
2888
6463
5482
188
3279
427
7892
3537
2164
907
6929
2629
4369
809
650
7906
7967
3569
7411
4555
7108
7461
5739
6088
7681
5159
3521
1176
395
3017
2792
6486
7990
6341
2614
3104
4985
7289
4068
4490
4517
6467
541
739
7752
4567
6948
4843
5064
4025
3836
6642
2199
5653
7630
6648
4412
397
2726
7543
4487
4771
2884
3523
6159
4837
1945
3585
5981
1067
6927
3508
6794
3353
7620
474
2180
2452
3928
7983
3486
7072
1834
7520
4293
4829
1153
2157
3827
6948
4343
653
7139
4341
4260
7776
6288
1210
1759
4530
3769
1782
4854
2553
6309
7529
6195
4263
3466
925
6022
4087
3815
5445
5581
3271
129
4475
1890
942
6279
7537
3526
603
620
4356
7477
602
5365
2204
1333
7876
1087
2934
6351
1621
4514
4218
1606
867
1422
6533
4691
7246
2227
6229
2606
1525
1309
7148
6715
6763
6962
4543
7160
2812
3785
3418
2873
7673
7926
5019
6119
7244
5955
5886
6406
5276
4313
4479
1776
4516
1357
5315
2651
7321
5012
2550
5821
3112
1989
1379
281
3563
5713
4980
6835
3242
1868
2701
5992
5311
7721
7427
3069
6778
5138
3041
63
2685
5603
1519
7038
3669
4725
1901
6422
5083
1861
1366
3369
2472
4115
4553
2432
6904
6081
2104
750
7921
6837
1188
3636
518
7746
4402
1921
227
7934
3221
7575
714
754
2187
2548
4750
1367
1593
7703
6586
896
21
1026
1971
1778
5624
95
5415
592
7425
4348
747
7400
6987
2048
4754
1665
3367
5200
7330
3863
3347
3132
5070
4172
6345
1726
2318
5781
6737
3334
157
2471
5130
2547
2319
4179
4330
2090
276
7514
1002
4409
6080
8
2609
6949
3096
119
5560
5105
4138
569
5528
1700
5287
6803
6394
1231
2010
3145
7025
7016
7037
3335
7568
3331
7990
237
4507
7504
4214
1316
1713
6328
159
3709
2652
2703
6042
1173
2275
3050
6725
1094
1377
5362
7773
6796
2119
4350
2440
5445
299
291
6038
917
1734
2354
1660
5313
5461
2324
6567
5067
1171
3356
7636
1925
196
3570
5812
3246
761
626
4328
7495
5851
984
7756
4699
945
6185
6438
3410
7804
5003
3713
3000
367
1951
2665
6318
5042
1712
2305
5601
7108
2189
4287
1482
5113
4575
5298
488
2867
2966
1072
5015
581
4657
4627
3166
964
464
3332
1961
4406
5378
1870
6833
5618
7073
5855
6163
5319
199
7590
7608
5946
2293
3312
1985
2797
5960
290
1369
6067
5137
2970
