6761
3332
2566
3983
3912
6345
7995
5421
5960
4205
3021
1642
7314
2292
7562
2127
3939
4526
6123
625
1728
5888
5578
653
5656
2617
5234
5895
6389
7398
1102
5692
5641
5968
6231
3450
638
7318
7369
5630
5207
1922
6130
6922
4076
461
57
3294
7492
3927
1427
450
3183
3208
5608
6366
6806
1264
6972
2470
788
3454
3505
6530
7262
6254
1991
7626
3057
6944
5613
867
2970
4293
5356
7544
3697
5589
3439
5365
7097
528
5856
1062
6965
781
4194
4129
7755
5510
790
3785
1929
4655
1047
6467
2071
2426
3420
906
5502
2619
5484
2492
7638
2739
7361
5233
920
1493
5061
3464
1447
6839
7640
7697
2055
7804
881
6451
2854
283
6965
5029
2616
1204
6653
2287
7078
7525
3019
3537
1392
1374
7864
7342
7341
4438
1985
5262
7997
4948
4529
7439
4925
3472
2147
4894
791
3469
1668
286
6772
7971
2288
7021
5136
4869
7301
5511
2780
4534
4750
1468
6362
1743
313
1672
7249
6581
6909
1705
6015
72
5406
4887
7744
1805
213
640
1755
563
5503
1754
1337
5663
6337
2719
4697
4888
1517
3809
2913
1691
7571
1011
4039
3159
5315
4878
2463
306
2725
4255
2102
3181
1663
4137
748
2012
7163
7682
7756
6568
3036
2713
285
1572
2634
3523
6733
2817
5779
2250
4944
63
948
943
5005
4674
4291
6245
5889
3609
811
7865
3524
5151
6637
3552
425
5422
2418
5630
7534
2216
4403
5793
6952
7278
1772
189
6619
6226
305
4265
518
1240
3529
3809
5816
145
1391
6498
4484
344
650
6195
637
3697
2007
3144
4512
6119
7653
6868
5328
979
5436
60
1105
4938
1765
1046
2778
7130
5474
4746
4781
4746
5659
5328
2387
7320
7763
6332
4719
710
6427
6486
6395
4620
2879
7558
2146
3650
7313
2753
1426
7996
1137
5865
3008
2821
724
4322
4288
4108
794
4601
953
2160
3282
2823
2878
7835
3838
224
3038
2802
2417
7870
3256
6132
640
15
1559
2449
6840
6622
4546
5352
5907
885
1698
6384
2795
3399
2775
4953
7166
5192
1256
2490
2041
4537
3028
5841
2353
5234
3661
7766
6111
6361
5150
5099
6249
764
3851
1076
2219
1493
1246
6796
6296
2944
2122
3391
886
1627
2151
4606
5592
4028
4193
6653
7156
4325
440
2737
3187
1664
2013
867
6547
3628
3491
99
4147
2506
6196
5371
1310
4843
2435
6789
3015
3124
5825
7125
2054
3623
3496
3316
1526
7247
3559
4105
305
5475
7036
4913
6322
2182
5611
992
2707
5531
6067
6243
2553
5748
5125
1067
5355
7834
2009
6300
5963
4660
755
5656
3603
6387
7288
6349
2543
7128
1599
6541
7779
7985
6988
5732
3777
3696
2401
4070
6072
5244
4768
520
7212
5837
7923
6636
1565
4438
820
4438
3114
2885
2514
7016
5051
7500
80
5292
4481
4145
7636
7246
2362
7738
7705
7036
6510
6143
1104
7427
6958
3702
4410
3196
1101
6220
6396
7100
1439
421
3503
1108
6203
2143
7544
1163
2514
319
6940
2048
6233
7523
3188
3214
5386
4974
1621
7755
4664
5982
7429
5557
4711
3307
1691
187
67
1903
928
842
4432
3938
3780
3404
3915
3288
4946
5072
3710
7423
6571
634
4608
5344
2624
6572
1875
5018
2511
5912
1881
6151
6240
7023
1356
2942
3180
4871
5216
854
235
1033
7922
1727
111
4213
1152
7030
1923
4674
1780
5808
5331
2702
7586
901
7676
2351
2112
3977
7593
5603
755
6723
235
6980
384
7385
7403
3768
237
5895
6055
5037
1637
3223
6886
5231
6073
1676
6621
7175
4801
4291
4458
1220
3334
1051
7405
5474
355
1580
6239
295
3976
6413
2338
5417
505
6717
3514
3453
4436
767
7875
4768
2772
2124
5198
3157
588
7863
3514
6396
3954
7400
2731
4509
593
3563
2297
4123
6935
6598
3803
1484
2347
6833
2474
4610
7665
1615
4919
1936
5156
3818
2027
217
2742
1927
7039
4818
6615
620
1585
3192
2029
7394
6089
1466
6080
147
6322
6094
2728
5500
4087
3455
3032
5096
4996
5348
1635
2841
7273
3570
7804
5018
7523
7891
7873
2890
1418
4665
4194
6121
5491
4106
5146
1143
569
7391
4560
3849
2336
5305
1932
1522
4067
7808
6617
2026
866
4004
2369
5771
3072
6981
926
2468
6470
1493
7006
293
3029
1886
3891
5080
4592
1493
4606
4526
6830
1265
6023
6286
6076
6133
5560
7401
6048
2487
761
2667
756
7882
1581
3037
3895
4005
769
4862
5521
7280
6282
1496
7422
3510
2724
2821
5074
1184
7657
4314
7631
131
3477
4374
6135
2179
1624
6689
5671
3674
4852
6099
5634
3479
7753
6206
2727
3127
2321
6024
7637
245
2654
3135
3661
2471
6697
1989
1202
4275
6493
1057
6698
448
1468
1742
6896
3283
6588
2493
4878
2675
2718
669
2123
3475
477
5084
7526
1169
5209
7988
6996
3989
6342
4127
5536
5144
2396
2974
5621
7331
16
1750
6693
2042
3177
746
6510
501
1366
1065
2049
1445
7092
443
2835
5561
2380
6163
2403
1845
3291
512
7124
4830
7708
4607
949
3153
5044
5409
5007
1498
4809
5513
3878
7782
3041
7447
5543
4132
1883
5653
4695
6246
7071
5157
2880
3717
6727
861
2963
4739
4548
7715
2946
4945
5017
1655
1131
6141
2420
639
2837
7021
523
1471
2427
4448
6070
1115
5085
3501
7444
4732
5388
6922
93
7489
5021
2566
6550
7790
5230
1984
1749
1154
5911
3721
7802
689
5035
2896
2092
6805
5062
123
1208
1590
3152
7758
18
7366
7151
7999
2767
948
1503
4938
2327
2353
5422
6152
6628
1896
4973
5491
4151
3991
6974
609
6142
2045
3023
6081
1905
376
5411
6739
1770
1517
4264
190
4529
7887
4220
6479
4105
2084
2493
4800
5278
2719
5051
7305
4560
7946
4632
770
4000
2774
4581
989
1303
249
1177
5002
6670
5279
554
4488
260
729
1434
5193
6459
6707
2749
1578
6037
7734
6136
1770
2461
1777
6219
2578
2570
5208
751
3835
359
5087
3437
4809
2060
2882
7964
2300
6286
2098
6730
2338
5989
6723
6969
97
6242
4481
1807
5914
2070
2881
2919
637
2962
7554
2052
2584
7482
5365
56
555
256
6846
146
3711
2741
3978
3254
5912
4590
3342
338
5758
6444
1850
7244
4776
2108
5331
7837
5191
7737
2236
3230
2249
6815
6758
2344
6807
1291
5416
1121
7692
4884
7061
6269
2593
1034
6062
3947
61
4681
5741
5690
6808
7687
4310
4625
3250
6382
7573
2693
17
3151
3551
3438
3879
3984
633
2452
4202
1029
6002
3945
292
3633
3671
270
6632
1481
327
2537
2501
7367
3482
7325
430
4596
6489
1407
1112
7805
1125
5351
6483
1266
581
7661
125
5885
4115
3483
1087
567
7003
1146
4264
984
1528
3680
7139
438
3181
2009
695
2765
3924
1441
1189
463
54
3308
6783
4092
6337
7320
5042
6980
4518
2163
6659
3508
2926
1745
3618
4475
5424
354
6847
5467
6031
3632
2199
1147
2356
3325
230
3024
7106
3492
2593
6637
2213
7638
7172
3191
1353
999
2255
3479
7446
47
5966
3771
5806
7862
2529
5746
5660
5547
6594
7284
4814
4749
6570
807
4910
5531
3991
2145
7796
604
6135
5213
2919
4194
78
4899
4296
4714
7880
6189
4148
4294
1845
5345
6983
6871
1011
5041
4442
6718
5712
3707
1450
6683
6053
5613
3082
3458
3768
2985
4459
6297
7946
349
7208
4953
1853
7544
4426
6236
2721
7861
7289
4882
739
6834
1939
832
7922
3050
2117
924
6057
4388
4418
2599
2539
7256
6319
2278
1197
5706
7580
3374
5622
7973
1690
5311
7242
3773
1194
3497
920
4806
5132
3220
1865
1244
1168
5742
7669
5285
5955
6873
5329
4871
5089
6460
1791
178
3214
3579
1334
1591
6067
2340
2312
3501
5433
4063
4011
6975
5579
6120
2762
5695
6036
7506
3317
1648
776
2380
1850
1348
185
2156
1751
6750
6069
6897
7069
142
6091
5658
2792
1665
4151
4997
6426
6403
6616
6116
5946
5864
2019
7428
7166
5009
5824
125
561
3340
3199
3854
5355
5579
4292
7955
5080
4380
5432
3247
6
3444
5532
6051
5675
290
1914
1536
3140
5392
2889
4311
2870
2760
3301
1928
1032
5614
1098
6612
640
2176
6823
4775
2605
6479
5465
5407
1625
1573
322
4623
4825
7804
461
6460
3368
2436
976
7269
3833
3207
2055
5868
4899
1302
4369
1108
7350
1038
4862
4989
4757
3444
5333
7311
5362
6022
3074
1069
2178
1983
5684
1001
6086
7922
1178
3311
7883
595
5840
4464
7994
902
3062
1552
3358
4579
2275
1895
6541
3303
2925
5522
1720
4050
4572
3691
5666
6910
423
5374
3970
5036
6702
2905
3998
1469
5924
6789
6308
2596
3808
7858
7226
3978
4966
4869
7928
7365
4799
5626
234
3146
777
6891
4077
1862
5306
6808
4620
2058
5285
6487
2783
4943
7714
4289
7557
2226
3189
7684
7458
5111
5171
820
6238
2119
3846
733
1220
625
2174
4877
1420
4593
3303
6496
4551
2538
264
5636
2183
2598
1299
2217
7883
646
7151
2559
250
4830
1666
6150
4397
6146
3132
1281
6826
6237
840
1141
6836
7464
4543
6563
1153
4364
5375
616
4678
4255
2818
3957
6353
2042
2600
4288
5122
7515
20
3050
5633
3203
2652
841
7734
7775
7133
111
3604
6547
7184
568
5501
3436
3596
1371
2696
6665
2665
5135
5749
5585
3092
4044
1731
7996
972
3280
7640
4487
7881
498
1015
5770
262
3276
7216
3557
3772
1220
4999
5032
6609
1483
695
2968
1269
4642
628
4085
7685
1815
1045
5497
4295
6959
6498
4114
7461
2745
6414
7207
3968
476
6641
7822
7970
7152
5367
6502
5386
7872
2901
197
6719
3664
5519
7467
6504
7986
3494
4777
3738
7573
1159
6380
7174
2548
6983
5088
3593
2415
7158
4766
6148
2145
3280
6949
2746
329
2495
5269
4307
2909
1287
7191
5355
4613
5727
1309
7245
6481
6605
5353
3015
3682
1867
7842
7845
3360
6856
6596
6300
4219
2530
5926
7996
665
7242
1621
4196
4586
6788
1540
7292
5705
7358
5454
1737
4919
6590
53
739
6577
6897
2602
7202
7991
4978
488
2082
3973
7549
2941
7528
3341
3035
4939
4233
5716
4234
5066
3933
6299
4263
5674
5933
4145
3016
3982
3927
6033
905
8
7488
7821
554
20
4714
5012
1402
718
5837
6977
3233
5349
1908
7441
6602
6132
2441
1560
5723
7204
4511
5347
4199
2604
3146
7290
670
2746
607
7963
3369
5811
6903
5927
2248
6932
751
1725
4386
6748
7242
833
3084
7121
1588
3700
5679
4618
3467
3841
2685
4339
3091
4835
6548
2006
5349
3439
367
4487
2951
771
2120
94
7423
5126
5289
7338
4961
2521
3678
129
2549
681
4649
2359
7194
1477
140
5087
6882
4353
1060
3384
3916
5391
4040
4368
1393
3084
4272
7217
2093
3863
4135
1719
7487
1290
1854
3103
4219
6592
7141
7025
4190
2841
198
2162
7385
6773
4088
6035
451
2006
3573
7414
3110
2189
1728
3371
5830
2173
4669
1938
60
2386
1629
4946
5549
4436
7882
1694
5374
1593
1028
2928
7869
1834
3917
7319
4290
5544
1227
6718
304
4411
2971
2973
830
652
962
852
4554
5066
1607
1278
2652
1123
7995
171
2888
5017
4072
6202
1112
4716
2892
6084
7235
7908
5347
2361
3253
1456
227
6502
2327
2663
7476
2237
5500
3661
5480
458
2738
469
4554
4765
7639
2423
7820
6909
1910
3111
6807
6128
1382
1476
6350
4387
6652
3397
6293
3036
3591
4493
2801
7306
7071
3735
2267
7907
2643
7269
7133
3387
4251
1151
3106
3063
7200
6287
4267
7580
2945
6898
2809
6754
6285
1126
459
1073
4823
3412
6327
7237
206
4926
5532
4373
7229
1776
282
6518
6514
327
2084
3625
2626
84
2600
7578
4278
4919
1949
7540
5473
1937
4859
6823
1283
6218
2329
584
5720
252
7987
7029
6456
6025
4392
1516
4061
1342
5263
2328
3368
4146
2042
7671
3593
4856
1956
7633
2316
6374
7813
1540
5246
6726
6344
5717
433
729
4878
5242
1901
3794
372
7851
4918
7214
7331
5317
7553
12
5
5561
1532
4675
4206
2017
7768
4968
6491
6160
7195
2003
2305
4630
7234
141
7541
2541
6100
2261
3992
696
3018
2758
472
2201
3855
2729
5830
2701
970
6215
5363
6912
6528
1653
1268
5202
449
1856
7288
5536
817
5820
3649
320
3747
2478
1225
7525
7142
2513
5961
1794
1458
310
4560
307
1337
660
7603
725
3124
6955
1193
5360
3869
4360
2340
28
2482
3368
1122
608
121
3754
1575
3604
6353
6486
1920
1985
346
6732
5357
1034
6046
5224
6377
7798
2586
7089
3344
6350
7129
1100
5480
189
3563
2083
4072
4256
2162
6024
7672
2561
13
1266
5917
2925
7178
4525
5352
1224
1910
6852
2503
205
2366
695
71
1706
825
1193
7895
1051
3018
1700
884
3085
1847
4332
5030
7292
4852
1836
1520
3768
5458
109
1643
5913
4330
1544
2935
5111
5037
4369
4207
47
230
4010
3380
2269
1336
1453
7948
456
4320
2772
79
3199
137
3601
2107
1437
5856
7653
5532
372
2983
3636
4075
4879
6055
7999
396
1916
6958
974
1940
5148
3560
6972
1796
5042
1593
6023
6277
2128
5085
4953
5794
5396
3520
2107
5423
2265
4135
616
7569
1023
5861
4306
7995
7707
7954
3445
6468
1013
5607
5825
4213
5328
1669
5985
3968
2815
7698
6416
7412
1615
556
43
3494
2458
5731
3809
240
1773
3568
2187
3580
2044
2785
2654
6002
5558
988
4135
1754
5372
7622
4355
4887
6139
7801
4993
5123
1899
3812
1260
1523
3749
59
4276
7088
542
2217
3361
7086
7358
472
1409
1316
6649
1644
2951
4536
5893
841
4364
2275
2030
5574
7039
1158
7320
141
1017
6625
5462
6212
1893
5413
3359
5174
7019
2389
3247
4094
1828
6502
7808
5243
285
2945
1246
5764
3241
3665
1355
4254
4243
2309
2502
947
318
3021
6090
52
2930
3580
4014
5349
7118
1497
1169
5008
3562
3339
2550
1618
233
4898
4570
5295
2637
1082
3070
7739
4096
7409
3418
5269
5063
7281
2897
3884
2362
1695
916
4172
6586
6154
5450
1440
5955
2776
5373
2921
1031
7671
510
5869
911
2393
3280
3720
2348
3443
3967
5972
1935
1105
6958
1959
4989
2680
6658
3566
3880
1960
2640
7079
1999
4155
7313
1118
5650
387
7440
3982
6834
5156
3955
6250
1966
472
910
3999
7427
1766
1911
455
1295
1270
1647
6977
7004
5707
6243
3244
671
5757
3522
7801
7555
5801
5293
1852
3368
3772
4606
1971
6654
4959
1203
6260
5326
7467
2187
4842
3723
3716
1147
2932
2149
752
7772
6311
7471
7173
4509
7644
7237
2505
1926
972
1470
6555
7771
6697
2803
5678
6342
5880
3970
6109
7493
6075
2432
1003
6576
7549
6555
3093
6463
982
7090
4599
5160
2370
2381
3779
2981
7011
6348
6664
362
3769
7583
7618
5701
2323
6624
5196
3157
4039
6743
3976
1433
434
4640
7435
3962
7111
4191
5404
227
5360
4851
7431
7563
6573
4402
1863
5147
1063
3028
5105
7089
3828
2413
7335
2754
7616
1440
1749
2525
7895
1675
5837
6919
4283
2379
4614
953
3739
1828
6845
1591
214
3552
7260
192
5477
3784
3255
5566
4428
7779
5599
4398
3119
1464
1045
2845
4345
4678
6257
3647
6326
4296
4194
3821
2864
6643
7878
5640
3029
4287
3303
7565
5359
1744
1394
3089
4496
580
3877
3184
930
1789
3444
7074
3801
3981
5706
4848
2676
7309
5253
4766
4260
4975
1159
2995
3481
7814
3957
5249
3159
5337
3230
1327
6980
604
1204
3304
2223
7437
1328
3388
1674
5272
6349
3670
1943
70
3698
6471
7024
197
4156
2028
4024
7151
2316
3483
2134
1704
3716
2924
1704
4525
5845
964
3614
4629
6598
5321
7250
1840
1422
1540
7288
3232
949
5516
766
6545
599
7629
6733
616
2418
5422
5621
3845
1816
122
7603
5978
7422
7848
3799
6390
2031
559
6449
648
1927
7391
1513
7293
6014
528
6615
2513
7697
1415
7053
4776
5910
7401
664
97
177
2693
6782
896
74
3463
7105
7068
3875
5397
1861
4243
7947
6692
4181
3996
6816
7257
6842
3189
1767
7340
3885
4462
1166
606
7348
3538
2378
6009
7609
4735
1142
4325
6461
1133
1555
7470
3856
1237
865
3975
7686
1281
7578
6233
6706
6915
5066
6605
5869
1029
2424
2870
3049
3789
103
4138
3447
6951
7687
793
6529
468
7243
7527
188
1076
7221
7789
59
1102
7583
2131
5276
3319
390
3781
4756
4358
6326
5380
597
6340
5941
3228
5415
6173
4225
5918
4035
4204
1533
2744
7141
3251
2747
6027
2693
520
610
4376
5594
6942
3305
7104
2695
5863
3620
4899
4125
341
1057
4387
5267
1002
2591
370
1760
6634
1060
1514
7524
5286
1107
6319
7079
7842
5922
2204
1484
6732
5969
2357
3535
1887
4794
5814
6818
3665
4998
1764
3775
1692
4077
6780
6097
1328
1839
5731
5268
867
1175
2641
6623
2282
265
576
412
7484
737
5626
899
6381
190
1264
3744
4267
6946
1700
7471
6326
6854
7682
7967
1273
3203
4794
3463
2516
7784
7531
2442
5032
5051
6961
214
5704
7885
6951
4632
5315
163
3827
1007
7330
1241
3301
7708
639
755
65
5970
584
4942
1045
685
5574
4519
2623
5595
1661
7894
5080
4738
3190
2354
2929
2297
7142
3024
4366
1347
3867
139
4491
27
4626
7469
7296
7823
739
1599
1199
7156
2730
6906
6538
3226
4452
5945
6614
332
5427
1635
575
5100
7925
6791
6220
5041
4613
3208
1666
6614
7556
742
4485
7478
7276
7790
2812
110
6029
1040
6137
6789
7699
3934
6526
2401
7570
5824
5361
6809
5677
1795
7064
1861
1414
2044
6211
1451
1908
572
4238
6614
1393
5278
6087
4495
3798
1966
2269
7004
5360
1568
1282
4521
3626
2132
5154
2827
574
7920
3875
3250
3947
7442
6921
2259
705
6823
7302
5762
2875
2990
1935
2566
256
7430
1186
7306
6305
6130
2746
1553
2058
6425
5638
6589
7717
2301
909
2291
7620
5950
5874
2013
3349
5758
306
3036
472
2133
2473
3139
6525
1532
4017
2827
5564
2628
5496
5962
7063
6508
42
6086
7348
684
6357
4525
5227
4558
5068
2164
4017
7357
2472
7406
1026
1455
4713
740
2535
4138
5180
3278
6358
6315
4237
5363
3829
148
4637
6617
5049
3950
7970
4089
2553
2368
2959
2598
6761
101
3896
3233
5024
4302
1566
3160
1995
135
2065
857
1827
3383
2581
3279
3500
693
1808
7089
7583
2994
2936
4046
2803
3152
5718
4468
198
6887
6378
4246
4429
4953
4295
2590
6746
2013
7682
5582
6262
6704
7992
974
6431
3139
3109
5643
6890
6723
4201
3608
6042
3006
4909
2264
5358
5055
4372
3718
7712
2689
7501
200
6648
6948
6622
1597
7334
6560
5125
6849
825
1623
1323
5621
64
5584
5746
6135
4936
2064
2403
353
5635
6927
7421
6603
2386
780
2671
5267
2102
1863
2328
5618
2310
1285
822
387
3602
4172
1364
4300
2267
7889
5112
578
6634
3701
411
3660
6937
4705
6577
2296
808
1757
7030
7462
3195
6125
58
1134
7903
272
4619
3709
6521
813
6372
5699
7679
1561
3608
2348
3054
3054
7374
6962
7903
3548
3132
3422
6035
3011
3799
6509
2269
2156
3062
88
6659
971
7000
6063
4514
2336
6477
3458
4084
2675
2206
2147
2367
1643
2246
5657
6892
622
5793
7113
5320
182
3516
6202
5360
868
1727
4104
7940
7151
1341
833
5666
7140
5348
3310
1376
709
7004
7516
3308
691
4157
3368
6929
5628
7036
5059
3085
2191
4643
4538
7774
7486
5666
1267
4410
7748
1374
1141
1003
1697
7939
716
3706
1431
832
2443
708
849
2305
5472
1915
5137
1849
2667
3759
2314
882
6492
3961
781
3846
4063
4646
1528
2582
5845
6199
6246
559
760
469
4569
2867
3190
220
191
5710
356
870
3810
2132
6083
4546
6867
1651
3019
6584
885
4210
2528
5064
1895
6691
6602
44
4152
7741
5623
2842
278
2471
2040
3414
6301
955
2425
6699
5150
3365
6644
2775
7231
7062
4734
4046
6946
3770
7225
3228
6680
5590
5877
4146
7058
327
4458
5571
5415
7245
6779
413
6181
2020
2562
5819
7906
4033
6182
5963
2561
4459
7935
5317
6781
7561
6698
5753
2582
1105
2478
7138
1564
3213
2852
428
6753
26
4255
2070
6538
6619
3700
4199
3992
5234
1724
910
6662
589
124
1474
2054
6706
2682
2937
1842
2281
6124
7874
7162
340
1771
4440
484
6810
760
3521
4901
7774
5140
4645
3253
3804
6870
4289
7543
6388
1162
3794
3369
5330
6041
3368
7126
2186
1980
5154
7505
7492
5486
5611
3600
572
2861
3079
2618
6045
5354
6923
552
6209
2231
5757
165
1497
907
550
4310
1652
5071
7816
5199
2293
5017
7845
191
3042
4725
6588
3254
4756
4884
3347
1929
5908
1240
6774
3810
7753
1024
3653
6696
4756
3998
2037
148
5206
1499
2478
7288
4913
1478
6716
6705
6105
5963
5639
4177
4114
6374
1929
3955
1433
1544
2549
4708
7718
4535
3604
5752
1917
3543
2427
290
3161
5231
6844
7755
5487
4689
7847
4355
2314
5974
2385
3924
4519
1803
6395
5020
4696
2684
826
7576
6794
4665
3860
4709
5022
6912
1439
2364
98
1196
4429
5210
2902
7573
3657
3605
4722
2185
2201
1353
2858
1451
2797
913
5401
368
1850
2036
1127
736
2629
942
124
1801
1991
2512
569
7261
942
2773
2101
5785
6854
1583
7481
3683
7723
2470
3541
5767
6519
1396
142
5144
6866
1952
6385
4567
5540
6885
4432
2653
5187
4838
2807
3600
5317
6251
863
4243
4246
7627
7254
7398
6628
5061
7960
373
2412
5185
1036
321
4558
775
7334
3876
6149
1185
199
7675
7897
6453
5801
2315
1088
5776
6213
4977
1611
6983
5505
3081
486
5596
6616
665
6208
6652
2946
2836
5800
72
3786
6887
5985
4062
4845
6721
5822
6289
5216
2425
3944
953
122
5354
2604
7883
7816
1679
7490
5463
7263
568
3151
4598
5120
5380
6569
1950
6443
3844
7634
590
7720
2176
4898
380
1477
827
2624
3506
6710
4545
6569
3117
2034
3724
5305
2732
7720
6526
1809
5913
3349
181
918
2092
6002
3494
3527
1599
1913
5116
1188
175
5
5188
5888
5989
522
63
1529
6895
1365
5165
3035
2195
4553
652
2582
7118
1310
2278
1286
6373
3987
3319
2460
4965
4689
361
6289
3994
1001
6912
7946
1479
3850
6873
7131
4180
7703
1454
7864
463
6593
4289
6140
7488
3336
1741
5837
4427
6989
5147
6956
3762
1686
3173
5261
3434
2667
7718
129
7725
7704
849
2305
2241
4948
4084
4726
5326
4643
7758
7239
7471
5767
7969
414
6521
7564
4287
2523
5934
4067
3822
1834
2546
7864
1482
5504
5328
748
5896
4353
1996
5741
4856
5302
415
2210
6056
6079
7383
5285
952
6681
1355
1946
2207
4435
2585
2965
2236
441
1751
4040
328
6381
4340
6027
251
5758
3038
2529
1039
3566
5149
6191
5793
1072
7134
5230
3077
1045
1538
7577
4557
3914
7875
5367
856
6884
366
1705
6996
679
3564
4729
7196
6930
4564
7306
2236
901
5716
7259
7826
5757
2841
474
1143
7358
6908
6932
5315
147
6029
5927
1276
7286
3973
3222
5212
158
4405
4167
3470
3132
1473
7570
1683
4493
2489
3724
5017
2406
5220
4470
7269
996
1012
958
2608
1946
4655
5720
3378
4168
3879
1629
7383
1070
7657
4172
5140
1686
7260
6201
1393
2062
7324
2925
7951
2626
4246
5021
1324
7472
5260
200
5908
6641
4543
3533
7997
1182
1483
5788
2524
82
1733
4519
4807
4762
2513
4701
7396
2482
1512
4688
7534
7108
38
4605
7163
7228
2028
4948
5081
4914
2527
5768
2587
1674
7936
189
7802
1347
6575
1812
99
518
6767
7683
3756
4400
5587
2277
1000
3759
3651
2967
2552
7657
6840
7610
6920
2818
4224
2813
1379
3932
7644
1784
1202
905
7818
816
7801
6257
2164
5708
7931
5934
4427
2473
7980
2189
6229
3271
1650
2590
1915
4615
3461
4782
7250
4372
3113
1454
3699
5295
3355
35
2955
5305
3787
6337
7727
567
7606
2777
358
950
5116
5757
3764
1774
4318
7571
2604
4846
2022
7195
1710
1164
645
3671
5993
7570
1753
6373
3380
94
4084
124
670
5334
2835
434
5208
2562
7525
7617
3130
3507
851
3600
1502
142
6680
5677
5978
4307
7253
1921
3598
2036
4538
1550
1386
470
5769
229
3795
1798
342
3228
729
1195
724
596
587
5590
5261
3849
3730
4751
2633
3297
132
3706
2054
434
5213
1779
2708
2629
978
2043
5203
2391
7935
311
1445
1459
1875
788
777
7166
6618
5674
6305
5122
3903
4463
2941
4133
7822
3038
6505
3845
4703
7583
548
4335
6066
3554
1802
2889
1591
7486
5029
7483
7558
4951
2552
6921
3142
1206
3056
1224
1464
6837
6022
483
1620
1166
4286
4527
6905
2272
1181
5048
4997
4762
5185
5640
7848
2158
360
4217
6274
218
6318
5428
1390
3843
2065
2736
523
3610
5844
1660
53
2019
3398
3356
4982
2589
438
6219
960
6177
3554
7317
6573
3286
2779
7092
6861
3678
173
5717
326
4431
478
1968
5278
2348
7621
7323
3002
4382
6604
4878
4316
1170
6697
5129
1129
4116
6506
1257
6403
4013
7294
4927
1555
4894
1226
6347
4869
6625
829
3717
3429
5138
7977
2547
3617
233
7107
7873
1738
205
5928
23
5543
4834
5100
1831
5536
5942
3461
4376
5188
1216
7789
4826
7830
7065
542
7291
2899
3345
2991
4762
2011
4260
7163
2181
5730
3579
185
2700
7862
1477
2300
6090
5463
5012
4432
7376
1750
7334
2802
6470
6534
2237
3639
7419
5939
3355
1048
4183
2108
6665
5212
4156
4339
1347
6956
5285
404
6751
3676
4412
2915
4793
1130
7447
3019
970
7577
1829
1199
7193
4939
3188
7431
221
5666
2086
201
3134
2148
5566
3756
7669
7870
6528
6155
6883
7988
4679
6786
3955
1660
6177
7193
1299
1903
1213
4180
7669
442
5121
2152
5848
6281
4779
7142
286
5665
2607
7254
906
1205
1774
6933
7869
3622
3462
1546
232
6596
7351
4074
5564
1428
3005
5168
5916
5262
1756
5984
67
3115
892
2687
7605
6576
4907
2893
5830
1365
5997
5788
1200
1911
5090
5310
680
3475
4157
2602
910
5145
6637
4351
1509
5639
6378
6035
3754
2416
3793
7455
3020
73
603
3723
5576
1425
1664
453
2469
7885
4332
5648
7455
3711
4304
6582
139
3240
1819
6183
3836
4073
198
519
4196
2839
7559
2578
6820
5442
7355
2968
7275
6421
3973
7140
447
7983
2396
6702
2456
4282
4548
2222
5844
24
57
2363
3699
1729
7760
2888
7481
6892
1983
7732
5223
2875
4895
1775
7596
5420
7920
4688
7753
7524
2887
1125
6410
7500
3932
4731
4076
3922
7835
1219
1856
648
3889
4317
3154
4498
4768
2671
717
779
3689
784
5292
5740
7197
2687
3955
1212
1292
3692
5640
7232
4999
7142
3163
7694
2424
638
532
390
2915
6352
3950
874
1686
3928
3361
5691
7568
4993
7499
4762
1310
3928
4410
7527
7860
4984
4477
3288
190
3484
5524
2884
1691
365
6384
6091
1572
785
6494
2231
7237
1898
3476
7747
4159
5041
1469
2991
3814
507
4579
376
4057
5768
38
5984
6803
7170
6032
594
3094
789
2412
180
1094
3366
6899
4600
3826
5646
5738
7753
7197
2151
221
2760
3535
5168
2601
7922
6099
545
5547
4526
5104
1647
5914
3248
6863
6966
5320
1307
3023
1704
1746
7401
3914
1354
1109
1605
1966
5779
5478
6462
2610
1256
390
6603
387
1688
618
2719
3662
1021
3336
4674
3868
1670
4475
4356
2951
6213
622
877
4151
4846
2806
2767
375
1273
1924
1379
5675
2054
4062
7051
1074
6157
2210
2231
4129
5043
4773
3114
7768
5937
5430
1357
1897
2028
2221
7086
1464
6721
1876
6736
6877
3740
2500
2366
4572
5841
7173
3115
7464
3950
5606
318
7880
433
5865
5704
3198
6548
7503
2298
5313
4035
6266
5852
4570
2404
1252
3876
5139
2949
3653
6793
2302
1682
107
480
1483
4817
5829
7321
5499
6421
657
3214
861
1809
1379
4603
5951
6712
4134
2433
7050
189
561
3692
4729
1934
5907
7837
1843
4274
245
4024
547
3266
1936
2784
5859
4315
3126
7909
4004
7637
3872
5906
5174
4366
3772
1528
2877
6241
7109
5761
4026
6927
6433
2778
4898
3533
479
5536
2207
5030
3363
5470
1693
6379
7355
76
1104
5227
6977
5056
6330
1891
1522
5002
1147
1331
85
1515
6054
4179
6142
2537
6749
3649
7497
5266
5300
5792
1677
4859
7529
1493
6605
2773
7756
751
6409
3608
283
484
5416
3967
6041
5095
7005
6883
1617
5215
7718
1400
704
6352
2472
7124
7276
4884
3904
6593
3692
6722
4638
1727
2431
4623
5566
5232
3412
5527
7436
5888
6572
2408
2232
3655
4145
3584
4416
7522
6015
6978
3825
7778
694
4204
392
3941
7854
7606
4613
3738
1767
942
306
3811
1544
833
7372
4522
3112
7745
5697
4656
5992
3612
1516
4214
6726
3385
398
2138
6943
2992
1093
5871
7594
1692
3784
4552
4708
6936
1914
1826
7111
6186
608
6813
2726
7479
1958
6923
3168
5760
802
380
5444
2631
6989
6760
3681
1390
3429
278
1256
7676
87
4659
3819
1726
6223
5179
1256
1680
6676
194
2619
423
2742
7352
1094
6977
4094
1791
3926
2314
7615
7921
5433
7584
5932
7527
7981
3213
2481
677
5782
5848
3055
197
7495
1364
1670
1060
7834
4580
7109
3684
4822
764
5810
5783
6837
4221
5010
2332
6949
4343
6377
4593
2723
4389
3231
3620
6482
6704
7647
5317
