5175
6374
5348
4716
5939
5352
3904
1796
6766
2447
6042
5377
5147
4118
2055
3402
906
6770
7181
766
5013
6635
7389
5797
1769
4684
4800
1628
7177
5957
5027
3587
1943
2210
4190
6918
5171
5122
4526
2013
2252
1923
1414
5570
7915
1680
4396
678
2634
3450
4469
7086
3670
4732
2223
7053
4386
2900
7051
5505
1435
6652
6468
1347
1539
7290
1878
1033
5477
6192
6393
683
7269
3044
6145
180
1517
7253
7138
6181
6749
2717
1069
3948
3435
4199
5973
1009
7094
7015
1523
6338
4962
1319
4507
1684
5414
3406
3353
2831
3476
4732
3440
443
1284
327
6655
2047
7162
7335
5730
2095
2290
5332
5638
6536
6752
6015
7829
3979
7653
4127
4666
1963
7765
1986
3707
2736
3856
4337
129
4303
956
4265
4617
449
1849
2411
6808
7601
4601
3389
664
5143
876
6963
4501
4606
4683
5248
5256
2300
7738
6919
3464
3019
4673
7316
5744
38
817
7992
6269
3338
6814
5226
2042
7465
7996
7164
1258
4135
182
7310
1574
3205
6227
3422
6065
1458
5958
1057
5668
5683
7742
5450
6655
4364
5244
7010
2880
1279
505
5884
5344
2417
2744
14
63
6106
7354
3891
1891
4355
6450
110
2261
1547
7167
3990
3360
7157
2635
7852
5600
2311
2600
2554
5598
7019
943
420
245
3511
2427
6571
4471
4237
5417
7339
2471
1080
7192
4423
3812
4434
6528
5753
6961
6396
6352
214
2945
5274
7510
3161
6504
4396
5257
7128
4748
7955
967
939
6494
2246
492
2732
4352
151
7761
4029
4362
5071
6167
7420
2081
2697
5865
1578
4510
53
7811
7405
5192
3598
4441
4046
3604
5625
5516
3788
6454
5610
701
20
3414
303
5418
1674
4104
7092
7981
1406
3576
873
211
6076
4237
554
867
306
1539
571
1160
3895
7708
6385
5327
4774
7741
2988
5442
1634
520
3722
3196
4631
7818
3142
6844
2656
5789
6405
7095
1510
178
4418
1093
4600
1045
6408
1700
6683
83
5002
5215
5043
5265
2434
6709
6318
1546
205
4362
5350
3103
6192
6524
2785
2525
4068
108
3495
2095
2457
4128
4388
3123
446
5569
778
6740
2489
381
1257
1448
6082
3490
1795
2634
1059
5860
3454
926
4484
2296
4086
6561
3314
7295
611
3999
4210
7035
6500
5293
1982
6136
2514
6901
5702
3695
772
494
3756
6464
7240
4404
41
3955
1487
7826
5178
4868
4444
7656
3902
2037
2988
3736
4977
1610
4223
4368
5292
4492
2160
4946
3409
531
5792
232
4687
4452
7567
7309
1595
2228
5384
3735
1074
7726
6528
2058
5857
296
2721
7893
6516
838
3799
6405
3201
271
3334
3387
6276
4865
6011
4110
2735
4422
1854
2113
2137
7414
5384
5072
192
6833
2988
4609
6574
1251
4912
2879
7099
6810
949
838
1591
4949
1324
3187
6647
4012
2652
4615
6743
2495
4503
2748
7206
7122
4630
5514
4241
2848
1173
1154
7569
3443
4209
1752
2026
3657
902
2750
956
4745
6102
5815
4528
4114
3060
6422
4454
2802
6094
2744
4477
2274
5757
6269
1825
2349
4259
4218
5403
6821
927
4345
2650
3287
5975
7987
592
311
3186
5550
6699
7559
2276
4029
1470
190
3060
7789
3804
7099
3126
4320
7176
7829
3392
608
2554
7650
325
1141
575
6370
5244
7767
1168
3533
2443
2212
7197
2131
1765
4675
5153
5690
433
3895
1082
866
5386
2158
2898
6072
1094
3000
6339
1575
5216
4744
434
6400
6253
7254
3668
2495
3963
2964
5145
5794
7841
7756
3165
3794
7406
827
1451
7163
7190
237
147
7999
6403
7267
1419
1371
1045
4047
7298
6481
4794
6362
353
2513
979
651
1163
7212
1731
1648
5704
2519
6902
6692
6401
4194
338
298
2770
4027
1034
6339
3749
3792
1700
1168
1282
1804
2843
5690
6895
1011
7494
5588
5904
4045
6985
7992
2249
5002
1457
4300
1136
4246
1260
2342
5491
5286
4504
516
1026
6390
5164
4496
6220
3121
6672
7024
3013
3847
241
3239
6355
4633
4240
3811
2119
521
5561
7203
7841
2601
7112
1210
7525
674
2412
5426
155
6051
5961
5320
7435
2923
7261
1812
4964
7839
6740
6533
697
5152
7292
3860
6474
4263
4553
7352
2256
1547
1497
1451
5480
2825
7683
456
7782
1747
3981
896
5289
1637
2490
3775
4804
156
5101
5738
85
3755
7641
5186
2326
7731
1509
7006
1080
4337
715
7911
2399
7334
3310
7408
6158
4928
928
3042
6816
1653
3911
6036
6443
5702
286
2358
6241
835
3323
5977
3902
6194
5538
5668
3798
5740
2259
5058
3256
7863
2981
5970
524
7825
4320
4254
1995
49
2515
4770
2407
2842
2099
4059
2225
2162
4849
6680
7588
2547
7559
1329
2512
4018
7624
6780
5763
1859
5152
7646
3075
3975
5066
415
6336
1598
7857
1509
5218
1225
1009
7490
146
7671
6538
3633
988
920
2672
1911
839
747
398
845
5640
4506
4362
4892
6248
1869
1913
5828
2955
1263
7784
1539
5068
2406
4536
363
3803
6239
88
2482
4317
7937
4201
7061
7996
3281
3428
5373
5517
3449
2373
4215
2194
6801
6267
3695
3488
1649
1746
3674
7243
6072
6852
6668
829
7468
598
587
6880
991
2856
5917
6263
5448
3927
4783
4245
3672
4809
2280
848
3748
4426
2055
5080
1631
5348
7646
7512
348
3902
3844
2715
6065
1381
4862
6966
7880
5535
4768
4263
6560
395
7150
7430
944
6823
2382
346
7895
5696
3594
5866
7928
7255
7536
1437
5215
7341
4200
3470
7621
5385
2673
3029
6450
2131
1084
6773
1618
7210
4166
2299
3940
6326
3461
637
6486
2978
7230
2646
6635
2001
6842
1892
1476
223
3304
3689
2602
5363
5675
3731
7135
2527
5121
71
7311
6984
4760
1327
1133
1694
3891
1355
1233
3122
1306
5934
6206
6863
5195
4629
2234
5294
2560
2491
3836
3434
2596
7475
4442
707
7441
1178
2204
6003
7723
3356
4916
5598
1084
4769
536
6912
4623
6802
5777
2247
5627
6108
4940
3502
7579
1824
6099
5567
4327
6343
3181
211
3605
1371
3382
648
705
5331
2005
3769
244
692
1411
5622
4315
3206
2951
1433
6135
7456
665
3004
5791
1143
1875
7217
1829
4734
2630
1271
3733
1863
634
5496
440
6262
5912
2140
5073
6892
4053
1561
5007
1378
2419
3014
2570
3474
309
364
7423
5691
854
1917
5791
1714
5699
6915
1331
5307
1014
5718
4435
6015
5522
6904
7529
2953
3121
2234
2220
5543
1338
5718
3880
4578
2777
1469
1077
4931
3715
336
211
6645
7801
7577
4148
3212
4153
5377
4270
7162
3763
5453
2811
7840
4046
282
7493
6713
2457
3256
6669
6506
5443
6265
1728
2343
3145
6962
6907
564
2685
5622
2123
1185
7776
735
7255
3584
4377
7191
3535
5800
3176
3588
7773
2452
5501
2258
4295
7292
4111
7944
3385
2608
5333
4814
7284
4646
6339
822
205
6744
3819
2641
4499
7768
2057
4638
7030
2033
5581
6299
3000
4420
2568
5567
2062
6270
3639
2497
6856
2014
1804
1001
357
3675
2956
4525
1251
4243
3544
5270
1548
7357
3018
2105
4211
6750
3001
4730
4890
1242
7792
2614
3170
3098
5592
148
1010
3533
7702
285
5258
5706
280
5568
3057
7437
5223
1019
641
6348
599
5014
4727
3558
6398
387
2181
6256
7954
1248
3108
7249
3445
7798
7514
1999
4225
3596
311
7103
7408
2058
2268
6238
7919
4122
4638
4815
3699
4925
5405
4934
3145
1098
2281
6830
5227
5137
6874
3127
3706
1110
7853
7797
1373
694
4780
5280
5606
1188
7219
888
1872
5161
3567
1812
896
4596
295
6010
1027
1763
6401
6186
2108
7654
5378
6856
2376
3396
4530
7865
2039
6162
727
7801
4725
5070
4085
2143
554
5035
890
4234
2478
2144
1893
3871
1389
4201
4633
5340
7680
737
5905
4446
3920
1598
1997
3570
1139
7322
1684
3878
5100
4432
5561
1848
5385
6004
7779
1191
457
3249
7201
1914
206
7566
3532
2987
550
7972
5283
1321
1971
724
3932
1262
4970
6233
4591
2506
2051
7448
6418
3010
7362
4081
6363
6444
2315
4471
4415
1081
1073
2203
1075
4536
3669
1748
1303
5512
3954
4422
1926
1162
5055
2941
5841
2363
6151
4194
135
3770
2846
6801
2532
6451
2716
7024
6778
5963
2662
2570
2061
5634
4686
5233
190
1535
2281
7433
4988
5558
2227
1011
5907
4060
3178
6641
545
6535
539
5729
5884
6219
2965
1955
6648
2343
5178
1169
4789
101
1116
1392
3449
1994
5301
5983
1790
1026
6808
7927
3852
4322
2789
758
3891
2815
4585
5269
1432
1995
5152
5099
7447
3757
1010
5063
7924
4727
1404
1633
2579
2559
3932
2549
4418
4077
6571
3358
6126
3591
4688
7593
2728
4375
7686
521
2563
6182
7011
3641
7127
7319
274
6021
7548
4477
433
1515
4722
1957
1625
3960
545
6885
6849
2785
2448
5573
3303
4465
5927
3913
3712
790
2889
1977
7088
2976
6035
260
7466
1775
1826
6733
3275
6804
6954
6538
4993
6759
5023
376
3216
7026
6132
7243
1043
628
1756
6789
6574
3090
5537
1599
7660
5649
4928
7775
4113
523
1083
7391
3035
1279
4082
7558
4098
6102
6785
2657
959
7710
3350
7867
3351
406
6091
3887
5046
6515
4859
2914
2022
3443
2638
5718
1580
5240
4175
5759
7574
6596
2452
2716
2124
4589
4016
255
4208
1481
2353
7849
4547
5675
479
2194
4463
1903
2736
5524
5820
6460
3901
946
2263
5607
4788
2223
6959
4502
3154
5886
7047
571
4555
4503
1561
1425
7555
1642
831
374
3571
1800
6896
302
1024
4181
1358
6779
7084
5379
5245
4487
1917
4664
6049
2995
2890
6826
4198
3579
4173
6734
1756
7379
3510
2071
3614
6129
1164
7368
6450
5064
255
830
2032
4324
5649
5642
6912
5896
953
4298
2514
1581
1612
6838
6506
2614
1648
4348
7363
4887
6534
935
6016
6313
5183
1480
709
2148
4675
6273
5567
7764
1380
4041
552
74
2665
5890
966
7296
6305
3905
2811
2586
5012
4824
1085
905
3206
2629
4058
4983
4902
1561
6782
4568
2617
7103
5666
4332
1259
5993
7955
5408
635
2515
2871
7776
3876
6837
7190
2492
4128
2540
2450
652
215
2333
5747
6211
7037
3148
7210
2501
3612
7949
3803
5486
5974
7153
2404
2560
1834
5881
5084
4640
7538
4274
2350
493
2055
3733
2643
7988
2999
2799
7575
7945
6138
474
6087
1701
2599
6050
3988
7738
970
7281
796
100
1191
722
5950
1142
5629
5812
2062
4061
1793
1565
5075
3113
6947
7978
3421
3677
1979
3913
7347
1606
1398
3887
6863
6371
2023
4898
2476
258
6182
2273
1896
2216
2614
1691
6844
2969
6995
935
704
4855
6417
7129
7600
7799
4352
4428
810
4065
6316
3861
4439
5205
4839
2961
699
3315
672
5837
6580
7139
1435
5125
5221
5904
5592
5398
960
579
3296
652
5577
5957
1389
834
6762
7301
5657
5927
7714
5278
2777
2126
353
3745
4421
5263
5730
6162
443
3469
2825
2888
4563
3363
4973
4976
6921
7841
4170
1273
1514
3168
2178
2869
513
5188
336
7049
1925
3270
7667
2610
7927
2813
225
3528
2449
5722
1247
7784
4926
6715
6752
3991
7482
6280
5963
864
3061
2000
4913
6029
4216
2324
1016
627
6161
6114
7995
2243
3441
6015
6193
7826
3671
561
5867
5140
2319
4481
5122
4079
6463
7367
6801
3723
2260
7881
4372
4417
3983
2811
1935
4527
7241
6278
454
2250
6665
24
5054
1337
260
3050
2664
1948
4775
7420
1950
1619
654
2917
5261
7390
6052
2948
2015
3338
5471
1616
3735
4137
6850
6114
2624
2089
3676
581
1885
549
3867
7338
5942
2015
7873
5663
4368
2186
4261
6884
2762
6225
7368
1085
3635
5968
6789
7702
1027
649
4176
775
4185
4347
7382
4208
3944
2643
6976
148
1401
3247
1383
1490
1080
7924
6029
333
5121
4714
839
1345
3523
4320
2618
4370
4491
5255
4308
7631
1939
232
5431
3316
1824
523
1620
854
4753
2865
4180
7570
618
4287
3503
6385
1956
3292
3944
838
7846
3125
1579
2025
7199
6552
2045
2337
4385
1365
5383
6194
1094
5134
5607
5206
5893
2078
7676
4658
7742
7924
322
1391
3513
6199
5611
490
6132
6885
617
3281
869
1580
250
2391
6194
6918
102
1418
4028
6059
6057
1344
3361
7630
7491
5714
5070
4791
3691
3017
763
4237
3345
32
437
5547
3828
3284
665
3083
1982
3017
5885
7352
4598
6530
1578
2894
3889
465
1485
7620
5760
4797
60
1802
1134
4106
5196
6446
5470
7461
6756
2593
7674
1529
6128
4815
4510
6759
1273
5242
6360
5177
4983
7314
5636
6082
7872
7668
3820
1401
2509
6575
7729
6159
5621
2294
6320
5474
1956
5071
3706
5546
5838
7781
1512
1514
4039
5901
3181
6512
7943
5868
43
7046
2935
1163
7029
3439
5080
4630
3021
1786
5833
5133
7552
5083
1560
1446
1189
445
1299
76
689
4204
2897
993
5709
4753
978
7119
7915
1544
3967
6561
5658
1538
6562
3584
1334
5608
1701
84
6156
2897
7216
3849
4063
388
6083
1090
3850
5275
2256
3370
4062
4856
7288
7419
3085
1218
1418
3719
391
3279
5773
1546
3595
1526
1689
7250
2514
2295
6197
767
6957
827
7723
3611
1808
4839
5261
6844
5643
4200
3810
6891
212
5915
5029
3249
5583
798
3930
6231
816
5028
5940
5420
7681
7981
47
7764
3193
2357
4172
980
7142
2227
6226
2691
830
1314
5233
5065
1349
4252
2188
4867
1851
2663
5206
4935
2850
6331
7208
5777
475
4999
4975
1047
5128
3433
772
6894
3649
4681
96
2677
187
2826
7492
1504
6931
1992
6589
7030
2640
2572
4373
3338
2671
5874
5288
1105
2517
3008
6955
5033
3582
7381
229
2584
1122
3045
2288
4165
7240
7576
1394
4193
4622
3094
967
4428
3744
5889
830
301
5111
4030
959
5651
4517
339
5479
4629
6660
1342
5440
285
466
5107
7286
2296
7729
3288
5722
2713
1811
7868
1778
3160
990
6034
7539
7868
4830
4395
6225
4863
6922
6747
3844
1448
1504
921
3141
5137
7105
565
3214
6450
2842
1194
5845
209
1463
135
5769
2518
2660
4834
2127
4312
5610
4413
5406
5028
231
4408
3543
3813
5144
942
2313
6083
3126
2827
147
6118
2090
428
503
3298
4998
3650
37
5002
1871
2686
7749
3911
3465
1967
1736
1288
5904
6514
2857
4972
3209
7539
4053
457
6481
6854
5161
195
4351
2068
5032
2869
3299
2970
7037
6965
5659
1158
659
1221
7999
5915
825
3650
6968
507
7846
2238
5434
3506
6666
6209
3435
3607
4332
3853
7418
3874
6344
420
92
1802
6932
1949
1243
747
289
367
2954
3007
3904
5508
3236
21
425
4624
2619
3323
230
7761
420
5420
4621
4750
4459
2602
3802
2944
3182
3973
4074
4150
5706
6766
6318
7270
627
6127
5637
7723
5942
2697
784
906
5102
7907
4114
7601
2812
1099
2301
7247
2813
6455
6650
2653
3808
316
579
1587
5334
2938
1746
3937
3898
7463
552
2866
3464
6169
3584
5323
7924
3956
6188
5286
6305
4569
6374
5938
2423
4651
2684
5494
3570
6443
4830
4898
4876
2742
1803
3050
1803
5943
4163
4477
3982
2342
2510
1495
7083
4267
2622
1247
7695
3374
2781
3144
757
5346
4255
6744
2472
2853
1474
5572
2067
2449
7441
3476
7249
126
7886
1143
1714
7087
4467
7921
1644
4909
5806
850
7897
5859
1630
1304
6447
2888
6277
7955
896
3293
5453
4207
5367
7910
696
1129
4735
2904
3092
2291
2145
888
373
3781
6361
2826
1250
6236
2274
4364
4666
7466
4759
3012
690
5820
1922
5937
6491
4305
486
5705
4918
2808
5795
3418
3119
3370
3656
4294
3765
4426
1909
6931
7078
18
7167
483
7287
2766
3459
3454
758
1122
2180
3920
555
2272
335
6182
4253
4611
3761
1502
1335
2739
4712
7138
5844
3776
1254
1237
5354
2553
1393
5783
2358
4617
2652
6735
1705
1959
7362
1251
813
5499
311
4443
766
1979
2239
1211
194
6581
4854
4373
3917
3094
2091
3812
4727
5703
1924
6731
7067
3582
3943
4848
3353
7435
7822
3473
5037
3570
6573
3667
2239
5271
1234
7728
5283
3224
361
2500
4479
5245
3366
7566
2235
5009
140
1720
789
6860
6690
6714
4750
1705
2573
3651
1783
2693
4710
5619
2224
4427
4231
1625
7426
5650
6260
5870
6093
5027
4359
6343
5578
6610
3799
6190
2564
7170
5632
5223
3188
3464
3607
1467
6170
193
271
4549
7876
4921
7276
3550
5824
3195
3014
3321
6692
298
7898
6284
529
7303
4802
2138
732
2020
6802
2690
639
5045
269
4618
6985
5612
3183
7756
2113
1872
4222
6724
2936
3371
1914
1467
3754
860
1390
2298
6842
6569
4636
5892
1955
902
7637
5248
6465
2335
6712
5205
3454
569
4632
2735
966
389
1657
3852
854
7437
1047
4560
5258
570
443
3504
1347
7866
4751
5721
4152
2033
7122
7284
5238
7452
2871
4053
6235
4861
4523
2320
4313
7769
7019
1062
337
6101
405
5237
2528
2474
1251
7674
2387
1883
5481
6474
97
4436
4712
724
3276
4026
7061
919
5814
5036
896
7140
4976
1338
1378
300
4765
3938
6721
1681
6877
7644
785
1226
6916
4721
4541
4510
4752
1430
2430
2209
5505
5667
6141
6209
6563
245
223
3340
2803
6197
4637
2434
2205
2964
4889
5084
2851
2270
7251
5729
4633
5187
5877
7150
302
5396
696
2523
1104
3690
4339
5286
2041
7418
754
7664
4006
6468
4222
2938
7891
57
7831
5885
1165
5794
78
5988
5449
1573
163
5557
6639
4833
7121
449
1082
3121
3130
3124
1156
4204
6484
6788
485
6476
232
7742
4676
5594
1036
7448
2913
4027
5349
860
6527
1557
2252
2147
2172
4938
5467
7199
4672
30
3050
3068
3830
5762
1123
6325
6500
3250
2277
7769
4308
5543
3499
4550
5046
6170
4737
4044
1453
2217
751
4702
4352
2593
7666
3364
1011
386
58
658
4101
678
4130
4211
1387
2299
2365
5379
461
4487
1380
2512
6793
5458
3022
239
398
4229
6442
7227
3628
4065
3443
2782
7638
1922
4021
824
4009
6553
1750
4047
4355
2514
3246
5846
7515
7575
1324
3129
1481
4358
4823
7660
4928
4138
6935
5331
7801
123
2179
5253
7353
6963
1896
4021
6672
5386
7536
7051
5411
7215
4575
507
478
4711
4124
4268
5195
5118
1070
6157
1188
307
4245
7429
904
1480
7245
2064
5094
7386
5995
2524
220
6322
1638
7931
4883
5432
7067
4222
6568
1003
3254
6381
7335
7831
787
4504
1093
5360
1211
4119
2446
1077
1077
1088
2804
620
51
4758
7020
1953
1563
227
7201
2814
859
7722
4824
2498
3571
4252
487
315
3426
7393
2637
136
1769
4427
182
5861
3161
7096
2368
7993
5165
76
7901
5854
4775
6057
4713
5594
3483
4527
4339
2524
2131
1603
4391
1754
5841
6600
4015
5343
3770
5821
7494
7985
739
4870
6535
7120
3517
4927
6751
6660
7464
1093
896
976
4635
3669
5901
1442
1830
2514
3666
7207
6351
7127
4171
2029
3790
1069
743
3574
2007
2710
496
5000
4951
3636
688
1774
1627
5568
4568
2082
564
6764
2658
5431
3930
6824
7932
4293
5622
1761
3832
5596
7235
5363
5888
1362
490
25
4322
6703
7140
5956
1105
2665
1765
1009
3553
6207
2433
1834
5305
249
1928
395
1171
2242
6608
5269
6006
3375
1150
2040
2697
3032
5879
697
4939
3437
2111
6498
1575
4724
1792
474
4967
5773
2748
2551
2385
6787
7359
1922
5282
4931
4199
5388
6416
5370
5853
1574
5003
2864
7406
6469
6668
7981
6479
7756
7709
1925
4565
7029
5391
3632
3999
890
6318
3171
3532
1396
1314
6104
2237
5518
905
5245
921
2246
1275
5119
7294
3251
3556
2844
2186
5121
3111
2699
4262
7823
2389
7282
3596
3318
6061
490
5569
4307
436
677
49
3608
6897
2459
3048
1051
5511
6952
6612
3283
4381
896
2797
7770
7796
4985
583
512
7184
1178
4726
5898
2317
2475
2351
465
1286
4128
6379
7480
6940
7515
1662
1221
2686
6546
1218
7190
117
4235
2835
4037
2038
5950
2093
6770
6920
6961
5974
4269
3631
4993
6673
6096
151
129
5109
296
4173
2791
4653
2408
4583
487
4212
7813
2498
761
2130
4420
752
652
6858
5810
2102
73
1060
2491
5942
7605
6516
6400
4070
7004
7559
550
6450
3504
4206
798
7940
6804
4691
296
701
7564
4846
627
4896
5148
4547
5799
6047
3746
6311
2189
4129
146
6609
3992
3298
6169
1150
6618
4388
728
7742
50
1371
2033
1766
320
2146
3231
4878
3897
5613
503
6749
395
4179
4787
4012
2028
6914
1612
3429
5426
6205
6444
4522
7947
6824
6231
1246
1401
2945
251
7803
3887
6858
3715
1865
3683
1848
3038
5127
7692
2033
1118
6640
4017
1711
334
4512
1291
4833
6082
7696
1295
5507
2093
7101
3803
2389
3583
5294
2565
6913
4738
2138
1031
7381
426
1809
1533
4688
180
4399
6393
4267
928
3511
7445
3023
6361
4569
1214
4863
1924
407
1191
4367
7239
3877
6182
5648
2091
5767
4873
5959
805
1838
4778
5093
4523
3413
3076
7680
355
927
1117
1760
4100
6099
7449
4718
3785
51
2966
5646
1127
701
5118
4887
937
170
6546
5761
2946
475
3086
2273
1337
1242
4805
7683
5930
5802
5483
3888
2664
2850
6051
5569
6764
6268
712
5964
3918
1953
4793
6567
7547
5746
4366
7090
2120
7914
928
7589
809
378
2480
1327
626
6074
6126
3054
6057
7466
1246
7427
4803
4770
535
7140
6883
3004
6555
4443
1607
2773
126
5139
7024
194
5015
7359
1326
4060
7875
3815
389
6714
7231
3893
7036
6195
3537
855
5517
586
2954
1264
747
6430
3044
6045
5445
7764
4445
2838
4965
4035
1575
7625
996
7081
4002
3971
3198
6913
1569
4583
2868
2310
3978
7755
225
7671
4624
1806
7102
3262
6009
1239
76
4775
6255
4595
2095
1500
2228
7058
2274
2571
4214
5448
3434
428
3876
5016
5759
3284
4600
921
1011
2366
168
926
3461
6349
4231
4424
6715
6010
4964
6938
4053
2420
6691
2253
5836
3019
1555
1642
2656
996
4180
2081
2312
5759
7026
73
1302
1220
5437
5420
2304
5626
4290
3919
5645
1305
6391
1280
3394
6003
3597
7177
7282
2149
4238
7768
962
4020
5422
6012
5804
1438
3952
5626
2916
4554
2098
5574
739
3822
6878
1256
1669
5958
651
6342
5026
3295
5028
6641
4323
208
2811
1643
1448
5864
1522
1184
2073
6455
2350
1967
732
4915
6069
1355
4512
300
5003
4854
6510
217
303
5511
1703
429
6264
2874
7434
2254
3951
4369
1150
1538
2117
3856
4136
1654
1377
3912
1893
1907
2699
1478
3077
7497
1836
1107
2228
5096
3088
6054
699
542
3217
3723
6540
5664
434
3195
5131
803
4935
6016
353
7206
2065
4599
4754
7457
7584
3559
6657
6186
1086
2808
462
7753
884
1411
5706
5487
3031
3121
1704
7352
6301
2037
3050
4451
759
4969
4099
5795
3308
7283
1399
2410
191
5292
2706
6320
4952
7830
5494
3080
2348
1145
3966
154
2141
83
7822
3371
5642
1648
7371
2371
7971
5758
2124
3733
6934
3833
3312
632
852
353
6293
208
7831
3593
7080
455
361
3137
4997
6141
2573
4290
6242
5060
3665
7069
7787
1070
5597
7689
1745
4676
2003
4485
881
7007
1304
2371
2109
6374
6247
2587
6229
1480
2427
7101
5979
29
4808
823
2815
6869
3016
5035
702
4086
473
2875
7547
4838
2564
757
3111
1660
3279
6027
5364
1427
3214
5368
2582
1291
342
6754
1301
4593
1358
6306
2368
6429
1299
1124
2777
5549
5222
2172
2013
5479
7855
5811
5298
1657
6084
1568
4031
1535
2305
5883
4237
3850
7410
4793
7898
6759
7188
4776
6631
7701
7082
3995
3067
4699
6661
2630
6363
4004
4560
6585
3465
7717
681
2239
2813
5689
4490
2260
1211
6771
4013
7093
4811
6784
5217
5670
7974
5611
4018
1249
1271
5888
6388
6083
7966
7033
4045
6069
1467
1907
3723
6126
246
6696
4059
5102
1054
7616
2692
3446
2251
5955
671
712
3184
5567
4312
3608
3953
4398
6299
736
7537
3578
7734
218
191
927
3550
6433
5393
221
5627
4297
5844
7198
2661
2373
6014
4921
4567
1928
4390
2869
7642
1841
778
6118
5417
1060
3332
6842
6590
1319
7074
2314
3676
2930
2750
4097
3868
7446
5843
6110
4339
6636
2806
5573
6445
4068
4397
665
6571
2960
5005
5446
5929
3543
5141
2076
2720
4366
5959
3645
4446
2809
5025
2473
1599
247
3399
2438
7243
5957
548
5723
6850
125
5676
6812
797
5704
6794
2064
3108
7282
7876
6456
5490
3878
2825
5318
2178
1648
1240
4664
6960
95
4316
2413
2784
5348
946
4102
487
4747
6293
1724
1498
1893
7767
5409
7427
3606
1504
3906
3671
7284
3987
2470
7255
2232
6008
5108
5265
6807
7059
638
552
4108
1827
5748
623
6035
4196
5901
85
4020
415
7719
1794
3232
1912
626
2817
5125
767
5876
73
6062
7953
285
7298
4340
1583
910
4294
4368
5625
1502
48
490
621
5421
1867
6373
2809
955
3075
7840
785
786
4396
3993
5125
6967
5704
2852
2487
6249
6822
3795
7331
4486
784
4041
3010
2861
5439
6172
357
423
4083
99
2039
5476
275
3913
7494
5254
1549
5600
3755
3898
2090
109
4219
438
7060
1987
4907
7625
756
7732
2758
7648
5059
6571
2503
7383
5482
7528
2220
2535
2954
7979
303
1936
7548
7122
7343
7128
4302
4649
5449
2633
2573
4946
3203
86
1110
3874
6768
320
4877
2294
5516
7064
3192
1273
2498
6199
6613
2366
759
6500
7305
2712
6866
4366
6812
4157
5181
4611
1705
6956
3115
6088
1651
398
1125
6542
1620
4983
3395
7363
3052
6919
496
3965
3050
1806
5344
576
7228
6099
2840
1209
3157
3243
2726
4108
3396
5539
7524
4080
127
7558
2814
2029
2018
7843
916
1971
6472
1828
3824
7860
4543
4814
3468
6346
5370
1078
2199
2589
3037
3214
1153
3780
3698
3401
157
748
5498
6503
1026
2890
4043
2475
5357
3320
6331
7051
2722
7333
1691
2434
7429
5971
7890
2236
2100
7234
3773
2616
7312
5680
4022
3699
2083
7718
4991
7414
805
2733
1956
1784
2711
3341
39
168
6574
250
3035
4595
6012
3341
2545
1570
7234
4603
6749
7099
4197
1576
4709
5571
5194
4936
5561
5668
326
361
7142
2013
1941
3798
3807
1478
5550
2973
1200
85
2799
6225
1083
7795
4909
3778
4450
4380
2475
1280
4244
5048
5796
6963
6171
4239
1575
6299
4001
7856
335
5705
2370
2030
372
6307
5058
174
1263
3604
5433
538
16
4892
5416
7320
6402
6501
6193
6304
4158
671
1324
7418
2957
4762
1714
774
4131
5827
2335
656
2887
2042
6485
5703
2392
461
1625
2561
7591
560
1294
6997
5791
6981
6362
621
264
57
3432
6788
3106
923
2594
2722
6845
6008
5726
7170
5788
78
3905
2583
1591
6431
2273
4078
6298
6662
2767
2565
3629
7714
6664
6909
1282
302
3196
5016
1083
7356
6859
1708
5278
1650
448
7670
4855
3189
7321
6850
7113
5555
1675
7231
7705
3016
3867
5245
7127
4144
6971
3882
70
1561
876
2735
5676
5261
1368
6233
5727
5168
40
7875
6270
5058
5730
7059
1597
2530
1599
2784
7387
7791
7347
2701
5116
7411
2287
2063
3589
5760
6083
3714
301
634
1945
2982
2486
2975
360
393
7942
3989
4645
856
2505
5174
279
390
6261
5417
5172
4008
4180
7156
7414
1940
971
1684
2404
291
1907
4246
3619
7359
5470
1834
4332
3134
4778
4707
5556
7014
1881
5825
5109
4573
4981
98
2287
6716
4972
540
4904
4174
6490
5350
1337
5847
4942
6280
2947
2668
409
3066
3827
807
3433
4543
41
86
6423
210
1864
11
4055
5803
2681
7719
430
1493
3748
4589
2192
6912
1998
1717
7600
2101
4638
6752
7367
1188
1840
2454
5613
2767
752
3456
7652
63
1008
605
7659
662
5973
4255
4463
5680
4827
6337
3201
2895
6181
5272
686
5198
4304
5229
6788
6967
4371
5314
893
695
7216
3830
557
2006
3170
1869
1612
6429
657
1324
3058
2711
5092
2868
4386
4133
1479
2765
1738
7637
3025
2029
2893
5900
2053
1753
6832
5566
1053
1745
7256
3959
5971
7091
3445
5020
4437
3463
1541
3053
3830
4749
4654
192
5152
3303
7798
2371
5268
5992
3717
5680
6354
1178
80
2962
5903
3917
2643
250
3951
2682
3152
5572
2684
4935
4310
2078
3266
2486
6666
7438
4709
4692
7003
4211
4800
3030
3408
1608
6814
2965
3814
6061
4390
5330
1270
147
5748
2057
3470
2884
4450
5139
6217
3500
2221
6313
467
137
1538
1150
2276
4196
2033
4512
5135
3904
2978
2261
7038
574
1220
4337
4993
4683
3863
1194
7891
3035
3078
761
5671
4416
1195
3322
3325
7397
3230
604
3080
1515
808
140
4032
4226
5098
2046
2009
2354
5467
7065
1830
2703
621
644
2486
6172
7511
428
319
1768
7702
2880
335
4732
620
5886
4146
375
6120
4966
4438
7289
5815
3726
6488
830
2688
3586
7489
7005
5453
4232
6462
153
97
3124
2247
67
4944
5563
2048
3023
5267
4480
4409
5557
3282
5726
1873
4984
1054
3692
5076
2372
5816
3624
7415
7587
4849
7181
2750
6023
6601
5012
6360
6247
7539
1252
168
3511
1976
2371
3873
4161
1534
7799
2822
3123
3816
4384
5682
6850
1986
2605
4775
3205
474
4300
3017
7570
6487
4051
3512
2704
982
4322
2933
5323
1644
5587
4833
6093
7289
1803
1048
1846
139
6225
3048
6381
4846
3595
6628
5101
7326
4413
7381
5646
457
