3452
13
4775
2631
2664
1451
6929
4534
2896
118
946
7976
7784
777
5160
1884
309
2430
988
2748
2064
502
4527
3466
3429
1343
104
7837
26
3249
2605
5384
6980
4545
7960
5892
4709
1371
5039
5751
5203
2547
675
3512
5299
5602
8
6599
7015
2190
1160
5599
2993
918
4314
852
352
5200
6579
753
2230
7622
6958
466
1561
7655
3673
6457
1319
2312
3505
2007
2234
7029
2878
3889
5923
1604
7867
6098
557
4414
2042
2991
3935
3805
7463
314
7143
6699
1528
3445
7730
1680
3789
5920
4317
5179
5515
686
1910
3065
5854
2819
3514
4601
3688
5749
7440
3623
1117
5603
2612
4270
2999
4467
1042
3862
687
1310
339
2286
2974
3346
5458
7643
3984
1277
2367
7252
1507
5579
7384
4935
3399
2352
6250
6335
2452
4549
4473
980
4698
5105
5459
7955
69
7007
7302
2698
6579
6232
5960
957
3897
6471
6352
5499
5576
5803
3792
1668
851
2481
1120
3101
1806
6796
7305
7012
733
6397
6561
6725
2812
3922
4194
882
3368
5816
7741
3832
5689
2253
2055
4640
4831
1965
2601
4871
1960
7458
7108
5032
3366
3044
3273
5776
788
3129
7205
6045
2910
5623
2397
4691
7637
3952
5720
1991
6527
7809
7736
3952
7545
6936
2272
6696
7867
2298
4809
601
6150
4814
7257
4572
3059
7376
2838
5698
506
3689
4486
3507
1518
7947
3898
6593
7267
4430
2434
1817
3454
5204
3888
7055
445
1668
811
2580
910
3075
4438
7155
1063
6321
974
5036
7060
864
7111
4757
2114
1406
4693
1852
4750
2036
3760
1927
3760
5394
7476
7936
6464
3471
3735
4710
7696
4968
3757
6576
34
599
3474
6227
2831
4625
1316
7023
4271
7931
6118
1434
7865
4399
2173
2257
4538
5561
3808
2762
6999
4487
1738
4390
776
7310
7172
6357
794
7924
4791
7543
4689
7614
5016
2386
6558
6193
3205
2751
5045
1722
242
7568
897
7127
3920
142
6662
5758
7171
1135
7098
7861
1261
2575
5027
6232
2488
1712
2323
5244
7900
2544
2428
148
3903
506
2036
329
3534
7689
6648
7861
6064
6661
332
7460
7390
887
1649
1228
5634
7475
669
1038
6073
7353
998
3675
5016
6675
6828
995
7783
4126
5090
4266
2323
5172
420
3765
286
2438
2014
3613
2928
7114
2055
2681
3352
2813
7071
508
5278
2209
3822
1862
1758
5119
4579
6288
6030
7350
2084
6079
4245
3180
3485
1332
3987
4556
6920
1311
6609
6006
7375
5556
4797
3766
7859
1286
5438
824
181
1813
6403
3807
2080
5392
6472
5089
1938
6503
6311
5597
4457
3235
595
2242
5284
5441
7462
3374
3632
3233
4220
2973
574
1014
4120
147
763
4634
1346
4616
1637
1781
4852
4855
5014
3444
4394
679
6092
758
4834
60
4900
3354
1248
4085
961
6816
3462
3977
5103
6181
2863
5029
2059
3252
3928
643
837
2808
6587
5156
5614
2272
7174
676
1748
27
5251
4478
4458
5512
1413
2783
7632
2148
542
6362
2001
6659
244
799
676
5347
5140
7649
3094
1436
2265
5215
4393
443
2513
3815
1785
1734
6683
7983
873
3498
7332
7569
4970
5610
1269
1517
2768
1204
7190
1139
415
6499
3283
7637
3446
6783
2193
4887
1665
1997
4911
6374
4630
324
4559
2511
4168
5298
691
6730
7195
6618
4486
3104
5943
1356
221
3459
7228
5171
3135
978
6044
5478
1758
1012
6862
4670
6136
4088
5602
3897
5393
6768
5945
2538
7717
2411
7296
3382
5438
4562
3389
4511
5247
3571
209
2257
7230
4404
1986
3387
4238
6374
3340
7752
7175
2366
4232
5019
6475
1289
92
2033
1712
6614
32
6913
4816
6010
1499
4246
6209
5460
3436
1373
1013
7613
3301
1663
2638
3997
3777
7812
7711
4241
5030
7864
2800
3229
3505
5184
3522
522
3103
5433
4026
1678
1000
4902
84
1445
5905
2491
5841
1254
2185
6217
132
395
1623
5462
7213
3791
6419
4151
2315
3914
7459
3452
6129
5559
1364
3868
5848
269
7781
1301
6258
3197
2604
7361
1701
3676
5947
7490
2968
4068
434
6371
1101
2611
6437
3586
2282
1083
3154
810
3554
4755
7061
2631
791
4075
2691
1241
1746
2210
1208
509
7550
6629
4177
4876
4429
3979
6579
1300
2470
7831
5882
3325
4384
3469
4097
6167
5878
6978
1521
1793
3827
7814
3576
4561
4012
1070
3031
3754
4400
6565
1728
5002
1180
6582
446
7450
5706
6192
3936
3942
4470
5128
800
7850
5464
1536
6819
5197
2642
6862
2573
1148
7246
5377
2843
1235
5799
2077
1822
1485
436
4501
1291
6537
7596
7906
6755
5882
1499
3767
7781
7377
4445
7021
3434
1788
4595
5824
4710
3716
5366
1106
224
302
6601
2836
6884
4194
1181
2360
3474
6476
7444
7114
2732
7416
2948
2483
225
3195
3013
2163
7932
4928
223
1727
4458
7712
314
658
5038
7849
3709
7137
7310
1499
1452
5190
6789
3088
1219
6994
1655
6951
4851
7858
7474
3504
2322
4471
7420
3504
1187
955
3298
5687
3451
6400
7993
7081
1410
2673
1406
741
6694
5292
468
1086
1109
1638
6155
7129
7768
6447
5652
6568
5206
290
1811
5730
19
5284
2860
6259
894
5134
4353
3769
3961
6767
3223
2791
4495
705
1595
6291
1336
1835
4256
5851
6410
5824
4861
1607
6755
707
6769
7681
6836
7897
2015
7162
6731
6579
3462
3475
6287
3112
6562
3015
6630
1641
7132
7866
4279
5286
4925
6151
4373
6286
6789
4665
1677
1520
7881
4421
582
7249
930
3444
2761
6411
2334
2371
4362
5273
7423
6419
1848
7758
6932
7183
4871
4594
5873
960
1035
3387
7286
4632
6212
5736
4658
4753
3495
7251
3075
2033
5152
7251
6377
1805
1918
6904
4657
3271
6907
215
4596
361
3097
5215
1665
242
1533
2500
7498
320
5948
4631
5850
7619
5206
451
5263
1681
2626
460
685
4878
955
1733
4804
6639
4568
4088
564
800
5636
7238
741
1883
2203
1518
7690
6223
4518
7158
843
6547
5540
5238
163
43
7021
5373
4571
6544
5893
3323
570
2219
4555
2269
5537
6918
2597
4400
7994
2828
5509
3695
1449
182
5434
3825
2076
1852
6665
1090
1293
2650
7953
2635
7993
2163
1559
476
6786
6737
3219
6155
3422
1614
5581
6313
7491
2047
1926
6927
6752
6429
3322
7817
5437
2417
1342
4317
5026
5897
750
3646
3824
5795
4865
2626
1795
5154
2221
445
6695
6535
2147
4898
4159
2787
7049
5093
402
972
27
6617
1049
5498
3176
4012
6186
7035
4276
4226
4
484
7863
846
7749
5623
4878
1718
2781
6784
5174
404
1421
3468
1988
5250
5360
2493
3177
7155
393
2329
2260
3133
5816
3805
6022
2661
3106
7821
4846
690
5155
271
5569
467
6599
7792
3701
245
3508
1028
200
6065
4368
4660
4360
2945
1784
7857
1983
4683
7953
760
2534
2380
1353
1402
7437
1365
3912
1516
753
796
5564
1589
5571
7078
1218
5360
3287
2333
6827
6988
3737
2391
5333
7764
1550
5563
7058
1166
4138
2648
4040
4707
1279
7723
6890
3843
4871
5866
853
4218
1196
6609
5300
1752
4068
243
1851
2929
1051
5720
205
1701
5393
4579
1019
59
2088
4674
1389
6731
6404
537
6208
2306
5598
1464
3381
630
5143
3392
5231
6986
3375
2864
4020
868
398
6176
6727
5468
1465
4644
7208
7388
1695
665
312
6028
2864
1054
7178
3571
7549
6901
2279
7025
587
164
7407
7096
5695
5156
5069
5823
2749
3789
83
5042
2242
2553
6281
5234
2309
4703
5014
4465
5478
3450
7329
2875
748
4024
2012
6295
4385
6013
6960
7209
2091
367
1830
50
5519
4723
6158
3545
5647
7218
859
4666
4904
5831
4713
1450
6492
1253
5963
7277
1016
3394
1419
4590
2895
7516
5905
4702
1625
6327
6037
3052
5771
7328
1368
7766
5546
6568
3572
2924
7540
3170
1315
612
5049
1917
5367
4758
1627
5114
5752
1136
2016
3727
5247
2502
7350
4262
3926
6735
2433
105
5103
919
4688
374
5528
3699
7796
542
4669
4830
7348
6680
41
1365
4078
660
7351
4406
1427
6587
7225
428
6178
5022
14
7737
5176
1567
3589
399
7886
2074
4861
5243
6161
114
2768
3269
1593
992
4046
2579
807
1931
2484
6454
5495
1188
7804
6248
225
6820
4654
5141
3545
809
6110
7380
6143
909
6394
6676
5917
1383
1
5282
2520
4953
2486
7192
1818
5002
3399
3869
2290
7140
5287
6244
7739
2325
5175
6936
6331
5181
7845
2075
4533
2230
3972
5008
1174
2754
3997
2458
1437
3228
4497
6087
5314
2165
7731
583
740
2163
7517
3931
2976
4734
1688
1867
1967
6504
3898
7620
1863
6026
7488
4501
1119
1512
6239
455
5908
6893
7273
6357
1012
520
7464
3539
7712
4827
6852
7379
3475
2645
6444
1812
4730
280
4890
7598
787
6536
4935
6456
1277
7218
841
6065
3147
2142
2989
7228
3517
3299
2604
271
6927
6501
1547
878
6281
3790
1673
1451
1296
6428
6324
6226
3860
4183
4475
6339
5842
5587
2058
592
1150
2796
3721
1699
1542
6481
818
5875
1674
7349
7037
538
7869
693
1365
6923
305
4738
3948
1636
5516
6225
6990
7162
5811
6190
3510
1815
948
7397
1279
7060
524
306
7798
5759
2245
6060
6878
1394
5469
2861
29
2627
1607
3205
3856
5331
267
4985
598
2262
2305
805
262
103
1455
5374
3804
5064
7450
5372
5580
5082
5769
2240
83
5699
2833
4772
3641
7180
1509
5690
5341
1902
3942
6448
4606
6646
1739
4718
6275
7222
4972
205
6779
7367
2164
3759
7895
4614
812
5392
2114
4126
6581
2052
7378
7717
7357
772
366
2387
3541
3951
2661
1651
7832
5767
204
6935
7293
1891
6394
881
1188
3673
5906
7072
4676
7587
153
2779
7014
6408
3971
1282
4354
2106
3993
6653
6260
1924
3692
6231
4827
1485
2721
1580
5990
1095
1653
2330
3335
592
3351
7773
7795
3748
6939
6247
6523
5242
7436
5582
6214
2887
4950
6531
1539
1383
2436
1554
2024
2377
7624
691
2278
6062
4247
609
1607
3399
201
2213
2667
3145
4788
6763
5536
5971
4435
4110
2302
958
320
5739
6130
5443
286
6530
1468
3301
995
5347
6278
6912
5304
1501
3230
5847
1413
6421
4675
5118
3859
2882
4066
1950
6206
7663
766
5711
4793
2959
7127
144
1427
2953
4733
7641
4107
6328
4795
997
1599
2765
5246
7652
5917
6288
611
2375
1667
6071
2701
4566
4343
3678
5721
4591
4744
4316
2066
1194
546
7523
4012
728
4507
6913
6723
5850
7842
2113
5719
532
5512
3737
1985
3107
5438
7805
1003
65
5023
6443
7265
645
1985
1485
3506
4369
5222
1284
4133
2115
6406
1235
1538
1589
6361
7459
7982
1147
3971
5523
1680
5192
1136
6831
2566
2306
4202
3092
6441
3980
2938
3851
4738
1274
2962
2813
4324
4038
1264
5428
3129
1244
7387
5520
959
1804
4111
6206
5541
1518
493
180
2670
4060
5862
5660
1020
3583
7772
3460
3368
3068
4669
6748
1483
3515
4340
14
7926
5057
6855
6984
5044
6708
4606
6283
5157
658
6232
4483
2280
2512
1103
3682
2173
2470
3703
5545
6281
1858
5265
3305
2064
4503
2828
6104
4033
7478
827
240
4172
1441
7174
1174
1010
3611
8
1753
6730
2289
7630
1384
6994
7967
6834
4760
7920
2331
1863
57
7404
7664
1397
7735
3443
3781
6384
2540
2505
3409
4377
451
3940
4040
6286
1322
5637
4003
2093
5541
6393
4475
622
7768
7235
57
2530
6333
729
6010
755
465
3824
1393
3414
2648
1724
7990
3995
4518
2616
5326
106
6855
1482
6936
4419
1983
1502
2439
4394
4202
4520
440
6878
5003
3730
6333
366
841
5962
1452
2952
6195
5944
7684
3692
1787
7988
6642
7740
1058
6594
5335
6985
6512
5467
6723
6400
1813
5250
2470
7615
6812
4266
6298
7648
6061
5420
6989
5323
4954
1542
6063
3968
6083
6356
152
565
2290
2516
859
3480
3374
7442
899
5102
2636
4568
19
6865
4757
7152
3643
3594
604
5671
4221
7597
7173
1205
6730
3898
1766
6978
6671
3122
4076
4671
7045
3
2944
3922
412
2329
2875
7129
4522
519
281
4468
5227
435
6597
6098
6086
7496
6331
5659
3750
411
454
3422
5776
680
979
4618
6738
1643
7628
2702
4732
2783
4567
4392
1539
1074
1230
6778
6638
1316
6536
7319
614
6672
7229
6672
1816
3842
5504
7956
1945
2798
895
1172
6084
6376
3901
7238
1995
2026
6606
5806
5915
6152
7728
338
6086
7781
7959
2408
7611
5933
816
628
6908
311
3579
960
2716
2036
4525
6169
3366
40
3951
5990
2860
2582
5859
2285
4394
6034
2757
6376
6454
5658
4825
80
7253
1172
3090
5155
2936
6788
3378
2574
5602
5591
1985
5436
3152
4340
357
1553
5674
1471
3251
507
4048
231
4667
1102
1707
782
6379
2524
2607
938
3766
6129
1026
7176
4988
6983
2956
6840
6824
3788
7635
7223
6601
3207
3125
5885
285
5067
2560
7941
506
2611
4298
232
7057
4709
5037
2313
4012
4624
3057
4003
3740
1241
4006
5987
5745
889
5239
622
6370
7201
6706
1972
3186
7292
6004
3315
937
7046
1763
5312
6160
5078
4090
131
6623
5798
1204
4455
7412
2074
1445
3502
1000
1355
2252
6117
2167
6706
6864
7361
2176
7933
5094
638
441
6956
2435
6751
1777
59
2867
2692
1858
424
5883
6691
2627
4887
1145
1498
3259
856
4725
1817
3130
7814
3927
897
3463
5120
2237
3589
796
7466
1641
2627
5689
1129
5324
2146
4786
7930
6124
1766
7303
2976
7117
7277
6764
1297
1366
6902
4292
6476
2406
828
3926
5276
320
2757
708
4441
2029
5435
2546
7586
5877
4993
4714
6057
565
7834
584
4911
3482
2965
2047
7664
6991
2561
1246
7831
1244
817
7216
5394
3982
2586
3315
1338
5482
623
1873
5177
4771
4281
3048
4868
1828
2067
7964
829
2070
5587
3064
859
3358
1844
5331
3021
6226
1356
2113
1752
2215
5305
4744
4809
65
7383
1904
3364
2878
5906
4539
5858
6560
2232
7668
1628
2760
2082
3362
887
5231
2344
7217
1986
6602
5127
2271
2030
5891
710
3642
5808
5715
4135
4945
743
2496
6611
426
4517
2802
3959
3828
7783
2866
1255
1224
1287
2107
2002
5560
1680
7074
3432
2565
5369
5585
5737
3917
7469
690
7938
2465
2897
2831
4681
6447
5753
5862
7630
6858
3275
3184
1969
6579
3296
4810
4293
840
4995
2897
1621
2367
5422
7163
5580
5396
4808
5668
4790
7168
7216
6537
4986
4541
1626
4028
4946
5574
4142
3687
7110
6721
7250
4980
4282
5936
2959
3268
72
420
6017
5713
1973
974
4707
1794
5095
4357
5289
7072
4643
3916
4401
1314
741
278
5458
5819
273
2074
5002
1881
1600
6193
5255
5630
4649
5753
7771
7992
2978
5218
5962
1268
5583
2339
338
7197
7757
2742
3649
358
3707
3911
5032
7178
1808
2458
7212
5883
453
7278
7233
5978
7689
7838
7378
7455
5405
1450
1150
6986
3666
3917
7436
4974
1687
2624
7920
7856
7417
3767
2756
3186
7848
3843
818
4401
2180
5199
7662
1004
3838
945
4397
7235
265
2421
6231
7651
4148
4485
4873
1151
3941
1251
4686
1624
270
2813
2093
6024
5747
4973
2040
227
5348
5439
251
7202
7294
2303
3411
4438
4382
6279
33
4367
5677
4952
2699
2700
821
7622
4498
1862
6079
2168
554
7209
4384
5286
7870
7455
2605
6791
3061
7403
5224
7151
5090
7223
245
3281
7379
6875
6311
3195
3926
1384
4571
6891
1492
2673
5869
4634
3027
1948
3749
6014
3150
443
6987
3465
2568
1644
7978
652
5648
3515
2276
7219
6233
2232
2326
6796
3350
2139
5721
5197
7517
4689
2300
4067
782
6429
4242
2242
4985
4259
1502
7642
3567
5186
1368
5514
7200
7937
4463
5198
5314
412
6336
7701
4492
2615
5123
4516
3571
6961
1560
4966
6933
4914
5333
4928
930
485
5462
5343
3855
3640
580
1692
3795
6284
7818
5574
1150
6545
2745
3626
1457
1431
2380
4819
3123
3744
6365
6669
3826
3739
7253
5151
273
1335
5868
7708
206
3170
4969
5796
6324
6894
206
6437
1836
4575
3610
229
4833
60
6296
4605
6066
3224
7235
5747
772
7520
2349
2048
1463
2926
4614
1094
2067
6564
2848
3422
174
5875
7022
3561
1842
3195
7228
5588
697
3461
1836
1113
1406
1806
5010
5644
6227
7786
4472
2812
1116
4473
2966
6296
1627
4704
7331
5298
5170
1938
4181
2319
867
4866
2657
6756
985
987
4108
6691
2612
6781
6960
1928
5756
1448
6174
2291
3439
3444
7062
2164
4518
3543
4765
1237
7278
7598
1130
2620
7048
1949
7098
7096
4601
4531
2309
3111
5224
3917
6280
4092
1941
4597
3039
3052
2257
3668
6299
942
2960
1134
2451
4015
1675
6550
1719
5401
2610
3204
1700
6474
658
5179
642
3886
6285
2626
1895
2157
4658
4326
5419
6803
1174
4533
3144
2400
1340
4842
3681
5634
4445
4145
862
6601
1479
4835
557
4728
2220
7695
3666
1095
6395
6892
4010
2725
1140
7571
7181
7761
7297
5310
2997
2658
1088
6784
2568
4216
5676
6084
878
5270
3483
5226
6680
4172
1343
4957
5278
7259
2932
5068
1650
6469
3804
1029
4509
5354
7522
3951
5924
2738
6859
6912
4637
4310
4455
6341
3599
3487
2866
4797
1280
2916
6460
3401
3814
6726
298
6420
7404
7014
1744
4195
340
5259
154
6430
1144
3758
6565
6790
6515
6667
6292
6126
7276
1048
202
6541
1014
3602
5537
2743
4408
2124
2569
4613
675
4531
5906
6287
2796
5889
3868
3972
6117
7298
1102
929
3871
5299
3366
1146
770
2656
7849
1401
7120
6220
7917
1731
2813
5861
5139
4753
3976
7327
575
2267
4097
5667
7372
2262
745
7736
4023
1961
907
3599
7069
4690
164
3291
1305
5742
824
211
7790
1573
5141
5003
2936
3463
7675
1259
2930
3999
3896
3855
7439
7506
3479
169
6481
532
6902
2697
7739
221
451
1199
4012
7536
7897
5434
7292
2271
1503
1022
4802
7867
1104
313
550
39
5965
2380
1885
6079
4998
3076
2702
6163
2813
6382
2438
6552
5477
4126
2681
7656
4686
1793
4195
5591
2107
3288
4668
4985
1214
7016
681
2108
4536
2756
2590
4008
5001
1592
2037
289
2600
3247
4441
5176
2465
7399
5337
315
4302
6958
5745
5118
1748
2370
1831
4962
5635
6140
6298
6594
1954
7750
512
6307
5364
3806
479
2024
5416
3085
6073
2432
4639
7050
5244
3479
3528
3587
257
3933
6985
4441
2776
4045
5513
211
1848
1869
300
520
5221
4120
6539
4335
5716
7689
6587
6262
4648
6710
6492
5259
2138
1650
1665
2269
6708
7638
5149
7979
3503
5625
6241
2012
2990
734
5233
1236
188
2670
2463
3552
3369
970
290
6850
7040
6036
265
1657
1107
931
7777
2798
5105
7976
7200
3901
2199
1832
4679
992
2941
7192
5112
6240
935
1579
11
6197
6223
2706
2001
161
2561
6203
5945
3315
2440
2181
346
3949
3513
532
4400
6966
2038
3766
1533
7608
4060
4407
6259
847
5510
6880
1773
4643
7740
6143
1910
5073
4219
4613
6086
5884
7445
5041
7469
2220
6619
5720
5375
7135
598
1534
2468
7651
917
3928
3570
1329
7242
5372
7127
7467
5037
3782
6439
87
2910
4952
513
5984
2039
3680
454
7081
7211
4662
1186
7181
2888
1898
7603
1477
1365
2241
6524
2186
455
6817
841
7039
4823
7733
1529
202
1979
7022
3582
3310
4690
2797
70
7865
2360
6873
3831
2399
219
3417
7820
169
1649
7302
6904
5540
5112
5947
4276
5075
6697
1568
6448
2346
319
3386
7746
3706
4075
2766
1966
3927
4614
1183
6310
6374
561
7734
2623
1136
599
3906
4689
7039
4905
162
2106
4930
3168
74
390
839
5157
463
6145
3599
6767
1420
4100
6702
6373
5094
6188
2064
7483
298
5119
4723
5522
2808
7416
7159
7829
6841
6430
5377
6810
5756
7411
6577
7801
3147
1304
1910
3703
3757
1689
7038
393
5088
4799
2178
5972
410
2587
871
2432
3489
6218
1775
7143
1024
5669
1875
4557
7242
5973
2354
6826
3111
7432
6025
1149
6315
45
3869
2643
1616
6076
629
1356
4183
2858
4447
4086
3947
2220
2702
511
6594
2868
4127
4933
6108
7034
7239
453
2320
2273
1966
6186
396
1671
7033
7030
1345
5801
5969
3838
6429
1215
3837
4386
23
4874
6892
240
5086
1768
99
964
4024
4957
5276
2368
7724
3742
7322
4955
6516
25
4137
7360
2427
4883
6892
5327
3401
1200
2516
1920
7150
793
7070
1644
135
1691
1662
1995
6437
7221
3399
4543
3026
77
6389
5018
7292
7034
5113
791
4557
2613
2842
3561
7020
475
6707
7176
3540
1101
7792
6513
5058
2174
1889
6029
7745
4856
6768
2868
1537
2098
4206
2521
26
2612
6097
6173
7656
6065
6709
1510
927
348
6694
4178
4899
2322
3790
7158
2309
5522
7425
7084
105
5424
4425
3478
2867
2348
6133
523
7584
5150
1341
1983
1294
2936
4765
4887
5664
2160
7285
4830
4803
284
1195
2945
1711
4248
4676
7209
1800
5051
5052
2039
1642
6610
116
6772
4746
1723
6088
2973
4747
1351
7878
4414
7062
2874
7020
3586
3578
578
3957
7651
855
1971
3695
467
4616
345
7319
199
545
4272
5783
2140
2036
2677
7757
3719
1334
4525
7516
7347
3853
3081
7806
6
6901
3146
1636
4576
3075
741
4309
7359
7388
3266
6592
3886
1487
2451
5128
3893
1248
6083
1285
4428
1367
4974
2953
2398
4242
1186
3627
1526
3757
2013
5346
4731
481
5531
5970
4851
4642
4045
3599
6645
6571
3483
584
5438
3747
4381
4496
2314
7434
3857
5815
2289
3058
3837
4931
878
7530
2128
3736
2738
2114
1565
4997
55
6302
3555
2503
1895
655
1690
1232
7617
1914
4793
6343
438
268
7693
7595
755
3789
3220
7498
1919
7927
3750
1395
1507
5661
6444
1677
6760
4817
4034
3831
4947
3704
6102
2193
7732
5533
5026
1226
7134
3087
948
906
4099
7098
6107
3947
7804
3176
3254
2868
3079
1274
2278
298
1535
7017
7610
6076
3263
4863
3531
4239
3786
4431
5265
5537
4509
6583
2543
4404
664
1438
3467
3471
7578
562
1523
290
4082
7579
1333
2022
1301
5131
5532
3765
7520
49
3161
7216
7826
5041
711
2610
6489
2900
1132
7014
6318
3707
3901
7061
502
3673
1960
7738
2354
2126
5141
1153
6523
242
269
192
2524
3924
2136
4233
3046
342
7629
7587
5896
319
1726
4469
768
2003
6084
5034
4313
5761
7180
1223
2741
6478
4828
4208
7698
4960
6345
760
736
7660
6457
4036
6007
7910
78
1746
3298
5906
3879
5733
1319
6824
916
590
7198
1225
3678
7835
7873
6320
1517
4809
5319
7127
5163
7320
4224
5065
618
1539
5677
7912
1734
2894
1092
6153
3284
7508
2696
198
7727
2584
2972
620
584
886
1364
6269
3472
1276
4600
1429
5218
7837
5832
7955
3756
6865
3427
2397
2703
7560
2782
6467
1901
329
7684
2620
6790
4563
7295
394
6743
1416
5965
415
5919
4453
4080
277
6009
2896
3570
6708
943
4905
4575
4956
7473
2120
131
333
874
3662
5958
1778
7467
5306
455
5446
4335
5194
6256
5201
5960
4039
3758
1386
6852
5524
547
6153
4157
5885
7643
1465
3776
7861
6810
6609
3873
6810
133
6008
5630
3074
1684
5743
1908
6358
5919
2240
417
3287
7429
2566
1070
2513
192
2511
4570
1048
2755
1772
2399
1398
3739
7574
6454
2082
2375
3914
6263
777
2128
7344
6177
1027
97
5215
5464
3444
3410
4825
5426
3014
3796
438
5224
1274
7677
2708
5127
6721
4042
4964
1326
558
5308
2520
4504
2929
1358
172
3262
5321
2660
5028
7715
2984
2812
326
6311
7701
7493
2410
6114
2411
2099
539
7283
5636
3050
5338
793
3340
3404
610
7187
6454
5161
3322
5769
617
1622
4027
4767
1621
1470
6525
6011
183
6930
5814
4691
2550
1016
7998
4229
4664
929
449
7890
4395
2362
5043
1480
214
4027
4705
166
6014
3114
7832
77
7310
5663
4666
5650
7479
7638
3374
5699
1948
5966
4926
6419
2813
507
6234
1547
1821
5919
1776
1871
1194
4993
5112
5194
1740
4155
2013
4597
5969
4408
1923
4156
4629
750
181
92
7290
6787
1276
331
7645
1407
7561
1934
3873
4990
7854
6718
5351
3868
2930
4365
767
7809
1229
2748
3656
4884
5385
7021
6805
5462
6397
920
7304
5597
1683
5206
3825
4446
7945
1016
3709
2860
3439
4351
5375
1066
4818
1926
6114
4465
7431
2595
5595
7064
3056
717
3999
2614
1333
6223
2477
7199
2737
5524
2204
20
2991
5428
599
5948
3690
437
7339
5340
4141
7748
577
5282
1640
1293
2514
5034
3857
7259
5781
6362
3927
1946
7129
5606
3884
2231
5034
3877
6235
6346
1224
1359
3822
7037
5900
4301
4042
627
6861
1606
339
6379
6975
5669
4984
6672
2594
326
5676
6369
6546
7793
1449
5426
4917
4679
468
2244
5695
6824
7731
3906
7051
7344
3283
2822
4787
7761
874
73
5887
4577
3649
266
4863
5211
5858
5698
1669
7972
4828
2469
6293
154
6227
689
3907
5299
5271
5240
2039
7920
1820
6489
1637
5298
5348
5444
91
3842
2052
2167
4902
5532
7172
3257
1245
3379
2960
4608
4643
582
1046
5612
3127
6881
419
2577
433
2907
350
4963
1389
2152
274
6007
7257
3245
1647
4407
2459
6673
7071
5519
1594
4182
5986
6266
123
1568
1363
309
1290
3107
6209
2767
5377
2468
4385
7781
4441
6375
961
6960
2292
4945
838
2877
4332
2918
839
409
4816
5733
7000
3927
7298
1086
3305
4354
6198
2291
7179
1480
515
87
5838
1065
945
497
7348
2204
7237
7772
5072
4527
6435
6892
1377
3833
2470
4747
3755
1499
3313
6118
1018
3300
5674
3692
4951
2703
3905
671
4205
4037
6875
5544
2759
4398
2175
6881
1787
2152
7565
6119
7572
2107
2394
6645
4047
5540
220
4620
326
7934
5661
4172
1606
4478
956
1622
2582
3239
4589
7839
149
7977
1169
4510
3801
2243
3019
7361
5443
378
5496
4942
7339
5924
669
7906
3012
5791
4323
3632
7142
5536
5144
4725
1046
1872
5270
6555
1481
5871
5938
2377
1965
1466
5354
558
7222
6574
7574
6789
2220
612
7918
4697
1520
3841
2703
7503
4790
6108
6400
4346
21
1600
5105
4472
275
353
4669
6492
2846
695
7295
937
4683
2800
6764
1871
7087
4839
6196
2983
5483
6250
6198
258
3032
6451
5336
4137
7941
4392
104
5628
7100
5866
5611
2799
6057
365
7897
5742
6599
4312
4967
7200
5582
5720
842
1819
312
1847
3514
7350
194
2446
785
3969
6528
7698
2429
6346
3748
3366
5174
3928
5449
3346
4759
3797
4719
7979
5479
4575
5893
5830
5176
3946
1501
1081
1516
6045
7419
5381
7095
2572
5925
3147
6106
2476
7261
962
6257
5921
5137
110
4960
3223
988
5455
7557
6044
2009
1727
5446
5142
148
533
7872
4601
4712
7898
5902
5867
7875
7930
3213
582
130
5657
6837
6733
6285
2805
5432
4227
90
7840
2215
2611
6541
4602
6154
5815
1222
19
5486
371
3322
2900
3339
2235
6541
6338
1098
4841
6084
6281
6271
5232
2976
2059
4784
7747
5188
2649
2441
2612
5193
7299
6181
3195
5549
2573
89
4108
4986
6467
4309
3231
6581
3856
4283
7344
6826
6740
3049
3063
6472
1933
7757
1323
1718
7660
438
60
2266
1886
5672
7308
4126
3035
3309
833
1108
1822
1130
3086
234
3772
6080
6724
5799
2887
554
7033
5377
7376
5566
4696
2312
5464
6673
6025
1521
5694
7990
13
4095
2491
1623
2496
1611
5377
7415
1124
2810
973
2840
5870
2765
7407
5853
4674
6049
6526
7242
5451
1900
1399
4237
5354
2146
6052
3781
1355
7654
4859
3477
4554
1287
3583
1699
1969
1638
2161
636
4538
2262
7160
705
6618
4663
4225
126
4042
6240
1079
1930
7964
7496
2229
7871
1794
7851
2386
3460
6348
6568
6904
7419
3564
2663
6904
2689
5112
3594
1970
2967
5787
2527
3117
4252
5942
7951
4273
4026
509
316
6263
7515
4059
1867
6239
7594
5718
1857
692
2500
6661
5626
2368
6987
7518
109
2501
2307
6
1662
5356
6175
1161
735
1997
7985
825
7085
7482
1925
7714
6762
7499
2325
3906
688
3428
1334
6448
5267
4760
4067
3035
4959
6462
352
3827
2718
6578
3473
4786
2634
7132
5685
6291
1679
6640
892
2013
3933
3065
3642
6167
5922
6315
69
1387
5077
1624
5349
4060
7787
7303
4094
6796
2187
5782
3774
6933
1291
7304
3557
7885
652
5652
1331
1386
4695
3098
3513
5198
1411
5198
1664
47
612
5880
3967
2599
4734
1826
2096
1117
6979
7991
5461
6225
2508
3644
3193
7238
5680
4152
3931
1270
1836
7591
1395
575
1608
7953
7303
6151
3483
7165
7953
7259
5421
3708
4069
104
5381
498
2808
4833
5566
5038
2063
2951
2939
3762
6406
5459
7362
1468
6651
5937
1758
704
4812
7001
2932
225
5128
1501
392
380
7694
7290
815
3587
1996
1272
273
708
7913
6656
2173
1780
1228
4365
70
957
7501
520
247
653
4824
3648
5097
6086
3203
7111
7363
1720
2960
5992
6250
2836
1022
1362
2476
5173
3128
745
234
1851
4338
3678
1385
3110
6944
1234
5124
3456
7665
789
5149
5410
1421
2602
1061
3571
494
816
1323
6783
6376
4223
6096
538
2013
954
1367
713
7303
6035
6994
3676
1315
2561
1983
2119
7769
1043
2286
3850
6913
5696
2529
6264
6788
759
3614
2295
3146
6671
4249
397
2537
1681
2732
6672
1788
7551
2579
4779
4217
1702
3493
1601
6796
