3893
6038
5974
2889
2126
488
5751
4116
5697
6106
876
1424
7179
1857
6542
7799
1907
2496
1362
2615
4860
305
3584
2074
2980
6153
7022
6630
4305
3562
45
564
6138
961
7104
4623
1674
5183
7507
4733
2613
1575
7700
1932
3972
4095
6453
3488
1427
1509
757
4419
2094
3342
7010
602
986
2096
4528
3970
7762
4818
1908
6286
4801
6875
7247
1763
1527
5926
6903
4244
1839
5139
2707
5950
5257
2850
1832
6700
1213
3578
2174
4725
527
4522
5617
5994
5148
6210
6931
4048
4758
2033
3797
7636
287
4200
1222
6152
7438
2604
3916
5959
6604
3583
1009
6095
6247
4
2471
2515
5488
3784
3011
4977
2379
1880
6931
756
7222
2999
3991
2810
4779
2519
5952
7281
912
1391
6913
599
2402
6801
6344
7747
774
3446
4140
4532
5766
7197
7323
149
2009
6907
2972
643
2240
1143
491
2697
5676
3262
113
5342
1431
3065
3431
6880
3390
6515
1230
5990
3791
6859
1996
416
6651
5428
2639
1385
2458
7921
3656
638
6609
6035
7918
1432
5658
629
4182
5206
7197
5253
5822
3974
893
2788
7085
51
1971
5465
5015
700
608
7519
994
2988
1963
2064
370
1072
976
7235
3894
1055
2337
6335
7469
2214
6550
3147
6511
732
6722
3943
552
4467
7862
3935
2097
6641
5308
1113
4477
628
686
4999
3056
6958
1478
3335
81
7537
5980
892
7371
7476
5933
654
3597
4019
6796
1259
5446
1105
658
1195
3453
7460
1869
1564
6716
1355
7296
5315
3571
6619
4687
5626
1302
7975
6249
4869
4065
5930
2096
5565
7906
3579
5872
757
7678
1983
3422
4584
6679
3473
7922
6868
3932
77
6328
6920
644
2667
4703
522
4137
3658
2433
3101
7854
4281
6866
244
2330
2360
1716
3980
4630
6448
1642
3266
167
734
3352
6944
6685
2194
1004
869
6691
4486
6486
4337
4064
2792
3640
7551
6091
2084
2556
7866
6690
6355
649
4893
4955
5465
2647
3903
5453
5857
4448
2352
3760
96
1391
7998
4408
7091
3547
3267
2472
7382
7934
2033
4408
5958
259
3963
4374
1859
4193
1426
7393
5097
1529
1070
184
775
1136
5125
4660
5088
1
6734
4522
6406
356
348
5116
7079
3294
7270
2538
1622
4358
5012
2000
324
1927
6616
5545
7055
4480
3202
2342
7716
4936
6976
6411
6438
5952
6699
4554
1639
5420
5582
2947
411
3112
3275
5915
3811
3633
4268
7226
3353
465
3401
2234
4901
6564
5358
1108
2238
5915
2827
2270
355
7772
254
5068
3780
4869
3580
4824
3352
1624
3804
6549
7933
5014
1347
1361
686
2820
3093
2729
4544
4525
7461
6646
903
4332
4815
2279
4253
402
3796
3291
4159
3080
5627
7849
2439
3594
3512
2038
5852
5313
3785
7733
4279
819
2385
7104
3000
2102
7344
4722
2021
4219
976
5385
119
7421
1773
1481
706
3457
715
7809
3121
6301
2828
3798
1140
2422
3833
350
2851
4485
3435
4934
4253
4756
3538
5436
6669
1835
1235
5791
1465
5278
839
3293
4264
677
4150
417
6695
5330
4774
5147
6298
3304
3710
5128
2256
4097
5874
7582
6448
2747
4096
2879
5671
5819
1309
5900
1866
7222
4164
6122
5598
766
6711
7866
5470
3587
3883
2569
7187
728
4324
5247
4841
6181
3096
6497
1749
3473
7276
6539
2117
6030
4637
6596
1184
7687
7565
2056
3105
7746
2378
2321
1143
4824
4493
892
2252
6278
6937
3381
1265
3960
6490
1747
1636
4126
3099
552
3539
183
2509
3457
6325
5797
7442
2461
6719
6443
1428
3983
3406
7121
5633
3583
4669
3906
4088
4008
1022
2005
2769
1310
6927
6208
7486
901
4393
2325
7560
3703
3552
6918
3916
4401
5775
4177
6853
6447
5961
926
4220
6201
2774
6119
5951
2582
5279
7769
2500
3717
6047
5732
5860
322
2047
4692
1031
1314
3778
239
3152
446
7574
6647
1842
1004
5455
5335
5761
203
3519
7918
5601
4006
4059
7110
7793
2597
4861
3570
3503
5170
393
3470
6120
214
4380
203
1173
3595
7700
6464
971
4856
6859
7859
4444
7720
2118
5662
7674
1267
3612
4887
5962
3000
6343
4149
4646
1703
6389
2606
3849
6550
4984
3968
2064
2251
5490
2196
7648
3235
4213
3974
4437
7606
2652
4900
7711
632
1100
7014
7621
5939
1995
7787
5959
4009
1407
2591
3566
1841
1446
412
4735
151
1950
2714
1067
1621
6985
3889
1592
7820
5578
4450
2845
6644
2789
7727
3330
3889
6471
7640
688
7546
7881
872
4552
6596
7342
4629
1238
5908
1762
3183
4481
1028
3707
3070
6798
2669
6636
1877
5532
2853
4823
6772
3689
4538
7793
5715
5810
707
3610
366
579
728
5512
4048
2529
4016
5850
7378
5167
5696
1274
5808
5736
481
3035
6410
6080
4096
1870
3115
91
6760
6368
6882
4165
1247
633
3881
7298
4868
6286
2837
1818
2092
5347
7132
3592
2786
2021
5248
7349
3928
6612
5446
1177
7174
5056
6850
1271
1269
5024
2377
4654
1867
4715
6764
4907
171
7107
7626
2538
4750
7163
4504
5144
7169
1276
1183
3179
5048
7014
1167
3314
7360
272
6400
501
6606
2890
5398
5963
3377
3031
2021
3357
2351
3557
7054
3203
6098
3831
973
1768
1914
4603
6821
7931
3071
3330
999
1630
897
5767
5209
4268
3945
3326
4361
4201
4867
1948
2573
1844
1695
300
2367
6844
5350
7401
2186
3601
3846
5650
7367
820
643
3440
1994
3779
2948
5178
3274
1990
2683
3397
3449
6998
5068
4082
6896
778
4145
4677
6339
1961
7007
3068
214
3952
2166
5099
7121
1283
500
857
6299
3457
6071
952
7325
7396
5727
1905
7528
5501
7729
1397
7006
5534
6948
4132
6865
2237
3835
2843
4893
707
2807
6241
2599
4119
1835
5233
1199
5998
6185
1802
2781
4775
3905
2258
1919
1607
2899
243
5323
2788
7137
4992
4473
1993
2753
7147
5376
7211
19
268
815
7786
3159
5168
4708
4645
1627
2491
3230
6278
7691
7937
2640
6622
3740
2062
88
3983
303
3995
2156
6056
3702
6694
5124
2183
5938
3224
2943
450
1171
2806
7470
5235
3804
510
6215
1587
4031
182
7339
4522
7941
7125
4472
6898
255
7862
1249
2567
4142
75
3957
5474
5788
6256
374
3258
7011
6066
3060
4460
6462
22
259
5873
5529
4642
1998
6889
6655
1171
7338
1511
6628
5699
7980
1689
7704
1219
1198
1616
7701
6508
7269
7217
304
3656
1883
7753
2678
6760
6751
3763
5415
1768
7388
5054
6601
7465
6981
6812
2633
5665
6472
5140
4503
627
5773
772
4847
6075
3411
3651
2383
7652
4462
3017
7438
5699
1321
1373
5642
7892
198
4447
7731
7120
6670
33
6323
3830
2923
7463
3877
528
5536
723
3828
7806
5627
1064
7329
1244
1974
7602
4178
2506
399
5203
197
5888
3203
1956
7128
1317
7946
5455
6815
542
7441
7542
950
7652
4388
5655
6558
3946
1311
5601
1741
2038
1509
5899
37
1018
314
4695
7830
7359
4333
121
3543
4164
2210
915
5053
5386
615
5886
2262
6190
931
5586
1780
352
4680
5784
6521
1679
430
6669
4355
388
2756
7574
1350
396
6399
7692
4337
1978
703
5321
6729
1135
5750
74
5548
179
1221
4908
5439
6852
3901
2483
3963
5089
6284
6415
861
6497
4557
3294
3745
7132
5664
2149
4010
6552
6939
7082
1536
4661
3514
4492
342
1400
1914
6301
4191
359
4814
3172
4199
7613
2729
6377
240
3472
6609
2755
2671
218
4196
5288
385
6527
5668
905
6736
2988
6745
7331
2545
2725
3379
3633
1075
2586
600
1909
1198
6107
3917
1517
6265
294
2489
746
3566
2788
2007
4244
5083
4310
2892
3295
4712
2117
4948
4545
4339
363
1990
4693
2550
6615
6274
512
5939
7521
7035
5912
4305
345
966
1022
4367
5285
5134
4850
5159
799
159
953
6837
5208
1586
4835
3764
4044
4130
616
7655
2893
4889
4477
5784
534
6858
6870
1687
1787
1980
1285
3551
721
4634
6997
5408
6442
2377
5621
1342
3610
4288
6762
3997
6460
7501
6689
1408
1017
6626
369
7002
5546
6631
2338
2592
203
1895
2770
1294
3872
4289
5336
3330
673
4473
3831
4542
7916
3294
305
6736
6831
57
1101
1859
3004
161
163
5920
3040
2192
5166
3041
1747
5807
7970
7083
716
7104
724
2184
6720
3191
4974
3241
3652
3176
2749
6783
4766
7189
5365
7252
8
3421
2068
1918
2051
4535
6916
386
5121
4646
6876
3165
6523
6312
4170
3520
3605
1091
5716
1842
72
5210
1317
7999
6296
5752
1759
7383
1422
3246
4888
5551
3418
5102
4098
5126
4633
404
7625
2531
5205
4671
1224
2270
357
2993
1946
2078
3690
4140
1114
3972
3008
2390
806
5487
1738
4199
5657
1728
271
3970
6448
7827
7716
2355
4745
1190
4393
1563
4639
6042
16
783
444
1872
4662
5807
4354
5097
2547
907
7447
2997
2892
5963
6420
1304
6294
3559
700
871
6814
2839
1788
583
6392
2250
1056
7606
6375
2732
3859
5946
6496
5223
2570
6925
7986
880
6060
3103
5067
4765
7830
4347
2335
4509
3750
1519
2062
3857
5157
4480
1642
5294
7434
7553
3775
4835
3606
414
3730
403
268
4165
2890
2008
2610
2354
4869
1047
3560
5891
4383
2271
5691
6633
3087
4897
1029
7258
591
7157
7283
5641
3568
5088
688
4357
4041
3210
6874
6139
6611
6870
7877
5005
7209
664
3108
1205
7959
4463
7585
343
1426
7061
6683
774
3381
6367
6201
7926
7159
1827
4404
6518
2448
6731
4113
1971
5591
7797
727
2092
7600
4759
2954
4824
2522
7753
336
582
2107
1065
7911
2564
4253
538
3612
1380
4145
176
7355
4605
1511
1757
1184
3238
2713
5917
5684
3523
3807
6953
1311
4759
5004
6791
7372
3842
6520
3115
6219
4668
4076
3471
5464
154
4049
7736
6492
2643
3564
750
3657
2666
947
3524
3447
1737
1965
2407
7607
6578
6600
1875
6996
4932
1483
405
5501
665
898
6672
1316
1535
3209
2704
2775
2449
490
5475
6094
3438
3154
5002
3398
3093
7072
2602
6160
4922
5754
5095
3644
3094
6934
410
6472
1449
1845
2013
1244
6051
3619
4625
5902
2835
1867
6663
7487
5930
4308
4069
5911
1435
7675
3674
6899
2179
1001
6906
5329
296
3675
7992
595
3336
6015
4818
7888
1138
2330
7073
7569
5266
6804
2915
197
4252
3511
7283
7692
1124
7278
6245
2686
2864
107
4748
7236
1141
6469
234
6001
2330
3077
4223
440
259
5471
7157
5148
2210
2024
2723
2350
1485
1582
7497
6873
6410
6577
688
6622
5611
4618
751
4103
7282
7590
1847
4608
1155
4694
4344
4972
1468
2059
5832
2463
225
974
1020
3044
347
7320
2102
7030
3802
1051
4923
7211
1902
1244
7888
1243
7226
6332
6818
2532
3035
3258
5390
6517
611
710
4984
4733
1106
4832
6496
2957
817
4046
1091
7309
3464
302
6028
3879
404
3344
5150
1873
5583
2888
2564
6270
5266
3554
1217
6289
2936
920
1606
2390
1647
2948
2872
2053
7159
3444
525
4762
1134
4034
1239
6809
2762
7069
1310
6081
5901
2926
3745
4009
5306
6860
6090
6161
5053
4174
260
6650
4112
6903
2853
3678
1008
6689
643
7303
6474
3027
7671
437
5672
6091
3335
3994
4947
3272
6190
667
7037
6814
538
3193
2455
1977
3207
7229
3264
7887
6448
2193
4853
3452
7875
1145
7014
400
7584
7633
2058
3515
5589
645
3655
7006
2538
6993
2645
1619
4796
2900
913
6929
1890
4383
6799
406
4373
7506
3130
2035
1605
6577
6208
283
7309
2869
3999
6848
5593
240
7691
6754
4174
7882
6591
1599
6536
3479
918
2956
7511
1504
3994
5733
1159
1037
3325
6234
3137
7017
467
7744
811
2270
5984
3118
4588
7554
7132
5419
6733
5729
5025
3161
401
5782
4425
3948
3227
7402
5669
4322
1626
6663
6611
304
7474
5703
7987
1093
1013
3132
5537
5062
1369
7626
3698
2249
1419
1850
2302
2972
1233
6946
1039
1082
6979
320
7664
6282
2017
5839
5243
100
6471
172
4404
1515
7584
3135
3005
803
5574
7511
6352
4135
6494
707
4904
4829
3408
6064
6362
6187
141
266
7702
1051
6484
1837
7290
2152
4275
2147
2500
474
2940
6723
666
6893
2098
5446
4838
7629
1010
4823
5087
3633
6371
2918
7208
4048
7321
6283
7584
1505
2146
3302
7112
1945
2681
1457
5019
1476
5399
3026
4771
2925
5274
4977
5454
5897
2912
7054
4908
7099
79
347
2903
6267
4963
7212
56
7026
6429
1008
1059
7149
1174
416
5269
4523
5045
7018
221
2539
3122
2862
5731
5427
6771
6914
2603
7267
7930
4864
6329
1177
1073
6024
1403
6237
910
4847
4686
4538
7855
3727
2983
6703
2789
6687
7507
6075
5977
1115
716
979
7837
2714
3719
2043
3472
2553
233
1961
5066
5756
4626
6877
7952
3969
3273
1898
3116
6109
1141
6089
5836
1153
6031
7765
1643
7296
840
7256
3528
2139
2192
6422
1296
5209
6566
7519
4339
2470
2872
4693
1973
4719
4118
715
1644
7211
3635
3868
4172
3127
4024
4526
7161
8000
2109
1313
18
5688
3297
7759
7443
1212
3118
2114
4906
2135
4789
329
6981
1644
7123
3596
6228
7558
3244
3867
2813
3734
283
5994
4182
1142
6099
1066
1785
2115
1620
3897
7527
769
5509
826
6947
6904
6905
7065
1446
739
659
5597
6185
3264
6989
6656
5365
457
606
5516
7425
2800
4426
4566
5091
7050
2324
7459
6827
4322
4577
4882
3964
1479
551
6210
5860
2889
7415
944
7347
7907
66
3409
3341
7977
3480
1388
5601
2619
7790
1284
3234
6934
1616
4493
5579
6511
2095
987
1542
5699
1379
6869
7775
7596
6866
343
6543
3575
1472
5832
7213
1536
3871
2907
3020
7335
1539
5677
6662
4074
2016
1839
2428
2815
5213
2238
6179
5898
2518
1727
1756
662
2335
4088
7984
6282
6887
5017
3
2458
3324
2707
5826
6714
4372
1535
7195
791
5357
3088
2334
1540
942
1678
7524
3762
3987
5816
4401
6430
7855
3647
7343
1640
1605
5069
3683
5233
1350
5409
4703
2177
1755
358
2209
3253
2277
4603
7716
5932
3933
1483
825
2307
6179
4999
2747
2413
1560
4199
7521
1604
7335
4836
6809
511
5144
275
7880
7957
5126
1360
2982
5690
1166
3623
1277
2365
3674
2486
3261
2226
4191
6973
192
2104
7626
4648
5345
3753
398
3520
3937
4388
7079
6349
1266
6894
714
1469
6408
69
5360
455
1681
3817
5367
4121
6269
4706
1280
1085
6211
7569
7640
2147
1878
7397
1360
944
518
4429
172
5135
1172
6474
2548
6729
7964
7791
5080
5591
4390
1387
1361
255
1118
6260
176
2455
10
6148
239
1194
7728
2485
4316
2405
2427
1613
1108
1274
105
3243
3190
5668
2329
421
4329
6142
786
5065
5906
5096
2239
7306
5550
5844
7934
7841
5186
2449
4126
502
2343
4130
3543
4703
6492
4891
3950
836
1704
3972
2349
1954
99
6785
4345
226
7290
2944
2360
2829
6687
4357
6734
4576
6968
1910
7739
3743
4494
2212
889
7968
864
6972
728
1390
464
3549
6929
3764
7279
3785
6976
5825
5025
2934
7414
7559
28
7863
441
5526
3648
989
3274
6043
3370
5622
3487
2065
5319
3058
5303
4871
4372
7550
4241
3087
7646
2572
1095
4987
7302
2893
2671
2184
3042
2375
6815
5790
3833
2566
5556
1429
7100
5645
6261
1416
5479
3324
996
5534
4807
3597
3032
2120
6971
2392
4495
141
2522
2165
6437
4865
2501
7375
706
7175
2350
7277
412
4068
4153
5182
7026
7175
1081
889
3552
7457
5873
3762
4019
345
3863
2653
6388
5149
947
7778
2131
623
6168
2953
7348
7604
7034
5573
5221
5659
5844
2133
641
5917
6063
4398
5524
4791
1787
7034
2014
6954
1256
2556
6217
7389
4275
4830
3458
707
5394
5912
7289
6002
4196
2219
1879
6485
4346
5782
3274
4568
6009
1489
5114
6451
4617
4430
2240
415
1538
6797
4517
7495
1252
1741
6869
1036
4171
2589
7381
6861
5574
6885
1264
6293
276
2662
7371
2372
233
3639
3987
2809
6999
6545
2826
5976
1453
5750
1107
6573
4880
5496
18
6788
5103
2275
5709
1115
3532
681
7211
305
7209
3687
4117
4484
201
744
616
7074
213
3296
4540
6666
4133
697
295
1316
332
2709
6595
2208
4767
1342
4799
128
7121
2294
2239
7365
3982
2646
6070
1316
6690
1967
3051
3783
4595
6442
319
1669
5231
5478
503
6956
4740
4310
5522
3530
2240
5007
3561
5977
7122
3275
5707
5367
1996
4543
5612
6205
7738
5489
1536
2565
6813
2963
2918
3056
7197
5539
443
1421
6290
6147
5769
698
3571
7108
5058
304
4543
7600
3699
2634
5313
5945
329
5393
3897
1474
5345
2322
4364
374
7212
3928
7016
2774
7524
7140
5732
3875
7763
3616
6963
1180
194
3546
6121
6721
3568
6603
6181
7452
5415
4863
4074
4506
6969
1071
6579
981
792
7128
1382
2926
1185
417
4233
5457
2310
6409
5048
2243
635
5900
4907
3856
763
4784
6912
758
3114
1885
5906
1754
4402
3260
5568
6420
7305
3322
2078
7299
6999
5878
5655
4803
7837
2124
6439
7889
6708
454
5006
2026
5256
2728
7180
5993
4819
1221
5950
635
3221
5006
4799
853
582
7137
1394
6528
5972
2133
4021
2312
7055
622
6254
337
6559
7442
7935
4600
3484
3960
2023
1516
6782
3726
6896
1244
3304
504
3972
7859
1159
7084
1293
1979
4213
3024
3561
2881
4272
6146
693
2867
4432
509
5258
6865
1895
967
99
2050
5752
7210
2944
2436
92
104
3109
1936
1424
3666
3030
659
3851
6447
3794
2280
3108
3136
3310
7991
1626
178
2498
1550
974
4133
3739
7788
2700
4656
4804
7916
6803
7007
5296
4013
7091
7076
7794
3161
1047
4912
535
1292
2142
1581
4477
6078
5331
7678
2484
4154
6993
4668
3863
2635
3245
6099
4706
536
1783
1800
4795
5542
3164
109
4070
1654
4533
200
3777
7206
5516
1489
2911
5696
6888
7479
3401
7236
7788
7728
7676
5937
6255
7510
5924
5868
5064
1073
2228
7941
5458
2803
6171
2626
6149
5662
5724
7544
2854
6496
474
6486
6043
6098
7575
5436
1843
4898
5260
421
57
5128
1492
4654
6879
4817
2240
1158
6748
5962
6534
1986
6373
5140
1202
7636
1030
4514
3123
4052
2490
7709
2169
316
4021
325
5278
2468
2034
289
5263
216
5578
2571
1113
1864
1481
1858
4344
1563
810
5213
5094
6966
2622
7686
4194
4574
1156
2596
6402
7727
1554
5600
5945
4265
5882
635
4044
7837
4523
1099
98
2418
2963
194
3929
6950
2770
7244
1295
3759
1931
1596
6531
533
1345
3716
3390
301
4409
5952
6130
4721
7703
4371
5356
512
1617
4414
7795
6110
1694
1415
6745
1771
4850
931
7729
2537
5684
4660
6486
788
3693
5148
2771
6694
1238
7535
6536
1552
3871
4760
1345
1433
1826
4779
613
6191
4182
5197
6912
4306
4095
5599
108
5762
116
4325
1664
4449
5098
2189
5989
7220
558
3009
3511
2952
5973
4955
383
4821
7085
6479
5256
4165
4154
7811
6425
5401
2375
2288
3452
650
2951
5122
540
1915
7402
2639
4720
2704
2232
5013
6270
7890
1520
50
6247
7809
5602
7324
6303
3730
2714
3928
7318
3140
4950
4199
1004
7125
6490
6781
6778
7581
301
5805
5807
2221
7098
4829
4850
4412
7453
4024
560
4768
2559
4224
4880
5080
6246
3798
4587
3725
7928
5165
2489
2892
1083
6699
6774
4089
4293
1417
5388
951
2390
2521
1258
2565
5857
4786
636
7777
7165
891
1927
3182
4011
4592
537
1281
5538
940
6889
4040
1645
6425
3666
541
4958
7329
4603
6146
4164
1324
3181
3753
919
7131
4534
2343
4405
6577
2596
3930
4027
3704
6222
282
4723
3215
314
2423
5564
5354
6851
637
4147
7303
5187
7862
5646
2061
4389
7970
6145
4497
4840
3413
1295
310
3889
4722
4201
7666
5953
3865
4677
3582
7067
1830
6413
7384
5491
5117
6951
7369
6385
1088
5340
7966
1175
6203
1083
94
446
2763
6930
6982
3230
3862
7666
7074
6650
2843
2907
2538
6328
2274
3806
159
959
532
3164
4310
1160
601
3733
1817
6988
4474
3847
2928
377
2600
6420
6993
4010
7874
5448
1984
4312
1060
1438
5783
6064
7237
1881
4306
2443
6823
4562
6592
5363
2874
6155
1208
6943
663
1209
1407
7400
6679
819
3555
7144
5986
7415
7514
539
3999
2996
892
5720
1999
274
3817
3408
7711
7904
3525
6985
436
4679
7575
4606
7584
7
5185
4371
2400
6809
6187
4184
3963
5929
7393
1826
4020
5659
3438
5456
637
2776
6503
7156
4318
5754
1668
461
370
2521
4019
5049
1800
4879
3695
7193
1233
4487
712
4887
2799
6766
680
7046
883
1833
4045
1172
1613
1676
6439
5729
4590
3228
4704
6815
2944
1596
6677
3456
6362
5553
600
3357
4270
2167
2982
6419
3181
6432
1444
1005
6731
2129
5191
6279
433
7503
3636
828
5256
1368
63
4413
4872
3632
7296
1837
7739
523
4059
1437
842
4385
6488
3505
2580
5068
5537
1969
3060
494
256
4275
1514
5827
2897
3224
2736
7477
1006
4124
5278
5765
841
7601
70
7153
354
3727
6827
7167
1375
3442
3704
4406
4432
3113
5079
4568
5074
6754
662
1144
3023
977
1285
2787
3206
4424
3090
2397
6645
3867
6171
6851
5083
4156
812
3930
3287
3472
5358
2259
3824
2939
7535
6966
6202
2830
6366
1458
4898
3275
5904
7150
7129
6129
6138
7428
4276
5561
1690
6133
2980
196
656
3502
7412
6405
5680
5425
1628
1189
3803
4348
7104
7412
5271
260
4976
6380
7751
5558
2148
2061
1185
7799
6799
3748
7804
1012
3656
6745
680
2803
2720
2858
6124
2477
2441
6282
6879
5363
2040
4260
1365
3326
2877
5861
7005
2739
3083
1858
4783
7940
3879
5044
7319
1999
7710
7058
4408
4125
6085
6672
7941
991
7426
6709
2705
6920
7002
147
6248
5454
3330
7340
6570
1349
2850
2898
6373
5137
3068
5129
2614
4086
4978
433
5714
1322
3852
4961
7198
7879
2938
5081
7660
4783
1568
5854
5554
3613
1771
1367
7117
7832
4922
854
3451
361
1269
328
1645
3947
999
3762
6045
1852
3767
5857
5054
4380
6462
300
5106
1326
148
1970
5089
940
5886
952
6483
4610
4985
4794
6662
2710
4914
658
4807
844
5530
1246
3712
6375
3973
6603
4136
1096
6099
6805
3617
7098
3761
2788
1652
724
2109
3653
6175
5276
3573
4578
1300
4856
7710
4909
1338
2786
4339
2823
3991
52
6553
1698
6203
2178
2235
1210
5408
3918
6236
1856
2971
4950
1502
3872
5554
6964
5115
7865
835
1792
3127
7416
6344
546
3171
5088
883
7732
7020
6876
1540
1619
3209
1278
1964
4359
7570
1954
2403
559
7549
1922
2052
4884
2124
3873
1756
3856
5889
4519
3532
917
2318
6358
4269
3178
4290
5635
7727
5539
3196
4106
3760
7972
2169
6528
1742
1824
1846
7945
83
3239
1776
4624
2767
4414
492
196
2410
7614
7214
4579
1336
7386
2953
7995
6866
6667
7845
2531
2509
5090
1243
3257
1016
5995
4638
4718
1437
2774
2283
2568
1282
7857
1739
139
4099
4945
4044
3796
6930
5954
1421
2387
327
4378
1953
5776
7812
6085
4555
5666
718
4410
5940
1420
3131
2540
3141
703
6589
1751
4241
4775
6317
274
4772
5806
4584
1
5494
3476
5508
2378
3463
2011
1797
3730
321
1287
6366
4763
3171
3614
2454
2759
1204
3016
6545
6830
7370
869
2221
1556
7529
4388
1357
5425
6122
6390
2742
1588
5515
2518
7521
107
7192
7698
5053
3573
1283
7411
7
628
7513
5066
1296
7436
2714
6375
89
3688
7600
6402
1430
3849
3463
1492
6146
7825
6700
1427
3714
197
7536
5359
7741
4822
614
3741
6470
1428
920
4489
267
7394
4581
1309
2482
5379
4425
7959
5078
1371
6862
7543
3781
7981
5608
7678
687
4897
806
6660
2346
4624
6978
5803
5159
461
1703
4310
5594
1880
5437
2372
7328
3687
225
3989
2788
4711
2820
2749
3757
5017
6795
5586
5150
2910
3425
6159
4487
4046
5761
4358
3372
2076
6080
7733
3377
1163
4596
6621
7411
7695
5026
6362
2220
3025
5036
4679
2899
7695
3490
3473
584
2897
2188
6146
2461
3291
2474
5268
3214
5689
2411
4022
3571
4424
1175
6340
5636
462
606
172
6252
6842
1073
1973
3975
1687
6383
6672
4907
2427
7847
558
636
7066
3628
861
4305
1351
914
7620
6419
5644
3451
6610
4172
5181
2321
1223
1247
5737
7741
3999
7550
118
4449
6162
7428
5278
7896
5127
3068
5315
6419
5050
1224
7361
4211
5534
4522
6841
7017
3803
1570
5523
4231
5792
2617
6079
268
2554
6241
2900
2648
2128
3308
7659
7743
6337
2494
5290
225
6482
4874
3648
1746
2932
1824
3844
7523
2496
6799
3414
3145
5423
973
6463
86
3205
7541
870
6530
4856
1161
6143
1855
1263
5521
4569
411
2942
2102
1124
4005
7672
7909
2709
1667
901
5558
3360
5672
4101
660
5181
6786
5672
7033
6524
3095
6941
3917
4380
70
4742
2698
4297
6553
646
1374
6506
4025
2406
7428
368
3511
6193
6108
5650
5294
6930
65
572
1527
7123
551
170
3292
5569
946
2937
817
1171
2891
2826
1766
3038
3532
3954
663
7803
7282
2308
3942
3838
2293
4530
2037
1020
5533
3832
7059
3516
2617
5939
1019
3123
7922
2158
5593
1174
715
3589
5308
2295
16
3822
6528
4688
5265
7383
3700
4480
7900
3344
4762
5352
5665
7902
268
3114
1801
205
1172
4812
3556
813
4610
4526
6292
4016
646
6510
3127
3283
3835
1918
1284
4894
809
4622
1458
508
3338
4731
5120
108
7754
362
5069
7573
1184
666
3123
3760
5073
4433
7181
5852
1413
121
7673
4268
1154
7627
5370
3425
6909
1634
5399
5894
5510
3950
4920
6749
239
591
4458
1365
6265
2178
6775
1555
4324
2068
1249
710
4045
5986
2555
6904
1598
5406
97
7099
6375
7255
4607
2166
3357
4501
6435
4663
6079
7075
4800
4299
3612
1460
5546
4664
727
6869
4658
2339
2981
5332
4316
1131
1094
7022
6221
3687
5240
6401
6326
3574
2214
1004
5247
2206
3475
7552
1917
564
6781
2236
1998
1506
4160
2536
6105
5740
4605
1029
91
8000
1945
3157
7211
2280
3223
6196
5036
6396
5709
6045
2438
6755
1315
3812
972
1441
603
5995
1150
2888
7450
4158
3277
3852
7008
7015
5154
3326
5848
6230
811
1664
1478
5677
4740
3389
2958
2391
7797
572
3641
4377
4483
3323
5825
6993
7935
1110
5154
3981
5517
6650
6873
613
6992
2329
4597
4411
2409
1565
828
779
6118
2670
2935
3967
129
7345
6385
5940
5563
7855
803
5818
719
6370
5167
2364
1946
3672
1779
4718
5506
6947
2449
1399
7898
470
955
7292
7720
6999
3211
5231
6309
6418
2303
4667
5938
2734
2162
48
2727
2441
3100
3341
567
3726
2690
7483
3073
2623
1071
3757
7520
2808
6608
2294
6215
4872
988
1499
7870
3575
6736
7774
4222
5120
6044
564
165
115
4503
3343
3267
1902
7197
7621
6955
2754
1476
417
5306
3692
7618
2520
1599
1588
7448
2934
6425
523
2097
7112
4533
3120
2470
6828
7105
3382
1348
3144
6910
2902
3957
5460
1085
7949
3239
4981
5541
5963
5565
6220
3740
4064
5577
2428
7799
3235
6213
4833
5024
1609
1146
4483
5928
760
2658
4505
5208
3731
5799
5098
3950
2366
3379
7075
5104
5573
3549
4365
1222
5840
4698
3507
1438
7561
7585
4801
2443
4064
3777
1793
4643
7614
1761
6157
6976
3100
6564
7321
7751
3840
984
7173
6124
3553
2325
6785
6548
1011
5843
4674
3017
979
4702
3164
2968
5930
3083
7699
5640
3718
3483
5232
73
6475
1931
4860
5128
3880
4872
4816
4302
4733
3137
2989
5340
6110
409
2300
7049
5378
813
4490
6761
3872
1342
4758
1746
5736
7117
1955
2942
5337
5198
4619
3414
2210
1082
5863
6156
708
1821
4153
6723
261
4762
5460
6774
7249
6061
4418
3619
2786
6050
2234
4968
2723
3957
2006
1938
5154
1939
6408
6355
1170
1523
4398
7135
4794
1733
1486
607
2784
4377
1133
3478
2318
6903
2242
6700
2764
1084
5195
967
5627
2058
6094
5150
5025
2846
100
4184
3070
2035
4097
775
2038
2986
3984
2825
7851
7859
452
2388
3173
2028
1814
7379
5240
841
1771
2417
5275
6081
221
3819
6396
209
3413
2926
1308
7443
6251
1230
183
6358
2543
4211
2312
3501
1419
1260
2769
2452
5357
5519
7462
6425
3179
1442
412
3921
2055
5791
5821
1668
4366
814
7684
3646
4585
3725
4062
3415
2222
1099
2914
6875
570
1449
6835
439
1257
5509
4085
7902
6526
6952
3933
6620
4060
5788
2919
6032
1033
5220
5466
5108
6889
1438
6369
3257
4782
569
4044
2427
1875
314
2685
5978
1159
4694
3118
3450
7712
2986
4707
4234
2925
5299
4942
1447
7926
6767
2301
4649
4229
7495
4554
485
5982
2997
2888
567
1407
7469
6767
111
4497
6248
185
5454
5165
7179
2185
1212
4737
5911
5912
6460
1008
3178
5324
1596
4376
6491
365
3917
1152
7050
1588
5375
4712
3024
5139
3023
3964
1242
6689
269
2590
3206
435
970
2411
3247
204
5939
1979
3802
131
6796
4791
2285
1593
1848
3394
4997
663
3762
6547
3802
6326
4898
5587
6196
1176
5299
5251
7240
6451
4054
5357
3979
1550
1887
313
2239
4179
812
7669
1041
7632
6533
3809
6965
5427
7660
280
4320
6887
837
5045
6261
830
2099
6732
3425
573
7224
5677
6980
7097
2480
3878
4086
1892
6903
3502
1728
2787
5144
326
3895
5874
3685
6773
1642
