700
2244
7983
3659
7301
7596
4843
3016
7131
4809
1281
4439
3641
4423
5040
7739
2012
6600
693
192
2983
2089
934
5951
4580
7547
7285
2814
5072
7731
4281
4612
5689
7631
7188
7269
1247
1274
7290
3641
2203
2549
4116
5408
6532
2528
2704
7585
495
2187
2628
2510
7666
5145
2232
6549
533
81
320
7673
403
3097
3173
7367
1724
3712
1564
1966
7350
1247
6103
4666
7187
3378
6903
7605
4624
297
7324
1178
2808
2735
1471
1258
5641
2358
400
5504
2129
3308
1689
4609
3365
2123
5019
7844
4277
6844
5096
334
6215
992
3515
3757
5476
7728
3540
3304
77
6260
2076
7077
4341
2474
1760
903
1947
5754
3548
586
2753
6729
1687
6964
3263
7703
1803
4174
3061
5488
4770
6811
6206
4650
3810
2722
5033
1993
4764
4426
7559
4773
3886
2102
4084
1113
6818
6796
5679
6369
3504
2396
4858
1710
4915
454
917
7555
5898
7479
406
7908
4003
7632
4744
5553
2510
5274
1739
3997
1006
3592
4499
4091
7741
1543
4261
7473
7788
7951
6881
2253
34
5705
610
7416
6400
816
1462
7268
1603
6644
4706
1753
2309
6301
1155
1634
1188
875
5993
5776
3539
3266
7794
4671
7427
285
633
7515
5952
2198
4207
4852
2298
384
1758
1194
4154
3667
2264
3032
7447
4588
329
2752
3230
6293
1373
7004
4003
1221
396
5428
5982
994
4051
6760
6410
1207
718
7599
6064
6542
3359
2101
3289
556
3901
688
5632
6181
6776
6893
6254
4620
3462
3152
3197
688
6727
896
5401
4547
2420
283
5632
4002
1545
948
2170
4570
2548
7532
4585
7033
7160
4829
480
4630
7622
7986
6532
1678
2313
5644
2653
648
5917
7173
2772
6729
7320
2813
6316
6004
1430
889
4386
7769
1218
3056
3564
6067
3282
3187
1506
1590
1525
4505
2822
59
7678
7274
2485
81
3607
2433
1691
1388
3608
3536
3456
1645
7213
2132
1919
5695
2617
5156
3950
4187
1679
5985
6386
572
7124
5359
5225
6938
1233
180
5484
358
6543
5549
6549
6911
5663
5184
5868
2388
7633
6957
4969
1368
5699
623
4250
4857
7734
5405
4009
1664
3635
7728
6166
1837
4233
3323
2131
4555
7313
2522
6186
3087
7195
5149
7632
7420
1068
6074
1301
5688
3106
2046
2163
1778
6040
822
104
846
7444
7983
6537
2324
2745
5321
6856
5133
7656
3472
3896
6919
1075
5751
5390
7870
3761
5271
6297
7408
7496
3
3893
1691
1320
7273
4283
7485
6458
7500
2855
2450
6795
2148
5409
3168
822
7840
5819
1508
5936
2210
4007
6344
5964
2081
4515
1129
4164
3526
6764
6762
4188
788
4497
4330
6160
1264
6535
487
6466
1242
6997
1694
3676
5224
4166
5076
1111
549
4734
1980
6598
5425
6435
7540
3089
6537
329
7889
4550
1399
2573
4629
5248
1532
4839
7021
621
4827
7051
1754
7724
2823
5109
3218
4432
5527
7340
1995
5461
3552
5399
3183
1646
3738
5770
919
6954
1352
6134
3033
3514
2770
7130
7852
6682
4226
4674
7943
4766
2313
5834
6081
4916
4263
3845
4778
5997
2422
2530
6746
1959
4470
3462
2989
3009
3823
3831
7205
1428
6446
5407
4295
2878
992
7522
5587
2794
1257
5360
2545
7194
3945
2335
27
4534
448
4286
4819
2850
6928
7749
6738
4742
2015
1303
7016
7095
7905
3412
3327
5985
5442
4426
1621
5123
5420
2870
4135
6958
7907
2078
322
795
4430
4472
351
1469
4788
3994
5504
7296
3589
3758
4080
579
6590
2135
1891
2909
352
6935
3288
7218
2607
2208
5112
2687
805
4243
1907
416
5642
7625
622
5852
51
80
6507
5237
3396
6174
6210
712
3329
946
870
6342
2569
4094
3407
5578
6025
6587
3390
6210
5297
1150
2973
4415
5993
3197
5498
2060
1433
1533
4849
5970
1331
184
1020
3979
7422
5011
6052
6926
6470
56
7839
703
7903
1123
5196
107
5852
4950
6498
3941
537
2078
3670
5555
4590
1854
1098
3474
6427
7378
200
2736
3243
7845
5435
7896
5287
4355
800
2384
291
1142
2046
5461
5523
5093
3345
2284
2582
6197
6281
6602
1438
2472
75
947
6391
4542
561
5799
3449
5979
2161
7942
4829
7407
2110
6866
4615
3185
5117
5495
2877
4790
1454
3601
7177
796
6681
2689
7721
3418
242
5442
5901
1725
5753
7233
3628
1437
3951
7563
5845
7549
7723
7632
5914
6332
2114
4299
1049
3258
3842
2920
7553
1452
881
1146
3617
148
449
6879
436
921
2568
7773
405
3159
4631
4482
1679
1473
4993
2270
1956
6905
3072
2820
1117
2373
1207
2252
7441
6980
7776
1936
3476
2176
5719
3400
6973
2181
4062
1629
2557
4358
2959
6865
862
4177
221
3173
7408
2520
6712
7598
874
6859
1882
881
1232
4535
3198
739
2036
4772
2857
1097
236
5037
462
5561
5042
2503
6727
997
483
6614
7363
4252
6344
4571
6881
4612
6452
2745
4752
2000
6921
5939
5090
1468
5387
1659
1030
3125
414
3878
826
7231
1286
1746
6409
2421
28
719
6202
6097
1472
2037
2810
2739
220
5054
4842
7031
5357
6609
7503
3016
4722
5545
4965
117
7978
1379
6697
2497
4011
6624
3956
6535
5090
2658
6837
801
3267
2886
7661
6509
249
4088
3241
7277
5057
6057
2516
1281
3947
1978
2681
378
4716
4528
1785
2013
2205
5259
1153
4444
7159
1334
654
3815
5361
7505
670
7119
2964
2320
7650
3357
6733
4305
4418
5822
7696
4776
5670
2263
5933
7093
4860
453
686
7331
544
3090
3086
7377
2723
7881
5189
1391
6806
6320
2237
863
2323
7376
3641
3410
1471
706
6521
5007
3433
6775
6314
3094
3684
4548
3971
5001
3950
6454
4260
2
7676
6632
4637
4561
4207
7527
7246
1785
241
5698
4206
619
2530
7757
7810
2463
2819
4769
6663
5720
1552
1516
1552
5052
3991
7132
892
596
6300
1563
6997
7474
6658
3971
2160
1957
559
434
4576
1362
1388
6001
3817
5366
4035
6371
3368
2694
6459
6468
2606
7135
2106
6313
5743
1148
4477
1366
1800
2387
7649
4289
2447
2124
7000
6720
7973
4581
2156
4166
4953
5016
2790
7640
6140
3632
1666
3056
6267
3765
4307
5641
1066
3779
2768
7681
7919
3863
1860
4008
1571
6671
6452
7245
5393
7873
7872
4589
4944
2610
7625
1923
2867
43
6888
6068
589
7681
6981
4423
6613
1042
1071
6433
3759
4585
913
7604
4408
4817
3373
4734
366
933
1863
1905
2026
6396
2855
3593
6628
7653
1062
7132
1870
278
7595
6034
6602
1182
1240
7791
484
4725
5464
5123
4545
7615
7500
5791
6228
5902
3092
6375
435
1275
4840
802
3863
2746
2430
1134
5948
7671
361
166
5586
6176
1138
4998
4109
3395
7332
1470
6761
4148
349
7111
7838
6146
7456
3933
6450
4177
1875
505
4022
23
1371
5264
4297
3347
7296
4657
7995
6547
7209
7408
2797
1840
4552
7945
5915
1748
1273
7366
5675
6231
3633
6600
5060
3135
2084
2958
2099
6055
11
7487
4153
1833
7058
7083
4829
5417
6368
7686
5698
4646
3348
3362
2898
722
3332
4749
7215
1210
2439
3269
3754
7831
6319
7727
2669
5888
5657
7170
3797
1516
1777
6484
4185
5857
2398
6215
2537
3795
6612
582
5392
625
1811
996
5048
1762
3828
5267
2333
2129
6757
7184
5005
1731
5488
4512
5917
3068
7182
4873
4076
7936
3083
1056
7884
4985
434
2773
3147
532
7917
4901
6023
5022
6838
6558
2013
6242
7190
5682
3770
4089
4284
6242
3476
1092
2865
1599
5006
1965
5007
5143
3421
7354
1538
2861
577
6212
1263
3036
6391
352
2774
5502
5425
5962
6743
6544
7694
2356
2950
1696
5917
3533
5679
6412
5504
1461
7715
7496
5441
327
5444
5776
5280
7032
3283
4965
3700
6849
3010
4698
1698
5896
201
7759
625
3063
2189
4084
195
6330
4265
3668
2066
4991
434
5066
7217
916
6267
1709
1457
568
7997
1433
3288
2954
2402
1984
2967
4484
1269
7615
5037
1333
2824
1427
5827
627
3091
6044
3986
6030
5898
5057
4360
3096
3023
3668
2096
7101
6208
5462
2254
5481
6341
4539
5813
6067
6757
7561
6918
57
4615
7297
5890
7849
3889
3904
1634
3782
5018
5880
136
7301
2280
3677
4567
4832
4290
6275
1392
1851
2532
1671
2842
97
5315
5354
3987
5868
4551
6302
2675
6211
1681
3502
808
1251
5843
5065
7313
6317
1415
2240
1693
7361
5940
7872
4894
6457
821
2462
2750
7353
6810
7066
2158
6875
3883
7355
5038
5328
4712
3187
7669
5219
1410
7078
4978
499
4179
6484
6100
6675
3517
7919
5965
4393
7243
7802
2792
2000
1149
5055
3287
437
2431
5078
1378
7819
3708
4245
3730
6184
852
6470
4731
557
6141
1718
5398
1284
1379
315
6859
2656
19
669
7250
3784
1639
5990
2544
1900
6201
283
1394
306
3021
6491
13
5989
5046
6055
6690
3855
2569
672
5710
537
832
3579
2997
3031
7721
7519
5533
4262
3478
5404
5456
5377
740
7421
2512
7220
675
5939
4226
6993
7738
7975
4877
4545
2267
2947
3824
6932
2582
168
4151
4925
6027
238
7326
2745
7674
3232
1828
6359
6396
3915
3995
5511
6243
756
4078
6691
7958
7725
313
5587
1509
2416
6435
3383
4189
959
2448
4406
2356
3752
2870
3014
4765
7601
2674
6059
7858
6598
470
5931
4580
7282
2446
623
6258
4482
112
2626
5097
5277
5066
4224
4639
4995
7335
1665
7953
5027
6912
4567
6211
1701
5477
5752
6280
6199
877
6171
5435
1402
6820
2809
1929
256
5235
3505
1417
6395
6353
4843
2720
4744
724
7954
3914
1199
2609
5029
272
5228
4338
7973
7827
2888
7391
6341
5635
248
5790
1413
2759
3072
6229
7514
5663
3902
4349
6033
5534
3347
6753
3310
4291
4259
4041
3625
3131
1852
2211
3569
2723
7114
4331
7370
160
4566
1971
4868
1689
6199
7205
5935
2927
6864
4406
4836
4862
4759
823
3730
5841
4605
3132
3078
6706
3242
1320
6544
7295
6297
7696
6066
3858
7235
1164
5322
7505
7864
6417
6720
2120
1391
180
7121
7229
6144
6749
301
1029
4853
2887
7033
5996
7587
1996
474
1716
102
2434
5196
1448
5673
2376
3218
3291
2090
5531
5388
1539
2663
6403
4461
383
537
1931
4653
5894
7976
3274
6815
4450
6652
3614
1840
4843
3694
361
2025
4512
2982
496
5192
140
4774
184
2012
7046
818
3146
5638
6589
2712
327
7486
4726
1267
4673
723
4112
6162
2727
7765
6719
184
1284
2644
7725
1153
2877
1384
6269
3217
6483
2570
6385
2783
5492
7646
6746
1989
5140
1586
5678
3172
1227
7906
6368
5965
2596
3721
5715
4838
6474
1450
6101
3796
4346
4012
893
6131
3406
6841
5087
7749
2891
682
2883
2558
7973
5059
1562
3903
3382
3717
4865
7586
2283
1580
980
6517
3416
5739
1660
104
7130
530
2508
3533
1402
3058
6024
5341
6700
4242
6970
3191
4088
1827
553
4454
4355
4289
3674
678
3719
1994
858
7203
2069
1071
38
3883
189
2479
7889
3564
4479
2143
6300
3655
4925
6067
6223
5158
6730
3413
6121
6175
537
6239
4534
4945
2522
6909
2823
4636
641
7667
5829
3340
506
5731
3863
1299
516
5994
5888
4835
185
563
4301
408
3109
1247
3769
1028
3704
5781
5418
6374
6554
7287
7375
305
7444
1841
7254
435
3796
4046
7152
86
7381
5703
2118
4530
3818
677
2837
7257
2344
3246
2436
1496
5563
4446
1328
260
2398
1560
5437
4466
1577
5790
6712
4867
2096
3473
273
4298
6718
7541
6176
2325
7267
7201
1107
2064
6762
5621
6950
725
56
1201
6360
6791
386
1364
4844
3916
1985
7796
474
6273
5454
85
7245
984
3523
3878
4546
1362
6548
6045
1939
6195
4380
349
5400
7174
3186
6615
4337
6620
4325
7362
4294
467
5480
913
559
3273
7404
4296
7432
4736
3832
7110
5567
7245
2407
5890
83
7633
5991
5235
6603
7711
1824
5590
7655
5263
1120
7679
3511
3461
4572
6298
7485
7437
6372
6488
7189
3453
2483
3097
6194
3031
2156
5839
4725
6221
3702
5231
429
6374
1336
7003
7606
7527
7563
3086
551
2526
5277
4839
3699
5266
45
4206
5686
7561
5564
5229
5942
3636
2932
649
3497
6393
6574
3805
2519
6673
1750
5391
2006
5073
6556
4963
4519
155
2964
5664
6119
5724
1035
3293
4581
477
827
6291
2787
2983
6592
1887
6194
4976
2270
3098
1855
510
6292
4245
1507
4520
5653
5464
600
3007
2791
3730
7917
12
7861
6363
4105
7874
174
547
4390
5625
34
672
5572
4370
2962
7264
5719
3692
4410
5720
6461
4776
6021
3674
1283
3396
4964
4863
344
5717
3419
7740
4466
4080
3817
1860
1128
5527
4889
3138
4970
2957
7915
1932
1405
4680
949
5844
591
993
6934
3745
6084
5297
5921
2698
5815
1055
5022
6445
2587
7985
6949
6561
5844
7304
1092
5974
2995
4816
3870
5555
6811
4591
5813
581
5497
1778
3296
5942
6980
6502
4906
6563
5071
2519
3854
60
2871
3038
6824
492
248
4779
5444
2152
3892
3174
6132
7512
6265
413
5926
7838
5119
3398
4585
35
3769
2600
5906
454
5359
560
5372
4392
3793
3573
1204
3773
475
4882
4370
6012
4231
7968
4452
1625
6574
4977
5822
2728
6484
4534
4071
2457
3864
7631
7836
7093
1022
6474
2343
1814
4788
7313
6360
599
4597
894
7494
211
7399
6503
3179
5070
935
4136
4178
5585
422
3035
419
5683
4970
221
5994
2981
4411
2995
6805
5666
659
6250
3080
2952
231
7837
2859
5451
2558
162
1873
6633
3372
5168
2012
986
5128
5598
7238
2786
4816
6436
5090
6654
2282
6432
2796
3202
6722
2832
4620
2731
4577
2770
1619
1125
6585
7006
5089
2544
5907
1805
4778
6815
6082
1381
4410
1174
2500
6967
3846
6284
2691
4293
5989
3640
3334
2628
7343
5500
4731
2292
4816
7091
1721
6763
3724
7926
4255
7124
201
6846
852
1293
589
7211
2201
4383
3740
3847
2152
4262
5372
3887
1279
4732
592
3774
7762
3511
1805
5467
7389
1116
4825
3603
6116
5317
2170
6812
7815
2855
5069
4793
3811
1544
3933
661
3854
1713
3291
163
2137
470
1838
3183
1312
6769
819
4219
2006
129
98
6319
789
2000
444
7308
4750
1109
2927
7820
3160
1198
5940
3085
6212
508
7520
35
4778
1011
7950
7576
1632
5048
23
3416
2386
6424
7135
4064
3437
4613
5163
1
5437
5997
854
7087
1688
4095
4669
502
6175
3461
4817
42
5610
2679
6267
2061
2189
3276
559
3730
5598
6356
7648
7825
2173
183
7133
7673
673
4744
5781
4292
4005
1443
6548
7908
382
4244
7024
7968
2313
6840
7405
750
4799
7530
4940
533
5634
1434
5758
102
6198
5232
3356
7684
1813
6730
2204
1585
3903
6567
3409
1594
552
5364
1984
2448
73
7141
7064
1959
1819
4290
1828
2465
2208
1945
980
2083
932
4490
6788
2902
1173
6649
2682
5322
2822
5369
6811
1896
7519
6603
6492
3708
83
3536
7547
5219
7483
6498
3628
2921
207
2634
1426
2842
3077
5003
5379
2492
3555
5846
5628
6985
3243
7601
6788
3765
1865
5663
1338
5579
7521
5872
2906
306
4268
5028
983
301
4743
2877
106
7866
2804
2759
591
1830
7716
5585
2774
805
81
20
3065
338
4072
2802
4709
3721
3395
6336
6659
5259
3508
7255
5305
3356
4419
5541
1181
4776
3877
1668
6469
7874
1381
3370
5704
2112
5158
5204
2884
7906
2812
597
22
5851
7888
7537
1921
6548
5247
77
5205
1091
5413
6452
2184
5803
920
1704
1492
617
680
4729
7778
116
7035
2859
5771
7325
494
2616
4477
5429
5001
869
6796
4487
297
4883
2443
125
3954
7829
7326
4097
5836
1767
6456
6915
4474
1798
7581
419
1178
3710
7197
2765
620
4375
5696
7622
4022
5321
869
2582
1013
7224
7549
2665
7753
1507
2553
6266
6081
1249
502
2136
5836
7549
3375
7320
7032
5119
848
678
566
3791
3065
5870
3648
5930
1819
1845
6637
1865
3430
3094
4167
1087
1687
1672
7843
7346
4218
7549
6807
4029
5141
397
898
6364
7280
2100
7698
1171
7270
1808
6135
1041
5952
2561
1140
3219
6716
708
2595
1957
712
6419
7253
1309
2617
3784
3793
4672
6169
1756
7061
7920
3056
5052
3251
4639
7307
2043
5098
2758
5719
2065
5604
4073
3243
1651
5256
3671
5728
2205
2921
4590
963
2923
639
7258
3798
1912
5366
7499
5516
6432
3564
6041
5165
5592
681
535
3272
5777
2568
5046
7332
5509
2874
5435
6741
6416
7354
3901
1230
194
2119
1924
6945
5044
775
182
6331
3366
1039
5704
7575
7425
125
3570
2066
3387
2169
7662
4615
3794
3429
6596
7377
5082
476
6400
3957
368
917
5533
2537
6376
3106
5517
3908
3142
7797
509
3292
7081
7512
7560
6061
659
5621
4348
1538
2818
1315
6081
7712
6860
4600
3293
3800
3007
4189
1104
5775
6406
7584
4311
7787
3259
5792
352
820
4136
3040
7089
2189
711
558
475
738
1878
3016
3068
1342
3406
6386
4289
7893
2861
1424
1990
2536
92
3081
912
1908
4072
5477
7681
7703
2688
1492
501
1180
7971
5800
528
6765
3592
2688
231
2314
2166
1668
6402
5685
3406
6233
2113
2999
2804
613
7598
5477
6983
4015
6846
7628
7072
3473
3773
4052
4201
3312
541
674
208
7742
4367
6456
3741
40
105
7440
4483
7127
3256
6981
4423
6888
2232
420
7086
2074
5231
4124
7279
2386
6016
3778
3198
6439
340
897
1166
2579
6001
4018
3183
5404
1846
6293
5405
4782
5754
4063
4854
1136
2269
619
6194
2890
1222
5102
3173
6052
5570
4966
5724
7385
5071
706
2776
289
7742
3612
88
3577
580
7996
4823
3654
5596
2388
7040
3747
412
4342
3102
2854
970
2748
3733
102
7100
368
986
4855
3130
4975
1838
1306
6897
1771
31
724
5520
2319
5744
4879
4515
7453
6159
7683
2350
7243
47
721
5635
5881
4794
4600
3435
4631
6075
1463
1164
7962
1156
3910
7655
4834
2465
7013
7253
5079
7675
2574
7312
4389
3803
7704
2137
1311
7631
1290
3535
3109
3202
4316
111
4321
4370
7409
2315
4265
510
7798
422
7217
2230
471
7631
4964
430
3597
7029
7588
7263
93
5533
7038
6279
1267
3147
5679
3332
6541
4275
2014
829
4429
5175
6300
5792
4785
5162
910
2812
2235
1441
4291
6068
3562
4538
4857
3543
7487
1860
2521
2278
1811
1990
5202
887
890
5319
3862
3309
3198
1421
5710
4630
4527
90
4404
769
4786
7784
756
928
1785
334
7821
620
1980
969
3357
2145
4972
2134
6941
3948
1208
3288
5968
5452
5869
6741
5011
4489
5870
3411
420
629
1529
5126
1340
3336
4590
7464
1048
603
2344
3406
7379
1157
3548
7954
4313
2407
175
957
461
4960
1007
2971
5768
7319
6562
974
7151
1650
2474
380
5728
2368
6414
5743
1317
1698
5897
318
853
2104
7406
3595
3714
1706
4019
5571
6015
3530
4098
764
216
6091
3669
2614
7658
2493
2709
6660
7000
4169
5286
2776
7808
6375
6267
7963
269
5501
4966
2198
6040
7359
2909
2520
28
2580
5197
3995
6857
4932
2524
7065
2376
3442
1848
3942
3298
5200
2057
2422
4384
3318
4560
680
5139
4488
1564
4417
3644
1525
7160
1206
338
4479
3929
6627
5208
1286
4526
7030
2835
1960
2855
2789
6889
2847
3966
2090
6825
6667
7736
1012
4701
433
7943
1345
5558
4017
5721
2277
1713
4974
5163
3656
549
6074
5551
4315
6174
3954
881
5990
2776
6992
2330
5701
6661
4184
2486
1282
5515
4466
1134
3499
878
782
2194
3667
1371
4249
7547
1943
263
2268
5916
764
4905
5293
4109
3631
7781
6499
4216
3886
724
63
2657
5067
508
2848
6884
6472
4062
6586
2012
3355
2275
4950
2478
5117
3438
2622
7385
3582
2851
4850
1880
7398
7456
3939
5577
7033
5852
2185
394
1557
5396
6941
7544
677
6418
602
3191
1296
4046
5677
2666
1621
2216
4376
1911
3041
1309
1712
7032
6136
6170
576
5022
7238
4877
2236
2532
6072
6712
1369
353
7932
3342
4218
4912
5830
7861
674
1178
118
3473
6066
3276
2235
3281
1835
69
3648
567
181
1106
6902
1754
6543
5752
7899
1301
141
2149
1021
2703
6323
6854
3206
4546
2688
12
166
906
1451
170
7142
7584
7709
7328
5031
2052
5676
5095
6344
1513
7546
4996
2386
6556
4280
624
7268
3302
1366
2126
461
7518
1166
5727
2822
7954
5005
4491
2003
4419
5536
1101
7455
7905
2166
2736
4524
5813
5531
7329
1119
964
4771
7797
409
2659
6510
563
98
5524
2769
5956
4100
3116
6493
4944
347
4672
813
7226
2943
6979
234
3738
4842
7041
2104
5512
7740
6978
5967
1007
7975
5854
1996
6853
7593
903
6998
5798
5363
7657
1082
228
7723
2586
5740
729
7345
601
6589
7828
1797
593
422
1238
2563
50
2430
6814
2493
4055
4036
1633
3005
7787
3451
2803
1868
1967
19
4260
2601
6037
327
2077
3033
4964
7610
5605
2430
3774
5773
1688
1762
746
3722
2133
4105
2734
6126
1286
2939
1308
6667
1975
6284
4732
7475
5609
1559
3432
1104
5977
4003
7411
2975
7474
7973
7366
4710
6587
1906
497
3965
7439
2165
3932
6397
4431
2881
5333
1409
359
6331
6150
3694
2921
2905
3486
5274
6410
3385
3587
6278
7457
2561
1895
6212
6293
315
906
7766
3990
2906
1338
1867
7700
7242
5650
4747
299
3335
5358
3072
109
2748
1126
76
7169
7302
2846
4278
1089
855
2158
4172
4697
1751
2784
1599
4225
156
1478
321
903
5306
403
5311
6780
6936
4761
2405
6734
5313
129
6488
945
7005
6604
7733
5057
4127
5459
7471
7437
1402
6794
3939
5880
1875
7659
2545
6393
503
6675
3103
4958
5658
1106
6457
1917
7036
2876
6496
7460
1549
4630
5191
6412
7888
7394
4470
3458
2205
5352
2588
451
5142
4399
6103
3433
5053
57
1146
4725
4508
2321
1040
263
728
7398
7547
5872
197
6776
4222
4257
6489
1388
2073
762
7855
980
6859
5050
7897
5250
6730
1620
3100
4617
3124
6448
532
7683
6981
4582
7129
7299
6098
207
5414
5652
7614
5993
7660
6210
7039
3153
641
2979
3038
4240
1097
659
2869
1584
6254
3098
4596
7932
2889
3852
933
816
1975
4799
2974
1854
6241
3140
6574
6607
6400
823
3119
2935
6587
244
7698
3030
5139
7746
3071
254
3353
2172
1685
7113
6683
108
1
4007
78
7385
197
3502
5554
3117
5678
1344
3133
2665
322
3979
5663
7946
551
2425
5404
7520
2459
1756
3736
1372
3630
1378
7969
5441
5563
4332
7713
154
7266
1130
2286
5504
1017
7397
1894
6054
7990
6968
5185
6833
960
7812
5131
3145
4385
6807
4325
3982
7490
5816
196
4875
7283
7200
4900
2396
2815
6260
3181
7426
1485
6407
2841
7250
5612
755
4752
3556
5168
3121
6300
5654
7432
6170
1894
7411
5067
5636
739
1295
2865
2666
3279
4474
6723
3796
3110
6461
1098
155
7339
4110
7062
4263
400
969
1809
6132
5303
5707
6296
3967
3025
5823
4207
729
5070
6329
2249
7558
7337
7499
4458
72
7553
7819
888
1433
6767
3010
3193
4763
5922
6259
7040
7980
2973
7913
7626
4288
5780
4456
6440
4152
7081
6012
3426
3086
5799
4214
5085
3872
691
7413
7751
6553
4245
7492
3648
2102
4759
4817
575
2080
3940
5671
3943
6819
7301
7512
1505
2093
6275
2493
3574
1947
2240
6241
1280
5784
4614
2223
6959
1133
3945
5323
1843
2153
2396
6881
5525
4362
5758
2092
90
1992
4341
3818
1646
6338
6398
3748
571
1348
7453
1922
2536
6981
3476
5206
640
4133
7123
5210
2231
1259
2306
248
7449
5510
4173
534
2416
7602
2161
1636
1133
1706
7069
671
5725
223
5401
1262
2929
1505
7185
4861
7017
1705
2479
1946
1071
3436
891
3200
5496
7609
6580
3529
5205
2552
2333
830
2865
153
7029
3
508
7244
6655
1003
2394
6422
1389
4688
7730
6165
4835
7641
4539
1709
1807
6834
7820
540
3940
769
178
3643
7279
4228
7500
3023
1697
6066
5096
1809
4436
5829
3352
3454
443
5703
3205
3754
5404
6165
5934
1236
4474
3082
660
1634
5060
179
1833
5735
5740
7754
2663
2026
4053
2415
7443
6346
3510
3015
545
5187
943
6047
7583
2857
7229
2752
5781
7796
5131
3547
2517
1470
1638
3498
3829
1478
3609
205
6801
4731
2681
3822
5015
7581
7796
2324
1238
1806
1053
4607
609
2766
5075
989
6642
6774
5371
6678
6302
4
1008
5224
5139
1788
189
3388
3516
6823
5495
5127
4450
6961
2607
6702
199
5359
6375
5416
506
6717
6291
1437
5889
2550
1370
7112
3489
4957
5160
7190
5422
7480
5897
2768
3240
4772
2673
1110
1841
6250
919
6091
1437
1816
2994
3252
7576
490
7330
5189
7613
5336
3719
2350
7009
2262
1123
6969
4159
5400
160
7626
7421
5768
7119
6191
2718
1120
2048
7598
7607
2930
4637
5739
1679
3941
838
3039
3806
1353
2192
7396
5748
434
7439
4746
3300
1408
3722
7840
3711
2587
7985
901
2823
3409
6315
7468
1929
1695
3000
4883
4671
713
542
7034
416
2810
5135
2223
3910
7859
5449
6406
3315
6976
5165
3617
7115
1898
3485
1092
6404
6859
931
7505
861
4207
3964
3054
6340
5558
6468
2768
6175
3590
4688
727
1917
7554
3049
3408
3498
724
7117
2325
3452
4473
6279
2717
774
5273
3939
3677
1065
6037
6241
4068
7594
5491
6194
6692
2709
1150
1882
4194
1926
3671
3635
6252
7531
7132
6584
1583
4008
1808
7095
3276
40
3899
7930
6710
351
7498
6781
6845
7961
877
2651
5158
1838
722
5556
5311
2676
1970
2037
1999
5377
859
3504
7110
4657
7383
4310
7008
969
4412
1617
5274
1015
1456
3399
3933
683
1112
2641
5357
7654
20
4256
2891
2589
1856
3482
4205
5067
812
653
3432
2951
3603
120
46
835
2407
889
107
7821
2377
4655
3616
1679
310
7021
6917
397
450
7609
3234
2721
177
4327
110
1399
2640
1395
7870
7574
4367
2127
373
7841
4160
3878
6085
4733
1200
3965
1300
2724
1589
3927
20
7833
4789
2729
4241
4101
500
6190
3433
7695
4453
1371
4182
7953
4155
5949
1265
6585
3389
4723
1818
7280
6759
4969
417
301
75
4873
523
3973
1782
7772
1919
5898
6697
3446
5175
873
390
6498
5242
5295
4605
3483
4685
2493
5471
4861
3112
4710
2189
6864
3618
5089
2237
6834
1312
1818
6067
7611
3565
624
760
1011
2010
2085
4421
7358
3085
1272
5850
6684
4333
7254
2642
6293
6201
4185
643
2773
1078
2600
5043
7236
3721
4982
7867
7405
2132
7069
1278
1390
2812
2217
1513
641
5181
1742
4397
3136
4683
6552
6566
7999
2586
6250
6870
7367
3682
5538
1604
1561
1637
4919
4354
1236
7439
6099
407
3857
290
4531
4401
3637
5177
1929
4249
4851
5259
7312
764
502
4023
855
1202
3410
4474
6809
5287
5160
3171
2495
7248
1169
6615
1596
2976
1485
5441
1756
3779
2515
5863
6601
2177
2643
3949
1644
5863
6632
614
3292
1355
6996
5570
7005
818
1411
1820
6684
5331
6041
5969
367
4791
6250
5728
5482
1232
3384
6580
7316
57
1174
2476
3529
7393
5115
3042
7876
2719
5447
7621
6179
7170
5033
6429
2093
4415
2949
632
5632
5258
2961
858
7924
7502
5543
7401
6960
4984
7624
2943
4684
5221
312
6523
1074
6094
3030
6857
4272
1619
2992
4950
4840
3902
2468
2962
5433
1955
2132
5423
1925
5674
460
7442
5395
1286
122
6073
1464
2878
4165
1497
3179
7189
5354
2183
7989
3127
5135
863
3776
385
381
4296
352
1705
6106
3595
237
4445
4225
7292
1893
6128
2769
4758
406
697
6041
3021
245
2771
1400
7107
6411
3313
1449
7880
2536
3533
2703
1076
3401
7965
3801
1074
2715
7992
4892
6124
7522
859
2145
7735
3856
310
7105
6073
5106
7565
6439
5213
6226
2402
3771
2333
3593
2738
1186
2139
2083
6441
2591
2590
7546
6813
1561
7846
704
4791
1373
1236
6522
3753
749
4685
1713
3831
1315
3723
5033
4929
7817
7580
3915
2566
20
3225
1141
1716
12
1624
3941
843
1877
4922
6420
5024
7261
5064
6150
192
5756
91
2350
2201
4666
3008
1308
162
246
4930
6735
6153
2330
4636
5238
1866
1010
6287
4123
2704
3318
1866
1658
3252
5373
5258
6792
5208
7219
7442
7931
2968
7026
4007
4712
544
7129
7429
2859
6020
5776
3793
2114
7542
3119
5846
4355
4196
6846
307
6215
1836
5302
7279
3017
1604
6450
3005
1151
2950
3634
2360
5916
3223
4254
1369
5177
2
7962
3846
3799
6761
7731
629
3183
2226
4617
2366
1085
651
7605
6916
90
2581
1887
5781
4561
26
2164
2260
7301
7258
367
1226
2657
7290
2300
1777
6877
7102
7768
2307
3434
7316
1509
563
4802
1903
7491
2445
3772
965
4603
7729
5246
6107
5227
5
5601
6971
3910
3707
3906
5156
5669
3094
5438
1109
6721
7744
7767
669
7084
7231
407
5841
1513
2138
737
7361
258
2
3021
5796
4548
5557
6448
4962
2443
7354
5670
4420
1126
2247
4294
2523
6971
6715
5287
1316
4340
7018
4573
575
705
3045
7453
5714
5382
4126
6947
2727
2799
527
2340
2233
5599
7841
1114
1051
2341
4991
843
7735
2702
5241
3784
3308
1361
4200
857
6707
2060
7643
2930
4467
1340
2860
1657
7966
5327
2744
742
4209
6492
772
6394
2540
4563
3964
4512
1675
6735
6641
1051
651
6475
5117
4296
6087
7090
729
1666
1127
