6318
1744
2803
4554
6284
6276
7822
161
3223
2316
7302
820
5347
3626
936
5633
1828
3160
2627
7252
2494
3309
7234
3196
7746
7085
5025
2821
6538
2933
7987
1587
1633
448
5686
7704
942
1549
688
5029
2265
7116
2459
183
5293
687
2089
4137
6081
7152
28
3755
5860
4474
4592
5589
2545
6160
3947
5111
5236
1546
7823
7894
7494
6464
4696
4266
5970
755
7651
6042
3865
3104
5742
6360
5410
603
5657
7187
6805
4451
6460
192
665
2807
3944
6843
770
5277
2177
546
5659
3209
637
7924
699
5916
7257
1704
4043
5750
333
4302
4189
5805
7136
5211
6023
1351
3816
4969
6259
87
4933
1038
6968
3209
5221
4252
5580
4494
1928
3769
2851
3838
2534
1811
7570
2898
5402
5243
2023
3863
132
1137
318
307
3421
4461
2269
2821
7030
5064
3288
3068
7228
3499
1379
3831
470
1033
6121
2855
3056
1498
4035
1137
987
4599
2301
7400
535
5180
4608
6655
2165
1649
4878
4860
2877
7216
6465
1700
7742
4699
3061
3598
231
924
5081
2170
3417
456
2018
2539
984
6381
4941
1790
6649
7805
7010
4686
3484
1835
1469
239
1946
7765
3271
5307
3059
2675
489
2157
6399
7165
1383
5753
1318
7293
5311
5566
7902
3417
4238
4832
4370
7574
1706
1154
5408
4711
3871
392
4818
1204
6028
3334
4924
4767
5378
5985
2072
5219
5616
1271
3230
7994
1246
7638
2350
527
4526
6127
4506
3553
7005
4045
580
4801
6918
890
5071
3234
4069
6851
5462
7549
5096
6052
7705
7836
2444
7163
6056
7352
1026
6112
710
589
5250
3196
3626
5109
6992
4031
4173
5699
7574
6838
2515
6880
3554
6968
3431
6927
2987
6660
6220
5308
7761
686
3086
3187
4178
5666
3113
1896
4222
5747
332
5064
6532
2046
7462
4159
3653
4939
1443
3388
3075
5666
2253
1763
103
5695
4573
2641
3841
3771
2228
5121
3855
5962
6056
2933
6061
1778
5319
2278
2744
4764
476
2425
3326
3641
7895
4610
308
4645
5534
7836
4051
1920
2187
176
7707
307
1546
7716
2020
59
7328
4963
7093
1454
2695
2683
4240
5204
217
5924
3634
6781
7642
5307
6659
5413
480
755
980
7626
1156
377
6563
6630
2124
1750
1250
4540
504
198
1818
984
2323
5374
5400
5853
1470
7567
7869
6375
204
6334
365
4784
635
1123
772
7521
5234
7932
6623
2647
7469
93
693
6152
2923
2626
684
6879
7658
6175
675
7874
6774
3700
7880
1120
1339
1276
341
2229
6748
3234
903
2567
3612
5745
7572
5683
2281
4590
4398
6147
304
1427
5191
7958
2569
450
525
3816
6226
3716
5043
764
1914
6282
6589
3536
4202
445
4725
5516
6232
2519
2767
6845
4628
4378
3019
2011
5154
1901
1054
413
3358
7997
7736
5458
2023
4277
6558
1116
235
967
4286
1223
7418
4400
6978
7251
2495
2681
3564
7313
4365
2985
7287
6648
3803
325
2701
6806
6499
7089
6978
2336
2466
1760
974
6100
657
1732
6035
1933
7570
4527
4159
4796
6015
7487
1043
802
1162
3001
786
4753
4627
2288
6661
5051
3019
3446
7350
6990
7417
6051
5338
1980
3426
6312
3470
596
5376
6966
4547
6361
7524
7341
7656
7959
6284
883
1076
4348
7241
4697
4406
6349
177
131
3433
7746
1217
6726
2014
4773
1902
1284
2593
4994
279
5527
1622
3442
353
5568
7568
426
4274
7216
603
3441
7126
3085
685
5783
5893
5820
2453
6576
4203
7670
1712
6151
5674
6666
2626
6886
4009
5101
5987
5604
6886
2507
3975
5294
1820
225
6298
6686
6613
4066
7547
222
5818
1644
7884
7709
5934
7801
2554
6730
2709
3732
6449
7392
3114
1279
6684
4421
1655
5441
497
6501
4387
1754
2816
6551
1935
275
5175
923
2697
3218
2734
6098
84
7021
1300
62
2216
3847
7532
2539
6927
5342
2607
4026
952
5918
3433
1040
7066
1950
3480
5959
3629
5305
6312
1719
6185
5875
3419
6793
1538
5308
2042
1839
6332
6188
3230
7907
4570
4250
108
675
3782
7381
486
6564
4107
5387
7727
1021
3129
6513
3502
1629
3727
6513
612
2212
1861
2777
1635
6450
5246
4696
1153
7062
911
7079
7586
6338
2013
1368
156
2472
5819
4666
2376
2343
2743
7408
7515
6643
4657
7455
2168
4679
6026
41
6457
5882
4807
7341
2106
3838
752
3812
2562
2019
2858
6786
1081
2208
604
7016
3356
2661
5095
1178
1309
6896
5533
4441
632
860
5810
1655
2795
4433
6132
6710
6692
6588
5507
5631
3504
721
4777
4941
3249
4701
5372
244
4773
6477
867
668
3663
5437
77
3904
7903
6477
6436
4590
6005
3394
6131
3630
6502
7738
6648
2749
3840
3428
6381
1068
104
4117
5816
6980
2374
6374
2975
5156
7265
945
1464
2266
70
5524
3906
94
1087
6469
3738
1297
6395
2451
7601
4957
7832
5306
3392
7554
4778
2936
7331
6280
7053
7162
2335
7485
6550
6425
2045
434
7464
6733
4467
7337
6155
5295
4203
5111
6320
3586
4270
6044
4854
7922
6710
7024
6474
6513
3030
7435
199
6787
3078
3086
1617
7614
1215
3815
2528
2653
4274
4682
5907
7365
4329
5049
3568
6825
1721
7156
4682
1669
7334
2295
707
1217
2332
5585
3832
403
7184
6338
6681
750
6627
892
5333
4380
4221
6802
4346
5447
1148
6623
6615
3710
2384
2031
4890
6009
6256
7526
2786
6523
7135
6143
290
3263
7585
2891
194
2315
2436
6392
4099
3486
2598
1610
7781
2686
2138
1001
3226
419
3944
1519
6201
3625
7624
2445
4008
3185
555
2030
6462
6444
5628
1734
4124
2967
6697
5873
4157
7586
2408
7247
225
4273
1513
1014
2632
6459
5584
2865
4101
5003
7271
2593
6186
144
6137
1928
7410
3805
7861
3448
5543
5965
5425
3970
2527
2122
1684
5210
6382
4297
6679
750
237
3690
358
1726
448
4514
4989
1754
2497
1974
7618
349
1799
4889
7489
4070
4810
147
3348
3715
5318
3784
207
4118
5420
2015
5589
3490
7145
6923
6544
3450
3721
3961
766
3191
6799
7504
923
6120
5218
4204
7473
1788
6113
7634
7712
1726
6885
3654
4502
7004
6057
680
3575
3330
3379
4207
2088
5114
7930
7305
1894
2948
3996
6119
3795
6865
7757
3183
3711
1833
5147
804
384
6096
2287
3892
1942
1156
5309
1971
3709
5428
4452
1144
3177
3620
690
4527
5174
7393
3058
6135
3416
5034
3024
2390
360
6363
2161
7671
5283
608
6104
7464
4839
5943
6347
6129
6944
4745
6346
3238
3766
7574
3679
388
7710
7344
4562
406
4033
4215
2635
4281
1939
3837
7994
7480
7582
4323
6857
5919
728
1043
4330
4401
4471
1809
3727
96
4516
2204
4322
79
3711
4855
3949
3700
6494
6220
1735
7089
7123
673
3798
5629
3589
7553
4816
5268
7053
910
4939
3768
1769
6519
6725
2435
5208
4948
233
581
577
6881
2053
7178
6371
4935
6000
1831
941
6824
1791
1072
4775
3104
3615
857
798
521
2971
5183
2949
5644
4152
6031
157
5523
4370
2275
187
2463
7740
5433
3360
7927
1392
4745
2593
467
4934
6178
1263
5973
3357
647
5531
7626
3511
4862
1343
6165
1753
2389
2738
184
3311
2665
5290
2349
5381
858
7182
556
592
2583
2287
2289
5093
7281
7967
1126
7816
5031
6160
7273
804
5458
3094
7723
1326
7020
1134
1318
1723
3945
6569
4764
6758
2396
4597
4179
7284
287
6552
4874
2279
3377
7342
3895
3352
769
3439
59
1237
5921
3746
7673
7052
7771
3575
7401
5069
5178
231
3399
1172
2193
5976
6364
647
5916
6396
5836
3
4337
4585
676
2678
2013
1320
6027
3906
5183
6113
5230
4526
1646
5503
6198
2631
2673
3978
6680
3233
6168
7596
695
7693
5662
4612
4760
6084
4913
5918
7077
5241
855
2402
3881
7613
5921
2641
2048
5964
3264
2385
5034
2336
3042
4068
2459
5305
2439
4030
7562
867
4010
3320
1269
3839
2512
5931
3445
1671
4295
6344
2959
385
3511
2289
3785
3358
5626
4130
4034
6357
6321
780
744
4710
5318
6096
1021
4784
4118
5867
2888
1426
4069
2493
4702
4144
5515
1884
4416
6680
6264
2403
7854
125
6138
5733
4636
508
6711
3156
1938
5012
4814
4513
6980
5876
6736
7454
351
1484
286
2648
1132
1490
1325
4958
2859
2916
3588
803
4082
7416
2583
7046
3787
34
7346
4083
256
20
5103
1739
2235
2623
4153
2221
4912
7962
6596
5115
768
66
5416
5872
7963
5725
5923
6743
3152
597
5537
4412
6453
5542
5474
1741
2729
7702
2162
6151
4735
2761
5026
1768
6129
1135
6724
739
1907
890
6983
26
6611
5489
3963
4359
4309
3318
2472
941
1624
7296
4544
6759
5723
1998
2816
917
930
2429
7579
6491
1423
1704
6058
4679
1196
1341
4443
1798
6978
1793
6778
7157
5949
2841
827
328
4949
6718
2383
295
3571
6318
699
4686
2814
6960
6886
2824
4495
6816
3057
4929
1340
1076
5503
143
3804
5155
1488
591
4924
3290
1447
1954
2741
3798
979
5241
5298
2184
6660
3805
146
5823
193
7763
5163
4991
4638
606
6637
6452
5823
4394
1082
1697
3885
4296
1540
4076
5106
7031
3895
7523
6897
981
4767
3560
3227
2321
4121
7310
5620
4251
3496
2812
7543
3441
4203
453
603
3288
3005
4305
3068
105
3453
6099
3117
3492
2192
7736
3130
4408
4168
7055
6593
3257
6202
314
4656
1240
1175
3665
7705
832
2589
1148
5913
279
5572
3681
1795
2819
70
2168
7179
4092
7631
5241
4960
5975
3258
3436
4657
6688
1212
4184
4030
3177
4081
3145
5664
3664
6892
6747
5451
5286
1168
2191
6041
6761
7043
7939
5286
5383
2956
6550
4639
1528
5749
6665
3902
2794
2756
7258
7306
3398
7323
1421
4100
3348
1850
7555
3073
6967
6856
7663
6120
2016
4804
187
3187
597
6818
1964
1736
7745
4702
379
2371
2977
4570
4130
7923
5977
6070
7795
5640
3733
939
434
3153
7692
1205
7232
4271
4792
872
6098
7338
7987
4037
1771
3979
5147
6390
4462
6656
2463
960
3344
6224
390
764
4842
7
4657
2940
847
3625
4341
1344
5152
231
7459
2919
2587
4195
2772
3142
5529
1829
6147
4478
5541
6027
2957
7011
7318
7961
7139
3384
2011
5929
78
2430
5684
6108
6796
3718
737
6281
6051
750
1449
5762
2667
5361
5393
2505
3749
7608
3043
6143
2403
7887
6901
865
3394
2928
723
6137
3819
6068
4823
892
1951
1574
7166
4910
1397
671
4435
1623
7594
4348
2013
4374
4017
7610
3472
4125
1050
3705
2007
764
2624
3960
532
3129
3448
1424
4076
7487
2626
5426
6438
1877
4678
2806
3342
4606
5716
298
7046
5153
7726
4348
1162
882
654
2476
7459
3338
593
3845
1584
3959
4215
409
6350
7935
1154
3272
4239
1315
354
898
1573
5943
4165
7262
1097
6898
4734
1634
4450
4592
4787
1055
5405
6150
4048
5375
3196
2154
6821
4262
1249
2004
67
6426
4722
3319
7595
5573
2704
3844
3963
5319
1121
7102
1210
6030
5368
4654
356
6421
5716
1499
478
4876
833
3662
2956
4446
1843
3391
7193
5175
4070
6818
4908
2269
4790
3131
7775
6127
2955
2054
3510
6046
6401
407
5074
2487
6401
1142
6423
6985
4648
4860
6454
6576
5652
2760
1118
4631
35
7399
2968
4839
687
2471
7097
6556
4337
1741
5990
4404
658
4584
5215
5536
61
664
4462
7984
5424
5025
536
1742
4933
3392
6448
6686
3513
4648
420
97
2533
3598
2555
239
7516
6534
6629
3410
7682
6475
5085
5914
7007
842
436
5712
3464
7051
2574
499
5569
2535
6264
5981
575
6690
5079
7011
1719
954
1929
801
4798
7877
1082
5536
1186
5648
2382
1847
1627
2945
6113
4929
7435
2041
4059
1753
2149
7899
4172
3523
5163
3701
2080
5110
1952
639
4776
7109
2191
2138
511
7359
7692
6868
687
6147
3574
2482
904
4097
5081
6271
560
4454
5583
3769
7112
7181
477
1497
3526
1175
2304
1565
736
7235
5020
2267
5806
1309
3558
2988
6839
7936
6784
4255
6462
816
789
6211
5736
3120
3821
2630
5113
4954
4967
3821
4619
3660
603
5207
7140
7513
641
989
3609
6908
4739
7889
6648
1151
6949
3367
1875
125
6169
5100
7849
2596
4944
3816
3671
299
7911
1299
4250
2016
893
2182
5646
3529
4449
4802
7232
4794
2394
1973
5558
4521
3924
5778
5458
4503
3011
2059
228
7601
3419
6935
4318
7644
2356
5669
6699
5285
3923
2270
7761
6205
2359
2391
1992
2317
2792
5254
1700
4876
1457
2076
1616
7993
3359
6226
4074
3900
4866
7518
3210
1472
600
807
537
3631
4481
2320
3315
7830
5570
6385
1123
6329
3697
6433
4711
3630
6921
2556
7603
3607
6998
4615
1257
2106
1840
545
4486
3479
5007
1259
2796
4039
3645
6421
130
6278
6051
2850
4949
5181
7066
1860
2788
3099
6315
6528
4848
1304
285
4302
879
3628
7331
3348
3947
7047
5629
5463
5097
3161
3198
7470
4615
1061
7758
6660
5711
414
6343
3829
7882
6132
1318
485
5898
5696
7874
1739
2010
3507
7113
1835
5991
6039
2118
787
5121
1917
5935
4169
4540
4070
6955
5348
421
7942
2994
6875
1876
1713
2470
6147
1046
2853
7348
6755
7097
6625
782
4265
6506
3643
923
1595
7333
5473
4700
7272
650
1636
1368
6039
3709
2080
1194
5793
7621
572
766
1990
7027
6569
4488
3560
7529
969
16
4550
5440
6960
5826
5048
7160
724
6850
6883
5175
5522
5783
1948
2531
7908
4102
2167
3369
6690
6247
1993
1714
10
6895
1644
5461
5950
4452
6916
7741
7443
1387
3529
4943
1329
179
4644
6461
446
4172
1561
5829
7525
6388
5923
6725
1910
3489
554
5325
1560
283
2301
6359
6175
5874
5041
6422
2564
6291
6390
792
6148
1246
6224
3374
6251
4308
2898
4067
2317
7885
3159
2133
1369
5920
4115
4771
3456
6562
3572
4464
899
3673
2081
4130
3111
2867
6873
1521
6608
4291
513
5184
7506
823
5952
3969
404
6911
1395
6397
4886
1185
4307
3657
3334
81
4100
3615
2152
5277
2307
3051
1789
886
5514
852
6909
3891
1572
1899
5948
3171
2912
1020
4277
3194
5322
1428
4354
5092
2781
4345
7993
5081
6205
3408
7178
3547
4616
6341
1643
3933
833
2829
3348
4651
51
2470
662
3972
6082
2574
5371
4899
6896
5355
460
6328
2605
546
6317
7689
1012
7997
4453
7422
5698
3461
3464
5251
2188
397
4412
553
7651
76
7247
2830
1479
6979
5658
3106
7590
3450
698
5351
3342
7191
208
5131
7963
3309
619
4551
4249
7844
2169
1615
7606
7602
5173
1721
3233
7101
4495
771
1395
2864
2462
3078
7330
3308
3192
4173
4435
7914
7508
152
1135
6272
4320
1996
4668
2913
5732
2115
7034
2350
4671
7089
1860
7472
2645
1016
7838
446
5986
6189
4673
5338
2552
3043
7420
4039
6035
5080
5927
7641
6603
1704
2344
5062
7671
7611
6890
3669
4374
2931
3279
1595
5880
7762
3159
645
5456
5248
2105
371
4637
5523
5761
6474
7545
7304
7382
3262
1954
6511
1493
1647
3883
2825
3771
3674
1742
4103
2394
2436
56
3103
6006
5525
6555
6508
6686
7325
717
4905
1831
4835
107
2129
7248
1680
5510
635
1328
3313
2831
2639
1174
7963
1825
261
2181
7143
894
3936
224
3984
4444
2225
1499
3423
4619
869
816
4930
7616
7478
7445
5663
8
7074
3635
679
7884
6913
659
151
853
1081
824
7740
1248
2376
4609
4147
6368
4771
3812
6765
3506
3747
5262
5266
3247
6584
5225
1604
3076
4658
7595
6252
922
346
7457
6264
3762
6766
3946
495
2640
6061
5290
1883
6746
3150
1308
1138
1138
2669
4069
5294
5299
2748
6337
982
4861
1076
2158
7814
503
4799
6579
7132
6092
1101
2583
7352
7536
5000
2530
1082
5542
6158
3180
2043
7738
5950
4133
3498
1080
6866
6706
4256
7442
2520
5749
2040
3869
3014
6635
2405
7988
6070
4779
5750
4805
3726
6940
1865
752
6437
1302
6578
1836
3622
2700
5563
161
2252
271
3049
5408
6531
7355
3687
1249
4493
2892
5357
4883
6772
4293
6768
888
5886
2832
7571
4976
903
2370
5993
2482
2183
5500
3917
2615
2662
1812
3297
157
1054
3129
3763
7731
2462
2991
2694
2329
6953
3676
4030
1452
3189
3021
110
7260
1203
2538
3962
7120
5176
2735
1608
1230
4707
1443
3761
6414
2305
5851
1186
158
3313
3369
4823
4391
7700
5253
7059
7158
2032
2818
3428
699
394
7135
1835
7914
469
3754
3200
6920
7800
3272
2012
616
5147
639
426
2264
159
4263
1445
1361
1412
1104
7374
1868
24
4343
3023
4769
4224
1900
1099
6968
5254
2414
215
2964
7
2010
6699
274
7838
5173
7713
5029
5447
1079
5008
5042
784
847
1927
6993
3373
604
4957
2
4077
2822
4236
3498
4889
7503
554
2736
1643
2006
7227
2750
2349
2132
4191
3942
5115
1916
5106
1566
380
6688
1592
5238
5904
2580
1039
1947
5674
1021
5260
76
3439
363
3241
1739
6573
1628
959
4211
7204
5149
6849
6884
4437
2320
1811
5589
5478
7587
5211
6676
5864
1535
2965
497
911
4233
2013
872
2828
125
4153
3074
2203
4382
6979
3475
7457
7637
1453
1150
1392
7753
6434
4419
2592
3500
6
4808
2162
6578
5624
1360
992
2386
4035
6293
4234
9
2449
3418
3129
1815
5099
2223
6754
3952
711
5746
1336
1806
6179
7058
2225
2500
4070
6994
426
7656
571
4408
1108
1539
2328
3028
4167
509
888
3393
1017
202
4252
4863
7302
7017
4706
2694
7035
2181
644
4917
7399
2260
4236
247
1937
145
2968
2278
7273
6004
1523
4058
5911
1536
7669
7198
7008
4445
5366
4229
6307
5187
6365
1949
4544
4724
3649
6414
7364
7836
3681
5359
297
7769
7477
5615
4855
7162
3400
7294
5343
2856
7689
1005
7509
4821
3380
930
4685
6261
3351
5170
7036
6026
5928
7897
4695
1963
983
7623
4629
4854
3816
7538
2283
4720
4633
6350
3710
3803
2214
5817
586
6074
3193
2363
550
2070
2572
6750
3783
5724
7090
5123
2121
2358
3771
903
4107
5533
5259
3041
3605
334
413
3777
2059
1319
4223
7856
3151
5298
5102
1571
5103
6755
7623
3484
2073
4803
613
5127
3292
3190
6267
6750
6867
3013
4368
3905
3727
7783
1903
3027
6344
4575
7845
5093
5750
7311
1017
627
3580
14
5364
4593
487
3542
5994
6810
5645
4237
5435
5599
4087
5307
5702
6220
6693
4262
4681
5352
6594
6105
6601
7472
6985
4415
2940
6813
434
1353
5316
433
6709
466
2327
6336
2203
4375
3195
1900
1410
7250
6955
3385
2770
2465
2627
7346
4793
5822
1048
2954
2345
5134
839
6557
4468
3236
463
2955
2491
5812
4057
4195
1465
7154
2473
7239
4669
5182
116
775
3917
7333
2370
1187
4145
288
5927
6299
46
2799
6010
1503
5652
6756
5176
4918
6042
5261
7383
6396
1830
4730
7994
4930
4938
5654
474
4194
1583
5478
1783
5963
1405
1633
2085
7417
238
6544
3130
7426
2704
4939
4038
3084
5411
3452
5959
6538
870
5362
7811
7718
4463
2117
6439
2119
7385
6182
2596
7102
2504
2086
2139
644
6638
7966
2736
3569
7809
4775
886
180
1564
7475
5450
2421
1403
3127
7294
4925
7176
4085
2450
522
6040
1386
5548
910
6547
5579
777
257
2223
3138
4304
4140
4255
2688
3306
4661
5071
5062
3267
2658
2629
7224
2859
2368
4181
195
2422
7555
6374
6909
4185
6951
4174
5178
6989
7980
1581
4176
3203
3641
1592
1815
898
7769
957
3038
3463
7047
4479
6199
4269
1004
5318
3474
6260
5353
1261
448
6296
1117
2102
3414
6113
7400
5254
6219
4463
3653
933
5499
1508
2449
7391
4861
6445
1751
1181
4187
2488
1826
58
5655
1096
3626
3302
6765
6862
1818
2963
3620
641
5231
7055
4160
2833
364
18
2749
3533
627
3215
4029
5736
4800
217
5031
1230
500
1024
5698
7723
3574
1129
5781
2479
5112
3485
2048
6100
977
5220
583
3168
1691
3271
4238
4959
5528
193
1033
423
4119
4914
1506
3048
7010
1051
716
2987
6936
1935
6084
4667
406
3077
1779
807
312
190
3877
5454
6232
172
2594
2334
5289
394
1094
3668
3691
3286
6740
242
4559
3881
904
2954
2492
301
35
3837
6225
6304
7476
3481
6179
3572
3563
4943
3341
6356
5102
5437
822
253
6555
4178
5395
7799
2756
1758
308
7603
2109
283
595
3609
3133
611
7792
2101
185
3418
76
6373
2273
87
3103
3516
3378
5229
5964
6119
4968
3944
7818
4836
217
6377
2766
457
6791
3803
7580
1524
6026
2331
2694
2966
2436
25
4167
1694
939
3879
2582
6008
5819
5253
182
2421
1298
6961
6435
4100
2914
7579
3408
7465
7467
6536
770
1345
7347
3068
1434
2910
6180
3226
3229
4052
3
4461
3260
7142
1482
1605
6617
4554
686
3734
1556
3094
4885
3252
147
4259
4190
541
4078
1861
7022
6230
2023
1727
1887
2720
6226
6058
4844
2554
7077
2840
7745
4202
4082
4624
5968
683
2798
5792
5069
2453
7487
2937
2832
5218
160
682
1714
174
5133
3628
2066
6641
1348
2071
2321
1705
3026
6577
5928
964
583
738
6074
5428
289
3482
3589
2676
3881
5100
5989
2485
3569
5008
7789
1608
2923
2667
2860
5809
6160
5592
2754
966
708
6940
2919
6993
5380
4928
5007
4040
6949
4913
3809
1249
3963
598
1681
4109
4034
6911
4282
7392
93
2919
3309
1033
2569
2327
1642
7827
418
12
1521
6934
7151
3801
6436
4971
3420
5867
3476
3038
2218
172
4085
1859
4901
5877
5740
1691
1295
6290
2063
7008
7888
184
5154
6804
7923
1390
1624
7094
6627
930
2609
1461
6743
28
4368
1627
7368
575
4469
3666
7570
1909
1584
2967
3777
3599
6531
4379
7250
4564
4478
956
5997
5544
2300
4001
6144
4919
6279
7989
4785
5429
3945
7604
2202
3000
1391
722
5810
7699
536
6031
3363
399
2906
7566
1400
18
546
1113
6695
1701
5093
4487
5006
1919
3137
6544
4263
1105
3239
7189
2818
4655
669
7840
4636
7356
2367
1983
2546
3776
7382
3878
5760
4790
7579
7003
4088
5593
2890
7873
7768
4423
6335
776
1752
5552
3387
3853
3242
1385
2473
4512
6871
7755
5437
5645
24
4399
1147
2369
4327
4240
1502
5342
2377
7622
4771
5337
5438
4629
7883
5038
3468
1985
4004
4297
3006
4463
4692
3157
4362
6144
1593
5495
7378
5654
7586
6432
7509
4410
483
1017
1331
6613
1315
7992
5614
7211
907
986
6721
2010
2184
6014
4873
325
2936
6385
1091
3760
4272
6170
6754
1136
5333
5385
3472
3715
4545
5202
2607
3859
2106
3779
1240
7215
7386
2137
7397
4252
2346
1861
7126
3208
1954
2505
3870
6829
3257
6736
320
5685
4691
2824
5396
5206
5978
4632
30
5472
2422
7352
6816
4358
5989
1954
5667
3815
276
6649
55
5267
2039
2194
7524
5224
4288
934
1380
6060
3030
681
6659
5725
769
3849
1933
222
1360
4620
5743
5171
1822
985
5007
464
2605
5907
4914
2657
66
3286
3508
6851
4173
7650
2349
1803
7528
7883
4934
7459
1604
5679
1439
824
3764
6203
2779
5848
5960
1055
1060
1243
2751
4958
2017
1284
4858
7389
4427
1410
23
7303
7037
6298
3293
5251
7891
3202
5685
5517
4685
1501
4906
6885
6936
3034
4385
2550
2596
6399
952
1220
4303
6061
3016
3774
6523
4074
535
2011
5551
462
71
2216
6249
5003
3354
1432
3430
8000
7502
7325
195
75
6859
6871
2513
7605
6387
4327
2325
7598
2566
2100
7397
7879
4297
6110
5348
7282
3162
1391
132
895
7890
7340
1266
4041
848
6877
5980
3153
4918
3702
6935
102
4335
5919
3661
2741
6039
1132
1001
5668
760
1790
7866
3900
4399
6606
4005
3439
5538
3210
5940
469
4196
2147
6258
2284
2349
5799
1722
7528
7132
7104
7276
1991
1546
866
3818
1237
6055
4600
3665
7082
2297
3555
4483
7298
6748
2921
2634
7904
5023
7362
290
734
6954
7953
5890
6865
7965
4813
7067
4389
5632
2195
3120
4788
5439
4726
6171
3782
1187
4737
281
3732
943
278
1532
3464
4089
1968
6659
1331
2110
2504
225
1036
1831
3754
3169
117
5034
62
153
2782
7474
6732
3799
7925
7149
2818
7457
2972
5368
591
2459
6000
6052
7365
7245
7853
1900
6270
1528
724
2898
7613
4276
4656
293
1570
6983
5775
3766
5321
47
1237
7426
917
3661
3954
6649
4078
7978
6313
64
3390
4300
668
1770
1976
7231
3405
5308
4567
4049
7945
2663
4165
941
1117
812
5399
2762
5835
2764
1822
1361
2843
5105
3469
1082
4302
408
5444
6301
332
612
4949
421
5464
503
7177
1348
7406
2462
394
6981
2760
160
5895
7002
2383
5307
3131
1606
7778
7353
1367
2389
5137
1154
7977
4477
7428
297
4035
6044
3081
7377
5505
7672
1016
6228
1021
7808
6143
4735
7486
4937
327
6407
2758
4853
6455
2961
309
3910
3526
3085
3599
1662
6127
2977
161
113
7297
7354
6751
2904
1262
7266
4931
3278
6431
5022
2398
5335
1206
306
5162
4665
5261
1480
12
3115
2583
4061
2647
2692
3169
295
6283
3280
5845
6654
5651
3902
254
4256
1452
1868
802
1831
1450
2251
1330
2792
5635
6084
6782
6674
7198
5480
2721
4044
4292
1349
4208
6773
1424
3072
7995
2796
4842
2447
6341
847
7509
652
5836
6371
2299
4950
5615
4661
174
6096
6901
5432
3263
263
2108
1818
7139
2864
6394
3185
2364
3960
681
1458
7097
2231
5703
2278
6467
3505
1340
3510
360
4008
1233
6938
456
4340
4014
2347
4216
7473
6718
6043
2764
1400
474
7471
5312
3450
1452
1499
940
6193
2168
5103
7282
3549
2452
6372
689
1217
2981
7093
2779
3973
5674
4274
7552
4132
7931
7773
1079
7394
7060
6050
4468
1595
5083
480
418
287
1632
3488
5817
6704
1291
3728
5328
4640
6274
2234
6138
1417
6172
837
7624
3591
2496
3537
5075
6171
7536
1963
5969
4986
123
4563
3587
5466
2034
7685
6439
4677
156
3270
2564
3172
276
1358
5430
4150
6556
7288
3586
4153
2281
2221
7222
2456
3477
4261
1452
4522
909
5881
3656
2404
2855
2408
5132
5185
1375
2006
1403
3352
1409
6977
23
4445
7807
1093
4979
6045
421
2783
6708
6541
5498
5024
4899
6275
4228
1022
1043
7142
112
4978
2147
5555
7674
200
951
6122
4919
7141
3891
4189
1386
5142
3401
6093
174
7439
5774
6989
2391
6744
2744
1477
3370
6836
6480
6416
2830
4067
542
6829
203
4641
2329
4952
3786
589
5733
3814
5968
2191
6169
1370
5731
385
2033
37
7193
7287
7984
2230
2914
2943
1074
3225
709
3370
5146
6089
2084
7449
5416
1691
4242
7611
7327
2653
7458
7913
1562
3307
3936
2973
898
3761
6958
3698
3774
7717
6479
6908
2800
1056
715
2190
4043
7544
6983
131
286
3501
1364
6648
1665
1368
7084
319
4785
6707
3572
1669
6133
4073
5499
6464
1720
7615
1842
2327
7471
786
3854
3416
902
6773
4839
2961
7025
4307
1388
5897
1285
5765
1939
2767
5181
4057
5575
1227
6449
2272
4836
4896
2617
6774
4063
4395
5857
79
1686
6480
3387
183
5165
4591
4608
6538
3244
1363
5491
3662
7251
1553
4882
851
4689
5556
3090
6854
2205
2797
1144
7997
603
3151
1685
1669
3340
3629
661
6428
4741
4406
6604
4941
7442
3388
4873
1682
7255
5178
4320
1605
1827
2201
4037
7238
3142
4880
3038
2706
4656
5246
4693
4042
1918
1372
1966
5537
2063
2666
843
3031
7316
6323
7652
4113
4927
7392
1648
5733
1984
5217
319
5285
6793
1168
4730
2696
4157
5630
2282
2703
3448
7702
5463
7632
67
6074
7188
5172
5555
2235
3522
6427
2874
6533
6978
5502
7149
3961
2884
2150
2491
6293
1936
6530
6469
4891
3090
6007
5385
5347
3509
6584
672
1730
1529
2408
7536
6763
7578
6924
7942
3089
1306
1492
5964
1565
497
5757
4751
840
5193
6189
3752
6989
5184
4089
2040
5581
3493
1570
3420
5735
3146
4729
5026
4597
4198
6709
1963
1668
4649
1947
270
7118
7389
3536
5353
3024
252
7426
2485
7408
173
2761
6710
3002
7600
7053
3212
2987
7111
372
696
4370
3216
6190
265
3906
1584
2788
3626
6655
7864
6437
260
1471
1374
1568
3476
5312
5229
6247
3422
6262
6380
6298
198
5603
6111
3872
762
4498
7939
4965
4195
6446
6921
4299
6750
3959
2478
6318
2443
3301
7013
6775
3612
5334
5575
6714
2563
2908
1610
7001
6963
1938
6147
292
1351
396
3353
4576
2599
114
2265
2237
5840
1419
31
529
4516
7132
4383
7948
7406
7255
6467
7016
7498
5475
6814
7945
7709
2207
4486
465
2704
2099
1675
5142
3005
2702
6031
1988
6430
756
4493
5566
2125
6516
2634
2248
5558
7014
7507
2575
2809
628
6002
1542
4519
3982
4702
2479
6590
7689
5101
963
3462
7806
888
5319
2751
147
2550
5099
7288
4626
2771
218
3488
7298
6612
6404
7019
5025
2433
3349
1030
1095
5123
4329
4987
4498
3505
6991
3616
2544
3074
131
2798
7304
6669
5904
3089
848
5324
439
3491
1855
63
5126
650
4826
2191
3081
4751
2512
3890
691
5937
2170
167
6131
1184
6803
5078
6263
6690
3324
445
5761
122
4376
3638
859
5005
3907
6979
4551
7984
1988
2323
3668
1750
2798
2892
7752
7909
4787
6310
6052
6790
6442
4166
5368
7321
168
6839
1135
3516
5425
6307
962
4258
1136
6616
1338
6602
5189
7950
7243
5892
6023
7007
3139
