5877
2106
2120
7352
1734
190
3977
1195
5648
5150
186
5158
4619
6255
1298
415
2202
147
2129
3233
6110
5397
5323
861
5824
2589
3522
1714
3087
6658
7011
7603
983
58
3695
5022
4471
3045
580
5453
4314
906
190
4762
309
5469
2394
7835
6996
2719
12
6883
7955
6608
357
4055
857
6121
2532
1920
5534
3961
3489
1478
7480
468
2212
2455
3233
7444
2742
5534
1750
3844
1333
5974
5989
5936
3526
2365
7374
6241
1463
5024
6039
7309
6554
7198
4999
5867
5909
6981
3845
1954
5576
1542
1352
6172
4406
580
816
3778
1680
211
5821
5386
1228
6073
4591
7784
4834
4457
1284
7269
1311
2234
4462
6435
4198
2134
872
5632
3377
6633
3905
3482
1107
1268
7780
3485
7565
464
260
6884
7799
1757
1966
7196
5677
4681
5991
380
5788
3745
7536
1108
2418
4512
2398
4964
4460
4342
2170
5153
893
4692
3786
4486
6305
6614
932
230
1736
2714
2547
3801
270
3244
6717
6121
2130
7577
3056
4512
3089
5283
3780
2146
828
6368
3922
5606
6288
5424
7296
1659
7039
6006
6437
4413
3996
3562
6534
7448
4769
6027
2333
3255
1259
1739
204
5012
7396
5489
405
2358
5945
6406
6450
3244
251
4362
551
7934
5731
7849
3296
7979
3240
3651
5545
6866
4594
7811
6798
3150
1439
5794
2186
626
3173
5690
1824
2289
3190
857
6006
6985
2573
7983
7856
3595
5268
1629
2785
6792
834
4930
1027
7332
4289
4274
6269
7213
7711
3996
7368
5853
720
1439
5228
3407
4174
3133
2421
2464
3452
3010
38
571
5824
872
5873
5128
4925
1721
3397
850
4921
6797
5039
6487
6567
6599
323
5020
3367
5681
4026
4110
7954
1911
5962
2487
2545
72
6931
4109
4590
553
6741
7822
6907
517
3005
5788
2457
5172
3123
7810
3349
5956
2038
1536
781
4340
5140
2161
3824
1068
3411
5900
6445
6982
6560
1753
305
7819
6380
1082
1950
2624
7402
2861
4629
4266
3900
3899
2041
6910
4195
2187
4509
7205
6028
4460
2763
7514
3012
3667
5597
7907
6416
1943
6212
5084
5960
7191
6579
6673
3637
2076
3350
7818
3803
911
3623
7840
7417
4242
4511
2514
7213
3376
4994
2793
7069
205
467
1887
229
3931
5648
1679
2820
5891
1885
1984
234
5182
7909
5815
3289
7055
1339
6015
476
1030
368
4276
4980
6180
936
326
5837
574
4462
843
4210
1545
3891
7294
5942
613
7541
7488
2448
6685
5053
5952
2205
7348
2031
4126
1648
3621
2423
6611
3239
2386
3190
2058
7576
2439
6305
6744
2676
2765
4205
3648
7452
987
2272
5746
7818
7291
445
7743
7705
1967
601
4996
3661
6141
1506
3960
1680
192
1940
658
3679
823
6617
4795
4262
6541
6805
3896
3986
2613
321
7936
1930
5825
6666
4260
2729
6237
7240
7281
3656
2216
7084
3431
5670
7930
2189
4991
3990
167
4094
5989
5486
1196
6432
499
7387
1451
7757
995
7667
1882
5347
46
2276
1188
7078
4616
414
6473
6252
3621
3863
2169
748
4283
4337
2792
6110
2205
3788
5800
392
3111
2504
7819
3414
6309
6623
2228
7849
5411
1032
2695
1824
4475
2803
4657
3168
1120
2483
3473
4886
402
4966
6925
2454
4816
3811
1572
2593
7280
1401
4221
7745
3663
2655
1416
4148
3638
7076
252
372
167
1078
6706
1175
7923
2255
4117
1147
7303
1169
2800
3160
665
1596
3621
7117
610
4458
3014
4431
3999
948
2679
7882
4817
3185
5651
4757
2895
2937
2215
729
1707
3658
782
7407
714
7376
4584
4749
504
2529
4910
6310
6915
3196
6762
5293
92
7859
5607
6021
810
5013
6520
7187
2478
5517
1116
1504
4381
4176
3773
2720
7314
2268
2677
4109
7295
2459
5292
4745
1631
7744
3252
5754
3799
1339
2468
2582
3798
5344
2688
7868
2535
4359
5570
2943
5162
1671
275
7251
2157
1695
5015
4326
3964
6592
6156
2606
682
2817
2437
7531
100
860
3354
198
3497
573
5686
3827
160
5256
4815
1712
2771
4740
2142
7831
2682
2010
4379
2148
6948
2259
2491
2054
4389
7021
4205
4732
1853
7688
7654
876
7792
6911
5341
1943
1694
7679
3675
1016
1473
5641
7703
804
5918
7539
746
761
4737
6288
6292
7488
336
3527
2457
2376
504
2265
2946
7897
1112
604
5032
7090
7201
6299
1639
6645
709
479
1779
4676
5746
361
2895
1507
1917
3083
7487
733
1966
7198
5186
2871
6283
7072
7361
5155
981
3228
1349
5097
7092
5992
2422
3511
3985
6076
3538
3197
7810
3010
2426
1478
2071
1461
5153
5706
678
6907
2549
3838
5937
6146
5291
7667
921
2036
5015
184
3380
5545
7247
2343
1085
7812
1321
663
446
6167
2443
4499
2862
5741
7795
3392
757
1557
260
3312
5761
7734
2988
4532
7531
1146
6743
4212
7280
5023
906
1319
2181
6541
1846
5948
1200
650
6997
6117
3786
1527
301
4888
2511
2381
7682
3754
5051
2480
386
7871
2185
5889
7145
7409
5796
4095
4325
3791
3226
3674
990
3302
4657
4140
4820
7694
4359
3783
33
3840
3081
5004
3574
1397
5379
3306
455
2459
6024
7371
3997
6882
995
7272
7007
1390
1139
4554
1102
7947
1441
7623
110
7482
3318
5791
7446
4172
1756
5110
2917
1420
2846
2947
3504
7683
6318
1831
3753
2056
1132
5191
3289
2093
5007
2070
801
39
499
134
2563
5929
7768
2666
5789
15
5240
1348
804
3485
4502
4147
3350
1961
1860
5127
6996
1667
6916
248
5995
6411
7417
1982
943
5477
3849
1946
3945
1077
6528
7936
588
3244
2058
6868
5436
4536
4780
2244
3709
7324
544
206
3500
1945
5977
5359
4846
2004
6839
2070
2404
5013
791
7552
5200
5075
1357
4745
1612
195
973
611
137
5208
3023
102
4625
4960
1397
7183
3321
2763
7802
5038
386
5206
4406
7186
6955
698
3413
6215
6237
2204
3451
6845
3670
6556
7280
2708
4964
3538
4741
6172
4846
7488
7358
6326
4723
4772
2730
554
7541
7955
3345
3414
3896
1289
5530
3333
5252
1131
4289
3988
208
1353
7743
269
2548
6435
1774
3394
2696
4207
372
3120
389
3687
919
332
5524
277
2367
494
5843
6943
4530
3023
1894
2625
4800
3997
6119
4380
245
4131
1782
6717
2705
7451
2148
5853
1592
85
7708
3663
2590
630
6293
3645
1450
2937
16
7731
1514
6263
1395
3948
4416
7680
2278
5275
3268
7945
5874
953
289
4894
1222
3114
3373
4195
5494
3330
4420
3575
6199
2787
6346
7763
7878
2208
5344
2566
7683
5265
6993
7150
2825
3001
5863
4073
3449
2773
6716
3780
3266
3990
4799
2663
5238
5979
917
4067
7383
1418
4725
6989
893
7598
2766
5689
698
7866
2048
4492
6992
2999
7853
2049
5090
1464
4278
2568
6407
5937
7299
1322
6320
3020
662
5223
7426
2167
799
804
627
6718
7082
5292
2539
3468
3576
3937
3655
589
2918
3432
7064
1631
2806
18
5145
2116
4969
403
5527
7472
2655
2634
2255
3789
6960
6735
7100
1462
87
7262
5367
4136
5504
4894
6483
5922
5120
2394
4149
2939
4979
5817
7512
6990
6175
1610
780
4925
2138
7668
3839
7259
4061
3285
2476
3557
5397
312
2612
1226
1366
5224
5934
3304
4144
6762
5637
2325
3113
5363
218
4125
2355
1898
6151
5199
2970
4906
7630
5772
3297
634
1699
3988
1075
6881
1952
626
2743
847
1063
7594
2778
1005
1911
3912
1904
412
998
398
170
4529
4277
6154
7279
5032
6459
3761
1707
3296
77
93
5079
5441
309
114
4265
5731
4823
1421
7162
7535
7
3385
3973
6925
2446
3437
3706
3942
5266
730
4641
6104
1813
7885
5280
3700
3231
4923
3244
6200
6152
4047
3215
7345
7293
5095
4258
4937
902
277
6566
2220
7967
7287
1524
952
2422
4043
3830
4196
812
4717
3299
3895
4677
7673
6933
4185
4386
5432
4170
4435
4306
3069
5774
5848
2753
2937
6034
5344
6781
5873
4233
3968
7278
4904
1022
1780
5751
6605
3047
693
2164
2492
1317
7541
5975
5479
5538
5198
6755
672
7264
4154
1899
5126
4608
2387
4558
3203
5785
7329
1008
6648
2825
7843
454
1565
3749
7345
2290
1228
6921
3289
2075
5089
428
817
6666
5736
2849
6747
6778
3504
4284
2924
6968
1282
709
4843
2652
1668
2157
51
1398
5514
5164
5604
2593
6264
433
1819
1517
3915
1984
3004
5396
3813
2028
3039
4725
3068
939
17
6532
2832
3121
745
220
5806
6553
6299
3622
959
4964
1181
2448
4577
2954
7583
786
480
4280
6039
1473
7860
741
1864
2219
6934
4126
6191
2474
5241
5838
5103
872
4228
3929
5136
5705
1075
7724
4815
2810
5339
1721
3639
3432
2240
5548
4477
6006
7401
5719
5298
1807
1918
7984
6178
6116
707
1197
1953
4779
3764
3019
633
734
5926
687
7611
5554
3155
7562
6131
2505
7046
7962
30
909
1069
979
3822
763
25
3188
596
5032
4842
1501
6487
1996
2066
294
1241
4432
2482
292
5823
4747
4944
4931
7232
5033
5233
5826
7318
3855
839
1898
7316
3726
5576
6199
5891
3655
2427
6529
6805
914
4658
4991
956
4273
3710
3866
2704
153
7231
4990
2978
5694
1370
3963
5358
2805
2108
2905
3912
4180
6526
6614
3319
7166
3522
1280
5258
7894
3014
3012
7864
449
4555
1191
7145
7771
574
1310
3625
5185
5094
353
7398
1806
3688
1403
1667
7709
2216
7975
4044
1066
6904
1450
1423
7974
2210
6597
1542
1100
648
4361
5523
4811
929
3042
5611
1570
7734
2123
2006
4950
2869
383
640
2254
4910
5730
3254
4973
7528
3811
3125
6221
4155
4440
3361
6380
5364
882
2697
6960
1571
3941
6977
4671
946
190
2847
7773
4944
830
5170
5002
2139
7498
3950
7437
3239
4116
924
23
6585
322
7886
1581
2799
2867
284
2463
2325
721
3146
4082
2035
4127
1954
4656
2894
2058
4653
2244
2982
7057
447
4250
5672
7657
1622
109
2572
4297
6105
2427
2227
4297
6179
2674
7277
7828
749
4111
5203
3413
7097
4095
2144
5279
3115
6155
3532
3286
4110
5265
4946
3333
2250
968
3559
1575
4019
4645
2895
7832
6979
6437
1952
3396
6595
5391
6652
1701
5164
818
5336
2010
6716
6427
6545
3175
728
1954
7109
3366
7601
7378
4319
4396
5904
5530
3154
1391
5994
2585
7788
2909
1984
639
563
6562
648
1861
3592
6540
2894
4447
1534
6779
6819
5587
6353
5635
5426
7244
4305
1947
6058
7279
5577
6315
5987
7468
3308
4493
983
393
4071
2229
4238
4624
1953
7709
3172
6813
1413
5943
1427
7031
7077
7737
4961
1989
214
2425
2373
1638
7566
5335
163
5920
547
6152
4929
3322
5955
5690
6843
6861
6104
1919
3443
4348
1356
590
7768
3551
2648
4267
5599
4512
1346
6925
6721
1923
306
968
2334
1287
107
7077
7017
4495
2558
5618
5904
35
2559
5344
5143
202
7598
490
5711
671
5166
20
4607
5092
2471
68
3521
7918
6204
6218
3925
1517
6583
5825
1217
2352
2504
237
4330
5698
5659
2155
6957
7503
240
2930
7755
2434
1036
7603
7102
431
3295
5858
1377
5581
3162
918
7837
1177
452
6093
3508
7880
742
6708
4431
4351
405
4960
7784
1519
1060
6340
5790
2620
4818
796
7298
7471
2890
3482
4608
4702
206
141
979
4448
7869
3099
3000
4294
7399
4935
2280
4319
7516
1327
3139
7470
1708
235
7067
2509
5939
356
5453
1843
1832
6340
3715
4981
6038
1592
4503
31
3954
6498
6868
4015
3153
5806
6691
7163
2159
2215
820
5213
6226
4194
924
7600
4176
7990
1739
4262
1325
35
5742
6518
7481
142
1982
2351
3652
6578
4405
136
998
4893
4216
2393
954
5724
2182
5258
6701
7472
6367
1676
3016
5254
5618
4637
4789
7661
7808
7493
5824
7967
2136
1793
2094
4870
6347
2007
3605
7977
5241
6630
4121
576
1616
3232
2002
6390
3467
7696
1901
4120
2416
408
1610
1795
2064
415
7957
1858
3727
5816
3129
1552
7957
2526
560
2149
4099
6742
1657
6400
7040
419
888
6949
2822
2237
6052
380
5442
5843
6891
1445
5023
2938
5005
2267
4171
4043
7657
111
5215
6853
1560
7749
2814
262
4306
7232
207
5050
6972
1287
4354
4323
1781
3268
1431
668
3967
7546
216
6234
3983
4896
3475
7974
6128
2019
1068
652
1808
3705
6154
185
595
1182
3784
1217
600
5102
5771
2991
4333
1743
3639
1431
3416
657
4943
2007
6140
6657
4172
1336
3029
347
3099
2590
5660
5624
4449
3636
286
7002
4425
4903
7285
2163
2888
6324
6515
5238
1901
3669
4925
1093
2151
826
5131
2252
1825
6651
3696
5883
4453
4271
5066
1924
6050
2094
420
2549
11
5535
7944
6717
932
1649
5833
6324
911
6382
2199
7784
4351
89
784
2626
481
6098
7499
3452
4465
3810
4029
7565
7995
960
577
2362
5320
2401
6864
4874
1072
3800
7302
3418
1821
2877
4572
3643
1756
3319
3344
428
7944
4861
4448
7708
5635
5954
6621
3893
1258
1326
5453
5361
2663
1051
6647
3846
897
6590
6477
6783
7151
2573
5584
922
4839
7046
5584
5891
2381
4484
16
426
2252
6292
7853
3760
2369
1374
3754
4040
2477
3319
1776
6267
1806
5517
669
2342
891
72
615
7688
6597
6197
4509
4583
7659
2074
133
4202
2854
1675
679
2243
1348
3757
646
3641
361
1473
4497
2984
4766
1243
7551
7059
3124
114
2982
4127
6690
920
6721
2097
6331
7360
2758
6498
7327
5791
186
6495
1766
7857
741
5665
4829
5185
33
1655
1301
2434
2369
2394
1677
7791
6067
4470
3303
2669
219
4079
5569
949
1347
1028
1692
505
6903
5844
3613
3102
3234
718
6613
3332
4463
6780
4861
2712
5366
7713
4012
651
30
4429
2314
5087
5753
3718
857
3438
7261
6419
7044
5459
6030
7054
3261
6652
5569
128
5932
3969
4188
1662
3544
2813
5196
7361
2175
3384
2478
5219
3235
1745
2287
5297
930
6411
5364
3880
6085
2017
4750
3577
4172
7393
7861
32
5240
5590
1917
6513
6420
4070
3523
4047
1388
547
1998
2332
6295
7385
7850
2001
274
260
3897
1019
6190
3397
364
6554
2026
6751
6685
100
3021
4935
607
2062
3800
3458
3368
6038
3040
4850
5859
1730
3318
5612
6545
6250
3482
3606
7219
5192
5880
1637
468
5994
2976
4423
3664
1566
5243
7481
1018
5092
2377
2212
982
4790
4285
874
7103
551
1777
7297
5959
1097
3620
5621
1345
4760
2473
5735
4694
3825
5692
561
1873
2417
7381
2487
6163
5715
4601
5962
5934
1551
1213
4120
6983
6896
7923
3424
3683
2419
7135
7888
3820
7636
1026
1142
3727
3103
3677
3249
632
1888
4604
2811
7898
7641
4349
6995
5199
4830
7356
7485
2055
7746
2031
6123
7521
2026
3857
4977
1929
4409
5087
5336
2571
4964
6873
6397
2347
1472
6940
6929
4669
5893
6748
7701
7373
46
96
4088
4763
676
3791
1206
3336
7860
468
5411
1917
2337
3152
5780
2396
3417
2447
6488
5848
3907
6856
3532
1894
3024
558
4953
1475
6919
7274
2817
4679
2579
2858
6846
5385
6146
2011
7693
3830
3002
1622
3545
6820
6137
3891
4429
3703
5026
3408
5790
3813
1211
7913
508
3900
1408
1200
1657
1590
6315
3944
3088
2028
769
2532
7577
2330
4814
6648
2585
4839
5668
981
843
975
3561
6864
1270
6687
5508
6357
462
5791
6395
5916
1544
1386
6846
5461
1089
5401
3458
6345
6104
7812
3205
6205
931
4905
743
2336
7725
7123
1852
3327
6175
4153
6716
5509
804
6699
1657
6265
2540
3971
6412
540
816
6125
6215
5580
125
867
2300
4705
303
1965
3746
3650
488
4130
3771
1446
4114
3029
4231
48
1529
1321
7810
6947
1899
5358
5186
7506
1136
1856
1578
3990
1361
414
1265
4215
5488
1433
7601
5198
1389
4348
1598
7341
3029
3090
7662
1913
6296
7076
7432
6625
2438
7945
6542
446
1239
4218
2695
7395
4779
1033
6280
2275
1926
7166
3361
902
6838
5693
2611
2045
7143
1202
695
4644
6033
1557
7311
589
727
1353
4862
4827
292
5920
2210
155
7853
5171
491
1408
1542
4064
942
6680
744
1095
6314
981
7290
4114
7703
5742
5468
2066
1201
723
5343
1630
6437
2923
394
7096
5430
1160
4795
5377
3572
971
6663
3009
4222
3825
2420
6608
5722
2605
1142
3242
2959
5343
2442
5676
752
2988
5598
7115
823
4709
6542
2497
2986
1324
407
1632
7931
6822
2472
2365
1686
7722
3248
3430
3874
3622
1430
2719
7877
3448
1233
7957
7380
17
4080
5453
3369
6870
4935
4650
1329
4557
3575
425
6240
857
7730
6523
4274
2219
971
5494
6940
3025
915
1028
4015
1614
5725
3689
2187
3749
5406
1296
3467
3289
4172
5417
6609
3315
6269
1889
7642
2606
4484
4903
3545
6157
6461
2810
7161
6353
2127
6698
921
6701
7893
701
1910
710
4568
3734
4025
436
7829
2563
1141
3390
3622
7228
7443
6053
14
2944
642
311
6013
444
3382
403
1516
2035
805
2190
2727
7868
429
4746
2415
1563
946
69
4549
4342
7170
1854
2407
6731
7005
2918
482
6061
554
208
105
2427
5381
3000
1919
7308
5097
6953
1003
461
4555
2579
5875
7356
3087
4478
6727
6374
4052
2659
3434
7377
2542
5680
5456
4209
3313
2838
3486
3976
45
6240
2224
4458
6705
1439
1131
4097
2080
7527
6808
757
3646
4683
2477
7697
2212
4971
1834
300
2614
621
5185
3072
1510
7300
1527
47
4794
3228
453
2247
4621
6895
6732
1648
5439
6869
3990
1708
3957
5989
641
3726
4819
258
80
5977
4423
4398
23
5005
3513
2230
1116
6225
7645
3618
4
3515
1892
5737
732
4463
645
5680
7694
1508
3646
1516
3311
607
4816
687
7869
702
5377
2308
2748
6773
4025
5476
3368
6692
6830
1658
3013
3172
5593
2892
1709
7571
1965
1049
4285
6845
7725
7024
4333
18
5117
1084
7014
5880
3328
7472
7559
6872
4325
1436
3518
5921
5277
4643
5934
6369
6726
423
800
2687
2995
5154
2637
1667
7105
7073
809
7337
6429
7576
4296
2708
14
7291
2206
593
3469
5497
5804
6748
1901
6256
7251
5527
2552
6667
7928
2390
3458
6698
1050
2284
4139
5207
4459
1715
2908
1264
3597
7098
2425
4021
6904
4609
3461
7125
5240
2763
2658
2459
2754
7580
6720
7987
4761
2070
1650
4281
4749
3484
5606
3458
2215
180
797
1968
1852
4354
6394
938
4131
6919
2774
1607
51
461
1681
2342
5120
2686
1632
4278
6382
970
3617
7114
2384
4347
6645
4860
1991
1872
6291
1033
4144
5450
900
1752
288
7247
7187
5377
3289
5158
1486
4392
3573
2005
7803
5236
7371
1029
139
3782
1334
6839
4654
3333
3964
849
529
2746
4489
2797
502
3969
3216
6452
7577
4782
2188
5611
2579
7086
4772
3031
3671
6492
1098
2149
7015
5464
4020
5988
1030
2180
5906
2041
5549
227
7999
6540
2959
612
3856
1215
3430
3053
6021
6524
5196
832
3123
5286
6290
757
1858
1244
503
4791
23
6244
5734
3792
2942
4178
233
3207
7398
5560
4597
5366
386
4412
7795
7880
4774
440
6424
7847
5049
6045
5428
1301
4137
2778
4527
5532
4076
6310
7074
3074
3796
7153
2895
2368
3868
2938
7673
382
5618
720
1557
5309
6299
4505
7604
2666
770
1164
5972
4619
6056
5275
4788
4190
3345
3508
1447
6453
3202
6755
5760
2016
245
934
5619
5683
6003
2797
7549
6094
5527
8000
1357
1699
298
7653
2813
5243
1552
1633
6957
3907
2278
4387
4838
7975
7285
5636
924
156
7715
3991
1831
5499
2414
2196
6590
4850
290
1949
4864
5679
1095
3971
1262
6302
6744
849
5835
5648
543
2311
3267
3392
3703
3856
780
1524
6186
564
5967
4327
3338
4786
4366
7820
1253
7454
3468
4599
2538
1758
5705
1116
7736
5955
3627
847
120
1233
7214
242
7308
595
6230
5108
6632
600
6532
81
5248
7132
545
2820
1174
2246
2837
4291
4503
444
3921
6065
3786
1862
6276
6635
5545
3286
3905
1805
3982
5446
5830
7803
3137
1293
1021
6320
3694
114
2987
392
7710
6187
5659
2541
4287
6172
7064
1546
255
6802
4094
5886
6889
6988
5733
1002
5502
2924
3769
7843
5728
951
4635
2815
838
2147
2550
3722
630
5658
2804
7978
1486
4412
3417
684
1236
1543
1143
7464
5624
5381
2881
1772
1378
4576
2473
2753
1180
528
5704
6391
4108
6397
4381
6562
7726
110
3002
2335
558
5408
6897
6585
6977
6084
6265
3258
3667
1217
5264
1831
1172
6942
2945
3690
4190
6753
2258
1868
3418
6018
1510
7712
2260
7699
4953
6214
6516
5571
3297
501
4728
4307
3192
5671
302
5937
2364
255
412
2303
5504
5584
4209
3323
6388
5537
5252
1341
1388
7728
7135
6284
2104
3218
3989
4056
5787
2908
6137
5313
5840
3923
448
6429
14
1177
3219
7432
3700
3690
2693
3679
4071
2382
5417
7147
4705
5993
4587
3828
3400
6769
6993
5225
378
4916
5844
4618
5192
2028
1000
4154
7619
5845
3902
2173
6819
468
6297
257
2311
846
271
6176
2671
6429
4825
7902
360
4158
6151
512
4711
7294
7265
2700
773
4544
7115
6837
617
6214
5189
39
2319
1655
1259
1368
4271
1496
5097
5278
4705
6925
3096
242
713
7910
7598
352
6259
3554
722
5619
4114
2552
3790
1254
346
2814
408
7215
4932
330
7180
3694
7531
4928
2648
446
6010
6165
3621
7734
5172
2029
7764
3257
479
2245
5986
1877
6478
6369
5730
5099
7421
889
3326
2684
4099
3321
7992
4420
7281
4603
6744
4990
2417
4269
5240
6068
7459
7920
7956
7498
597
3487
3552
3184
5346
7947
2750
7591
3955
5119
4757
1677
2843
4609
727
3512
5667
215
1423
170
7629
188
4045
2092
5819
1179
7411
5336
4640
894
1276
7999
3429
6621
5413
5890
7137
1259
349
6990
2365
1181
6091
2272
4975
58
582
1628
1065
7630
3520
4197
3426
2776
5240
6356
4638
6951
4189
2569
5035
1509
2362
2227
2334
291
2835
3599
6432
4367
7487
7849
6988
7621
7552
6518
135
55
7445
2132
4898
1554
6430
585
6378
7647
7299
1480
800
2656
7778
6337
4110
4672
2306
3952
3049
2228
4780
3134
709
3162
4312
121
4959
5847
3861
3365
3944
3836
7740
4899
5894
7934
4696
3707
1771
3341
6285
3199
1729
3952
7296
3192
3947
718
5112
6843
7050
7852
7792
6820
6838
7694
7085
1401
690
6304
7539
5925
692
5051
228
2419
215
3251
728
3810
7253
5694
6898
3318
2791
1470
3871
1106
103
3859
4685
263
4094
1144
5405
2829
1946
1115
2647
5858
2198
7206
2232
3352
7953
5488
3916
7461
4243
2138
3042
1834
2594
2870
2006
2303
4782
5220
3490
1088
280
2204
4486
5014
5108
1955
930
1145
4177
5900
1676
1879
1171
1065
2513
6055
3457
1452
3818
592
3165
421
5544
6344
2663
2210
655
6455
820
7029
3769
7060
675
929
5232
6663
4030
4366
2340
6787
7817
1993
7028
3563
6030
4664
5316
7173
5454
936
1736
3178
1633
2654
5858
2773
6420
7323
6382
2910
5825
4854
2137
5566
1552
212
3966
1812
5094
6120
769
6256
3447
4586
4412
2734
3129
419
4288
5320
6920
5282
3429
822
4447
5684
6677
3110
2224
3823
6038
190
4780
2561
776
4783
3487
2644
2700
178
1722
7624
1385
5435
103
5473
3485
896
4383
2205
4807
5965
2843
5087
1130
5922
5666
2600
703
6106
2687
3168
7674
3608
2495
3047
5983
3697
2204
1262
782
7534
1392
2466
7709
3931
1417
5088
938
2547
2989
2297
3187
2073
1270
1639
7331
6348
6982
5741
971
5352
1366
6684
6071
6406
3674
6875
964
7210
1378
2535
4389
6094
7687
2449
4005
1736
3601
4012
6392
7307
4433
5095
4840
2846
5423
5842
1307
573
6065
4265
837
3206
1761
6850
6749
4174
3687
1839
2434
4496
7147
2367
2014
3418
3780
2018
5379
6669
4837
310
6282
452
6968
7741
1182
7831
3117
5456
6312
7354
3188
2929
5946
46
6354
4186
3388
3467
2395
1154
2721
5557
309
1804
6742
688
5825
2942
7436
7866
29
2970
3051
7837
635
4994
1075
5985
1745
7269
4201
3430
3535
3927
2107
7058
1426
783
5550
665
6761
4641
7781
505
1609
7721
4007
486
1185
4617
7032
7725
3993
2159
2114
7365
70
1575
1433
7424
7462
7475
6535
7002
3053
7266
416
4517
1044
7662
6232
1339
6042
1391
1034
6514
3144
419
2831
2622
4655
6991
4396
440
5900
677
1495
6573
200
2957
1480
7018
567
1308
6674
6020
5457
3169
2560
2428
722
838
6971
3122
7525
2235
1859
4943
6074
5356
5235
5032
3113
14
6590
89
5992
2769
761
412
7135
6753
7986
4674
6684
2377
1171
2971
3222
1539
6139
533
4480
6999
2768
309
6148
3307
1659
552
49
4574
57
2626
1532
3753
5301
5356
3285
1609
7558
965
5423
5580
2272
5169
1222
2160
3512
6156
309
5429
7835
7
1573
4315
917
5478
5959
317
7091
3545
1301
1924
1065
4860
7472
6039
7495
2427
1640
1893
2911
5449
5750
5349
1554
7125
2832
85
613
3178
2840
4579
6330
1431
7366
5980
2952
6097
161
7941
6568
3267
5775
7179
5119
1551
4890
1938
3420
7923
2123
6112
6876
6952
6643
2989
4209
7041
1669
1747
3246
1599
4066
5318
1518
843
5308
5418
2189
6138
2067
2777
6313
7682
3397
915
7774
6493
4026
6796
4257
2211
697
4918
3207
7221
5739
6321
2883
6224
4930
6614
188
3174
7719
7954
4836
6195
5701
6544
4690
3108
3358
5559
5189
1414
1272
5222
4965
487
7600
2091
1603
352
2446
6784
6509
6378
7198
5319
4803
4214
6555
2570
7944
312
2875
1230
7635
6928
1183
2325
3923
7396
5973
2141
877
878
2603
6571
2537
908
7654
3801
1827
5333
33
7207
4966
5174
4692
3189
2674
7693
670
394
2474
6651
3967
612
7321
1124
3230
2591
3331
3786
6207
7533
4139
7334
4373
6838
724
7256
4617
2283
5329
5593
987
3563
4243
1510
5292
1715
1733
1402
4324
7803
3972
4141
3173
1033
7564
1000
4465
6025
7452
7997
978
577
4975
3853
4441
2614
6336
4758
5967
5245
369
6885
6023
3686
3487
264
3766
3250
2950
21
7523
5925
6965
3727
335
6693
2394
6270
5119
6153
3443
2914
3926
2380
251
7496
6659
5541
7898
5800
369
1995
944
1773
1645
1454
4796
7461
4336
876
5974
3768
1167
68
4463
4798
5110
3012
1457
6658
389
7226
6053
7912
355
2430
5623
7535
7973
6249
5981
4958
2074
3785
5954
2662
4274
1123
1806
5442
2330
3210
4269
7479
5941
6771
7880
7446
4515
7890
1363
7806
7146
4581
2076
6545
5973
3865
576
2241
247
6233
1875
2740
479
5542
5479
7097
880
5165
6591
7777
7924
3153
6822
6930
475
6753
3560
2838
6810
7963
2528
6889
7344
1578
127
7630
5659
53
1622
6513
3796
1730
2962
7303
3413
5053
17
4401
788
831
3872
4518
7788
2086
6534
5138
4244
3593
3771
1343
982
1789
109
3085
5491
4885
3966
5591
6311
6580
7179
1829
2945
2816
4910
1040
7912
7474
6469
3651
864
1964
2842
2259
4419
5575
1174
1372
5072
1840
3680
7526
4662
106
688
3513
1183
2485
3475
56
5452
6331
2487
1209
6227
1311
7355
5639
792
4941
287
7461
26
7707
1991
4270
6467
5321
4207
4049
2400
5244
3699
3288
1128
2025
621
6512
2805
2373
5443
4381
1612
6373
4058
1631
468
6581
4788
2672
6541
7959
4201
7424
3551
6710
2320
1747
7672
4613
6313
4550
5795
2476
7813
7468
2398
6645
1669
5295
276
2982
3259
4768
5147
4704
3949
6553
4897
1329
7063
6768
6681
3065
5410
7559
5359
7857
7791
488
5027
5656
3773
3751
4237
4181
1148
7504
5560
3719
4192
2204
2645
6898
229
730
7990
5906
3130
6640
825
5712
441
167
813
5263
6074
1614
2658
5524
7787
3210
4911
6305
6483
5287
2077
3940
2607
5181
2304
3802
6379
5089
3608
1710
6598
4662
5852
5784
7268
601
5198
3692
2857
4184
582
3441
844
1816
4669
4878
6428
7208
2926
2989
5273
678
3531
2105
6858
3377
2021
2309
2641
4061
5183
3853
2335
3230
5431
5641
7979
793
2374
5093
7026
944
7086
969
2167
1881
4246
5667
2892
4123
3974
852
6809
4867
4705
4708
6153
912
4694
316
1234
4492
2481
2113
5781
7978
5611
1910
7038
3622
1121
4198
4089
7970
7568
6625
286
3782
3335
6991
7782
1352
7187
5528
5157
5169
5674
247
2142
1688
6529
3307
845
2284
3520
1253
5816
6020
5541
3398
7987
2063
6981
2097
5793
7937
1605
1419
2813
4785
4559
3303
7388
1441
1208
7260
6510
7128
2756
1102
1482
2746
6228
2065
6675
7682
296
2229
2586
3372
5841
5824
5081
4196
2179
4821
2374
7455
6783
4459
3519
4143
3433
4943
5627
3625
2174
2451
5878
5135
793
3455
4613
3170
4830
4610
3150
1965
5741
1000
5861
5466
2050
7858
4236
601
3725
134
2178
1668
5825
7227
4204
4042
3470
483
4482
2998
244
4741
6497
4148
3104
351
1096
1977
1527
217
2888
2476
5370
3748
81
6981
7591
2784
1018
3417
7388
3067
1812
6563
4787
6556
2576
7788
3527
1060
2994
6131
4080
5422
7371
7967
4639
1659
7681
25
3154
7661
6503
4282
7469
7737
3707
6647
7211
5869
3596
6594
2008
2749
3182
4783
218
442
7678
5137
7349
3516
626
5069
6794
5505
4997
7159
6432
3103
3093
7413
3799
1815
7943
7774
1751
7350
4728
7858
3506
