3727
3427
2251
5023
294
2017
6818
7250
3112
6259
4465
5850
404
4937
919
7127
5405
1880
5783
233
7669
2260
6543
1021
7130
4047
2185
7888
7131
3404
6359
2957
4836
5736
2854
7023
80
7584
5633
3197
4095
7143
267
6011
1799
4069
2358
2690
7440
5458
1221
3996
3929
7473
6608
5356
6159
1827
4794
6566
1207
1840
2756
7385
1311
5534
5236
3862
1566
6489
224
2803
468
5164
5593
444
3661
729
844
4188
2217
2601
4013
3534
7403
817
249
2145
4701
2277
3171
51
5897
3690
6736
3025
3265
2256
5053
515
1663
1207
4578
4156
5127
2861
1506
4144
1512
6023
5771
2115
4323
3584
1951
391
2197
898
515
4999
7961
7320
228
5045
3400
654
7642
5463
4027
904
3429
546
2778
5249
3150
866
4888
2047
271
6483
1263
1671
4122
6275
4980
2904
3103
7924
2300
351
2090
724
1723
4866
6301
7159
314
5819
589
6377
6321
3483
1117
5044
7365
2141
4546
5251
4105
1356
4878
5724
7977
3655
3547
2316
2679
7663
351
6763
261
3134
3201
2401
7627
7812
6731
6438
7753
3062
3216
7020
2101
5772
1020
569
676
3286
5009
6733
7479
3058
5288
4966
7869
3530
377
4506
7108
3408
4030
3698
7262
5964
6662
5225
5151
1382
7034
5751
842
2789
3699
7234
5534
5529
7775
5234
4955
1885
5868
3400
7061
6354
5924
1123
5635
566
2859
1439
5854
7093
3838
4951
4507
7975
188
5806
1473
4744
5970
5396
5266
1487
5152
508
6092
2554
4023
6438
3805
2729
564
7140
2988
4579
6544
1428
4575
2670
6026
1843
7737
2152
6008
3128
1486
4790
7058
7513
6983
7788
7178
3786
3708
370
6140
474
2534
135
4755
1758
5036
7537
4396
2368
3210
7172
2550
5735
208
6664
5298
7587
7589
894
1897
5686
2118
2664
2366
853
6452
4377
2244
2975
7010
5357
3476
2315
3022
5526
5321
7234
7266
5928
6068
6420
4622
1790
5517
5183
4298
2606
90
1592
338
6463
1193
7909
4275
5939
7941
393
7124
3359
1780
2492
1600
1198
129
5905
7576
402
6673
7777
1855
7923
2595
476
5019
6226
4087
2495
2837
781
4706
5193
4802
6181
6158
6095
4209
598
6569
5663
2673
3908
556
6952
3895
4110
3745
6676
7895
7839
5702
4221
5563
2765
2665
3667
2374
4409
3691
6799
103
13
5631
3152
3828
5731
6551
2634
6452
1175
740
2177
4319
220
5121
4067
5784
1563
3355
5774
5872
2385
1066
3997
5181
5905
185
2562
5043
6048
2689
4873
1838
3654
1738
3663
3712
80
4315
528
2058
1218
1234
7854
5091
3853
2154
686
6246
5186
2848
1508
6035
7368
3459
492
3310
6924
1828
190
5300
3307
6029
7054
2605
1183
6197
3922
2272
5973
7413
6443
408
4231
6901
1546
3666
3993
1560
5568
550
4357
903
7604
352
5046
4057
7353
4741
2383
6852
176
4900
7999
3931
7625
7969
6158
6863
137
1790
2062
3202
604
4939
7688
2926
6188
7318
7203
1528
1455
2516
1817
6304
6315
6985
2181
7761
453
7019
1531
96
6875
5649
4153
2177
135
4925
4018
1611
6296
1442
1140
3550
7584
5079
1631
1276
4088
4269
3545
491
2210
3741
6016
4150
882
5272
1936
859
858
4109
35
2258
3602
3888
4811
6606
6963
2630
4070
3808
2671
4006
5966
15
7649
4088
5951
3026
2387
6930
1641
5862
4585
2296
3113
4621
6782
7401
7989
1661
1373
4240
3971
2942
2057
3586
688
6113
7011
2577
4569
2459
2923
960
4797
3638
6593
3051
3255
1054
5659
4875
7839
6587
6448
3759
1446
661
2861
1482
4606
5019
56
4212
1026
3376
2168
4851
3600
6741
5500
5553
6401
5398
6456
7910
6313
7229
5920
2418
5496
6620
6774
7927
4987
1202
7127
4970
6977
6544
3084
2974
1258
4645
5134
7898
668
5760
120
4272
1656
5897
1537
1858
6177
686
3181
4153
5767
7543
5030
6563
3282
7465
5765
873
1385
3850
1193
5571
7919
4248
1988
1454
1389
3348
6235
4520
7741
4248
7729
855
5941
3146
3347
2299
1643
578
169
2972
1341
2549
4209
2305
3555
2608
7001
1115
3208
5143
3320
577
3472
6956
1514
7832
6745
5486
4255
6376
5456
2903
3803
471
4797
7711
938
7604
3529
1090
6838
5023
7657
2706
6983
2838
2735
5221
1537
3219
6501
5062
5339
4555
995
2585
5177
6034
5580
2356
2813
3725
1741
5565
13
2371
35
6546
6092
3702
3588
7223
966
6359
6241
7150
3965
3036
6381
5112
5779
1182
4655
2924
3513
224
4963
4865
79
6729
740
4905
3939
333
7617
5026
6354
2268
3820
6536
2096
7448
4053
5020
622
1753
5899
5208
3479
6928
1890
2559
550
4995
3754
2371
6465
2493
6988
4985
3519
3683
3288
7199
7881
3392
6109
5625
6436
3646
4978
5712
638
1748
3192
3129
7720
1394
1364
7367
7422
5450
4655
638
6292
3289
3098
5773
7880
2314
4145
6968
4016
2483
7575
2384
6620
4394
358
7097
7106
7545
6252
3625
4488
3869
6559
318
2689
4124
4519
7045
7785
6100
1017
1875
306
4065
13
3498
7613
6989
6670
6640
7781
4717
2177
3680
2474
2759
5942
5129
5003
578
4415
1255
4925
7982
5195
7669
3609
6068
2130
3595
820
1551
5521
4630
4221
4072
3431
862
4412
3298
5069
7991
4053
2257
7267
6024
4180
4094
780
3220
6911
1350
6695
5543
1252
6165
1467
1162
523
5519
6611
3551
5060
4690
326
3681
201
3427
4911
747
1616
6037
6363
6442
3752
3733
2106
7658
673
3434
1593
159
6378
4377
3477
92
3491
5525
4142
2517
258
3230
6399
5244
6828
3294
2695
815
5843
3722
3116
2171
6493
4002
7286
7949
1251
7396
823
1934
3059
5597
5106
1687
6500
3620
1278
2476
4918
1797
5226
2372
3683
178
6336
3345
7829
3344
256
3707
386
5306
2859
4930
3238
3617
466
763
6946
4541
2330
3050
4319
1750
3337
4214
6495
6453
6671
1246
6238
6172
5279
1688
2226
4336
2842
3360
3498
2688
4484
1876
3936
1051
156
4848
1970
2086
240
5577
2308
3150
5835
6114
1441
5896
7647
2097
1083
3889
3209
5069
2920
2703
234
4275
3014
3661
1697
7308
3514
2207
3929
3481
1089
5249
3706
3876
1418
2615
7007
4260
1597
4401
2283
414
1451
6397
2407
6207
5475
3144
5723
1441
394
7297
5659
4320
1752
3854
5990
2630
3649
5200
2944
2701
6600
4698
1279
7924
745
2389
196
1091
7964
5248
3063
6865
7092
7466
4897
4554
1551
2870
4611
2655
4567
7214
5066
3603
3081
6528
7599
4666
7135
7067
5494
1474
5356
3797
1946
1755
389
4671
1634
1080
4001
3136
5668
6195
6262
4935
4113
7487
2035
777
6812
5152
2819
1254
5472
1128
6005
504
4437
3841
4306
2499
1573
4803
2027
3819
3056
3140
1085
415
2361
7550
1457
1631
5012
2837
6868
105
5058
6428
7981
5278
561
7343
6053
6053
4592
5041
2891
5333
1734
6430
5818
5372
2374
6920
3732
2673
5730
3407
2570
7424
1279
4721
7050
7948
5838
2444
1117
5988
1976
7460
431
7043
3494
4161
1473
4865
7131
845
1297
6388
6555
3810
1183
1785
1948
6132
7041
3154
4258
2394
1825
7818
4676
4283
4897
6605
6700
4811
2648
2670
1845
720
577
7879
5996
3818
2403
7735
4313
1625
6672
3375
6216
2022
1573
6411
1954
4329
7704
6070
1583
976
3651
1838
4792
752
5048
4071
6597
3970
2635
1007
4198
7003
4208
3464
220
6412
2593
3437
7874
6543
7269
6609
5115
5318
3206
1423
848
2646
6446
4166
254
2888
1333
1844
184
3101
7918
4002
5148
6775
2989
3055
1859
4733
5337
2218
4074
5102
374
2686
6616
5164
5621
4803
6161
276
3934
2849
1498
6255
6893
1304
554
4711
795
4634
2013
3401
5706
3285
5861
3767
7170
664
6718
614
1206
2635
6550
2489
5742
2667
7141
3598
7526
4335
7073
4819
3789
5305
1996
1357
2227
5775
552
4915
1810
3371
3395
5710
1297
1017
6771
5867
7166
4267
7396
6724
2406
5408
3449
1272
7502
1371
2963
5517
5136
5353
6854
2034
7729
666
2457
5603
4535
5997
4514
4855
3058
7691
2105
2875
338
5016
927
3511
2582
5505
7095
6100
6556
1810
3708
7984
423
669
6901
7257
948
2199
7016
2409
5301
2062
5854
6212
5572
4648
1604
1366
6979
1811
7193
6024
4797
1253
971
7009
1078
5147
2491
2867
6728
5159
6180
2849
7246
4306
5099
5627
817
7389
2947
6496
5180
1068
7064
2341
1221
7033
5739
4606
7835
6108
2036
1029
3445
2425
6461
5280
772
7723
3178
3415
2033
4328
3711
3067
5366
3162
934
4357
4026
3425
5922
704
3015
2632
5292
253
2303
3188
4032
5011
7779
5189
813
2725
279
3380
1349
7673
3095
5915
940
3648
4084
5084
7047
95
2513
40
2683
2318
3067
1451
735
4479
451
3096
6929
15
4576
2383
5600
36
4053
5777
1182
5103
632
440
1477
1920
5849
4163
2450
7871
7875
7866
6887
4490
2719
6091
6341
6175
7780
1004
2817
4751
169
3433
3789
5889
2391
7416
7887
5738
3771
5340
1381
4204
1041
1441
7108
7665
3213
3027
2999
4846
2921
7027
1342
730
4031
5773
6243
3597
7151
6181
3555
4428
5730
1217
1948
273
425
6719
276
6901
2776
5477
3357
4340
4568
7079
5751
6464
6307
1712
6901
5114
1436
1212
793
7995
3460
7589
7232
6349
6092
5668
3370
7769
5490
5174
8
7395
4452
2269
650
5405
7531
2442
352
161
5148
2894
6571
5928
6590
4957
3362
3556
603
5538
7169
7013
729
2831
3689
785
6845
1094
686
2355
6867
6074
3725
1785
564
6569
6279
4213
3002
3230
1848
4847
5467
7414
3882
627
1808
2654
1686
2468
4757
1530
4240
7457
588
2212
1350
5790
7000
5200
7468
6139
5306
5121
6107
4352
135
4350
5409
7506
2224
3779
2139
5270
2949
254
3160
2896
5747
2245
1811
1355
3623
2401
874
2307
3147
6381
3611
6843
7175
40
142
4394
6616
3179
2161
6587
3763
155
2527
5538
809
4842
1768
5874
7228
3357
880
5014
2460
2378
4329
3374
7792
1640
7507
79
5433
1792
3893
5674
1946
1211
1373
3923
5380
2085
1053
1327
5094
4963
2460
5350
4831
6145
6327
4496
166
4020
7746
1331
5261
7393
3369
7895
7679
2972
4810
2610
1088
3766
2555
3569
2066
3308
2059
2931
6379
6375
641
6197
6855
4237
908
4936
4556
6247
383
7202
7339
188
348
6157
7400
3480
2393
3653
224
5575
1766
1839
5267
3580
726
3714
5631
3622
7890
2798
1580
4747
5818
235
3620
6940
3241
5029
7044
943
2114
1957
7100
6496
2656
1317
3811
6126
4646
2639
825
3787
2025
4103
2297
730
1806
2427
4225
2809
3265
7448
7927
7980
2366
2466
2374
7076
1619
1893
6867
6874
808
865
1205
6696
7157
5099
3893
3599
777
2076
2425
5928
4176
5537
1373
6776
2929
2967
2564
3702
657
3407
107
6816
1527
558
4013
2670
7380
1718
6892
2103
1179
2589
1324
2437
6768
4272
4468
1523
1380
4867
2285
3203
174
6736
5043
3634
4997
2375
3034
2816
3188
4393
5255
4680
251
6524
5698
1367
2062
1984
3786
4846
2289
7592
1619
2889
191
802
5048
4612
4396
6299
2227
1995
653
1407
4123
452
7628
4779
7649
2286
3904
1397
754
6077
7400
5745
4736
1899
7331
4513
1311
4519
7640
1829
5178
3992
5154
6124
3564
3498
3643
4509
4274
4191
3354
2274
739
581
315
4165
1079
6225
6274
2899
4856
7822
6628
7154
1597
1649
2589
4133
3206
489
4453
4660
5098
671
4781
7392
3568
7337
5280
596
280
281
3269
3606
7149
1664
1790
652
5642
7423
6463
1368
2901
2821
1902
3237
5744
6090
7617
7841
6819
3053
1419
4236
7806
7807
2048
384
1763
6758
2855
3142
6800
2936
4137
2826
6518
1601
5352
5063
7351
3952
3529
2222
915
2638
1307
376
1225
551
715
5535
5443
1330
2882
1949
323
3176
5475
6738
5090
38
1983
4522
1718
5839
1457
6596
6011
4240
690
6974
5846
1214
6849
2728
2435
1283
6037
1231
7774
1385
7318
475
5904
6682
4063
4667
2112
515
4802
5320
2774
296
7390
5068
2079
942
3953
660
2815
6827
780
1345
854
3362
6976
727
6455
3642
2108
805
7504
2837
4409
7945
3601
853
1262
6276
5682
6914
7132
6228
5586
2624
4748
6720
2518
1051
154
4775
6842
2582
3499
2973
2461
2942
3359
6526
2841
7682
7408
5050
3367
5700
5074
2256
6224
4736
583
3255
2077
828
3694
5240
1420
937
5726
7203
5543
1600
4713
533
3136
6974
2263
967
5057
2113
1833
1095
3373
2896
1101
2517
1848
7183
2707
2333
507
6692
7545
2908
3900
4657
7755
5172
5987
4138
1440
1689
6031
4479
7102
2122
7754
1208
3453
7682
4255
6612
2838
824
674
2228
4778
1916
6549
6926
967
228
3571
1824
5929
4671
7879
5302
7157
922
2346
5582
398
4215
612
96
4116
724
3648
6679
3256
5512
7193
5550
4872
422
3115
4380
1622
2809
4487
2602
5659
2631
1327
7945
493
5819
1300
2460
6996
3665
4746
2803
2327
1886
2462
1029
4610
7334
1966
197
4142
2784
1116
2835
6588
3009
364
647
1028
6252
5902
4252
6122
2546
593
3763
7755
954
2940
7898
4972
7948
5939
4179
1238
7916
4954
3646
3941
2111
7541
6965
1880
6220
6040
6752
5751
7442
6074
24
7274
4243
4806
1664
6060
3209
387
3266
3256
1280
6403
5299
3853
916
1934
4950
1000
137
875
3215
6842
6333
1705
7200
795
3529
2997
1740
3927
2560
2248
835
7198
3352
4873
3055
7477
6123
5079
5702
3163
788
7723
4490
1363
7515
652
2393
5805
7899
7408
6756
5393
4299
3931
6485
4911
3988
1186
4279
6016
358
4609
6912
5185
4524
5096
286
1030
133
2389
4169
2586
6050
4208
7496
4123
1072
5090
524
1419
3365
1489
2155
12
570
1791
14
5699
3005
5749
3636
5929
6352
1022
768
4369
2621
3529
1998
861
6391
4698
4159
2710
171
2629
6910
4220
572
2019
810
1357
6734
5883
5739
7849
1521
5096
276
4361
2319
4637
720
5477
3962
7591
6535
7941
1710
6859
2954
3758
1766
3151
1258
7198
3219
1890
7549
4688
6092
1566
2366
3871
6796
4094
908
7867
1718
5230
7216
5631
6894
6284
2227
3413
846
2232
6585
3253
6994
4247
4969
7991
7834
7168
1046
1261
7408
1292
5192
2427
2960
7486
5485
2828
801
6485
449
2047
6267
5985
1310
7027
6589
1889
6918
2022
5353
3203
6454
1041
2159
4416
7642
6361
5943
2313
501
826
296
2826
5906
930
4215
1734
1393
4162
5573
808
2629
4619
5789
5712
1587
4723
7970
2832
4068
6688
3224
6859
4618
4455
5887
1524
3822
1689
5821
1478
5314
1053
1664
2795
7250
3435
2239
5092
238
4685
4848
4080
1252
1105
6799
7432
5045
7301
7520
3120
3647
1331
341
177
283
1122
7028
5154
6713
4005
1714
2533
409
2523
5254
4743
2038
7980
3065
6326
6638
3925
1391
7690
6852
780
4905
1521
1973
4646
2784
4874
2395
2626
4297
6487
471
5550
4496
1837
7479
7164
6271
1937
517
2345
5788
4958
6028
5566
1525
994
3059
5601
7175
6422
7874
6876
7836
2517
7252
7275
2467
5762
7336
3536
3571
7526
1256
7206
6540
454
4455
4415
2265
7200
7355
5560
4747
439
3354
3577
3206
1767
903
3455
3632
3085
2177
5743
546
3054
743
7506
2705
7996
242
5849
5177
5172
6659
5784
1445
7570
7645
2829
7795
2003
2667
1143
1964
4689
5271
2550
4318
1950
1590
2945
7256
4464
5928
6753
7453
3579
5495
795
7658
500
856
4579
4588
7671
226
6147
6292
561
3555
6047
2434
1848
3279
93
7373
3265
93
5436
4011
7003
6799
200
1252
6728
7703
1450
435
4612
6224
4809
6155
685
5477
3182
5458
4293
643
7465
2069
2439
2322
2490
3322
2152
4302
1478
1577
4290
3608
7960
173
7353
885
5433
499
2553
3556
2670
4900
2053
6227
7051
7212
7986
6258
2167
4132
3537
3316
6204
2943
6807
7897
2051
5129
4218
2908
5121
6614
90
3868
4872
2848
5218
1498
5360
6988
5897
7297
2524
4030
52
6754
3449
6578
6276
1991
3292
6850
6752
7317
2089
590
217
2108
1118
1699
5169
2065
7204
7366
4403
684
6426
2065
1470
4853
5048
4126
4311
2227
6083
1778
1765
7088
3480
3565
6967
303
6213
6565
7287
2826
4008
570
5590
7043
2605
7788
6913
4728
2660
1526
3014
4207
872
3870
5365
785
67
3541
3007
1097
6097
2775
4031
1189
4765
6308
6914
2096
5988
1830
3283
2577
23
4025
5469
6480
1119
7476
3753
1129
5807
2815
749
7303
6908
6800
5093
5704
1785
2216
7377
4908
2873
5623
7685
2891
6452
208
2887
5887
6609
3422
1924
4136
7485
1547
5227
5212
1798
3162
3320
4653
2438
3399
6374
6968
3047
6512
3260
3481
5878
1694
7630
2378
1922
2342
7241
1704
4611
1478
6792
3084
930
6693
6272
4578
4022
1064
3513
4052
6707
4304
4547
2643
1293
1319
5791
6284
3190
4217
2335
3009
5897
2640
3038
6729
7360
5553
6594
7953
2988
231
2536
6248
433
3471
7891
246
7943
5462
3875
2778
4926
6669
7732
2251
1085
80
1715
90
314
6778
1784
2975
1225
4121
2279
5546
7531
7212
7445
4539
2242
7334
5723
5026
6779
3125
5025
6453
7412
333
1636
3121
7554
7086
3184
7930
6880
94
4933
7670
5033
325
7677
1210
7936
740
6914
6291
2622
4964
1174
2490
4191
3042
1657
7372
3764
7551
4922
4417
4082
2058
3808
3403
4088
4639
4097
3142
1122
2382
6448
7072
3267
7026
6032
4395
3530
1766
193
3070
5427
5886
1530
6580
298
1157
5059
635
6761
199
4508
4934
2275
695
6794
1579
3501
6095
546
4149
7304
6503
7591
3521
5089
6888
4515
913
7359
7985
762
6275
5197
206
7133
492
4741
3278
5534
3853
3113
3909
3218
354
593
6187
276
4853
237
6145
3273
4059
5474
2767
2816
6642
480
7597
4342
1303
2764
2242
7078
5097
4130
7529
4372
797
1905
3885
7365
3387
2833
3133
7686
6429
6052
7769
2253
4478
1755
1295
4880
5283
6670
1618
6489
7936
4972
4884
4426
3000
6321
788
7741
5319
3279
2934
7887
5258
1219
5089
5124
7780
5096
1964
6342
312
2356
955
475
7460
2407
7718
2319
6933
3764
5819
3755
7921
6257
6256
540
7754
5475
34
2822
6776
2804
3340
2085
3247
4156
257
1604
4195
613
7117
3194
1295
3698
1963
2409
6584
1457
6384
2296
1222
3909
630
2174
7471
7125
2518
3316
4554
2056
7154
2094
5333
6599
5490
4640
889
2843
2896
6549
6307
6593
4431
1422
4957
5014
1996
1029
3860
159
5888
5195
1687
5920
6023
27
5530
6118
564
4447
2687
1602
7629
856
5998
2407
2298
1519
2302
3430
2747
6201
4617
2553
6656
3851
604
783
7563
746
6637
6950
6102
2696
867
2590
6431
3591
7504
6074
1087
5175
1510
2622
7144
1098
4858
3584
2022
478
6424
297
4084
4676
1047
6547
6998
4630
2802
3166
955
7859
2574
1086
6980
3570
4312
369
4948
3110
3533
4253
6082
6392
558
1927
5689
2767
5265
2937
6799
4279
2570
2271
5566
4796
7014
932
4639
3441
3957
2789
1381
5032
5232
3898
2751
2431
3554
7993
7163
7933
7818
516
7118
2853
2609
6426
6439
2732
4597
7527
603
7921
2394
2543
6433
4682
5111
3294
634
5301
804
2845
2676
2677
3659
4010
7824
613
5975
3804
3426
7512
4404
7744
5438
7161
77
2244
1902
6951
1644
2650
7981
6283
1550
6704
6028
4010
1147
2173
1747
7609
3029
4776
1868
3316
4972
6514
6069
2574
607
7198
2577
248
1242
4504
792
153
5255
6806
4433
2208
7252
1335
4801
4626
1901
297
1506
4743
3098
365
7792
21
727
7360
743
6952
5645
5167
3710
7320
3575
964
2511
4383
6929
787
1272
3579
4725
5977
3194
3768
2684
4649
4661
1861
6777
4492
3631
6726
5385
4411
6184
7587
3656
3816
7697
2010
5860
6338
4389
3731
1979
3473
5375
2822
3773
4432
6504
693
1305
6932
7009
5253
5892
6465
2860
4982
5244
4368
4977
7780
3436
4601
6669
4320
6209
2899
4938
4205
2411
3532
3415
4714
6326
1258
7425
1474
3198
3019
3660
1433
6239
1810
5751
5909
6140
7208
646
2535
5895
4580
4280
3307
6362
7292
7314
2941
1929
2185
7955
1633
7984
7481
536
1954
4491
6347
6652
5259
4871
561
2729
7570
7879
3317
7325
4846
5792
7809
2633
7737
7953
4169
4733
5429
768
4080
628
7488
922
7364
7754
1784
4550
3565
6248
1608
6189
7874
4336
4477
1429
4217
546
7720
5810
3679
6255
1228
6630
6920
455
3393
1093
5203
7001
2051
3728
5075
2062
1311
7106
4684
7543
1214
5809
1291
6009
7031
2024
7036
5682
7599
5727
7666
902
127
3417
2332
6146
7308
913
5123
5647
7632
2075
1343
554
1445
6736
6352
1188
1240
3226
5153
2181
478
3416
378
2454
2103
765
6217
2035
5768
6425
7696
6080
6740
3009
3419
4186
7436
322
5206
3703
2574
4535
5263
2867
6327
1424
4590
2198
2918
840
6938
768
5192
1680
5624
6974
3099
2623
967
6499
5141
7203
4188
3559
7766
1057
4899
5478
4583
2550
6998
5684
3587
7891
2931
7260
6852
1365
5631
7598
2394
3785
1077
5502
3113
383
5905
1732
5122
4928
588
7343
7178
5105
747
3113
6487
5611
2442
6401
28
6686
2380
3742
4806
5865
4013
2479
4446
7928
3279
6855
876
3511
5787
1577
4894
7924
5405
5212
2505
5508
4815
3287
4987
642
3393
4896
5928
1418
4977
1262
4377
5767
297
4716
286
5084
7613
5220
3493
5070
4742
2731
6693
3006
239
3266
176
6358
2165
6352
661
1662
7478
1832
6304
4386
6578
107
6473
998
3478
6548
2461
1072
4714
3650
1846
1178
1150
2950
5274
7062
6415
2298
4576
2023
6625
165
3499
3470
6707
5880
2762
402
7966
2134
7152
703
6557
7371
7222
7134
3467
1695
5791
3408
1163
7714
3829
2680
1195
7034
7063
164
1590
1121
6655
4966
4047
3434
7443
6496
2598
6634
2046
4972
4460
3581
7290
992
1526
4491
5906
4528
13
3312
383
5622
1949
2835
6017
4323
6283
3369
1415
377
6912
591
7111
4869
2513
2930
3172
2303
6958
2691
4923
7440
961
4212
5312
156
3487
6074
6442
352
1236
5272
7705
3085
2518
5935
7882
5360
5139
5166
752
4617
3433
7248
1325
4894
5482
1211
57
3811
7211
5563
6416
7985
5012
5784
1650
7858
7945
839
3605
5449
107
62
4071
7331
4308
2945
5272
7470
5284
3966
7063
5949
1502
6543
2829
2938
4923
2545
787
4467
5770
911
6688
5222
2439
3376
6406
5162
6752
82
3096
760
2615
4961
2104
252
6112
3610
1217
3993
767
1734
3058
6029
2895
5602
6930
1440
2344
3084
2794
6439
58
6039
4886
7732
1106
1291
4192
6142
3516
4069
3353
4038
1581
5661
7220
7670
119
656
4722
3099
2758
6626
5202
7010
1202
6265
6269
1051
5563
3357
7973
2912
4237
4614
6721
3609
6182
841
6254
150
7962
5877
3863
96
7451
5262
2206
3783
2588
3431
3347
2514
1501
6734
1217
6167
1874
7916
7643
7460
6144
7348
2693
1649
1606
6362
4669
684
107
6883
3777
6266
812
6801
7301
812
4868
1835
3373
4072
3004
312
4342
7280
2233
3503
7229
4359
2611
4701
6289
4987
7728
3782
1605
4960
1392
3421
7725
913
7915
5977
1937
5525
6771
1707
6826
2220
2857
3969
2270
4989
6686
2753
3397
1571
6613
3993
2223
1989
4438
6733
3904
5905
6346
4146
5648
3658
3962
5262
1748
1405
179
6924
1492
1818
3081
5725
4052
5202
1995
164
7508
3341
5692
731
5939
1107
7231
6696
5545
7953
318
5028
5723
5234
5765
181
2729
3757
4031
112
2599
3295
4313
466
4504
4776
277
3408
533
7547
4249
7871
7304
3180
5149
2449
2637
4762
7582
4366
4260
5444
3282
4443
2901
5326
5054
7368
1461
4431
1169
7959
1840
2263
3510
3215
3073
4383
1397
615
7916
3166
5011
2898
3715
80
798
2267
3235
4043
6448
5506
4175
2938
1590
6157
5878
6403
3728
4790
1073
3944
7595
7905
6434
1801
4982
2005
5954
5647
3494
7273
5538
7905
685
2526
541
4312
2037
4986
1506
4593
1094
6103
2661
6573
976
5590
4163
1727
715
5589
6014
7062
1593
907
3409
646
5175
5009
5867
439
1652
525
4917
4985
5886
7123
3622
6271
5111
2530
4864
436
958
1929
1373
5670
178
1247
4946
7811
289
3757
5039
3759
5483
5238
4751
3567
3794
1931
2371
620
197
6160
6022
4078
4577
574
4110
7439
4507
793
5074
6367
6472
461
5966
4545
4532
1241
280
2187
6044
7946
1425
3789
6169
905
12
4256
1211
2868
2934
7592
4857
7264
5733
4824
2196
4372
3466
2743
548
2568
1789
6556
5716
3253
7650
2589
2175
4121
3547
2049
4229
408
2135
5129
6189
2418
7512
1670
3869
5016
5231
1493
3828
2679
2493
4212
1011
5369
7775
3363
3194
5096
3903
7149
2115
3477
240
7828
1761
7375
3332
5146
5793
3666
4880
7014
5062
7743
7397
1093
1957
6047
6958
1404
7168
642
7429
4859
4708
4684
6821
249
1024
171
3489
2121
3261
4537
1945
7130
6454
6062
3062
6913
3646
3609
5766
6085
1351
2235
7841
4126
4607
7236
2452
278
286
5318
6804
6320
983
2496
1129
2920
4347
720
7985
7168
1001
5313
201
2673
5528
3632
5051
5411
67
2015
6719
2676
7077
38
6623
4515
5629
1946
5197
2621
1317
3222
4828
6599
2866
7298
3880
5384
5399
64
6756
4209
4429
6743
1415
5792
3138
5826
7978
6496
1986
3544
2271
5587
3843
4130
6266
2936
6917
6605
5264
6286
7530
236
3558
1332
1956
5343
78
1821
4851
1884
2795
1635
2627
1908
2376
4780
4398
94
7735
7640
670
5382
7120
3611
6094
5871
4158
4676
4985
4135
1055
4518
4592
3561
1971
5438
121
2486
1993
2954
4605
3893
3233
4744
737
5572
1133
2072
664
5683
7541
1426
6969
4169
5474
5177
4198
3807
5338
3850
6736
5503
2311
3926
558
3190
2932
2452
5817
2614
3814
6397
3109
4268
854
6493
6820
2782
4385
5984
6677
4592
2720
2057
6328
1291
1098
7109
3904
2738
2205
376
486
135
1007
7051
1972
4612
3068
4190
6378
7291
6254
1991
4361
3530
5713
5560
7347
2245
4797
5925
5410
2154
1924
4481
1306
1968
585
779
4554
372
6376
2921
7319
6812
5121
4229
5248
2493
3566
5920
4854
7377
6739
1989
4280
1082
4801
2038
1031
6999
689
7748
1562
5104
6244
1577
6305
2170
7616
7450
4371
6802
2327
4410
1492
3040
7129
2054
6680
3028
1110
3773
3516
5901
7164
7632
2508
3541
6687
37
7219
5624
605
5389
4140
2985
7690
1149
5778
4128
3321
3990
3172
1843
4705
4302
3857
6122
2767
3337
1628
4570
3482
6631
7813
6407
5676
4336
2106
7112
1671
278
1334
4443
4076
5047
5146
2811
5134
3660
7609
4575
824
4186
4116
3129
796
2783
6794
4301
5852
3911
5955
7316
6283
6079
3930
2864
3002
7779
5259
914
2682
2420
922
1553
1694
6192
2243
2037
7327
1170
5564
4827
260
1032
2544
111
6229
2949
673
3490
3193
157
756
3226
7823
6469
2838
111
4637
4897
4964
5334
5025
6450
2608
7982
362
1005
4831
7557
7558
3451
1289
6936
3555
928
1999
7440
260
2384
5748
3424
281
222
3738
4381
1574
6480
6300
543
4974
5937
4501
6498
4864
6735
267
1611
2113
4209
5181
6252
7339
1601
594
803
5858
2538
3019
2276
6684
3366
2375
3927
5212
2464
4428
4359
2972
687
2752
3915
5545
2116
4139
7087
4217
1329
2073
7459
4539
7059
4644
7695
1976
4945
3629
3076
722
4016
2751
3194
3404
6430
2651
2458
4852
3331
2620
6183
7515
5934
5984
4224
3116
298
1438
4021
754
6733
7241
4755
1382
1586
3137
4304
2158
6022
5621
3971
6743
2798
5257
922
1319
1898
4452
1114
4258
2112
5975
3214
673
5431
6617
6439
7950
2225
2061
7044
1669
1621
1399
841
5309
3966
7154
2941
5505
7587
5159
7483
93
6017
1526
7702
4150
5118
7727
3561
5858
2001
4254
2516
5909
1126
2658
2848
7970
6003
2110
6276
5229
436
5933
3961
5964
1155
1825
7641
1873
7584
2740
2433
7122
3549
5581
6405
7734
392
6015
1636
2534
3452
913
7786
5997
4203
3330
357
5073
7715
2939
2653
6983
5859
4308
3660
257
7980
5595
2394
2214
7445
7018
267
732
5286
1720
4144
7140
6558
6910
4929
1897
3214
6077
5487
5392
2776
7243
1272
3363
1630
1411
5618
4150
1455
3255
916
3887
3579
2056
3050
6260
3910
375
3058
34
2585
1646
1709
2514
3138
7336
904
4357
7146
7085
3689
78
3574
7757
393
7697
3215
1345
5402
3404
5983
3828
2780
5514
7595
6425
5829
2279
4534
4209
3488
5604
1844
5752
2294
6172
5254
5705
661
4028
77
1223
6583
1358
7370
3385
2352
3860
6671
2081
86
3406
7422
6037
4467
4940
1854
49
531
5891
863
4317
6402
451
3159
5639
6919
1054
131
5563
148
648
6816
1540
511
3360
6598
6040
4708
2602
4497
5323
1337
7361
6176
1014
3501
2640
2328
6728
2093
3731
6554
2308
2148
3945
7887
4594
7172
643
1964
5836
6320
4502
2177
2976
4864
2068
4054
6340
7382
6122
3736
4797
4982
7598
4545
3546
7966
182
2461
6863
7874
413
3212
3143
4423
6854
5004
4491
7393
2140
7024
693
7863
4302
1144
6441
2499
1318
1772
817
2631
668
