2691
2248
6273
4250
7294
7890
1145
5171
3944
3925
3080
4921
1810
3448
6037
558
2886
1732
905
1759
5132
2234
4057
6648
551
5010
2133
829
7604
6790
7299
4360
6157
3845
2707
7503
6253
1395
7683
3121
6472
3725
1779
2665
1580
3789
5855
2446
2142
735
3933
3623
4208
1971
2284
2054
2959
4445
6780
4619
5454
5608
5286
5118
382
3329
7721
1368
5828
3037
2924
2247
5053
4095
1926
3295
6746
6945
7548
828
4561
5286
6696
2043
6569
1523
6793
5649
2548
62
3186
2902
5016
7255
5728
2407
4820
3024
3927
3548
3517
1474
954
276
6788
7415
4274
2730
5612
465
2116
7270
6971
5
1522
6664
1500
3507
1687
6133
4439
3163
3807
2335
5996
1362
1526
898
1222
1243
70
7477
4271
6362
2014
7730
4452
6115
6505
1411
6590
983
4667
1388
7854
1951
3621
5014
5292
3824
975
4791
1511
5704
3479
947
7433
3439
3354
3377
4531
6995
5588
4800
1140
176
6048
4090
3539
7197
6510
4172
2179
3156
1608
2726
2385
5542
1153
3360
938
7980
6348
7347
6695
6059
227
7229
486
7689
1025
1341
2644
3356
4424
6600
3560
4735
629
2263
2130
4143
1416
4418
3494
4658
4965
517
1846
903
1453
6884
7112
4736
468
4774
3227
7706
5957
3319
7576
2102
5282
3854
2751
5857
2228
4353
3972
7651
223
128
6585
4560
6569
2818
4040
2474
5682
3806
2341
6289
2391
4331
5647
720
1990
2150
5661
6311
2500
1794
2126
5134
7128
933
4502
4403
4321
432
7005
3646
6422
7877
5855
7234
7232
1856
7669
2896
1935
5838
4750
944
7788
6115
7896
4248
2629
7337
5416
3354
5912
3339
367
5730
4781
7665
3893
2123
4613
1801
4669
6803
1709
3138
1801
441
4348
4235
6770
872
4686
1333
3649
1606
7166
2288
3021
5585
4506
266
5992
6060
1591
3225
6248
6932
2830
7098
1482
1861
2739
5000
1775
7248
1605
1245
4524
7014
5429
2883
5525
4163
7247
2192
3216
2547
7609
904
2307
4901
2864
3220
2006
4608
4945
5974
7733
6011
7284
5856
1411
3225
4507
3413
5835
3690
748
6976
3184
1928
2819
893
4576
6225
4097
7068
3728
7361
2912
7505
4577
4530
1975
7103
7036
1076
3125
1865
2993
1645
7029
7389
4802
7230
6134
4872
6129
1494
3070
7033
5874
4626
366
3065
51
2041
7356
5001
1953
1868
1226
5404
5144
4079
7388
2720
1492
486
7372
7938
1028
3217
2574
4145
4309
6415
3900
1084
3531
4049
2799
653
3333
4428
396
3162
5988
5172
4676
463
7832
4105
3502
1395
4067
7632
4328
1555
2731
2476
5872
2100
5130
4498
5817
4598
7864
6230
7616
1794
3425
5635
7372
5380
237
3548
5136
3832
2969
577
7523
6638
5641
202
6382
3313
2622
670
7825
5918
253
3356
2886
7906
1943
3686
6894
1790
7067
4457
4389
6025
5932
579
2363
4136
2383
6396
1459
2044
473
5081
4465
1936
3641
3781
3977
5848
3190
2360
1715
3160
6065
3015
1205
254
7638
4766
4243
1018
7649
6910
1873
4583
7949
2406
2186
3925
5157
2425
4416
1273
2022
7806
1049
7520
2372
1484
1907
5322
440
2880
5406
4125
2590
4211
2215
5653
2041
2518
2875
4567
77
3716
987
4350
3061
4627
92
5408
4971
4820
3359
6583
394
3941
7086
3991
7778
6645
5210
757
7460
2883
1993
6169
1313
5820
5225
2823
6006
5001
4933
3789
6003
3095
1670
1981
3493
2451
216
2946
6265
4159
5177
7733
7787
6550
3246
5795
2346
1160
5640
5705
1908
224
1109
3807
6604
7069
7573
5764
7897
2573
741
7276
3513
6801
1869
2239
237
6164
418
2736
3768
937
7570
5167
2207
6028
5048
6204
37
5677
6657
2236
2258
3535
5315
4752
5634
3957
7740
6376
7056
4909
7583
4106
3258
3617
5921
2384
1966
4289
5736
7028
5818
7727
7128
3249
1412
6843
1257
7172
6409
4633
7946
1767
4416
7682
2553
4209
2116
7873
5777
2099
6597
335
3901
3524
2462
3118
1410
1310
6418
4136
1747
6533
6991
1724
53
4026
7167
1204
4300
5489
6133
3703
3631
2417
5806
373
131
2180
2912
7083
4048
911
4552
2652
3241
269
6197
4787
830
6352
3910
2569
6304
1298
4543
5391
3460
2241
2332
6845
1831
886
7849
7239
5041
5147
3879
1674
5869
338
1983
2320
5386
5683
5420
2555
2558
4300
3319
5896
3947
5628
7818
7407
1189
5825
5766
4907
5710
3147
7759
326
1579
5141
2859
7904
6341
6859
6217
2767
873
2638
6582
4664
157
4078
6819
1029
944
7300
3131
4620
4196
6121
2748
5291
5446
2351
323
1211
7567
356
7423
2393
3385
2766
5067
6665
4769
3172
4565
6273
5661
2528
4184
4680
1383
5407
1815
1752
2205
3034
1418
7804
4328
4981
7737
6247
5068
7113
1478
7739
6410
7908
6612
4456
4586
7817
4349
1260
2111
193
1528
4935
4046
2542
3143
7150
5397
6202
4068
820
6608
7500
1647
6545
6784
3064
4057
7618
1856
6936
3720
3185
579
3217
3184
6769
3771
777
2928
6916
6994
1512
7059
6955
1571
5982
4425
7554
2755
1052
4261
1978
5654
4966
1427
4928
4915
4805
2689
5776
5511
1576
814
3556
2783
4019
1260
4624
6796
7960
5242
3314
6526
6402
3525
182
5154
1288
1625
3434
7625
4181
5093
4042
3701
3551
5134
5221
43
274
7017
1800
2681
1866
3985
5137
2086
5221
7115
3950
532
6795
4109
2646
7336
7709
6192
5091
3402
1872
2776
5337
6604
2343
1432
791
7293
1621
4083
6295
339
4817
4834
2198
2777
661
2115
484
3342
2753
556
5181
7758
2769
2080
5740
2036
492
5589
7662
7656
3105
1039
7753
7299
4043
5683
6808
5782
1441
1061
6874
2244
1439
5477
4859
3512
6770
6662
5174
7660
4633
6486
198
1803
6574
2845
7345
5789
2353
3699
5403
5336
2698
6193
7279
2641
2576
1225
5701
4375
7867
6037
4605
65
4745
6243
2605
4783
5742
7579
259
783
1185
2574
6593
3300
7210
5527
5478
3239
2496
6550
5923
6135
2884
2572
2206
2874
7486
2622
2027
2617
3819
2041
807
501
632
2660
30
5940
2486
1152
7108
30
1445
3705
6055
6976
1687
2059
2892
1031
1485
7126
6258
5060
7700
7167
7439
6312
2
3994
6078
2395
1213
6208
7317
3130
3406
6347
5896
3823
7685
4019
5454
2744
7555
4055
4416
5938
2031
1486
6434
4553
2948
4736
44
3487
6605
1481
933
4188
271
4672
5083
5909
4311
3454
6021
1461
3102
2527
6622
1474
3018
4385
7288
882
7732
1654
845
7281
4047
4473
6259
5704
100
2550
4024
4148
3227
7923
5382
1792
4700
7406
3165
7474
1048
4701
452
5356
2442
320
6137
4224
1037
1849
5582
5136
3834
6960
6074
8
1701
5414
6127
3919
5276
6093
7121
6478
4697
852
3002
7550
6385
1256
1765
2646
7801
3607
3625
1742
1187
4028
5803
4829
5073
618
5371
5876
4198
1336
6976
5219
3116
6905
3811
1475
7255
423
7840
1937
599
7317
6952
415
3490
7552
943
6766
3027
3342
1966
4588
6902
4658
3732
1926
4821
1829
707
7103
5841
4121
6237
7986
4718
7182
4788
7507
440
4176
5712
2154
1732
6409
4426
7131
2195
1991
2085
2708
5140
1932
7083
371
2921
333
6437
1374
413
5596
3010
2004
5703
6229
4672
1843
210
1868
6163
1198
7321
3921
6625
4696
1503
7425
7759
6740
1875
88
4204
5952
2489
5147
7505
190
3449
297
7026
621
7361
6943
15
6224
5623
3501
4769
3409
2929
126
6907
7209
6866
4758
6390
4282
4617
4846
177
7338
2723
675
6650
7885
3371
3767
2072
6022
5130
3103
6181
7534
5985
3397
6460
1993
6588
1437
7787
5158
6646
4697
2209
333
4274
145
5447
6054
1726
2145
5411
1871
4931
2600
1247
2644
118
6642
5146
1751
3070
5973
1095
1854
3952
6674
3012
2903
5947
1175
5679
2415
987
7746
7820
6035
2736
2469
1393
521
6816
4064
7502
6425
5295
1921
917
7087
4962
2339
5544
1051
5852
3568
1779
4291
2109
6148
2846
561
5347
7547
5924
3402
5029
5795
2979
6045
7845
5018
1894
4453
7557
6443
36
1817
5277
2845
3535
276
5888
970
1846
3672
155
2249
6868
909
4542
7847
2462
1852
4499
271
2014
1179
4314
3662
2396
738
76
3241
4674
7397
4622
7202
7809
3162
5481
7616
2525
4232
4666
3037
4926
2827
1967
4892
5218
6246
1861
5179
1158
6269
3861
1216
6619
3412
5357
4872
3818
7357
853
5835
1174
7105
3056
16
7429
835
2696
56
1123
4920
5436
176
5578
7653
6578
1055
7286
7548
5620
2400
3031
1971
6076
1766
574
3438
6807
340
1254
1856
5057
2240
7020
5764
1002
4077
7809
3941
1514
5806
7609
3370
4514
2650
3987
414
2126
1191
3039
3266
3202
2526
6393
5769
1263
3979
4347
5235
3624
2589
175
6413
7223
628
5901
7040
6766
7463
2517
1224
2033
1148
3446
7104
721
2937
6892
7391
4329
804
4699
6413
3330
3392
2415
1803
1506
4770
3245
5545
3173
7349
7838
1710
690
429
5986
4384
5629
2394
7163
5380
4132
136
1226
4248
3530
5710
7450
3602
1202
1734
5046
2104
7259
487
4555
5340
63
6006
6780
7586
1821
7504
7620
3604
5066
2071
237
2840
5227
4354
2190
4750
2322
3600
4638
1610
2114
7104
6660
1443
1453
7310
3942
4300
4000
6500
2920
856
3483
719
2036
1155
6194
6735
3766
4275
3068
7517
850
2710
3155
7365
5791
1838
102
2889
1658
1637
925
3170
5228
6750
285
1041
3618
7215
7695
6535
5766
5554
7573
6537
4540
723
508
2111
2580
1060
5399
1679
1368
6291
4800
3948
7598
6149
5651
1906
1167
337
6072
7775
4554
1870
440
6564
2768
2539
2208
5022
2844
851
6106
1657
4897
3066
6738
2476
4797
6428
220
318
136
1769
1753
2320
7334
5158
4532
5763
7899
3325
3052
601
7669
4958
6074
5251
820
4104
5690
2819
3200
1000
1680
6235
3572
4231
7518
5133
5613
4288
4276
4906
5656
3694
7974
2032
3560
4055
4459
2635
4123
3175
2170
839
2801
3069
7
3344
7746
7985
1659
6034
443
3742
1877
6839
2360
4920
5034
411
5600
403
3935
6438
6296
5214
5681
7013
5134
5710
3746
1252
4766
2109
1204
5386
6345
579
4980
4173
4925
6946
6608
6305
7531
5065
5942
4056
1905
6441
1217
1182
291
1868
3646
6086
3980
7237
7120
7466
3678
2070
2668
1956
7453
2814
2411
6832
1356
7926
2336
1612
1647
3437
4134
5190
3534
7302
160
7104
4214
1018
1385
5235
4405
6633
5343
4998
4771
6128
6301
4884
4920
2296
4710
2455
3838
5936
2217
6293
3119
4696
4449
6895
7275
2959
6193
1978
5330
6532
7390
5474
4038
3724
4945
2139
7852
3675
7856
4299
7798
6058
4430
1466
2027
1032
3421
3023
6713
3946
2470
6460
6441
2948
7772
1756
4071
7118
4113
1410
6848
3406
935
2971
6405
3658
1036
420
6979
7103
2019
2009
7298
7932
7034
3045
1450
5607
7535
362
2817
4703
2248
5553
2734
1873
3493
3478
224
4238
6904
3459
747
3929
1635
6311
7448
6706
451
5446
2839
1134
7775
1122
7024
121
3986
1835
554
4348
7270
3028
7236
6290
4992
7159
5989
2239
2646
3208
4217
7462
5249
1825
7762
6797
4746
4010
3141
7417
4080
3742
7472
625
7397
467
1622
4256
1350
1233
3053
1696
5293
5718
5693
3014
5883
1937
7589
2134
2305
3281
202
159
735
2695
7139
2569
973
252
3303
3966
5268
4952
1296
4646
1044
7626
5260
1788
4328
4044
3365
3702
5245
5365
7516
6261
5896
1553
6259
4048
3300
1981
5200
3323
3656
5385
1701
7193
7582
1087
528
5790
2289
1488
2437
3366
1602
4426
2969
7130
1114
5533
3844
1158
1650
7127
7963
4135
6534
3605
6151
350
162
6267
426
6399
5937
3900
4895
2286
1002
935
1886
6812
5064
1435
7256
5772
1314
1825
2341
996
7167
7398
2425
3146
5190
3281
3125
7850
7766
7479
6055
2547
2561
3235
1503
5194
3645
7
277
1169
3515
1991
4763
6897
5051
6882
5127
4946
195
6625
957
4902
733
2190
5735
2433
7422
7937
6990
5158
3817
6804
6121
6742
7646
3240
6798
6988
5142
170
5361
7139
1273
7405
3301
7823
7503
7046
7584
1412
6878
248
4975
1460
7392
7668
4999
5025
6078
2130
4222
256
6274
5269
3726
7273
3624
1740
5313
6334
253
7757
6287
4731
1924
2738
4414
2611
2064
6789
7174
5677
5733
7175
5040
5490
581
6971
6812
6684
5192
7439
1837
2728
1023
7296
7533
5129
5947
3809
2117
3014
5897
2989
5740
4253
1395
4511
6234
7051
5690
3990
2655
2801
6554
2127
3530
365
7052
6327
2793
1119
757
3974
2825
7842
7083
5164
7988
1098
5909
3855
2465
6968
4612
576
3846
6007
6734
5418
6866
3490
4708
5156
5750
4021
7747
5230
6458
6812
6086
3946
3024
1392
6745
4038
1148
6818
2253
5028
7825
4116
6993
3975
1290
1291
7265
4258
6614
3577
1900
3327
796
2370
345
7041
4297
2027
5731
5735
7423
7233
1982
7758
5587
4660
21
1563
6701
2084
372
169
376
7089
6524
7592
4216
6073
2958
6694
436
6997
2049
7770
2388
6463
86
2576
4025
998
5423
6195
171
4935
7238
339
5296
3389
654
7893
5520
7495
5178
5049
6374
1473
3335
7893
281
2616
4870
1429
6914
6558
60
89
2740
298
6846
7049
4491
696
2547
3153
3456
6958
6982
5831
3569
1902
3712
4422
2782
3861
6873
7668
7518
3153
5082
3319
3699
6603
5472
4618
6289
3091
2934
6322
7677
2998
7905
1961
4858
1361
2365
2974
7641
1125
7621
5849
5422
7258
2088
4291
1434
4382
381
5681
2703
3649
414
388
2746
2458
7703
5687
2216
5153
6291
4306
10
1113
7620
7540
3659
595
4304
4259
1626
4831
2108
1934
5575
6765
200
1513
1782
5648
6255
6720
3673
4009
3091
4493
3242
7911
469
5752
3391
4692
1536
5879
292
7487
25
5652
7631
6476
1531
7240
757
877
6783
4406
7735
3872
2258
5125
2016
853
307
453
1648
924
2551
1927
3762
6072
1400
3775
5871
6452
1087
4910
2090
5522
3272
6348
4575
7234
1302
492
7274
2699
791
4259
6314
5325
4162
3880
1190
532
7163
4843
5425
1794
5348
810
7823
3202
3690
7022
1106
4665
3329
2225
4569
1157
3222
2078
1757
5015
2107
1560
3722
3948
3732
7116
1037
2554
7758
6420
367
3497
5882
2461
1542
6059
235
3613
4387
4109
6974
7032
4369
5906
210
3784
6627
4571
5146
6329
4303
4265
1963
7421
1855
3266
5840
1400
94
4090
1791
3170
5826
5279
6854
4934
994
7817
7496
5635
6912
2015
247
3771
2386
4835
5989
875
6933
5935
2445
1419
6203
4873
5995
3061
5255
1536
482
6126
5778
963
6622
1241
4876
3816
2195
563
1143
5235
782
5576
4687
6325
4699
1607
5625
1713
5477
2350
7514
7007
6545
1785
7308
5925
5214
2373
643
991
3368
4814
2234
2842
7672
7090
4385
5561
5425
57
6562
2364
1607
3494
4326
2966
5724
2906
2618
3527
5352
4988
5477
7105
1256
6545
346
5264
1357
5473
163
6304
6006
7255
1298
371
3123
4679
3094
5158
2993
4089
5906
7432
1938
6333
6471
263
7323
6634
4005
4092
3422
7986
6447
7885
1403
638
5687
3165
6255
7095
7875
2567
6308
7775
4860
4602
5734
726
5809
1717
2586
5955
3880
4227
6721
3484
4230
6966
6184
1906
7679
6965
6120
7938
1855
1608
4159
7406
2268
5947
4641
6259
3870
501
4429
7812
6114
7476
7000
3598
4894
7047
6489
3872
2714
2848
6064
7319
4063
7080
7460
2301
4766
5254
488
6144
4383
1284
7178
6879
1638
7347
5615
3401
1284
5964
4490
2382
2423
2164
1079
3019
6662
869
358
5615
4343
4199
3978
4766
4998
2357
7938
1902
4854
3151
295
7821
3642
513
3410
6017
5726
7408
2027
5398
7170
2467
6551
4849
167
4011
7922
7359
4533
4862
4459
2736
4883
658
4971
2203
1547
5725
1586
1663
7650
7084
4539
7285
280
3481
7758
1623
1199
4686
7932
4076
7448
6839
3080
4493
5870
1658
3518
351
6679
7264
78
6007
3633
6449
6829
974
5625
5775
2737
7030
4113
1073
393
4938
5757
7514
248
3624
3166
3230
6981
983
1075
592
6932
800
467
7309
7588
41
5671
2244
101
6936
2987
5430
6951
1792
2717
1480
6477
3222
5354
1581
264
6320
6871
4419
4607
4518
3880
4882
5599
5174
2230
6326
6796
4778
6020
1581
5466
6620
6255
2503
4760
3786
6061
4184
170
5392
1402
4793
136
2715
7502
6460
6354
592
2720
7453
3425
6125
129
5046
2100
1886
4424
6778
637
6687
2248
7396
2619
3275
945
6358
3034
6177
3306
5450
4641
1355
2890
3353
347
6308
3816
6351
492
350
2265
2862
1527
650
4802
2208
3742
2316
2343
3449
2089
6998
7661
6988
4185
5106
5206
7404
7592
6335
7973
7814
7828
2888
6114
7384
7765
3885
4526
6736
7093
6434
1855
6326
2492
4968
6494
2676
2728
6211
3460
363
22
1773
2061
7935
1946
6392
5804
7521
7329
2752
5032
1981
341
3095
3233
5595
4648
3258
1744
4638
807
926
7450
5141
2722
3977
280
954
6250
500
6682
6954
5628
5556
5450
5924
5601
4841
2584
7481
3933
2875
5653
6210
1980
7095
6762
7389
3339
1622
4493
4367
468
7005
517
4042
5415
3539
6716
4498
3468
972
1714
728
6383
6236
7854
7814
4685
1931
3925
6937
6657
6379
4862
3612
6711
5509
4884
299
1867
867
5994
7
4668
5097
1179
7788
5082
5005
7213
543
6706
4936
4049
7739
3912
5276
2898
1495
1001
6614
7341
7604
2569
5864
4307
7647
6681
7233
5600
3123
6010
6654
5323
6441
3429
7085
7364
6943
2231
1019
3980
6006
3570
5816
4911
6903
4500
459
6420
450
2249
1253
2588
1703
951
2681
2823
2139
3980
5031
5833
2890
5095
5657
7614
6548
5338
379
2155
4965
5652
6589
3519
6992
3692
3474
3530
3294
3184
1568
391
4419
3352
1111
5087
723
3777
3155
6648
4276
954
720
7083
5735
7765
1411
1103
5040
552
6057
227
6876
7726
1407
675
6188
2753
4205
5048
133
7034
2648
3708
6396
621
6224
6113
2787
7034
7010
4602
3504
6866
68
2002
682
5082
2595
7498
6240
6575
4459
2197
7654
4275
7680
5731
6160
2373
3201
4159
7807
3854
5080
6034
7470
3521
3597
6930
4477
7961
6232
5809
5471
3023
3736
4196
3715
2112
4672
3721
869
5245
4995
1978
403
6292
2356
2408
7376
2825
5072
4703
3823
5163
4627
5838
3716
2546
1403
2419
2834
2139
1256
958
422
6497
1219
3797
6201
1468
1177
3331
1386
5196
1171
4893
2437
5410
7280
2865
2333
7595
2626
4227
929
2036
1844
676
3320
2787
6523
823
3479
7678
4505
2712
5033
3211
2105
6773
5755
7047
6369
5037
5522
5689
7302
1724
6081
1787
1289
4863
1998
209
150
3937
3368
5327
1380
5038
3045
7430
1454
6995
2764
6609
6719
3685
4080
7670
5922
3221
7331
7615
4647
4980
3401
2992
7836
4462
4041
1505
7914
2731
1593
7179
3681
2548
557
5259
7339
1622
7622
4360
7409
1108
1586
6488
5295
2265
642
3300
2933
753
1853
6471
5932
1008
1435
4877
5920
3022
5003
7251
3048
1693
5050
721
6039
344
4997
2195
2323
984
2343
6319
4462
7409
2705
3281
7075
5637
3370
6327
5786
1597
1475
4239
637
3796
224
7794
2034
3809
1220
7744
2916
5742
5100
6351
3367
4679
4351
478
6683
5358
6482
3572
2505
4218
449
6216
6239
1525
6527
7541
3589
3363
7190
1103
2178
5864
3500
3765
929
4443
5873
155
7662
872
277
1066
556
4492
2829
3199
6973
5222
4116
7466
7772
1206
2054
4953
6515
3712
3779
6210
4557
3971
6677
2367
3196
7189
7244
258
5205
2297
3528
6386
896
5552
5508
3461
1576
748
2466
6666
3564
6826
6463
2352
3705
2373
5537
1781
3700
1468
1627
6842
6246
6493
6418
5198
4054
2043
6256
4497
2962
2000
800
6306
1899
5510
6644
2495
5606
4131
7651
6574
5945
5607
295
364
6360
5026
4405
6152
5916
26
7292
6442
3236
4935
1924
6958
2898
3656
6822
7601
7795
944
4661
5259
1230
5144
897
4325
2718
6385
309
7828
3151
61
4882
3933
7231
810
2738
5372
7408
7237
7165
1933
6654
7961
1285
1172
7303
5452
4183
1419
4968
7467
5960
5772
456
4092
320
6174
4589
3923
1998
6336
3827
4587
7262
5468
2678
2942
2831
3152
6816
3351
5616
5454
7805
6015
2204
5665
960
4120
6678
3801
6590
7820
3973
4674
926
1838
6897
935
3551
1943
6507
3637
486
7105
4574
5684
3564
3389
6679
3107
7194
323
4596
4014
5470
7182
4106
954
5018
1265
4087
2919
1874
6251
3341
1042
7563
1742
224
4219
3774
4763
7426
4942
3562
1675
664
3965
3007
1295
3407
4206
6
4621
1763
3283
4391
6183
5842
6348
7067
7992
5826
6295
4368
4683
6307
2204
3057
6757
242
5485
5059
7038
4583
5086
941
7572
4053
1866
359
2221
3643
5309
5152
679
2124
4925
4249
7035
7459
3772
251
2117
1098
7560
6967
7358
5346
1356
7344
7543
1982
3524
7722
1783
5168
795
1919
2742
3184
3816
7509
1691
2254
6400
2679
1240
2983
489
2703
680
4955
265
5410
6932
2162
2796
630
722
205
2446
1427
480
1781
3064
2187
3435
5536
4816
7825
3865
5631
6486
5287
3812
883
356
6429
2333
2130
4283
3870
3961
7702
4385
1798
6635
6839
1154
185
276
4730
4981
6517
6073
6505
2676
7235
6798
6755
6877
4988
7797
1807
7588
1236
5814
3901
3051
7472
5827
3626
7957
7034
4431
2785
2507
3625
342
2999
6424
3008
7570
3290
2914
5414
6918
2666
4796
1977
1038
3436
2418
4444
3778
7099
1426
4879
7273
1294
1744
7116
4407
6427
6156
2139
1616
6202
7979
4623
3724
4587
4620
3904
3061
2326
1686
4061
798
4292
4704
3344
5770
6689
4430
2347
5347
5825
2700
6811
2240
6736
3003
1711
5507
6869
622
6233
2919
1718
3388
6811
4829
2111
4109
6862
1472
1222
5781
155
5982
6388
6537
3468
2999
6894
563
1647
4659
3797
2779
3677
1450
5937
7026
831
3140
3482
6444
6112
7817
7857
7011
1125
97
7232
7248
4279
7392
7066
4640
4849
7377
1129
3437
3414
1161
3696
736
6943
710
1492
753
472
4714
7870
371
182
7082
5119
5944
1085
3780
6358
1205
6490
6235
5568
325
3737
3364
6644
5724
442
2996
2169
2511
4485
363
1698
7231
3549
7164
4409
7992
4313
239
2440
1043
4429
494
4480
5092
5641
6894
2520
7754
4834
5450
196
1976
537
3331
478
252
1747
495
7717
1525
3264
7814
7376
5182
4015
7244
1021
4876
2830
1656
310
6666
3455
2161
6166
2054
2527
2149
857
5783
6246
6582
3478
6890
4865
2111
3573
1791
5109
7295
4125
5102
4230
2296
4220
4548
400
5067
3176
5904
2665
7283
2771
3348
512
6698
7964
3115
292
7063
4793
2203
6565
1912
6033
4630
360
7645
3489
6685
5857
3930
4418
5923
3818
2252
5913
4764
7123
5087
3994
7847
1911
7918
7697
2219
143
3761
1866
439
2788
3280
6524
4384
5803
1596
6026
5632
2850
6907
4521
5767
5097
6828
7685
7234
3317
3615
4983
5822
732
5810
6378
5390
5868
4286
2567
1662
83
608
6115
3899
5926
5963
621
6599
6344
6839
2989
5565
4975
1962
3674
4769
434
302
220
6222
4171
952
2447
390
1271
5189
7544
2461
4000
7260
5157
3764
5670
7549
3542
5199
7946
4953
1679
931
1353
6437
3446
6457
3061
4795
1918
3883
7421
3312
3088
1837
1273
6212
2960
7454
3301
952
6003
2666
6839
5704
2438
4577
1172
2928
327
7972
704
3583
4151
64
3299
7848
5622
7203
4719
6428
4608
4859
198
538
4369
7083
7392
5476
900
2873
827
4153
2199
3235
930
4756
7247
5533
7866
415
4103
7519
2568
4005
698
1773
5980
1386
298
4730
3971
4834
4424
7986
594
6422
2039
7265
4451
7630
7946
3620
4503
1220
4847
7846
4031
6503
990
5709
4611
4028
6680
5439
4484
1480
4359
5343
1144
6567
2026
6511
3898
122
1791
1468
347
524
7405
1924
2117
5702
4054
1479
7923
6859
1311
6205
5971
7818
6515
6939
2611
943
6081
7122
7855
4901
4686
2135
115
6722
1536
2953
7873
1445
7205
4327
231
2189
6842
3145
6309
5626
232
5846
650
3893
3727
1964
5262
3662
428
1007
895
1018
2968
6440
6888
4193
7177
4912
1721
1242
1657
183
1213
1614
835
5858
310
4739
3687
3216
4002
499
6249
4128
7623
3644
3252
917
4182
6123
4358
4185
1615
3161
7560
1330
5678
823
2522
4087
5484
7823
3
2322
4957
5204
6522
2531
7875
5251
2911
3362
6414
7415
3353
3629
1617
4413
23
3486
2089
2908
1489
4437
3621
3444
4396
7239
3924
2036
6967
4291
5467
443
3122
7514
7714
3916
6045
665
6970
5191
7224
6691
7840
4847
2721
7063
5499
1839
4759
1889
3084
6550
1009
7046
1111
3233
4410
4572
6178
3169
2590
7422
7641
1469
7906
7777
250
2458
2319
3711
1265
4065
6591
1008
4787
3552
5216
7546
5543
5233
1970
3732
3068
1824
396
4502
5963
35
2691
7669
5000
2988
2409
727
3073
4498
6487
1209
1626
4762
2802
840
4536
4830
6545
725
6493
4220
4334
5163
6437
1759
5380
634
5362
3962
5922
6362
6188
4423
4733
4695
3196
3692
2060
3338
7503
7910
5659
2478
3433
7875
7834
833
6050
7634
913
5208
5185
1995
1227
1823
525
3193
4262
2529
939
7866
637
5739
7834
7779
5628
3628
4852
4118
391
5636
4713
4579
3095
2780
590
773
2285
3979
2660
1217
885
1304
6140
4405
7651
5893
804
5837
4803
5051
1125
1139
5873
4312
6783
1992
1323
95
3825
2542
6286
4395
377
5403
2734
7301
5344
5699
2457
3846
2689
5630
4335
383
6392
3885
6211
4718
3915
5823
1773
1663
509
6041
6050
4177
4576
3134
5046
7068
5124
821
4751
4436
241
5830
7252
2230
4505
5456
319
3061
1427
7927
2724
4517
7373
2618
7841
1289
7257
5034
3340
6100
1987
6438
2767
4482
5918
7054
4208
3717
4783
6197
5206
5539
7594
227
733
6187
1168
4289
3389
7680
5447
1020
5268
4095
4524
7925
3980
6250
810
432
727
866
4100
4250
5144
592
1059
5362
4054
2832
3787
3832
4872
4893
295
6240
5520
5543
7645
5138
85
7939
2638
6833
1438
2430
475
2110
6158
1579
995
7891
2064
2591
2931
5132
5313
1478
6930
166
7004
4776
2991
3204
4672
5468
1359
159
6987
3815
3831
985
7792
3470
1484
2090
2809
2708
6982
3191
1534
7852
6
5874
1323
3457
3451
736
3046
3179
4232
7883
1951
5727
2989
5248
2253
4994
7318
3228
6408
4299
2923
4919
7955
7669
4259
2493
1651
1729
3805
6532
535
1534
4125
2988
7083
4158
5283
6000
5249
2637
3562
26
6720
7988
4443
2106
5670
5442
7537
5566
2649
7267
1235
6550
5056
1281
5409
5673
6975
3986
2441
665
6509
3714
4031
5819
6909
2826
6876
987
3669
3683
828
3756
6485
718
5343
7879
7676
986
7354
6416
4359
180
911
766
252
7707
4730
2214
852
6891
3216
5990
1837
3056
1242
4316
2995
7558
533
3040
4263
5290
862
6304
610
7113
6409
304
2438
2891
7104
2684
2405
7798
1732
4803
4442
130
812
3446
5379
1998
58
7529
1747
7946
5655
2636
6654
636
1662
828
6456
254
3494
1388
6462
5707
1610
3398
5519
1229
6552
5128
6264
2629
4085
6627
1859
4684
1330
3699
1491
7141
7928
1323
4933
7015
5508
3299
2231
7574
722
3423
2667
5103
1733
6150
1155
6778
5857
886
6692
357
6533
1455
4688
3783
2603
699
7825
62
2035
1482
7133
1329
1099
6221
190
5845
4756
211
5302
7353
4965
6090
107
7062
1497
2609
2100
1449
1372
4127
4319
156
5290
7739
3979
4253
1376
2234
6449
973
804
2533
319
7730
650
5604
3146
7180
4279
7720
2868
5878
4587
4999
5758
218
5568
1287
7441
6274
5396
4353
1654
6954
2214
3419
2384
7011
5565
2130
1236
1487
1238
6751
3611
5144
2780
2639
7288
129
3160
2036
1309
1444
731
1889
5740
1698
1632
3962
181
2382
7686
6435
2846
5631
524
5877
163
181
5564
7792
7722
3297
5349
2022
6546
953
4406
5231
6270
2331
6998
6863
4544
2627
4473
5885
910
5797
1674
812
7252
585
4693
2101
7041
604
7051
1117
1403
3612
690
4817
6379
2597
243
5282
7143
1795
6455
2611
1738
6828
6514
1788
2237
1218
20
7064
4425
4372
5857
5635
7891
1749
2628
630
2344
7826
5589
7357
1502
3992
5510
7833
4224
5986
4991
3220
3627
4115
3065
1646
926
5515
7091
5907
3040
611
1153
6044
477
7696
3565
537
3924
1795
1298
7
2808
5986
2069
5840
1514
1169
2407
6295
1923
2372
3432
3083
6982
1334
6655
7809
871
3936
5550
7302
3543
2409
7113
7458
5228
4658
4318
804
7834
2601
4271
5079
6933
3535
4694
3579
3205
3442
2534
393
5937
1290
2606
7852
448
1774
2357
6030
4592
6589
2601
4903
3785
6449
4982
186
162
2757
4379
4320
1941
1479
5008
199
4555
2018
6095
4270
6795
891
5893
2631
635
3793
1011
869
886
3299
5847
7109
4289
1153
7898
2214
6358
5318
7116
2764
5548
1123
2700
7201
4335
848
2180
4210
4134
5826
2226
1949
7793
6913
781
284
3895
7229
6007
3017
7127
6699
1896
7592
4592
4542
922
7174
3792
7782
2673
4316
3450
1866
1266
5796
6669
5470
1104
2193
6534
1290
