6762
1975
6435
1243
4388
569
7140
908
510
7179
6490
1418
3132
7851
7340
6528
4822
7434
4219
33
4342
5694
2746
1332
3240
473
2248
2285
2302
2667
4142
1646
3329
6515
3555
641
1876
2680
7720
5987
1534
3359
1339
3071
2961
3651
6759
4887
4391
744
5299
1653
1813
440
6351
149
582
5440
174
5037
5838
1091
2258
6634
5423
3454
4269
2684
634
1569
5433
560
7394
962
4853
443
4432
6010
7732
1145
469
1101
1208
3685
4596
6419
5781
5600
1741
4461
1406
6815
2469
1104
4020
6297
4997
5375
5316
2445
885
3649
3262
79
6379
6361
1214
7450
6679
556
3917
4541
3180
2381
6951
7464
4996
6969
6933
1181
7436
5145
3863
6765
1532
1788
5379
3277
5691
7919
3189
3560
1644
1612
5680
2155
543
4487
6197
5411
269
6394
10
5033
4570
4075
301
5985
7066
4191
5382
3045
6900
537
2635
4579
3326
7276
112
4967
2408
7370
1884
2359
7057
2386
3166
1765
2543
5835
2315
1926
3127
456
2750
4482
7425
605
3262
5425
4302
958
3062
7553
496
4713
2419
2396
5232
4286
7147
7056
6392
1894
5743
1402
6819
7094
2102
5279
1183
1213
3162
2636
6665
731
1402
2932
223
2505
7743
3606
4284
5244
2894
2340
1324
2555
5356
5448
1580
7023
2954
283
5463
934
2598
1726
6330
6424
4774
3155
2825
243
5055
1996
1920
5060
5393
1139
7119
5803
2792
824
3771
3345
3462
2724
6093
6240
244
461
3623
1112
503
4092
7268
2923
6242
3139
6683
7794
79
2507
4597
4965
7771
6935
5375
902
7753
4705
6945
4326
230
7410
7664
3315
1070
2782
7296
19
2858
3327
1504
2648
3541
1166
3492
160
5128
6993
4717
6925
5325
5031
2835
7353
845
5252
5318
5531
298
5911
1852
318
183
157
7045
2196
3456
6502
6241
5384
4496
123
4246
535
5367
7087
1491
4899
4003
5951
2605
3685
3237
1981
4701
5893
2701
6684
1806
5627
4441
6417
6038
6779
4358
736
3661
1322
340
5423
7402
510
2066
7469
5213
6254
6257
5757
6082
5315
7663
2625
2519
5654
5721
746
4490
4860
4305
7755
7392
2887
6743
4913
6594
2438
1649
2025
567
5135
5686
7422
3063
4609
7478
7048
1759
7702
1555
6789
6192
7150
7137
4435
2657
3997
6341
3442
3117
7897
6483
1755
3946
5669
4095
2342
1709
2097
2896
2691
2496
5322
1295
6275
3595
7466
1963
2790
3483
6112
1851
6999
5799
6705
6960
6135
4970
7741
4919
6422
1566
5985
1038
4660
182
1253
6430
6956
323
50
1416
583
3299
3536
7383
3530
1959
6282
559
3573
6914
281
6418
1394
5381
7120
2696
5005
4775
4423
1473
6076
7864
6492
1166
212
3057
2996
485
1041
456
6436
3740
406
2010
3
5369
7092
5638
4046
480
4280
6519
7313
230
3875
3117
6219
2311
3622
7285
7282
5605
1595
2275
6010
4320
5936
7941
5831
7857
1891
1856
677
5616
7086
1874
4067
7219
2929
4614
1162
4742
6942
7250
2765
4995
3689
7669
355
3065
974
2339
1840
6121
5215
3104
2327
45
136
5146
2215
5846
4952
7075
477
1388
7881
5481
1578
1242
7469
3833
7637
4182
5105
564
2326
2714
5579
6191
4133
4810
5665
1469
1084
594
5259
6165
3291
672
7306
2210
7299
4671
7255
219
1881
6909
4108
1528
1076
3493
548
7663
6231
1512
6936
2147
450
5491
2927
1993
5904
2805
5880
6277
4926
5353
4858
1994
3720
6730
5039
2338
3293
6134
5912
6060
7523
1085
990
4201
7671
6078
861
6931
7953
1073
4371
7728
3331
4506
6749
4495
940
6619
1307
1182
5008
421
1557
2873
2728
5388
3363
4580
3156
2992
4418
6197
3538
2891
889
5370
4185
4458
4071
6434
3777
6318
1076
1579
1234
4891
4841
6726
2756
1173
5010
4977
7893
6167
4087
1223
7633
5993
4412
5570
466
5568
4581
3431
6325
7626
1352
3333
6352
7749
3806
3812
7518
4240
16
924
3601
7912
1446
2099
1558
5658
2536
1456
3879
7992
2538
2762
4554
5173
6006
5141
6611
2333
7222
5095
587
6162
3888
1279
5625
5811
1008
2322
1691
3124
7577
4480
4685
3379
3057
6705
1180
4759
1554
2957
4197
3566
1642
572
3133
4169
6625
3240
582
4391
4396
7159
658
3465
7218
1563
4092
6436
896
5549
1389
367
4274
6674
5951
7328
6438
7754
4435
6812
7831
4846
645
4763
6365
3590
2234
183
4460
6937
5938
5690
1337
4698
2805
3159
2890
7813
502
7610
1039
6009
1196
4403
1755
2970
4187
4728
7187
7322
949
4928
7071
3322
4936
628
6984
5897
687
3148
7849
2700
5260
6887
1309
7759
4327
1091
6801
3297
4390
4231
5947
7813
1427
2777
1935
6502
6585
1183
3155
5995
3979
2860
5185
252
5421
548
7535
6035
720
3772
343
5351
433
7869
431
1219
7901
4755
6764
194
7756
2455
7635
5133
231
3254
2275
2832
273
7953
1637
6775
2020
625
3934
3102
6636
4050
3010
5292
2902
4728
4427
3067
7516
3612
731
2185
3700
5169
6813
1568
4298
7870
2651
239
3307
3272
258
3943
3731
2297
7537
1164
2344
821
3056
5546
7818
2305
2654
5552
4325
4425
5706
4469
4290
3590
6649
27
7552
2981
606
4119
419
7796
5069
2212
3167
5266
6037
289
2068
238
3292
4948
1037
6247
2328
1893
3365
4439
277
7554
1082
4466
5860
1264
4235
2473
6254
3881
4940
7012
6507
1690
309
1873
728
1511
6057
4222
7468
1827
6116
732
4424
3692
6473
5365
1911
1436
3078
7272
7422
6816
6827
375
1767
263
3735
5708
4231
181
3788
657
1829
6131
3403
3263
1841
2687
2325
3904
4432
2983
7080
4115
2933
4912
2275
1166
5193
165
5670
3096
3845
3916
987
550
7798
2178
49
384
3419
5632
1066
1487
3727
117
6738
7193
7741
7053
6135
7473
6691
3733
7586
4598
6487
1147
1627
1078
5066
3951
5294
4052
7139
5988
7953
1493
4811
2125
7873
3614
4700
3955
328
4564
607
6950
5827
5684
5658
3121
5687
7917
4194
3241
5386
2067
4687
5800
2006
5741
7539
6025
6349
1693
2774
6107
5561
6752
2448
1877
1454
2009
7813
2460
4898
4076
6111
2888
476
3091
2310
1253
4608
126
850
1235
1534
780
7872
675
428
238
1252
2301
1992
6298
917
5912
6147
1520
782
4545
1432
1362
6593
4938
3215
473
6175
6178
7081
4333
6348
4526
6296
6491
6457
6739
7789
1910
737
3393
817
2158
4084
222
127
2076
4520
4027
205
3616
1034
989
2538
1655
825
1733
1021
6354
7961
4856
4554
6708
5461
2386
7102
3850
4554
7167
6497
4057
5758
1410
7646
573
980
5460
3347
2788
4795
4524
2256
2926
671
3458
4005
3143
3976
1220
5218
3698
6244
2341
6700
5086
563
5216
6672
5224
6824
7770
288
2281
1747
7268
4044
2432
3954
4815
5011
4882
3096
4719
5150
1308
1203
1922
3285
1179
3944
99
7576
6692
1518
4782
2199
7078
4706
330
1274
7494
6112
5334
1792
2158
2050
1581
3817
5008
3384
2019
7032
5585
4664
2794
401
4584
622
5835
1543
719
7337
1275
5400
5945
5120
749
6866
676
2468
506
6271
6782
3041
786
6628
3870
7754
7943
1011
4360
7498
7658
1767
3816
6893
1093
400
1937
5772
1428
55
3713
5170
5638
662
3380
236
4838
2277
2360
4999
2284
1113
7781
6975
547
3412
4590
7620
6932
6825
5252
4733
1071
7099
1760
6782
2975
3737
4120
4753
867
2791
5138
5658
6343
7776
5332
2911
5657
7921
1129
2533
4028
2025
2612
7519
1518
685
1489
2361
350
7264
4280
6291
1721
7897
4490
1474
3499
3931
7871
1372
6128
2002
6347
801
1369
5938
4835
1875
7583
2624
7112
6016
1423
3467
4555
883
6950
1311
1631
7838
6282
6721
1912
1053
5467
89
3507
7141
5005
1084
5615
6805
2889
4764
1951
287
487
6074
5992
4246
1891
55
2025
7401
1004
1929
6665
7785
3657
3405
7912
3771
6123
796
4911
4237
449
6454
228
2907
2949
1168
1647
4938
6983
7223
7434
1138
6944
6126
4075
7341
5755
6583
6970
6350
3545
2481
6108
3984
2539
2345
250
7199
5226
2047
3879
5985
359
6735
472
958
1243
1312
6690
3991
7612
4383
4683
7216
3078
7284
2310
1982
1602
4612
2078
7708
5141
321
5896
1786
3146
830
2697
508
4123
3835
319
7364
7004
5809
5709
2770
1461
1241
35
5543
5261
7376
5134
5404
3119
7468
7641
1579
6276
1181
6861
2558
991
3165
1016
7121
4208
2268
2664
696
1759
7634
5111
3284
3011
803
5274
4267
7618
6198
2612
7066
5314
5349
6162
1466
993
6358
1712
6744
6871
1647
2848
3157
3715
3962
173
7102
6762
196
2237
7480
7009
3093
2659
3143
3055
339
7716
6901
6616
1794
7959
1126
3523
2700
5620
2733
4028
2924
6005
4791
2281
6317
1587
4133
4713
3790
1692
5202
3844
6666
2970
5408
2790
3067
1756
6355
5818
3311
6764
5060
2687
7549
4535
516
706
4673
4747
4418
2748
4174
2337
3425
6462
7389
6204
1199
4218
6881
3875
757
321
54
4631
3082
4019
4399
6088
3473
7032
3799
7613
4113
4836
2883
7464
4538
3914
6757
2899
2238
6018
6139
1029
5619
195
4021
6579
2779
4719
4714
5869
6583
3324
7030
3965
3370
1928
534
7123
6807
327
335
6476
6884
6867
2970
3056
6610
481
380
4279
71
5409
4923
3577
7543
6810
6226
1653
2957
3851
4984
2115
6109
4113
103
3402
6945
7183
5013
4584
643
765
6596
6767
2370
7556
406
566
6425
1296
500
596
7151
696
3734
7672
7982
2884
5350
3239
7973
2507
7606
1876
2658
5547
7214
1561
1511
1895
5361
3765
3255
7644
4741
7728
1326
6073
5890
7922
3652
6450
1566
578
6181
4539
5132
3848
2349
2110
2893
7308
7682
7753
529
1989
4655
419
5724
6385
3105
7751
3310
2273
1002
5012
4157
1364
428
6518
6212
6515
3781
1169
7513
2880
1862
444
5719
53
7960
238
2610
1798
5297
6947
1113
3211
6675
795
7417
350
4207
7023
4040
1552
5334
3474
5049
3161
4579
843
1596
7158
1934
4818
5164
3632
7529
4891
7984
5390
1193
6542
3449
2827
1463
701
5955
5065
3984
4657
6740
7154
3880
5343
7899
6585
3279
6566
5005
962
602
3979
868
5944
5787
4828
7734
6472
7705
22
5475
3235
2640
6776
7511
7232
5031
228
410
6193
3246
4007
908
6707
4044
228
5185
6574
971
5521
2699
5634
4891
5721
2961
1220
53
6828
4692
7569
3013
3912
7097
7388
7521
3155
1331
4419
1173
4343
4551
3970
5498
3908
3287
1841
2780
3481
6223
584
1155
2755
126
1098
3212
580
4937
3396
7719
3549
5
269
896
4650
7878
2616
4208
5996
4774
2809
6417
3945
2774
7978
1721
5471
7654
7290
248
4315
876
6727
6483
2269
7797
3756
5546
6669
2051
1881
6899
333
2777
3957
5812
4805
3703
983
4181
305
2636
3179
6578
7830
1391
6705
5281
992
5444
5351
6113
4610
868
1993
4389
934
2888
7762
291
7215
106
648
2110
4741
4513
508
7904
3342
5246
4798
7973
5845
3683
570
3773
2045
5531
5527
3271
3253
4688
6552
4213
5103
7965
2296
6672
3005
5882
2404
1580
2489
857
1860
6514
5727
6019
2568
2747
1154
4586
2167
5909
7629
335
169
688
4635
3316
1124
3882
7184
454
3531
785
2586
4
3853
2494
1667
4224
8
7216
1208
1656
5495
5867
6255
6919
2034
2160
4603
1338
7708
6004
704
3343
3850
2653
7376
7103
6950
2520
875
5936
3088
5860
5378
2891
5217
6967
3929
1978
5379
3294
7149
2085
2873
7842
2581
5135
3447
1159
1288
4733
6865
2236
1776
528
5220
2352
5127
517
5454
835
816
4583
7287
2312
3890
4296
2725
6818
5628
897
4739
2196
7686
6938
7268
416
6072
6832
148
3214
4489
3177
1565
1251
2875
3685
385
5033
7057
277
6069
7206
6872
6584
756
6965
4961
1584
4480
5567
4700
1279
7395
4325
2657
1741
2063
867
4135
2114
6069
4418
7482
1541
6663
214
5808
7317
6820
876
903
7911
3556
7580
755
5069
776
191
1038
4975
1314
3301
2175
4922
5913
6071
681
319
1638
6551
4289
1472
1082
2119
1807
152
2975
1459
3747
1596
6759
7402
1766
1319
7649
1319
4342
2449
6225
3611
2148
1375
2813
726
5966
3980
1783
7316
7200
1562
1664
1882
7572
1807
3187
790
5080
4868
7605
6607
4520
6447
926
5750
7333
5540
1172
2971
295
4067
1107
7798
1720
2968
7472
2071
2806
7336
7126
4234
367
6713
3476
5187
3249
5216
2753
2182
987
3982
1790
1295
1557
3351
7533
3456
5749
4272
1644
1239
3840
2711
765
5697
5386
1369
637
2050
1231
4511
2391
3272
1720
2372
2986
5072
3576
7322
5574
4581
3742
739
4773
1702
4292
88
2008
5588
3130
5261
3553
3720
6569
1960
5203
2633
7946
6712
3477
3984
3029
7986
4417
2365
7038
1786
4876
6415
6966
5609
7724
7720
1657
2601
1314
85
2006
1957
3297
1645
2278
3756
5389
2060
895
7356
4396
3293
7919
1607
270
3626
5645
5390
2150
336
3404
6611
4995
5765
7262
7574
4542
3813
7017
6068
4642
6820
218
7892
563
962
1708
2925
1266
6772
6648
6170
1715
7366
2437
6926
5572
3392
5009
4600
6396
5443
153
5803
7672
1171
2292
7511
4519
7319
7712
5638
2460
46
664
7423
6301
7413
7238
2192
7977
1355
3008
6349
4507
7939
180
2350
1016
1723
2189
4925
1018
1102
7040
2698
2305
1045
333
7399
6708
773
7180
7920
2788
7264
7555
7643
7736
5224
4841
1404
3697
905
5727
692
2267
3107
193
6521
5761
5591
7810
7610
6649
4993
5692
880
5793
4279
7478
718
2603
5054
6375
5000
2045
2950
5789
7630
6125
6650
1033
800
3278
4495
1830
5507
6105
4963
2671
7576
1264
2578
1043
5613
3809
3449
6970
4198
449
4302
7015
6860
5758
7307
3637
7786
5977
7202
7971
3994
4627
1253
432
3821
4691
3452
5769
4375
3508
3766
5037
1981
460
1651
1961
3032
2348
6944
2436
1907
3252
1674
4562
2995
146
1445
6716
361
3192
3839
1524
6394
7563
5506
461
3225
1562
7024
4850
2041
1801
3384
229
3498
6808
2413
2435
1856
2214
7525
4446
5454
4455
4892
6928
839
7161
6724
993
46
1628
7092
440
4799
6832
2621
3416
6509
2617
1017
1904
4243
194
2813
4029
37
7712
3722
3005
7198
7296
5962
7413
5189
7525
1705
2443
5750
6704
1573
3173
1821
6816
430
5094
1030
3726
6003
5168
3876
7086
6714
510
4748
7309
5640
1692
7519
7349
450
4532
6947
1919
3453
1513
1862
137
6292
6588
7791
5570
2668
5500
6127
5997
4440
3365
282
341
2858
6177
3574
7359
4059
7589
7541
3216
938
1081
7866
7640
1402
2254
5388
4202
5070
478
2121
1196
4383
3282
3039
3446
2950
3831
6194
2776
502
2453
520
1334
2731
5146
7094
5969
2726
6872
7110
1202
3308
7671
3649
5557
4335
1231
4943
4019
1217
4819
2328
2114
5417
6510
4044
3944
3818
6263
3511
6666
2003
5305
790
2550
2177
7229
2318
317
4307
391
3496
4041
5011
2696
972
5950
2658
1027
4781
7346
6962
5932
4168
1629
4679
3102
6344
1220
1133
540
2923
1708
2897
3369
4910
4420
614
6457
248
6544
3774
4805
5060
4947
5363
4745
3754
666
4490
649
6948
1932
2530
3810
880
6985
2572
476
5686
4345
3320
5868
1269
6697
1781
4139
1275
1449
7556
5494
3259
1491
7112
534
2298
1737
5255
6017
7180
159
4311
5551
3687
1782
6705
3767
3755
444
1704
563
7313
3380
7810
582
6338
2842
5221
4155
714
1271
7901
4179
6521
1883
5647
1627
7754
5875
6940
408
6026
3247
6711
3348
6840
4587
5272
7254
5492
4768
1767
5670
2724
5935
429
6653
3625
7817
5603
2314
7248
7836
4494
797
4989
5674
376
7410
1752
33
2716
6201
7688
2418
493
4779
7254
4997
3190
1192
4608
605
2914
6527
5649
316
156
279
6475
507
1978
2061
6194
5378
1919
5139
5527
5328
7365
4647
6725
1343
790
7366
6951
7517
2333
712
7808
4669
1058
1022
576
29
1650
4425
5427
2267
6820
6428
2410
3058
3373
6244
1752
3778
7615
6559
1222
6880
4725
7539
1823
353
3204
4268
4232
6911
892
1815
4097
978
4756
1593
5380
1237
6647
6945
1490
5849
7632
5168
5849
511
6227
1209
3709
1014
3600
3781
3596
4079
7520
5175
5802
6862
7886
5096
7153
7106
7269
2509
6514
2487
7912
6633
891
6013
5777
4160
1366
4702
5310
863
4860
770
6496
6994
7450
1527
315
6472
4609
7378
7336
967
2501
2374
516
1231
2248
382
5964
6203
882
193
5945
6770
6094
7263
3529
7461
3105
7443
715
3701
2388
3882
6078
546
4571
7342
6805
5983
3613
2942
3138
2476
4683
2682
6443
1084
3179
2640
3953
834
3757
2997
5871
5450
2895
1350
996
1054
4221
1148
3434
3606
4980
3696
1002
3487
3822
3529
7024
7122
5930
7100
7697
6432
7827
5428
4574
41
6010
233
4760
2258
2759
2046
7279
482
848
2427
1322
179
6036
1697
5696
3434
2765
2439
1168
4334
7166
976
2634
5204
1714
5593
3100
6131
7895
2911
214
6390
7022
3092
193
3532
7544
1778
173
3808
2140
5342
1457
5592
6720
3609
3450
6931
893
3294
1520
4271
550
469
6052
7747
4033
4830
6252
917
6400
5352
7325
674
836
114
5482
5643
1860
6251
694
5351
2013
7213
2969
2088
2745
4497
6220
851
5906
4723
1815
3272
6032
2398
231
3405
7010
4112
3525
2619
6726
6754
1270
4785
1148
407
3165
366
6009
7258
593
4540
858
3397
6277
3407
715
2277
1303
3959
4851
7019
6534
5857
536
719
3614
4860
1076
1758
1671
3583
4702
7988
943
947
7907
1164
5787
6831
5783
6962
785
3315
3860
7022
6228
320
2561
637
3868
528
516
6859
2310
3130
3434
4368
7899
6993
5374
5439
817
7789
5388
3484
4499
7328
2436
7826
4938
7583
5021
1513
6157
1174
5722
850
54
6927
4265
5735
4302
5025
5031
3189
5162
1722
533
4904
2261
7579
6738
5321
6970
1636
2131
7347
3975
1975
5415
4754
3014
6825
7564
6765
2609
3121
1514
3181
6712
1366
6773
1189
3002
666
5264
4788
2364
5379
739
6567
202
2128
5317
2720
5113
2877
5686
2705
5311
1941
7040
5347
97
4784
2633
3821
5886
2403
4509
870
974
6995
4839
1308
4722
127
4026
3933
1936
1179
187
2952
457
575
4143
5454
7889
7289
2726
1675
1488
3062
545
714
3338
2493
1776
3031
2259
4905
7080
88
4260
2732
1685
5860
2557
5566
505
5111
668
5352
3747
6593
5996
6838
4610
5019
6143
4115
5828
4604
3678
6167
4722
432
4518
3219
7719
4626
160
255
5335
6458
4120
2566
2997
43
394
7263
3724
6760
797
6390
4353
7307
1347
6289
4168
1261
4791
5838
6866
4084
2437
5774
5273
6889
7731
6237
939
2046
475
383
7784
5017
7105
6051
6307
2930
7851
4312
7626
7991
5486
5809
7914
333
2973
5247
525
6043
1812
7655
5560
5815
4167
1014
7259
7184
1548
6769
7705
4772
1488
1062
89
599
427
6502
4465
4929
6291
2752
10
1337
4215
2637
1036
2002
7115
3827
789
4637
5191
4404
2920
6860
6326
5221
1903
3558
1470
4157
2678
6391
1989
2231
7557
3556
4712
2725
5713
5570
1547
4720
346
6727
813
3071
4794
5664
6998
5242
4558
2335
2830
79
6028
2698
3713
5664
5508
2610
3962
4040
926
3414
1411
1008
265
4206
2714
7255
5879
7331
3328
6531
2914
4122
348
5317
3383
3453
2928
1411
6356
3014
526
6525
7707
2856
5435
1158
4570
3403
2863
1102
518
4552
5606
2257
733
4972
5082
5513
3270
6773
974
725
1447
6277
2587
5949
3608
6336
6065
5411
2339
3904
6802
315
7840
5540
641
6401
5720
3315
4500
6151
3874
7996
7485
1329
5387
820
3886
7320
2402
7946
3628
5497
976
3566
4011
7369
7914
3478
3296
2980
3819
7059
3312
7658
6396
4562
1399
3591
7678
4890
5728
7412
4203
5435
4779
4247
7400
3591
377
2862
5205
3771
3332
4165
3936
979
5414
7467
5642
2126
2630
4407
903
344
7679
4669
2788
177
1102
7344
6488
3518
3839
4136
2558
6039
405
5953
2693
797
696
4859
3659
7296
2949
5128
632
3817
6553
7919
7104
6066
521
7859
777
669
1421
4372
3083
1105
2587
3443
2680
3419
3656
5097
668
2979
4306
665
2968
2532
667
5862
2677
7843
615
7900
7363
4506
3515
3167
2067
6052
6392
5413
2366
7349
1898
7217
7206
1486
5102
186
2877
5011
1770
2886
1731
1206
7587
955
7193
7927
4739
1680
5450
554
7949
2928
6265
1097
6528
4783
7315
2552
2815
7270
3717
4394
1985
2813
7506
7625
5424
7879
6560
6026
7946
6103
7398
1534
6156
2795
3842
1779
697
1539
7731
2216
6334
4573
4964
4303
3552
5205
4785
2428
1479
1114
5073
2767
7117
170
7999
151
3715
3191
106
542
3919
6186
1161
6826
440
5128
5221
3931
5940
85
6757
5135
464
5177
5984
7109
5648
5138
7493
3032
3941
5077
5317
5410
7644
4109
7187
3372
4076
1396
6280
7197
863
16
6314
762
7354
551
2887
1161
7503
7399
5634
5996
2721
4631
3570
2711
5972
2919
6959
7838
5505
7408
4096
7786
7499
3228
4686
318
123
1316
6216
3789
1187
4151
1049
5951
4833
7295
181
2228
1999
948
3968
5524
5626
6709
5881
2751
4803
6323
7594
7274
5922
7079
5956
794
2197
5927
7140
2516
1848
2814
5906
3220
3839
7566
4590
6117
7325
4748
7135
2856
3953
499
7486
7132
4527
535
77
3805
2004
486
5034
2790
1406
6750
2536
506
39
62
3075
60
3425
864
7357
7659
6250
1233
348
486
4717
7612
4613
7489
6197
5216
5739
887
2892
7120
1950
5616
3851
7457
7025
7569
76
7745
5982
2052
4965
6349
7693
4483
1285
787
4380
882
4662
80
7201
6780
2119
4965
6219
779
3095
5095
2618
7310
7058
5727
5057
2834
7656
7629
225
3367
6322
6694
4215
4981
5138
4789
5230
5435
2150
2040
2830
5915
701
2977
4907
4412
5675
3336
3774
2949
4373
1180
299
7452
1707
4174
212
4130
3200
6038
7358
6239
7856
3989
4137
5402
4943
1748
6882
28
2538
3098
4398
6457
7757
4261
497
6147
4213
1844
5498
4431
5880
1270
2001
932
7072
3586
786
7308
7602
7370
7112
274
6283
3342
1914
7625
2868
7475
5294
841
1065
3704
4678
6140
1037
2788
5700
4669
509
6375
6525
2995
364
2588
6246
2486
5230
2474
5325
1392
1517
3843
4817
1155
6366
4143
134
6052
225
2976
1895
5671
4182
7477
7817
681
3756
4531
2753
5403
3720
783
4520
792
3426
7507
5214
2836
1396
1651
7035
1695
1763
199
2570
4222
5036
2214
5826
7560
4321
964
6674
233
6196
1111
4220
7076
1707
4455
3876
6897
552
609
145
5715
4239
1076
5773
3015
4426
1000
4413
4439
3598
3302
6345
2877
2844
6428
853
2825
5735
5152
1500
6149
6154
4957
1459
5639
2413
5148
1679
1363
5464
7872
834
5613
3160
1155
7875
2723
3258
6254
5272
773
7867
4469
5695
4616
4913
4512
4883
5608
786
6901
3601
6947
1731
3549
4863
788
2030
1277
6396
4105
453
2031
1274
4672
545
3952
2033
5684
1329
280
1015
5350
780
100
4726
3172
3834
4669
6591
817
3929
873
7357
2907
4626
7238
5512
2667
6849
3969
1987
3608
4392
4147
112
1087
1067
4657
803
7287
1873
3474
3855
1218
5712
7155
3470
4666
4921
461
4551
5154
1772
526
3635
7317
1408
5735
6412
5316
742
3983
1254
642
7531
5261
5001
6629
3403
1220
7578
872
4922
1279
7180
550
549
3215
5416
811
729
5597
4036
1787
3846
3227
1561
7178
7287
7463
7057
5595
5529
4828
3386
348
1258
1273
7435
5854
2792
2745
5365
1195
3639
7157
5193
5494
6733
520
6079
2158
1512
2464
6653
6518
3080
2213
6502
7495
6330
724
7826
1054
16
5630
1332
3813
2499
6905
7193
3071
4494
5828
675
6357
6191
7819
6239
3012
60
1141
3968
7769
6960
4365
3623
1342
6743
2615
2772
6603
4867
5210
1935
3538
6425
987
3411
4011
3241
2160
5413
5582
6407
5321
6469
5866
7207
6163
6563
3896
5475
556
4492
5119
6637
5937
618
3637
684
7618
6819
7079
7464
288
4074
7409
7639
2272
2281
6246
7360
2760
6205
1829
2873
1532
6193
5074
2944
7068
6144
2114
50
4407
1462
5208
479
4609
5276
4973
4051
75
6382
348
4983
2587
2726
1138
4984
6104
1093
6117
7145
4420
3570
5074
7761
4986
3563
2514
927
4031
2946
3742
4606
6177
269
5452
2166
7895
7997
7601
1359
2933
3606
3246
6275
199
6260
52
5219
6099
5011
2735
3662
5424
1315
6119
5397
2903
326
7334
4279
3910
1104
4116
4880
6188
5908
1065
7927
6708
210
5990
172
3854
3677
799
6488
4997
3580
4716
1937
1703
5746
7168
7139
4847
5513
757
6525
848
7591
2883
3681
7446
1864
5338
3259
7007
2213
7201
3802
3559
4514
7011
901
7379
6876
5308
6800
3384
2074
4875
7825
1013
3674
3242
1732
5256
8000
1536
3646
5113
1647
1697
4350
7986
2471
1431
4967
6501
7708
797
7238
6237
3680
7393
6976
2245
91
554
4833
7653
7043
5236
4430
1652
2305
4712
2124
5983
1885
2604
5160
6825
908
5509
3404
684
6682
2902
2985
5453
7105
845
6289
502
208
6852
4090
4955
1839
5245
6151
5295
284
6180
3341
2617
2766
4563
1021
3992
4010
3148
7132
2619
6188
1711
5963
6736
4858
7135
4382
7310
1656
753
6102
3334
631
7407
951
6822
3351
994
2657
4003
2041
6850
161
7414
1161
4411
7476
3789
4144
106
1615
6567
6122
5787
2623
2571
1366
6202
6297
7812
1040
1085
6544
3687
6034
3116
7719
391
4497
3682
1087
687
6863
736
7311
4789
1496
6545
7088
4003
5949
5237
257
6194
6567
4696
7113
4119
3579
4083
2223
1118
3382
3849
4724
5025
4039
1228
451
993
7914
3492
655
1822
4771
1823
6737
7068
6866
5911
2387
7428
6828
5346
3848
5174
4656
2254
793
5598
2778
6452
5431
4259
7280
1305
2447
2720
3355
501
4261
5944
5966
486
2328
6687
3523
3251
3006
5836
5076
2964
1457
1934
4074
6419
1117
1225
6746
5249
5759
956
3348
7624
6835
5822
2075
5168
4784
2623
5825
5301
2501
27
3674
1093
3708
5616
24
3690
5104
970
7414
1295
4882
7700
5911
3968
7989
3880
5022
865
3963
2515
6413
510
5913
6125
1818
780
3179
4928
5623
5721
4737
3395
4330
7972
4770
2353
4232
512
5185
3029
2950
139
5673
3865
5824
3989
5550
7727
5805
7659
881
1545
1984
3502
6253
6894
4112
2955
6440
4755
5158
7566
2791
6053
6234
492
7462
5443
7005
2786
802
1196
5896
5667
5568
884
1252
1459
2121
2956
1823
2566
4271
5512
255
4302
6591
1962
3339
1062
1001
3523
1494
1079
1151
7176
721
1904
4086
6435
4192
7271
6031
5284
2787
6379
3670
3716
1735
3133
3608
2579
3579
6044
2547
3074
4807
3445
5669
3742
42
5831
576
7183
6996
4280
757
1577
4498
4506
6031
6406
131
1607
1939
4117
1258
5565
6236
2245
2177
6708
5499
5701
1318
7122
7499
1091
4548
2986
3127
5288
6116
5234
3926
2066
2108
1226
477
348
1739
6337
5810
874
444
5093
7509
798
6752
6378
7015
3625
2486
2482
2170
2004
6013
1347
6294
5028
3534
2757
3754
6055
4797
7217
3619
6180
676
6228
7453
4706
1600
7472
6887
7507
6236
682
4158
5424
1888
7802
2310
5942
5431
2273
7457
5741
2020
1053
5391
4635
7286
2
1901
1815
4146
4592
3113
866
1217
4559
3746
5741
7194
1247
7259
4837
235
4997
823
1211
5985
1935
1676
5535
5626
4989
4160
6570
5405
7312
2059
5338
2034
2997
5994
3169
1087
4068
139
1093
3085
2554
5918
5387
2291
2266
7665
1688
4445
696
183
269
6765
3732
7889
4017
5117
4269
7434
2696
4477
4390
3448
5253
2915
4307
2972
3193
4466
1536
7237
2337
4056
5006
777
511
4022
4356
3046
2378
3435
6591
1698
5001
1349
4527
2741
7105
2078
1966
5040
3729
4617
4200
935
6278
5794
5454
6502
7519
1611
4574
3465
4067
613
577
6491
5818
4266
343
2806
7377
5890
6080
5571
7758
6078
6601
5575
7269
5179
4876
4051
6417
6528
7313
4472
7092
7741
4742
3150
4454
3974
5036
1362
1433
5260
7813
513
6185
7538
4067
4616
5338
1697
2442
6332
750
152
4974
679
3465
1098
5915
265
4491
3067
5623
1766
3602
2928
651
956
4009
5674
6309
822
5918
3014
221
1811
2296
3273
6730
259
26
1438
7034
1981
2737
4077
2366
2133
1304
5492
1024
355
4465
3717
5397
1462
3656
5504
1828
6300
2526
1237
6472
2000
5966
5990
1233
7135
4718
4589
6326
4815
516
5616
867
5928
3137
4722
1212
2667
4240
1083
5095
4336
421
1110
1108
7344
4638
7702
2130
2306
6662
2
3931
502
1821
6359
3136
1747
6959
1639
4871
2493
7399
2715
3760
2044
4943
2155
1859
7041
5552
3588
1226
975
1267
4606
1998
7253
4726
3785
7668
3738
3274
4832
4067
4947
6493
1066
1017
903
2054
4642
1115
3556
2286
3589
1153
3101
3252
4945
7357
2974
7974
1349
6958
3038
6407
5858
4682
6952
4018
3509
2104
3528
1443
2659
6067
5126
779
516
325
5388
5171
5675
3791
6564
4905
7014
361
7955
3535
3586
2356
7044
