4511
4000
5924
484
520
7870
6368
6906
5807
533
5852
4560
7569
4313
3983
3772
681
4657
7923
5043
3811
80
3970
1820
3824
2776
1052
89
4126
5154
6188
2629
5514
7453
239
3236
5942
2614
4791
3944
7609
4230
74
3407
2190
3999
2687
1677
1056
2090
1652
1192
7636
7927
2389
1677
5742
6849
965
7990
6132
892
6231
3293
3441
3965
6069
21
3292
5947
7917
5923
924
1943
736
3275
2784
6130
5354
6980
3466
3565
5889
1405
664
7329
4322
3604
1113
7661
1575
6180
685
312
6973
4547
483
399
4329
3210
5662
119
5875
6263
1238
6314
7391
6291
7226
5018
6984
6119
3987
4614
6405
5924
2421
786
4730
5716
7332
2730
2448
1143
4377
2466
6025
1852
631
3636
6603
7230
1525
6480
6900
6443
1318
7692
6859
1252
271
3035
1207
3143
6369
6117
3673
1035
5271
3047
896
147
3112
5904
7752
5387
6452
6882
2385
3259
1762
6776
1692
3960
4327
5745
2772
2773
4117
6050
4280
2540
4217
7226
2336
3230
6757
4904
2763
5699
57
3487
5766
4909
884
4309
5683
7125
4592
436
7985
4095
5928
6999
1072
6948
1588
77
5191
6671
1142
6751
7665
7454
1978
3141
195
7773
933
3953
6377
7078
248
6525
253
2907
2524
3894
3463
3124
1420
7967
6340
4821
867
5437
4571
3108
6712
5884
5874
1394
806
2191
3057
4420
6146
7636
6443
809
1945
4205
2433
1852
368
158
4654
2316
3191
3282
726
4717
302
968
7042
4408
1319
7635
7110
5657
7561
3957
3569
6786
7711
2251
7211
786
5902
5047
7651
3129
4978
2027
6071
5214
331
2268
5079
1486
6428
2452
1718
2403
2609
3185
5930
2474
6980
6628
4274
4944
7651
7451
2750
1007
3444
643
2434
6921
6516
5813
2651
2544
28
541
2315
6559
7440
6524
3396
4623
6128
4845
7569
7677
5386
4840
3928
1115
5713
6015
6533
5767
3269
2028
1403
1456
174
1789
7553
2222
1331
5822
4286
4041
6276
3023
5581
174
3562
1853
4669
5356
3877
3219
3663
2132
164
5472
3374
6851
2544
7241
23
523
2651
485
7458
5946
68
3167
7955
4688
7203
3923
6567
4620
6368
5698
5209
5566
975
7827
6817
3108
2678
3650
2914
1761
1563
2352
710
5804
5371
128
4889
5974
5089
6993
3770
6998
7068
7558
3116
6375
6842
7304
2140
1384
3767
2027
6082
7111
7282
5675
4431
5922
3189
1554
5009
2726
53
4985
5661
2721
7136
779
6038
1748
5662
5384
153
5424
7273
6112
6123
3506
429
5345
4512
4462
207
6433
3547
7738
609
2013
4870
5567
2064
6714
7017
6382
1811
3692
1485
1037
5565
261
4863
7524
1648
2457
1529
1018
224
3962
5936
7086
2877
7666
6150
4417
1494
7408
4337
4277
1847
7152
6959
5796
949
5507
6882
1372
1250
1599
24
4751
487
2727
2570
7623
7582
2760
536
2517
1749
7647
1793
5583
1576
5953
2525
2919
3156
1945
5892
2940
1732
1422
5866
6502
1920
3
6430
3991
5182
4022
322
4234
7418
1718
3544
1650
7688
4624
7740
1014
4205
229
6674
2678
6689
4103
4985
2344
2480
2124
6472
5410
2768
2623
6412
3892
6535
796
5987
2786
6792
2239
3111
6409
4234
3373
2932
7121
7140
6191
7988
7592
3145
539
4063
2760
4857
4695
4092
1437
128
5518
3800
4818
3348
104
7
1902
5261
2513
6420
5297
4610
2694
3281
656
2330
3047
2258
1260
3007
4186
4526
6458
507
5104
2692
5427
5206
6999
1778
7526
7854
211
2434
6761
4465
6577
5162
5569
7907
2272
3886
2163
417
5023
3706
6556
6722
1873
2932
510
5627
7663
943
5177
1770
3887
1165
1484
6314
2384
2194
1473
5949
472
3222
5983
5839
1518
6112
2187
5409
1373
2456
1379
336
6243
4469
4069
6165
7638
2451
6352
6120
3635
5083
2191
2126
4708
2508
5801
4463
6001
6765
1352
6819
6295
1765
813
5488
4504
4223
3940
4468
415
903
2866
3956
489
7726
15
4143
1164
371
3918
6369
2602
1878
6924
3583
396
2036
2850
5817
1608
7191
198
1701
4368
5161
5421
3668
6918
2131
3056
1464
1009
3835
6597
6404
675
1743
2416
6524
2883
6495
3769
7251
2158
4618
4910
7944
6914
1022
2296
3437
3576
4632
5067
2346
6604
5152
140
5437
2008
7787
6409
5047
4447
5796
6831
4480
1030
4207
4627
638
1728
5457
4222
4624
6031
3867
304
2682
309
7900
7123
2496
4345
6532
351
1221
6076
1058
1261
5449
99
1168
4078
433
233
6263
712
2965
4525
2201
4261
660
747
6031
551
2336
4632
2358
3661
6897
6224
7815
6606
6693
1064
4874
5858
5428
2089
4906
6091
2025
9
3793
1391
7613
3016
6937
4661
4309
1104
5717
1614
1545
1810
1065
7350
3500
5962
4595
4541
3987
4435
3109
1451
1848
2907
2710
6348
1916
3727
4661
5476
615
4087
6262
7399
6776
1811
6110
5181
4090
101
6132
4265
5475
516
1509
3176
5756
5260
4453
3050
2392
7055
2513
7972
2360
7425
4204
225
482
4366
6278
7746
6437
2620
2791
5646
3168
1060
7841
5686
5697
5051
6452
4817
7047
4879
1981
2451
2684
4027
7118
2021
972
6961
5628
3458
4156
5472
4707
6463
7524
7474
7222
7928
4298
5531
1595
3674
932
5391
5071
3438
2275
1528
2754
627
892
2927
709
6879
4591
1168
457
2133
5541
1525
945
7535
7550
798
1319
2629
7379
6512
7870
4040
6944
2322
1153
3510
3460
5604
2944
1017
6407
7045
4467
5390
3043
7156
3233
494
2633
6689
4261
717
491
1206
5473
2370
7710
7998
4427
1444
7975
941
546
7609
517
861
186
5611
5873
7375
6214
7335
5513
377
1254
103
108
912
681
275
2979
3416
6214
1352
6147
2305
209
2956
830
3242
6310
7908
803
499
3018
7944
3808
23
3955
4681
388
7417
308
7087
4038
799
5467
6937
3547
2413
403
2490
4746
6159
5372
546
516
4879
123
6867
5761
7859
3665
2011
5170
2938
4209
3850
622
4431
3054
758
847
2725
4661
6583
3173
3045
6223
2443
6025
846
5075
415
4879
2872
2352
7248
2699
1207
5680
5749
4497
1440
6271
5449
2621
5674
4094
5605
16
3675
2654
6848
84
1685
7098
3423
232
6445
3731
7668
761
1608
2837
6855
3505
3191
6568
4359
4566
7292
4465
2036
694
820
2015
7253
2765
910
273
2540
7923
856
6041
2565
5028
6909
5312
4978
2286
7767
7346
514
5622
3189
6410
1255
3795
1680
4254
7252
623
4547
7462
1553
7037
5728
1491
7900
6812
3
1485
202
5282
5495
1672
4189
2405
370
2753
6152
7035
6126
3301
6674
592
3057
5965
4557
4064
906
6957
1744
827
744
1567
3498
400
5509
4413
1237
4412
2245
5900
7563
611
7587
7530
6550
6775
3613
5790
1687
701
7909
4740
2531
1986
7884
6512
5124
6978
6519
6253
4641
226
1713
526
2957
3784
5671
713
2610
6863
985
1444
4240
735
1528
504
5040
4162
3988
4840
5169
6285
1642
6889
7111
6241
3774
6711
5755
3532
6218
7700
872
7840
316
6026
3864
80
705
294
1318
2098
7203
764
3350
5754
5284
4808
8000
4605
260
4788
3023
423
1146
2133
1709
1266
7485
6768
2490
3501
67
6960
5468
1146
2
7646
3388
4504
6225
1734
5809
3313
4316
3345
2435
2254
2227
2143
6824
3204
6126
3548
7729
1080
7046
1584
4976
6704
581
4567
2043
3756
3107
3676
7251
804
4187
5584
811
2909
1168
7929
3359
248
1210
4105
693
3414
4753
6176
2204
637
3554
209
5324
3328
6227
3390
2974
916
1153
3287
409
7875
7972
4826
2832
2425
4838
6420
3888
7485
3640
1751
3031
5047
7607
3622
5930
7226
2484
6438
659
2353
6209
5348
6732
1453
5388
6695
639
1016
5130
5842
2103
4782
6192
1126
2307
3280
2716
1453
552
7300
5068
549
3040
4431
1830
3239
5579
6682
562
3783
3302
4157
5887
7599
3142
2836
7628
113
736
2170
5736
2348
5652
6239
4211
2598
4949
4942
4108
5027
49
1198
1888
3597
2402
3796
5640
2885
4907
3894
2599
6170
1034
1072
3193
677
6135
1413
5010
541
5350
1543
3225
5919
745
5253
7885
7215
7562
5194
7617
7364
5028
236
1045
3399
905
5222
3168
753
1266
7180
3400
1888
1279
5643
1391
2325
7381
1693
3360
2575
4237
3305
4071
3750
3196
3263
111
6149
7851
6258
7041
372
1079
3710
5433
6706
1719
345
5104
2445
4908
2588
2998
3938
268
6665
914
3971
2471
6540
2486
6280
7615
3140
3828
1531
3262
7831
5279
6200
2229
4605
7781
7794
3128
5448
6435
712
1403
1555
6226
6969
5392
4819
1965
3810
4395
3301
278
3988
356
4286
7639
3073
5872
4672
964
7012
6056
5464
5504
820
1266
7218
1402
3070
5575
2401
27
1011
1933
1609
3379
7979
7506
3778
4509
4837
2074
4887
5325
4192
3389
6507
2677
5537
5454
5408
121
3359
5281
1468
7154
3300
550
5563
1399
5026
1622
3241
4382
1823
4031
3872
6657
7379
3814
4980
2148
3182
4928
3929
3750
4904
2649
358
5999
4214
866
2357
1365
6313
5910
7882
6160
6689
6624
1533
4459
2982
1367
4056
6443
3314
3423
1468
494
6603
1970
1811
7472
2752
4296
6958
4131
1088
2197
6644
769
1782
7981
4998
1246
1238
893
4261
1444
1822
6856
4125
7534
7785
1598
260
5998
2757
5132
6320
566
3124
5734
7417
2871
6362
5931
816
6296
4440
3970
5157
7626
895
2667
6572
3104
3590
5127
7527
3738
4850
2492
3522
6240
2652
4518
1905
1016
3921
5403
6754
1661
6756
182
527
7789
5895
3292
1150
4386
6977
6502
1728
4798
5538
4826
4434
891
3482
4708
975
7038
7151
1573
5286
4667
4403
2367
6196
6053
1736
2476
1053
7653
6219
6593
155
7077
6365
6484
643
1633
3845
4584
2744
7328
2485
735
7881
1631
3590
3447
6491
147
5719
1505
7900
4044
1366
4636
353
5292
1711
2538
3517
7052
1802
4409
965
7325
5623
887
7626
7847
5185
7981
5838
7459
1257
6057
1799
1398
2526
4802
444
7772
634
6364
7461
894
4490
4497
2306
6758
3660
1331
7844
5797
6217
213
504
2766
3012
6558
1973
1267
6317
1398
284
6803
2495
4389
5901
1099
1771
2376
741
7504
4935
2892
2734
609
3712
5300
4869
524
6348
3290
237
4064
4198
1332
1349
3393
6584
4652
2501
2780
7298
4543
7795
3165
3801
4662
4344
3075
6708
3553
5750
135
4206
757
6005
6614
3603
5871
3526
588
4289
6636
7685
7199
1780
5398
3059
2543
406
837
2275
1293
4072
7641
2616
2329
2170
3028
4740
198
1445
2865
7042
744
3876
4365
1315
3347
4410
7989
1497
1740
5003
3663
1556
1662
6848
98
729
513
3405
2439
4002
4606
2434
3073
7162
5902
417
3318
3397
4891
1594
5889
1997
5777
481
4075
5959
3891
7787
1676
7525
1620
412
841
4612
6114
7745
3401
2706
2302
6262
4144
1871
5980
7847
1883
1583
2516
4046
6006
1502
2725
3229
2345
7485
725
6035
6249
6091
3420
5104
4060
1586
2818
2364
7188
3386
7788
1425
2504
2456
3916
5497
3252
1053
5733
3094
4488
5421
5731
825
805
3955
876
7660
7447
975
1908
2912
2213
2264
5040
587
5133
7420
7701
4541
4977
6278
6570
5291
3376
6277
502
4881
5066
3556
4144
3941
229
2069
5068
7352
3166
7534
3273
3577
5584
1530
642
7200
5444
7616
890
3307
4694
5715
1094
1242
1034
3656
709
7804
1647
6134
4862
4388
5613
3273
2974
2532
4188
821
3594
5803
5123
2752
5958
1182
3029
2281
7889
4431
893
1878
414
7556
6321
6104
7744
1712
288
820
7932
4789
5520
7535
5455
4632
3207
1668
57
4809
5440
2019
1072
1496
2896
2104
5530
6083
1297
2232
3970
6024
4049
1765
4055
5110
1574
3241
3187
3468
372
6163
5152
7662
5504
7340
3145
7783
2825
2809
1586
4427
7226
1420
1295
2578
616
2801
3638
12
2464
1994
4429
2281
7926
4418
5365
5666
1510
7076
7787
780
436
1795
99
6253
2182
5053
4623
3043
3999
579
5548
2497
7863
2112
6465
3189
6343
3619
7320
6418
2455
5412
5600
7098
948
6653
5061
1826
7065
5460
375
2595
5759
5308
6558
1477
6073
6325
4622
7291
7139
5692
7633
6229
7010
7356
4683
6188
4039
1661
3071
1326
973
6203
3715
3176
6182
2892
504
1347
6607
5892
3509
5554
7661
4403
7455
298
7106
5430
7474
7397
7386
4905
6717
144
6030
2243
5782
287
4064
4836
2304
4935
4670
4144
2697
2606
3852
7627
1142
7372
5469
6233
3745
2288
4486
1328
3908
7410
658
1333
3963
2753
2582
6104
3288
1548
4136
7003
7741
4142
116
1940
638
2922
3326
3878
7250
1012
6959
5180
2341
1109
6111
5903
3281
3913
5807
2424
7849
83
2697
6433
1159
6408
6082
320
7795
1134
5914
7388
5095
5580
159
2859
3845
435
1555
4648
999
3820
234
2047
1388
5868
6663
2321
3218
5893
4786
5091
6192
7063
1558
2598
142
1091
2249
6729
6222
4112
6760
3814
1351
5433
686
3353
2331
5569
2212
3312
1206
681
6681
7163
1272
879
1425
3290
1191
1901
7305
4590
7655
6553
7076
289
4318
3643
5795
5753
4259
1363
4192
994
7650
1422
3158
4783
3573
6146
3624
7206
5151
4574
7238
7344
2342
7756
6083
3545
7891
5468
6730
6341
3993
6837
5708
7156
6082
1104
5535
6897
5404
4563
7979
7866
6206
5617
4006
7725
915
608
6500
1461
7680
2708
2983
4030
5051
579
2719
703
3362
7827
473
1377
2104
4674
1723
3615
3085
7680
1148
2364
420
7081
7383
2334
3648
5203
3943
1441
3217
262
4183
6300
706
742
7325
4645
2347
4175
6756
6194
4022
5555
7667
683
267
3559
5778
800
5416
853
1373
6198
5438
7494
5110
7407
4090
7737
955
4183
6966
5052
6963
6395
95
6215
7077
2006
6789
7832
3320
1928
6560
353
4908
668
5937
704
326
4670
7147
5626
2922
1599
255
4854
3224
4251
2206
7283
3947
4535
2569
540
1986
1455
4372
4403
4352
2393
4285
3779
644
6232
7268
761
2655
2576
2414
125
4295
1105
6985
1738
7848
566
2778
1469
2539
5654
3735
7488
6414
7252
3296
2153
1726
238
2241
3692
1133
5889
5338
2070
6505
6046
5803
2344
5675
6762
1024
155
6769
7328
6410
2418
654
3610
1249
4111
1441
7359
836
5921
6055
3771
5695
7556
1732
4818
7408
3685
7912
4635
3165
1040
3834
7742
3156
2860
5184
2735
4350
414
1652
1832
3827
4356
2360
6071
3977
7594
1401
6665
6186
4376
423
359
5799
3054
4546
4634
7814
819
6926
1294
2397
3153
2855
1154
1527
5138
7109
1842
7890
1170
1429
6189
1866
1662
226
7942
2928
7454
6334
7818
3680
6275
1055
1416
5049
1831
4473
7766
1766
4981
7216
5821
1394
6585
2556
2648
5954
1991
3628
7340
6968
165
4254
7487
6928
3975
4669
4959
4242
2670
4993
4826
2404
5430
6225
3033
2512
6868
5943
3182
3152
7531
6754
3170
4810
2730
1166
7028
864
1612
3512
7777
4034
883
854
5505
7169
2796
512
6759
312
564
7408
6361
4740
7250
7303
7741
4380
1649
2609
331
5156
3529
6524
2583
6586
5477
5123
3052
493
2076
3304
2801
3408
2168
5105
1167
6856
7808
4644
3605
2456
5439
4804
7273
4714
3691
4786
658
7660
6949
2367
3409
1815
3657
3002
3018
3564
1853
5859
3485
5741
2952
6727
878
7107
3612
7359
4651
1514
4151
3350
6419
1427
1791
6511
4653
7239
138
671
390
4277
4873
4224
2993
7447
2370
5053
6017
4849
61
5939
474
1100
1588
4044
1267
2801
2377
5417
7697
4238
3032
6301
6996
5608
7318
6407
2451
437
4039
6766
2545
1008
4781
6008
6513
109
1069
4920
7128
6512
1838
7457
3711
3034
1825
1988
1240
4537
6075
5100
305
2350
6291
5469
4613
2762
3370
2393
3180
5433
1176
2294
7663
5475
789
4820
3881
6995
3590
3043
5734
3819
5652
1821
2784
6669
1964
3725
3785
1915
3273
501
3946
7667
800
2070
5719
5325
4720
1619
5047
1564
2632
6571
6115
3711
534
5125
7258
6411
6954
4224
5246
3564
1142
6156
7330
1700
5111
3684
3696
5283
4548
1494
4025
1486
6550
934
4848
3864
6366
6302
1452
1453
3192
1399
5612
2634
1030
7439
5678
7273
3451
6557
1509
2839
6967
6125
3212
950
7674
7470
976
3054
6018
5787
4047
5559
2555
3666
1515
5026
6658
7269
1861
1431
1257
4180
440
3598
7667
2782
815
6192
1973
1608
4401
3646
6078
7161
1474
6373
3085
3834
7421
839
5523
581
124
5919
2559
2243
1873
4669
3896
1195
7365
505
7745
1283
4306
4721
4776
7721
832
175
196
3395
3299
4161
7993
2478
5348
748
2804
7151
7703
2473
4727
5544
1740
520
6846
2265
4962
7648
6952
6894
7360
5874
5414
3102
1616
4471
3360
2182
3822
6039
4378
1521
6742
6672
1690
6269
2801
2555
2463
5789
4052
1354
154
5904
2107
552
7454
2656
2493
543
230
5893
7339
640
6816
5151
4578
577
4342
1675
5813
275
1050
5101
101
7030
2932
3150
1512
132
2056
69
4460
5246
2379
5984
3636
1949
3952
50
940
5280
1018
1038
4616
1929
4623
7905
3126
7623
1311
7957
4987
406
2407
5172
4637
2984
2262
2444
3261
265
503
1292
2839
3254
4816
6439
2935
1448
1240
3675
5622
6990
7477
383
455
3856
3252
286
2972
7109
3581
4427
736
1101
7627
1827
7788
1397
3394
2210
7391
3843
6106
1852
4110
4448
3805
6485
438
3656
38
4963
3698
4364
7177
7280
1443
1474
3905
5996
2958
2805
1577
4698
2981
4877
2421
2043
412
7857
6285
468
6562
2690
2341
3920
2749
7441
2008
4591
1424
6574
457
4945
208
2679
3492
1521
418
6643
7181
2937
1618
5839
6878
840
7952
2094
5986
5345
226
1737
75
2801
5276
3096
6368
1606
6667
4319
1079
6455
3837
7640
2704
1746
4460
6040
2638
5620
3288
7726
7304
6078
7447
6202
6364
5022
539
2891
1763
2050
6353
5506
5643
6454
1490
2760
2189
182
4469
813
3687
5490
5672
3277
6577
3280
1223
5890
1842
1929
2091
5763
6639
5833
6350
5365
6780
4164
4856
6449
2552
5086
1176
2244
2402
7965
586
1088
512
6073
6246
919
5943
1972
4177
4584
6069
6435
3769
4765
4032
6794
6080
5235
7121
7327
4934
1374
5076
2826
6146
7288
5863
1539
2583
5027
5314
111
459
1836
4035
2051
5419
5438
2437
3659
7935
7095
455
3386
818
3027
4602
4537
7565
3138
4819
21
7593
4373
2120
5150
4918
6763
4698
7972
5135
4509
1782
4606
4531
5099
2060
4549
3094
6336
569
3276
2270
574
5913
1119
971
2202
7594
4306
4106
3061
4588
3460
3803
231
4041
6078
6058
3217
6817
687
2746
15
2336
528
4094
7
3745
652
1053
6989
4442
7273
3493
3663
110
795
3822
2448
1085
5558
578
3587
6205
4973
6890
5438
2977
1182
6727
6915
3178
1554
4384
6782
2457
7131
3035
648
7247
62
1779
5970
1181
4192
1067
6260
5363
1136
3286
7454
6340
3671
5386
2361
4384
7476
5055
3826
4640
4012
4061
6260
5612
988
4929
7285
7392
1937
4480
2470
722
887
4672
4477
4523
5395
4325
4822
830
3330
231
1088
1648
4850
4532
1309
4847
4269
3484
7598
174
3575
6907
3405
5924
4756
2857
1911
2800
73
3850
3300
2609
2999
313
7242
4542
3857
6222
1803
308
2903
5112
6150
4530
167
2719
4869
6916
4448
2055
6904
6969
7483
5348
2132
1840
7064
1868
58
3966
4618
1080
2702
1231
4497
1699
539
280
804
509
3964
2216
7978
2914
4257
814
4864
4278
4837
1088
5920
6165
3653
6900
5597
1403
2477
6024
3242
7
6071
4804
5035
2529
6046
3664
1286
1983
866
3995
7657
1548
5147
5188
3172
5946
7066
3420
6584
46
7479
4731
2760
738
7246
1087
4687
6222
1620
7841
2536
1319
4776
3198
7290
3589
7978
2212
6888
840
7526
1814
1031
1788
3353
2035
6394
618
915
3414
5454
6343
2744
1990
5031
1746
2069
3890
6559
3933
7011
2384
2096
7486
6385
7899
5714
1519
1560
1283
1331
6673
7349
7856
1003
3764
4480
145
3707
771
4142
4201
3184
6667
3263
1922
3667
5972
5366
707
4397
7124
5559
2134
7267
6551
2664
2605
2449
3926
2415
6277
3063
3531
1917
1252
738
4849
5832
3402
4724
5891
5286
5868
7839
4598
1267
4005
7797
7043
4526
6106
6103
905
4225
3902
1936
395
5761
5694
5748
4886
531
422
659
1043
6548
7917
3725
1049
5176
7437
4139
1200
2017
4983
2131
2179
6591
3680
2970
1138
2297
5943
2504
4117
7076
1954
5284
7324
3847
5058
5173
5034
6216
5670
2539
70
6983
4030
2651
2604
5580
1761
4499
6072
3111
5088
5431
585
6826
7021
7669
856
3730
1409
7312
3605
4887
1505
1519
6463
7380
2751
4321
1874
2834
6249
7092
6369
7334
7769
505
1030
7191
4983
5773
1283
5893
5540
2714
3807
3289
6886
4153
2367
3644
6077
6387
1251
5830
1445
5611
7928
5730
4692
6097
5419
3733
3383
6635
7119
6414
668
7563
2527
3257
4743
1857
3850
662
7505
3711
6992
7345
586
502
6796
309
1340
3262
3964
5581
3984
6324
4370
4759
7271
7814
2247
2361
7524
6350
368
2869
3236
1216
7694
1908
976
924
4579
7166
3419
5759
5796
4776
6762
349
2140
6331
6080
5455
2290
590
2800
4179
342
6240
5801
2451
5288
4082
3100
3262
686
6889
1921
409
7044
2036
6527
917
260
3961
4852
4613
5676
5310
1666
6053
1543
7211
6009
678
3855
549
941
717
1646
7649
3590
4406
6219
5800
1074
5953
4130
3612
3802
1219
2979
2431
7510
7222
350
7852
5651
1664
3573
5935
1753
3697
6407
2161
7693
3409
4555
3578
3588
5649
6717
741
534
3904
4705
3001
2119
3030
2226
5247
6710
3690
1607
7669
3491
3025
6786
3215
4261
977
654
7035
1067
6786
3001
4889
2990
6379
5651
1367
2315
285
1138
5498
2185
7370
4992
4456
5180
2843
4898
3298
3757
3605
5357
6477
2285
2216
1836
2659
2213
2406
5245
7723
5182
2295
4531
2465
1472
2312
6543
6962
4516
2374
2509
7556
3015
597
7932
3971
3298
5255
1501
4461
7785
5166
1862
2712
580
6150
6505
2064
2522
6185
404
2292
5909
3945
7371
6235
2007
4322
7143
3788
6898
2857
2515
6838
761
3638
3276
1274
216
330
5849
4158
7412
3611
78
6896
298
4588
6245
4248
4254
6742
7545
7935
1501
2474
3889
5588
5756
4928
2560
6762
2038
272
7498
492
5276
2092
4103
1406
4595
7654
7241
4379
4335
643
5002
7112
6621
2604
7432
2660
2120
3473
140
4332
315
198
1516
6523
1383
1824
2018
2194
4710
6720
5426
7495
6527
7307
1941
373
7295
6851
5912
6244
4598
3788
6758
6888
7807
7147
7939
7957
5840
2793
5987
1667
4984
6044
5131
4126
4167
5899
4452
946
6759
805
2306
6089
5602
7410
6254
5493
2775
1701
582
6210
3683
6206
3627
3053
5453
4905
3615
144
1260
4260
2177
2710
2929
6526
2969
7044
721
5477
4406
2713
5600
3926
6775
7321
6615
3697
4296
521
4808
4018
6454
7561
2487
3168
2734
6783
5814
330
4214
6321
5549
4247
398
1598
4442
3454
7044
5917
3384
7849
3108
2488
1098
1198
5844
6218
270
3203
4296
4428
7100
350
2117
6836
1915
4615
7120
5727
4066
353
6326
3715
2781
2598
3633
6753
3480
5706
6595
772
2977
1989
6793
7972
7447
2369
4861
5181
7707
185
7020
5928
5652
1723
3134
921
4739
4976
7761
4841
7973
7139
2296
7536
4097
759
7124
5238
2706
2737
2096
2207
1300
2074
3556
7547
5493
615
5629
6367
220
3055
1045
136
2751
5657
1760
6092
3460
12
1797
6153
5156
2967
4081
4420
7207
6494
228
7640
5144
5935
7020
5733
5876
6411
3404
3534
1842
1437
7671
5069
693
2645
927
543
5993
2890
4472
4282
7699
4990
5878
4437
2661
7778
7517
5129
7565
5495
1828
6157
7951
583
3081
5034
2986
4078
4348
6124
7718
2662
466
260
12
2310
4920
3178
6020
2652
1344
5047
7032
2721
2330
6906
4351
4309
2043
7151
3614
5135
7457
2275
2600
6877
3151
6643
3500
6032
1459
2750
551
2079
1842
4632
5870
5120
5231
7789
2469
3061
3599
3897
7375
3588
7918
5081
342
5842
1931
6331
593
2249
5914
5143
3243
4066
2552
5135
7713
4234
5817
6712
1258
6327
2548
171
1429
6631
6219
3292
1270
3904
4465
5521
3581
4547
4761
7716
3266
7703
679
3965
7387
5083
6389
1736
1360
892
6294
7345
7610
2761
3959
4588
3798
1406
5684
399
6860
1310
6293
4619
2355
3889
6702
1754
3662
4342
2733
5550
2866
192
5307
3926
6492
2937
6504
637
6485
1814
3318
4530
496
2538
2437
599
7149
5510
7506
2207
1243
6229
2981
7120
5946
6347
6989
1325
6335
5248
2004
3016
604
390
3700
4751
450
1617
7008
2642
7576
3654
5570
6086
7850
7013
358
7867
794
675
1262
7847
1043
4281
7498
7630
3576
3565
6772
5761
6780
2851
2275
1896
3803
5404
4047
6165
3055
587
785
2397
4075
3906
5160
1236
6344
7214
885
1275
2594
3423
4242
1808
7878
1561
638
6998
5840
1309
6004
2912
6274
7763
537
3254
1193
2451
6509
7817
3181
4854
3188
6321
2255
869
4169
5492
3511
6852
7235
5235
730
3070
2862
5842
7045
728
290
1251
3424
3731
1663
1881
1805
1294
7032
7942
5893
6428
6566
2951
2945
4007
3227
1212
7216
3925
5073
6954
3014
3286
7965
5586
5383
2721
122
6923
4271
4871
2971
4280
6845
5420
1786
3898
2374
2405
6476
4288
99
7999
529
2930
1527
5095
3582
5711
7075
154
1862
5634
5446
6736
4820
6465
5142
6346
4168
1051
6087
3360
6342
7368
2004
7339
2944
912
45
2390
4560
1752
1456
7135
7323
445
641
4606
1029
6953
2786
1674
5262
3024
747
4706
3477
5073
4638
7382
3697
7865
5971
2486
7085
6010
2131
5461
2540
2144
5048
6877
6067
7578
4943
2608
4260
1050
3861
3882
1503
3555
7648
2225
2889
5623
2520
6717
40
7114
2872
1502
4497
7086
656
3984
6769
4108
849
2853
1215
3439
316
4052
990
772
7893
4849
7547
6999
839
2087
6211
5715
350
6760
4668
7872
4672
5035
5832
2437
7188
5251
2049
3209
605
6916
4091
1495
832
5130
378
7377
3306
5860
3646
7998
3642
3935
2055
6140
1484
1182
2877
1818
5083
4320
5240
3322
3450
7553
2024
6669
5565
2444
3915
3381
6260
1544
4843
7694
3037
7264
3748
2900
1005
1756
67
4156
5190
3614
4940
7578
7351
6744
6217
2641
7295
3189
5935
1556
3394
4867
7644
1892
4479
3452
4557
72
7681
680
7983
4281
3328
7505
3485
3152
7501
2244
555
3248
862
3338
5524
2065
6805
7099
2655
2177
1149
390
5098
3289
2318
6353
1489
1439
3782
2559
5100
705
2747
2165
4440
4407
2517
7488
617
4820
1211
633
3125
5854
1623
5830
5604
3147
4072
4995
2263
4985
5175
2507
4217
6476
6687
90
7964
6197
5697
7892
5902
4518
5463
1457
4778
99
6153
6767
5205
2180
6201
3789
1781
3020
1040
7328
2899
6484
6103
4633
2106
2145
5452
6893
3741
1394
5289
450
5300
2749
3624
7429
130
6700
2378
7747
2041
558
3159
6560
5932
6876
3768
6972
3124
6720
5049
6736
7094
201
6451
3568
2041
5491
3948
3010
3173
618
1945
6371
1689
7797
5404
983
716
427
7091
440
5564
6920
1718
6047
4224
2298
5620
4773
6837
175
6877
327
5395
2998
7626
5178
1574
2794
4838
1951
1516
4421
7451
6139
5473
5156
5724
2267
3768
7637
3336
2571
7279
3598
6768
898
1180
3295
7970
6236
4813
1533
295
1622
2620
2039
5969
7771
4777
1835
7815
3561
6692
5193
4691
4359
301
3008
2700
2666
2995
6849
5670
3583
4189
7088
7369
4066
7261
3951
4540
3697
6019
5953
7114
7299
1596
1894
5097
7194
6204
7308
7206
4937
6231
3113
4104
5814
7147
2241
6308
5720
2824
2802
506
7185
700
6977
6499
7195
2837
603
2909
7222
2200
4644
4600
4023
6667
2571
7804
623
3915
4709
4438
172
1968
4970
4440
7626
578
640
271
7980
6580
4336
1620
556
356
3105
3120
4904
3580
1760
2050
6980
2203
7244
1100
7613
4560
1929
2159
4230
7716
1682
1896
2771
7481
7460
2234
2719
1320
6581
2724
1522
3030
7692
7358
3841
583
6049
3773
262
3002
5822
4017
5830
3146
6165
7740
5240
4868
3211
1800
2046
6969
977
4670
5317
6581
3107
5703
5762
2816
943
6276
6411
4504
1841
1018
189
7150
186
3833
3327
1100
3010
7802
3305
3175
5500
2170
3816
6751
3267
5365
4121
6724
6549
6494
1973
6124
4691
2332
5494
2931
1113
5223
1855
2714
4336
7016
2003
495
2712
6620
5948
6736
786
6033
1134
1791
3626
4758
7920
1164
4864
5689
1694
7084
2469
3828
7396
3059
6777
3205
5271
7243
1436
4648
6650
3367
2077
872
5027
2863
2979
4573
6957
6145
7763
6949
6783
4032
6746
4763
4345
6538
35
4689
6400
4250
4396
3983
3105
4332
3600
568
4816
2676
4100
4410
57
2581
1810
3255
6363
6619
5905
1662
1118
1901
7861
1933
6896
1900
3456
4739
950
6532
1526
6746
980
2057
4269
634
2513
89
188
3512
4282
7127
2342
4779
5369
4965
534
5347
7744
6074
2754
6395
2360
456
7815
6808
5008
2337
2712
7766
3752
4303
6433
1526
5005
7639
6739
1620
1010
2206
5491
3156
2872
2106
7575
6393
6145
