5698
6508
3680
5046
4643
7264
6520
5020
3728
4304
4717
5971
4045
5726
3762
5471
4347
1837
1281
1036
5762
7027
1545
1278
4012
3950
7493
6320
4922
3526
6681
2760
3219
2613
2192
1359
4630
4430
3275
6186
6614
2819
722
6947
4646
2665
5408
3137
4986
7448
6902
7272
4857
5231
5077
7905
7562
7263
747
7997
974
7559
4655
6979
3149
3776
39
1061
7206
5900
2726
324
6219
6677
4929
5536
1755
7410
167
5382
1256
6412
4672
5275
3392
3655
5517
6363
5535
6461
4677
2925
5506
133
4676
877
6500
4852
6610
2673
4408
2322
4234
5909
2072
2067
4154
7856
2457
7461
1956
5630
7495
3325
3277
3419
7392
2108
5310
3542
2723
240
4732
3428
3335
5945
5028
1030
7684
3234
3638
2152
1728
4204
1865
5089
6101
4642
3628
3884
81
3799
5109
1575
4470
1864
2559
282
3025
1840
1142
6800
796
7164
7563
7390
3452
1477
7181
822
7142
5621
51
5778
2349
3409
6141
4985
5198
4692
215
6023
2155
4956
2745
1794
6706
6277
2272
4348
4724
1629
1380
4787
6112
238
4666
6732
7241
3078
2799
5786
7821
5257
5079
6266
228
6954
7208
2902
5581
3328
6254
1246
3348
7648
1140
1282
1885
4953
7735
6633
3710
734
7129
5206
1655
7154
4061
3875
6765
3110
4426
1217
1361
3410
4319
3090
59
5321
6019
291
3767
2056
2455
2582
7382
7696
7022
6371
218
1441
7087
3355
4151
3221
1400
5555
7882
5628
5787
7434
3804
6570
1996
4395
3961
2630
5472
240
3119
6557
2353
2367
5243
6404
299
83
6004
4591
438
4257
6392
5021
6765
2285
3791
3703
2658
4852
5394
2825
2352
189
4202
1177
1261
1625
7073
154
1872
4700
4972
5350
4065
6807
4068
207
7079
1075
3642
465
6909
496
4076
3010
1318
181
3886
5108
2992
1720
2715
4356
2949
5809
7789
806
1482
7148
6305
2051
3015
6580
5237
6083
1779
5888
5195
5110
6331
1404
5609
7940
928
1
2107
2776
1775
6051
3030
3607
932
4407
3156
1171
4282
5666
2535
6282
7664
4490
5655
6901
2918
6128
2353
2224
2684
7773
383
4622
4544
2640
5810
1276
186
4423
6246
197
2913
4877
6235
5879
6683
6723
4296
5497
5127
6224
2128
2097
1630
3327
2711
3073
3132
7815
7487
1955
5208
551
2033
6830
5799
369
4178
5375
3395
2138
5691
6035
5640
6763
7161
1671
1440
7236
4644
5402
4054
2779
4746
1915
4976
7953
3162
7283
2663
4417
796
304
3712
1538
3890
2634
3172
3810
7325
1092
4525
5690
5303
6289
5909
6626
395
5739
6835
3939
3867
5492
3523
5171
2614
928
2466
6630
5421
185
4308
7629
3534
3583
3538
2959
744
7703
5862
2735
5932
7353
4225
7710
3016
2259
1415
2179
1919
6315
4679
1906
4382
543
1414
6891
4141
355
2848
2614
4267
6693
667
1065
6104
1526
2655
7095
7389
4339
6758
5917
260
71
1582
2721
4876
708
1663
2117
2143
3664
4521
35
5759
6413
3859
7331
3208
7157
6637
5134
5341
2179
7165
6020
2622
6392
2318
4454
860
3108
7403
1602
7689
2075
5766
4934
3828
5071
1320
3234
6058
5425
3752
2692
1398
5221
5686
7604
1304
2613
592
2992
4350
4208
867
3755
3213
5303
4421
6950
3833
3994
6032
7854
3791
3754
1359
3318
3877
7396
1812
6275
2518
5103
4973
332
5430
3440
5762
7664
4973
2209
6303
7857
4038
6227
3072
4259
3767
3987
1108
4289
4604
1131
296
3699
6963
6571
4446
977
7253
5037
3074
6275
5843
4546
3098
201
4950
7946
2694
5674
1060
6495
7350
1575
6901
5232
2253
2715
3858
4725
4943
4597
548
5414
6438
2303
611
1302
6937
2229
796
7849
5925
5708
4614
2950
5269
7119
3221
5759
1824
1737
2699
3824
6977
756
4052
5954
7036
4054
288
5282
4771
6558
65
889
4732
5068
7427
6516
349
888
3752
6796
1781
2883
7290
2094
4250
7297
770
7252
4179
1950
5471
1974
2809
3934
7254
1775
3905
58
4858
768
5089
5218
2511
5277
4741
6079
1370
7002
6342
3804
1964
2254
6794
5167
3431
6083
7656
2380
2507
7446
3753
2584
3644
7873
690
4824
1985
7208
6458
6570
217
1315
817
4595
3992
5011
4498
5190
1594
3264
2866
3795
7882
6679
5870
2662
5650
5290
6440
5361
6252
2173
2016
7553
1898
6112
1105
4055
4800
5931
2243
3633
3395
7233
4828
7797
1307
934
5100
5489
57
6911
3573
1031
2379
878
7451
3185
4434
7171
2021
358
691
6127
6700
6878
4337
5414
5208
7275
3882
3045
5563
4807
2033
591
3661
2925
1391
2270
3860
234
2725
5570
3130
1360
7351
1923
2312
4472
828
4670
7168
6869
2766
3092
6816
4656
3250
1615
5635
7834
4595
3328
3542
3098
7604
1735
3414
6709
5865
7015
816
436
6876
4673
5936
2716
5396
2396
2393
175
3325
2875
584
2851
3046
2398
5901
5560
5161
7947
732
2546
4874
4695
7862
4844
4838
3071
394
6814
7283
3223
1453
2143
5683
116
3342
3648
237
972
3035
1928
5466
7005
2541
4511
974
1762
5339
1457
5640
6429
1734
3738
3019
6222
328
6350
6765
3528
7554
6424
6859
941
5775
3162
1206
7518
693
1754
6930
1303
2286
1051
1917
508
2197
7111
2544
6873
3444
4622
4607
4187
7811
5118
5668
7693
2656
3582
7803
6872
7616
16
4995
639
3442
2715
4323
378
4283
784
7154
5733
4487
238
5754
3319
6440
3598
2293
1252
3522
660
803
1199
6261
1546
3918
3584
4251
6486
5611
918
6486
938
7700
6166
7493
1027
4842
7924
7690
3547
7014
1166
6901
2216
3237
7364
7966
7353
1885
4246
7370
5925
54
5385
3261
3912
5625
6139
7639
1065
6833
6705
5542
5944
7591
5082
7078
1838
6743
4399
5159
2264
7488
4051
6949
1571
4772
623
3927
4326
3145
1139
7648
4076
3665
2862
674
1906
4440
3008
6871
6636
198
6954
6740
5119
4469
1695
950
6421
7776
5003
920
5904
1170
7653
1526
2810
3276
3066
7547
5958
6576
2033
5119
3412
1217
1423
5863
6024
125
6593
6973
5255
7925
1045
2991
3593
4990
7784
4370
5997
506
5988
3811
1514
4319
3256
7076
1793
4427
6929
1441
4910
2117
1881
614
2923
4260
2329
4294
4472
6646
7041
4786
6986
2035
5793
6854
1117
6125
4124
7999
5461
7864
1943
2113
6235
5569
5715
4345
7747
4940
6313
389
5746
6094
5520
1484
2142
1720
4632
3671
7643
288
4639
6300
7022
3528
1851
3577
3758
1055
25
4147
6548
7258
4018
6942
2487
5775
1460
914
1851
5920
5859
7183
4083
4674
6621
2747
7897
7196
5784
211
5632
4383
7067
5634
681
6886
3952
4408
3063
391
6805
1013
6790
2368
301
335
5592
2096
5350
5097
2731
6054
2904
4764
2598
4453
7078
1661
793
7103
4109
6717
1921
2063
3822
7809
7599
4273
6313
6895
2742
1139
3243
289
5906
3950
4991
2912
7090
7858
7880
1905
28
3138
3046
7040
4082
1732
5304
1910
7497
562
1805
7084
13
1404
4834
1985
3050
2319
2928
2014
3150
6961
4422
565
2889
3744
2404
7451
6430
5594
7032
3280
6631
6425
1692
3904
912
4226
5485
999
3591
7210
4232
5070
4147
3605
728
6043
7844
4060
1236
5489
210
2260
7787
6799
109
2410
7639
6655
3464
5213
311
7876
4501
6173
5918
632
5317
3335
3495
639
4335
3426
6039
5875
6887
7658
1500
6022
4830
2135
5569
6511
1242
1880
5866
6766
2042
2977
3300
7315
4467
5097
6399
2081
474
3510
5094
1090
4144
3200
6731
7662
890
7382
3504
1640
7538
4530
4738
5528
5474
1130
6649
4899
6074
441
630
3865
7056
4865
2383
3679
4759
5443
2304
5476
4766
6966
5953
3598
3282
7478
2112
1438
2959
1531
7791
5172
5348
927
5561
7368
2465
6176
2315
5942
3520
3255
6886
7827
6844
3046
4213
2605
2010
2974
3242
5077
7167
4185
715
7326
3883
1132
1122
4718
7879
3967
4333
7820
7313
2810
4481
5776
1059
21
2034
2981
5316
7240
2090
2721
6702
3161
3750
3983
7991
7821
7760
5268
830
4019
4166
7667
5320
899
6457
5536
2255
3495
2210
1526
1277
2568
5379
5283
1928
4399
6030
779
6254
5477
4034
7574
6963
4593
6972
5554
5904
1456
146
151
2012
1471
4982
2242
5579
5951
1056
1095
1582
5684
6656
6937
1893
4191
5601
4069
853
6741
5029
4260
7601
4000
1355
3213
4946
7809
5285
5488
7722
161
6157
4340
2519
360
7260
1368
6647
7253
4831
7951
6767
1982
1841
5126
1306
4527
1573
5504
2562
3286
4945
2537
2053
4232
6781
32
7888
6737
7571
6601
1218
1529
6541
5349
7519
6531
7592
3159
4609
4552
2277
2152
7169
2481
4997
7133
4608
5077
6882
5785
5892
911
4445
5378
1175
1751
1242
7198
993
942
6304
3917
4517
6260
3262
7752
850
5215
5360
6374
5692
1558
6227
280
7440
7458
2947
263
6648
4057
5840
6540
3803
6762
3387
5187
3691
7920
1738
7413
2743
4728
2042
6124
4325
3541
796
7418
5220
3055
468
960
2395
3184
2782
1084
7586
1101
1183
3625
178
3834
33
508
772
1530
7284
2217
1972
6399
5865
4046
4729
6571
889
3234
3014
251
2588
4390
5919
4924
2954
3265
5875
1279
219
1082
2439
6432
4821
2352
1325
3080
230
6475
3675
897
1928
3956
4041
1234
4058
4804
7977
4310
4378
5450
6462
4770
2469
4175
7647
1779
865
1082
1609
7769
5124
1042
6672
3572
637
3256
4293
6407
2627
300
1185
7530
7987
6336
7606
6492
5496
6352
2629
4121
7415
4266
1741
1122
2584
3805
3103
3688
4294
6825
6433
3106
7046
2999
1280
6296
1059
752
2320
7605
890
2416
6295
2381
1368
206
3535
564
2227
6050
3976
4102
7317
7306
3092
919
4502
6220
7706
3341
3110
553
3962
577
2498
3168
6290
1680
469
312
6200
5891
2162
1535
7506
5500
5216
4023
2446
3558
5498
6416
1654
4020
6338
1160
4693
4525
6349
7754
2584
7255
7831
2065
5272
4500
6443
5012
2429
475
4909
1263
3962
6811
971
931
348
3701
1485
3230
3321
3799
4070
7964
2265
3181
6922
6960
2093
4771
5289
6402
2058
6577
623
6700
1001
221
484
6631
1528
1798
4226
6642
3933
6446
5546
6157
181
3152
3630
3686
2794
6196
1722
2188
5350
4782
2412
1082
5026
4287
2523
7852
7796
6220
3036
862
2879
5503
5758
618
3173
352
1641
5680
3099
6022
7498
3643
2845
504
2880
6856
1306
4729
1669
6389
1094
3053
5777
2798
7511
7428
2046
1848
3229
6839
3630
5204
7119
2873
3956
2672
7165
939
7963
5984
2113
2188
359
3396
7765
1672
3696
898
5582
1835
7632
6842
2746
1229
4603
6732
2551
7771
5484
500
2624
1236
7927
4690
3056
7111
7059
57
6143
3013
514
4204
3458
5145
3400
4751
6914
2147
6933
2353
2755
3408
2407
123
2937
2870
7550
2902
1616
7438
115
1477
1125
5308
5567
1019
3040
1154
1858
1636
872
5189
1565
1689
3413
4412
7354
3408
4872
7772
118
6226
4768
1441
5511
3530
3914
7612
4170
5080
1596
1596
6985
6140
75
6125
3167
6487
5157
6130
7998
296
2229
3838
1058
2907
32
2751
2944
1295
2838
5851
5276
2111
4822
6010
6804
3390
6408
5042
2122
2776
7518
6845
1576
6270
6817
736
6503
7232
2831
2572
1420
6048
618
848
6499
6501
4484
3951
5700
2431
5734
2159
5404
5650
3976
3156
1451
2699
7086
3185
3645
4291
5039
3001
7337
1534
4509
1920
450
4292
7045
2054
20
6597
5624
78
1416
7667
2595
5821
3674
2586
4145
3212
1923
3751
2030
4592
5376
6208
6414
2068
5343
2873
1728
3697
1814
5434
2120
3426
5237
6810
5151
176
7998
6015
5715
202
2836
3267
119
6377
3866
2361
4485
5568
5688
5865
5868
5720
1665
6663
4067
3973
3495
4922
6222
3942
4973
4196
2390
6009
6234
4431
5065
4600
3047
4632
4798
4585
5404
960
5535
6529
3015
7914
978
7665
5569
4047
5155
5186
4788
3021
2552
6791
2926
7575
7238
203
1057
948
7848
4234
5706
7714
6681
3297
3412
4006
270
4347
4270
2325
3537
6158
5477
2023
4179
4291
7398
5447
1867
5402
4380
5133
3117
663
3436
2887
4183
2346
7772
1868
7323
1336
4022
1235
7984
4602
6364
2296
2755
7697
3511
6801
4157
324
4699
6158
4516
7581
5314
6081
4739
697
6377
7352
537
1628
4054
7793
2680
7995
6869
4661
70
4008
7100
3876
4387
6585
6597
5547
5455
3386
206
6324
7800
3533
2084
1442
4660
2379
5891
3989
2682
834
5923
956
7777
1436
7659
5219
977
2249
3440
1763
2682
338
7236
3608
3161
4045
6497
604
384
5233
7099
2414
985
1776
6017
218
7298
2148
1295
322
2703
930
2849
899
5770
4466
2038
3669
7111
527
4534
755
2219
5677
2056
2946
860
4119
5790
3075
7517
6218
6349
6267
4489
7000
1914
572
3196
6433
356
5421
4302
5034
142
2077
3533
6266
6277
4453
5844
7242
333
6676
5773
6584
554
5746
7587
1116
6867
4402
1093
1634
7798
213
6511
7952
7290
6738
1846
2782
5227
7088
7031
7675
2111
1814
416
7539
7810
6829
1888
657
1792
3119
6556
2088
1386
7151
2423
6880
5005
4272
1830
4437
4139
7705
3589
2555
6452
7375
5059
64
4138
7794
1927
3187
2948
6007
5340
1118
6240
4445
5303
3632
6960
5889
5454
3682
4616
6605
4375
6869
2971
4131
625
3141
6952
7162
1223
6760
4433
2785
4662
1978
1913
1046
2409
4661
1866
5656
1124
3784
2437
7763
4754
3894
5863
4912
564
6309
1519
895
5146
5641
4388
5599
5476
5755
2984
2613
4554
5806
801
7795
1730
2268
2003
1127
3998
702
6350
2509
5909
354
2771
305
331
74
1377
364
3054
197
4120
7874
7755
4375
1331
5400
7391
3574
4767
1805
7846
6155
3512
6807
4744
2257
7312
5367
449
1660
7013
4367
6185
2225
5714
1581
7022
2172
5134
5139
2846
3017
7620
2871
543
4694
6724
6215
5748
4123
2044
5510
2607
7410
6945
7439
2410
246
2942
3791
1446
4633
4744
5129
5171
3211
5965
149
6306
2228
3375
5139
1672
6159
1113
2667
3924
47
1759
792
6985
4245
7717
7679
7712
7660
4601
1527
3079
1274
1948
492
1232
433
1749
4451
764
7288
1424
4006
1735
6392
57
1918
7762
3258
4277
6586
7269
4957
5160
1728
6759
4050
5295
1934
4951
5543
5250
131
2719
1336
3259
4004
6889
6562
1629
2455
5825
6765
1527
2106
293
6612
617
5844
375
1382
4533
3270
4261
4064
5214
5005
2
3923
6399
7889
7776
4644
6416
5942
7097
7998
494
2140
6911
7315
6432
5929
5487
3397
6298
5917
2900
4117
2026
268
5045
5679
3370
6578
6159
1580
2444
6990
7550
4890
1693
999
5781
1412
2895
2846
5786
757
5740
6427
4168
4255
1328
524
7555
3255
2096
7431
2779
1662
2047
6191
2494
437
6408
151
4063
5012
107
5568
1737
3481
4587
1182
2512
1735
3082
980
1762
2097
6275
4443
3620
2623
770
3579
5979
1132
7982
5112
668
2844
4811
907
921
5128
5234
6886
6636
3342
5121
2111
4435
7549
7903
6578
1432
295
5985
3303
3236
2711
4443
3707
2156
4092
586
7488
1543
2458
6227
565
4868
3536
2561
895
6780
5484
2817
1301
3464
7045
2897
459
322
4748
3246
4976
4358
1076
6001
6925
2131
7735
1848
6829
4093
7890
1845
6869
2991
3309
4426
3483
5700
2821
4028
6379
4225
6552
5181
5885
4204
6785
2650
329
4104
7025
7306
6880
484
6754
316
2901
4755
1023
5116
1863
7031
3876
4160
7383
5192
4894
6878
4259
5410
6182
7704
4395
5995
4919
7354
7545
5
7363
7954
4198
2006
2744
4898
1053
7225
1437
4471
6866
4984
3390
1357
1388
7957
3227
4844
5865
6443
361
128
4198
3003
5486
4691
1494
4645
5229
3208
425
920
4640
2705
5750
3327
2269
422
1345
2339
643
5110
6349
1219
2238
5985
3971
169
3154
3846
1377
4538
1722
7151
6145
4961
5874
6371
5166
7685
224
5442
1253
5489
7153
6718
6413
1820
7416
5870
2108
3039
5334
1415
6969
5840
6605
2825
5814
3289
371
6367
7425
1344
7793
7881
4043
3210
6339
2386
6295
6763
5551
4657
108
4376
1771
1222
3954
6050
5723
5967
4487
319
7148
6002
638
890
2678
7991
3221
4763
2218
2510
368
452
6010
2807
2657
5704
1060
7987
6548
1298
1087
4468
3249
4239
5676
7026
6365
4706
4608
1763
2115
4445
790
514
1446
6509
5983
6863
3997
1710
910
7383
7701
7041
2561
5495
5195
1314
6061
1198
4303
2260
3484
5415
6888
6258
2080
2081
1365
3844
6204
4892
3049
2126
6985
3029
1598
5526
6295
3640
957
4107
1118
4438
4711
7414
6947
1182
1882
381
1618
6374
3120
6883
4954
7756
152
1404
1052
997
5799
4817
3192
5534
5791
2659
5621
6090
7380
6119
1240
1694
1929
3000
2798
5376
1886
3551
4762
5075
2266
2005
5854
2591
4173
4460
4108
7868
4342
1753
6476
6992
5686
6833
1833
5432
4504
2020
6101
2180
231
923
349
2066
1582
5763
2279
302
7077
7815
2518
7030
5834
4130
2158
7340
1655
7517
3457
4074
1240
22
201
4822
3228
970
961
3573
7198
4820
3311
2009
5070
5038
3319
4475
731
3722
301
3494
4602
7518
1549
5879
6927
4755
6151
7317
4865
4161
4445
7760
462
4156
6886
2468
3849
3282
1067
4
3762
1829
4379
7511
7636
6983
2329
5813
461
4455
7707
2529
2372
1880
610
4239
7318
7879
296
6001
5654
4623
4643
4524
3879
4822
690
2350
2005
2761
706
5002
1865
1828
641
7919
756
7119
500
6156
505
2123
4883
764
4389
2114
3870
1382
4856
1125
6759
3455
4586
3614
3751
685
446
1584
3536
2629
1162
6548
3863
4492
6592
2112
6441
5213
2928
7504
1244
7227
5828
48
3498
2139
4419
446
7051
5178
2639
4493
986
4711
5447
3638
2911
5015
2701
100
1763
7520
3170
2039
2431
5119
7892
3898
3296
4821
4600
6119
319
405
210
4814
7202
89
6614
359
5386
6975
2849
1556
5253
1869
463
5428
6635
1354
367
1441
3051
1550
2066
3581
2686
6396
4531
2379
3392
2352
7674
4135
2376
5060
3936
7294
118
4342
4400
2374
1675
7222
7348
5925
940
109
7998
2345
6958
6285
3738
4432
2280
2262
4230
5152
7695
487
2885
79
2671
7667
5513
2411
6025
1603
2846
2879
611
4689
3816
7781
5899
1452
5352
7658
2106
4154
2172
6803
5768
2522
3575
3397
4723
5822
7023
2742
7101
2402
7362
7384
6662
371
2993
4905
5071
5235
589
6169
5722
5550
1767
1808
2209
7256
4957
3954
3926
5985
6327
3627
3964
3781
3949
2143
6304
5523
5184
5950
4852
412
3118
6801
1427
280
2944
2090
1176
4860
1714
5362
5791
1246
582
7381
2922
3498
4941
1081
5088
3334
2541
1429
2127
365
2928
1878
249
7651
5298
138
830
6852
6960
1077
4959
5819
803
1462
5295
519
277
2105
6411
3820
704
2520
7515
1196
7410
6534
2290
2007
4810
5702
4659
5160
4150
7294
1649
3190
1077
1709
5926
2361
4991
6980
4362
5847
25
7593
4273
4437
6933
7928
988
5361
1316
2854
4213
7389
457
1232
366
2955
230
2639
2815
5462
2723
1354
1812
1454
6775
5982
5595
7462
3973
3692
2918
2920
3329
5659
1580
2294
5620
4212
6558
4174
7978
3401
6739
4181
7902
1185
3610
4778
3901
3476
4840
5683
4605
2079
2513
1495
4698
427
1347
5676
6308
6512
3620
3832
2074
7786
3512
426
7289
3478
1248
7789
5223
6918
6153
2904
1243
4208
2837
5027
7645
1693
3371
4169
6149
7053
3270
7409
5180
1520
7986
5542
5819
4059
2460
2646
2650
4409
7907
5023
616
2803
595
5101
2783
3357
4318
2397
1215
6301
7999
4724
1964
3552
1830
5640
3293
973
2873
6042
341
855
7245
2370
5083
2520
1580
1509
677
162
6741
838
6715
282
4417
5160
5277
5165
1954
6019
7238
7524
2548
2122
1822
2416
7658
5442
6073
4931
1672
3411
7108
1355
7404
4156
4885
2435
2404
2827
3215
436
6671
1834
1445
6646
4098
6131
403
1183
3257
4128
4437
386
3727
5276
3327
1720
5731
105
4033
1338
5150
477
5645
2329
2808
7528
957
6561
3222
7934
7272
2695
2698
6391
1630
433
7451
5768
4444
4133
5769
2389
3506
1288
1229
1169
3833
4771
6643
1490
1834
4682
7080
2620
7519
7170
6415
4060
380
3497
4859
6389
5335
3359
6397
4314
4727
550
5832
407
2427
5252
2902
1503
3138
6725
5147
6939
7972
6559
3603
5565
5886
7256
1762
932
3372
5908
4308
3381
349
5744
5720
6664
3890
4417
5608
6490
362
457
1282
5405
6143
5770
7404
2429
832
256
6592
3209
6316
4919
4846
3752
3390
3526
5741
3162
1513
1143
5858
7249
546
6827
6209
699
7413
3080
4922
49
7246
1209
5955
4918
2286
3280
894
4248
2047
7274
5044
309
2277
2643
4568
6288
5013
4512
6234
6572
4676
3746
6968
2592
1518
134
4050
2996
4884
7769
4888
3342
1827
5931
4367
6722
4140
1588
1489
170
431
3697
4452
7149
1022
3732
7710
6528
364
4412
5312
3066
1951
1265
6106
224
6321
2459
3428
3750
935
6835
7645
3609
203
871
749
4670
7402
2913
3572
6704
2599
5748
704
3580
7982
7752
7895
5942
1112
1094
1315
615
628
6579
4878
985
636
7220
2827
1866
1924
4068
4299
653
1362
2368
1155
3285
678
1052
6665
7934
3871
4856
5362
166
173
6167
395
6342
7860
7000
4379
2052
401
5350
3503
308
3642
6657
1571
6201
5187
2628
3587
4265
6248
3245
485
5399
7738
7512
552
1087
6230
6890
6966
7729
6602
3753
1253
7799
3229
1550
2200
2715
2507
3995
6343
5551
1727
1565
2977
4473
7469
3731
3596
5397
5633
1474
1158
2671
4187
1107
1923
2309
3048
5525
7488
4687
1808
6890
460
5447
321
1673
6462
1756
2272
4027
1242
3088
6735
6313
7780
2161
562
7478
4107
7541
1094
3279
654
44
7167
2517
7971
5064
6131
1379
7713
1577
7057
4180
5724
4312
6381
3408
1203
2492
4832
4707
4085
2496
3154
4116
6889
7118
2969
7154
1668
7806
653
7389
2832
1043
7577
7029
4065
138
4831
1845
5701
4027
4960
2699
1386
6899
6561
2903
3325
1228
76
1888
4663
5703
1826
7810
4903
4622
7789
7206
7704
426
7779
2412
1615
4915
2008
2331
4905
7161
7696
2661
6268
3084
3007
6672
6339
5533
3695
6863
7932
6567
5036
3600
1539
4400
7890
214
1619
16
3702
4983
4513
5046
5239
6858
457
5009
5738
4943
2992
665
7510
1327
2306
5485
1862
2268
6561
1601
3748
5440
6265
7499
6519
4791
4478
431
7876
2337
7773
5190
5428
893
2009
1550
6249
3467
5461
4099
5845
4574
792
7720
6453
4463
7305
6906
6435
3629
5736
7364
5879
290
1449
5574
7731
7947
5372
5474
3140
4512
3563
2216
7935
4801
1592
4956
4086
6080
1064
166
7152
4981
4
3603
1614
2587
1105
7651
6920
7169
4736
6409
6179
5730
5454
4853
3636
2461
2909
6083
3530
7037
2462
1306
781
2780
6057
5311
6127
7003
695
5849
3186
2643
5493
3639
7108
3103
5611
1379
3304
1968
4470
1471
1163
2684
6096
4704
341
4360
5276
1789
3705
452
4752
2124
7604
3501
3899
3759
3024
3167
45
135
6229
1485
1871
7303
7864
3000
5274
619
3261
3729
3851
6261
3531
1373
793
4669
4721
2909
4859
4254
1465
7843
4994
679
7132
4437
2951
3540
6879
3047
1383
1530
1467
868
2112
7345
4920
2436
2652
2744
7801
4896
4215
5190
7001
6491
7728
3918
2930
3389
2987
4161
2689
2094
5394
3177
5443
2300
5274
3963
6283
1230
4451
3634
1765
2164
4298
6887
6522
2549
2251
3728
5271
3162
1107
6980
3405
4045
5626
6719
5346
3085
5693
3678
1705
4962
6288
1415
567
2273
952
1333
7857
516
4757
1949
2460
6619
3703
4460
3576
645
6393
1646
1989
6907
5932
5110
7836
2395
2579
4028
5168
5831
789
3710
5664
5165
7139
1880
5978
591
7329
7652
3231
3252
2892
1140
527
947
2383
971
3747
6848
1216
2073
1768
7143
5869
4292
1598
4374
7470
5687
2452
6183
7040
5069
3754
3682
5609
7097
4501
6417
1178
7760
4363
5973
5592
2843
5047
1369
3030
1846
1034
7350
6814
399
7673
424
900
5241
139
370
2991
6583
779
3014
7325
1698
5221
6208
5230
3156
6852
7610
1392
3431
3687
1718
668
5768
5267
2110
7134
75
4999
5290
1785
163
3128
1603
7666
1562
5840
5065
2193
7544
2649
190
1979
2913
4968
2022
1257
619
7665
6252
3043
3782
6362
2155
24
1760
1489
4048
5333
5008
7350
6921
70
5294
4408
5751
710
1564
3788
3993
7229
4273
7887
118
1115
76
4476
3000
4653
6449
5463
6448
4512
735
3405
1424
6836
1174
4292
3072
3795
585
648
2014
6453
3022
437
6061
3128
6397
4567
7475
7854
6752
4355
7704
3875
1216
4694
2869
349
5904
4570
7776
4765
5482
5200
348
759
2508
6698
2648
4257
3806
6321
5899
868
3197
4384
4736
7239
4292
6765
7471
1286
1861
5883
3266
6540
1177
4256
5833
1442
7823
6164
3826
7859
648
459
724
1461
330
4779
7687
4356
7619
5269
1234
6119
6449
1500
2295
3988
4918
2659
2406
4745
6072
3490
970
7990
3668
6963
6902
7369
2214
5673
496
5485
4220
6010
5499
350
4558
6883
7632
6964
1448
1629
1500
4560
7376
2810
553
2000
3908
767
3835
6092
4787
6672
7131
2439
750
4478
4691
908
6455
1355
7243
6200
6553
6363
6568
6246
873
1887
5745
5289
4582
4844
2930
6258
7755
7682
1591
139
3451
5309
7528
3067
4244
1924
3376
6096
248
5295
1942
4946
4672
3015
635
4040
3587
6113
3573
7522
2222
734
532
975
5372
7163
887
5819
3283
5342
7620
3821
7330
1550
1030
4016
5054
3559
5850
5098
2898
5750
4181
1965
2979
5897
1142
2979
7113
2315
7031
2421
6820
5362
3834
2970
3387
1426
2442
4556
1715
7192
6899
5188
3600
6124
7965
835
4751
3651
7591
7288
463
1033
5053
5721
7018
6101
64
7484
3701
5611
561
2156
7245
2172
1476
5276
7049
6079
3349
4883
5579
5353
2281
7697
1655
4335
2080
4644
168
6078
970
1629
6416
4156
6089
1537
6761
2596
4991
6983
7431
4409
5088
2990
4956
6043
2676
466
6629
4235
6884
1947
3878
939
7821
6525
4281
3883
7968
561
1777
5665
3266
2458
6352
263
1538
2925
4582
5534
7106
7782
6672
23
4218
1398
1816
2020
7218
2635
2710
3766
3120
2376
179
4417
4438
2478
1719
4995
1131
4194
1090
6501
95
6478
5712
3165
2160
1647
336
4389
7597
6479
2761
1284
5240
3403
7081
2538
2599
3712
5206
7220
5480
3854
6596
8
5422
6520
5742
3930
230
995
2448
730
7478
7707
1980
2446
4550
2627
2952
2250
1158
886
7319
1067
6410
4303
7687
7260
105
6013
903
7650
3209
6974
5707
404
4199
5774
4872
7387
4141
3913
1175
2720
4043
2916
3651
3365
1656
1943
298
449
3567
1109
629
5965
2187
763
2179
3688
2147
4223
1140
653
3592
437
3149
5352
6229
1478
5111
5399
2976
2908
6351
2412
390
5743
2525
1165
653
6602
1557
2631
1545
873
2902
5954
1567
5502
1935
4470
3220
1686
1081
4526
2279
3337
6765
7030
1
7609
2394
2619
3612
3489
6803
2040
1061
3956
3592
5380
6443
3759
5974
3314
1000
6905
6023
2482
3765
2021
1384
2064
4307
4302
7967
1900
4469
3967
5744
874
1021
517
4158
1843
1814
7412
477
6626
4835
7522
4145
4657
3538
4317
119
3300
1811
3562
2278
4738
4752
2655
2810
7207
3380
7336
6414
319
6099
5721
5536
7093
6683
629
1349
3031
5701
3032
519
7634
482
7289
3139
5803
6844
2342
5950
1606
6759
6114
359
6152
3201
2147
7641
5016
5320
5151
3198
1987
1589
3127
3615
5933
2950
5486
5622
1988
4623
2092
1300
4279
5401
4787
1809
6845
3837
1422
7851
6487
5815
7862
558
211
5890
6259
6421
5844
219
120
4652
617
6891
7533
4709
3899
5239
3561
6352
4093
5633
2117
6702
3017
925
6783
5490
2953
222
31
3453
4511
6485
5444
5593
1889
2884
6944
1369
2067
2102
732
1135
2200
2932
5977
3101
5505
4355
748
7654
1808
2090
4153
3279
6733
4811
6983
3546
7632
2975
964
6686
977
361
3636
1143
1244
5613
5059
386
56
2427
581
7162
82
5465
4760
3942
1805
510
6379
6121
6366
4676
3683
5808
4159
4401
6103
1795
2809
1040
1242
202
2223
7500
2569
4506
6636
5943
708
5768
3624
4346
66
4396
4332
6892
924
2406
482
3664
2885
936
4415
573
7979
4983
2619
2155
25
2931
2240
4121
5521
1953
6502
5334
6425
2161
6198
7821
3418
2726
7867
3776
6539
5945
5747
6146
1541
3825
3511
5275
2815
5347
151
2323
6085
564
5072
75
5042
534
417
6897
2783
4254
6125
7257
1303
5699
7488
1741
5967
4300
529
6068
7744
7104
4825
6558
5366
4428
7975
4745
5537
6493
4466
73
7658
1393
2001
4934
4502
2114
3000
3993
4953
2149
6553
4369
6892
5834
4364
1977
7078
2763
1038
7552
4523
4095
2841
484
1118
1151
3874
4345
140
5243
1787
4925
2574
3465
1997
83
3410
7957
1645
1565
5799
2886
7521
872
5631
3615
1264
6911
6189
3831
5492
3312
5556
6477
2977
2167
5064
7848
6307
5361
1040
5020
7536
1700
4661
5402
5334
3968
750
3601
7317
2455
1305
6949
3940
5517
7712
4555
280
3744
