651
200
862
3519
665
3095
4942
6656
7108
1307
5532
3319
310
1275
6599
6929
7487
1292
5006
709
6585
2634
4163
3483
1464
417
3715
55
6225
198
4754
4227
7197
6613
6000
2739
1884
7056
1272
3053
2633
1832
1686
1928
4708
569
706
1008
2698
6210
1113
4354
4111
996
6294
347
2643
6196
3838
5973
5635
2531
5006
5852
589
4126
7155
4599
1894
1441
7242
6730
6848
3789
560
7259
3179
4736
6315
2947
1880
3837
6272
4549
845
902
2485
248
7796
5289
7928
1950
7670
2149
6727
6453
3331
4592
7696
7578
5748
7787
93
2843
6004
2487
4883
2564
2289
119
3224
681
4191
1498
1010
7589
5775
1735
4634
847
867
1465
6869
3854
6045
7032
269
1771
732
3440
1363
1446
6408
5707
7764
1849
2662
2200
2357
3755
923
5099
231
4967
1455
5804
7904
1663
7869
1872
5366
4492
5063
7306
6737
5968
1422
4501
7191
5765
7163
1212
2684
5808
3372
604
4116
2046
89
266
4733
2384
4882
3324
638
5239
7438
5723
897
7257
5769
3710
3111
4013
5773
3021
2025
7644
4833
145
5651
5109
6465
6570
3757
2060
5888
1975
2370
3720
7349
4278
7687
1456
828
2399
2082
4355
2064
3828
6024
3460
141
732
2412
3095
858
5823
3554
7209
2252
4026
2954
4767
1952
590
4622
706
7525
7299
4841
5616
199
3957
4092
7837
5837
2226
1054
7693
2083
278
3338
4155
1220
4081
7713
5002
4696
5172
3042
3912
3441
5502
6234
4943
6124
6372
1398
6066
3683
3804
118
1837
2504
405
2154
2653
722
1930
4432
4078
6970
522
3208
1591
1397
5171
6502
873
2587
6283
1329
4973
7082
4316
320
1514
2660
7298
519
5084
6298
3011
5009
2332
4803
1299
2830
982
930
4617
5421
3656
3469
3934
6098
7134
7316
6214
5028
7933
250
4725
2494
7125
6311
7731
137
5030
4866
3792
1057
5035
5290
2371
1077
251
4184
1781
3032
2642
3522
3674
4307
1352
3524
2009
4655
221
7311
5332
3629
7672
2525
6215
2656
4473
5522
3036
7415
3289
6530
4612
2685
7441
1977
337
1801
6326
1006
7306
5342
56
680
494
2219
3758
2459
1657
2676
4783
3518
4819
6439
1008
7220
2573
5981
5096
7423
5237
4156
3622
5890
6045
7785
7030
1511
6513
1724
3992
1183
7028
3796
661
5224
5663
5726
5896
4966
3976
2803
760
2115
1526
1725
4572
3507
1754
3189
7281
5473
6652
388
1889
1618
4478
1270
797
3256
661
1982
6401
2797
4214
4970
3374
3275
720
1206
7824
6923
6551
2832
6610
3122
6655
4914
3798
4480
397
5796
2648
41
2361
7909
5095
3688
4326
6280
1005
5683
2974
3520
7620
4276
2267
1062
466
5473
3087
4758
3882
7295
1985
339
2482
2910
3017
6416
5125
387
6822
3713
4419
5014
2663
427
4668
2484
6307
2444
5269
6861
4600
4229
4069
4749
5976
725
5701
6662
2797
3559
7038
5413
4955
4566
4535
1692
7215
3963
6075
2755
2965
6508
6949
7128
3837
4032
4468
7309
1390
4794
7723
4174
3540
4916
367
7475
4244
2579
7423
5661
56
3613
111
4263
3860
3423
7137
2000
5365
5947
2559
7252
4660
1535
7326
2237
7879
7112
7289
2222
3094
6389
2030
1092
4277
4231
1443
7416
4621
6567
6119
7284
2980
1380
917
6743
7657
645
3980
7956
1007
4393
7874
1058
4728
7827
2094
5126
1664
2120
5556
8000
1726
4641
4209
1677
4155
5336
4661
5916
1335
7248
4852
3971
439
1091
7639
7127
3843
5182
292
954
7126
1480
1012
5171
4623
2338
4994
6632
4806
7883
1033
3257
4258
232
5707
5217
6092
4843
6547
1515
65
5231
7448
1292
4081
6819
3581
7170
1769
3948
6140
4974
4424
7862
3460
4730
6297
436
2361
843
3465
1279
6336
3355
3496
7557
4934
2677
7615
314
7825
4641
4764
4271
1001
2475
6647
5638
6183
4878
4144
5038
773
7289
3761
7892
2854
6348
7437
4651
165
4628
1549
6364
3190
3582
2431
1267
4586
7011
6060
3223
6313
2796
4084
2727
4249
2172
2420
6737
1753
623
1860
5300
5814
1372
4371
136
4645
2194
7515
4088
7177
3252
1934
1084
5307
3015
7489
1284
7485
5942
5218
305
4183
1206
4130
4750
5317
5319
5119
5593
4121
826
2859
544
3359
1493
934
2377
7748
1006
1694
6960
989
7972
7618
5734
5928
1357
1333
5339
345
4903
2960
4081
5731
7389
1626
6891
831
6129
3535
6663
3314
2033
1849
2496
7148
3854
5680
869
555
1213
6548
3158
7810
4950
1690
5074
4559
4640
2110
4847
625
249
3998
5622
5526
7562
2593
4886
4997
54
486
7441
711
3078
638
2098
7720
6770
1830
1551
1012
6127
5670
1147
6680
4335
5313
6927
942
6929
5334
5330
2049
2973
3384
2391
7237
529
2318
1340
6980
1575
1567
5209
228
2682
4766
6458
6670
7290
4038
7325
5818
6348
7831
5169
3649
5915
1151
1804
3951
2567
2177
3882
305
7621
6201
7671
3538
6515
5813
3546
4815
3834
5355
5206
7514
5745
252
3534
5834
3714
3674
2503
7771
7184
1475
1720
6927
4246
5571
5
5345
3804
2139
5477
2629
3800
4895
664
6206
6447
2698
1660
4205
4926
282
5677
1735
4709
5338
7702
4862
912
1410
6026
4310
3729
6305
3354
424
5961
2881
4333
5711
5745
2333
6510
2044
4040
4023
4979
5352
1681
7444
40
2479
7170
854
2668
4739
3197
878
3996
6569
4870
6268
3969
2348
7148
1562
4707
5804
1011
6215
5951
846
4638
2080
1267
2450
1477
4405
3224
1522
6023
5065
5633
4903
3988
4435
669
6463
5524
7918
1309
3835
7162
3125
7435
6659
1457
3945
4038
5337
1428
3667
7439
4447
7988
1039
2521
3315
6141
5991
7162
2586
7833
7110
7360
4311
5603
4293
5318
7621
3290
3076
3273
4686
5399
2692
5964
2616
1235
3014
7105
7053
3713
3424
6448
865
1575
7175
1259
7239
5989
7015
1834
4343
505
2700
7861
5055
6683
1161
3753
5718
3680
5885
6299
7103
4630
2792
1046
4730
6677
7100
6911
4912
7556
5928
828
615
6890
2614
6229
693
108
1007
2747
3068
3941
568
2883
2798
7636
114
3107
1514
6215
3215
5721
6472
6194
5672
2736
3178
6038
7958
3803
270
7189
5504
381
1476
4815
324
4339
3833
280
2922
2503
7355
2625
4061
5882
4354
6780
3577
5053
2812
3716
159
5977
5609
4018
4018
5573
4304
4296
7512
5307
1074
2902
2128
4425
1769
6423
748
2692
485
970
727
4426
1025
7729
139
6680
1059
1805
1030
2065
6545
5111
5251
6281
1612
1533
6978
501
4130
7089
946
4241
6979
4455
284
7287
5659
6806
1284
2510
6986
3667
3115
3490
6388
5886
5468
6586
3689
4749
4645
6351
5952
2477
4622
5347
2905
7764
3599
5031
2208
584
6893
55
2641
5685
2500
4357
1947
4998
2601
3776
1100
302
3138
6507
1131
6840
220
3495
2691
6179
644
1834
740
5468
3222
5835
4323
1981
4936
3781
7017
2591
7308
189
161
5451
3796
852
3247
1571
6554
2026
6010
5447
571
4288
5536
983
2684
5941
6072
6473
3800
7617
6087
22
1098
2260
7579
350
4588
1430
3281
3936
1215
3428
1321
6254
728
5866
123
2199
5328
1930
7532
3418
5435
192
3675
5088
374
6886
6144
4125
7581
7771
6200
5268
5673
905
5618
2413
5785
1971
4599
3154
5913
2678
6763
1053
6469
1568
1372
3428
2682
6756
7960
7416
5191
1538
6222
3055
7126
6261
4156
1094
7574
5207
6043
298
7808
7323
2166
7447
5800
1616
4985
5585
1464
4119
6500
6807
3912
5986
4382
3528
132
5782
1965
1588
1181
3516
7119
5886
695
5212
145
1095
2556
5776
2167
113
2089
2802
4894
3861
2304
5353
2245
6172
1381
734
1879
7817
7039
137
6045
7241
4985
4146
5709
6500
6813
5898
3684
5697
1284
7026
5854
7493
750
1009
1678
1208
5138
6327
7659
5251
2607
6317
4908
3799
1674
3090
1545
2224
2921
472
6724
2900
5615
7864
4620
6244
1453
5039
1024
7727
5076
5139
7127
1354
4423
272
7488
6113
3893
4744
4841
3278
962
1574
6391
6468
2606
7911
4805
7826
6336
1213
3913
6568
7216
7801
91
7380
556
3192
6488
4613
4004
630
6888
1309
5455
1904
6852
4364
491
6698
5665
4485
108
1867
411
7759
2606
7856
5470
7538
5681
1848
2538
4611
852
2701
2931
2283
1887
5372
3415
799
1880
1772
2967
2817
741
7365
3121
6798
20
2392
515
1335
7661
6166
2560
2813
1337
3878
1494
6089
3758
6551
5818
528
6885
3198
5893
5047
7164
1294
2952
4527
3070
7744
7528
4398
4493
7202
3682
229
5193
4199
23
1996
6164
7499
2017
3268
6119
5766
2591
4584
7631
3029
1854
6310
2242
1512
5025
2115
4262
6091
4832
4007
5491
2315
6425
5635
2878
1416
7975
213
1692
2966
2652
7653
6041
4132
3146
6240
4012
4538
7325
3244
6836
2518
5631
3133
6005
394
6803
5527
1687
1599
7488
3094
3841
1050
5860
6180
4312
3987
5252
616
449
5502
698
6978
2277
5713
5135
4119
5780
5523
1484
1902
7072
2171
4878
6685
2013
5371
2401
3251
320
6067
1758
138
2499
7574
2397
3125
2076
6478
3996
1944
1606
7083
5651
1665
1693
5635
1051
544
6373
2503
1159
3018
3146
1326
4644
2373
2273
7827
7018
556
83
3323
7635
3766
4022
941
3910
1691
1480
6004
4801
1989
187
3587
3296
7442
2167
231
2180
1778
4721
3539
222
6785
4499
6206
3790
5672
3189
5799
4812
1216
4111
5371
6955
7616
2313
3667
3252
2996
2283
4079
5226
7753
935
1690
6888
3765
670
241
4373
2654
1326
574
2635
1256
5193
2455
4092
3078
5296
4016
5376
7624
3084
4008
1865
446
3482
6060
1570
4923
3562
1064
4794
1613
7771
6496
4006
6263
3574
3359
5684
1127
4079
4067
552
5479
255
1430
5798
2420
7277
3501
5967
4920
4021
1188
1008
5077
3375
3786
4607
4866
4516
2918
4794
4393
2829
7997
6318
6049
1981
2347
5112
6516
2862
4582
7427
3469
1297
6133
7566
3197
6628
7590
5875
5115
4873
7536
932
399
981
7212
1807
2548
6641
6818
7066
2470
7499
3280
6566
2172
1488
7899
546
1419
7169
6327
2359
2087
4441
1465
3675
7612
4268
850
2323
550
1687
1727
1492
5342
7307
3337
527
6960
7538
2544
7400
671
319
1466
7415
2046
64
1271
736
6315
1797
5036
5784
4471
1063
3994
1842
3734
6755
4683
3324
80
3377
6712
3879
6726
2358
3262
176
5909
2074
3193
7114
4638
3704
5803
6533
2246
4171
4311
3263
7201
2232
307
2724
2842
2107
2045
2899
6542
5072
7608
5905
91
4726
1188
1496
6351
7083
6889
7756
6032
2797
357
3334
1819
7734
2820
4249
1259
2076
60
3747
4915
4036
4059
51
7156
3429
3967
3516
7183
85
1105
3681
114
3147
7905
3781
5855
7360
2289
5771
7525
2394
7547
1142
6298
3669
407
5640
5848
5621
4328
4921
478
3945
6959
4265
5972
2200
4081
2650
312
5749
7201
732
3672
7338
5275
5086
2084
5124
3369
718
2744
6414
5362
5470
2026
1409
108
2087
6733
4449
2303
1974
1965
1791
1027
4473
5714
5787
7162
7902
4508
1710
2563
7697
861
7363
6260
3386
7424
3378
2699
6469
4387
1662
7496
2333
6306
50
7781
49
3880
1069
7952
4333
3136
7742
5748
408
158
5153
3107
7356
725
2684
7821
1589
5358
3484
7011
6032
1255
4832
4641
4793
7508
1902
2828
5339
5152
7277
6180
2135
2928
119
6583
566
526
4706
5671
3
3606
1711
358
1222
4030
116
4820
2717
2257
6490
1703
886
5926
1969
7212
3126
4173
2693
6446
6254
6355
2637
4105
995
4755
7513
7685
3610
7302
5312
1243
7401
323
1125
1725
2052
5547
611
5475
4162
1157
5224
4396
3027
7084
3885
6263
605
1050
5415
465
5787
4466
498
832
376
3058
1392
13
5328
4793
4632
6327
2537
2183
1879
1005
6658
7604
655
2385
5035
5745
748
2399
1825
5342
5669
5692
3266
5920
781
5884
6455
7325
3848
1050
3015
392
1260
6172
330
4241
2694
2244
3115
6194
3623
1328
3794
2130
5861
2130
2023
3491
1253
6564
3173
5137
4768
1102
7467
5048
148
6512
1785
6353
6324
6221
4003
1221
7806
2033
5275
4695
7467
3779
4337
3422
5738
3100
929
6072
1633
4499
2944
5862
7886
1262
4538
100
1874
2152
5255
2356
3987
7480
535
865
3940
7658
1817
3349
3941
6502
7266
5145
6481
2346
5038
6693
5615
5920
7960
6
7947
1321
4033
2863
3953
264
7567
3431
1768
7072
5424
4292
5622
7573
2099
6042
548
7703
2930
7869
6592
1130
2555
3722
6924
846
4218
1456
3665
6050
726
7469
5994
5793
949
5748
2354
6233
460
6812
6949
7784
3184
3196
2283
49
4788
2863
1238
1094
6792
2170
5140
3545
3311
6605
986
5717
6221
7450
1154
1652
5053
5786
7043
1565
7463
216
7761
5502
4135
3390
6407
47
1839
5004
2889
1823
4447
7444
1471
2482
6956
2709
7110
7837
4330
7676
4441
4751
922
5300
2181
1816
6967
156
5723
3418
3585
3119
7163
2859
6584
2342
4008
5522
2443
7270
3338
7263
4950
6497
5824
7071
7069
2837
7026
7704
2167
3253
2028
5369
7450
4559
6155
6736
7715
7097
5489
5098
6366
7991
2005
4997
7136
2851
1910
450
5238
6699
7245
2924
6422
1966
5809
3661
5255
5444
2252
4004
1889
1291
3058
6094
6514
637
5002
6299
1740
1894
2433
2459
5735
2826
7555
659
3695
6800
4382
2523
4375
1286
6149
1167
2948
6350
1518
6747
2820
6743
1081
4196
5178
3293
1313
4929
3513
403
997
5595
2210
2992
1012
4878
838
1442
1321
7934
2618
3577
3652
6993
677
7075
5394
6423
4543
849
1271
7184
5751
3224
5839
1989
7383
2658
930
6170
1925
5661
667
1860
449
5426
914
907
1277
5702
3408
1316
7655
3315
1032
7643
2890
4377
5727
7144
3080
7755
3966
7938
6499
4302
2272
1927
5313
3624
5044
5719
6554
3907
4273
2039
3269
5472
4423
6929
5998
727
2246
4916
2988
2231
1606
5956
5915
5431
377
7304
4503
5462
1980
7791
6179
3470
7870
5333
7070
6518
4414
2135
5353
6352
7755
6812
4862
6499
2209
3633
1451
2711
3137
260
2262
171
1889
1918
4622
7842
4832
6429
1493
1177
850
7424
7803
23
6653
5445
7803
4755
4779
3441
6636
1260
5041
6332
5809
2712
2042
4584
7222
7914
5784
1229
7824
4774
6308
1057
1701
5902
4239
2745
4270
5312
4135
5939
1913
80
2353
2916
4491
2221
1802
827
1548
3834
1001
4680
5751
2686
5457
2116
3180
3728
1547
3331
945
6175
3254
6994
3645
1531
5147
7196
950
1407
4931
7518
3202
5179
6612
6379
2903
6872
5703
3851
4251
1909
2335
2425
6244
4502
3372
7948
445
3923
4900
6046
6949
1888
3206
846
4055
2517
4544
2219
7878
7298
7006
7124
5982
3302
1529
911
205
6381
6746
3734
6819
3860
3856
3641
7007
1192
6339
5340
7211
3140
2419
6285
4730
5605
4675
3166
3415
3030
1549
3173
4525
1983
3422
2820
873
5662
5868
4675
1841
2628
2412
2204
5648
1800
6515
3978
1786
3893
515
6917
5593
4426
397
93
4752
5937
7159
1118
5392
398
4514
7133
838
7268
4062
2947
2779
2240
2366
547
5061
7750
2157
2447
4523
2889
5521
5643
2680
914
2273
1325
3256
1998
3051
7557
6453
1683
5162
3231
4090
7210
3913
6766
1589
7142
2713
5435
7050
6985
3993
3465
1910
1047
1739
1948
3991
3278
7356
7791
6270
3609
1123
5402
5003
7802
4278
2550
7185
33
3628
7826
4336
2537
3058
1361
3142
6370
5806
256
4940
2045
7762
7663
6407
4950
6324
5880
4625
636
6416
3308
2233
131
1988
7307
7544
4521
6725
4830
4427
5906
414
2330
1372
45
7384
427
2494
4038
771
7496
7468
3691
1418
3038
5638
2389
3835
958
6251
258
3260
6291
3415
37
3816
7205
7325
5145
2333
6357
4960
4041
3476
6597
1473
4361
483
4942
4304
7415
110
7182
1008
7341
2834
3782
6328
5996
44
1737
6570
6318
6987
4499
7487
3303
151
661
5559
7454
5753
3279
6913
4702
6031
3846
6182
4834
2346
5186
7786
4752
4726
392
4664
3135
7329
5248
6563
1566
6371
838
2178
7654
4008
3262
1399
3639
7738
1610
7585
2321
813
7452
2995
1417
3945
4172
7394
3510
7531
5219
4375
2814
815
1752
7425
7648
4192
4400
2515
5664
384
2429
7608
4550
4060
2638
1942
5701
7755
6138
2637
7470
1831
5645
3668
2351
4772
3913
7718
3596
463
4707
2556
5044
6293
5951
3999
301
7790
3390
4025
5547
5639
7915
2382
5390
2169
3237
6130
6959
6029
6425
2312
6021
5372
7
6174
6280
4226
3251
1752
5315
3361
5541
1785
3137
2278
2093
3907
1520
5583
3047
5512
5390
2577
263
6636
3378
7878
710
6125
1422
6098
2099
2023
3130
3815
708
7457
7033
3595
900
3732
7164
6105
2700
5409
7865
1620
7040
1974
157
5691
3025
6776
642
3221
6642
3094
1094
6498
2852
6542
1333
426
4991
237
4600
5216
7685
2752
4619
867
3692
1383
6408
2791
4449
7425
3572
5285
1047
1121
6254
7004
7092
6548
238
3922
7338
7251
2196
488
6724
3808
3453
6026
149
1105
2337
3102
4139
2998
7058
804
1385
723
2511
7456
1335
3889
134
1401
5856
6878
3396
7942
1464
7874
4497
4823
5707
2235
5118
2538
5784
3548
3827
5885
5671
5242
1963
7261
5992
3642
1112
5765
2999
5953
2210
2256
171
4493
6464
5172
3372
1730
7184
3013
1663
2265
625
1989
2281
2654
4850
1146
7887
3282
4028
3337
7511
5434
5263
3446
7864
1259
6278
4175
3240
1363
3165
6260
6167
2190
2580
4998
7893
6070
1508
4294
4184
6598
5437
4324
4930
7363
7840
1366
3176
737
1861
1884
6707
6813
4215
7495
2691
7883
351
1239
1546
2031
3107
3954
3195
7708
3115
363
1443
2417
1983
3583
54
7043
6265
5154
582
2256
2808
1800
4979
353
3406
5961
5307
178
4880
5308
5421
1884
5126
3874
1507
2203
812
3965
2579
3508
2899
2822
3652
4360
5746
4041
3677
5382
5229
1604
1048
673
3525
5165
1456
6225
6256
7708
2210
3924
6076
5597
731
572
49
3725
832
2067
5055
198
980
3918
5929
4136
7936
865
2403
1700
1804
5271
890
672
3401
6523
414
7472
4131
4427
5162
1469
6296
6769
4720
1953
2101
6402
492
7616
5251
2546
5445
2227
4303
7380
1945
1606
3739
5418
4643
785
5086
563
6156
157
2989
3802
299
4159
5517
4650
5162
3748
6638
6626
4941
2096
6875
6993
234
3162
721
1085
1376
7960
3741
289
4207
2669
6491
7315
3817
6356
5235
6452
3866
2379
7906
2009
3739
2738
4092
5477
446
4840
2446
5984
4158
6938
5744
1795
7077
2329
2897
422
777
7803
6191
4703
6809
6078
95
1459
7401
68
6961
5936
31
4070
1753
3992
5854
4619
5813
3211
5698
1090
7478
4744
5044
7249
1813
7914
1746
6630
3331
7384
2695
2180
816
3001
1732
7372
3629
1440
6548
3253
6874
6786
3170
2989
1413
5387
3403
115
5649
3317
642
160
1250
2551
2375
7053
5455
214
1164
4027
7361
4679
2426
5197
6495
2799
6401
6268
7835
3657
4876
2066
5040
7060
7434
1890
1796
537
1314
6822
1277
361
3361
932
3096
701
569
6460
4208
7467
1336
1918
993
6227
4542
1453
5718
7283
6569
965
3458
1171
2865
5365
6377
4006
1670
1029
5942
1764
1400
5991
1802
4468
4947
4228
1705
7418
7073
3281
5463
7192
5946
5538
2896
1580
4656
659
2836
2819
4691
999
5414
1015
3710
3387
7183
2885
186
6916
4103
4750
7068
2170
2423
1960
406
6349
3124
7253
91
1335
7341
7493
1806
2573
7398
3435
7276
6635
3727
6455
5396
757
1105
1184
2137
1541
5502
1170
3213
5915
4374
5971
2108
238
4410
7131
3793
6663
1916
7162
5347
4622
627
5219
2986
1458
6992
2209
4661
1877
2678
5578
3887
3188
2434
5995
1623
6577
7735
2653
5792
2462
4647
3382
2482
2354
6676
6214
1891
5102
6147
7330
2547
1512
4075
6623
361
260
6258
4274
5098
4748
5450
867
1156
2829
433
12
2096
160
6971
174
3599
5376
2894
4788
7130
3577
3084
5563
6005
211
6561
6252
7921
829
5081
48
5743
3532
6909
5600
3074
3457
1137
2046
1474
4611
7055
1392
7915
5694
4602
7620
2665
725
7398
7639
7946
6400
114
687
3040
3599
1032
2169
6908
3044
2307
1007
5745
4937
620
2182
1054
7657
7383
6811
6560
1939
7401
1343
2474
5224
7648
3197
3674
6853
985
4649
1967
1592
5117
197
4131
5021
2880
6150
3700
6076
1911
7886
4796
160
7311
561
867
924
2565
7752
4870
832
4902
1802
3074
1376
3500
7964
1826
1602
2426
3128
3273
3165
7780
3939
1375
2363
1927
546
4253
1421
1870
3545
7208
1055
6190
4663
2622
40
7782
3402
140
4835
5696
2490
1379
647
79
2307
4819
2433
4136
859
5993
2228
3854
1484
106
237
713
3136
3507
7889
1093
3887
4151
4826
3464
3486
2779
3722
1871
2574
729
7327
5015
4447
65
5736
2795
5462
4002
2365
4808
6452
6880
7763
5603
6180
1551
4247
3032
6767
1584
4774
1525
5237
4605
5275
4741
1258
3875
6688
6904
6153
4906
3834
4727
1759
1471
2376
6714
7873
6735
4879
4037
5736
1722
2451
2326
2848
4053
7996
6969
6349
3704
6372
1872
926
5470
3499
3443
4527
6787
6224
2580
469
6565
4261
6811
1171
5540
514
2782
2545
353
6854
7736
3821
1887
4879
7207
1249
7662
7682
3809
7678
860
1885
4866
3274
6945
2706
4327
3255
5541
5039
2782
7558
1149
7507
97
7675
7131
5483
3939
1357
6847
7398
2632
2497
6092
5163
4688
3550
2091
2580
4836
3100
155
2326
2133
6788
7362
4271
6020
4967
379
4755
2714
347
7704
373
3822
2323
2910
4955
5605
3630
5364
5422
4207
2943
3751
3602
3519
7058
3633
3186
7431
3129
881
5348
5337
6563
5764
3151
7092
4149
2990
4325
4181
3507
471
988
6155
7052
4639
380
3041
3560
7395
1877
1073
4310
1110
2558
3047
6121
3726
6729
6530
5126
6088
2188
5897
4436
5142
6867
2139
4054
7755
23
5766
598
2817
5158
7670
4045
792
3632
2365
7061
5674
5960
5646
2458
2880
1644
3724
2038
5949
330
2945
4173
7704
3725
7369
5127
5413
3702
2871
959
1975
311
4279
1622
7110
844
2180
4319
7865
7835
7258
484
7540
7920
6520
4056
6372
6534
6714
2974
7191
6558
7506
5473
6766
1919
268
6490
1822
3772
4426
2437
4456
3873
1973
2306
6174
199
3284
4803
7584
3008
964
6382
3111
432
3476
1826
1764
2723
2386
5175
5204
5877
6232
3142
1966
7096
6361
6286
353
3443
439
3905
4629
4047
4758
3058
6542
220
1922
7505
4589
528
4523
1687
2040
6262
2594
4001
2046
6797
54
6836
4755
19
53
5779
4960
7366
7864
7351
5715
6235
1494
6738
602
3306
1538
3070
2683
6998
5422
7912
4375
2137
63
4071
6260
4590
4398
5562
3934
5571
2506
6518
6379
3279
6135
2774
2616
1047
2311
2881
1560
7779
5545
6919
7790
3589
678
204
4089
6959
7169
6160
3617
7252
1980
6534
6067
5393
1782
3645
3120
3858
1817
2056
7636
733
2274
5322
2879
6604
7657
2060
2549
5747
4294
2737
2711
1836
2923
3189
4169
736
3667
7563
7064
4709
5482
3597
4778
3103
5292
2948
1535
2887
556
3648
4141
1831
4948
4506
5767
33
6194
7448
1936
6737
4061
5630
5259
6521
4780
4338
7334
6860
1213
271
5860
1565
2405
4652
7576
5005
4243
4966
7336
4989
6963
2591
5654
6348
3074
7762
7163
3782
6416
3709
4845
2756
7489
6022
5108
238
5462
1477
1546
4219
7940
1990
3647
4170
6831
5286
26
4636
3221
2871
649
4418
891
558
4123
3107
884
800
3859
1676
2206
6473
572
462
126
262
6101
4753
5470
2716
2703
3298
6643
4752
5858
4464
1148
3764
2479
6487
6912
7669
3301
4311
1148
2850
6357
3710
2639
1884
4755
243
6323
7293
2482
7440
7898
2678
3242
1690
6562
2298
4561
818
7254
2511
2001
6221
4313
1448
2225
440
3399
5180
3664
2020
263
5434
7973
2445
2615
2024
793
2753
7867
7403
4727
5774
6292
5034
7831
5452
5746
5762
1320
353
3461
2735
3725
6567
5308
5638
5640
2398
2815
6990
2811
4401
4142
6412
3227
5356
4977
7051
5462
2695
7813
295
926
6796
4027
3287
5515
5713
4204
1928
5990
740
4234
4907
5476
2239
7181
1383
2759
3257
6378
6882
3466
6044
5413
6326
6581
7476
7504
602
3193
6973
539
1066
7592
6056
371
3087
2177
3213
7433
7682
6018
456
4811
2446
2324
2009
2582
583
479
1699
1136
5430
4846
7268
910
1599
18
7495
3446
5269
2871
1289
5394
548
5486
2762
5041
3374
4298
5030
5208
1056
146
3163
1371
5875
5571
7063
6101
6649
1020
1537
6517
350
4860
2853
5998
5505
4363
7122
2782
4654
3668
6104
5175
7442
5667
7825
6234
2243
3799
1457
6864
726
3034
5958
4745
1382
5675
5528
6685
7400
447
4215
6680
7852
6711
3002
6006
2789
7355
5383
4173
4988
2118
5888
7180
5050
3977
4494
7016
2334
3130
6754
6045
3140
5898
3763
5467
3198
205
7826
5055
6065
3589
1493
4055
6935
2032
2517
6191
1965
5216
106
3559
180
4153
2204
2312
6033
7753
7588
6059
224
3884
6497
1375
7696
5557
3816
7373
2085
1816
6389
7416
1543
2617
4707
7318
7708
6566
154
4943
5532
4905
4941
1540
290
5152
4696
5368
512
6823
6437
6917
3068
481
3128
4722
3281
4920
87
2747
828
5997
576
970
6485
624
5360
5680
2264
5302
1619
1195
4243
5225
4178
1611
2005
7499
5816
2257
2782
3792
708
6958
724
7088
7854
7806
4303
1954
2655
5198
3830
4856
4676
4077
5366
7382
4531
5874
2881
3527
2905
5007
3439
1426
1396
2164
34
6258
829
1721
6020
4412
4571
6886
2356
3076
6734
6754
3288
7124
4469
2001
31
4840
3787
4456
3414
116
1705
2540
3910
243
823
2994
4854
99
6297
6658
2257
362
1790
1179
4655
7404
7272
4161
7557
7007
5035
4868
3354
1894
6127
166
4186
5190
2111
6756
3524
4525
7601
4947
3715
6308
68
531
4355
4290
5289
2735
7521
4105
4332
980
1166
6027
2599
2157
3869
4026
4177
6848
7540
6410
4961
1569
2566
2599
2024
1892
7461
1192
1684
3495
7310
369
6773
4791
2511
3414
3181
4525
6273
3669
4651
7555
5217
903
873
4839
5979
6015
6043
7179
56
3260
4262
2600
313
2554
1289
1214
5721
1466
4194
2863
2885
4510
3672
555
7253
2412
6127
5946
3032
3202
954
1451
4308
3954
5789
6613
773
989
41
2666
7416
1938
1987
4852
7173
6687
4129
3966
612
6456
1888
4445
7268
5260
6524
2503
6706
1515
4910
934
6315
4185
6895
5523
6382
4906
6389
3560
7312
6100
601
4664
2166
6972
1767
1387
4376
5734
5877
4607
4581
2945
793
5511
1211
1405
5505
5604
5898
1923
1571
1473
7876
463
6952
4145
7292
3049
629
3214
2766
1706
4573
3528
6111
1269
151
6789
592
5203
3015
2367
5121
7419
5102
1776
6321
2286
7382
2924
4314
455
1037
5975
2454
3463
679
7540
3034
442
6179
592
1667
384
7273
2033
802
1660
4247
3966
197
2284
7143
1002
2004
225
1319
4453
4062
7050
7947
5814
5539
3412
2683
5251
449
1482
2812
7053
5845
2583
2821
1650
2535
7050
3061
4009
2387
3534
4042
1150
2978
7874
6228
40
7867
4302
3332
7192
6838
7703
1942
2691
4298
3338
7974
2074
1472
1040
1870
6527
137
2761
3465
3480
1223
6349
3212
3629
5954
7657
6660
5425
4215
1799
4016
3085
1686
124
3914
1775
1718
2578
7026
5437
3705
1137
502
2990
3581
369
7557
6164
5040
5545
4327
7409
2174
7527
5334
4527
1774
6931
4125
3334
50
7067
2891
5973
2132
886
3605
5994
2180
2582
7976
591
6304
7369
2486
361
4867
6983
3301
924
6888
6245
3670
6640
3161
3101
697
5682
6477
2603
1399
7125
2768
2707
4456
1590
6245
1832
6653
4775
6950
6685
3831
5580
4785
2634
7463
3864
3912
2256
1663
7274
5603
3538
3843
3696
1728
5106
4190
4184
4493
3862
7006
3960
2583
5611
3021
1939
286
981
5313
24
5533
2906
5330
3770
6437
2938
7802
5332
5560
4443
4875
2175
68
741
4007
6669
2245
6059
6435
3392
781
1229
7943
6833
51
6255
3868
6630
5100
2578
1097
3455
2637
6695
85
360
6741
6733
325
3423
7414
2829
1308
6432
4422
1168
136
4235
6973
2850
7735
7538
3230
2067
6177
7255
285
998
4676
7454
1569
4419
2981
2423
851
7292
3148
5616
4971
7015
3549
3101
5410
4486
2026
2004
3657
4001
355
3175
1149
3823
2178
1712
2042
670
2626
2833
4700
3783
3607
2244
3066
1793
5080
7134
2044
3053
739
5914
5361
1653
1470
7785
4515
5882
4137
3145
2950
779
878
1801
2653
5007
6824
610
4620
2543
227
3536
6948
4488
5236
3960
5407
4469
3507
7920
2687
1147
2686
3950
1768
1116
2314
5500
6591
6908
1113
5319
1982
1068
157
2109
307
4239
4326
4803
7160
3212
561
7599
4661
7160
1398
6196
4287
4468
891
6159
4836
7258
3057
2022
4881
5299
3755
4539
58
4590
2660
5745
3919
5389
7601
4792
8
2944
4536
5199
7104
5484
3230
1938
3447
5725
6813
119
2652
6803
6078
4567
1196
5513
7062
7718
433
3928
1574
375
4096
1703
2655
1374
829
