3862
5347
741
4271
1013
7179
6462
2453
3915
6161
3048
6888
5550
5064
6167
2920
2513
5207
7576
4970
4103
5464
7746
7322
3626
3546
2185
801
3675
3124
1378
3724
6167
438
6624
7450
3839
2085
5832
1439
4761
1601
7584
3201
6100
4695
2860
3940
18
3018
5660
4911
6110
3173
7657
7593
6173
1482
1340
7151
7939
5617
3952
2712
6108
5105
5589
5569
7343
2312
246
4513
1809
7200
260
1385
4612
3939
2149
5397
599
5496
3815
471
4647
2819
6542
7675
6732
3593
2296
2751
6863
2749
3912
5438
2809
6890
7671
1284
3178
6334
4246
981
4617
4403
6231
5095
3425
631
5462
3584
4436
7419
6011
5226
1166
5069
617
3762
3617
4540
1328
2251
7696
220
2647
5125
4869
6955
6673
496
2433
1606
388
7026
374
2909
412
2403
7299
7300
5949
1046
5196
4758
606
3408
1362
5310
240
5847
3724
7400
1283
1679
6367
1506
4106
4886
3330
4314
4756
5958
6787
3410
3483
6173
5404
6798
2804
5600
2215
6747
1968
3484
7025
4974
2769
3043
963
130
523
785
3538
7917
7531
6529
5376
2063
6699
1494
1326
2169
1510
3311
2474
5927
5171
4563
1388
6631
229
4028
4618
1281
2476
6101
2184
2610
822
4340
6779
7965
1229
4450
117
1718
1309
2660
4613
2324
7648
5310
4383
429
1010
4832
2038
4422
5206
4866
4957
4229
7296
3115
926
543
3310
4069
4616
6076
3097
546
7258
6791
6697
1889
1148
4228
885
752
4813
1606
6747
2165
6272
4568
6154
5219
1388
541
3408
7767
3456
4700
6192
1338
2246
3361
4893
4334
3864
5782
6019
1500
125
3079
1602
3667
1862
3370
5959
2365
4047
2705
4844
4986
4998
1785
6937
7057
3505
4143
3791
2787
7362
3325
6661
62
985
329
7501
4789
3959
7095
2246
6674
3424
4891
390
5781
1615
6640
5583
3753
4971
7900
128
7037
202
3694
6671
4795
3259
1291
286
6745
7707
1367
1001
1963
4845
7002
5272
2339
1998
1944
538
3325
5930
5091
6919
3798
7488
4508
2713
5179
3615
5964
6179
6331
1880
4489
3849
6948
7420
1924
4526
1941
360
1087
446
6397
7489
2480
611
2620
824
5278
4054
3892
936
7852
592
4303
4594
2630
4422
2795
1756
7507
5650
3027
5048
1469
465
3472
4733
4917
539
919
794
6502
1755
149
2028
797
920
7919
7510
4828
429
1536
3244
512
1484
3227
7943
2267
3812
5705
6544
5085
7494
4349
458
3987
7004
7205
5384
3993
3310
4884
3669
4456
1219
1923
7092
4258
4624
3732
397
3377
4627
1469
3862
5309
3506
5068
7957
5901
5992
7700
1202
5740
7418
5317
3326
4795
5089
3114
7428
3537
6910
2140
5165
7312
2744
6929
500
7266
4971
1531
4488
1860
5578
7122
1178
6371
90
3504
628
1741
2354
6434
1711
4342
1715
3310
5682
1056
3721
4752
7124
3665
2189
5005
2671
6886
1384
5947
3975
3364
1517
3370
5251
4008
4519
1093
3531
1489
26
6572
5263
4613
2837
7653
3321
5456
1970
4613
2246
2960
1879
4716
188
5863
3833
5182
7823
4894
1074
2763
660
1255
7633
7543
4132
3002
3663
1724
4083
4987
4796
1660
5595
7815
2013
5490
303
4382
4697
1702
4758
710
2671
3890
2309
1671
5683
3345
7886
4975
2796
6983
7675
6623
5214
4047
2225
3383
7947
7169
1163
7325
354
2331
69
1672
4907
2891
4981
7622
7418
7060
4120
1628
4831
5593
5621
7523
2483
239
5541
97
2524
7070
6126
2362
4516
1284
6236
4861
5142
6590
798
4165
6570
828
3764
5299
5784
2904
6552
7620
1853
4684
1073
520
5897
5873
3448
1720
4426
2045
3579
291
536
6618
3865
4183
2052
5841
1371
6631
6224
337
6761
7108
5265
2318
2777
3509
1787
4717
4757
2723
5539
6477
5924
2900
4075
4021
5197
2326
5705
2926
402
3785
5498
4941
4772
2684
1947
6499
6260
1588
3207
4180
4790
4952
4330
2606
609
3517
4687
1180
6470
983
3367
6719
355
2615
7850
7000
982
4818
6742
7663
6064
599
7618
3067
3211
3374
4021
6069
5680
6317
3222
7961
7580
823
4947
5375
1595
6017
197
3781
6408
6475
736
2356
6011
5906
1165
5705
4206
4180
5376
365
1536
4303
3889
5886
2671
7522
2918
4984
322
7277
2367
2581
5913
2307
3141
7673
5499
6107
208
4754
1486
3696
6937
744
6917
7064
5435
1099
7182
4581
2571
1402
6063
1189
5154
3461
189
799
2605
604
4145
2776
5030
4611
3970
2458
966
2431
5969
1995
3655
1708
4920
7727
65
6987
3126
6841
3999
2845
1708
7150
3553
4278
5766
6672
7067
2185
3186
2704
1731
486
3440
17
3268
447
2730
326
5299
5572
1522
2813
1527
4674
4831
3269
7537
700
1802
3936
960
99
4457
7263
7157
3353
6070
6130
2842
6990
2445
3095
7657
6156
1048
3187
5107
1989
7056
7315
7545
1797
6291
5040
4603
1288
5215
5914
3676
7565
3205
7256
1123
5119
2637
7671
5527
2021
6342
4373
3265
5464
5808
3990
1807
1458
2791
1528
7645
7139
4462
351
1766
339
2182
1117
4992
7955
1870
4990
4909
1962
965
690
7701
5711
6625
3834
3802
6065
4959
4070
7545
4722
2455
7710
2658
4295
447
7490
2873
2251
762
3228
3358
6825
7840
2926
31
3828
7431
1338
3339
6165
6548
3820
2292
1028
2434
6509
6580
716
1780
5122
1555
5176
2161
4967
5897
7908
7478
6488
5266
7
5489
2265
1428
7598
7531
40
4940
13
5407
7439
7927
6070
385
5563
2554
86
4581
4836
3762
940
5374
2939
5681
3480
3624
3224
5792
1142
3358
1152
1330
7335
1115
255
4923
1772
509
7340
3399
3338
7767
5255
4772
3100
3040
3225
879
632
1642
3326
6277
2876
7166
3306
3140
104
2588
5026
2332
3781
2136
5762
1640
650
7933
7161
1321
7576
3855
4484
6692
6774
1153
7702
3879
1421
6507
2466
6923
7702
6770
6955
5086
7717
386
388
26
4186
5676
5999
3295
1725
1053
5706
633
636
3528
179
2445
5434
4297
3927
7548
6562
27
2533
2554
5017
7651
5920
7401
489
1714
1195
6080
3852
5866
3113
6537
279
81
2124
1275
4608
141
7838
2368
2653
5078
6186
5911
349
2905
4070
7246
7239
7391
6863
7187
813
787
5248
7335
5522
2315
5938
4534
4988
7358
2745
5842
5886
1065
3926
2287
1038
2855
2963
6712
799
4503
2430
1488
2084
1154
1712
728
2099
2872
6701
2837
173
514
3973
891
378
3756
4136
5659
1253
1196
2099
7380
4817
1691
975
382
5515
3687
5923
7408
2796
5827
6722
6675
7440
5722
6776
6892
1874
715
117
6660
7720
647
509
4039
4959
7262
3323
5044
4378
2811
7234
4048
3656
164
893
7601
5186
718
892
2386
1576
3835
1706
6161
3344
7297
2603
5661
5662
3386
2479
6738
4105
57
621
4574
1565
1816
7353
3697
3375
4208
4835
7689
3162
5501
1286
1332
5850
2853
4200
3286
7310
7955
3425
5007
252
2268
7024
4392
2430
4531
1099
4520
683
3232
4000
6464
2560
1106
7656
4468
6551
6306
2065
4380
6278
3894
5106
6179
7393
1189
5795
3953
2465
5562
4921
1283
4577
1481
628
2319
4538
1038
5730
2510
625
418
6015
4981
7704
6658
2608
7125
6089
6955
4193
4420
1983
1590
5492
1556
7385
5730
1191
5248
7179
4261
3704
7050
1136
3213
1932
7713
5819
2843
2435
3147
5989
4339
5250
3201
3295
5255
3060
3774
2389
823
4650
4962
3313
1592
6115
5707
7660
1094
4544
3414
1086
1260
7353
2013
6958
4555
6664
3938
625
1001
2294
735
2890
1695
5192
2686
7874
1914
316
3387
6012
1385
7269
5248
3627
7090
1104
6509
237
5838
2720
5864
3062
1471
7110
5945
808
2431
4245
2360
6162
5562
3236
5040
3131
936
6843
4396
4679
694
3693
4295
6747
5948
2825
5600
4375
1144
6458
4388
939
3996
2215
6334
7223
2256
4326
5159
4075
2449
4386
6714
5039
374
1835
3839
6259
7603
5726
1824
3368
1806
7098
5665
7171
6987
7273
2125
5401
6886
2789
2554
3795
441
2606
1672
390
4491
5116
1069
61
7191
704
1950
2149
862
4105
6565
3106
3954
6993
681
2816
647
1234
6173
3948
7850
974
3445
3019
4920
2118
4385
3127
5060
3044
1196
6329
803
5865
7707
4536
5441
4716
4568
3634
1451
1635
2129
7556
2431
7594
6888
186
7700
1537
2856
3736
5302
3264
5243
23
450
199
3972
4639
3908
6640
7024
5806
2577
7505
884
7720
3410
335
2879
3908
5733
7921
3411
6643
5102
4772
3760
6844
7508
1786
3562
7142
7553
3268
1948
6390
2843
1315
3131
7830
3695
221
360
1187
417
2152
3588
1848
565
121
2169
3531
7701
6878
1448
1799
1373
2827
5163
7996
1710
7764
2965
2180
3911
4020
828
2184
3940
7696
2077
5129
100
2319
6709
6410
6935
1791
6581
1003
5351
3099
3235
5270
3530
4436
1803
3674
4458
7139
7599
2352
7676
4180
1514
6153
7593
1024
6728
4773
7887
63
6288
2797
4583
6303
313
603
239
2813
3386
4462
2806
7858
7266
5238
2845
1829
6969
7287
4055
3436
5975
7581
770
808
3232
1466
6984
1660
4325
2544
3557
5317
7428
6851
7883
7602
310
7437
4284
3046
401
3655
5626
1374
6465
7317
6401
6519
5436
3851
2446
2571
6805
5169
4924
2727
5429
2879
3
1705
3560
2913
871
7191
4124
6770
611
7287
7100
1941
6784
95
5380
1879
5428
4397
5910
6570
3135
351
4361
4320
6074
7322
4911
6091
2578
1916
337
2319
3549
5490
7311
542
4902
5803
7995
1236
6525
1140
294
1405
174
964
6391
5528
781
1139
360
5090
2186
1810
7394
6588
7748
2464
492
2794
5859
841
2152
3644
5307
1321
4646
2523
7240
7527
2362
5720
4019
3135
988
2671
2639
2153
4469
3687
692
3436
5121
1160
4974
5025
2798
3251
5760
3262
4197
1910
5429
945
2103
2904
5261
4060
7464
1076
6359
5373
650
6950
6756
3504
5418
848
5701
6281
258
1486
2018
4678
7401
963
1176
7409
2286
4435
7726
318
4414
1119
3124
36
1817
5214
4722
7047
4470
5340
1237
7086
2406
5698
1849
6726
7469
3052
6286
5209
163
1487
6473
42
632
5641
6321
5908
2359
6934
1965
4953
4810
3578
3625
2184
7939
5109
4596
470
754
7615
7467
2312
5747
210
4725
6885
5384
1407
1452
6547
2244
3906
7458
5753
482
1796
4928
4781
4695
943
2613
1893
1278
4754
4908
6535
2047
3729
7420
1028
2753
5719
2760
7827
6662
7572
4346
1470
711
5626
5550
7444
2094
5573
2108
7620
3449
368
422
2658
7566
3685
7409
1517
7385
3758
2057
3949
4660
7717
861
1424
1765
1141
1871
1078
192
6149
861
4722
2541
1647
3820
5318
5385
6789
1525
2010
7128
1643
7562
5414
7560
7575
6533
4095
4418
1291
518
6455
7767
5698
833
6574
1635
15
5410
4315
7387
1786
5929
2297
2063
6933
3895
3770
3302
2967
2754
7157
6534
3615
57
7363
7533
2238
4719
2604
3304
1131
7285
399
3036
2000
4864
3091
6260
1193
2534
3579
4675
1275
6968
7549
7016
2540
1026
2131
4685
7287
6125
6580
1982
710
5847
3637
5624
1048
6174
3919
1434
5912
3914
7536
451
7789
5315
4803
3098
5208
1546
6971
202
477
6857
4273
1518
5736
6968
1779
2823
1549
5473
1671
5545
186
910
1562
5162
7498
4572
1394
5116
7040
1587
7960
5879
1259
6980
4987
6301
7007
1385
2138
6771
5160
7146
4106
4691
211
4076
508
7957
1965
4236
2305
1516
4817
3081
3283
4774
1621
3016
7497
1527
7217
4214
5300
358
7307
6515
1523
3789
3144
5907
7670
4722
3149
196
4531
3960
3626
2670
2254
1353
5236
6491
2058
6430
7860
1910
3254
919
1155
5812
3044
3805
2371
7108
3826
1995
1729
1352
6867
5941
5847
6671
1150
782
7939
5153
6037
2652
3119
6564
2192
6211
1273
2561
2597
1498
348
3954
99
672
435
532
4554
3715
5940
4604
6033
6010
7351
2362
365
6310
2001
2629
3165
7403
3991
1232
2431
386
6035
6581
6207
5996
1784
3632
513
5851
2769
6909
2307
2874
2065
7851
3157
3623
3280
4558
1128
4881
6417
5677
7716
5409
3212
2486
4113
7783
3936
2133
1685
7106
6170
83
2578
435
7542
2984
1776
3519
7247
6532
969
1585
5008
3328
2157
1321
5613
2870
2634
1660
5638
3733
7187
6805
342
469
6147
2728
4937
7428
7420
527
326
5225
4259
4636
116
3652
3472
3672
5927
5046
3164
4854
7983
3719
1304
2058
4118
1219
3876
7069
3573
406
2179
7608
4058
6689
2164
108
128
803
6829
7834
1997
6903
4896
40
3668
5973
912
2588
4954
3067
3205
5809
6351
5774
4769
6146
4513
365
2087
522
5830
6591
7062
1540
7830
2241
6368
1177
986
851
920
2366
5539
3877
4022
4313
2224
4862
2758
1113
3444
2729
3832
2158
1388
490
3044
3317
1415
287
2283
7993
3838
7286
7069
3201
1612
3751
6037
2817
3963
1858
7067
1253
7746
6383
4790
897
6410
1887
3679
7285
4826
1317
1703
5484
4838
6338
1249
4320
153
1529
413
6491
6026
4338
4779
5200
7116
5521
2924
6284
4570
4006
2336
4749
2183
5145
4322
7511
1789
1262
7491
1485
6698
5523
3247
5726
313
5045
3553
6422
6415
7476
2735
3342
983
6023
1356
3909
1347
1063
5591
4712
2198
6943
680
7086
1952
170
2153
7479
5411
6439
4634
4420
122
6036
3196
5934
5339
3940
1206
3154
7156
2113
7594
2862
7608
6429
1566
7416
3530
347
835
1259
1930
4335
350
6852
5881
1170
7814
7731
4922
1189
770
2609
946
6963
4229
4893
6452
3512
4557
1444
7605
7366
5891
7481
3393
997
4798
7788
2368
5839
7691
1686
6154
4190
3368
6297
7075
3388
5569
5807
7552
2444
7
1185
4641
6942
1221
6873
3154
2966
3329
4290
1267
6022
2384
153
5489
913
4085
4772
4929
7634
2150
2300
4603
5592
1334
332
449
4790
2245
5386
2638
5639
7407
5518
5683
6526
7678
1790
7374
1889
322
866
7148
1736
2509
2995
6981
7242
774
7898
7165
6832
2018
6382
2065
3959
4779
3165
6669
7724
3219
5324
5794
7280
3943
1494
6828
516
4044
1314
1391
1594
4146
5080
3148
1574
5094
7877
1331
6610
3276
1458
6119
7543
5125
226
5336
1395
6631
2494
159
6098
6720
3855
5415
1458
4807
4563
1979
5065
6241
7178
4017
5648
6690
6761
3238
1752
4516
1560
5958
437
7399
388
271
6167
1030
2361
4725
2447
1584
6734
5675
5559
559
7084
7787
1542
1741
1245
6527
6231
338
5134
4011
6058
4244
5761
7041
2703
527
537
3974
3376
4198
2150
3370
7467
3195
7794
4012
3939
3705
5918
1014
589
1618
7878
7303
3356
2439
1963
2816
365
868
4675
5193
750
4009
2995
4490
900
2390
3658
394
6075
3168
14
7257
5568
4206
537
7428
866
7261
3993
5794
61
511
1670
6908
1896
6378
6071
2469
7573
6261
487
5590
3862
1167
1721
7177
3834
354
6781
5897
344
534
471
2714
6868
4114
135
6017
1401
4553
2685
670
4286
493
3436
2918
7891
5857
7431
2765
7601
7089
2480
4224
5359
2979
5193
7746
2496
25
4959
1142
7194
3549
546
2145
1645
6040
5272
1340
4038
4954
2971
7364
2388
2005
2448
7557
5115
5689
4810
5248
3536
4181
4455
5711
1881
2753
6978
2427
1811
2515
1511
3432
5351
5201
889
2618
459
4196
4316
4944
5945
2741
562
5757
3524
7543
2058
5889
1431
282
2792
411
7516
2502
3581
5342
5824
2131
448
3330
3494
3667
7828
715
4694
1514
6329
3325
6744
2633
5796
6631
4773
6878
3886
5184
4472
7822
3349
6569
2890
5331
5597
4215
4789
2204
7333
217
7635
2937
6578
856
988
4548
1880
956
4141
5779
3359
7573
3062
425
1082
3535
2257
4138
5392
7120
1767
1433
7812
2052
7358
240
4044
2364
2523
7690
4164
1304
3756
7321
5396
3481
3927
7429
6407
5882
1233
1934
5053
3996
5254
7469
3716
7847
1221
6850
3006
3011
5286
4143
112
48
6998
2165
1603
7636
7728
4772
1172
7465
342
685
6278
1801
6360
4302
713
2085
2148
7336
578
2715
7249
7500
2610
4979
1885
5178
3602
7500
7158
7763
3901
4067
7036
2407
874
787
6025
1467
6817
1427
4254
2307
5141
6658
1722
1622
6550
1463
1867
3646
5375
2326
2203
3451
850
4286
413
6952
1950
4868
4170
3763
4651
3277
575
5032
7713
12
3005
7671
7558
3912
6336
7712
5315
2633
1992
7204
6063
5215
4408
5686
236
7280
6976
7373
109
2294
905
2647
6645
4375
4008
291
6587
3749
301
4767
319
7576
6840
4342
6718
3587
4375
874
2110
736
3362
5799
225
3553
7410
7296
6055
3134
7992
2318
3581
4778
7531
6418
5612
6138
1062
2859
1341
1690
255
6370
1848
4142
7313
6170
4776
7120
5144
797
7368
2247
2900
5303
1225
316
1061
6403
1220
4889
3867
6366
2199
4039
5843
4252
3248
4255
3041
1158
5098
3101
6490
6104
6870
7640
6374
5311
2557
6653
529
1677
1964
2334
3427
1220
6520
6146
2512
390
5561
2536
2385
3607
1683
4949
4869
6391
5156
5193
1838
6368
6848
7708
7908
3016
6829
421
3953
5937
3471
1286
5326
1691
120
7446
7557
7520
4659
3272
4117
4313
1524
4205
7737
5428
3301
3217
3942
7622
1704
7904
1432
5270
41
2983
7993
6242
5336
6198
5112
2186
2178
6519
7927
1616
6952
7483
3143
1869
5437
4569
959
6102
1504
7677
7031
2562
1807
7369
76
6803
4464
3887
1568
879
7015
6862
7521
5959
7369
3962
7827
1697
1006
1697
1462
742
6356
1973
7414
3724
3690
45
2371
5095
4061
2466
2790
3744
5108
5295
2551
6757
5248
6322
3155
2579
3795
1949
1810
6881
1240
648
6283
6703
4667
1742
27
483
634
3455
4851
567
7077
498
6281
15
3503
3807
1289
1750
2702
6421
3349
6021
3226
6212
2105
7012
6658
5275
1103
3076
6794
7708
954
2122
4310
3060
1755
4835
1992
4161
6989
2316
4731
3859
3445
7993
6726
7981
5507
5989
1947
2718
7481
7550
2596
2917
4760
992
1334
2174
4681
6106
4452
543
2391
2324
6659
7291
5259
1916
5553
3392
5554
3482
1482
7083
6703
4790
5045
1812
5267
5523
1324
7811
6175
3618
6066
6897
3347
6341
2976
2854
4968
4913
495
3203
2822
2427
6042
7543
5711
7996
883
2429
4232
7811
6662
6735
323
7877
4708
5885
2440
5230
3599
1031
5309
2888
2912
5919
6163
3700
6216
7658
4307
5818
4020
3219
6748
4438
5555
4107
5332
4687
7241
6059
1771
3290
4739
5767
4830
7042
7004
401
4991
4562
3260
420
7150
3750
2036
768
6294
1249
2416
3734
2037
1224
2764
379
5446
4716
5620
2597
1552
2969
6219
4762
1243
7829
3162
7334
4721
4671
7608
2781
2779
3593
7661
7924
4262
2008
920
7523
3096
2823
75
1441
1767
7074
7193
4218
668
5741
240
6458
3696
1310
7684
815
4338
4648
2338
368
7634
5568
7323
2220
7201
2937
3309
271
2710
221
5074
5552
5912
1129
2571
7785
3260
4015
5060
3646
3970
7991
2912
5321
3444
7317
5329
274
7254
1801
1564
4251
4404
1863
6074
5835
3076
2551
3693
2341
3717
7086
7229
6022
7431
7973
5286
6123
4283
1442
1559
5917
3528
6500
6935
6194
462
2455
1367
4922
4041
7082
6914
2048
2775
6896
1059
668
7482
2760
5286
6327
4891
1387
5038
6846
4003
5727
1962
5983
2749
7320
209
729
3930
3486
3036
1670
1760
7962
3341
688
1511
3781
5257
2621
6069
2186
1785
6900
6745
6775
7843
1448
7833
1089
7193
7460
4009
5599
4205
380
4136
762
3446
2527
5739
3386
2683
4379
5554
4255
622
7661
6437
4010
7425
577
5248
7768
4557
1127
2488
1765
952
45
1311
3744
3698
2395
1785
7460
7053
1782
6460
2287
7634
961
4448
1614
2883
5059
1720
3142
507
2411
2875
7423
1041
4278
3616
3522
85
3294
573
3487
6632
596
6787
3711
1320
4817
7640
2145
7810
4190
5819
65
4921
5508
7094
4591
5585
2020
6576
3184
3177
3088
1422
2673
3092
3083
1798
6402
7440
6859
6222
5496
3750
3340
2526
4474
2224
4314
5591
1778
1251
3325
2703
4685
7704
4485
3218
1180
6559
6566
39
1758
2489
3502
7948
335
3831
7031
6228
6273
2030
4258
7319
2560
7130
5613
4
2179
2179
2730
1565
1253
79
4901
4326
6385
7211
4086
6034
4317
4768
6390
290
418
6730
476
5521
7241
7917
1142
7450
4482
6964
61
7317
6260
3135
5191
2673
4363
1807
668
7219
3633
1249
4298
6522
4559
6694
2293
2484
195
2506
2551
1841
7424
1990
4050
3260
3121
5917
4127
6500
6331
2414
1037
109
5723
2267
543
2320
441
5042
3022
3717
145
4104
5480
1606
2634
6412
3535
7602
7686
5319
1279
5472
7182
2539
2306
1155
7494
5071
2904
6417
5841
6072
3741
4619
5223
3301
2542
6273
2548
1191
1334
2070
708
3075
4932
5339
5347
7994
7337
2621
3560
1188
5692
298
739
410
1940
67
3893
6224
6149
6678
3072
6122
7295
3110
2723
2371
5933
1446
3936
7454
7415
1729
7963
357
4077
3257
5074
262
2439
6769
1084
6022
3889
1872
6508
3207
6719
4957
4927
5749
4992
20
3112
7957
4008
7342
7365
3198
1931
2717
3407
6628
3603
4939
7002
1815
7496
5934
846
5856
1620
991
593
4719
4682
7836
4405
4536
6229
7146
6524
6155
4442
7123
2190
2205
4303
3124
7861
4135
5441
3918
3406
5378
101
2090
4695
2818
1493
5472
6610
2738
1235
7833
515
7450
3249
3473
3381
7861
6330
5756
4962
6814
1233
5210
2746
6455
2105
7438
1455
2431
1712
6178
5358
6100
2701
241
3916
6453
2856
5870
1384
7690
558
5715
868
3295
616
6647
3504
3961
1495
7227
7101
4720
5798
7829
2226
2474
6606
4980
4443
6331
4763
2427
3215
4853
1705
5346
6703
7724
7905
2845
1052
6829
5473
7835
2802
4009
3067
7950
2840
32
7908
1881
2407
2370
2596
4309
5895
5681
2111
5929
4092
7448
2234
2060
2230
6088
2716
616
3169
3409
6453
2781
4476
5970
2915
3977
6805
3297
7437
5165
7872
4676
7579
674
6308
4166
6169
6865
6334
7216
3554
6994
7574
7862
4945
6791
550
4108
3032
3083
1764
7307
1899
5891
1502
942
7430
1233
2708
184
7466
7893
25
3069
6930
7489
7011
3279
5262
2990
4856
507
1127
7559
6026
2150
7014
6434
4594
7404
5934
534
409
4345
4380
35
872
2763
3495
346
657
503
3361
3307
1390
3305
1189
3678
3759
4990
4790
4375
6396
2086
877
7361
6344
6232
5409
2171
7214
3528
360
775
1999
4513
4804
563
6978
1091
1316
970
5965
6034
3291
7089
5199
2214
3581
714
3066
2317
3476
4517
1747
4461
7694
4771
3111
5370
2541
3409
1921
6348
5707
4797
5614
707
6375
2716
1384
5272
7450
2495
5424
2672
7019
1906
6007
6642
3216
810
6838
897
4201
3008
6344
1279
1750
3436
559
6231
404
6048
783
6190
5573
7529
4127
183
4635
1665
5716
4158
7974
6092
3085
3092
969
5573
6824
1844
4417
69
1597
1624
3903
5330
6187
4808
310
7587
7290
6606
952
1573
5936
3881
4350
773
846
3201
6421
4065
2409
2517
3541
423
4961
7718
5743
398
2208
2534
6505
3068
7059
2525
2452
3849
3381
7642
740
2746
4046
7397
4506
7561
312
4451
1530
4673
1751
4929
1404
5174
6250
2661
3235
6327
2485
3156
651
7635
1129
2916
5818
2411
7929
5798
4089
6499
77
7337
6714
577
2933
5591
6589
3436
620
3186
6771
6369
3335
5397
2220
3867
513
6760
5201
2006
1686
4696
7491
2112
3111
6504
211
7435
2639
1725
7896
6945
7207
7914
844
7002
2001
2535
1205
761
7300
5376
2172
5269
6608
2464
6923
4582
3950
7195
263
6093
5101
7811
7130
2699
3737
3078
3907
3976
7011
4955
4697
6048
2871
7919
6170
5131
5673
1416
7455
2309
6255
4569
7675
6665
6988
2481
1118
1850
1118
5809
1632
5274
1290
2098
2232
3090
4632
5733
6782
1779
400
5221
5268
1729
4291
3204
2172
3081
3029
7452
4390
3036
3473
5015
7059
7777
6783
3444
2792
1858
7070
2090
3099
2890
1709
1722
669
5558
5372
6198
7973
124
3031
5302
7171
4757
7782
3071
3696
3026
1680
515
2755
5519
5168
7753
4333
4200
7883
5655
5393
1339
7808
4189
3117
3484
1658
4070
1107
2315
4655
5306
7936
4584
687
1943
4886
2857
3760
5715
1439
345
7468
1824
7614
4112
1452
6495
6666
2382
1738
5203
897
5200
4184
7361
1562
3799
7470
5444
5664
4055
411
5997
4720
463
4384
3251
50
2076
4047
7661
3342
3658
692
6168
1047
1171
5451
3557
2685
3260
791
2402
3378
3336
3129
5291
2050
3962
6790
1097
7844
6183
7224
1336
5755
6053
2508
2917
4771
3787
3902
2890
3752
3443
2336
6062
5619
905
4901
3016
1358
190
2170
3321
3344
2930
5513
4347
382
6795
2856
6580
5095
7764
3237
6861
6434
6539
6580
5232
5455
2313
854
2536
1598
5114
6136
4630
555
4439
4589
7412
227
4975
2077
250
4063
1225
1725
1084
2042
7937
5870
1440
7337
4389
5687
466
532
4484
7224
534
1480
4345
1642
2777
4684
830
607
4298
4735
4910
5709
4775
489
1887
1746
2477
1376
76
1763
3559
5608
1674
5023
227
927
1724
4707
2221
7359
826
1723
4587
1146
983
56
6722
5322
4352
7093
3086
3659
4861
1623
5233
5279
745
6837
4276
1764
2903
6852
2353
4728
7497
1575
4464
4928
2598
3272
6883
7610
6595
6319
704
3840
61
4414
450
98
95
2433
2065
1382
6056
6422
539
4220
7616
2913
6970
3693
2103
3951
4826
4663
2894
2430
4571
7736
888
4037
7871
3933
4112
5327
7185
5471
1962
7773
2710
916
7492
3262
4459
3138
159
4721
3671
716
2858
2822
3151
5722
7421
7550
366
4241
4015
1301
1221
7954
2542
6782
809
7769
6422
1495
4751
6976
1571
2654
315
3781
5197
553
51
3207
4814
1132
1240
765
3060
7691
799
1905
3322
6010
4092
2716
5699
4026
5837
787
2633
5513
4032
5967
5749
772
3229
3497
928
2
939
5089
4244
1413
525
5454
5126
1065
4210
6938
3993
779
3129
2243
547
514
3223
4904
627
5710
135
3010
4341
6789
6900
5178
2207
876
4267
2946
553
5488
6415
2166
295
6355
3679
2432
7007
1100
5459
361
5195
3814
3658
6710
624
1877
5079
497
1400
1676
3326
4741
2268
5626
4150
5503
60
7664
3300
4480
3779
665
5338
4091
4046
2213
6970
3089
2781
3316
5376
1510
4620
2444
1315
4424
3036
3606
7478
463
4032
546
2464
7293
5152
6767
634
2776
1044
2250
5113
6469
5734
3261
19
642
1132
1032
4744
3482
320
5609
1204
6456
1874
865
7012
2548
6588
2210
208
3503
4235
323
2155
174
6157
7522
7300
3040
1324
1479
4422
2891
4524
5572
4729
7586
4919
31
2000
1777
6076
7073
3940
5031
7113
3806
6940
6159
908
6385
1601
4805
551
7992
1282
1133
4710
784
3616
3046
416
1125
3935
1427
5253
4153
4762
5759
1101
6018
6543
7189
1393
3387
4261
5323
4419
3815
4944
6088
3383
3252
1945
1807
4697
1679
3580
7949
3940
404
5249
7906
7387
4126
6946
7791
6333
2299
417
7507
573
7160
4044
3267
3221
608
4583
1688
4821
1683
5456
6700
6376
748
517
3524
37
3137
7516
4873
1733
4438
53
2371
7600
6472
362
4237
3796
7583
2879
14
2281
4620
6806
1698
4032
3700
1520
2826
7721
4054
6693
5922
1783
5059
1079
5259
3111
3294
5002
5378
2244
7156
7891
4674
7607
4994
4826
2914
37
2719
4614
7753
7467
5959
5255
2681
2798
6399
1096
5880
183
1756
2856
5251
1195
2874
5786
7394
980
764
3993
7779
80
1572
769
3507
4955
3700
1457
555
5231
4178
3153
1402
1945
4696
6318
7822
4692
1621
6903
2347
4573
1939
7517
7775
4983
1837
3087
1650
1412
4088
4833
6312
6053
5968
1091
7313
521
5974
1444
236
1784
3778
5107
5796
1634
4002
4065
7810
5847
3543
1202
6406
7763
7640
6557
1225
4410
7205
3921
3071
7430
3774
6230
705
6760
7925
4533
1614
5264
4016
528
6034
7197
3668
150
6677
1690
7205
5004
5099
114
6965
3058
1674
521
4381
7355
4097
2903
813
247
1291
559
2415
65
5213
6671
3846
2321
884
4391
4045
2338
989
5772
5348
5889
2350
5046
2478
6922
4410
1315
3886
3925
3530
3264
7079
7664
94
3759
3089
7301
7592
3184
5892
7942
7909
1461
3949
3750
7492
6175
7007
2098
5461
7606
965
7725
928
7815
6264
5566
2868
3189
2555
7823
1348
3637
5
5287
2413
846
119
7189
626
3856
4676
4101
3501
3278
1084
6916
2718
3141
356
7707
1115
4256
5234
45
5002
1027
6062
6129
1619
7817
2539
4473
4405
6633
3458
6471
2877
5498
5733
5350
7963
2546
7088
33
3518
2306
6976
5828
3826
1211
1057
1913
4971
1968
7597
3407
7217
680
5030
6851
4056
1039
4573
6977
3434
4420
55
1063
3125
5268
1366
7371
7506
3939
4256
845
7095
770
6505
5140
1790
1327
1051
1585
5626
2202
7254
7511
3575
3638
7493
1129
4394
4539
2739
4259
6050
7445
5960
2930
7703
4637
2981
916
1853
3132
3484
5368
3631
1402
3334
4241
4719
3058
2533
4304
271
5361
7390
6007
4237
1198
5505
3667
5894
4281
7098
3028
1442
5952
4444
6820
5103
7598
6067
3622
3740
5154
2775
7953
4057
4993
802
714
2502
4164
2411
3993
2741
