951
401
292
4400
7707
4298
7598
2322
647
4032
3308
3060
6278
6664
4158
7183
5996
4450
707
7324
6538
6474
2703
2194
2943
7144
4105
1765
4578
5865
6532
5248
1030
7727
1717
7854
1811
2802
4181
2318
4204
4399
4719
6405
7059
6260
7192
3309
2670
2520
1282
7298
7452
3857
7771
5385
2536
6808
5930
7285
5246
2787
4051
7407
3915
2806
1410
497
3978
4079
3291
6331
7952
6682
2933
163
7511
3241
7661
3379
6684
1018
5493
773
946
2505
6982
5070
4648
4784
7146
2258
3797
6198
4021
1354
1994
5493
2193
8
549
6290
7956
5027
7721
2923
3663
7864
1620
590
7417
994
1410
4752
3718
914
6423
3026
7033
5735
5532
5425
4874
668
4628
6929
2224
3615
303
3075
6945
1981
800
7215
4501
741
5310
1379
3124
7729
2151
4945
6310
3844
957
1493
3082
6261
4650
7365
3511
296
6902
3841
2767
4978
4684
7487
2715
5688
5047
3720
1743
2686
5696
3107
2328
2155
7435
3339
6261
4281
128
5237
2786
733
5987
6471
7939
5039
5523
3153
811
4154
1263
5216
4256
6808
5330
1527
5060
3738
2043
5812
1870
445
4372
5418
2426
7668
3228
1050
2946
377
5306
2334
3040
3803
5787
7777
2282
3647
1300
7313
1644
5995
6125
642
3224
1925
6478
7473
3155
430
1478
3625
2470
185
7648
6607
5542
2925
6793
2810
6068
3245
941
2644
7966
2008
4890
3579
7578
2116
1021
2311
6506
2905
3036
919
2385
2189
6383
6775
2915
6276
5136
3827
7236
4618
4969
7796
2110
2365
4459
3326
5109
7594
6692
1061
3785
2729
3678
2797
7843
4337
4399
6449
7231
2107
75
5795
2357
3455
3042
7924
2130
609
3274
4378
186
5250
7876
5747
2436
1586
6146
4738
2359
1871
6271
5885
391
4340
7664
2377
5164
5835
3592
6909
2867
2478
2605
7060
1462
7622
4272
3048
6083
6699
5845
7981
6111
5215
2391
6443
1246
7316
4333
5684
3917
1210
6029
1570
3132
6264
5980
7412
3578
327
5503
588
2741
2549
5539
5849
3820
6810
1213
2620
1194
6112
5667
1614
5158
6037
6531
1063
7251
3247
4562
2400
1426
1094
2936
3396
5528
3085
4050
4048
7355
2253
160
2264
2307
2725
6168
7948
2075
1315
1908
438
3988
6921
5774
6862
4688
6334
3072
720
2253
7416
6085
7729
5835
952
1782
3012
6328
5038
6497
4229
4361
4572
1861
3974
2589
5999
1412
250
196
469
5920
1900
5798
6100
1517
7091
6777
2858
117
2592
3373
317
1038
606
6900
3326
7331
820
4192
3075
6744
7617
6601
6088
998
1540
1032
1975
7290
5217
4997
4179
980
1484
4343
5868
5466
4991
1456
3484
819
3100
5490
5886
1111
7850
4297
7363
7105
2361
196
511
4794
1345
1587
1820
846
5820
4495
7727
705
5664
2029
7129
939
3126
5801
1767
7323
7081
5704
789
3836
1658
3622
1699
2039
5844
7279
2695
2834
5486
1658
5956
94
6923
2965
3177
6393
1035
330
6239
5026
5988
6440
1793
2367
1306
2935
2910
3854
1308
1082
1618
4711
999
1403
4507
7517
3624
3793
3035
4976
2915
73
7094
5930
1268
1154
7171
5310
7968
3991
2414
6632
7951
7899
2202
5457
7454
4571
6634
1665
4775
6663
7285
1316
4262
5336
5796
5823
688
2809
3122
4550
6834
7528
3946
5714
5773
900
5684
4246
7327
2784
2621
877
1410
1938
2097
1827
2759
4732
3188
6239
4199
2629
5785
5714
525
4096
421
2195
3670
6950
715
1194
7252
2359
4134
797
5649
4165
6237
1556
2645
5727
1458
3951
6762
2510
469
4139
7575
6135
1119
6574
7720
258
6963
2461
5570
3144
6854
2982
2014
5333
3462
2140
5414
3600
1981
3849
5920
301
1811
4142
5196
1464
4856
3571
7222
3374
5447
4757
4341
5562
5404
4855
5796
892
5401
5215
5974
5901
6911
5060
244
2825
153
1917
1345
4664
2947
959
6872
819
1529
6789
4632
2495
4117
7757
3062
7690
2742
7499
3361
5505
2004
6192
2761
610
737
3841
2316
7636
6906
924
7833
7999
1693
666
7898
7780
2454
4452
3639
6458
307
347
6222
985
1276
409
4453
3189
3978
5617
4615
5152
2920
991
5631
7933
1783
1470
7167
4647
747
4846
2695
5901
5357
646
6522
5497
6965
224
6385
30
828
3991
7570
308
7512
5478
545
5192
4199
4805
332
2543
6135
5853
3940
7316
1265
7992
5213
1896
583
1162
2091
7781
4023
2666
7461
4127
6843
5983
6096
404
5779
7279
1422
6783
6372
3609
6127
4358
2707
6884
3513
7230
3810
6776
2790
52
4956
4842
6858
1817
6454
6953
1669
777
6128
6379
5103
2384
3316
6219
6558
509
4264
114
5828
4543
3897
1844
6839
5363
7637
1175
4338
492
869
1672
188
112
1607
1270
6075
6772
3655
301
2581
2830
6609
132
2634
6845
1111
3296
3946
155
7653
4603
5729
4637
611
5092
2563
4821
6106
4309
872
1988
1239
2572
7211
2657
7437
5763
5068
3022
3567
5057
6827
4184
2443
1380
2604
7187
6074
2458
6300
1106
5508
7263
6707
5467
5337
696
6667
3477
6482
639
4064
6233
2584
5851
5192
2688
6810
3226
7022
2866
3201
6045
7683
6928
1893
5569
7996
5589
3889
2539
6301
4539
6388
4025
7120
4505
808
6322
2456
638
2739
6058
7193
6510
1202
7120
2403
7919
657
3798
6785
7898
7623
7267
714
1108
5607
5619
1611
7856
1445
3411
1676
4017
1333
1814
3871
1018
1076
4797
2096
4834
3054
4676
3650
2131
378
6624
5936
5018
1378
7049
4123
3777
5068
3115
7650
6579
7648
5184
7987
3035
6266
7787
5289
2744
663
7971
5220
6847
388
7091
1801
3122
827
4238
845
4260
188
3535
7502
1991
1586
422
3355
5661
3577
2163
241
6124
2779
7666
2789
285
7629
1714
3031
5804
3866
3759
520
905
1733
5969
7072
664
6052
3865
5718
2160
4497
1876
6826
994
4106
1912
2915
4586
5056
6614
4464
4422
525
416
247
4210
7275
904
7126
644
4830
7199
2800
3564
4379
2930
3329
6633
2893
5901
3623
4901
2291
3506
6227
7683
4711
2731
1454
1306
6756
4321
6975
4281
3763
6356
7976
2741
523
5349
3700
482
4582
6764
4654
7446
3959
1174
3889
4255
7508
2198
4655
4701
4040
4882
7476
1358
6507
575
7914
4673
6496
4080
3467
698
3254
1067
1167
2321
2210
3138
6266
5825
3355
1603
2221
27
614
2628
2420
7194
5244
2719
4379
2748
4179
6458
910
4608
1846
7470
6391
2578
7323
725
230
4874
3371
725
4394
5470
5730
4095
3696
1026
2328
7701
3066
4692
3699
5133
443
7109
6750
7859
3017
1167
3811
7207
6929
2510
6581
1279
5956
4017
974
2376
7077
1832
94
4351
7674
4217
1963
185
5170
2218
4637
4040
6990
6426
4626
1330
2076
7868
4712
7431
4376
6527
510
5852
3183
417
4296
2535
1629
4042
7006
4903
990
4058
2408
688
6694
5748
7672
5094
1731
7445
280
7175
1322
1244
1969
2734
295
7903
7312
244
2832
6983
3870
7066
2687
7772
4681
7882
2172
5269
7090
5298
2190
4094
1963
6982
1717
2219
337
1799
1172
5767
7800
5702
7986
6080
5443
5622
6799
1270
778
1815
4873
5030
815
6856
2078
1121
117
1864
7750
2152
5541
107
6098
7043
2510
3859
2544
4500
1828
4019
2347
4053
315
2821
760
7740
6274
4229
6862
1282
1767
744
3983
887
3474
7974
1525
1944
1949
3647
6213
4426
4587
5051
454
560
422
2911
4577
6460
5862
832
1603
3364
4611
4947
2872
5395
6048
719
4049
7309
1781
4483
4973
1047
6010
1379
2674
26
7463
403
2791
4106
7127
3141
2040
3029
5200
2188
2095
5858
7719
4752
1039
3191
969
7043
1861
5606
4485
1907
5183
4568
2472
5058
7922
3481
4515
5829
140
7347
857
7992
7992
7690
3365
6857
2849
6869
800
4104
6578
874
1955
2812
167
4510
5506
6739
2565
5583
4083
3024
6039
4447
4414
6530
4010
7030
6241
4833
7688
6675
4721
5132
2929
1876
1781
3399
7868
4762
5807
5441
2135
3688
7816
3579
3461
3695
7288
2151
7189
3983
1352
5212
4195
3497
5005
5883
6057
1747
6027
2994
2389
3583
6893
3547
4706
5691
2860
602
7510
3980
1590
5653
769
7614
4117
502
724
7749
2415
154
5605
7277
6371
7430
632
5170
6792
2147
1005
3627
2427
1571
7375
7151
2099
6528
5205
1415
6599
2171
5399
1805
1825
2845
5507
1788
7705
7855
6653
7448
1335
253
6739
4460
7130
6021
196
3419
1996
1582
5388
3270
2704
5254
7347
2124
731
983
7681
3888
2930
5186
5891
2454
4315
7978
4953
4860
2532
5617
357
2849
2632
1759
5867
7875
641
4909
617
3192
2413
4922
7584
6394
1631
3114
5894
4473
7246
1045
7705
3206
2858
7525
3653
7713
2051
3438
4590
5646
7966
1061
6914
6095
5259
1074
4038
4124
7874
4488
261
5205
966
3897
4681
430
1896
7953
3110
2565
5402
319
2406
4077
2308
5880
2656
5165
6725
5465
6422
3617
1081
5820
5516
4494
7776
7105
6041
732
5477
1177
2239
2780
13
7951
4584
1383
2192
4852
5017
7125
4746
880
6047
1921
2107
7344
7720
1336
7617
3242
3682
7866
5333
2166
7909
6487
288
1665
866
3868
7896
5675
5726
1981
6356
3914
5049
5207
6616
5050
5581
7092
497
1977
2962
4254
2438
5358
4268
3890
7307
5270
1912
6227
5128
88
5732
5407
6266
5681
4827
5823
2055
6921
5664
6229
4917
857
5535
7639
4046
7958
474
7393
7430
3093
4282
6824
2826
5486
426
3408
5794
4529
1376
5859
4905
6686
6137
4250
7874
5807
268
5862
7895
2452
4536
1951
7125
2962
1640
7545
4059
1220
3157
4026
6004
688
7713
4709
168
4201
2592
1709
732
1921
2694
6064
4388
1415
4737
7496
410
1260
566
2019
7190
949
2233
1341
6060
5048
4216
6745
6838
2522
3922
544
2610
5709
2045
2684
7407
2687
7941
2912
6114
4356
4049
4282
4753
2396
6474
1475
6011
7860
7336
1845
1929
5768
1001
1467
7330
581
3213
3171
7642
105
4169
1385
5867
1944
5874
182
7764
3842
5574
3065
2382
817
3491
1450
5677
2897
6038
7254
6867
1248
7635
212
7542
7868
1132
5829
6603
998
1191
2676
5828
7083
7816
1750
131
354
6272
2979
1061
4891
379
6652
3666
3562
7795
4692
2778
2382
1680
3115
3336
646
5451
7982
4157
4437
5012
5902
2240
7079
3218
5609
4413
2496
3657
2453
5595
138
7891
3325
1078
1316
6258
503
792
410
6270
3837
6076
1749
5450
4542
7550
2155
6474
2858
4708
6610
1901
4805
7719
5574
3624
228
5218
1771
4036
6721
5268
3113
7562
998
4958
3921
7215
4442
7068
3611
7788
5730
3278
5336
3412
3024
2046
6096
6125
1635
2219
1983
2552
5871
3546
7888
2716
5279
4420
3646
2297
1982
519
6055
4408
714
433
3795
4126
1192
1128
7686
6864
4077
3182
7072
3273
7430
4397
5324
882
366
6342
910
4441
3670
1083
634
2046
3230
1506
620
1873
1534
1110
5921
7906
2702
6996
2417
5472
566
749
1825
4311
3603
1069
58
4785
382
5161
3489
759
6838
7479
2725
628
4166
4266
4656
3015
7186
6264
7336
6260
1350
6671
2244
963
4754
2037
341
2297
5654
6556
1435
4357
533
305
4696
7386
5064
1813
5717
4540
7125
5982
5402
1280
1023
7628
41
4775
1355
2611
5546
5494
7700
1325
6853
7199
775
6204
3433
3528
620
1364
5808
5228
3696
4259
3717
6773
7715
3441
1711
7228
4841
3505
4926
1018
2023
5457
1023
1084
4383
6434
5354
849
4445
3758
7716
5210
6307
3177
4125
7687
1338
5811
84
1333
6128
6134
924
4720
4047
7363
3628
5091
4913
3112
7753
1861
7177
3794
6193
3508
1822
6093
4541
6349
539
3992
1086
5353
333
6588
3127
4602
3772
1868
2313
7796
3987
5188
7565
4256
4049
733
7604
7080
1762
1333
2836
1168
3293
2835
1229
1368
1291
6972
1389
3573
5346
6082
6865
2095
2784
2231
3123
3713
1805
3201
176
3629
3106
2546
4354
2991
1145
2019
1135
1362
7865
5796
2900
1507
4214
2220
5347
2340
1275
3022
3817
226
6007
4942
4501
3223
2243
4503
7266
5993
1704
7872
7263
6893
773
5453
7859
3601
4266
6469
568
5947
4005
4735
6255
6936
5444
4252
1719
6350
596
95
513
7907
2492
3136
2485
4698
3836
6325
7317
2078
7645
6432
3392
7830
6650
241
1279
1873
2254
4635
5495
2370
2589
5881
7121
951
4916
4825
3593
3032
949
4777
6620
4920
6192
6373
7286
1687
6949
1673
404
2590
6556
4961
2367
1988
300
201
62
7965
3078
1928
7859
2493
6579
4762
6327
561
979
4204
2134
2109
6960
40
3057
5299
6978
6800
7928
6653
2695
1373
4220
893
3675
3519
2961
4232
2997
5085
1643
5550
5657
5252
5336
6424
1612
5587
2310
4815
993
3977
265
7140
1686
6493
4017
4994
5976
2162
1646
7447
7826
5907
2126
7006
6791
3946
3822
4532
2032
1192
1574
5686
2753
6796
3803
2902
6754
6458
6328
3897
1200
2136
105
6624
5119
7215
5421
339
2325
2665
1292
7464
7305
4997
3177
7291
2656
5707
6845
3428
5777
2285
889
7808
2392
7102
7042
53
4183
7216
3675
4164
2099
2673
1214
180
7868
4315
6793
6695
5951
4956
2390
4323
801
5961
805
6229
2770
990
5327
1422
7365
5997
6210
1568
4750
6037
4846
515
4560
2824
326
527
93
7460
5415
4993
3400
3398
2511
632
449
2080
7514
1682
737
4553
5214
7838
6360
1926
4941
3867
4656
3967
6291
697
1162
6429
1720
2363
4282
7622
5876
2701
3490
792
2304
4775
7229
7624
932
6424
4342
4789
394
7790
3355
7211
7512
5832
2922
7273
5935
2123
6634
124
2155
747
1309
2928
772
2310
113
4151
4197
1333
1681
418
7003
3576
2397
6670
524
2410
6589
3485
3938
5881
3667
7896
285
3286
5095
2777
5857
1638
543
3074
3602
6494
6705
5228
5946
7167
3676
1819
5733
3766
4923
3371
5015
5148
4992
4951
6099
68
2923
2362
2956
3616
3833
7159
5376
152
3508
5137
4452
6343
5728
5623
4690
5456
4038
6043
4214
7728
7011
4621
1825
3743
5900
3454
3045
851
5089
295
2977
3238
7126
6057
4493
4398
295
5751
6564
3619
698
5247
7722
482
632
828
4564
3771
2216
6370
2146
2100
4257
5946
4118
726
7350
7948
3984
5997
4802
7775
6541
3663
2889
2682
3220
6327
6418
6270
6538
5642
1312
5076
1604
2245
3937
6778
3514
4979
1795
5139
7459
4137
6487
3594
4620
6933
5163
28
5614
7670
5312
4817
5198
4191
6240
357
1771
952
3468
7795
1787
499
7428
5979
1962
2435
7184
7812
3003
875
695
5950
2198
4094
7539
2717
7322
2507
807
6976
1766
7117
3067
606
3947
5823
4268
1726
4725
7222
7844
2950
7121
1368
6990
5483
1581
2468
7318
5910
457
4891
404
169
1434
1407
5461
770
7765
7041
788
2868
5300
1881
6774
147
6212
3583
6930
1034
4746
1243
3176
4163
4508
3878
3497
2511
5761
7475
1924
5959
6417
1778
1016
4012
5855
4800
4154
5787
2338
7814
6902
2167
3500
305
5187
564
6263
2230
3116
4999
1395
7998
2329
6468
1906
5275
6788
4116
5328
1654
3258
1920
443
5189
4330
5429
7244
7497
3318
1000
3501
5184
2489
3900
3284
7131
331
6777
7007
5196
6428
4725
7055
50
1918
376
3290
5001
1455
254
6004
3793
4379
6899
7718
4289
7425
7428
3262
2192
7156
7354
4026
7946
820
964
5131
717
3617
1000
1707
4237
6620
5172
3853
5995
2098
5840
3339
7520
2491
4667
3535
3415
6725
7817
4095
7302
5374
2842
3743
5006
131
7539
1215
3546
6899
5787
5160
3871
482
2834
980
2354
6348
5255
5702
1246
6944
1681
3037
213
2810
1843
7119
3221
5454
28
1305
4362
7451
7642
384
2281
2945
6287
4468
419
4737
5443
5955
7341
2010
2641
5987
7955
7759
4756
7521
5894
5370
344
6213
851
6858
5145
3323
5806
5859
2429
3359
91
3044
2224
3421
6516
2660
5176
1432
2008
7253
6003
4289
7621
6885
7189
6404
3435
4126
6416
4074
1044
7434
461
3300
5891
2437
1735
1999
51
7289
6221
919
946
4045
5987
1736
3473
6973
7978
5595
4255
6797
160
4556
4974
4858
7751
5279
5919
4126
6907
2705
1493
6553
6906
699
6981
4292
6784
2353
7143
1078
1064
6437
4389
6661
1580
1818
1940
5541
1938
2031
3164
2373
4596
344
3175
3369
6950
3462
6539
7522
3108
2009
5048
5724
4232
6777
4815
7086
3586
5177
7881
4888
2934
3583
2742
5669
3736
1659
1568
4477
258
2553
1448
1538
1235
657
4158
7964
3538
6987
4788
7569
6325
2300
5048
990
2975
3488
5019
6424
6521
6291
3604
5219
2792
2685
7543
5196
4704
1497
7061
5763
7289
1854
3633
7717
7256
1334
3537
1014
715
1513
3650
2069
4753
1240
2307
855
5847
4504
3041
5527
3288
968
1000
1849
1177
1540
4400
7751
4497
4665
3969
428
3986
7569
2112
7059
622
4174
713
1286
7544
2228
6008
685
4107
2378
1615
3634
2447
3794
4175
748
5511
2110
434
2219
919
3556
6107
1499
3537
2276
2567
4210
1594
6418
7958
211
1541
6273
1819
7018
5409
4734
1199
3399
3083
3248
5339
1706
4534
4710
6976
6468
4969
4270
4985
2500
5671
5304
5718
4502
7177
3511
4248
5712
6878
462
6168
3599
4177
3273
7730
5257
657
480
7745
2082
1141
2032
7926
778
7027
3539
771
6134
2091
1389
5671
4681
6951
4131
2384
6934
7767
2439
4527
5599
562
7910
4344
1638
7920
2444
1807
762
138
6133
5092
2779
5924
3632
5411
3987
6414
1390
5064
5297
469
3186
7341
6386
6583
5867
1376
6624
5521
6382
5863
5043
7173
941
2279
420
5647
6360
6868
6454
1165
1692
3748
6318
6075
2722
2714
2228
2847
3569
6320
4352
2917
3330
5242
677
6923
6565
4735
5856
860
1471
6367
7634
4936
6880
6333
949
3324
5866
4542
6384
5593
1314
3378
4071
320
6285
6228
515
5294
1573
1907
6378
1357
5374
3732
6622
795
6851
6152
3084
4696
7334
3932
5815
7696
5998
1600
451
2725
1125
2898
4553
7965
6370
1560
3149
5199
563
5541
4958
461
1690
3333
5676
7659
1700
4334
7990
4001
1091
5780
6056
4731
418
4891
5849
134
149
4841
283
2655
3246
7243
5268
5454
4794
7234
2793
3597
936
2033
6572
6776
50
1054
2963
4069
317
2613
1935
4452
2803
7183
2659
7184
3891
1701
4017
5317
6367
6770
6621
519
7082
7691
962
1471
1882
2525
5257
2743
4156
4307
5008
685
3815
1267
7277
2164
5317
820
7750
1678
7307
1768
6708
2371
7332
7739
6921
6505
1205
3075
2207
2586
7570
2087
342
6426
7509
5588
1083
7899
6945
2854
6400
2640
3847
3476
7233
3456
6829
6487
7190
6793
7941
1194
7666
2558
1299
4799
2927
2927
4158
2393
5440
1220
1911
3878
5360
4111
7025
3206
6163
4731
7732
2622
1922
4486
6
6493
2282
7437
412
7733
7878
1507
7970
405
535
6909
6843
3728
4887
5827
1408
3010
3960
7109
5742
7244
5097
6219
174
1163
1776
2031
1401
3027
6804
1579
2645
4535
6696
1372
6249
2968
116
1215
4771
4628
501
2211
3215
5553
3090
337
4511
4162
4592
2578
6605
520
7568
7607
1787
5418
841
7405
2247
6926
2652
3318
6812
6663
2317
7373
5993
5568
2219
6409
4946
2096
4089
6778
5520
43
4365
5539
1314
2058
5605
7407
4522
1565
997
4112
3625
2192
3175
7063
267
5323
6912
1977
4762
710
7887
5527
1826
1834
7538
4617
3712
5166
895
5935
4579
7737
1653
5578
549
7021
3763
3065
5278
7258
1915
5183
6373
1757
1370
1247
4350
6893
533
4504
6362
220
3949
4974
3031
5034
1332
286
4208
7175
5041
777
6920
5638
5276
7469
4719
6187
721
7616
585
1059
6403
5241
1503
3838
2744
1666
5315
1505
6611
3991
2740
155
4331
2045
7301
283
1852
5598
3614
5914
1826
2681
2793
6955
3524
7779
4537
1965
2465
5464
3226
7671
7169
114
5064
4789
922
6740
1672
5790
1853
3612
425
1454
5981
3319
7393
4139
1062
3894
1211
6744
2833
475
675
769
5844
3472
7802
7335
5812
2488
1177
109
3683
1033
2062
4927
2185
5199
1169
5413
2715
2760
3967
6059
7005
2278
1525
7009
5940
7909
2801
451
683
1060
4610
1123
1339
6977
2798
5439
342
2900
5401
6399
4864
1605
5824
1926
5755
7825
6280
5556
106
4842
4495
5756
1731
5506
6584
4221
967
6731
4465
3805
290
5263
782
5205
7325
7795
1801
5987
7546
861
2571
1593
5348
2270
4235
2554
3356
6820
7466
6560
3243
1576
6212
2198
5794
5853
5961
1410
6028
5698
6518
2569
4520
7338
1890
2554
5650
1719
3942
6720
6170
4246
3484
6708
6570
5660
2664
5969
324
3477
7673
4093
3369
4681
3980
4979
2712
4313
1347
7686
399
4972
3557
3654
5663
3293
7385
2528
761
6047
3704
994
2744
3511
6880
196
70
5676
2342
7739
2909
747
4086
175
808
7455
7145
1628
1478
4088
355
6639
2615
4655
1813
4273
4237
6996
3310
7832
3385
7017
3331
750
2900
7641
5921
6900
609
426
6742
5555
1802
7897
6075
7560
7360
3869
1895
1915
403
557
4601
2841
3661
7516
6883
7587
5261
2080
1367
4329
7211
3302
879
193
1497
4039
181
2022
5430
3298
5815
297
1666
7498
4115
3890
5610
2393
6060
7054
762
5639
5999
6185
6689
2120
4294
1164
837
5651
6928
1125
3550
3780
5947
4919
6011
3484
6499
6283
6605
4188
1249
5152
1024
3361
3621
2028
7920
1563
6521
2278
6408
1104
2990
7713
7466
58
7572
2764
3048
5975
6086
495
2101
5056
6537
3255
2809
1858
5690
2265
2051
4891
5722
1311
365
2002
3047
97
5094
2390
4832
7321
998
1364
2748
4841
3458
791
1527
3623
6638
4505
1027
5110
6258
5450
7761
6323
3207
5603
7115
6474
5755
3391
370
6795
2568
6678
5033
3123
5789
7466
5999
1476
4502
5970
4189
3920
4930
4934
7289
5463
7969
7495
2343
54
1606
7507
7479
3025
6362
4412
4350
4295
6271
4820
8000
2422
4348
715
4945
293
4540
5051
2424
3003
2728
194
7426
5887
6125
6590
6532
7494
4706
7129
6502
2719
7774
1823
3753
5806
6873
835
5223
4769
4646
7857
2362
2172
1764
7714
5512
7961
7788
2359
6718
996
6067
3430
7638
3386
6159
501
6267
2177
3584
3038
6650
1836
4355
3683
7176
4649
7423
1313
6232
2212
2046
7905
6226
6513
4992
3125
1476
7939
1560
2782
963
5768
4503
6692
1989
157
2621
6400
1962
7559
2117
4237
4696
1271
1783
1906
3697
6719
6515
2160
6228
7219
6988
2244
2812
3051
1103
4399
2860
7832
3273
269
6448
4624
6957
956
1212
5515
589
6444
6906
4846
1172
5253
2974
2823
1287
7786
3981
7476
6297
4450
4427
452
4084
3572
4479
6008
4035
1799
5377
32
3
2588
4905
453
3595
2661
1681
1048
6720
4678
675
772
590
4769
6838
4819
677
5500
308
6219
2346
7174
5139
1382
2301
6163
1220
2337
5090
2284
337
4144
2820
5613
1594
1633
7119
2042
7454
1800
5123
7505
7637
2362
4380
6738
5804
2917
2905
5878
175
4786
3267
1137
3862
761
2460
2636
2665
3267
1363
581
7282
7538
1926
6088
4512
6273
1186
3470
5322
3588
4568
1575
981
228
4262
5296
4239
7537
4219
1754
4282
5664
2924
3651
2335
4096
1420
5594
2009
2263
2617
2937
1015
2606
5531
4668
4146
4863
5834
5927
7623
4383
4834
7575
4959
4904
5733
5613
2032
3831
5682
7963
1757
5696
2474
2873
5479
6594
7551
2385
4251
7236
2584
3235
2870
5344
2234
3930
7133
3376
4449
7915
1869
3347
3628
2226
4738
1476
4258
2411
1562
5858
6890
4931
5022
2041
6319
537
444
99
6568
702
1364
2128
4005
1587
422
5631
3859
2609
6952
942
2944
3657
3017
7811
170
76
4451
3531
1890
4212
3941
6500
3919
5051
1663
1774
3725
4171
2170
6273
7947
5251
3803
6018
149
1656
7289
6624
177
2315
1729
5303
5933
3377
7397
2637
7649
223
3931
4444
7023
6547
479
4309
4932
3858
429
3784
3026
1025
5614
4945
529
2565
6659
1133
2569
4233
6631
6646
3048
5371
3948
4374
1932
6643
6246
1961
6319
3574
1395
4374
521
6837
120
7790
823
4315
5271
4757
5494
7247
2775
2392
4438
5353
3831
3664
5508
6861
5801
167
5437
6970
3952
5713
1302
541
5184
6561
7599
118
5307
1605
3781
1694
7171
425
44
5951
64
2452
6351
589
2682
3509
5205
5483
3191
4595
4288
5746
69
1359
4145
217
7900
1442
166
7193
7258
6742
2919
3556
6186
7785
2339
3428
4419
4554
508
6574
3714
4463
3967
1263
487
4383
7877
6913
5633
1092
5536
1181
3648
7204
6068
6239
6523
3664
6456
4212
447
1396
2418
5338
3619
335
4026
7860
619
5928
3685
3454
7858
2315
4368
1808
2468
3930
2632
6233
7634
3017
7064
1291
7618
1463
1256
797
4644
2663
2390
2356
909
4579
7922
7484
212
3146
3995
6313
6763
5389
4278
7935
4286
2722
6676
7194
304
1754
1709
5362
1479
4259
501
2972
5496
1282
152
3198
7447
7216
3195
6701
7456
3714
686
280
5817
5609
5368
316
3719
7185
5887
658
6284
4443
7997
2993
7151
5164
1818
6910
5603
1007
3383
437
2805
2098
1329
7524
6216
5050
6005
4343
2151
367
1823
6587
2895
964
6009
6393
6254
3679
6178
903
733
5094
4616
1329
6449
4351
4153
5020
3653
6293
5455
6598
3832
760
3855
7754
7102
5519
2361
209
6487
1129
4735
6471
4791
1906
6915
4355
6518
4428
3782
7512
435
6961
3126
1480
4592
2196
788
3142
5377
4446
2041
7512
2489
345
5175
1601
7573
7983
263
7996
2650
1160
941
5315
2141
1975
1212
5921
151
3749
7744
6018
5411
4498
3280
4498
1286
2165
2902
4735
3102
6370
7599
431
5156
5222
5251
2314
5986
5574
4432
2895
10
518
7427
2448
4680
4743
6864
6023
2202
5436
7187
4041
3616
1374
1794
5803
6511
5963
4777
5542
7208
4488
4423
7138
4606
2407
7709
988
5725
3629
1736
991
1681
5616
5777
4915
3315
2408
4315
2398
4416
7273
6916
6068
141
2976
5527
2443
1400
2627
6088
3841
5072
240
6331
361
4262
2520
1134
5976
3765
4347
4622
2526
4773
7837
3565
7875
6985
3736
1182
4396
1377
312
7272
3084
5032
6936
6261
695
4734
4369
6816
6510
6448
6773
4266
4967
2095
3035
3559
1749
1211
3435
4105
4776
4875
4618
4526
1659
5915
1570
5661
2359
1262
7941
5119
690
7514
1993
419
3552
3711
1167
7225
1354
1593
1438
1357
3356
4541
5352
4979
3792
5294
4456
1362
1170
1727
4296
5756
6973
862
4216
2667
558
2263
2969
2751
1728
2285
7845
4261
7211
7760
2643
5538
1077
7167
5364
96
3872
6885
4346
3201
7070
2890
3264
5543
4369
5812
2213
7153
3099
4555
1327
4579
5094
6179
2326
7993
5001
1222
6595
3862
6914
1687
2576
6508
6953
3026
3912
4834
7028
4450
1664
4017
4910
6278
6782
3352
5336
4027
7309
7765
5113
155
3348
4081
3604
7264
4636
5145
2727
3836
6755
6157
4936
3832
6379
7507
5011
520
1326
1490
5860
6656
4557
6362
3896
4227
7518
7533
1866
737
6032
1870
7374
1028
6289
4552
7776
5602
372
1758
6146
5393
2100
5054
1267
5470
2841
2285
4560
6822
827
786
5514
6703
6687
74
4504
459
3818
2740
964
7941
3653
610
7276
5514
5345
1197
7182
1627
2466
4871
6607
2466
5873
4581
6508
1208
1360
996
6973
2323
4192
507
7410
1554
5791
7082
5936
6239
7346
5969
3712
4497
7996
665
490
841
1024
1276
4370
3214
5027
5913
6383
6006
2360
5051
2801
4286
6040
4647
4991
3591
519
5648
7251
5420
1876
9
4669
6068
976
5898
3750
6366
7818
2236
3584
4536
1293
7152
6103
6192
3701
7153
158
1372
1809
7181
5385
5494
1640
4051
5196
5011
5438
4852
932
4737
7191
3610
5841
3258
3861
4586
5097
455
5133
6838
7853
1467
6186
5205
6616
2771
2133
828
3563
4096
636
946
2103
6232
1401
7927
2577
5129
249
1871
791
4348
4644
4459
109
2439
5047
1460
6595
3530
2766
1570
6845
5212
1118
1357
4395
5989
3763
6972
4040
7153
1211
5883
2710
6667
4152
5398
3977
4559
3819
3921
2314
3952
3223
6133
4630
7681
1999
214
7044
1553
6992
1921
7405
469
6586
7417
2413
7396
4643
1532
4707
7660
6813
5240
601
1138
3515
5658
6436
5451
1581
2901
77
1352
7197
5637
1395
7621
1199
1145
3384
1609
5094
4790
4107
6742
3552
1882
1849
36
4226
2402
2623
6161
7823
710
3130
6964
7988
2551
4823
1090
4760
5805
7631
4296
5381
4424
4628
7776
3056
1817
1235
6898
4234
6474
4359
3862
1478
1999
1799
1307
1631
4923
1642
6075
5994
1510
127
6987
7853
7769
1416
5299
4482
7192
1680
7524
3091
6875
6761
383
3620
2789
6856
2357
4785
6287
2062
5625
2445
5358
586
2945
2117
394
1947
5101
6051
6537
3647
1270
7174
5837
5721
5953
2274
904
6395
1972
5535
5027
767
6639
2056
1762
1876
3800
6697
7400
6912
415
5216
834
5948
6579
3991
2666
2934
2349
15
4844
7252
5190
2913
7062
4362
3502
70
7553
2255
2808
4138
4594
5575
3698
1340
6835
4516
637
3842
200
7947
7389
7418
4883
6812
1892
4884
3262
1262
629
4291
4862
1061
7123
5306
4361
2832
6499
2504
7155
7094
2944
6062
7373
6256
