4275
7939
6974
7511
4386
5610
7881
823
5847
7153
7876
7956
1712
5717
1373
4021
1683
5885
395
7126
5734
1480
870
396
1496
689
7722
3946
3324
4348
2356
2793
4164
568
4947
7973
76
7598
2163
7968
2458
3334
2035
484
5016
529
5202
7395
4825
2042
1375
3362
1433
7369
5977
2139
7364
7721
4694
5520
236
3483
6297
5440
5590
4150
2608
1779
1689
2855
1532
3119
5904
4413
958
7197
1713
1624
6962
3463
3953
6850
1835
3379
958
649
1021
5034
1606
2914
5789
4308
4439
7131
1744
3925
4317
2018
7515
6205
1762
6192
6380
4516
1237
1680
4266
552
7598
6074
6996
3306
4101
6760
4473
6518
5120
6664
1554
6528
6540
3940
1117
5532
7191
7256
6328
6233
5499
6732
576
4158
174
6686
3035
4994
6781
6403
6455
6980
6112
5885
3670
1427
400
5818
5625
2014
5217
5840
5310
2347
4652
2660
2811
5131
1695
1940
4082
6617
2941
4758
7879
7830
2572
2501
7512
196
4547
2211
5003
5213
2589
3930
4413
849
4587
4818
7131
3645
2283
6275
4123
5439
1716
433
289
495
5434
5861
6345
317
2197
2897
1864
6126
7830
1850
805
602
7764
7275
1136
1850
2603
7315
558
2102
5821
4578
3387
4681
3370
2701
5083
424
7036
3929
3464
3965
2431
3391
4786
5710
2369
5338
5529
1907
3404
1555
119
3266
7798
2862
14
1091
7181
5626
178
5861
6643
2709
5380
2565
3311
4078
4991
1791
2510
4130
6064
3354
3412
6205
651
3202
6216
6185
2267
392
4124
652
4989
234
446
7576
4289
6294
7886
1047
7641
2026
6895
4349
766
4519
7280
766
269
274
1596
5535
5637
1428
3310
3999
7094
7892
4126
1015
4023
5082
4675
4422
7725
6025
7235
4023
7690
2657
2719
6595
2162
5374
1623
1998
3834
1190
6292
2160
1397
6091
2048
343
7091
5336
6213
4846
1460
7302
6303
5019
2225
3467
5489
6158
6715
6777
815
1036
7187
2135
2120
122
2782
5114
2712
48
6614
7342
2856
3543
4121
6485
4232
1722
5796
1558
5124
6945
671
4836
7560
1310
1570
3605
1160
3330
3399
1135
627
1078
115
3549
1259
815
2116
7952
5016
776
7298
577
975
2087
3222
5916
1617
145
5436
5733
2510
4609
6275
1692
2818
2003
828
6015
734
1903
316
5644
840
7720
3770
271
5842
6399
3465
1636
5141
3420
665
6221
3005
6066
1075
921
7993
4892
7675
1757
3694
6220
1316
725
1361
5916
4285
2664
3138
4523
7789
4758
2010
7977
6510
3358
7952
4457
2848
3782
1229
576
1700
6672
3125
7086
5926
3190
2171
3190
1333
3674
4359
4267
3471
7976
254
5922
247
1000
7132
3798
2153
2662
7942
1662
3291
5546
3772
6776
1942
2392
1482
7460
4959
143
4051
6032
763
6345
2383
4211
3479
3171
3013
3311
7263
1905
5538
1573
7159
1632
913
5891
1873
3163
649
5919
4689
6046
3305
467
2366
1490
1259
1743
6785
856
7132
7596
1238
1930
5779
3661
110
2686
1909
3845
5380
5470
7636
2980
3856
7312
1711
7309
2076
3208
3524
4244
7062
251
944
2204
7308
7700
6513
5837
6833
4056
7503
3784
4082
5722
4792
5028
3977
2189
2797
3371
3899
867
1902
3127
250
4299
7157
5269
5053
233
2119
4309
507
7638
7057
2228
5516
7650
7807
6072
3203
5514
3627
4840
3818
7106
7722
3686
1213
6572
4242
3003
4708
5965
7608
2238
2913
7713
7533
6083
7195
6470
6364
5030
461
5295
5326
5558
2832
4952
1061
6922
7311
6280
1426
6336
3510
4396
6577
4721
5708
4196
4780
5918
2555
2713
5536
7961
7966
4043
1726
3885
443
1882
1023
584
7697
4946
5354
1915
2807
1914
6478
7768
7678
388
6206
3783
741
6580
6033
271
5141
6767
7527
7757
6865
6799
3317
7792
2270
7764
6834
2177
6675
1239
3109
6922
7443
1153
7757
4112
7281
7595
6049
6539
533
3426
1757
7793
575
3534
5718
819
5846
2897
6408
5547
953
1652
5241
3372
3791
6242
7449
7424
3255
838
6432
2529
6416
6520
7714
1450
485
2553
499
5457
7768
6095
5218
7885
4983
3586
880
2139
2734
3134
2168
699
6420
7963
3515
5518
1675
821
6364
4941
3416
6446
6051
4802
2388
2284
17
5254
4302
6794
7421
4069
5380
768
1439
1089
2998
4147
6159
7989
2340
570
4329
224
1661
842
3673
2430
1281
6458
3284
2033
3213
851
2591
5452
6595
7895
6253
2489
3823
2950
5411
1694
2888
1403
4290
3046
2491
6228
419
2298
1768
6784
3471
207
7173
22
6397
1479
5685
4453
3488
2313
339
7915
4144
333
7791
2044
2579
4954
346
523
1559
194
4503
3237
6924
81
7085
72
3978
1067
2978
5472
2216
7931
1026
2508
7702
4475
4265
1761
7789
6896
3023
6564
3274
7860
1200
3088
2152
4659
3467
4939
2008
4042
3053
5324
4741
5191
53
7234
7287
2018
2863
6223
2760
7950
5437
2229
5505
2599
7591
4932
1355
2894
2262
2117
6584
7125
2810
7159
281
4771
7723
2040
6578
4831
1451
2740
4293
528
38
6812
1918
1765
5333
3433
3871
170
3626
4082
4193
7057
6646
7050
6615
205
1813
1142
3151
6303
7119
4683
2384
7318
3886
1398
367
3597
6410
7608
148
6855
7116
1215
441
3314
1472
4074
3989
3340
2173
2932
6870
1539
3630
4496
2747
3502
804
2176
4560
7309
4039
1388
844
2303
7466
6203
2536
6381
3235
707
3709
6653
1208
6625
5513
2254
2425
1521
7181
3727
6675
2186
4603
3268
6363
5745
3918
7850
5223
6823
7393
2489
7773
2805
1905
2743
6115
2211
2461
702
301
5780
7193
3202
4204
2530
2464
3871
3271
4680
5916
1379
2373
2000
1595
2394
2253
2326
3475
6514
6648
6166
2735
6232
4771
1629
7605
369
1798
3629
6747
5323
2760
4319
657
4919
3524
630
2175
191
5205
4670
973
2545
3365
7704
6054
7966
7340
5476
4341
4031
6249
6739
4447
3771
3255
7664
7369
4405
3562
2401
7346
4848
734
3748
4408
6128
3779
5366
7021
5142
6782
671
2654
5837
5416
26
1724
6577
2049
6995
3373
2253
3236
2206
16
4013
2308
6926
5409
6913
260
3508
3688
609
3819
2835
5053
2639
2640
3806
791
5577
1403
5853
7437
5867
4840
7554
6747
458
1043
4880
1648
7619
3843
172
5742
4738
3527
2490
5121
2984
4980
1765
7367
2825
7319
1960
6526
6170
5754
1570
3770
7116
3472
904
202
3031
7518
2439
542
1369
1216
501
540
6904
6754
5326
845
3688
6657
896
4477
3639
1021
1295
1699
2199
7281
3043
6726
6428
1377
5820
5177
5052
4066
5140
549
3542
4227
5156
1592
5951
3817
4820
1212
359
7179
7385
5805
6660
3864
4000
30
4761
1140
7876
2282
4890
3329
3894
1890
4426
3148
1583
7807
7509
3197
5499
67
7711
7413
450
226
7246
2203
706
1695
702
1017
7846
6765
4890
406
5530
4385
2401
1599
7251
5758
7455
6688
5412
1488
1319
184
5447
2109
5880
7312
7543
3138
2681
2254
5100
1476
5126
5248
163
2822
3129
4150
500
1595
109
5817
1313
2940
192
4043
569
6984
7674
7295
5558
2697
5264
853
1600
484
7062
7530
3647
6179
375
2186
3324
5294
6037
6886
2266
7579
1686
830
6667
1095
4849
5093
6143
7132
5392
4182
7994
3854
5311
5231
4924
4147
4145
7278
6721
6158
4069
5161
5085
5525
3627
7267
284
3165
1732
6420
7055
4246
1703
602
4807
5792
2373
6789
4820
1562
3388
5177
4064
2593
2959
4093
392
6421
4263
2674
6570
3743
7887
6913
5828
5930
6445
2029
2383
3694
6160
7032
662
2023
2242
6516
7699
2986
6975
6572
4413
48
7515
1339
3317
2037
1047
6549
6973
4005
4644
637
2165
1577
4840
3413
2186
5519
5074
689
6916
1263
6441
3610
83
4877
5095
4490
3976
1781
4805
2935
2877
4836
7120
6037
5210
2618
6605
4636
6325
6133
2306
4994
5295
7821
5169
5474
883
284
2795
359
204
6895
3694
623
1597
2953
5857
2293
4433
203
5835
6796
4561
3756
4792
5993
1918
7624
724
1927
2492
3304
1394
7285
7711
100
5994
6603
6988
3770
723
4267
7993
1368
3713
4822
2180
627
5055
6721
6831
7348
1731
4273
597
468
2636
995
4463
5588
4746
951
599
3301
1624
4028
4136
7426
2993
3325
6957
7185
4676
4550
7097
180
6714
4874
4936
2799
7925
1373
748
5990
291
4838
975
2243
7815
7646
1536
2117
6765
5125
3533
1000
2294
843
3588
5623
3951
7031
5472
7627
545
7682
6136
3853
1309
3573
4483
6210
5455
6823
6247
5066
4559
1026
1916
959
6140
5516
5937
5877
7728
4587
458
5489
3066
1766
5830
5395
5738
4890
889
5465
1108
6114
6371
4214
6041
1507
1199
5943
7747
4643
2214
1475
6924
3866
3876
227
7610
1207
2424
7749
7191
1477
3428
2010
2923
6539
7498
4124
7214
2985
297
638
1252
3
7648
5409
60
5792
6163
5390
674
329
6780
585
4462
820
6421
2857
5550
4534
83
911
4725
6153
4781
2622
1281
5638
3195
6515
1703
3028
7095
3900
2240
1977
2980
277
7355
7554
2435
3062
3977
4191
3245
3408
3542
2404
3362
96
692
2728
6987
5828
6749
491
752
6722
5485
4957
1346
1389
6240
2126
3186
919
4970
4305
3159
7895
3472
1858
5209
3287
2358
6075
692
3104
5907
2911
7903
1967
7030
3519
662
5833
7685
5121
249
7401
1555
6153
6448
7665
1197
7865
6558
4956
6125
2938
5830
1506
638
4419
2344
2296
4114
6872
1051
7168
7855
497
919
6640
3361
1642
7119
7679
658
7965
324
2131
4575
4235
2233
552
5260
6714
5048
3027
5363
655
5629
5014
4800
3092
4626
383
7337
7201
3822
1764
6321
4479
1798
1348
6577
7800
577
1033
3849
7937
2433
7611
1441
1605
7669
595
7654
6455
1700
891
7143
2987
6194
2313
4306
2403
7582
1070
6610
416
6480
7649
7269
4726
2791
4937
6199
3984
6407
6764
6850
4625
2880
5269
112
2426
7925
3091
2010
3694
6067
790
914
4938
3510
2727
384
3489
6808
6321
2891
5165
7922
5108
5347
4499
6938
3811
7305
3053
3269
5492
5011
5298
6121
5037
3572
5631
6630
6507
492
1841
1483
3587
827
1731
1792
4507
6408
6553
4758
6391
474
4911
6157
2641
7192
1347
2825
7036
6901
565
2037
7304
661
5403
4309
2500
3796
5493
6663
2731
266
894
3127
7881
2643
4313
6160
3566
1047
4864
2132
1144
6759
3838
7400
7479
4202
6244
7504
2906
4587
2306
126
894
1824
4799
3282
5980
6492
5839
7219
106
518
5939
4215
156
2208
5241
7356
312
7621
1626
3163
5899
7300
1726
2933
4193
6294
299
4131
4051
2486
7292
7029
3146
6853
2804
1088
7732
410
7641
7050
581
6851
1233
2114
2827
3414
4644
5878
7518
3321
5911
6619
3987
280
521
7
6078
51
2447
900
3346
720
3406
1516
5302
4081
6131
4307
5553
3838
4362
4218
290
7969
3706
5889
1422
5737
4130
1484
6803
2160
6607
3789
6547
3027
4445
1327
7723
4706
492
2603
5673
4081
3211
368
6778
4131
3635
4832
7226
3867
6463
5699
2939
7647
5111
376
2925
5318
1284
5603
6905
1834
1671
973
3521
2400
6718
4275
749
6715
4901
779
7486
338
7726
3224
2043
2573
181
2824
4239
6814
6493
1283
180
6777
4548
6866
3831
1125
117
6717
3486
7996
190
319
7496
7490
215
629
141
1527
6611
167
2239
56
4530
5404
466
7089
149
4981
8
6246
7166
1801
7450
1237
5292
3922
3925
1083
6332
5114
2929
4691
1082
3971
2123
5138
5597
5655
2033
5664
1565
1111
3010
1045
4173
3716
892
4858
3425
1983
1947
5791
6931
5771
4425
4484
1003
4670
593
3865
456
104
5999
6194
6825
1669
6479
2006
5600
217
4440
5795
134
6328
3166
2178
5496
6293
5945
1507
7837
3002
3868
1139
125
7967
498
2185
3664
5920
6929
4088
6262
3913
1292
7880
7663
4828
2946
4469
1569
3373
4149
4386
4413
7052
3342
6971
7649
2834
923
7241
3992
5116
3197
1333
5495
857
571
1791
6484
4544
71
4231
4563
7708
7248
4154
1771
6433
839
5908
67
1261
4596
437
1846
308
2388
7202
1860
7148
1301
1925
6404
953
120
5417
2165
4786
6704
3200
2115
1884
4569
362
582
2812
4429
4003
4746
1637
308
7747
5569
5014
3526
6453
4711
2798
414
734
4415
7989
2900
2610
6614
1956
6029
6903
938
1991
2847
5583
253
4091
136
2927
7206
7
71
1783
5009
5557
2558
1491
4903
1847
895
2004
3927
2156
7348
2101
2976
3140
3531
874
6487
5544
190
2127
4788
1259
5246
4725
5643
2045
312
1967
7671
7412
7106
6861
2015
4822
4231
2196
5154
7705
579
6544
4487
3996
6216
2648
1
7580
5159
2515
3881
5742
1565
3183
2599
7909
7445
6863
4784
4484
5268
1185
7274
539
2730
6760
5647
3712
6705
6119
6338
3606
3863
7956
7317
7686
1300
2094
3087
6541
6445
3882
7734
2353
1355
7366
1912
3596
7623
7422
4815
4831
6727
3315
7238
2249
800
7529
5806
4947
4679
750
3082
4000
1802
976
7745
3771
6642
1050
6236
3056
3346
7884
6950
3085
6714
7418
6917
3396
3839
3516
5319
5690
6410
3802
5671
1946
1731
6699
1421
2786
2101
929
1766
836
6343
2808
6509
6552
2393
493
3292
6408
7061
5348
2995
5766
2172
3448
3995
6060
7971
5254
2280
2305
6277
469
787
206
5189
2907
5900
2745
1262
1020
6594
1801
3822
6934
6251
732
5018
7271
3595
6092
5014
6786
7454
5057
5845
2050
5904
2239
6516
2825
100
5289
3763
6785
3168
3335
6230
7611
36
5457
4874
5861
3869
6186
4582
6126
7800
5328
5749
3511
122
4281
1441
5910
327
1506
5747
7236
4242
5920
4952
1079
7236
1313
1241
9
677
2268
4040
2442
5600
6222
3591
5519
6971
5254
7381
5640
1917
1247
1109
5780
2211
1842
32
6437
5858
2526
5298
4671
1344
3398
96
4257
3108
4479
3719
6145
6140
66
2150
6292
4482
268
5777
4394
1036
6877
6941
1817
7526
6964
853
5383
7287
2704
3197
276
7682
3786
171
2299
654
5481
2198
2456
4132
3091
7067
6154
2597
1408
5658
352
1923
4810
3635
6681
6342
2759
823
3544
5706
2111
6476
535
7090
4017
4185
5076
2432
1193
2371
2262
6986
2158
3104
2555
2738
5136
625
4535
1385
6749
6656
3431
1290
7839
570
7132
3246
5867
3672
2652
1490
4659
5276
7598
5863
846
98
1442
7455
5187
6049
3008
7093
981
4404
1851
2474
6220
5255
7404
7921
2583
937
3730
1400
54
1603
3709
6426
2276
2974
5475
4579
1845
6491
5951
7805
4474
1126
6321
7349
3757
4935
4575
4134
601
3820
6736
679
3803
1894
5222
7441
5482
2388
1240
4980
6670
551
1274
1713
7062
4486
4108
2839
426
1533
130
4984
391
1652
152
2473
4009
306
2913
6515
7919
5407
7188
201
7652
1894
3636
4217
5731
2378
1967
4269
1017
6312
5093
2694
5789
2200
6379
3402
2282
911
2966
6948
5292
2514
1906
7017
7736
7687
7494
5018
7955
7535
1996
3002
4429
2164
7045
6001
3041
2681
758
6639
4102
4411
3549
1845
7216
7535
4560
1121
801
4108
2957
6231
6090
3277
533
4498
3120
6576
2704
5953
6166
1251
5929
4485
6703
7460
3158
5702
1604
2374
4741
546
3408
1412
2463
1516
6351
7803
7299
4279
863
2401
7155
6156
6019
4191
3790
4682
5337
1783
5629
1518
3260
5097
3135
7071
6131
1614
4568
7562
1405
2241
5165
7140
1553
5827
237
7763
6673
1392
7009
5051
19
6471
266
4467
7922
2848
6373
5743
6686
2311
5124
6296
5155
3771
700
540
4497
4511
615
1765
6732
5056
7189
395
3888
322
5847
339
4817
6960
3588
1532
5491
5204
3313
2764
4920
1826
7825
2457
7313
2832
3988
3366
6850
1111
3861
617
6129
7251
7632
1802
2754
2110
7767
7273
4950
4344
5824
4489
3296
5097
4191
1439
3395
7060
5233
5083
7888
7144
1469
7922
7340
1156
5947
2318
6017
5447
3563
2277
2079
6720
5219
147
7070
4467
996
4067
6756
4297
1088
5065
2085
1161
6056
5511
2040
2103
1253
1602
7592
2507
6092
3411
4559
1869
1441
766
6120
6620
2892
7730
6860
3007
5081
5183
6834
6795
6857
4429
3608
993
7547
701
656
3611
5382
617
6430
7092
491
4358
1830
6217
1894
7295
5681
3125
5682
1124
999
703
5962
7383
7580
1973
3655
5954
3775
7601
3182
3089
7044
3246
5678
2538
6369
7261
7983
746
7144
4261
7960
1413
5723
583
3764
5401
4169
1120
7711
2534
3330
1718
7068
4774
5733
7445
1217
1532
3237
2870
5255
5759
2112
7721
4527
5725
756
5929
1188
7498
7659
2165
3659
1493
5531
2143
340
4133
5053
5935
7763
3804
1752
5848
866
4974
7713
274
2502
5748
2885
5490
2199
1527
4181
3824
6845
2973
4048
6377
4712
3079
4853
2633
3659
1380
2096
5424
427
4468
5008
5221
3025
3604
5391
7627
6628
1319
520
1430
5259
7287
3812
154
2559
3093
2526
3964
7972
1254
6684
2141
7046
332
4765
6664
3449
6168
5319
1831
1822
2819
944
7541
1615
1967
2690
560
5474
5246
5160
7053
3059
1059
2920
4424
7669
3165
1109
5691
2263
6034
7171
2504
6631
3978
2902
2623
3482
2239
7961
2443
5924
5788
4194
4294
6201
5373
4485
7745
3672
7674
1943
2064
1265
4432
7954
7430
6159
6251
7828
5344
482
1173
1204
6514
4533
2117
5141
2384
577
4686
5097
2350
6985
2781
4840
7069
3961
6314
1398
57
7541
3288
7653
4102
1323
4564
1876
3096
4961
811
4863
2927
4178
6162
6253
3288
4905
3579
5928
5336
2170
6415
406
5801
6902
7333
1018
679
7676
6658
6943
6006
7734
1285
4533
7277
2366
4546
1025
970
1610
7902
3168
4937
5870
984
6409
5338
5082
5167
7879
2479
2215
4975
3855
3363
3372
4494
1560
6779
1754
4522
3319
777
3821
1914
3324
4494
3356
5375
2371
7966
4680
4284
2318
6987
1153
5768
3409
7335
251
2386
6734
7652
3642
4185
2104
4406
6318
5000
4349
6475
6718
6850
2839
2764
1815
5720
2674
993
6048
3039
2413
6844
5369
3155
4162
5273
5445
1353
6300
2816
5369
590
7899
6642
7818
722
3595
741
1439
288
7493
5747
3131
3202
4318
593
7363
4905
1199
4681
255
2725
3888
1853
4452
6658
6533
4105
1375
6081
5108
7956
4598
951
2321
7804
620
3659
2810
5626
7318
3724
5950
4104
957
4569
1551
10
1072
281
755
422
2692
3371
2098
5884
1568
1184
5350
3504
1156
3596
2489
6129
6761
7962
3460
2049
2552
607
2787
2539
2274
4364
3084
5900
6818
2886
3369
4645
5632
1282
1785
4488
1399
3347
1783
1015
5088
6875
5056
6262
3625
4073
2399
1662
666
6818
5602
1925
34
60
2495
317
243
3337
2392
2501
6917
3783
1391
3372
908
7164
2273
5968
5903
3585
5152
59
5226
2645
6459
7710
5054
3092
23
6636
4671
2804
4589
3780
7733
5755
7791
1287
779
5192
1327
107
1643
2346
5209
2247
5125
6751
3061
2435
2072
119
6046
2907
6235
866
4925
3551
7260
6326
1406
1296
7408
253
7302
2332
6993
5356
5635
1200
632
4816
5406
1224
6962
3565
4394
1147
3908
4012
7206
7121
6727
3761
2512
694
863
3706
7120
7630
186
3911
3382
3301
5690
5869
7767
944
7589
7616
4795
1829
4397
5271
4648
665
1625
4807
630
6335
4216
1901
7734
6595
4327
6130
1548
1394
4246
4389
4451
7190
4409
4310
140
177
4306
2012
7788
841
7982
7315
2217
5155
189
4044
1087
5942
6107
7731
1590
6137
3742
1769
7146
1318
4133
586
3209
2900
3961
167
4237
7493
3300
7512
2517
5227
1079
5637
4426
7589
5483
1211
1638
4809
7126
6935
43
4220
4947
3943
5177
6484
2358
6687
3058
4813
255
2901
5116
2237
1457
972
7788
3679
3322
7358
6929
4174
7349
1667
6870
7363
7107
4686
535
6835
866
2408
3692
67
1906
6187
3396
1861
2236
2543
3974
7710
1952
723
6134
5468
6650
3704
6374
1135
2909
5513
2856
4032
4057
7551
6174
3298
5499
5583
4198
1140
2955
2716
1244
2294
5353
7135
368
4489
2591
640
5622
6932
7475
2727
5840
4181
5130
6351
6593
7893
1009
6716
1020
5669
4336
7919
5888
2375
6734
3669
2875
6018
433
1595
899
700
7043
5955
3935
3217
2528
2014
2237
2351
7166
1934
3022
6159
7993
6844
7643
6959
5054
5501
5152
7338
2441
6175
698
6278
5141
4715
7544
5276
5068
4632
4916
2476
1279
1776
5201
5072
475
1719
2829
2923
894
1092
1282
2422
3805
458
1039
2186
4902
554
7950
7556
4618
3291
4146
2068
5648
4253
1874
2422
5077
4154
6607
3429
7234
4265
3755
5836
906
862
75
7569
3030
2117
4847
3902
7210
6740
7644
5292
6975
18
5002
4059
6971
6268
7730
7122
7120
6169
6210
7009
5698
3049
2833
6899
7115
6399
6074
7755
1190
4129
3704
52
3616
5261
6418
5827
2785
3402
3774
2134
452
420
2415
7284
2523
1526
6930
939
427
385
231
4106
6138
5198
6932
3030
6023
2577
5933
1646
2711
501
3796
2536
1367
6162
2916
6391
324
2158
4029
1190
3381
6944
7159
2767
7736
6568
2755
6711
2662
2199
4461
727
6793
579
5140
2054
3121
7790
7504
5489
518
7321
6523
4413
5104
1058
1857
3514
7792
5610
6855
3634
4661
1692
858
2683
6230
6570
630
236
2577
2787
6967
5842
7243
1344
4936
3163
3944
2370
870
2962
1845
852
4587
2851
1071
7585
624
5108
1170
586
5681
5195
6023
6174
6685
843
5418
6447
3253
7198
1210
1028
7514
556
1015
3803
7871
7732
4329
1653
2498
6345
3912
772
7500
4717
6221
7696
5008
5373
2389
2372
3978
1697
2214
3876
1603
2975
6659
838
4842
1637
6584
126
7619
5815
6218
4468
5732
6087
5555
7639
4562
5195
4600
4128
3210
4824
1067
7508
7557
4024
3697
146
4748
6053
4635
6905
1189
5145
3034
5192
6010
3728
5994
7626
547
2026
7382
2704
693
2747
1147
565
302
2424
1017
6512
5552
2959
2331
2781
7054
5522
5424
2770
3142
2872
847
6986
3870
231
1759
6676
3719
2265
3162
2711
190
6146
4933
6879
6610
3193
4117
4924
3545
3064
3143
7101
1802
2384
1774
3528
197
4403
3731
5900
1043
7550
4970
3297
6055
3025
6344
5198
468
7524
6468
2250
1753
5509
4220
6540
4737
7338
6700
4505
5760
6413
3369
3081
7621
7071
3053
4278
1138
4007
7874
3157
5618
2371
6369
1039
162
3794
6145
2652
6289
6981
446
1211
5152
4201
2504
7491
2379
4190
2513
2145
6730
3846
3789
6349
5729
378
5520
452
999
7472
2024
6369
7714
2349
38
2968
504
4629
3668
4117
5471
6745
783
3709
243
3600
6899
5781
2846
1005
422
6355
4059
2857
4291
6870
2943
3720
2303
1374
1094
4775
1340
4304
5
7505
6222
593
4271
3284
182
2575
423
2401
3652
1462
4285
3760
3388
5425
4161
726
7060
4630
2983
640
3582
3556
2716
5725
3167
5767
3347
1797
202
1685
6805
3432
3204
457
5306
7041
1944
218
5366
7972
1919
5962
1890
1916
1082
6484
3149
4076
6217
7938
836
6280
4933
5868
195
6816
1233
3032
2441
2564
886
193
4387
6232
1359
5672
7663
5244
6959
4890
7386
7993
7055
6046
5680
6222
3610
4863
4532
5541
1975
1758
7629
5115
181
7345
2697
4011
3375
3979
2715
96
6450
4828
1363
1285
3838
6177
1138
7196
2115
5276
7302
6690
7856
2027
3395
3921
7681
1341
4375
2626
1816
2921
4024
7908
7218
1176
7209
7052
990
2450
7358
1281
686
2954
3724
7168
7606
6999
2090
5748
6402
4465
2098
5921
5326
821
5004
7598
4185
7707
1249
1665
3355
4618
5247
2689
5473
509
2999
1508
2616
5507
2859
6884
5965
2518
3100
6830
2938
7587
5352
1701
4022
3446
2013
7221
7936
6925
4729
2151
3380
5771
475
1679
6872
191
2981
4609
2941
7390
3116
1997
1356
1173
978
4466
72
5945
1779
1027
3692
4212
4476
7681
2838
1287
400
3168
3426
4434
2072
1212
1836
6761
406
209
905
5240
864
2109
5656
5922
5158
3040
6184
803
294
3405
6294
4591
2965
2066
660
3550
6400
858
6155
5642
7905
7138
5927
7083
1940
4555
6495
5070
6203
4860
2826
1286
700
1840
6136
7270
4865
773
6693
111
3025
5796
4914
6101
4284
5457
5080
3634
716
6768
4750
4162
69
3953
708
3522
4685
511
6624
2424
4334
7788
3736
7556
1995
3813
762
6725
7421
1341
1015
7277
4383
5096
520
3351
7666
860
4554
3623
6696
1733
5632
1087
5724
4001
3756
5105
1524
125
1123
6096
7473
5405
3191
601
6225
3457
3943
6582
3974
5075
2357
6892
3539
2485
4486
4874
522
3441
7288
7564
4613
5056
436
4771
5531
7551
6469
4187
7470
7421
6234
4741
5172
3975
7282
5377
4894
248
4274
1237
5149
5841
4208
2224
7401
7043
840
2849
1669
6376
3933
216
7721
6046
2651
2217
703
1528
6661
216
7477
4175
2104
6806
4778
3489
6440
2795
4491
6908
4205
265
863
4864
1866
1866
1733
822
2439
7181
1407
4588
2233
1938
4916
1275
6584
131
5856
4926
2674
5063
245
124
3299
990
2358
2660
6385
5788
5918
3032
6113
1901
6340
3308
2361
5306
7926
5385
1284
3314
3047
6024
2342
6697
2192
6928
578
1419
7688
1020
5704
2125
4554
256
6375
3608
6157
2321
5094
2028
7082
2767
446
621
7519
5951
3654
1375
6628
3191
3866
3985
895
2213
795
6013
7075
5727
3832
4447
3732
7557
5945
4577
5374
2010
2761
1085
2312
2058
1373
5077
1625
4217
5263
6252
3798
315
6619
2819
2391
1624
881
4395
267
6432
156
6828
7721
3409
7818
3881
3808
3789
556
6827
4402
725
7991
6698
6457
7080
2096
7656
6739
4336
2721
7479
2920
3967
4094
3021
7160
3716
1633
1344
6464
6650
1204
5031
4848
1541
7753
423
4126
398
2028
5305
5507
3161
7907
1615
2056
5979
7010
1984
1360
4637
2444
1284
5349
291
2461
7216
6134
901
3684
4849
2570
401
3321
5631
5083
1232
910
4694
5020
5214
5977
7097
407
131
6571
2333
6799
2052
5721
5346
1915
5686
4811
2405
4111
3707
2388
3823
5581
3729
1282
6462
6696
5101
1215
4943
4889
2343
6899
537
6738
4198
1176
2971
4887
1264
5492
1527
4812
4686
1391
6802
5819
6546
738
3327
4004
6087
2050
3116
5420
5463
3613
4051
7239
2998
1129
78
3424
5978
1022
5506
2434
5549
4066
1357
2793
7860
1389
5788
889
2592
4101
6920
4009
3361
5059
4296
1507
4417
3618
5742
5426
3207
5441
869
1114
899
7752
7193
3979
2417
3151
2630
390
6626
1132
7954
7094
1034
3515
3342
4461
4960
4269
6750
2815
3956
481
2299
77
2226
3543
2220
905
336
2585
7371
2193
1708
6860
6899
5842
1268
2703
4573
5337
314
290
5754
140
3846
1424
7671
4530
6205
5364
4782
455
4743
2610
1958
1165
4318
2799
1771
5496
6042
4198
6714
6494
4248
3101
6664
7542
6868
3678
91
2234
6583
3559
3038
3575
6611
6924
2161
4851
5883
7794
3093
374
2010
809
4790
7921
5396
2241
7855
3139
7780
7217
3199
1348
7393
7489
7824
7040
7611
434
2268
915
6037
1763
3749
7536
5792
3625
3486
1176
6494
6706
6955
4516
6301
817
7637
3057
6576
4201
1375
153
829
1690
1676
686
2285
2855
227
6251
2386
6692
4505
1965
4346
5185
7448
1615
603
872
7078
5262
6914
2940
6328
6175
513
6631
3893
3012
6908
5197
5104
3676
2674
1339
5970
5809
3004
5834
5266
3331
1513
7192
5531
4018
2891
2488
5354
5575
7157
4244
7627
6547
5275
293
536
1917
3001
5286
4079
2200
2846
6245
5644
1428
5154
761
3863
3861
3991
4428
2642
4823
7480
85
551
239
6606
1451
5728
7883
6808
3400
718
4016
6106
1880
3086
6269
4226
4438
2341
6689
1715
4570
1228
3029
3307
5272
5771
7172
6334
5999
858
5419
232
3418
3726
6007
2995
5549
4837
5822
1177
3923
6058
679
7521
956
7493
1216
6514
4867
4921
766
600
1664
2415
7828
5318
5511
7563
5035
5012
6762
7316
6999
7356
7347
573
4797
2699
7675
3410
161
3549
577
978
4394
4479
7266
3336
1195
7878
4542
7130
3595
6958
4153
3341
6607
6855
3234
4176
5616
1997
2176
6268
2317
4083
4414
4059
3363
72
5714
1422
7909
6287
3383
4871
6548
6577
6742
1502
4399
6031
3608
3821
2342
1206
7446
7760
2441
3595
1510
493
4652
3488
5735
1661
658
7568
6143
5489
1166
3956
2781
6303
7239
7533
1049
7513
524
3059
5203
4810
7825
2209
161
5450
7184
5193
4650
4064
989
5884
6778
4654
2326
715
5784
1767
6176
2272
5464
5778
1676
2612
1307
6305
1846
7421
5266
6400
1262
3484
4141
1596
658
2855
142
4321
2255
4856
2169
2177
1453
7875
1633
1241
4106
5290
2987
155
4242
1620
6849
1613
73
7755
1526
7279
5387
5883
2882
49
1240
182
7824
5637
7228
5897
3383
3789
3833
1807
4439
2281
5480
145
4055
153
4399
2511
394
5577
3444
7191
6837
4514
6038
7700
4311
3302
2593
2566
4046
5374
7889
7818
6313
3616
6697
1721
1419
6262
4865
571
6526
4875
4145
3942
1472
6303
6896
5483
4909
5481
5001
3927
4617
6734
3175
2517
3445
6470
7977
1084
2108
1521
7406
2778
4084
1475
3246
2222
3485
5091
7279
1167
3154
6806
2295
7119
1229
1768
5637
7045
2921
1907
7660
