2059
493
1663
2961
6749
1661
2866
3872
1733
2769
942
4964
7180
796
3751
2512
5819
2178
3091
4471
5608
2377
5345
1814
776
6159
7993
1344
2221
7738
5244
4590
1743
859
1773
2310
4253
2564
7824
926
489
2013
3387
642
5572
7265
6413
7154
1478
4179
7963
4899
6269
5288
745
27
3553
2584
1390
6573
6496
2564
7886
3891
6770
1544
3039
7465
7129
1818
6479
1260
5049
6531
3437
5000
4094
5439
5672
4678
4969
378
2448
7315
1954
2059
6763
6019
3676
1307
5335
2708
2440
265
2874
1228
3734
671
6041
7424
7312
7828
5175
1941
7484
7631
7678
3986
2859
3540
6036
2269
5995
4463
117
5449
2880
2986
3917
3919
1877
1515
6992
3442
561
3204
1803
7484
4208
1814
4711
1556
1215
3487
1052
7343
2896
5243
2667
5160
1524
598
1234
7216
2154
4869
7392
2325
4926
5724
1355
6317
4294
5628
276
3282
3396
4814
5516
7365
222
6998
5661
7649
1943
7378
252
4678
264
2979
1667
1295
4641
550
7644
4868
2140
4663
826
1767
5309
5375
4596
769
5127
436
5232
789
3223
5013
697
1050
1844
469
3463
2916
561
200
3604
7891
1639
2624
791
5150
2941
4962
1363
418
99
5827
3260
5839
952
632
5458
5645
6215
4783
4187
4585
1378
1447
3915
2729
4944
6308
23
4831
7760
2081
4987
6332
2692
5057
1647
7595
645
1163
5824
2476
2739
7002
7105
3143
2892
6149
1084
7388
481
1467
6909
4869
2453
2469
7610
259
6769
7718
4622
3724
2923
6577
3705
4165
1055
5814
3463
6268
7487
3864
7396
3870
2528
958
5160
4978
243
39
4654
7464
6753
1387
3214
803
5503
3962
3150
3038
2217
7551
2034
5036
7524
2116
2988
865
6355
818
4324
7361
2189
1685
2315
1356
3473
901
1371
2292
3160
3831
3427
6944
1737
149
2985
6611
6388
5844
4370
7315
2471
737
4496
2662
3062
4455
6716
1480
7805
2306
1099
2863
2362
1031
3267
6131
6975
3097
164
4451
7860
4397
96
5815
3985
7623
463
4785
3290
1925
1980
6205
7355
1247
1341
7095
4993
2141
630
6006
654
7343
3135
338
4882
5984
358
6135
3323
6030
2097
6895
1360
1721
4339
310
473
7432
6315
2814
3065
4838
1113
4944
2305
6362
2241
3118
4027
3522
5674
7398
1495
7812
1580
892
3448
678
4099
5421
6637
1163
7973
5649
7712
6448
7223
4916
7614
2977
2029
7269
854
6254
3976
7541
3710
6298
1230
2006
6375
275
6332
5693
677
1776
5034
2798
575
6393
5016
5298
1562
5720
1101
2469
2537
3000
840
5647
2003
2853
4505
5790
6795
6285
1349
3941
2934
2377
3956
274
7430
6030
6509
6362
7447
6365
2514
39
7398
2885
669
2536
3753
3263
1728
7428
4005
2737
3642
1934
6871
3265
5843
2174
5014
3401
4395
3352
3209
679
3572
2192
7506
1929
6758
584
3715
4365
5189
4584
3287
6769
488
3244
4296
5317
3709
4401
4821
5060
6283
5994
5535
5386
1138
6704
339
3865
7219
7657
2671
5132
3827
3592
1424
6052
2560
1499
5189
3844
1548
4336
7339
3141
1130
1881
7400
4049
4887
5073
6118
504
2469
3163
2663
2631
2236
4945
4520
6320
6019
6617
684
6891
1735
6340
1353
3197
4637
6661
3857
945
4197
2268
447
818
6285
2939
3372
4409
7430
7112
4988
7955
944
767
6057
5602
881
1927
5753
4793
3428
5369
717
762
5353
433
2620
4889
1091
2916
1060
4870
5727
5187
3336
6020
6351
549
5329
1887
4837
6645
5914
5781
41
5853
1571
3082
2605
1209
3849
4093
3909
4675
2710
4778
1709
7597
617
5209
5726
6326
4544
7841
1969
1169
5039
7786
5967
6493
4423
5532
7076
7700
850
897
6450
2695
6041
5649
7527
2040
4416
5701
764
3545
2982
2986
17
7394
3811
2946
7196
2966
4444
2278
5987
2097
5583
5884
5967
5879
32
498
1764
2297
3099
6499
5731
6372
5706
4945
7287
5904
5330
1242
4874
7610
6583
5274
7435
576
5032
5666
4007
3124
5364
7027
2611
7697
243
4177
4229
4329
2457
897
7624
1162
2597
4665
928
5078
2608
7623
6230
2084
4798
5217
3273
455
2368
3500
761
7242
375
5630
6826
6037
741
4813
364
1128
4067
6104
1565
3388
796
1205
6537
6023
6719
3032
2688
6764
3876
848
6478
7853
1632
385
4212
7957
4863
1835
7036
7420
3794
1667
3575
7225
7169
4331
1694
3604
5014
5611
3156
5041
6074
728
6173
4836
4004
7534
6963
7845
4838
1756
5602
7156
7291
4903
4642
1703
1512
3484
2947
6755
7157
7359
867
5068
1313
3614
1291
4919
2334
1222
1864
6179
4388
1594
1217
4088
460
5777
7454
6020
3485
2351
2827
719
2755
2795
3504
5845
3805
1267
6672
905
6889
2846
5420
3185
6975
2485
2542
1475
5208
565
5340
2270
5213
1972
2118
1783
4953
700
3456
3366
6057
3240
3307
2977
6565
2720
96
6188
5632
5663
5897
6370
3333
32
6386
2901
6168
1841
6931
1691
5099
5434
1767
1398
3331
1765
2563
5760
6518
2561
432
3336
5239
5583
2383
4937
2629
7884
4641
2086
1547
7787
4771
5229
4843
3584
5900
2367
4879
1585
187
4897
2271
7410
2839
4600
3699
3470
5362
4018
5005
1454
6803
1665
5709
4930
2406
3197
7174
4486
6408
4307
4647
6738
5758
3186
1995
5639
2154
5318
1628
5854
6091
5679
2224
1923
736
1159
6259
2844
213
653
2343
27
2659
2971
6995
7284
1576
3137
6132
1372
922
4024
7425
4904
5583
548
2312
1055
1494
1304
2822
7791
5152
5028
1498
4907
3972
6196
6578
5758
2997
3306
3396
3190
1382
4834
6005
4494
4345
4328
579
4648
7004
896
4819
4829
6191
657
7425
6560
4144
3071
4374
3711
4832
4229
2418
239
3616
1960
3563
614
6934
4732
6517
7349
3597
3058
5429
7396
4732
233
391
4401
7998
1501
3702
3316
4414
7953
513
1131
3398
7134
1244
6924
7258
5802
5621
7350
5928
7895
2200
1638
6385
7769
5608
1649
1406
4992
4221
5069
6525
7383
6677
4223
2303
7143
3946
3503
2775
1356
7167
3412
7330
5898
3815
7470
4425
3760
325
1310
7704
1399
1385
6946
5379
2343
6252
7039
2759
1013
4190
6539
7795
5315
4793
2197
7785
5437
4942
2120
7746
124
1504
5242
1774
4779
7550
4669
1228
512
1863
776
2720
7136
3378
704
2304
7710
1992
5135
1954
6547
7913
393
4520
1260
5267
4091
6623
4720
2426
7942
2583
7382
7681
2739
2981
1743
2591
1453
6250
2382
3835
7229
6828
6494
7501
6932
7176
6006
1523
7142
4594
7664
266
76
6799
1847
6959
5792
6672
4758
6578
7949
1707
129
4673
3296
819
7062
6778
2142
685
4419
851
6188
6918
5268
7950
7728
1594
1135
669
7578
1995
7776
2725
5537
6745
2461
21
5828
5343
3717
4734
4735
1421
290
5516
738
6285
62
2181
1244
3441
2314
2216
153
915
3971
6756
356
3429
2420
6094
2113
3562
7128
5950
590
2898
5572
636
3659
1952
6600
2368
5986
2038
4597
565
546
2005
6315
2540
2478
2219
2924
322
3865
5984
5634
3422
7535
6309
2135
4200
5808
310
3068
6568
5282
6323
7515
6240
972
6421
7451
5689
2307
4826
4157
5294
1234
6259
5220
151
6752
2015
3988
1688
4255
2512
4044
4995
1602
652
5959
7535
5110
7488
5935
5109
6345
7165
2096
7614
25
4876
136
4226
695
518
3527
5391
4711
1064
5369
327
6020
4121
4560
6291
4079
2898
1282
1998
4369
5972
3874
4439
4880
5002
2646
4904
1535
2347
5815
6384
1582
7177
5882
1702
2330
3061
1773
4985
710
5250
5483
6915
5986
7230
2955
2513
527
7190
3822
2415
2044
5640
5018
4004
6172
3942
908
829
4755
4966
2570
2014
6694
4004
3387
4443
3651
4257
3740
4002
4596
3813
6054
3781
7498
5893
1096
6756
3988
1764
2776
3436
4241
7908
6600
194
305
3298
1129
1458
2554
5619
1663
6589
6491
6411
3315
2438
7993
3877
7127
5731
4222
1343
1082
1493
3692
3083
6718
5419
3045
4828
2104
7263
3342
4195
10
1381
2948
58
7633
5829
1892
1422
6508
7677
6670
6899
130
6677
2801
1424
71
7138
4082
1213
7451
2893
5462
6063
5769
3251
2852
3535
157
1782
4753
2909
4208
5771
5244
6542
70
1980
2387
5604
2183
6742
5338
4976
7175
47
4332
5482
3985
5556
4928
3918
4670
1855
1307
1330
2137
3321
2473
7093
3595
3928
6566
4931
3836
7754
1330
1930
3589
6643
333
4623
5570
6568
148
1033
6116
5890
2165
675
1203
5357
3453
6598
352
4673
6566
4379
455
5995
6744
42
5542
324
3148
2889
530
2620
7760
777
2773
4993
5091
712
4169
2562
3300
2562
4306
4999
274
1307
5543
4372
3398
921
3086
4531
2230
7156
3943
939
7657
4416
4657
6662
3862
4771
5918
895
4879
2398
3466
2192
7896
4868
319
3257
5666
5964
2939
990
4053
1958
225
6801
1774
349
3319
1904
6538
2555
3877
3683
4149
4262
4747
7128
5029
7991
490
4593
1296
7731
4039
6736
675
4069
2415
1623
5849
4943
2462
928
2800
3314
1214
3165
4552
7267
371
1082
2507
7353
7698
4985
7125
6713
2509
6191
2617
6158
6085
1233
406
7358
114
5518
1272
762
6347
4147
6232
5909
789
6801
3329
460
3572
2346
7164
3659
5006
2585
3383
5884
413
1581
2022
6195
2563
4033
3676
4666
5599
7299
3990
5248
902
1902
2395
862
3875
1328
4366
1273
4155
4012
4729
2162
5599
5287
1237
7626
847
94
1392
2122
3052
2211
3411
403
5980
2557
2444
4541
6361
3469
5923
2376
743
2529
501
3957
3844
756
1604
2477
1553
6913
4642
5064
2283
7439
4638
6877
2967
5862
204
2694
1462
6159
6480
6204
3378
3201
7040
5566
3240
5639
1241
7410
3248
3894
2119
2385
697
4529
7261
851
6162
6444
353
3865
7003
6940
6203
2896
578
3840
2807
5717
5274
83
440
7928
766
3567
4252
686
3211
237
2523
3794
411
4211
7624
7295
6595
1519
513
1222
3224
7883
7800
6425
106
7951
1046
786
4486
2428
7984
2724
5036
2647
6608
4249
486
899
435
6128
1248
7289
6209
6411
4806
3365
185
4666
7312
7423
684
1113
4195
6226
1687
7829
2464
343
7312
872
5055
4039
5354
7718
6365
2012
6083
7620
1916
936
6113
6254
7516
4897
1463
678
1871
1395
6139
3400
676
3862
3653
4630
2492
740
2096
7446
6177
1442
1519
4918
375
6651
3522
6378
6562
1509
7809
40
2371
3005
4515
7554
84
2663
6046
7299
6823
4064
4116
3789
3324
1509
650
4438
339
4293
5013
5422
6307
710
5716
6449
214
3094
2815
7060
6606
7389
1801
1357
4895
2996
1939
6369
380
1012
6489
7261
4327
2926
7914
2753
1874
3629
368
6516
7264
6614
2312
5960
2622
684
1038
7944
6657
1424
4963
6291
2635
5006
5306
2549
2665
1439
6456
1840
6890
5495
4104
3300
1248
7369
2822
3938
1981
2981
2702
2413
2733
7431
5133
1915
7274
1196
2368
1291
6029
2989
4054
6389
4665
1718
6401
244
4450
2119
7293
5288
4096
367
1976
5716
5640
3965
7236
7502
3380
3492
7589
4328
6583
7631
1872
5191
7686
3751
7069
3525
4804
7694
2387
3003
7771
3919
1870
3918
2587
1263
6597
4293
1472
4323
6583
6308
3296
6711
465
1597
339
3397
5160
5188
863
2857
4819
7984
5712
5660
4239
1282
4093
1182
6918
5773
7655
3516
6798
1819
7741
4608
1343
1986
6416
269
2622
5378
3278
5682
3349
2597
7881
793
2842
1770
1748
1717
6870
471
5434
810
5532
6269
6077
1404
3630
4272
3335
2335
5858
2688
5247
1038
4684
7768
3039
7675
6377
7661
4533
7546
1277
5379
1442
6076
2062
3295
590
4181
3890
5492
438
7062
4233
6224
5360
5607
4101
2381
231
1617
3
1207
4782
4592
336
259
851
896
7986
1097
2577
6070
2023
7354
1410
4156
726
7422
1199
6796
4272
6436
990
2286
5967
5309
4120
1446
33
2333
4718
7916
7051
2697
3337
869
890
67
4269
1745
2835
143
7638
3629
6383
7660
3054
2225
5117
5331
6249
2306
331
456
6650
4555
2502
4290
6430
1506
7686
7366
3836
7298
5776
4950
5895
622
6744
4931
1503
399
7751
3736
6551
297
6089
5385
6889
6050
400
1291
7467
5069
5313
2872
4304
429
2163
749
1008
6008
5235
160
2706
5070
1321
2666
3749
246
6118
1812
5179
2084
6857
965
5757
7733
6743
1043
7036
6474
3530
7098
1347
6473
5243
355
663
952
966
3040
6992
2860
6886
2535
2348
4310
2149
5746
2467
338
7505
80
7625
1762
7654
7023
3478
4948
1094
5836
3850
3872
6401
1229
2139
5246
2433
5869
4640
4853
3418
5916
1864
3501
3654
7009
6666
2730
3884
3086
232
5197
7262
2291
5866
7454
771
2253
405
5846
6796
6257
1298
225
6284
993
2139
4135
1947
160
2428
2780
7795
2308
7057
1124
5138
2069
1868
4297
797
1043
4358
7019
3069
7932
5703
7227
1035
1534
5371
1944
3633
2374
2727
1974
578
5308
7870
4540
2906
6603
6603
1747
6117
1360
1766
3788
5876
2396
2124
6691
1172
5796
764
7425
940
3700
7298
1204
5972
4495
4074
5617
5079
2724
4434
1615
2756
7411
4756
4639
576
3812
6437
16
3132
3688
1648
2549
4977
2244
6689
4948
5003
3938
5982
647
4912
4402
2889
1083
7528
253
6904
2256
5840
1970
1157
684
4272
642
5272
103
2236
7842
4005
3725
2153
4970
9
487
745
7147
5756
2446
1650
5842
4110
6188
746
7748
4560
5037
2464
5613
1109
6976
5931
1516
5604
5850
928
7623
5932
1423
1542
1150
7227
2797
4311
2174
133
3907
3031
1947
4769
4419
7679
1854
4296
6939
6325
3292
32
1678
4405
6687
6835
1944
4581
6100
7111
4612
7619
3346
149
7408
6807
6628
4912
6727
6300
4207
6156
2824
4442
7909
3415
4880
2624
1716
5460
2421
5850
1810
4599
7020
3962
4138
7177
4123
3975
2280
2228
7653
6726
7250
2251
4187
3313
2362
3947
4337
5893
2185
2481
3425
2455
6146
5800
4116
5920
3862
5619
3688
4738
4311
3434
868
161
2741
2228
1059
7556
6177
324
3454
2650
4511
72
2729
6903
6167
4184
585
4990
2631
5044
2436
4219
4528
4220
4691
7491
318
2407
1787
1029
2903
3519
4666
6948
304
6129
1604
1613
6729
2358
273
1660
3524
5869
959
7147
6300
5173
78
1209
4570
3503
5681
1707
2044
3534
4359
1158
6493
6709
6249
6483
2379
6789
1169
7872
2780
4289
5656
4413
255
7736
5763
971
4717
4632
5724
4067
7317
2855
6059
1416
3803
5973
2010
5288
5386
5194
2533
4492
2561
4016
7250
6123
7042
6004
116
3774
7029
1023
1284
660
5492
6315
6552
5570
7125
1418
7889
7993
6201
187
6722
4161
2844
2109
4616
4854
2184
2589
5318
4312
1218
681
6926
4207
921
7616
6100
6784
5115
3749
2802
2480
3486
4122
4890
338
167
4625
5553
5844
4103
31
4200
4006
6507
6722
7836
6826
7390
5180
4162
7520
3582
1183
6690
1769
5213
4632
3925
3558
3271
393
2794
5051
1589
382
596
892
6132
4667
1878
2270
2784
6796
4570
1909
5085
6267
1370
633
6330
701
7906
312
5999
1692
5686
4216
3589
7057
4997
4184
5789
669
1084
166
1831
5025
4752
5600
747
7619
6932
3034
5396
1568
6896
676
779
4478
823
7610
4926
1238
3816
7756
2278
1138
3475
49
1902
2128
4505
2265
2001
3167
5036
4242
3140
3948
7065
7914
7547
4644
5487
3685
3936
7041
155
241
4181
1401
6456
3850
3660
7053
4171
359
5853
1088
6257
6526
2560
350
5609
6523
1520
5528
6879
959
6512
7116
5495
4896
3397
6912
1512
3547
589
1433
4188
6464
7620
3174
7984
6936
4751
3875
6686
4613
3259
2414
7651
4788
5528
1467
1873
804
1076
4300
4928
6701
1632
1219
2750
947
531
7259
3605
2019
3966
7574
408
6200
7608
7021
3910
1893
698
4225
4756
513
6546
3248
7688
1976
3598
5638
7677
1121
100
4613
7626
5050
5075
4027
358
1833
7880
604
3557
637
5697
1251
7114
3242
4656
7842
2679
6572
6172
4296
6117
5999
3898
427
5326
4471
7203
114
6774
2515
4922
4710
3786
4692
1300
7965
7776
7197
5148
4034
3287
2729
6068
5036
6775
5200
1054
345
7837
3049
2726
5003
1701
5006
21
1893
5217
1533
1267
6437
2258
5487
398
2808
3113
5067
966
4535
3470
7178
5859
1460
5456
5091
7963
252
541
555
3925
2801
7920
4359
6742
2966
4164
1426
6237
4159
2345
488
7352
5953
9
4480
5090
7339
596
606
4185
5871
3183
7192
541
5382
3490
5524
2213
7686
5171
733
7148
3198
3721
1775
7916
116
6533
5203
1762
7232
4128
2934
7009
2834
6968
3890
5353
3433
5140
905
4523
2087
4002
6626
6658
1625
2028
7993
1753
433
5974
5818
3546
7542
6840
4423
6997
329
331
58
7357
4353
1457
3214
7870
3675
5364
5478
270
4622
1969
2601
224
7973
5189
11
1701
927
5515
2632
5338
1071
3393
1886
6088
12
5489
4399
2276
7025
5391
1781
2134
3544
727
6637
6333
4673
7261
1254
7966
382
2405
5781
314
185
3361
6948
2358
1043
6837
5491
4739
7092
5958
564
5513
3321
4669
7906
6570
1686
6951
6642
7720
91
706
6487
5333
2795
2647
528
686
6569
6392
5609
1723
7588
6696
7130
955
2295
5986
3126
6833
2851
3223
2593
3796
2668
119
967
7177
4362
5335
6105
3210
874
4907
2297
5248
837
4405
3257
2348
185
3466
121
6095
1020
7558
938
5620
470
1320
6327
3671
4519
258
6540
880
6533
3108
3341
3241
5730
5685
4459
5504
955
5496
3425
6105
4554
4568
1991
5992
953
1729
5873
7352
4404
2053
2797
1329
3598
1179
6583
5324
384
3919
293
6631
2870
6710
7459
3583
7499
4942
7451
1460
3210
2189
3573
3705
5322
4516
6502
3893
4426
7039
5900
6151
3701
5815
5931
2864
2365
4418
985
6070
7618
3767
1225
7280
79
556
255
6833
7918
5042
4620
2354
6296
3116
1715
1905
5369
6507
5839
6193
4226
3620
5148
6161
7789
4562
7611
7154
5156
82
2016
4025
7692
6933
5421
2228
295
365
1495
7179
2220
2121
2105
3003
2525
1054
673
7148
1626
3126
7259
4409
5287
676
3556
6301
3147
1367
1690
2606
7250
6817
6905
5810
592
2283
5962
4013
6724
1335
3498
3235
7916
5420
850
1085
7735
3805
896
4541
7282
232
6572
2881
1492
6902
5138
7158
7042
7590
887
6851
5121
7962
7854
6115
1592
5801
824
2938
4855
1761
1891
5998
2444
5151
7700
1350
7880
3437
984
6023
7650
3302
3102
2851
1843
7000
540
7876
978
7309
1350
7891
909
1570
3841
4335
6990
5349
23
1399
3454
3784
2556
760
2259
6787
5557
4087
5726
5230
7431
7732
7177
5545
6578
4447
7939
7871
4052
389
4453
1404
6751
5986
7050
5984
6003
3199
2120
4787
6426
6365
7829
1112
7353
1378
6034
2718
7459
7948
2566
7649
1484
1807
1044
1212
1170
4924
6150
1659
5631
2512
6849
7984
3642
2510
227
7197
6864
4246
5546
7695
638
4120
5567
6517
5369
3561
4079
3277
5841
1928
2607
5535
6483
4910
2314
4327
3715
7389
6862
6258
6760
2216
7525
7384
6897
6645
6082
6751
1349
4993
3564
7607
6092
1186
7309
5834
5165
2338
1133
4634
5048
60
1929
7341
4310
2372
1564
3285
3895
2563
4806
2589
2619
7715
494
2688
812
6659
7801
7218
429
6534
2714
5893
4690
2648
266
3581
4861
1625
6541
5141
4707
2492
4111
5053
3862
282
3484
7679
6749
4623
2870
6311
6059
6517
479
3203
5157
1012
2031
751
2553
1567
400
4439
5428
232
6966
4556
6119
1815
5937
1697
6509
7235
4841
2743
7127
1028
1348
4718
3190
6388
7601
6395
387
2124
3979
7419
4600
1494
5508
419
7041
5571
6297
4643
4883
3834
4081
6771
2389
4644
3458
5567
3367
6941
2053
60
4165
839
2330
3307
2595
6051
2786
3657
1802
5515
7679
1686
4294
1690
7988
2290
3457
1141
1632
5101
5014
7102
2454
2899
5652
4580
406
4288
1407
3508
1675
5405
2095
7801
6594
5806
6031
2411
2797
4095
1846
498
1715
6167
7831
589
2794
6349
4688
416
2428
5977
2993
562
6714
7125
2287
30
4530
1474
6663
1417
788
6475
7820
5423
6570
5937
7765
5015
4030
7537
4938
1812
1667
517
5453
2246
6522
5528
6366
382
1638
5171
6938
4550
599
338
6976
7833
7817
7500
1291
6524
6039
7528
5117
6142
7048
2532
115
3312
1419
636
6704
1128
5918
4325
3955
1312
5491
5331
972
1453
2187
3991
7707
2072
6333
7281
7698
419
5045
6413
7974
3959
7938
7171
3516
5439
2332
6800
6231
6908
5726
283
7196
4181
6556
5106
1051
7170
590
360
4707
2415
5380
7083
6154
690
6905
3011
799
4092
1265
6426
6908
6389
7684
2579
2195
3014
2406
7184
7522
5971
5772
2655
1249
1267
4256
7078
2619
2170
3871
6602
4359
6909
1984
1942
297
2911
4626
1859
65
5236
2703
5827
5699
4586
6600
7691
3667
1748
4071
692
5504
5046
6565
6709
7677
1412
4479
5529
6029
7506
7517
2645
3403
7857
6135
3065
7050
3321
3362
38
2816
1349
633
2911
3673
3245
5430
476
5320
4474
744
6386
176
99
7474
3255
2841
6013
1779
6738
2580
385
227
1651
1785
7847
3060
4648
5050
3995
3675
3919
4888
4508
4050
573
4773
638
3729
2545
320
3898
2747
7921
4745
765
1756
2750
1737
1259
6251
112
6746
4614
6247
6304
1644
6236
2025
746
2068
5065
7203
4495
3533
5742
3464
2641
5956
618
5438
2525
5935
2352
6797
6953
4120
207
7343
2718
5726
6012
3272
6071
5312
3641
4516
3368
6465
7617
82
7955
7899
1332
1688
4005
551
1454
5192
960
4735
5098
180
4649
5377
3797
1640
6387
4654
37
7853
5547
7745
6233
3797
4630
5324
7167
4044
453
703
5659
7677
4424
5958
2758
342
2693
7739
2337
6148
3770
6365
7030
1607
7581
2330
735
4944
4368
164
2336
3408
6160
2934
7376
2891
3116
4725
675
6487
5826
1321
7115
6435
6976
2675
3673
3665
1235
3460
3970
773
6073
1142
2671
6350
1724
2571
2101
5195
5865
15
1679
6120
1587
5328
3780
5577
5752
6365
5956
4519
2710
7255
116
1356
5627
5739
3667
7349
2559
6414
266
4093
6670
4404
2440
5310
1539
1345
4489
2321
4835
7170
1980
504
219
3338
4359
5653
7151
6496
3147
2344
4470
4418
1194
1675
5956
848
4297
714
7365
697
1113
7172
995
1373
7566
478
4186
521
2358
7893
2654
1491
1235
234
7534
5809
3136
3237
7562
2464
2526
939
1745
5125
2125
7203
7664
3653
1101
4003
2576
1399
6007
5339
1025
7559
5146
2021
3941
6163
7812
320
4127
5690
5811
655
83
5241
6453
7536
5951
6554
2528
6664
4967
2472
3474
1521
5264
4892
3096
1705
3675
7745
4427
7726
7790
806
4032
5332
4469
4945
1527
489
5269
3190
7850
130
2947
341
3420
7104
7286
6715
6541
5934
5307
7775
4743
6210
691
4634
5747
2022
6160
7073
2739
741
2229
3108
6161
7353
6149
4488
7789
149
5692
7921
6470
6716
5753
200
4582
682
4457
4135
3426
6416
2345
406
5239
7926
4905
498
4158
2509
3182
3565
6416
2390
5711
1384
6093
17
136
2995
2274
4884
4659
7898
2092
2231
3944
7204
5907
6099
6949
6419
6403
1329
4624
1815
2060
1612
379
2056
1898
4496
4610
6944
2599
6178
1910
6880
6511
6474
3798
4948
5270
6828
4234
14
5426
2240
2556
5749
4
5051
4246
3975
154
2929
7968
6917
872
1928
6807
6470
4924
1461
2726
1352
317
1944
488
4771
3514
5296
5665
6056
4695
5425
4119
7923
3118
498
1930
3178
5768
6054
2942
7658
1478
7820
2572
5335
2331
2327
4074
4786
6316
4669
4771
4886
5634
1516
192
4826
7769
1081
2701
4824
6633
7746
5593
7136
6239
3362
247
4273
5773
5482
3333
7409
3269
5508
4988
3351
3414
3661
2236
5927
4640
5668
3900
8
5253
3633
1216
7898
294
4680
3240
7728
871
746
6251
6524
2275
7310
2191
4588
7580
1088
4719
6802
929
5578
2192
1690
2601
4042
240
4890
254
2746
4893
3851
359
1667
6634
7685
160
4781
3966
3469
2477
5116
5060
3664
2169
5123
6699
2883
5198
4942
7088
6780
7062
967
2196
5311
6593
417
7633
4518
6985
1598
6622
6558
7197
3516
5522
5326
191
1480
3654
2650
2596
3885
1499
6336
1118
2069
5503
3964
1565
3099
5300
2138
2310
2437
4093
4027
2684
4664
5184
596
4251
2256
5053
1019
5773
6167
1259
2616
7160
1977
5334
877
903
1044
7195
1328
1125
2306
4173
7263
6412
203
5508
6130
5617
4382
1137
1199
3091
6560
5257
3963
3261
2858
3404
1425
5502
5433
5807
4720
13
2587
3175
1867
3807
4276
5883
5596
744
6575
1659
5689
3380
2688
1679
6905
960
3160
6042
3058
5765
6827
5411
37
6870
6868
3444
4305
7391
3915
477
2995
3596
1765
3174
88
7383
2713
7572
3073
923
4100
2042
2267
1412
5991
3844
4540
3273
367
608
229
6805
802
5666
3287
2495
6314
6184
1567
481
5514
3250
6422
3715
3617
7133
4403
3056
6853
3598
4060
5021
7742
3200
4507
4081
1050
6567
2113
363
7755
5448
5444
3013
1724
2575
7123
5557
6634
5490
3740
6694
3518
6753
4309
2588
6873
5552
2047
192
3968
4926
2033
7919
6832
4398
1792
5135
6295
4208
6709
1652
5123
2596
5200
3543
447
3696
2152
2337
7169
1862
1341
6921
7655
3377
5749
1746
2736
2340
5358
6568
6357
3371
5561
5062
2990
6930
4422
3764
4131
6608
3993
7405
836
632
182
2256
3089
7601
7775
7945
7002
4301
1841
1745
177
7103
4926
2788
5849
7140
3308
7824
3660
5465
5610
5564
7760
6856
4603
3153
3670
4411
6485
7656
3181
4894
5428
1706
7465
5914
4358
2064
7962
5072
2558
6808
3958
5718
7332
1816
4012
3408
69
7910
723
736
2760
1729
3769
6995
5160
1482
7476
5218
6584
6341
3050
7907
7075
1139
6594
2893
7857
510
4151
446
7875
197
3458
4439
3982
6297
430
4822
7690
4558
5823
6133
2865
6405
850
3921
4983
4419
4712
4046
3699
4118
3134
1481
4593
970
7714
5861
7898
420
7243
5294
5078
2569
5458
1282
6247
4479
3452
271
7979
4057
5448
6700
4862
7100
5726
3967
1855
3108
2774
4914
4151
3765
1250
3100
2991
4344
1580
92
2616
1191
1038
599
6163
4010
3494
4761
6950
5078
204
4948
7941
4812
681
1690
6272
3078
548
5509
1868
3953
5726
2561
1696
2929
1805
3590
7269
3232
7996
6780
2411
6989
7365
2601
1362
3245
307
3552
7046
4492
1941
7128
6669
6281
6155
1601
692
1887
2994
4626
5551
1480
4520
3420
1969
2213
2777
4332
6691
3374
5762
3245
4983
7616
4500
7748
1430
7624
3730
5612
905
6340
3251
851
1100
1752
684
641
190
3765
4644
6865
1226
6897
4025
3236
2744
1010
7191
776
5728
6965
90
6777
2742
499
5037
4258
5962
2029
731
7436
3498
4185
419
345
3080
6509
4333
7111
7739
7123
2528
2441
6867
7677
2068
3626
757
1676
2823
7346
2253
193
5358
7776
1779
162
5015
4527
4638
6891
85
6357
2376
207
469
4132
928
281
69
729
213
1487
5901
5139
3008
1879
2859
4999
3019
4270
1797
237
3485
1677
4195
4596
7570
5265
1806
7444
1672
4291
5052
5464
1197
6322
1624
5967
1750
7307
1908
947
7500
4488
6403
4369
6120
2446
952
2258
3911
2147
7553
2174
6210
1231
2856
603
4191
6532
966
93
7082
1464
5116
7813
5653
5821
1191
7518
6481
6686
335
3477
3010
3811
1580
5651
7109
1551
7540
45
1187
419
1759
2628
4167
1184
4625
5304
7196
2447
5829
4611
1495
5148
7180
2745
7314
284
7450
5246
6295
5238
941
1736
3871
175
1737
568
3388
2402
2927
4202
1319
7557
6965
5754
2039
7018
4463
6666
729
311
1324
5670
258
2240
2932
3325
4386
2161
3619
6696
6943
305
5353
2695
4657
1315
817
1644
5611
1644
1137
2522
4162
6535
7693
5332
2778
6093
6001
1809
5529
113
2189
5606
7929
838
7447
1606
2507
3992
3002
1577
6489
392
1684
913
2937
5546
3403
6912
2284
6545
774
6276
1863
577
1987
4197
1534
3743
3749
1870
2185
6077
1384
2154
4396
6340
2049
7852
2131
6341
3739
5928
2282
4599
174
7396
3509
3671
3932
6945
4587
592
299
6162
2661
4668
5942
2290
7571
2815
518
6619
3498
2532
2748
2431
2456
4422
334
5956
6146
1265
7127
868
3112
4448
6803
1739
6338
2114
1519
1016
812
5799
6882
2566
7186
5462
3005
5360
3005
4025
7780
1784
7506
4626
6155
1917
2052
3583
7387
3865
6875
6081
5770
970
4345
6580
291
4355
291
7886
1862
4446
3306
4073
6562
5568
5509
6627
3386
4161
4579
6624
3202
152
7327
4844
2376
7566
2102
1993
2058
249
6040
111
4451
3675
3653
7377
1879
494
5597
7738
7406
1385
5107
4887
3167
6969
5452
7374
1701
3366
2209
5196
3034
7714
3770
2045
2024
1717
2116
5514
5776
5717
7279
693
5357
7826
2668
1005
1711
5393
991
5096
5840
4188
3997
6799
5331
7097
7879
4119
3524
216
4596
2118
6944
821
7814
2760
7288
905
7041
6114
6168
6504
3767
7821
1430
6858
1907
5913
3617
3983
1843
3941
6277
1928
37
1378
5800
6011
2316
7731
4351
4730
3176
4
3660
3596
5627
5580
7875
