1077
7318
6691
681
4398
4036
922
2829
200
3434
84
1751
2278
3824
1961
3440
1106
2422
4235
176
2295
6590
3558
986
2141
1590
6114
6173
982
1861
3068
3599
271
6036
686
2431
4208
5913
5019
1324
1860
7986
5910
732
4909
3157
6751
1748
3858
1800
2569
3027
7992
6909
681
586
3450
4226
1604
7373
1311
769
64
2326
5673
496
1399
7074
2695
5802
7386
6655
7351
6513
3152
2216
4973
4951
1641
4563
162
6359
7812
856
6262
6274
2186
4896
5808
5026
2607
1186
1866
255
1804
4425
305
1979
6948
4166
5852
7996
6873
7662
7303
2542
7946
4898
5187
4773
4169
5824
3534
4303
2976
6311
2131
6774
6664
7047
423
4688
4415
5546
3595
6105
3745
2805
7543
2874
2183
1135
951
4288
7524
817
2349
3260
1841
1653
7653
283
7902
6441
3986
481
836
3121
2557
2319
1022
3511
5211
4001
3241
3257
3485
5753
7641
1028
4336
7448
3735
4305
781
5432
4853
6592
2382
179
7745
6471
3420
1425
7786
1524
2138
1705
4963
359
1136
4781
1715
256
3118
234
3995
4242
3103
2972
6861
2453
182
4788
4639
7547
7096
5798
7663
1320
735
6275
3564
4874
3512
5938
665
145
3683
4024
5222
2430
940
3369
1606
4022
54
6536
4681
2610
1938
6244
2299
769
6459
3665
1295
3847
3622
7100
6809
6569
2899
6816
5746
3729
2369
5551
5091
2549
64
2628
5909
6494
82
7329
1715
5882
2603
2744
6112
7401
5732
5207
3288
6728
1214
6600
2336
7078
1358
7126
4749
1917
1234
4067
4453
3294
7643
445
5585
5313
3923
296
2543
7750
1256
3677
760
3335
6538
1222
1133
6732
427
2220
5583
18
407
2338
4316
7309
1010
6005
1641
452
5311
7710
3399
2018
5470
4404
6198
3584
6816
4033
668
7398
4089
5493
3853
1054
6480
4770
358
6150
1345
6753
5105
1406
2329
5553
6980
7160
2476
6678
2295
59
4893
6475
5897
6225
7442
6713
3403
4066
6966
2143
731
3888
647
3352
578
2013
5890
4055
1853
7483
1835
5501
6139
4506
173
4804
1107
1432
6364
4626
4237
4841
1238
10
4109
7704
57
3611
4296
2479
4169
5986
2333
4399
5563
6774
6665
2732
7546
1434
5116
3242
5766
5793
406
3841
2373
513
1325
2762
4166
4977
1922
6902
5244
5152
4777
6351
3503
6478
1636
4026
5592
3186
983
2933
1589
3437
6249
7554
4224
1765
4275
6675
1140
3394
2355
2085
1426
7683
5769
5610
5574
3845
2948
1994
1492
1423
3204
4677
7918
87
1756
2205
4719
123
1753
7617
1951
261
726
2502
1035
4835
1620
2505
6958
1320
4227
1218
4258
2185
68
5153
2462
805
6927
869
7327
1932
813
1802
2039
3240
7340
4220
6593
685
4330
3919
5940
6350
3968
2694
5807
4328
1523
1591
6421
7987
2550
5689
4704
3200
3193
2591
3766
265
6647
2738
5946
2950
6142
1281
1273
2796
199
7243
7352
5057
5420
7455
5867
7740
6377
4828
6643
146
6285
4776
65
3614
3645
5621
3163
4038
5873
6064
4806
3335
436
4645
6052
3644
5134
879
3415
1632
3988
6870
1557
5992
7241
6903
1162
3797
3007
1565
4619
5735
149
5566
4847
3868
2708
5231
4865
2050
3648
1080
7781
874
7797
293
3045
3053
5857
4507
4773
2938
3509
5375
3825
7694
379
4012
5195
3385
1983
6957
7606
442
7819
1828
4451
1962
5641
2488
6968
1446
1577
3220
5928
3438
3524
6910
5836
3699
2481
966
2556
7273
6183
166
6573
1924
4333
5014
3056
2208
7523
4131
1572
4375
2972
7404
6100
4978
4534
1334
7699
2919
1049
6561
4774
1305
4587
2845
1490
5883
1402
3285
468
1326
7877
5067
1826
5954
3756
2955
5243
2294
7478
6707
7027
3259
1366
280
5488
6839
3930
1055
4551
4917
3804
752
5112
5891
2365
2918
6043
5189
685
1299
4653
2445
992
3097
1157
177
6515
6794
3807
2416
5548
7203
1669
4560
5659
4730
4388
1413
7890
4039
2135
3808
6735
361
296
4766
6953
7111
3081
5324
2436
7065
1077
7172
4575
5872
1929
5669
7900
2315
4639
7263
2099
4949
165
7511
6157
7437
476
7536
2808
1587
291
4560
3283
5970
2955
717
3105
4414
879
6775
7514
1274
5772
378
4557
6441
6665
7932
6007
7949
1536
6761
402
6784
6403
2445
1717
942
1289
4747
5868
5802
6052
1708
141
4659
5330
5523
3088
1812
6027
5049
1241
7369
1258
4955
3048
1277
7667
5255
4859
6343
3066
4978
1165
7637
4428
306
5596
4263
5935
4215
799
5350
5816
1225
3471
5143
7483
1740
5145
5046
287
431
5628
7302
5780
1706
7115
4967
4172
227
4305
4075
1783
2471
6763
6974
303
7837
3901
5878
3821
6131
1013
565
1211
4951
552
5401
4412
5251
3266
3506
4491
7702
7740
4864
1801
778
7353
6681
365
6911
5548
3809
4070
4727
1155
5421
7724
5019
5126
7357
1272
2710
1150
6578
5515
2441
206
7067
1793
2708
5320
3196
271
2159
7451
6195
6683
620
4190
3484
955
4242
982
6561
6705
4842
5802
6218
1183
6795
100
546
1664
4281
7214
6555
6138
3381
3392
1159
6088
6528
6868
4216
1677
3691
3157
3669
4926
7427
5148
4206
7583
1587
7638
411
1766
5484
1946
1892
6670
3277
4804
1764
4206
3964
6359
7295
4100
2142
3962
7378
5255
674
1763
637
6971
6945
6521
7244
6788
4469
5423
6690
4856
6236
864
3864
3980
6841
1858
2990
2049
6708
7668
7799
4361
252
4836
3449
4164
5905
4299
2858
5673
3101
3538
5131
3397
6530
6559
3916
5317
1106
5958
779
3032
5460
2975
444
6759
6610
6160
3925
4892
7791
7846
4106
5628
5304
2047
133
905
2441
4141
3995
7898
2428
2613
4243
1579
6032
385
3384
73
777
640
1521
5050
3140
6494
3809
7252
6687
2547
2300
5931
190
7161
3513
5913
3703
6061
1508
4858
7723
542
6552
4156
3977
7256
316
2134
6768
5314
7656
2494
626
7235
5805
2143
892
7329
3771
7379
1129
7550
1963
4168
7356
71
6794
6537
1312
1615
4127
4270
3495
7882
2517
2309
5682
4036
3372
5467
3348
4558
6833
3868
4257
4820
4694
3678
1408
1665
4357
4739
5128
1876
7822
6232
58
1283
454
1626
21
5060
4207
6128
2443
4533
5440
1887
3953
7657
5115
4924
6020
749
2135
882
2595
360
6407
2798
134
2129
6877
3520
7360
2838
2821
4214
5484
2190
4146
6890
2410
7131
5592
1929
3246
2130
5169
6645
1820
3853
6001
6042
3142
3393
6073
1142
4528
3342
6944
1096
4480
6613
4643
958
4676
3759
3492
727
434
2316
7332
3066
1582
6217
4265
5425
4767
6676
1740
6979
1383
7966
1444
7584
1344
390
6669
7424
2808
2029
5665
1289
5920
6301
1125
1435
3002
6845
6710
5054
6094
3756
5094
4692
5936
1412
4265
3403
2116
6921
4764
7422
167
6159
5033
4064
5087
7765
3953
5391
2018
5460
2194
6827
1582
4785
4741
3903
4949
321
7156
4968
2167
5469
3337
2711
7895
3421
4085
6395
854
902
1257
2626
7243
7334
7945
7161
7890
5784
686
1392
5549
6442
5131
2971
5507
7151
1590
3055
2172
2180
5322
6509
4334
3988
2094
3048
2410
7097
3754
7666
6012
7032
3550
5021
5641
3222
12
928
492
146
3932
1068
2002
6363
4310
3459
3783
5869
3746
3628
5765
3579
5371
5655
3293
1899
4707
7227
937
7427
3528
108
4895
6480
2249
591
1303
4923
6548
912
2729
6485
3085
4901
1056
5438
4102
2678
5932
2058
1002
6132
5247
2177
1462
5701
3720
1014
4118
2535
5210
3360
4061
2271
5316
1222
7145
899
1603
5533
5351
3783
2954
1348
1785
1155
6876
1767
6124
4477
875
3125
2577
707
2538
1929
5719
4667
4811
5916
1119
6880
744
7645
5174
5524
2549
4514
2200
3237
2502
1475
6884
1042
4169
5402
4103
381
2006
4079
1016
3121
4248
2568
7854
5359
5018
2655
1057
6889
7563
3589
289
2241
2346
2312
3557
3457
5440
4966
2660
38
5628
6530
4777
7083
5866
2001
7149
2888
5445
4049
5593
7237
7782
4004
2403
5651
1461
1121
3255
3573
1987
4065
2173
1830
901
7622
6265
4877
88
2753
5577
7044
3826
1364
4626
5390
2283
2228
7513
4486
7975
4724
6551
570
7439
5938
4360
988
3410
441
1227
3319
4000
6938
1852
1301
2978
2522
7293
5707
4084
3737
4917
500
4172
7044
1884
6148
5596
6310
4076
6777
1913
1122
5067
7416
776
5848
3506
7586
211
7058
7607
6828
6311
1220
5286
2085
4364
50
252
7933
7547
4377
5680
6233
730
1600
1337
1404
3106
4567
4246
6038
4547
1823
5735
1230
6228
4271
5218
5215
6509
5351
1145
6706
2198
3480
2688
1569
2421
6666
3114
4769
5831
5504
1785
2309
5707
1640
7831
107
7500
6369
605
3315
7136
6658
733
5948
6111
5099
3531
2617
5081
6788
851
6765
5969
1792
3818
458
5279
7677
7828
4812
905
7799
7984
5047
3626
1930
4053
3912
6104
5994
1494
4119
7820
5376
6246
6842
3117
4719
4715
339
4498
6353
3754
2783
3390
7478
2310
6806
272
1614
1487
5067
5210
778
7927
4212
2305
1509
6004
1405
133
7135
2654
3193
988
1942
6504
7156
1783
4131
5236
6033
1344
1708
3924
3438
4683
2827
3312
688
4494
4624
1498
7680
2976
7108
6441
34
6546
4993
166
3206
1374
6098
1934
6331
6372
4677
5973
2288
5716
2646
1334
2859
4362
4495
2856
5251
6491
2360
3874
1241
7354
7174
5996
2425
5203
7937
4851
2823
2578
2710
2185
7488
1193
7376
4599
4199
6831
6158
3014
3187
4030
613
5339
4044
7710
5189
5857
4048
6687
4763
377
1744
6391
1512
6907
7413
2191
6321
3133
2122
571
300
4842
2294
5025
631
3662
5877
539
3801
7238
6583
1284
7563
791
6542
1174
1292
5043
1213
3602
3283
471
3795
4582
4834
6829
1633
6987
7921
6277
3379
1937
1408
4789
2503
6369
6463
4993
6115
309
6125
2884
1783
49
5375
1985
7103
5952
1558
3153
3007
7217
6599
416
1246
1211
3861
3966
2642
51
1787
2108
7898
4796
2274
2478
3054
941
6721
7494
6089
6782
7101
1831
5585
1084
6764
1001
1275
6406
2848
6058
3609
1663
667
5595
1810
6490
242
3244
3482
3477
400
6904
3424
7337
2812
7086
7579
4125
5168
2643
2927
3855
7
7343
3521
4576
6812
2770
2857
603
5427
1329
1889
7687
4225
7103
3687
630
5656
6678
5974
4575
3281
7326
5642
7211
6525
1467
5209
1360
1305
1722
4098
5591
1336
848
3497
4273
1692
5660
6489
4327
1736
3262
5717
7988
6288
3187
190
3869
2794
5749
5063
1514
4008
51
7831
203
1245
6253
4708
5261
1053
5120
740
661
326
4122
7845
3548
2713
1281
321
3442
1161
7621
3158
6169
2608
4778
6783
4611
638
2696
4950
3381
2352
4785
7376
2354
3506
1741
7758
173
6746
7160
2602
2239
1055
4955
6113
4891
7722
7150
5134
2636
5667
5822
5307
7704
6106
5850
7292
2788
3516
211
6874
7526
4434
7687
4878
5095
6757
2187
7767
6556
3369
308
6658
51
5416
6303
450
3591
4252
28
3775
5735
7693
7597
3391
1058
1005
1641
7464
4557
6995
7575
304
4060
4208
4048
7755
2450
3624
1078
3572
1925
4189
1129
4055
3191
31
933
5346
2019
3512
632
4142
3254
3451
541
6595
5321
2844
7897
7797
6972
2522
7572
4276
2654
5510
530
7034
6094
846
7737
856
1628
1924
6540
7492
4116
5972
5574
6485
4819
1820
6864
5262
3785
4187
6367
7060
7729
7362
1475
7875
1234
4654
1315
1301
3186
5463
6569
1326
1287
5982
5652
7529
7356
855
1604
6351
3689
6645
3906
3994
4458
3328
6023
2495
4717
4190
6134
6803
1197
1924
6854
2479
2582
1508
4343
2189
7698
7591
4691
1516
164
7547
5215
657
2174
1595
6031
957
3691
7461
3335
3416
1328
6080
7242
2163
4946
7531
4213
1635
5603
4246
2295
4472
3235
3064
5424
82
1165
8
7520
7520
554
2257
7834
3576
4237
3260
1837
1573
298
1091
2127
774
3818
7558
1919
2078
1477
2195
3410
6969
2622
1818
3020
798
7372
7522
3314
1703
1985
7586
5702
1119
7954
1378
6594
6936
6619
2504
2513
4098
3529
5110
7397
5530
5621
7901
6069
3367
5120
1582
4162
3709
2568
3831
6691
4319
5387
198
7953
648
2879
2759
3589
4431
2918
5668
2324
6393
4313
2673
3079
5598
6140
949
6734
6949
1420
6256
234
5944
5412
741
359
7945
7622
705
76
3437
359
6896
6868
5906
5299
6871
7696
803
2625
1469
7329
6713
5312
7878
210
2909
1338
563
2775
6976
210
904
2955
1947
4127
6292
2935
3698
5669
4739
5264
5851
2200
224
6019
3492
2044
7476
958
2271
3659
491
888
1146
1384
6194
7679
4992
2898
4004
7099
7660
2044
4194
7551
5206
1635
518
6114
1109
1737
7097
5513
2142
6635
1654
1541
4146
2463
4056
6780
314
2330
4617
6336
2308
3967
5518
1188
2412
5630
3843
6835
4900
2103
5904
1276
1244
6423
2459
4775
7344
1643
3947
5107
5985
3854
1526
3512
2096
7320
5202
7449
804
1628
4267
5777
809
7477
1950
1672
7124
7613
5462
7054
827
7011
502
1726
2853
2829
6344
7012
1747
7653
3647
1779
5900
6636
3284
5841
5670
4957
1904
2400
3859
5333
5968
2904
3026
6126
7335
6191
6839
1934
6279
1220
585
4331
3893
6981
6364
1194
3850
1737
136
3499
3894
5378
7469
4207
5577
5402
5362
4447
7665
678
6285
4978
5678
119
6692
1862
2657
1636
1548
670
5133
6936
5777
4597
583
3952
7326
3480
3227
1412
5554
6447
164
7134
444
2699
6368
770
6542
735
2709
2601
5821
6722
4534
2480
1463
1711
5354
3821
2654
5955
998
1644
6226
1115
224
5846
5956
4114
4688
2909
3115
2716
7954
299
5502
1652
5286
1930
6990
1896
393
2091
4431
5727
506
630
4492
5841
6095
3799
2721
4642
3282
2991
1506
6598
6135
4723
6971
1993
3248
5659
1902
1430
3017
2853
1966
6073
552
5217
5624
4305
3423
6811
1314
4421
6780
5952
6646
1518
568
4493
1266
5607
7324
4107
3460
462
3573
1894
7700
2360
2481
6191
7877
654
7840
7450
4267
1022
5730
1064
7145
5572
3553
2749
2481
1119
6028
2930
6442
4852
1320
4493
5354
7166
2224
6670
6946
7188
3015
1165
4864
7130
1179
1080
381
5716
1683
5101
6251
187
2298
4683
3951
419
3027
1359
694
7220
1951
1211
2207
2583
6997
3227
39
2922
5695
1719
7579
1462
6059
2398
691
6868
5387
6455
7102
2335
3701
3675
4614
2562
6658
4586
7076
1755
1701
897
2276
5346
7397
2701
3796
5628
251
834
5582
7681
7029
6616
4613
2419
260
5117
6897
5525
3536
4886
6138
6287
5495
7951
3602
3098
6135
2884
7884
5427
1835
5378
4767
4306
1136
6903
330
3488
4232
6695
7102
1124
2
7662
7063
6006
452
618
7337
1163
5975
6033
4284
7580
2414
5183
3422
7861
6462
1040
7331
6635
1315
3036
2153
4310
5512
7975
2078
1659
7655
2799
5820
564
6900
6969
1329
4314
7039
854
1647
5329
4844
5705
3615
256
7496
359
1728
6740
430
6270
3552
1718
2295
3242
5506
2635
4025
5588
2502
1382
1415
6709
6190
538
2728
6749
7487
1462
2467
2840
3404
3990
6393
6156
3720
3701
4889
2234
3045
1226
169
905
7567
6944
6603
7886
4798
1976
5248
4405
3207
2924
3486
3092
2784
3610
7032
5091
6502
967
5379
208
1103
7703
3422
4483
7705
6894
2094
1455
7717
2026
3028
6266
7829
7894
6244
6355
4453
4953
1995
97
668
5468
3077
3853
1103
2648
982
1091
2200
181
5876
3977
4775
3587
488
3683
2405
6226
5343
2842
4842
3116
1056
4912
5564
7736
7730
5489
1809
4494
3529
5090
7419
6662
4512
6493
1152
6476
6924
3254
7987
3953
7249
867
3989
6543
4658
6534
2496
3092
5286
4003
969
5523
3540
4419
776
2959
5691
420
6282
6734
2556
5280
6289
801
5359
5159
6539
1973
4792
4660
4636
527
423
2922
2800
7403
6236
7085
6652
2426
3979
4065
3747
7326
1351
823
6378
5587
1526
4534
2899
1254
2087
4611
1617
7459
810
4341
7722
7862
7307
7070
7723
1478
6520
4851
4333
2178
387
4779
3587
5730
3868
4510
440
2883
2400
343
1618
3280
7394
1247
7441
6364
3064
1030
7141
7284
5640
1138
5333
2278
447
275
6182
6797
4325
6675
5689
62
5161
4262
3524
3294
4438
189
1094
3384
688
2896
4658
932
3050
5163
2533
1306
377
5529
3724
2809
438
6887
1728
2187
7780
7022
852
3588
6272
793
7336
6451
1442
2164
407
1848
7329
2312
3574
4660
185
4365
649
3366
116
2071
7046
4995
1756
7226
1708
1714
2025
1088
6978
6745
2002
2639
2885
6284
5609
5231
3441
4537
6081
4852
4764
5980
3039
5434
3022
4791
6420
504
4143
3442
4034
4207
3219
3376
3762
1863
4587
7469
5200
5886
6132
4392
6394
3991
6545
3289
3868
1400
7461
484
3918
6699
2630
3585
1767
5162
2887
2532
7130
4445
7715
4104
5999
2931
3582
2839
6462
1530
3281
2524
6804
6360
7673
6111
3127
6710
5140
6221
201
4298
1457
6654
417
6167
1100
6861
2531
4017
1797
360
2435
3772
1942
7489
691
7527
4066
3269
499
3350
721
1230
2028
6659
4547
6758
4306
7858
2381
7274
3801
2890
5139
7211
5773
2991
3655
3648
5064
6371
1662
2339
6094
892
88
5711
1348
7596
7448
3316
4269
5883
443
1770
3946
6739
1138
5064
1395
6746
7096
3946
1
5077
4645
2160
7708
6063
26
6696
7816
2263
1054
5294
5695
4480
6657
7845
566
561
6610
2701
5318
239
5191
81
670
394
5064
6899
1253
1557
3764
4287
227
6202
2391
6658
1236
4438
1872
3830
3941
13
3194
4949
7587
7867
3265
4714
3019
4580
5800
2365
6748
7896
3644
4204
4474
6751
3330
6308
5492
346
451
6345
7880
478
7471
281
1990
5079
2557
6812
6860
6430
3738
6348
4138
4796
5074
5570
6152
5360
2595
4525
3585
2911
2743
6815
6012
7487
2169
6962
2736
2517
6422
2368
6230
674
1832
3309
3149
5749
7203
862
6256
1676
7214
5419
2062
4077
5428
3784
5010
7822
6220
1714
6895
282
7425
1695
2888
5794
6466
1326
4991
4465
2095
5677
2330
3383
6914
5522
2152
2645
2825
6083
4010
3370
7808
3069
2190
4121
2817
5552
2559
509
2637
2113
992
3620
193
6425
6968
956
6904
2514
1516
4326
6815
3182
959
7424
7458
3900
5841
5039
6836
7011
3192
4368
5754
7052
5879
7368
1336
4218
2279
952
6600
5799
3138
605
373
25
2559
6466
7342
364
3887
3153
1229
1863
6614
1115
993
1516
2785
7397
7876
6947
20
7690
1920
62
7222
1683
6342
5152
2351
4792
3229
1353
3300
5283
5000
7037
2847
6683
5302
374
5440
5934
1694
2887
294
4687
4859
1549
2956
1649
5453
4172
5870
5091
1562
641
119
1230
297
5208
405
2287
7286
7525
6462
5601
863
213
3213
6656
6261
86
2568
7762
5571
5239
1810
4512
4685
1685
577
4026
3580
1255
7010
2643
715
2534
439
1796
785
6230
1445
5762
171
3320
4584
6466
1749
2925
775
171
2978
5864
869
3082
2742
7114
962
4491
854
2875
2143
1657
5443
1685
5681
4032
2870
6161
7818
6092
6218
2171
5043
2407
7674
3692
3857
6601
6029
7679
7647
4558
7895
1525
5808
604
4039
4182
1490
7833
3131
6502
5009
1559
6660
2039
1128
1483
5653
7970
5969
7278
7347
5026
5667
1274
6890
1599
301
3860
7369
1469
1836
6343
1267
5080
6533
1186
2037
7885
2937
7319
3255
679
4047
6048
2216
1754
5244
1968
5601
1938
2236
2670
6087
3400
725
6782
3172
6323
7417
1788
2945
1423
2078
6593
3744
2888
1551
1386
3073
5803
7829
6869
6969
6272
5664
2722
555
4814
469
7798
5702
666
2195
4410
7355
4066
3865
1091
7782
4743
2318
4
5578
4424
7695
832
6592
1525
7991
1884
5858
193
5463
1431
7082
6620
1274
5216
2250
1385
3829
3490
2273
873
483
401
985
3168
5379
3894
30
5980
134
5894
5628
739
6341
6387
4073
3370
4802
2818
3752
7607
3154
7077
7774
3931
1023
5840
7292
7127
4326
7447
1594
3000
4050
2707
2807
1171
2229
2250
4854
7238
2737
1750
5602
3872
5779
6400
5875
6624
2843
1477
1011
7970
4243
58
2030
1218
6750
31
129
3173
6938
558
4727
7873
4865
4329
4212
456
1926
342
672
7301
4879
2834
1578
5595
1629
4649
835
3918
6722
3803
3934
857
3422
6411
5409
2660
4830
6251
5393
5659
7550
4186
7437
6283
7174
1318
2347
61
3352
495
6014
6148
5636
7206
7886
581
6
449
3098
3389
6239
2763
6995
1495
404
5776
834
6920
5805
302
4601
4337
6854
353
7302
6769
125
6028
1055
7677
1931
1423
6754
7990
5594
2481
5444
2273
4134
5845
4825
638
6465
3076
1875
6484
4530
529
27
1269
1539
3914
7739
5841
7365
4563
1679
1009
6906
6558
1334
4184
3187
6869
1630
6626
7050
4522
7851
5854
5394
3880
4408
6925
3422
350
2756
5061
5694
2999
1110
1542
4322
7245
2193
7288
5946
392
5713
3082
509
7292
1995
2124
5659
4563
6905
6873
5756
7143
4790
7158
3032
6719
990
5999
593
6273
1297
3137
3569
308
1306
4406
5095
5265
3528
1348
1634
5400
2538
7659
7399
7240
4141
227
7040
4346
2713
5851
3381
6259
2058
3075
4360
915
528
5394
5334
2259
3376
1466
1264
4861
2367
5326
7392
6847
2876
7860
4167
6692
5469
1264
4342
7058
4998
1732
3451
2409
4822
3640
2375
3841
7840
7196
6293
6968
3992
5236
6447
3017
7155
4060
5755
715
1096
4835
6776
1875
5618
7353
2092
4783
5290
649
3703
598
98
5546
6253
5792
393
1956
6314
2549
7759
2198
6071
6555
3355
5630
662
5288
5873
6846
6239
1986
3746
6556
3419
3909
5147
4889
2349
5933
4560
7993
7431
4077
1158
4360
3343
2718
4046
2596
953
6784
4098
5829
7160
5333
7022
485
1232
2203
2283
3470
1683
2303
3511
5917
3659
7693
7995
871
5189
1934
2025
2482
1432
6787
742
7686
5967
3483
1104
7538
7127
2909
3312
2735
5670
4297
1431
3298
5423
1320
5698
5234
7396
2336
5955
7846
213
3322
2751
1007
5554
2812
4970
3576
5213
4693
1056
2326
962
1006
2524
715
3635
2080
1856
7815
636
4431
6303
4859
1094
4274
3011
6756
7305
3099
2189
7467
2868
5785
5572
7694
3550
389
2262
5568
2862
898
5583
8000
6009
2983
1200
3235
34
637
1315
7263
2187
4616
328
5121
986
9
3425
2047
4931
475
4068
641
4751
5622
6274
4464
7125
598
5192
5158
5874
3090
862
893
3003
1830
6638
2714
1107
1546
2498
5209
5919
2006
2717
7547
7439
5808
4787
1460
4946
7791
5446
7636
7539
2167
5382
4723
1735
3540
5562
4338
2219
1445
5217
7576
3761
7941
3518
404
3246
2338
3340
596
2789
7451
3106
7794
6762
2333
7892
7811
4423
3186
3604
6509
2333
1428
5970
2205
5928
3103
2762
7486
1259
3435
5720
69
4029
6001
4074
270
2741
4603
2550
2995
3921
878
2472
2815
2372
6889
123
3243
684
7290
5306
3786
281
5557
7579
3662
6962
5371
2798
5157
4687
1486
6667
649
4274
3568
4691
56
7345
4264
5894
5073
1898
4656
2055
7931
7877
7761
137
4944
4571
6664
3811
2607
3873
5209
1498
6759
3231
4520
3243
7776
3079
1093
653
4022
7037
3495
2764
1177
3983
6
4607
3187
6660
6749
4672
5307
3122
7523
548
399
5046
5246
501
4674
1317
29
2406
5256
4487
5041
3824
7272
1320
5742
1076
7996
6391
2953
6940
6775
6498
6494
728
1591
6578
915
6989
2034
1891
6612
7798
731
3291
6386
445
6256
6369
2692
715
7328
2816
777
6262
7571
7772
2098
7523
3771
2894
6624
5396
1758
1954
5958
1429
6180
5017
5247
1112
680
2658
199
4235
1542
1870
3063
6742
3326
6923
6227
2507
3538
1392
1155
5958
650
4836
7706
349
7476
2136
12
7376
7018
6316
601
6885
3068
5560
4602
6852
2481
7982
3542
5281
2663
2632
6044
4413
6625
3584
1274
7540
4709
5647
1575
5652
5430
1663
7860
1371
2722
3147
3494
5570
2238
3552
6925
155
564
2027
4047
6313
43
770
5419
6975
43
4458
7383
7335
7746
5346
6712
6516
7224
1214
7011
7000
7375
2874
813
5381
8000
37
596
2113
5435
605
2499
7285
2176
7476
3163
3425
2939
6695
551
3315
3160
2879
4315
5213
3746
2085
1260
2083
5195
5204
6568
3275
4264
4798
421
3670
5154
5748
6803
5952
1640
6482
4399
1162
5097
5331
1527
3277
7886
7671
2743
5004
4431
495
4974
3493
993
694
1079
2955
3514
7595
1083
1922
55
4117
6199
3339
1832
7384
2869
820
530
3701
2195
1329
4947
25
5460
2716
5384
2674
5653
5990
3875
2129
2219
2408
7582
5531
1452
3738
5276
1000
7678
4699
621
2186
6022
4716
1187
5508
2960
909
3136
1633
3994
7064
581
7815
3118
1577
6598
1018
6389
36
5249
1255
5876
2971
3118
650
1244
111
691
792
7353
575
979
2546
4643
7602
5736
1757
2531
131
3265
1353
5732
5581
2676
904
5591
826
5433
7998
2657
7299
6393
7113
1433
2969
1475
7067
5514
5890
1089
4274
3102
557
797
2193
7709
4109
5333
2411
2078
386
1788
898
2847
579
4202
607
4805
2730
3945
3404
5638
4765
4305
3426
7689
1282
1634
6890
4044
3318
5071
7245
4846
788
996
4532
2999
7552
3902
7073
1930
4836
3782
450
6291
4503
1642
2963
6284
5715
3563
2742
3551
4726
2692
6764
6453
2123
3604
5489
4469
1928
2419
405
5210
564
2836
4614
4284
7678
3816
2937
5804
835
3164
3881
7407
6738
2529
890
893
4198
3497
1916
7952
3457
7801
1269
7299
6708
1304
5008
6974
1147
5635
3631
3387
5599
4730
5413
2898
5307
965
1161
129
7593
2940
3041
6344
1474
6032
5325
4256
1054
5764
6047
3688
2079
4637
5634
7259
2056
6557
6603
2564
4035
4089
4693
6386
7168
3334
7811
5738
7957
7642
5392
3057
7174
412
4415
3890
203
5655
7186
7712
5023
2962
453
5484
1684
6988
1908
6954
3357
576
6388
5332
3547
3295
2816
5843
4832
5503
2726
2436
7443
2345
3703
7152
5179
5077
6343
5616
1680
7779
5851
2935
5049
6039
134
3235
5001
5924
444
1028
5355
2962
4708
3339
3148
277
7483
6852
1102
6019
2067
597
1806
7836
4554
1123
1002
5200
6734
3906
4776
658
3064
941
7157
6582
133
123
3242
5951
511
6638
2876
3995
5156
3150
393
5527
5154
541
3940
2283
377
3004
2625
537
3399
5696
4104
412
4926
7291
7002
1446
5020
5221
7954
904
7631
5606
692
7868
2536
4822
5085
2362
4193
3271
7775
666
6079
4259
1331
4523
875
4850
6973
510
414
3494
389
2290
7430
2528
6773
1410
7082
4632
4598
3250
4571
3799
1418
4288
6758
5743
5035
297
281
5190
2314
7095
6520
6142
3532
346
448
6792
4482
6177
4396
3314
5934
7934
4152
4995
6217
166
2926
550
6056
7339
7402
3627
176
3522
3428
6529
3533
7998
5903
4852
5888
2991
951
984
3061
2146
6990
6795
4788
2396
1956
3725
4062
1861
6483
4901
4362
7941
5014
5517
4815
5886
561
461
2342
4987
7116
3226
1774
5025
4623
5646
5530
2242
3488
7341
5897
2094
4932
46
3159
4113
5132
6563
4632
4538
7177
4150
3809
5920
496
4758
6740
2080
1671
6882
5590
6563
2732
7696
5068
2749
6606
7659
878
5280
1558
2112
7302
4699
4846
5274
3871
2933
4142
5321
6929
7812
1709
1704
6908
5354
6378
7418
2403
6766
7529
489
2941
5234
3180
1858
5415
2032
2611
1095
5520
5713
3660
7062
5392
2645
4013
2477
5026
7844
7996
1427
3749
4680
667
346
2580
210
4411
4083
249
7109
7699
843
5952
5807
4878
4866
405
4933
3558
6429
2693
2534
5044
6333
6202
7800
7015
6974
344
3475
4543
3094
7928
2649
3000
4942
3159
3402
3912
1603
7837
758
1817
5273
3857
7350
4173
2867
1319
6132
3533
7576
4764
7256
4041
4919
3087
605
984
4992
1864
7898
2339
1568
4514
1070
608
78
5649
4861
2356
1576
5463
20
1269
6321
804
1998
2293
3504
3230
4457
7280
6013
6161
7387
4021
417
3389
1658
169
5495
2716
5493
2916
1520
6685
3462
2156
4285
908
1510
5699
5498
731
3822
2583
1842
7845
3728
4139
4141
6731
3438
2528
7446
6073
1343
6196
165
6749
1205
1785
3108
5201
7919
1614
6789
4334
5189
7757
5631
4744
3651
478
2885
471
458
2866
5241
1668
4876
7875
4636
4386
2010
4516
1863
7064
3707
7799
2759
3538
513
6545
2947
5701
5082
2993
5099
6967
4340
1577
900
7904
866
4055
7673
2840
6642
4070
3960
5265
3830
6642
2466
3754
4543
1022
7268
1862
4770
607
7417
1209
3487
498
745
7
6882
7783
57
4405
2432
5899
4307
7365
6082
3492
3955
3722
3942
7222
2077
1366
3853
3314
2330
2041
2701
6017
5931
3086
4635
7544
1098
2303
7369
41
7384
7913
5818
7371
7050
2014
4252
307
2631
7013
4117
4736
749
4269
2046
3112
2343
1698
839
5730
4828
5126
6869
2261
4288
2574
56
2805
5714
6423
3214
3637
165
3951
1241
7675
156
3102
1623
6921
7949
564
4343
4406
1704
7923
4326
5773
7928
3507
2324
1756
6880
846
5255
2971
5340
5718
4263
7785
6879
1485
6631
3625
6454
4918
6271
1885
6395
5864
2668
6921
2830
