7961
3169
6518
1280
2410
5122
443
5764
4171
5052
278
5179
7271
7688
7774
6001
2700
2237
4231
1675
5799
6405
7712
957
878
6040
7416
6586
7706
3083
2404
14
3926
5254
5310
2600
367
4590
4325
4964
388
1610
6224
4313
5514
1077
2525
4527
1881
4599
5428
6168
4387
1075
6343
2906
4111
831
1987
3364
6563
3315
3443
3241
258
6311
7910
6214
1972
1672
322
4614
3241
3423
2348
801
7758
4260
2520
290
3094
4347
3792
7077
7591
6769
608
533
4038
5533
6806
2634
4766
3517
7805
2745
3096
2262
5155
2936
414
1112
4744
6937
5405
5354
1375
2470
280
6062
3883
3453
6815
5497
612
3383
5225
2689
2417
3561
96
6025
3349
5948
3275
4368
4382
2924
2937
427
4545
628
1116
2464
1843
3919
3839
4125
5801
4381
5960
7264
7682
5209
6660
6639
1684
1315
521
6675
3698
1167
7677
6765
6467
1819
7805
709
7859
885
2239
5335
4998
2330
2103
7695
2574
4184
3466
7829
5831
4564
1345
1394
1192
2190
397
738
2596
3073
6054
1126
529
5315
3564
7951
4377
1547
6177
7249
2133
4875
2271
2787
6397
1068
7654
4528
7208
4044
6611
116
6387
4807
6419
7505
3610
3345
4431
7941
5128
715
2461
6074
5757
4817
3974
3371
3968
2729
7735
273
601
6125
1507
4018
533
578
4354
6379
2617
6896
4829
2334
4384
4868
7652
2549
972
2439
2883
6222
5789
5752
3946
4593
7680
7518
3444
1813
5809
5930
257
6467
4414
5781
3675
2093
5320
5444
4137
4107
2078
3141
7501
2724
3530
2820
4380
7817
6803
1391
6210
3202
424
3854
4992
802
5665
4527
5048
7300
7944
225
3341
3287
6559
4527
7313
701
2579
5320
5428
3947
1917
4908
1131
4159
7272
1520
1439
3533
5646
6713
866
2126
4687
5820
7298
3292
1444
5456
4748
7694
7676
5116
1297
847
6719
2281
5259
4366
7123
7326
7783
6755
1044
7660
7008
1889
3544
7502
7432
1883
1498
1505
1232
4257
3330
1688
1143
6582
7659
3255
6012
712
3312
2550
884
2399
4101
6497
4966
2714
1501
1641
1253
3814
5604
1465
1212
3930
6377
6401
2451
786
7033
5175
4547
380
3681
4803
1096
3581
4292
7622
2319
515
4863
1655
2081
60
1499
5961
765
4396
2425
2671
2598
6717
6423
4064
2460
4943
167
5120
1442
4585
4235
7976
7339
72
6160
4813
4918
310
1065
5179
473
430
1676
5098
3696
5061
3000
4602
1590
4520
4427
5262
7526
5291
7672
7919
7775
5185
1175
5135
6818
7160
5027
2327
4601
1518
1983
2829
5887
2424
6496
2670
2519
4798
3802
282
3034
5433
3666
4938
3591
828
7976
5642
6191
3917
3899
509
7176
2179
3020
1647
249
622
3667
4255
2118
28
87
6715
5612
5683
6471
2952
5010
5835
2560
6881
2781
2770
135
5323
4307
7100
3935
7745
3639
4479
6317
5342
4820
2555
6669
5377
1073
2045
899
1630
5073
2596
2232
3347
7151
5648
4178
6745
2302
6876
3129
2255
4640
6154
633
6519
203
4997
3638
7756
2110
4705
5455
5177
7664
863
602
4091
4171
1843
1454
2043
658
5655
2104
1892
2764
6458
3995
688
1516
471
229
7363
1235
2505
905
5431
1100
6685
3715
5193
7733
3740
4748
3483
5207
3750
4006
6180
4649
7048
1866
5703
7832
3055
1508
7159
2539
285
4284
6379
41
6366
815
5522
1273
6272
6200
6955
662
7316
1774
5254
2104
4755
6285
4323
1669
7722
2616
7971
5497
6893
4098
4204
7797
1844
6725
6624
6196
1161
1585
7002
7070
6913
621
6007
6082
5535
3721
6822
3256
3754
639
3307
3300
450
4371
3183
1073
6328
1877
3780
819
4100
2411
3677
2872
6951
3942
788
5748
7987
5112
5341
5327
2699
5878
1338
4843
1335
7711
2176
5134
4874
1620
1486
4041
155
1765
6789
5827
7125
3994
3935
2578
2871
2663
3910
7804
4138
4964
1401
5890
3603
7479
3734
759
3365
2683
12
3099
648
399
5596
6082
962
7915
5548
2394
2522
5271
5806
1398
3057
6211
7696
5084
4726
3772
7789
7198
7516
5731
1745
1314
1326
5919
370
2378
4463
6631
7238
5640
1182
6433
735
3863
3241
1307
6825
6785
3915
5278
160
5105
2905
3505
443
5389
6214
7147
1160
2543
7523
4248
6218
2776
7764
1146
2188
7690
1372
1393
3750
395
6419
3513
3695
3915
5832
5808
489
7755
7086
4287
7867
7423
682
4440
5119
4031
2623
7951
1922
5476
4536
2577
7753
3800
3332
2287
397
582
4009
2809
7947
6162
1353
4592
7313
3840
2852
3460
5423
7801
7662
5861
6562
3647
6943
1112
2967
2437
3907
4878
4903
7386
1416
5333
5038
6871
3182
2755
5777
2030
6875
2260
804
7068
4393
7379
414
2265
1898
6494
2582
5097
7703
2009
1015
99
1149
908
4815
4054
4051
3809
1950
3624
2751
6875
4621
7829
4851
2824
3075
5944
4143
4035
5431
5850
7814
4386
5302
3689
1972
4928
7985
3071
2387
1575
1420
611
7027
7518
4629
4609
3136
3205
2664
3775
5269
7009
5663
3949
2831
3887
2177
3649
6125
4558
2107
1455
1762
7029
1860
2341
2040
2811
7322
1467
7894
7272
732
7347
4093
2501
1257
6465
827
3161
7830
6593
4110
6298
6020
3451
3092
4080
2551
7072
2592
4522
3968
6340
227
7725
5214
1345
1547
6393
529
3788
3073
1606
6334
2167
1217
90
635
1241
7330
2647
7599
1308
6866
6143
6
6031
5397
1054
5946
3555
4246
1988
2410
2178
3036
2372
3995
3456
3181
7849
5708
3668
1859
122
4133
3823
4183
5592
3151
5446
4096
2468
3758
5971
5124
5494
922
7181
6816
5862
843
5224
6068
2019
1145
3920
4288
7940
6247
2808
2101
4527
4569
6246
2158
4059
169
457
2050
156
5979
644
2126
3306
1135
2889
995
6798
3872
1776
3815
7415
269
2073
1088
2831
5168
1999
4222
7138
2711
423
2424
1816
4174
4908
3524
1497
7602
4163
7843
7576
6390
2848
3308
5522
1775
7335
6644
3769
3033
11
938
5318
1770
3193
2208
1523
157
1150
7694
3557
4490
6332
4555
7910
3386
634
181
5769
4703
505
6847
4222
1309
790
881
1687
1546
3786
2367
970
84
6235
6363
7562
4173
159
7956
607
144
1840
3961
3772
2813
4198
3038
5390
5947
5491
4705
5581
2678
4750
3030
669
6023
1441
4978
91
5661
1862
7999
354
1397
4410
5917
3870
5661
4388
2497
5636
4529
4895
383
4230
140
4523
7748
6126
2214
6208
5371
6363
3475
2325
6980
4739
638
2940
6340
3511
5553
1949
1836
7825
4066
2417
1255
7266
6914
7104
2906
5881
1928
5409
1850
3562
190
7720
1638
849
2431
5428
3501
5714
7973
2304
3248
2005
4414
6751
4931
2963
808
6442
7639
6727
4396
4698
4930
6526
5950
4459
6580
1401
624
4540
4954
3785
4834
1894
658
5528
3807
3788
895
608
5125
2789
416
7577
3545
7565
6936
6289
3248
7849
2016
7189
1917
3463
617
3824
6845
2223
5549
5233
5256
5253
729
4449
2953
5009
1908
218
7125
5071
376
3744
1207
7212
2250
465
7781
3420
724
3395
3442
1401
6058
5369
4679
3028
503
1547
5689
3673
2196
7515
1015
3449
4400
7903
7361
5205
1605
6819
5998
3947
1927
6139
1778
1153
2433
5421
5155
2139
3863
1930
813
4803
5250
4196
5780
2603
5207
6990
5780
4846
1716
7840
2509
7381
7552
3914
6902
6542
5044
578
3791
2538
1352
4068
5326
4148
1558
1922
1906
7555
1881
3535
7396
5490
3128
1626
4391
3783
7029
829
5880
360
669
4412
2447
6203
6406
7292
6549
3176
6585
7223
948
4720
6913
6935
5774
1220
7503
6488
308
1241
2932
2823
713
7448
4113
6623
4873
6617
1807
5421
6105
3188
6421
4510
6853
5424
2921
7796
709
6175
4596
366
7790
5487
6607
3545
177
7706
1069
3000
838
4224
1127
2567
2969
70
3663
843
6453
5182
3706
696
2628
5496
6623
4550
6788
1239
3803
673
6707
3835
3606
2385
1099
273
6778
4772
7801
5079
7980
3608
5153
7336
6333
2401
622
5522
1826
3972
7986
6528
4495
3692
962
2332
5549
6950
7883
7523
1018
1839
6500
1963
6865
4919
2507
33
117
3086
5692
7643
3401
4081
6642
2096
329
7566
4106
4216
7726
611
6739
4293
903
3796
4548
5964
4320
3260
460
4965
427
2045
4268
4229
3188
327
7968
1193
2608
4474
639
6189
2654
5360
5629
4904
4197
3050
5464
2328
5464
4186
3584
6552
3910
4516
5522
5494
425
6676
2753
2699
3824
2553
6863
798
6853
3807
228
2510
2353
116
6742
2488
4596
3712
7954
7033
5834
6386
7887
861
7358
7507
4830
6888
5184
4920
4329
3535
3950
1372
7529
4837
6675
6522
6612
7727
1792
7702
1545
2177
5956
2971
968
5040
7920
2811
6591
4403
664
5913
7873
3757
1048
5433
5291
7917
7445
4564
37
2653
4748
7336
4448
1685
5387
1718
4309
2648
3848
5193
5636
2905
4864
2735
5279
4458
2340
1943
6613
3669
2718
3478
5844
2586
5441
1933
6789
1241
2204
7251
4002
764
3832
1729
1551
635
7394
2978
3171
7077
343
4667
4711
3569
1322
3796
5954
4939
1970
612
850
7952
7299
6348
2642
1601
6515
1188
3227
1460
2576
3946
3541
7352
734
5703
1788
2192
7052
982
3284
1969
5548
5938
6123
3554
966
3921
6776
1374
3421
5071
2331
6944
456
2176
6115
6275
504
1946
5159
3163
67
4403
3890
2924
209
3088
2754
3826
7749
5891
1240
2089
3748
4933
4853
4773
3921
4393
5607
519
6913
6781
3999
5885
1133
7314
5880
7803
2595
5276
5455
4779
580
7923
18
7052
7204
7015
615
6653
5100
7970
2328
6681
6868
6741
7362
5494
2199
5216
4999
491
4735
6522
2278
7744
841
7805
7508
7672
5205
632
4389
4722
4135
307
4759
3069
1428
5680
1355
1954
4176
7436
3650
6550
448
4104
445
7148
1078
6395
5303
2513
1236
7421
1820
1913
5156
6484
1546
1914
1925
5298
387
2155
3539
5434
5918
1856
953
4748
3046
1753
3196
4487
3580
211
623
2917
4114
7927
239
6606
4161
717
7207
3831
3941
2721
1740
3140
7177
6385
6787
2053
1974
288
160
6713
7421
7587
7055
7269
3156
1817
5974
2962
7548
1260
5957
4421
7686
187
5524
6417
1789
1271
1924
5811
4847
6995
3655
5934
2241
2745
3560
7141
7579
7267
1892
1047
255
5234
5138
1234
2581
6648
4266
3074
1474
3236
4557
5163
7371
2991
4796
1389
4005
1342
6498
2152
5722
5993
5480
5345
5348
3099
920
4855
978
7851
525
6803
116
1786
6280
2423
5463
4478
1948
7428
3532
1511
6947
5034
88
4519
5226
7154
3123
1995
1891
6935
4789
5097
1246
4155
7123
5071
7857
2440
7144
7077
2488
3879
7587
5371
5811
3843
3626
6431
3478
902
199
2546
6231
3418
1948
4256
5358
7122
1715
7050
3770
4396
5998
4069
5513
7530
6670
7729
5371
2698
3140
751
7567
6371
4337
4147
7473
527
3176
6352
3766
1505
299
3230
6523
3350
6156
5331
4007
1072
6153
2621
233
3927
4854
2027
1836
5452
5143
5179
3585
5494
6660
5273
1852
5585
6751
5837
1794
1219
4273
3537
4059
5814
25
3421
3182
3972
3861
6525
999
7773
1760
331
6504
3846
4582
3237
129
5320
6587
2853
432
583
4227
5009
7317
2023
135
2914
5964
2483
2715
3605
7906
357
1384
7265
102
6175
2227
7485
4129
3124
3790
4928
4116
6911
3822
7484
2036
138
6333
5488
1353
5799
5244
5591
6238
3940
7267
1575
6245
5470
7949
636
244
855
4828
6538
4117
4449
4734
3455
4386
4029
2985
5042
6921
3806
7224
5644
4807
2200
6327
1518
2430
3825
5833
5747
7818
848
304
7529
7385
216
4149
4610
1648
3592
4417
2699
2883
6166
4086
3314
4164
1376
6031
7592
6970
6766
326
2532
6709
2862
5661
1399
4804
3105
2152
7495
1867
6640
310
6127
2793
5594
2402
7344
1037
7341
6313
4810
2977
1068
6605
4444
246
4438
1026
850
1167
5117
3641
1298
1264
1936
5245
7298
2682
2371
2398
6093
269
6593
2597
2964
4986
6690
1923
825
3978
3587
5085
7988
1841
4147
2839
5973
231
6793
171
3974
4784
2216
2515
4127
3659
1781
6560
2544
6549
6864
990
7712
6967
5689
5657
4314
7254
1329
2541
2831
2786
3339
4851
615
6413
7531
5242
1023
1587
5326
6654
3934
3362
7943
2765
5623
5229
3004
1529
4362
5965
7831
1434
3635
4962
548
7211
1585
5852
3477
4426
1712
761
683
5218
6786
204
5379
93
6124
5936
2816
5331
7778
7805
3077
4479
1617
185
4411
5410
5007
7790
1284
6545
6159
2670
3691
997
5036
7172
6119
2867
5121
7969
1141
5413
6586
1144
5717
253
6269
1657
533
445
4391
2547
2380
6169
4264
5098
958
1447
1333
1022
5515
1049
3302
2684
2362
2171
5017
4401
1879
3925
7633
1072
4461
7715
5485
2443
3550
6684
259
5022
3777
3046
6042
6342
7494
7133
6386
4122
347
7043
7405
6028
7863
1639
830
3881
926
2633
754
3040
1552
2182
6573
6607
1763
2499
2154
6307
2364
3744
2530
466
1113
1516
4976
7613
4973
5951
2301
7716
6751
4023
5318
7423
1979
5231
740
1953
2816
3243
405
3481
6797
4941
7735
7787
3121
7140
1817
1385
4418
7908
2352
1581
7410
1179
7835
2669
5644
3744
6524
7191
3164
4947
2507
7900
7432
3424
1472
6866
604
790
7922
7922
3685
2537
3993
4145
2682
4973
1705
5167
2833
6191
3134
7392
7489
649
4919
1525
885
4663
2245
4902
5003
6130
7427
5091
7577
3037
7277
4305
6776
5329
1868
6163
5522
4259
6509
3385
488
1478
5338
4501
7230
2135
6456
6978
3745
1288
2890
5821
2366
7880
1884
4663
2966
7133
2357
2590
4994
5967
1125
6741
2028
4432
2378
755
4901
3097
7911
7439
251
2550
1632
4073
7728
6717
2907
5847
6851
1950
525
1744
5842
5322
1686
4817
482
3218
2801
4609
92
5268
851
6754
5558
694
4724
7320
1800
3877
5352
3507
1676
6548
3421
5200
2798
630
1458
3277
7348
1868
3315
6192
7339
4800
3740
5223
575
4196
612
2209
2202
4882
7508
6134
6734
3464
5880
5013
5352
460
1639
7862
251
357
6326
2298
24
2484
2493
2352
2599
7496
930
2195
5106
5140
6580
3296
2804
2723
1152
3511
4368
1693
7363
3348
26
2583
6220
2954
4466
741
1743
1898
28
6860
5428
2023
3095
3102
5610
7412
4579
5055
3611
628
3812
6558
842
279
256
5160
4044
5807
2185
2629
7117
4448
7965
2742
1141
7046
4643
5401
6366
3352
4665
3248
7733
5643
5660
4961
4220
2812
6046
1946
7875
6463
1636
2935
615
4728
6578
4163
297
1074
3915
256
2230
5143
1763
6817
3211
1949
5223
6121
2246
339
42
6726
1387
6779
2040
6110
1194
2535
3860
3553
4383
947
3175
5905
5118
6884
6892
6332
6006
3022
6696
5637
3372
6232
2740
7495
1697
2579
62
3502
1843
1347
7197
3849
4309
1855
1399
2237
85
4696
6810
6836
910
2647
2621
112
6436
4471
4308
1332
7492
6334
6410
1696
469
3716
5284
7307
7194
2180
2953
4668
4653
4350
1510
5589
5724
3096
1963
2833
7736
3117
7137
6881
6029
2004
2620
3819
6602
2101
4356
752
4649
4306
6202
5479
13
134
4851
6395
2565
5852
6931
2339
4998
7955
4861
2975
3703
1104
2599
4835
3957
2958
4814
3294
6522
5201
7532
4183
3981
270
5564
5016
6560
4066
2291
1569
1486
3882
6044
5069
5328
3188
7423
7084
5780
4263
1570
4279
6923
1906
2391
1752
7632
6056
4721
1820
3341
7732
6287
5333
7814
6598
1458
2553
3982
5504
7944
2062
1777
6955
7776
4675
3762
5458
3788
2725
5454
1004
5405
2683
5928
1817
1723
345
417
3112
7126
1893
138
5620
2747
5577
3356
1693
2650
934
3743
3573
2468
6086
4533
4071
5335
7393
2018
1507
6569
3332
1196
5673
7906
2491
3152
1351
1437
142
3511
4635
5398
4902
4289
1835
5464
1742
5217
3600
5112
253
4890
3972
2683
6688
5810
719
664
6481
5133
5894
82
59
605
4905
7163
5683
4548
978
1165
4401
3757
5894
2459
879
7831
3431
7650
6153
7165
3216
4965
771
7790
7071
5283
2717
120
168
5573
2718
5935
1757
7903
2937
4676
6318
4563
5887
1592
5307
6293
3053
2974
3943
3969
2494
1927
3328
3446
536
92
2430
7484
3199
2586
4693
3959
6128
7001
2004
5861
3057
534
3987
1290
6426
5967
7
7585
4775
5928
3682
2773
4439
1849
5827
1319
2801
2961
1997
3280
1920
7706
5034
7371
7330
6496
6224
4226
404
2908
2655
165
3084
2122
5460
3956
4029
2067
1465
1743
5012
536
6169
1160
490
5759
7215
2532
3294
4152
3416
6160
202
1353
1506
5363
7292
3988
1325
7342
5187
3048
2746
3059
3641
2597
2730
6236
4749
639
7402
5161
2631
1735
1579
909
5452
3263
1431
2229
450
3504
14
1246
337
2171
624
5404
3304
7068
350
830
6290
6478
1314
7482
1870
5296
3739
5160
1813
4290
5844
1404
6405
2223
5236
7323
3996
7752
3352
6323
866
3973
1480
734
5504
4492
4377
6157
7943
3016
2190
7652
3589
661
3066
6633
626
3789
4519
7648
6209
5995
946
3313
4986
345
2068
3772
4208
1192
3370
5429
4531
1396
4347
7124
22
480
1619
7417
2419
6848
3862
3226
1658
7522
6751
7982
6079
4638
1432
3738
7279
236
3627
7416
3593
4726
5342
4214
6074
261
2644
4489
4477
5490
2208
7839
2357
5464
2725
3903
1406
5494
1364
551
3629
2407
3125
4929
5708
6560
3815
5337
2949
6598
7033
3348
5224
3959
6193
5441
2784
4212
1828
4761
1010
1950
3751
902
6260
6138
273
5311
6745
38
7587
4666
7797
3094
4183
5977
6787
966
5535
2580
6640
2260
3590
3277
6116
6857
4930
5590
5433
7467
3242
7706
6380
3434
1042
4405
3266
5931
2648
7320
7594
7782
6034
3495
3292
3669
6817
2386
7937
5803
7978
5042
3571
4664
5213
5238
3033
7105
485
6243
6893
1136
4844
7589
7063
7492
6957
941
6488
6472
6636
3192
1159
3608
5882
7905
6769
4678
1754
6785
5931
1225
5321
2075
667
5153
4015
5732
4680
6585
840
6740
2442
1047
3143
965
1905
2702
4675
6033
2678
5493
3318
1509
7610
5480
1485
5682
6133
365
4701
4240
1979
3878
948
1886
562
1822
2033
1352
3261
5650
5668
5902
4450
5573
861
3634
1906
1955
5360
947
6822
1986
4656
2573
7019
7118
624
415
1870
7639
5588
4401
3313
6896
1241
6266
6119
1674
6962
6552
4516
4952
4147
2471
4912
7769
2860
3422
3946
1516
5443
3583
3845
2774
3659
7423
4339
5519
2305
4202
6143
288
6516
7778
17
7005
7830
3905
7888
2076
3121
397
441
6872
6011
5317
6428
328
2489
5039
5417
4412
2729
2195
1097
6294
6323
6836
7895
4795
1973
6161
6730
675
5978
958
7288
3497
6242
6894
2006
7588
3877
641
2650
6396
7290
1504
6002
2778
4893
2612
5419
495
521
6055
486
7250
5553
127
7789
7681
7054
5209
194
7998
6767
2666
4754
3309
6550
3927
449
5631
1551
6134
2167
2853
2383
3118
2302
765
1359
2170
5207
417
5813
7276
4368
4493
6980
2905
2757
5173
2496
5282
7320
4397
6672
7920
1619
925
5369
7958
6214
7806
2632
6126
742
7330
7086
4533
3742
4060
7952
2616
3707
1980
3685
2351
5873
6465
7618
3549
5488
1857
6546
3839
2838
279
559
2043
6204
2072
6302
4067
2618
2437
1474
6930
6283
7406
2247
4638
7600
7928
4340
1134
7486
6270
7852
5114
5573
7869
6926
1353
1010
4947
6039
3568
3510
3010
2435
3420
289
1977
488
2178
5716
4142
5749
2745
1620
2250
6740
4807
119
1160
2994
7948
4064
619
5159
2152
5275
6824
5127
2132
3355
843
7025
5512
5694
4884
43
4192
420
6894
390
7820
5208
5759
2182
1228
3352
7983
7479
2754
7491
2419
7536
3698
1153
535
3350
5102
7848
1775
1583
4489
3769
1036
297
4881
899
3520
5813
3969
1721
5759
7703
5393
1821
3062
37
2736
2575
4178
2739
3644
1333
665
991
3151
2525
4094
3755
3953
3515
2381
4095
2142
2593
3309
4258
1842
6637
6741
3054
3414
2500
1621
6115
5816
6592
4710
1196
4293
2344
4867
892
5880
966
2878
5855
2983
654
2920
582
6917
1794
3076
5489
6397
6258
3436
4903
5549
6549
3159
7103
3452
67
5519
7413
2689
7319
6856
5522
6886
1356
6717
4032
5571
688
7463
2305
4494
2083
1655
3535
1756
6925
2890
3756
2972
5282
4112
3510
5854
1686
1997
1683
810
1204
7020
5205
872
2974
7953
5300
1273
1984
5814
4898
2482
720
1327
889
2528
6484
2182
641
1919
1715
3788
1342
3976
2594
6329
7841
2309
5871
116
1575
7267
7030
2955
7764
3363
4544
2265
7703
2403
3444
851
5081
44
7179
3028
2631
2757
3888
7237
6163
5700
286
7786
4416
6402
4411
5185
7613
7456
4491
6675
4114
719
1493
5205
1964
2475
4015
3615
4406
33
4165
5478
570
2788
5757
19
5797
2287
4912
2925
7197
182
3170
1574
1019
1299
3175
4543
6501
552
1750
3992
20
7909
3479
1574
3393
4127
7618
4222
5375
7040
5191
5019
2641
7252
6746
3299
4287
7267
7898
4822
2306
5239
1175
4489
4190
2562
5176
2781
3500
7532
6085
6221
3636
6653
1282
256
893
2420
4061
7826
5039
5804
2501
464
4536
3070
4220
5810
7705
5953
4497
6536
2178
5710
6386
1603
7216
7633
6033
4527
1120
840
4051
1284
1171
3150
5201
6367
3301
4409
6375
5665
4164
388
5316
1179
6801
7282
922
3103
5085
2473
939
4064
5704
2216
957
2170
7247
5276
4765
4092
195
3883
2663
2396
6829
5988
2938
1948
7630
5763
2080
3142
4300
4935
7941
1509
7700
2467
4315
2001
1880
2202
4627
2595
4755
1984
7457
671
4064
1539
5103
7369
6294
3822
797
5484
1591
430
7281
2061
1183
4969
4121
5300
2170
2270
2095
2600
5516
3135
7448
3785
4798
966
236
5115
5927
5375
7702
5502
7652
1229
7930
5361
3038
7506
7682
4266
7724
3090
6069
6677
706
2905
5279
1134
7420
1551
5358
6375
4865
3826
1398
22
622
7011
2796
683
6708
3613
6133
1203
1297
7701
6666
1961
2582
3593
5706
909
6381
3808
7369
4050
304
2607
7193
7567
5018
2316
1365
280
3890
4745
4334
1339
2358
2333
2251
7180
2507
7925
2409
1711
422
5706
3039
1414
5981
5256
3651
1018
1809
62
4979
6236
7620
7168
7764
6406
1355
7701
4730
3580
5464
1240
6435
2880
7852
322
7248
4780
1671
6587
2814
109
3898
7938
7881
4406
1686
4322
6909
1657
6635
1241
6951
777
7501
1486
3763
1270
1165
1158
7113
7715
3665
7435
1678
7759
6270
2703
2069
2739
5442
3872
5100
2043
4115
3533
7818
7810
6278
277
2469
4423
3432
1337
5880
2216
2455
163
2267
5081
1417
7332
6913
4735
2122
5870
2989
6571
6333
7546
3871
2132
5352
6104
7376
7097
4595
4318
5535
2027
5779
868
6331
1706
5721
3039
1967
6988
5485
6856
3990
7020
3129
2135
2469
2798
5204
7224
3120
3704
1232
1714
4229
6127
2253
4404
855
5663
1195
3654
1322
7270
3971
6526
475
2955
587
2225
3969
1084
6425
1544
5522
3196
3177
1706
889
5790
1470
135
2881
1296
6080
2698
6009
7169
2825
3284
4596
6471
7524
1577
4539
5985
2841
1262
7070
2647
5341
6911
4560
3209
2132
4631
3314
3832
5756
2604
7451
1884
1508
3674
7981
3811
4547
4401
5080
4837
4687
2429
6566
7825
4368
6311
2934
1793
876
1423
5815
412
2482
1980
2933
7635
347
2023
6000
5400
4188
3675
1105
2224
1089
5205
7359
2907
7934
6272
1663
3114
6150
7068
75
4843
1131
123
3588
736
5310
7430
7643
6607
3701
2780
2594
6928
5520
6389
5996
1226
1112
4465
1380
3643
7024
3248
5623
2792
5859
7868
5232
226
1786
7472
3737
6013
490
4043
2762
5233
6288
3682
5264
1346
5067
6140
4603
4923
5757
6887
4800
6970
3545
5659
3359
7603
2208
1992
7190
4672
2326
6040
4393
7113
39
5819
2884
6495
6809
6843
4516
6246
4926
5717
4391
3563
4878
9
2294
402
117
1631
7992
1015
5856
648
3676
268
454
3473
306
5932
6496
5829
14
6982
2211
5669
5702
2478
3193
5176
2033
5116
6487
4934
4124
7901
6067
3637
442
4120
5769
5578
6121
3711
7963
27
7098
6658
775
4050
3402
4713
3908
4691
1276
2590
4410
2293
2111
9
3962
7712
79
2390
1604
7055
6445
3710
6582
822
2626
2985
2419
5697
530
3575
1915
573
7752
2218
4039
1299
5227
726
421
5687
5680
2218
7026
20
4062
5491
5659
5126
4848
2777
4166
7973
1523
6409
6000
1449
3409
6947
5830
1238
7523
4675
5056
1138
107
4632
5891
7764
6670
3291
3873
2617
1377
2903
6169
1369
6964
877
1574
3097
224
2965
2429
2521
5617
1811
5344
978
1746
214
3705
1769
2312
5726
2566
2428
3597
1135
5291
2031
7592
163
3648
658
2111
7820
277
7989
7774
1146
858
2818
6512
3196
5170
838
7047
1818
335
6930
2862
7837
7065
2092
1928
5920
5121
6622
4069
6484
2648
6582
4026
3013
1841
6210
5249
4450
2121
1
3182
3914
3676
4358
6029
1636
597
5945
869
7863
806
2399
3714
4401
3607
3652
7826
141
1749
3853
5548
21
4881
2337
6545
628
72
7780
3536
107
4124
6738
3973
3158
2700
2145
6134
3746
6157
2157
5440
4280
6664
3474
1368
5140
2100
3051
2716
1426
1499
4758
7371
3932
6236
6988
5618
3496
510
137
513
2931
56
2771
2550
2906
4414
3329
5191
2826
5370
5479
4183
1447
7985
12
7132
4344
7069
1337
6505
1332
3256
7460
4486
1050
4543
931
3012
2365
7423
5551
4414
6908
7294
4358
4781
2179
5202
5585
6128
2253
1614
4412
5934
6129
1421
3412
3726
1505
7270
5042
5352
3955
5110
201
687
3476
4629
5932
1590
6141
6850
2660
7354
4121
7292
1636
282
6361
6562
2429
7448
6488
6967
6439
3668
5998
2440
700
1297
734
7100
5362
1461
1774
6835
4932
3617
7943
551
4416
6487
6368
2927
3278
5290
921
5122
5969
6774
5073
5598
6079
4165
2195
6940
5867
5167
1641
6870
4265
4473
1985
2457
2378
1523
1072
2966
5304
6985
1669
4017
2559
6915
5473
1551
4940
4606
7006
6987
2143
1918
3700
3032
7935
1293
5311
7103
7070
4435
4855
5011
358
4302
1365
7862
7673
7062
6589
3060
2887
6861
6494
1111
835
2845
7930
1951
3751
7901
1498
529
1764
3222
7346
1905
1071
4322
4482
3463
4849
5343
898
1138
3771
2524
4137
1407
7129
1767
520
1223
1116
5660
3136
641
7469
932
1399
4156
386
1376
6035
4048
7514
6262
5144
535
4375
7194
3061
4571
3083
5491
3395
1149
4601
1255
6042
1340
6672
6420
4586
6448
3107
7739
1778
2830
4261
5432
957
3718
5964
5995
5048
637
708
796
2419
147
6174
7123
3905
4882
2966
3060
3666
4903
4948
1243
7904
4136
4407
6148
4039
4440
206
7565
7474
412
873
4994
1850
6726
3276
7552
7066
7313
2991
4558
2283
6497
1119
1194
3108
3505
1018
3295
1497
3092
5461
3539
7254
2678
2011
927
6302
5489
5206
2169
7404
4349
2297
5584
7228
4220
5638
3249
3081
7185
4859
1232
1313
3039
3086
521
6640
7770
2714
5767
63
2721
1403
3270
1436
1176
1902
3291
2554
7372
2373
4703
1476
7688
5786
7507
1378
5862
4737
2595
6962
7403
7294
5676
827
2303
7467
5442
3112
4324
7194
440
2461
1872
4178
2404
5161
7291
3129
4041
3247
2791
6707
3554
5212
2880
6043
517
5358
191
5539
5461
5427
4310
7986
1847
3011
6947
2382
2852
4859
3394
3619
2923
3710
5016
7385
6941
2121
7245
2667
7789
7977
5706
2471
2873
3433
1803
2622
2885
2878
2154
4795
3579
5522
2357
3779
138
1990
5814
792
6659
1064
2740
5053
5771
5219
4524
4378
7505
7393
5613
2229
38
3413
5909
7454
6261
3274
4367
3541
5398
447
7613
6483
5168
3553
3663
4931
4474
1941
1828
3774
1135
3449
2381
6243
4479
10
246
4012
6698
6733
911
6379
5470
4273
1628
6196
1185
1012
439
1129
3239
4098
585
7301
4336
5920
675
6145
1440
5377
5926
3408
3320
124
3486
6114
7232
199
343
3671
3698
5590
7405
738
4052
3551
7843
954
3283
3067
5739
3380
6935
7180
4401
1463
649
7796
1589
5526
2148
3544
2169
3491
7092
1738
2917
2405
2793
6513
4047
6458
225
2985
7273
1349
5224
7859
5630
6865
5482
6477
7146
2165
6614
1807
2098
2631
7054
3378
3020
1749
4084
6603
5593
7854
5361
4321
6190
4349
1710
511
2046
3031
3210
7766
4396
5122
3257
3649
1142
5519
6527
5055
929
4133
1282
4439
3891
7288
7946
7008
3218
2472
2796
561
2668
50
7000
320
1871
2923
7242
6823
2160
4174
7732
6065
462
6914
3726
6871
4926
542
7464
4145
61
7722
2654
5994
2786
1446
2275
4522
7718
2134
2915
62
4195
1144
3130
7843
5741
4784
313
7797
6364
4577
7561
2042
4799
1136
6423
4389
5084
81
6082
1366
3004
2710
1148
3984
3664
298
2447
3376
7782
3631
2359
2428
7113
5306
2401
2250
5822
620
1736
2720
7636
2753
4180
942
527
6392
656
489
5970
3720
4598
7449
6320
4971
6233
5578
575
3221
7703
7697
7391
95
2254
5943
1942
161
6295
6555
2598
3039
7564
4927
7331
2416
3699
2755
925
2249
5137
4096
4318
4269
2864
7160
2148
1410
682
2502
550
6964
7970
