3327
7221
4140
2378
5035
6976
6089
3925
1025
1159
2431
3870
395
4793
2951
7254
2895
2789
64
2209
309
5684
1209
5023
400
3487
6897
4218
4741
5796
3275
1459
2643
7250
2067
3740
5731
7995
7777
5393
6924
4237
1745
3642
784
5344
7591
7218
5705
1405
4379
329
6371
7292
3393
438
3638
1239
5458
7087
4967
5264
2449
5343
7831
3635
7990
2528
4965
2741
7261
7936
7205
4853
7951
7650
2484
7583
3963
2531
715
2982
5933
4469
2239
1173
3225
2329
4661
5830
1783
2021
5184
6524
3485
3835
7079
3471
3698
6923
5027
7396
5812
3628
2922
7518
3480
6636
5440
2982
6848
4917
1451
5251
5281
6724
338
915
984
4089
1355
236
1138
7638
3526
1671
6949
3739
7445
4366
818
2706
7743
7073
4544
748
4686
4940
1832
5363
3877
2409
1333
1655
6879
1892
6453
3064
2877
3423
5825
2734
2593
6803
7171
3421
3102
2605
5144
4393
2156
4865
5576
6279
34
5671
4142
4833
867
2776
3305
2566
2742
7088
3009
6671
2355
2012
4976
6341
3833
3270
3336
430
1723
7267
4024
7093
4593
1457
4452
7610
6868
4848
3561
3095
7405
5771
6026
5490
151
2634
3102
7266
2213
1555
1143
759
7130
5016
7325
4331
488
5753
4910
5343
5663
6892
2341
789
5942
5366
6320
4795
3593
3945
2896
3324
251
7001
4052
2874
4388
3272
4874
7740
6119
3727
3845
4557
2494
3125
6706
4604
5585
5558
7046
5865
21
3626
7464
232
334
4431
7928
7601
6084
1252
3210
2140
7716
3295
7946
4521
5573
1678
5850
2585
3803
4239
7005
7192
5190
6397
7251
4956
7927
4777
5615
7809
6409
2017
3503
241
5189
5160
1223
6876
2958
5130
3991
5450
1884
2731
7704
5868
677
2682
242
6964
2745
7908
6613
104
4002
4388
3685
7874
4414
5723
6280
2705
6361
7155
1799
1196
6996
2807
5829
4688
5944
2401
3771
5271
6651
4548
96
7989
1790
7599
4329
5328
181
4420
559
31
600
7395
6528
2492
5101
702
4463
1496
4392
4388
6925
6906
3360
7159
4912
4882
2626
5197
740
1873
3967
3801
3435
2038
6591
2671
7208
7980
1513
3920
5321
6247
1949
7590
2955
6466
4364
2131
5772
1602
1109
6378
3652
5171
4027
4701
3735
7436
98
4219
5352
2818
1372
6518
7178
7230
2037
2875
1799
1058
3752
3240
2361
3546
2080
5210
2821
193
5573
7268
5104
593
5928
19
21
7702
2518
3411
7397
7179
1821
7573
4365
5154
3216
7218
5972
4445
7352
4132
3215
5562
2105
7577
7088
402
1467
2130
1284
848
6835
6739
581
5663
4271
213
1717
4910
1908
1106
4115
4491
7064
5502
5546
7250
4879
66
4433
1260
7714
3719
7083
5746
1842
2411
7946
5709
1119
7272
6648
6225
6495
7711
3905
548
2896
3944
1595
2968
7949
6432
3159
1245
509
3088
5200
3996
5238
3300
3556
5143
2821
5273
199
1481
7119
7241
89
4928
2419
6611
1157
6418
3498
3409
2396
1506
5627
5939
5631
610
6445
5558
5745
7505
1114
3646
957
5090
6106
7314
970
964
5310
1233
7492
5733
5186
4614
5936
1103
1495
4171
6987
1785
1699
2827
3211
7389
3699
7873
6548
1244
7251
7816
533
1844
4175
5673
1720
3734
1327
2120
1694
5279
424
2041
898
6793
4821
6774
4103
1564
7542
4884
2890
5259
2804
4367
7437
839
7349
4940
4827
6077
5710
1637
4180
7728
5541
4538
4161
3410
5362
3125
1098
6999
2842
4097
5262
2246
663
4723
46
1555
4322
7458
3520
2676
4876
5204
5817
7937
831
4566
2918
6292
5532
1317
3125
6025
6037
1191
5944
2368
6089
2223
3732
931
1112
2281
6459
6156
6819
6769
2493
3379
3094
32
7860
2884
7570
722
1063
3582
5917
7611
2855
216
1880
1091
4316
1476
3740
777
6628
5441
886
426
1223
2030
4469
7516
2580
6066
7455
6184
5132
5388
3469
715
425
5310
5777
4580
6180
5498
93
5302
7442
4134
4977
1793
810
2359
270
2007
2935
2734
6599
5700
6317
4265
7614
582
3164
4249
2140
4841
130
4760
6650
353
7877
4704
6923
4106
5618
4170
6862
2716
6810
6377
472
5496
106
5427
1211
4057
4947
5698
774
3824
6424
815
7518
3243
3357
2540
6144
3642
5692
1043
4325
4144
4572
5033
2122
5383
416
5834
1677
6065
6058
1747
1819
2802
1845
7804
311
1390
4104
5138
5751
2219
2517
421
6877
5975
3420
7021
301
7183
2300
924
1189
5988
1455
2553
6192
269
299
3706
7121
1672
2653
517
7511
6276
5834
494
5439
1044
4497
249
2365
5603
1537
4846
5533
3382
4902
5683
3735
6897
5819
1689
2115
3100
347
3081
5250
2779
2896
3569
5626
2586
629
7858
690
3987
5245
4811
5916
2175
2296
672
4100
4842
5369
4757
2704
762
5155
2393
3457
2581
2608
5109
7066
5942
4531
5949
1045
5735
916
2529
6637
2595
1417
6468
3422
7854
4842
2067
7862
6401
5193
1825
2454
3363
7959
4161
755
5149
4089
5966
7291
917
722
2008
4708
112
3404
5023
1886
3108
6807
6008
3290
4370
1804
1032
2036
6755
6057
6717
6260
3410
141
4915
4505
7154
1412
2370
3375
6180
1503
715
1532
1820
2906
2129
3274
5579
190
4141
1467
1512
1485
7146
7711
585
2435
6040
2828
3174
1374
7544
2114
6229
5783
2963
313
328
4635
5842
7327
1570
720
7387
5341
5026
2630
3863
1138
6504
1243
1873
3501
5094
4357
3098
6536
7268
4802
6213
6253
7214
3489
6662
4715
3298
4287
3310
6864
7524
2946
7561
5663
5175
5995
1056
5516
7558
3264
155
2758
1651
2215
313
2022
3524
1103
843
4291
5915
3628
5139
2962
3798
6594
3991
7393
4182
7471
7336
6862
1780
7166
6740
6566
3424
4735
5677
2794
6661
1846
4428
3329
4973
4914
6764
2166
5520
2934
384
4218
5405
3879
2101
4638
1528
1969
7127
2441
5114
3804
4087
923
2175
6298
7516
4228
3824
1588
544
6750
1771
1742
6031
7882
2237
7584
3970
4726
7994
6996
6747
5693
3867
5461
1995
2445
803
6940
7898
7025
2112
7410
6119
3342
6280
6462
265
3609
6992
7041
232
2615
4598
6569
5804
6108
7843
739
4188
2236
4404
3795
2652
6253
5780
3248
1805
7899
5237
2129
3151
970
2824
6331
179
4128
125
4607
4478
7876
3282
5368
3040
6870
3987
6842
6831
7817
3101
5983
7718
2802
4338
1283
7215
7431
4652
7768
2386
4035
903
6956
7466
2861
3780
1969
5205
2352
766
1003
477
7756
792
5488
7388
923
7527
16
370
6675
350
442
1175
3824
4062
4676
4503
3609
2595
1991
7569
1421
837
1597
5727
5820
7549
2399
1042
2127
5011
2703
1546
2562
4720
2153
5793
6773
1637
193
1849
4018
4397
5441
5993
5255
5736
5506
4558
1939
2919
7162
432
7805
540
4757
7212
4772
5856
1672
2224
5545
380
4655
5808
1714
6869
3083
3438
7470
6866
1627
2651
1806
1197
2444
3084
4008
1760
7605
5992
2268
7765
4267
614
6867
7265
1553
5989
5022
4327
5665
4693
5517
5794
1598
5705
4711
279
3328
3934
7333
2589
3484
652
4849
4660
6720
6911
1238
3421
5649
6754
624
1520
4865
1960
3350
4655
5833
5858
2296
4762
1167
6701
3398
2780
730
7764
3602
5274
5174
3339
6956
1324
5523
4451
7081
5577
7559
6965
6409
5563
2644
1061
5630
6769
3663
6878
5195
3408
5507
3082
3468
6619
874
5643
3751
2461
5735
3659
2231
734
3992
3917
3665
4334
2255
2982
6559
7103
7660
1601
918
2930
3070
7817
5043
5914
5455
2117
2922
3206
7768
3743
7230
7114
5840
3707
4754
5462
3584
4016
4670
3748
5876
2625
6091
5930
6077
6718
3050
5575
3231
5356
7980
7259
2022
2962
2045
6929
4586
5656
5755
5395
651
1728
1359
6537
5541
384
2581
1199
2397
5348
303
4020
765
239
1819
7616
6735
6655
6874
305
5343
5754
6712
6400
6987
3515
3326
2564
242
7745
2427
5335
5334
3194
6135
6888
5890
6830
1947
7780
2346
7956
5978
3937
6105
7580
1108
398
3539
7505
2706
4269
522
3826
3255
1200
5578
4983
470
4444
4451
1214
5207
4539
254
6604
5168
7546
3279
3159
4677
6511
3643
5453
1675
5609
317
2450
2424
1625
5380
7367
7780
1897
7676
2274
6239
3029
4790
441
4518
417
5315
6752
6486
2175
1541
7074
5092
1814
7775
1722
7796
7031
2670
7812
5348
555
7569
1590
5446
2770
4454
6790
4706
4325
2988
3001
1424
2047
7368
6283
2528
930
4835
2549
3627
3610
4726
3613
4470
4358
4477
2835
2487
1296
5098
884
7717
2736
7881
4004
434
821
5668
3103
7530
1842
7031
3691
6950
1478
7439
5335
6570
7148
3357
1051
841
6456
791
3388
2991
7441
3262
782
1371
841
427
7281
7955
1155
5366
1230
5388
550
7919
3304
3858
697
7553
3045
4205
3097
276
4010
7120
7667
7451
3426
7669
5899
2733
6361
4650
4837
5972
2869
746
3421
594
2638
4613
5627
6813
6138
3208
4491
139
7614
2380
997
5005
1993
5982
4373
3876
6357
5783
4255
7706
3233
290
4706
7174
397
440
7219
4795
2996
4130
4690
1161
3999
1475
3663
95
389
3783
7730
7496
5743
238
6083
546
3555
5684
3574
4493
710
3809
6206
5280
1230
2688
6637
4988
5961
1327
1603
7094
2920
3547
6560
3951
3008
787
4700
4159
6971
6840
1256
5914
1793
766
1343
3780
523
4968
34
5713
6552
4416
1661
7291
698
3795
6060
7097
2371
4204
7756
3081
5482
7148
3715
3812
202
448
1908
2186
64
5220
1078
7439
1345
5827
5851
6701
1439
4719
7128
7103
6590
4532
1016
985
6690
7266
3227
981
5505
7470
252
6990
4592
6844
4511
1136
7842
6756
5077
338
1451
7644
1170
7797
4086
1160
4899
5252
603
3659
2834
719
7010
7588
3937
264
1842
4560
4715
1924
4067
1809
1028
6098
3376
1203
2754
3272
3007
833
4499
4228
5645
1261
3294
7605
5812
6724
6756
4444
6306
257
2738
7589
2866
3210
3045
2850
5288
578
6586
7192
2289
5637
4098
5856
5609
2760
1291
5676
4941
748
6270
3647
6600
1947
7668
6929
4061
7635
3799
3826
5417
2999
2988
6230
6432
2649
1349
3634
5967
4658
6837
7864
1695
325
2479
2071
2448
4762
417
2077
5293
1365
6767
7503
2906
6697
844
6357
5855
6177
3369
7436
182
5932
6374
5379
1302
3586
3344
5320
3626
1808
5071
5748
7478
6433
502
4071
6395
4274
5913
2281
3573
3566
1772
4667
3947
4055
3563
818
4305
1380
4621
5034
5205
1931
3733
6217
1822
1289
6082
1881
3529
6203
4529
2047
163
4089
5803
6222
2004
6085
1723
3821
6756
2637
6423
2609
6156
2493
5253
29
3730
7086
2886
7945
1940
4735
7270
4980
5090
1799
6469
6715
7497
7895
281
32
3948
7799
6128
2510
2662
4677
5712
2382
1472
362
3097
182
4083
3863
1179
3861
3337
4487
989
6121
3919
19
6702
5172
405
3746
3635
2479
3180
3206
4406
5182
5139
6620
7495
966
5468
3120
7830
1311
6565
6116
5018
7878
6013
4783
3354
6790
6873
5584
1502
6518
5388
307
306
4309
2480
1260
874
826
7565
6419
5699
1580
1938
3760
6990
7532
664
448
7084
805
5131
2594
2618
3209
3168
3603
2376
4874
3777
2373
2740
1406
4859
5318
7542
7195
6337
6544
1422
3610
12
4497
2156
3373
6504
4201
4579
3483
6858
7892
8000
3566
557
3235
7516
2055
837
5432
6905
2986
7929
12
4477
4231
5411
2063
645
821
4393
1331
1464
4247
596
6161
6330
1084
3437
7436
6352
7343
1982
4256
1151
4148
1096
2063
3507
2423
3976
4353
5090
2919
517
5936
392
318
374
1476
5975
4981
6770
1936
5303
2765
5743
4935
6066
2920
5793
6261
2044
3140
6208
3608
5896
1039
6935
7067
6249
1552
3699
7393
7766
7007
7961
886
5919
3920
7371
4578
2713
6908
1992
1847
6030
2203
2575
5175
6007
7367
1551
575
2720
974
1015
3732
6751
738
2882
367
7494
1756
6137
4873
5678
359
3614
1313
5910
6356
4698
4026
5371
843
5364
4362
4882
7221
662
4218
3824
3696
4923
7519
7663
7771
7863
6266
2825
6407
6437
3666
3597
7669
2134
963
5783
4709
5206
1238
3857
7984
1508
2123
7485
1239
508
2421
7428
182
3324
1635
886
690
6997
1910
910
7199
6112
6039
4968
4731
1185
2877
7365
1541
7416
1120
5256
3159
2116
6567
2848
4436
3352
381
7330
4737
3237
4636
134
2998
7731
4490
1521
878
3516
3130
3888
623
335
1538
7694
1282
4072
6114
2477
854
3754
7690
4777
7743
1067
5570
871
2476
4221
3199
2317
1274
3869
4625
1906
6795
6977
2481
5684
5905
1061
2092
6802
7132
5161
2885
7045
4717
4359
1115
4496
4982
7951
2697
1362
6959
177
5870
1699
5587
5447
4506
3257
7931
6487
2092
34
4584
7357
465
4033
3203
3157
7593
1164
7252
2928
1568
6641
656
1961
1889
3015
232
6637
2228
3393
1695
6760
5239
1091
2274
2221
335
2530
2047
1864
4833
1351
4447
4640
687
7319
5505
380
2587
1900
677
7501
6079
4902
5939
4739
2636
5951
2766
5301
4121
5777
3139
6247
6079
5717
5222
3601
6516
4290
3005
5549
3199
6924
204
680
2836
7809
5428
5489
7120
6987
3483
3512
6719
7641
2863
854
1894
6602
2534
1510
3286
6522
7129
6809
1778
1981
2854
2336
109
2527
5224
7117
6004
3497
5886
4106
1517
3041
302
931
1089
4830
4250
3399
7902
6524
369
3306
6696
1639
7733
3286
7584
1847
550
3729
4318
5889
518
7612
918
5449
4909
1508
2805
7116
7508
6302
990
7694
3841
6421
4787
5021
4292
5450
4479
6066
3798
4007
5380
4426
4583
5271
4516
1232
2566
1405
7008
1364
4272
2639
1909
1518
4633
1885
2846
3957
1429
91
4135
4002
577
221
4025
7352
6021
6475
6977
3211
7913
2932
3371
5907
6491
3535
492
4205
7118
1445
1712
1530
3337
6117
4526
77
1687
5313
3648
1093
7392
7910
144
5819
6469
2645
7512
2073
5864
7602
1871
1592
3647
2805
29
3478
2352
4017
166
4943
4498
3956
5210
5465
4454
544
2816
6236
1025
4629
4672
2158
7251
6476
5940
6746
3859
261
3306
2650
5234
7884
4254
2749
7809
1084
3513
7802
465
5733
3347
4624
7686
5350
4971
2546
2248
4507
3441
2080
1008
381
1980
4206
683
1835
7655
5417
856
4572
7167
4440
5916
3660
764
641
5481
7695
5969
1924
4843
1541
6097
3262
5321
3538
4143
3234
2989
5360
4972
7051
2980
6107
5780
6600
410
6682
5631
6502
4615
2378
3435
2348
975
1147
1175
7648
1927
6022
894
1015
200
3538
4167
4493
7299
4937
1495
877
2055
1995
3976
2512
138
1601
6480
5510
2652
816
5633
2284
6894
6390
4136
2444
6260
4733
5724
994
6606
3731
1952
1554
2599
610
2031
3562
2145
4585
4123
853
1427
228
742
2671
641
2921
3549
4740
6828
3188
5824
6732
377
1611
5621
2157
3297
1332
2372
7744
2913
4604
5931
131
5083
6601
6602
677
2521
3027
5355
1302
155
1084
1001
1192
7831
1327
5656
4518
7795
4504
6423
370
4485
6833
2502
3553
871
2335
2576
1481
4802
4889
598
1074
3603
7129
1869
4090
3235
6926
72
4228
6554
2078
4768
3769
6268
2461
6565
5171
4894
2626
6883
5764
100
1165
5312
1893
4658
5345
6873
5460
3486
3987
1207
5715
2588
6758
6251
3137
7099
879
2434
3001
3764
2736
5916
5093
2543
7286
4540
5699
5040
3586
6133
5559
4200
3684
3064
3471
870
7203
1107
6655
5358
4516
2508
3511
1582
3529
674
962
3846
5057
3795
5298
6784
6053
1077
3361
7473
1744
6602
3212
1060
437
7116
7285
4248
7391
5920
3731
4234
2797
117
6482
3344
5880
2553
103
2307
5690
7639
5226
3174
4927
6441
3103
7142
2511
4984
3619
7948
7342
139
3179
3470
4350
1544
1832
5614
7631
27
13
7263
6706
4414
601
7663
6591
7489
5750
4920
4465
2356
3521
4280
1342
5715
7917
5687
3269
3487
7486
1311
3385
1950
3884
2417
4821
6278
6009
7891
965
4115
5980
4761
353
4638
3185
6486
1390
5457
6362
1102
4341
6304
1058
7306
5708
5727
7728
4801
5073
4647
1627
7651
2770
5225
1827
4951
3205
4609
3025
6131
3004
1582
5689
3145
6315
4005
7662
4324
1439
7538
5382
1063
5350
3319
4840
3715
2141
5866
5388
6327
3418
6625
10
3098
4146
345
1207
6477
6118
5524
3539
6863
1775
7045
4334
3836
7017
220
7684
2931
6628
3764
3172
2390
3936
4508
7327
7006
4091
4946
6850
1229
2006
621
3023
6000
4667
3252
4429
6698
6119
3425
5237
5160
2073
6621
5311
2765
6113
4542
5892
1337
615
2224
6219
641
3487
945
7768
4872
640
6195
3091
2965
5413
1377
2313
3889
2061
6443
4350
1348
3377
3209
3871
1883
5156
233
870
416
5931
5087
103
349
6349
6863
1932
5751
5880
5493
5941
3582
4854
5440
5858
672
869
7349
6763
6660
5756
1792
1531
5767
2374
5253
7098
2309
4787
564
7874
6170
4661
2781
216
3164
5416
729
2180
7393
3468
2418
1643
6323
426
5879
4815
6962
2370
4195
3930
4300
2751
3521
5704
653
3488
5001
7247
3305
1162
6256
1941
490
1164
4880
2202
7144
3259
418
585
6269
1775
4853
2953
2112
7725
4779
6186
6124
808
591
7873
6119
4065
4077
6874
1899
3376
3498
5688
145
3897
5146
5281
7940
4802
3174
3656
1930
1186
6835
4724
6402
1999
4504
7067
6654
1109
6021
3907
5828
1374
824
919
5596
2408
760
3112
1381
1781
5434
1113
5107
2277
6354
6500
3062
6101
3440
328
1910
1521
7775
6905
5764
7516
7569
1255
3310
3576
2566
7780
7112
756
4283
6269
2550
7692
6452
5802
333
2594
2939
3866
4770
4350
2787
6257
1201
2339
6772
4012
3115
3052
5692
7309
6428
1930
6198
945
2064
3039
7951
7018
1067
3538
3608
5774
74
4253
1411
5946
2728
7994
1043
921
4795
7660
549
1911
6207
6813
1880
3799
3201
2134
6464
2728
5592
1246
2370
1608
5055
6733
7600
1818
2809
2598
3539
1669
3156
43
1811
662
6201
5048
3350
7643
3622
3614
2693
4664
2863
1266
3362
7856
421
401
4123
625
7957
5997
811
3734
39
4319
6944
6422
1492
3976
5358
6307
4861
5293
4533
5878
5106
4168
3614
1584
7803
1816
3956
1786
7488
1558
70
7558
7552
3872
5026
2002
1296
1219
5825
1627
2878
3058
3842
2770
4869
3436
2415
2726
6933
2185
1717
5464
1448
7431
7832
2234
841
3974
6958
1194
2415
593
4202
7536
1277
2271
4651
5747
506
3115
2266
7395
5481
1743
7369
1789
1202
2811
3670
449
5277
1432
870
3525
7672
1335
7776
6417
2511
7386
2502
1266
1310
5172
7675
4157
1805
5763
7988
2764
576
6264
5077
7288
5883
2374
1996
2787
546
759
2810
837
3278
1026
1504
2438
7561
238
1777
6876
366
1300
1034
4859
5504
7285
7482
4088
649
4403
6924
1279
2614
7469
58
2298
7905
32
7888
7663
4844
1358
6840
7595
5827
7968
940
6131
384
5499
1530
4982
5815
1883
1045
1906
3262
7763
1101
2868
7918
6926
3994
7274
1475
5663
6227
4636
2247
2173
402
1250
4261
6561
5584
2812
5326
1632
4132
3241
6326
3665
2348
6887
6293
7547
1597
6138
4488
6581
3284
514
2076
6594
3808
1875
7916
3262
2971
5407
6238
660
6695
7347
504
3651
6632
218
608
1705
134
1339
5657
850
1932
1950
265
851
7832
2612
4474
4067
3791
2678
203
7290
7131
3015
7979
7294
7975
479
1689
6968
5424
3701
5782
4648
7021
3865
7259
5689
3383
7497
7059
3701
4657
2716
5227
2377
3930
7824
4185
5224
7543
7611
7159
5588
298
5541
4095
2084
1577
4976
5277
4320
2753
7059
7366
1350
85
4701
6901
266
1530
2691
4290
3510
2370
959
7686
2097
3681
6003
2485
3847
7353
6967
1672
1489
6294
5201
5972
1958
2120
6086
7692
4815
7462
2501
3247
5697
6526
1286
4007
4977
3988
522
5837
828
4769
6505
7020
6237
3636
4495
5768
2259
5563
7246
249
5800
1400
2553
5028
129
6777
6877
2561
5220
1343
6873
4400
4738
5424
2368
3272
5001
7477
5804
1452
324
5964
4441
5444
5587
5628
430
4075
2717
107
2148
509
7206
2133
4486
5225
1859
5683
3017
2109
3042
6415
2726
5083
1218
3984
5928
4764
2807
6546
1681
5468
1247
3998
1479
3356
6625
1013
1492
3363
1240
2008
3728
3567
140
4654
6182
2379
5246
6716
5098
6041
3962
6131
4103
3602
7575
243
2873
1820
3336
1352
7503
840
7531
4654
4288
918
219
5392
3937
4614
474
6768
3415
1777
6130
4936
7233
6664
4607
4945
2233
6593
7992
6840
1551
3202
1397
1710
1139
7761
7907
7934
5307
516
1436
3263
1173
3303
2881
7251
4224
2737
6032
5130
4960
3699
6155
6741
3899
7811
4726
513
6144
1818
7355
549
1045
7607
1621
6079
588
3742
3553
6899
5610
983
2028
6684
5556
365
1447
7579
4023
5189
5199
472
4661
2117
7362
122
3301
7393
1106
675
5133
542
6911
5007
4161
5704
6064
6428
4700
194
1775
7067
4325
6815
5877
2602
116
3126
3021
4861
3872
5473
7686
1068
1810
985
6958
7617
2231
6002
1663
470
7614
6254
2692
7702
3580
5489
5493
3131
4650
2525
4579
6198
332
3001
7943
7872
1478
5330
2097
3594
1630
1784
6662
7627
248
5557
4437
1479
4997
4809
4981
506
3200
6866
4263
7537
7752
6396
6768
2644
348
5456
1681
5369
7157
7605
7427
17
1479
5223
4294
7100
1042
4986
6030
679
2923
7618
1219
6070
1142
1985
1596
5205
5059
5913
472
7586
4670
3291
2291
7997
53
6102
7900
7919
5516
4212
4794
2987
6906
2639
5970
4363
5818
3887
7209
4666
6800
923
3006
2401
3877
5895
3844
7349
1918
3705
3834
7351
3159
2212
5572
1983
4735
6133
857
3254
1192
540
608
143
4250
6482
3261
4746
723
5935
104
606
2096
2241
6296
4892
2915
3116
207
1436
1325
6831
4884
3731
5
471
7557
7961
2838
86
3665
2069
135
75
1949
5946
5359
641
2387
5880
4415
7459
6055
1304
6183
885
366
6464
3428
6329
5227
6446
4023
2687
7129
1585
7692
6948
6920
1301
4106
700
356
6780
7391
5852
7765
2391
4982
7756
1611
3016
2212
4225
3689
4666
6263
7372
7806
4528
41
4630
3143
1047
4771
1448
2067
7062
6753
3066
7865
2699
1605
1731
5549
5338
3516
6716
5002
6384
767
763
7779
80
4826
1459
2338
897
1901
3945
1015
66
5513
2974
5931
5527
6099
7965
11
7169
6441
77
4675
258
4579
5827
5894
267
2749
1834
1393
1493
1952
5273
4618
1239
649
6022
4346
7193
3568
2951
5225
7815
5225
4064
865
241
1607
7439
4516
2262
1700
5554
4834
1305
6340
191
6382
1425
4280
5818
2808
5830
4030
2147
654
873
6346
3788
5096
102
4706
7884
2599
1455
2893
4475
4593
1572
3828
4600
2128
6261
6038
6499
2423
1088
1896
6601
7068
6005
4731
6977
1037
2859
4124
215
7364
5736
5807
4803
4917
3833
561
6822
3733
542
6841
1843
7750
5847
2139
4248
1264
3196
4823
5453
3636
4518
3432
3590
2399
5276
5601
3168
4542
2629
6993
11
5939
2786
7403
1915
3669
6331
4910
7648
4683
5098
6631
6441
5015
4480
4742
4955
4802
4372
1476
667
449
256
429
315
5167
1288
5662
6473
4561
454
6043
1089
6007
3125
3607
4596
481
2538
7845
5091
981
4747
3915
1049
6592
144
4651
4466
3230
987
1682
5081
3724
2840
3780
2170
646
6626
7301
1544
3466
7839
6042
2335
6687
7710
4673
1167
7148
5730
4652
7862
6399
2980
4528
373
6437
6737
161
3406
7129
697
2219
5046
2030
2352
2655
2290
7629
6600
1726
5875
6933
2862
2187
5967
5411
858
5051
4560
4522
4033
2925
2194
6126
7754
129
3188
1196
1876
1522
3437
1950
4789
5634
144
5691
3180
7240
7063
3119
3277
8
570
3266
3955
3921
587
3264
2171
2317
4225
7806
6617
4148
667
3441
4379
4434
1098
7586
5415
3504
5120
1138
4439
7858
2869
7629
4222
5157
3982
2000
3370
3722
1678
665
6943
3547
6627
3393
5027
4202
3382
1013
1087
1393
7399
7961
7891
1570
5334
1288
777
4300
7514
7875
5767
6392
348
4331
5123
4342
857
6619
6028
4668
7670
862
5444
5303
782
7521
5464
932
3026
4511
7958
3681
1519
703
7396
5608
106
811
7123
201
3254
3524
5607
2123
6875
1037
4094
3640
2380
7061
4088
1444
6303
722
2196
3965
1349
2389
4931
861
7765
7261
4558
1965
5686
5820
5131
1802
1237
20
2660
4780
56
7332
6138
1886
1816
2208
7783
2856
7447
7640
1162
4863
6238
1408
6113
7928
6491
2230
2821
4408
1920
2040
7418
5614
6744
5715
1748
1313
1481
4831
7802
7513
129
1236
5909
376
3424
3090
7064
1795
5417
7665
4029
7687
2775
58
5594
4679
6985
7674
1789
4903
3076
2441
7028
2260
1551
6935
6221
7862
6777
6564
2200
4890
3619
1765
2567
3150
4183
5177
7083
1993
4582
3112
4321
1944
2170
1978
5051
709
3630
1174
2323
64
7774
3613
5928
2294
6278
7660
7854
3299
3203
5226
3265
7094
2390
2545
6348
4414
7758
4136
5332
639
1827
3128
933
4729
3765
5377
2479
2796
5479
4597
2646
947
168
2550
2558
1651
552
4461
7391
1587
3747
1468
1216
6479
1494
5947
3225
4294
2184
3300
931
4864
7192
1704
4463
4797
7878
5041
7982
7481
1266
6593
2551
500
1683
1573
893
1249
1462
6226
2507
2219
6019
3808
7831
6791
112
4726
6895
1512
3629
2284
5995
1693
1995
6330
2369
2915
4479
6393
7966
6641
4953
158
5535
4169
188
3268
1199
7011
5425
5179
7233
5727
5799
5315
1756
3949
1933
5564
6718
6122
630
844
607
7653
2092
308
2545
5726
2419
1103
3882
2802
7626
3633
3525
1286
4033
517
2818
5656
5951
4409
944
1286
6309
4157
7478
7282
7436
347
4517
1687
5017
292
4196
6715
4959
5034
903
6537
664
5002
1257
4506
4879
7582
2861
1291
2306
7932
4344
7350
6069
5952
4323
5300
6929
2498
3124
6538
5597
129
2539
2763
6661
185
5383
7136
4264
5560
3423
4138
1241
1121
2343
3027
7049
6977
970
5258
2987
7186
3196
6179
3967
3080
5734
3085
6522
2550
1675
78
1459
3698
4529
4534
3049
1838
7809
375
1283
6967
3977
472
7342
3173
304
2590
3297
689
123
7113
6016
2174
6323
6099
5196
7977
1005
3182
5877
2317
3619
190
4498
3282
3100
61
3311
7127
6410
2026
1980
3868
2059
125
5432
5755
5042
6934
591
1940
1412
279
6598
7460
2805
2658
5732
504
3286
3772
2789
1358
671
72
5308
5164
3972
1409
5284
1848
5545
5788
553
1855
3199
4352
7375
137
1819
3078
1750
7563
6544
5067
1043
2785
5626
4432
7397
2221
4530
5601
3027
2639
4063
5614
3761
1474
7214
4340
6195
4327
6821
7062
352
1918
4673
4940
341
6780
7190
2317
2702
764
6749
4154
5900
5678
7002
2032
5898
15
7497
4835
3091
1622
4006
1499
2267
7986
2394
1208
2203
1588
1123
2852
7696
1922
6654
428
5237
3630
640
896
5775
2361
6195
3604
3310
2608
4500
5329
77
4156
7250
7147
1632
506
5399
6608
204
1762
6746
3868
7150
5182
6516
2518
4861
3093
2511
803
535
108
1166
3959
2785
6583
1009
6618
3148
5444
7549
6926
6788
807
4751
5691
1158
3777
6343
6303
6833
2950
7108
7316
6107
4012
3141
6514
3078
1518
2289
1266
2236
4923
5528
4366
4157
5888
6274
2771
4400
7790
5108
7176
3342
3124
50
1071
6400
426
22
5194
6962
7745
897
1046
2727
4534
5625
6012
4964
7491
3034
495
7117
5283
2073
123
6952
6697
7893
2326
2912
4141
5243
5808
4244
7185
4602
7843
3504
3016
1759
5468
4438
7014
1728
7695
4185
4071
2358
5725
166
5377
5514
7507
1335
6393
972
6871
7199
7394
1643
5122
4853
5809
7260
1200
1162
433
7765
221
5837
495
4842
2240
6242
5250
5333
839
5023
51
6484
3620
1046
752
1328
605
4536
7625
4618
3499
6877
2802
2455
2458
220
5249
3960
3849
713
5034
1161
1951
2221
3600
5093
3127
7506
4104
3432
1108
2655
3544
5009
4876
7586
3917
5308
5794
7018
2297
5144
1177
547
1177
4159
7849
7595
2449
2317
5916
4316
840
4789
4158
7794
4287
3900
4
2410
6470
6715
2917
3247
153
7564
6456
5205
4054
6105
6147
5486
6761
2606
27
6247
6700
463
4789
2933
7111
1593
7511
4344
356
7838
5616
7937
5754
5319
6064
6837
825
5669
7619
541
732
7809
6418
7836
3843
7170
6154
5236
282
5826
1817
7773
6237
458
7840
6550
1383
7424
1457
3041
5128
4959
3641
7473
2958
1734
6864
350
7983
4443
3553
3834
4766
2392
1231
1851
7104
3126
5709
7919
4373
2679
1790
451
125
275
7833
5173
2158
871
2924
2651
56
5071
6175
1849
5188
51
3407
2796
7018
5957
752
4534
3014
901
4007
1810
6955
3276
6367
4859
508
2781
7729
4962
7704
4968
1288
4562
1889
982
5829
1232
3297
6292
1941
4524
7719
116
6709
5726
5110
6623
914
6154
494
6378
42
1370
597
4300
7590
366
3387
7650
627
33
6834
4388
1487
3753
280
3426
383
2550
1469
1754
2511
5464
1748
2040
2993
3363
7262
6721
3544
2070
6445
1145
513
3201
3084
805
4759
3864
7269
3601
5983
7614
4478
7892
3057
2728
3568
1949
1150
6007
6264
