1447
7014
5872
2044
2550
3306
5306
328
6519
2123
498
285
7628
2742
7182
820
1258
1183
1151
4375
1106
3931
5569
5377
4824
1190
389
3877
6643
1572
4575
5341
4522
1255
5976
2336
4432
5085
5786
4557
6304
1371
5245
1133
4848
5490
1474
1157
728
6482
1646
4898
863
2702
4658
4501
4006
7912
4601
3541
6423
5740
742
1161
2521
4379
5512
5528
7455
6869
5235
6941
6707
4425
5192
5802
3943
3634
7105
2100
6535
5940
2263
428
2393
1738
1030
7050
6590
2403
2918
1839
7448
5301
109
4953
5406
4937
5551
2750
4191
3393
7865
1454
3117
1006
6055
4414
2794
4416
3922
3762
3
5118
7770
4216
1226
2393
3073
2988
1607
2254
1267
5211
5153
2389
3889
4634
7416
4365
6099
2830
96
5992
117
7398
2920
36
2263
3420
3267
2888
4
3769
1330
1559
6772
1039
3932
1176
956
6160
6723
1893
4430
7390
2366
3928
4904
1451
787
5580
941
5825
3536
4009
3030
725
3548
7046
1156
3134
5724
1223
7027
3638
7485
928
6830
7100
2674
3932
4517
3374
6844
4113
4605
4910
4189
17
3460
1334
3842
930
4520
4105
5991
2401
2520
7603
281
5667
246
4232
800
1433
3067
6239
7190
5589
3352
7702
1958
2601
2487
2506
126
981
6538
647
1906
6710
3438
4437
4750
5036
1214
2825
4146
2112
4770
6003
6050
20
5276
2393
358
3301
994
6200
3231
2094
3705
4850
5229
3507
5394
1391
6670
3168
5612
1952
3408
2766
2476
3108
4766
5278
1410
6753
4319
2981
3439
4010
6660
6154
7418
3602
1065
4383
2165
2774
6598
3216
2208
4653
3916
284
625
3725
6767
3512
6480
775
1055
3335
3554
447
6423
7550
6203
5944
6565
7837
5228
941
3526
1716
6426
6050
6902
1182
6828
5080
935
7199
2549
3048
6231
798
87
2151
4136
2243
2676
4276
6212
2585
7687
2440
7823
5604
4154
7000
5312
7651
422
3195
6143
7965
5008
1386
5034
1664
2180
7921
5821
555
2745
3136
1930
1695
6434
5555
419
5981
11
182
2618
2305
3364
1443
7852
5079
5800
6904
4462
5881
6410
1851
5737
4698
7882
3769
1085
2011
6214
5530
6966
1605
1714
337
7620
2133
3244
5760
3972
3664
7744
7175
5985
2705
3329
1296
233
6374
1613
5341
3396
2142
5144
471
1931
7744
967
4448
7633
4711
5765
5716
33
1787
3852
1157
7760
5469
55
1931
3811
5910
4246
5894
6891
238
3353
2560
3506
6062
950
7796
7580
7518
647
1558
2226
386
4151
2400
3157
5468
130
3338
4912
5558
6306
6243
4557
5092
6622
3400
5035
6193
3679
6323
279
5972
7483
4331
118
2222
7244
7019
5216
1211
6273
2678
7518
7551
7547
7723
6095
267
2244
5006
6096
5801
4595
6872
6444
5058
721
7743
7284
4125
7694
6907
5840
7750
1959
1021
545
6747
3125
6748
2130
6085
7842
2173
278
7602
2926
26
5764
6166
7189
6981
7780
1522
2434
1232
6561
3716
4967
331
2354
1516
7494
6118
5584
7811
7225
2016
826
792
1649
5325
4620
6358
483
5682
5071
7120
5776
1932
1569
3135
557
2411
346
1214
6889
5753
6785
4886
1704
1240
2394
4802
6571
3135
966
4729
5637
4744
7169
2393
5613
531
1236
7255
1421
103
2125
2200
3329
681
5196
6865
2498
1587
7402
4724
7922
7570
5709
2003
1537
5654
3083
6094
5279
4535
2881
6441
5985
5966
5266
7
3678
3036
941
5759
1877
2868
6124
5279
4179
6355
3343
6371
4050
6692
6906
3471
1804
7210
4794
4124
4354
5310
830
1771
100
2394
7740
3411
7785
1336
6166
1246
1821
6623
1272
4737
7256
7147
7868
6869
5912
5031
7380
7010
3559
2344
3725
5342
4112
532
2160
2561
7566
6539
1442
6648
3064
26
5553
2532
6409
2617
726
4937
2938
2844
5419
6365
6337
5639
6277
6430
5666
6134
1377
3603
260
3483
4054
7049
756
3086
4697
2397
67
1913
5548
569
3468
764
2735
2327
1296
2007
1260
6267
3241
5716
3230
2428
3251
4584
6415
850
1525
4898
6401
1922
4358
7699
6343
2107
5776
1107
5828
5872
6693
5977
2714
722
4726
4897
5527
4352
784
6272
4967
324
7036
5857
241
3273
3083
6520
1299
4111
4497
2777
5997
6627
6328
4848
783
3288
38
6914
4195
2203
6051
935
2296
1084
5381
6482
2939
2991
4234
2883
1259
7722
1134
3205
2661
7848
3746
128
2463
5927
1152
3329
219
3999
7024
7982
735
4702
2405
1560
6183
103
1839
1401
2637
3604
4410
2302
7640
1037
224
3804
23
566
3756
4565
7643
6511
2171
7040
2495
2722
7400
2298
6276
7014
6660
1737
2546
5236
7178
6676
5178
2479
3689
791
4148
544
6384
1276
3119
2754
1166
5224
1954
5556
1311
3161
6082
6956
3267
3597
4394
4845
5119
6931
1522
163
2423
6138
2980
476
5817
3240
5616
7397
6521
7238
6760
7277
2612
5286
7469
612
2911
2354
6795
2903
1312
7113
5996
6668
1470
5717
2161
456
7117
4758
3415
1077
3839
593
7035
5793
5623
5016
8
5341
4177
881
5132
6207
4265
1128
4525
4615
7211
4732
6159
4427
4049
3426
4998
4489
2703
794
7565
4741
4071
3082
2299
6585
4764
6041
4382
7141
6756
6216
7133
7015
5079
7501
3006
7739
7698
4386
480
1667
7245
5690
3722
2680
4078
7547
7475
2780
6032
7853
6885
4807
6396
5628
4245
1623
1756
1930
5793
142
4147
6126
251
1967
7579
2432
2674
3372
1697
3064
6408
7895
4376
3580
5361
1859
6593
2325
7087
6112
4000
2419
4725
3946
5544
1100
5577
669
4793
1334
3697
6331
4896
2040
2551
2916
7624
1536
2899
6008
1366
4812
7137
2418
1709
6796
7622
2727
5558
4268
3259
6624
2622
932
3768
6290
373
4702
6000
3171
4594
6690
4492
5865
3469
6112
2970
1544
5936
4920
5475
4326
1717
2208
3515
1186
4437
5814
3140
3848
2239
7671
292
7271
4695
7770
1745
4319
818
2936
5722
1345
3972
5395
1121
5322
7270
2083
2856
3034
5875
7246
4082
5217
2816
2884
3650
6115
7256
7252
1438
2754
5525
1012
4351
7233
7045
6242
1516
617
3892
5280
280
6184
911
1760
7439
1582
4875
2802
4232
392
3123
6489
2208
7311
3970
415
7804
2398
2449
4685
3799
1287
7196
5734
5981
2406
4028
7820
2720
2986
3036
3333
3645
2085
5826
565
1497
4798
642
4955
2788
4903
191
3074
7528
6251
1154
6260
1730
4806
5090
6555
3134
5646
7664
4884
4591
7179
2273
7923
1257
4082
7426
5211
5208
4140
3531
3614
4197
4846
1079
1074
6661
3840
7511
156
5118
2840
29
6588
2875
2237
3
1994
359
2456
6890
2890
2582
7935
7454
3875
1694
3447
572
5319
1863
3898
2594
6170
5612
5612
6928
6638
6741
5598
5927
2518
7289
737
812
6458
5175
5058
7912
4713
3385
2464
1320
1757
1640
3961
6894
5827
3641
7560
2659
3576
6742
2831
2353
6186
5132
1994
7918
2266
2946
2155
2999
1324
5153
78
3403
3432
2772
1115
2581
3809
3901
2483
1805
757
2816
101
211
5416
1435
1338
5180
6450
961
4704
6853
7669
500
1477
4316
4498
5583
6467
857
7492
2837
1303
6057
973
5045
1879
5144
3443
2888
249
3313
7730
7636
539
3999
524
7091
1782
2470
3087
6789
1481
5045
482
5273
2564
5648
2002
4459
1207
6898
4641
2926
4425
6482
6045
10
6554
5798
1840
7314
1821
2619
215
902
1004
5543
1512
1690
3769
4478
1080
391
4917
2019
6459
7906
6289
4528
461
5439
6488
2242
3477
7004
3554
1835
4806
5848
2684
3546
6650
5499
4298
5878
5992
363
4032
7087
4252
6670
3088
7335
3418
4830
3100
469
7449
6027
1892
724
2229
1233
7536
1345
1586
1758
7422
4928
6715
924
832
6429
825
6261
1622
1379
1483
1934
3996
2035
5411
1589
4
7767
5985
5153
4155
937
1502
692
17
207
6188
1717
3583
4035
3838
2000
1966
6000
5050
2185
4370
6907
601
5543
1607
3610
2763
3187
4972
3197
7595
104
7024
1089
4112
3550
5349
6296
3811
5925
5007
6341
5817
7415
1087
7756
1638
3043
6904
394
5835
1150
4509
2533
3765
3348
3815
6511
7496
6679
7099
7216
3015
3493
5663
6445
7759
3969
4946
3359
2664
2475
2032
3378
7822
4817
7800
1847
1522
682
2201
5206
3347
3207
7902
1831
4950
7999
3561
6619
1388
3309
7022
1754
4198
4224
5709
7295
2303
7116
3035
5185
4143
3833
1770
4280
1276
3346
4978
486
2424
7256
7236
3241
385
3731
279
1399
6257
4044
110
2894
2221
3581
7210
3681
5359
3979
7518
3546
5957
1510
7697
2255
1821
1959
3669
3704
7902
2530
4121
1075
7012
5066
2283
2004
4979
859
527
4554
7144
2320
1115
5339
433
4665
5637
7867
332
2605
7195
3205
7779
5314
3392
5447
2715
1877
1933
1135
692
3555
462
4888
7183
6623
3816
2763
7311
87
3517
7202
6947
1142
7208
6670
3751
609
4298
1584
3395
6891
4586
2490
7631
6156
750
1562
5773
830
5287
5229
4845
3109
3682
754
6193
180
3727
5418
2534
201
3624
497
6784
2918
5721
516
3680
1778
5748
3517
4293
5122
230
5505
6519
3763
5577
1415
5783
897
7568
7502
2393
5616
7058
4134
7420
3024
819
3958
617
2956
4925
1047
3008
6653
2062
4605
3916
7263
1699
3268
6212
2312
1302
3730
5953
5307
870
7071
4300
7726
1445
5908
5005
2819
3014
7558
7470
3898
4212
810
3983
4158
2096
5280
1601
3640
6160
5621
7721
4761
1696
6312
4652
7866
1560
1115
2685
2922
467
7252
2392
6251
846
1685
3186
7761
2116
4038
3125
4836
5753
4310
2403
6638
611
2533
3528
2683
3084
3371
2137
7286
3813
806
7071
3141
5088
2875
5044
1817
2635
50
7720
4758
4678
6467
1200
6129
3020
5332
1490
1396
1869
2318
1563
4095
5845
4936
753
3292
4794
2761
895
272
794
5304
4190
7396
2029
7897
4033
3828
1193
2050
171
3981
7181
6800
1152
927
5594
5823
6347
1905
2534
6374
2384
4465
545
2663
4517
3995
3036
4822
7443
1014
5944
5039
6931
6388
7961
7843
4902
1525
2013
3695
3349
5680
6798
1130
4449
1457
1889
4165
3084
918
6992
7037
2737
5621
920
314
1316
4917
7210
7944
3198
7507
4230
1831
3007
3358
7738
1637
3011
7483
5923
1083
6169
5567
2518
4746
6729
5659
3578
2310
7086
7959
1043
7363
3343
7475
286
5997
2776
7760
5452
3257
4869
2662
3584
1585
3257
7351
5670
6225
4170
4151
3264
7787
7
7015
5555
1461
7835
4363
4609
18
4467
2467
7342
3788
4048
3669
4671
3701
602
2932
2305
829
2803
6251
1649
3085
1530
7477
1256
7985
6136
1780
6568
5806
4513
5039
2499
4231
2213
4225
3443
143
4834
4320
6074
4464
5986
1528
6635
2501
104
5190
3945
7615
183
3776
4201
1963
911
3973
6073
6102
1485
1053
2988
3470
551
1291
6203
7885
2252
3295
1896
5614
4825
6445
6446
243
4252
512
4666
3384
12
2417
7307
2277
2764
370
256
1419
3491
4711
3191
6107
258
3012
2795
4456
6220
6558
244
2433
2315
3150
418
7700
3422
2787
1625
4560
7134
4142
398
1509
1145
3765
4877
609
2464
6627
1931
4164
1909
2876
2262
6695
6333
2638
2990
5150
6240
4309
6540
2026
2072
2712
362
2018
7791
490
4180
5694
5527
4917
1138
2587
4051
4155
5370
4420
7667
7197
7522
2426
2161
1333
3261
3122
2106
5787
1848
2200
6627
7717
5669
7118
3971
1487
7558
7802
7434
6513
4696
2019
2513
3580
4486
6443
5298
4892
788
1027
2747
5620
673
2881
2072
4103
1784
5892
4731
2896
1574
1227
2151
6018
4643
3265
6960
6574
6634
2364
2706
2850
5764
6185
5842
6559
3996
6584
6645
7076
334
6620
5892
3496
5739
1662
739
4563
2855
2110
3016
3611
6508
3733
5527
4697
6813
5033
5685
1691
2297
2313
3762
3272
5150
64
2628
2617
1526
5003
7865
546
4421
963
1516
7766
1408
7388
3720
547
5605
2532
1850
3726
2973
4493
3822
169
5676
1231
6599
7702
3457
2070
1597
7382
719
2405
5760
4569
5807
183
7992
4241
2626
4663
3686
4593
4254
4344
2088
3396
1610
1668
3462
3446
7795
3567
4053
7898
1075
7677
4030
1885
6754
4978
400
3287
2494
3415
7090
4312
253
3920
4204
5722
1669
7703
1440
1559
4848
1552
5069
2315
7882
6055
4622
6623
2287
2799
2701
1147
5719
3647
4887
8
7996
7792
6042
5273
7808
1825
840
4960
6628
655
4718
7834
4549
3975
4377
42
179
7416
3749
2124
6829
2603
596
6996
2029
7633
3857
2529
7519
1129
4655
3911
441
7310
5681
117
5671
5290
1962
2892
2208
637
6797
5956
2061
7118
5290
7354
1053
6988
6605
5106
6821
7443
2524
1769
4496
1131
965
4691
4164
1532
7858
7915
6547
4568
2346
4010
3293
4616
7819
6993
7208
248
2329
2778
3520
7014
5616
7674
2996
5098
7743
3836
7888
6687
4694
3250
2168
2705
1354
6563
3425
4465
1835
7667
5106
378
3928
7660
4279
4879
3108
545
6799
1650
4904
691
6496
6578
1022
2838
4028
1557
2661
1564
581
5226
5335
4216
875
3078
724
6662
2188
5172
5061
6763
6687
408
3181
7955
6391
3098
5932
3200
4173
6514
538
2515
7967
5517
3783
3598
4702
1294
6482
5590
4201
2646
780
284
7400
1751
7803
7195
6340
2823
5708
3595
1812
861
6389
6251
4772
5787
394
3829
3451
956
2597
1555
7968
1252
2203
3438
7557
6141
2441
2966
6586
6077
2206
1498
4522
5749
3816
579
7964
1618
6680
6195
2102
7159
5692
2221
19
6590
663
5261
4163
7719
7431
2203
5658
3105
27
6826
6522
3374
2649
1763
6837
3476
2943
6015
6648
4693
7648
187
85
6590
7149
1870
7834
1982
7789
7058
3557
2572
782
5903
13
5668
4959
204
4560
7771
6227
1342
7225
4876
3269
3354
648
1056
2555
1818
6891
4510
7273
4567
5639
6592
324
1947
2133
4103
3386
7630
1724
4915
7382
5499
1762
3489
891
3218
2028
2373
420
3880
7189
1211
3479
7655
5484
2836
5290
4986
7069
452
4557
101
7484
2834
5345
6218
5202
3854
3619
1931
3213
3938
4816
3310
1043
4049
5311
234
429
1259
4455
7238
2490
6797
5190
6943
7732
2218
2759
6489
3241
6881
7091
6622
3745
1895
7571
3398
7253
886
6542
4505
5299
7007
3581
2141
2110
4231
3014
2408
4148
7979
2176
2333
7153
2170
3285
4348
1732
2401
1567
3589
3127
2569
1678
4553
1789
2782
7579
3762
214
7197
5359
4884
2149
4088
6692
2027
6817
4518
4473
6639
6298
7051
7575
3823
1996
4568
7144
296
3291
6879
484
7489
4097
6082
6543
5273
5079
97
3230
1578
2507
2520
979
3132
5059
3421
5959
4630
1930
195
3272
2239
4958
6468
4719
1927
4846
2499
7696
792
6034
4897
7969
905
6120
3226
4926
6210
1683
4420
4239
2091
5840
4004
1608
2923
5453
2230
6062
6801
3656
49
4106
580
4869
4862
364
4145
5135
1686
6551
6623
4927
4561
4016
1007
1081
6177
171
6304
4896
1533
2487
233
5231
2990
6925
2561
4076
113
2325
3012
1472
7566
1341
3337
5088
5865
2531
2194
3694
813
6379
3607
6643
6625
1202
6392
7169
5626
5807
4299
1230
4546
5193
4013
5266
3779
824
7606
5861
3625
4470
2138
1516
4866
4592
3730
3562
4589
2898
1603
4362
320
3860
1422
4966
3162
7221
3334
2289
399
7663
916
7337
3705
1169
466
846
7289
609
1819
1830
2489
2028
175
5280
4962
6331
6781
1550
6912
7765
4165
7810
4249
6296
820
4882
487
4353
652
6837
1677
816
3512
1674
1981
1722
2096
4943
6721
4366
4920
7732
7394
6523
4228
995
6298
5868
1166
7247
3392
7653
5507
3472
2748
5160
2277
2898
3664
3084
6862
4378
7610
5320
6730
4020
1379
4822
3295
4680
2338
6437
3589
7936
4532
4103
3730
3792
4102
7008
5806
68
4156
3292
7205
2822
959
1271
4114
2102
5385
7430
3015
3307
3000
104
2035
942
1292
4763
7558
4117
7931
858
1431
1033
4350
3852
718
5680
1494
6756
317
7465
3699
6391
876
7865
7649
7020
4008
5986
4608
624
1582
5398
1751
5039
5620
7131
3678
5033
6714
3795
2712
6009
6807
3541
2575
1012
4949
273
6524
6154
5263
6796
1064
5105
2428
7223
1094
1706
252
170
5951
701
2722
2579
739
4634
7631
3156
3376
2294
4527
6197
1977
7875
4773
633
6417
7126
6455
5697
1024
5845
800
5137
3138
4280
4628
4562
7699
2242
2788
6187
1746
5554
2455
3013
4463
4568
3819
1824
7222
6721
7806
206
3895
1336
6864
4424
4281
6218
2041
274
6523
1214
7759
2565
956
2048
2804
6357
1745
1067
7428
7633
1498
4062
1437
6847
2616
6333
7473
3846
2330
3880
743
1797
7532
1660
489
3922
6499
5872
4812
67
7803
3973
4003
6266
7565
1903
1265
116
6121
7691
1536
6731
4143
6468
4967
7364
1637
2933
4296
3361
1216
2732
3619
1116
2062
6308
3359
7811
1091
1532
7866
1318
1956
2929
2028
2261
4081
4025
424
1846
7925
4230
5294
6982
5009
4137
3933
4137
1541
1359
4168
6628
3324
5800
4835
2220
5638
3084
4912
1975
4384
4000
1842
7444
6553
3980
2495
6079
6449
4924
3779
1179
4519
4775
4429
7729
4583
5854
3148
3174
5545
4503
1925
7002
6437
1918
2598
5951
2142
570
1102
4280
6852
1921
3358
7067
5140
4029
7728
191
6274
4230
4565
1860
587
6309
1858
7069
7875
2641
7566
6649
6029
5622
1486
7391
3073
4647
1565
2227
2069
5377
6909
1957
2533
6300
1387
5825
7511
5199
3889
6357
4469
1756
1864
7354
5775
7936
4537
6737
500
649
1121
2383
6417
4329
869
5981
3923
2360
7681
5249
3857
2107
2383
128
4964
4144
411
2966
5861
3594
7460
4109
2747
7139
3445
1837
1416
3322
5990
470
1081
5590
3583
5121
5308
4511
2751
732
422
5942
2584
4297
3221
3343
5408
519
2115
7622
5097
6432
827
7161
2273
6549
6082
7645
3897
2432
7663
3690
7327
4393
6813
6678
3826
2212
4925
3959
7560
7764
6511
1817
80
6095
1837
3699
3890
5180
5410
5735
2265
1670
2163
7011
1786
3553
4582
3595
3231
104
4502
4302
3191
1217
7559
7063
4545
3577
7706
4186
5628
7181
3989
7092
757
5693
228
4593
6380
5550
276
3841
3632
5373
1801
1067
3676
2654
5129
4845
6938
5507
2150
5031
5654
7071
7070
5541
3502
1471
1140
1756
110
1571
1760
1506
6413
5391
2618
6713
7956
2307
6967
1213
1882
2297
6322
692
6094
6373
2770
1829
679
5401
5507
132
4458
4769
6192
3258
2229
3561
3505
2681
6078
2778
3332
5473
5539
1953
2640
2486
2637
2889
2267
2137
6044
953
3955
704
3300
6695
3117
6579
7805
1732
7374
4807
218
4678
6255
6309
3271
4470
4063
4420
4257
6645
5352
1464
3506
955
4246
272
680
735
6227
6135
3599
2419
4535
2332
849
5033
675
3884
6568
3607
938
4792
3221
2386
2430
1128
3091
4138
2856
2492
4312
361
1720
3529
378
5098
2919
5489
5512
4826
3050
3179
2762
1491
2371
4151
6996
5266
1919
4401
3275
4426
6445
3400
6904
1082
863
2211
4856
6740
6605
7954
5011
3855
976
5504
3813
5967
7797
7320
5659
7342
73
7140
1076
612
2342
7177
7781
3064
5792
7415
3262
7399
1138
2332
1659
3828
4183
66
5894
7273
3930
5491
7504
683
2047
7529
6636
6042
1190
4496
964
5685
7501
5802
1123
728
6762
907
5054
5076
178
6861
4600
1998
5420
3384
4603
1715
710
7806
2845
7398
53
512
7847
1848
2107
2727
127
7583
3848
249
7240
4610
3071
4526
2609
4805
4004
4119
1707
2206
2390
5009
3523
5468
7727
6459
2100
7026
7437
5341
7058
6857
7305
2391
1642
2133
4063
4622
5376
7716
2902
7451
190
664
3081
1199
1247
3247
5717
789
6927
2415
840
6504
894
6529
4777
2344
6531
1697
2214
1468
5574
3246
3366
6753
1545
6133
2799
4665
1002
5189
119
4587
1170
5959
3205
6088
5806
5126
4172
5633
6345
437
3008
7989
7830
1870
214
4622
954
1238
4394
7758
2635
7729
3096
5546
6560
3077
1047
3959
2590
939
2692
1252
7250
5819
6211
2829
7886
6266
2478
555
3959
2631
7527
845
83
189
6246
3370
5193
5264
2730
2891
1928
7527
636
7574
1445
1747
7815
3784
7261
831
2321
5913
6651
4930
5724
3127
3365
5311
2155
4736
138
5604
5776
1848
7948
4058
1252
273
3390
499
7163
3822
4733
3638
6258
6921
5250
22
4384
2876
3045
6735
3166
5195
5889
5101
6409
574
1657
4072
859
5777
5516
7843
6869
4284
2923
3267
4070
240
6940
6247
3987
941
3327
2076
1177
6811
7212
2134
1114
4471
7585
2666
4845
4423
5552
2392
1909
163
3921
6627
636
6491
1254
4070
2328
2239
391
4699
4349
3319
2898
3489
4170
1194
1408
5629
3446
3709
55
380
6703
3414
975
1580
4222
641
4513
4751
5102
5492
3847
4503
510
7596
5909
4892
5991
6907
4138
1751
2080
5679
2201
4882
4846
1097
7309
1563
5622
1281
3470
5414
3028
2074
281
6529
1388
3800
4410
7492
7446
27
5824
7655
4997
6597
1958
3713
3838
6971
2520
2885
7467
7753
5984
2511
916
2609
1662
1468
2391
7982
1250
260
6409
7274
4956
1709
4894
2822
6802
5115
5910
2900
247
7845
3678
4151
5097
7423
4136
2004
5868
7572
7103
6372
1956
479
7511
1113
840
2186
571
12
5593
1873
5117
1269
2894
442
4713
3251
6835
7634
5632
3669
4466
5544
1389
1807
3835
5492
7004
2164
6398
4188
6924
7252
538
5250
1294
5667
3805
394
7629
1247
5842
3630
4182
4187
3648
634
5746
5084
1782
547
3551
1943
452
6820
2657
4023
5871
762
2856
3507
7860
3704
5040
752
835
896
33
5638
1417
4259
4107
3632
5609
4525
1654
6081
7626
691
5818
1895
1918
6863
6316
2597
3229
2053
7993
5532
176
5345
6281
5015
2805
5115
7166
1022
2651
3432
2861
2893
980
570
6332
1492
3178
7256
5766
4934
4811
6777
2998
5648
2050
2005
1796
2272
7079
4057
5854
727
3173
2115
1860
3732
96
2816
596
3393
2386
7180
5346
1794
2113
3803
1485
6113
1120
3514
3117
7934
7811
4228
7268
5742
2792
5717
5739
2252
1239
1725
2005
6005
6549
4676
7606
6575
7185
5744
6935
7337
331
7141
4266
4090
2293
7671
6384
3450
4662
2622
233
6908
6730
2355
2477
183
380
6254
2002
1821
7874
3333
3739
7507
456
1660
2627
7274
7372
4961
5039
3736
7417
3813
6917
922
549
5736
1660
2402
6038
3213
3712
5926
1469
2646
3957
5780
352
5140
2743
429
6406
3545
2686
5179
7455
6000
5113
4080
7095
6680
1349
5745
4950
840
2169
4754
1264
7769
4392
3777
5026
2802
821
1449
486
3220
3304
4338
5050
25
4080
636
6105
7739
5005
5200
2849
2897
2125
5729
3470
2693
3246
5334
1259
276
4472
5058
7026
6832
4893
947
2496
1145
4910
3890
7239
6078
285
390
7706
655
2082
634
6365
2362
4252
4506
1326
7632
1941
6937
2252
7667
533
7029
7309
5367
3351
3997
4870
1504
594
268
7660
7462
4898
5981
7349
572
1789
4920
2507
795
1082
4275
1937
7828
249
2804
3807
7133
5809
373
7126
3437
1930
866
7650
1271
4087
7087
5716
633
1046
940
2995
2782
1175
7374
2120
465
6353
521
6225
1225
5354
6382
1061
1939
5780
5039
7989
864
7068
6326
445
3175
3280
4340
2588
2923
930
5042
252
1240
6489
7036
534
7126
1608
7657
2025
7544
512
5745
1382
307
5109
3945
7621
250
6566
5320
7193
3698
5665
7640
6774
6286
2099
64
3011
376
5971
2451
89
2701
7569
1051
6096
6560
3725
2406
1885
7641
2737
4931
3418
6690
6756
1349
5104
6936
5261
6560
1870
4745
6085
3469
5234
2743
171
4454
3646
3940
3416
7149
6916
562
4279
3518
2046
5208
6344
1274
5492
815
4410
1338
5294
5207
6232
1723
2942
3000
266
4716
2062
2525
4615
937
130
5601
6155
4668
2739
584
1979
5427
5007
69
4796
7889
3855
6111
3278
2869
3501
1436
3142
4755
2837
6342
7479
5657
2094
5435
3244
2553
2615
154
7124
6544
5399
3910
4018
7758
5295
3231
7309
4231
6339
2617
6079
6714
3767
4277
3253
3302
312
3669
7940
5938
3965
6495
2874
1903
7434
5150
937
4003
5338
4933
2970
517
6365
7942
3297
1801
7248
5299
3925
5908
3627
5086
442
3741
7115
2831
959
4070
5483
874
4757
1790
536
5566
5843
7660
11
3866
5533
2108
6852
2015
3138
89
2462
3542
4764
766
89
1561
274
4617
6561
1598
2028
5061
457
2680
6611
2284
2326
7177
2349
2121
7769
6452
5609
3552
2452
4268
7995
3191
1041
5055
6145
4473
4200
4831
4372
1317
6772
6252
7124
3446
7801
1425
7479
1104
7913
6198
6993
3169
6558
3389
1933
3239
3993
2663
1938
5694
5487
59
1434
3060
2219
6911
4536
11
2457
1262
2212
7187
2317
2243
6886
4879
562
3037
86
1554
1778
3365
6973
2841
5947
4231
7850
4137
4941
4092
4842
6416
2901
5808
3866
6587
9
6318
7699
1430
7549
2939
5615
5715
808
6986
6809
6371
3893
4133
6006
5278
7882
4782
4724
6135
4410
1048
6216
6322
7862
2501
4787
6231
7076
5676
7313
4273
3278
6534
753
5363
1698
6167
7660
7117
6691
6022
4114
1656
5229
710
5984
3722
1478
7428
3916
589
149
2118
7122
7035
7495
818
1607
2760
2246
136
6297
1766
2475
3717
3776
6000
7647
3209
5267
631
6088
3409
7940
4025
1324
214
4891
1813
6811
4558
3510
273
1276
855
2470
4657
5025
7294
3761
5368
433
5337
792
4574
6036
7758
1547
7446
3908
3220
7373
3330
7177
6837
5152
4166
7934
1460
270
3772
3936
1296
5080
797
5834
3002
5565
7839
7712
6977
5087
536
1500
5749
6344
4891
2830
3537
2959
5866
6081
1120
5765
7445
3430
5984
6179
3887
6838
1663
739
1793
4590
5032
5607
1398
2307
4908
1439
1397
4885
7909
5414
5173
6669
7898
495
4150
2494
2474
1791
2882
2365
2358
5942
2604
4092
6820
2637
4134
4699
1554
7576
3067
3975
3019
2040
4248
239
7653
949
379
1532
1620
1626
4161
1189
2595
4142
3428
1980
1655
1585
840
6064
844
7144
773
4398
1688
3956
1473
3584
6907
3588
1412
6631
3983
1516
154
2839
2043
635
2361
5508
124
5887
2796
1923
1558
1715
502
1400
5944
7265
1483
6588
5621
1987
7420
6722
7008
6604
7852
2948
1288
2027
434
7374
7797
4143
444
428
4400
5427
3029
6869
3262
5989
7231
1217
5905
4683
6177
4265
6487
7343
827
4803
6551
3403
5868
7986
2962
2263
6795
6246
5419
5096
779
6656
2479
6863
7009
3105
3635
5460
3750
1212
1635
6869
6425
3505
7908
4110
6951
4358
8000
3796
3564
7452
7704
5996
1467
212
1626
5551
2670
2129
7789
748
5545
1441
5302
664
1328
4174
3104
5668
3459
339
7538
4163
4671
1398
3788
4085
619
7754
4506
3063
1947
6213
1177
6149
3970
7328
5869
5092
1846
843
4156
453
1406
6269
6681
4374
1661
7295
3603
702
1671
1667
4898
2938
6194
3078
6409
1111
1639
7424
7485
6495
2116
48
7889
3794
5393
4493
3629
7504
4695
3556
2122
1408
3475
6151
4733
6744
1567
1609
589
6090
3122
7498
5566
2512
5396
2395
6422
1206
4597
1999
1545
6611
473
266
7646
7822
3065
2891
2373
2010
1750
3787
7987
6702
4113
5911
6686
5469
2542
7408
7985
929
854
7124
2230
455
1243
60
7472
7212
1398
982
7870
2962
3001
2228
1370
2972
1219
3125
2197
4125
5571
3983
993
4750
973
5847
1021
6045
2369
4667
6110
4569
1949
2024
5976
754
7283
6132
5443
4724
621
7147
4509
5466
4659
7819
588
1372
4429
93
1467
1445
4617
5221
4978
3428
7531
7410
7282
493
3046
4768
4431
5619
530
589
4010
2991
847
1970
2796
1433
4762
5479
556
6670
6271
3692
750
3188
3389
3554
6985
1711
4703
2471
2286
7865
2648
3376
4097
2625
2162
4355
7380
1062
1956
3615
7668
6934
4233
609
1930
1129
5056
1529
6686
2118
65
5223
7296
3284
6346
4267
4582
6551
1915
4541
2501
1656
4856
5787
3868
3613
5445
6822
6703
4432
3649
2941
1901
247
6147
6335
5931
1902
7850
6156
7279
2188
5484
7250
6941
5661
3785
1263
964
2380
5990
6866
1300
1622
4414
522
6175
227
7446
1734
2184
5764
4504
1571
125
1372
4840
3285
2011
5081
2349
6271
846
4510
3299
293
7600
2437
2594
1619
2217
5953
7779
4084
7611
6827
378
1689
5031
3146
4218
6934
5193
3603
2691
7899
2049
1152
2446
1048
2521
166
3548
5849
5241
6059
6071
7974
2692
5313
5279
1889
7095
1259
7584
2533
4273
6931
6543
3641
4310
2525
3352
2785
447
7075
6718
4
4203
1946
7215
6108
7412
461
5979
4975
2942
5422
3367
2297
1598
2713
2199
3239
573
2602
7700
839
3684
722
1012
3855
1309
957
2209
6793
7686
6113
6150
6441
6383
3485
4855
3232
3134
33
1807
2315
1967
6946
5183
932
3823
5326
2892
7605
4493
3994
4069
7853
6573
4735
6321
2651
2273
444
5996
523
1164
7031
6222
6648
1396
1965
6163
7722
1397
7069
5938
6794
1640
5755
3000
4235
1862
3414
4990
7055
4252
5963
5661
6801
5555
7023
7615
1615
5180
6938
5475
5053
3566
4493
6870
7259
7254
2863
2550
3269
7942
1776
6876
3534
3986
2481
2201
7701
4830
2067
6279
