4190
6309
2467
4059
6940
5248
7141
7011
4706
5562
7590
5708
7757
3869
3777
7657
4120
5968
3440
1423
401
7842
1970
6343
1309
4532
2370
7229
1192
1196
1093
6932
4243
3596
7448
4563
1327
1690
7090
6272
991
5271
3392
3335
1785
3054
4703
7817
1142
7146
3206
6808
7303
495
3159
3191
7785
524
305
3552
6996
331
2561
5253
3351
1970
2538
2737
3654
1322
3383
3953
6290
339
5414
4350
7650
2807
99
1414
5269
6367
3280
185
2272
7675
7169
7916
5580
2143
6869
7291
5016
3760
6137
576
1576
1516
5308
1974
4053
6810
187
5461
2363
2108
572
4293
6983
1747
5754
7312
1732
2668
246
4534
838
2728
7408
5381
7299
2106
1635
609
7840
4994
4714
3319
4554
289
2337
7626
478
6432
7291
4148
3939
184
4868
6470
3529
6803
7068
2035
2605
2391
3657
3978
1496
2200
3825
7131
6799
4117
6952
7466
7687
1584
1804
3959
1515
5914
5304
7515
2819
2078
3705
1109
4420
1685
5462
6282
1913
667
2663
4808
870
5981
472
6222
3130
5400
7276
3568
6220
7531
5259
6058
3520
7211
7166
6282
4716
157
5413
5223
6788
2621
6067
2305
6549
198
3534
7258
213
5396
5156
1159
2760
356
2195
1285
5695
242
4764
6005
2549
3545
841
5934
3033
1038
3271
3815
838
3483
2852
7331
3900
352
5466
77
2201
1514
1459
5640
3699
2602
5833
6544
2988
930
6994
3478
5959
1230
4604
4883
5137
3155
7078
2632
4796
6823
853
5251
3623
6057
5396
307
938
6071
5932
1988
584
556
7400
244
5299
2091
5244
2575
4532
6756
4088
5808
6893
6673
6483
7291
7273
347
7942
3537
4586
4993
5539
507
1007
5200
5001
3006
5873
6392
1884
5086
606
6643
2553
5843
6009
6198
416
4903
718
1936
3158
3133
7647
6825
6679
7734
3646
2852
7120
2435
12
826
3856
2257
5651
7224
7888
1530
2209
5846
4720
690
712
4536
5764
6780
2368
3579
533
5744
7090
5622
317
7067
4211
5977
4677
6503
3707
1539
3170
1535
4010
6779
6842
6665
1716
6233
2279
765
7902
6808
1261
7889
1884
3483
2591
2982
7630
7522
5214
4087
7945
2664
668
6389
6122
3110
7435
5326
3754
7971
5145
4059
3373
7601
2856
6189
5028
3085
1079
6863
2462
3193
5536
6458
178
6590
1292
6499
2246
7681
3005
5237
6785
3436
369
1259
1098
3542
5392
2437
7967
3217
7952
5110
1758
4253
834
7367
1955
2397
6962
6179
4391
5182
6937
220
40
1944
7436
1720
3749
3427
6377
448
5536
810
7112
358
528
6736
5317
6764
337
2024
4851
2864
3456
7358
5106
4095
6495
2315
7215
5418
3520
3430
1855
6113
5023
1370
7045
1654
1989
7149
4410
6928
6967
4766
1274
7653
2763
7333
4726
5226
1142
1183
2602
434
5649
5421
1855
5857
3240
6999
6882
3791
3734
2843
5565
4135
3725
5489
3049
3486
7622
910
3410
5709
2472
5574
7033
4046
2207
3043
7837
5234
6527
6480
3328
5760
524
1729
189
6073
7975
7584
5245
7865
356
6243
952
7891
5981
2577
3675
48
1319
281
532
5923
4432
6346
6328
6971
1841
1389
6684
7130
1568
4634
4297
5473
5699
3757
6304
470
5107
5380
5965
6121
7782
998
4700
6727
2526
816
6631
1067
4197
3885
6569
3223
3474
5254
2513
732
4615
6572
2300
2424
2855
2485
5349
351
5220
4302
7544
2426
7058
4852
3723
4551
7047
5747
5712
3212
1680
4032
5432
7889
345
7091
5951
7433
3172
2927
4451
6791
2686
983
6044
7423
4033
4285
5865
4364
5977
3218
11
5594
5546
7269
1433
6394
654
1026
6242
6618
2139
424
2585
467
6229
991
3850
5943
7164
6057
1457
5334
1268
1729
3891
7791
2267
7747
3027
6239
2319
4341
6527
4501
5063
7452
7710
5896
4392
5076
3540
6724
3421
7446
2098
1565
4045
4016
6930
610
5902
6888
7514
1409
6251
930
5979
895
1926
6766
7396
6071
3024
177
1520
3297
1418
6664
1537
2255
2830
4599
7443
5511
3529
7720
5602
7726
6998
2709
6580
5693
2679
7999
2571
4156
6877
99
5989
6285
540
7740
18
3183
6531
7674
3351
7261
3302
1754
1253
4129
178
4361
4386
7600
2414
2210
7707
1160
6763
313
5139
2807
3375
6917
7650
5211
6553
5598
4828
1470
4348
651
1628
2315
2817
178
3463
4236
5598
3045
6646
1321
4698
652
6975
223
2148
1843
4588
2501
2615
112
4612
301
6522
2772
7512
6536
3277
174
1663
4894
6063
500
4787
4917
965
7831
47
4614
4279
3711
3121
136
1299
6320
3365
4737
3103
4115
4713
1560
5256
5459
2932
3936
4058
3674
5430
4026
4223
6340
5265
6397
5505
3770
787
4433
6838
69
4500
2333
7168
7336
1738
48
377
6522
486
4941
7530
6529
6951
5363
2685
3676
3056
2618
2845
1592
4075
7985
4969
7329
4564
6802
539
5542
1899
4260
3129
2151
5495
2829
2189
3628
3857
3579
3984
6897
3222
6335
3878
4331
3116
7274
2939
6819
3564
850
7980
1717
6193
7463
2090
2368
2735
5716
7155
5956
3191
6485
5913
3521
7681
6394
6901
5073
6041
4239
437
1385
1236
4364
1997
4100
4329
2870
4379
372
2807
948
204
4133
3488
3265
4719
6003
123
5976
4957
1792
568
2967
616
3741
13
2804
720
71
4157
1058
5715
2051
271
239
4973
5934
4387
7949
4920
6559
876
6009
1019
5247
6696
7770
3399
3366
3133
7000
2181
6983
4212
3859
1523
1264
113
5244
1871
6769
1255
5289
5297
3041
5957
4390
5979
5504
80
4210
7427
5008
2100
3321
5992
660
7229
4561
4974
161
1937
5047
7845
4285
2163
4710
3856
1404
2560
979
5357
5967
7488
7630
4082
289
2325
2043
6299
1287
2806
6218
2337
7338
5980
4240
1395
18
4537
2986
1288
6360
4191
4813
4507
2815
7628
1759
170
2495
427
5611
5886
1096
395
5744
449
4433
3650
6965
7898
1162
1032
1629
1918
6673
2132
44
2079
6036
715
4158
2723
7926
3947
4033
7638
7699
2330
889
3091
1564
5124
5380
6990
6682
7628
1489
7475
849
2307
5895
3830
6076
5834
2456
6539
1725
5151
4972
7492
5901
7513
3745
1504
4020
2341
1915
4474
789
7936
2802
6952
7736
6802
425
141
7806
1884
1739
261
453
1435
1121
1183
1818
5452
6405
1696
6604
3423
1421
7233
1758
5063
6798
3221
7693
5312
5511
3390
7909
1328
986
943
6576
6147
997
2554
6517
3118
7879
1844
3075
1139
3827
6487
7723
3224
6506
7802
6447
2680
3530
2112
627
4887
1328
3205
4338
7968
6633
6991
5843
6529
2299
541
3490
92
3181
5520
6201
7935
7612
1137
2852
3953
5506
4009
3275
307
1131
3386
2134
5359
630
3359
475
6067
7947
3997
82
2858
3886
1726
5356
5372
5012
7339
2296
2985
1522
6774
3795
4291
3969
7066
2744
5178
930
2939
2141
5892
759
7145
2782
6901
1899
6563
1957
3274
1888
3645
7641
3276
2419
5604
6828
6272
6288
7874
491
1275
6766
2104
900
287
6676
5393
5779
751
531
3020
7343
7766
6159
6287
4872
618
3101
1582
6202
6659
5614
7155
3801
1599
3162
6738
5871
6731
2698
5322
7189
3427
864
770
4714
1222
3490
7254
7037
3598
1596
6258
1293
3389
3786
1889
5945
2387
5554
5926
4697
1787
7687
3224
5905
5564
6876
6899
1755
3741
3687
1605
3005
3691
6820
1832
5823
5795
6920
2718
7018
2750
2300
5509
434
2671
831
312
6656
2739
1402
2669
5736
5571
4993
5608
6153
171
1240
1558
2602
7027
767
7914
132
1097
7313
1850
4859
6731
2392
6042
3387
700
677
4802
4924
3321
3647
6663
4942
5017
3542
3712
7930
6013
6505
569
208
1184
7711
7383
6038
2642
6232
3854
986
5039
4699
1301
4348
4019
5207
764
3042
4857
7774
4927
6644
6072
6553
7730
79
7035
6881
5857
2767
4261
7387
4564
1205
6266
4734
1553
6635
5114
319
7610
6287
3315
271
1746
6784
7129
7719
2672
5156
6031
991
105
4910
6291
2847
3218
7269
1554
3671
1161
6441
5373
3480
1178
271
6564
3997
276
1873
6439
5531
5530
5306
2963
687
7451
6933
3810
1299
4547
4031
286
3483
1073
1186
3670
2279
2522
4153
4222
4352
7882
5353
5777
284
2170
7573
6457
190
1032
2022
3004
3021
7238
6385
2645
2996
6340
844
5392
4642
2224
6484
2567
7633
6596
3067
3971
1972
2334
2826
2499
5657
1683
4014
4220
6325
1842
2301
4993
7193
5974
5801
7764
5229
6031
1167
6719
7935
73
7164
5792
5833
1918
3308
4566
1973
5429
886
3046
231
6407
7927
3311
4486
7542
7992
5047
1451
7537
2364
1825
7222
7475
6266
6115
4324
3878
4207
2661
6870
1946
7255
2650
2816
3082
2674
5987
4616
2636
25
7310
300
7168
3830
3959
185
7186
5167
376
7453
1846
1180
6798
432
3685
1171
5483
6670
5006
998
4689
5502
3616
5559
6845
3916
6696
4403
840
2984
4026
1970
7486
7590
1068
4504
6601
4030
3308
439
547
4946
3536
4201
1877
1222
6382
6025
3540
7442
2118
2763
1513
2936
6724
7507
6428
3662
5456
5189
3809
270
6064
6303
2693
5901
754
6105
4134
5810
1220
923
3697
2889
5003
1391
2551
1121
6314
3598
1813
3389
389
6088
7534
3727
575
4754
18
496
2808
7981
5698
1889
6334
7414
6148
6815
2460
6953
7655
574
7386
75
5136
5621
4301
2875
1517
431
6391
941
1860
6786
2708
1245
3784
5007
5229
4488
5342
4432
4703
5771
2322
6338
2186
2922
6292
1536
2264
515
4608
3464
5769
2944
757
4061
1135
6338
5343
7241
7667
70
1195
4662
5998
4488
2120
3786
6116
3940
4660
3766
829
914
3040
4818
6179
3267
5270
5888
1351
6208
7147
6392
2354
4042
675
1773
1137
6484
5693
5641
2155
1896
7785
5510
6429
3575
7277
1201
5662
5758
2774
296
2754
7392
7847
2698
2367
6324
3331
1087
1768
3824
6520
7922
1769
3415
5956
1155
3891
5183
6128
7575
4480
3311
2303
726
6849
4646
2044
1197
3445
3930
4798
3859
6252
7126
5602
2351
2171
5687
6119
6353
1447
1081
4873
3248
2991
7254
4792
6165
1082
7461
3556
787
1980
4033
4877
2421
7074
3145
1485
1228
1065
6717
1923
696
278
4803
5258
2851
7945
7057
1535
2446
2985
3324
6484
7751
7445
3135
6173
1160
6064
7735
5486
2588
4457
5090
892
5009
4493
2493
2268
3215
369
2635
3843
3932
503
4732
3300
6871
5754
6558
6354
2823
325
5547
7287
3059
7238
543
1664
2714
7721
5388
2540
4743
7101
2790
954
4847
536
6611
3184
4577
3326
6685
5527
1188
4620
5383
3963
1369
2854
7595
583
1941
7608
6210
885
7111
4360
7572
2396
4438
3643
658
7619
3780
194
2538
1664
6172
4384
1695
3213
3949
2229
272
3636
27
4480
6077
2023
4629
7227
309
4575
5913
2321
3682
2510
776
6494
4888
2865
2914
734
1098
1018
910
4293
2209
7505
2607
298
2470
7439
3523
7232
3983
848
3239
2698
1661
5116
633
3564
2767
7561
1811
1969
1220
7627
4071
7956
214
6533
5086
862
1179
2377
6044
1825
3430
538
803
3448
4285
961
3660
7364
5996
1270
6326
7980
1259
7573
7305
491
4984
3604
7792
3493
6520
1615
2061
4317
1491
5028
4376
1054
5310
2015
2524
3651
1060
7599
1266
5287
6281
4452
1254
3166
5980
7367
7886
3051
2691
5231
5890
2008
2489
4527
7132
5547
4538
3212
1771
6397
850
1042
601
3244
6062
7055
7593
6749
3542
4481
497
1992
6581
3338
3484
299
800
7939
5181
16
203
4972
6919
1413
3574
276
4660
3882
940
1304
340
1679
2706
6537
3236
186
2138
1939
3276
4961
782
6368
6278
1134
5395
5227
3261
6745
2571
6111
1335
7801
5376
5808
3178
7233
746
2288
1695
5857
4305
3985
5118
2043
6230
7201
6379
4801
4142
1652
7478
5241
3924
2973
6565
7847
6396
4098
2678
7975
5531
1090
4001
5660
5777
1676
5695
1169
570
7852
5714
6841
53
6717
3066
3074
2868
4494
4723
1007
2364
7790
5978
3839
350
7843
6973
5323
1435
4372
7705
3349
2164
2168
3210
7939
3203
1765
763
805
2296
2696
5304
556
3400
5683
3475
1632
4765
1430
7236
1441
1103
3946
6219
6973
7068
6010
2247
5382
5602
2804
1737
5458
4536
5672
1129
2268
5885
5484
228
4818
6915
4390
2438
1920
6009
1022
5070
1901
6725
4010
7720
7190
2434
5624
179
4691
4523
1677
6626
2662
542
6745
7177
2863
7675
1422
7852
3718
7603
89
5476
2980
2836
3279
5479
3036
1529
577
6687
6768
1501
3325
5330
5251
2682
6758
4355
3921
60
6285
820
2037
1658
1076
1707
1874
5361
7705
7064
1814
3409
1127
2810
5510
5930
5682
3585
1667
3894
1448
1453
6118
7877
3268
6936
1780
6679
4212
154
1994
4377
859
167
6232
6754
908
5851
4527
5298
6269
7738
2202
2138
3146
5815
6288
3523
7659
2671
5877
868
6111
7061
4442
4544
3011
4351
1452
5307
7497
3335
2034
4646
3952
320
5308
7945
4827
6487
2938
6448
5377
6264
4374
6667
1376
1042
6458
4595
5716
6709
149
6917
5536
1423
2839
841
5424
3302
5769
1979
7060
6305
7458
3066
6854
2557
2846
1081
6623
1204
7688
2837
1189
3217
3427
469
7989
3752
7527
211
7158
6531
7877
7055
4451
6478
3768
1232
2831
6496
3549
2130
1338
4938
3447
2297
2519
1524
1737
4627
7487
5976
5497
7975
4219
1155
4054
2483
5777
7677
4183
875
56
848
1455
4190
5136
6630
7058
6530
6293
3786
1619
4178
3000
7189
974
871
4694
2095
542
6706
899
1606
1517
4375
271
5959
4144
5107
2410
4102
6100
5715
1521
1140
2309
5128
6463
2957
6512
5398
2720
2551
2999
4657
210
6061
3044
2500
5244
986
3180
7279
2250
3442
5654
6578
807
1769
4090
6008
545
1762
3299
6530
239
4738
6858
2463
6744
7600
2949
3834
3255
1028
1462
533
7008
4453
1602
3904
6456
3186
3190
6943
489
916
7259
3659
4227
2071
1433
6489
3295
4565
1010
3811
3732
4447
7571
2237
6370
3267
6648
15
3692
4943
1126
1917
5293
1855
6906
6527
7444
6388
2445
7680
477
2066
3126
7409
3944
5671
7262
1190
7033
4858
2188
5956
7989
2515
2145
2633
644
1738
7158
2841
4005
7827
2790
2677
7505
5700
7914
7459
2605
4242
666
3465
1437
3202
2518
5832
4232
2285
7877
6664
1627
5148
5179
1020
3997
3696
2565
3580
3927
7243
5561
2369
2917
6582
601
3769
91
441
1032
586
5021
432
4448
3294
2377
1988
400
3026
5734
3138
3918
2129
6127
2126
7313
3393
6776
6460
4534
1119
3194
4760
538
1716
5811
6721
7967
2727
7948
5504
3706
5752
6401
7310
2409
2510
6474
1195
1256
416
4642
2400
1092
485
786
5759
5776
6350
2979
483
6017
6828
6411
4038
3390
3042
1607
5337
4545
6750
632
3011
2720
4798
1625
3049
6631
5430
74
6908
7325
7917
4541
6163
6805
5618
5847
7798
7507
3769
6598
6145
4580
1244
5975
7723
2313
2924
5758
1895
7249
3224
4278
7898
1693
607
2665
3919
6533
7729
6997
1024
4813
7079
866
1672
2845
5851
550
3426
2539
6986
1021
5507
572
4268
807
2600
629
4422
6560
5025
5642
2500
7982
7178
191
5476
299
1017
1519
1421
6995
7143
429
6840
6028
3063
535
5968
273
5477
3180
7264
7933
1157
5138
7382
64
2566
7936
2165
1167
1773
6610
5567
256
1252
4998
2414
1304
5461
3719
822
2408
4904
5130
643
7833
1036
1514
5215
2033
5707
3448
6061
4471
7945
624
5792
7338
558
2622
7152
1392
3602
89
1845
384
3940
7820
3836
3240
452
5700
6849
2435
3632
3282
5954
2047
2243
7839
6054
2935
342
3645
6124
188
6248
7745
5080
4767
962
4506
379
429
25
6658
3433
6155
6653
4035
3672
4987
5019
1143
7333
5286
3715
602
6589
3973
3573
6041
2000
5121
6384
4006
4209
7401
122
5930
7354
7980
5836
4467
7948
6332
5178
4777
160
4543
3273
3961
43
7770
236
2616
1903
2090
3811
2230
4806
418
6186
6397
5002
4246
5005
3039
6562
1899
7006
3954
4940
4134
5864
3729
7132
6453
6869
7975
5399
2859
5130
4286
5243
2992
2885
508
2895
2716
7407
3592
3374
1622
3662
2893
4878
6055
7506
6668
440
4446
5355
780
5266
2322
3175
7465
3172
212
6176
345
1408
2716
440
7199
4336
1942
5591
7524
415
7523
6505
3039
7011
4786
6765
4905
5680
5589
7421
2450
6456
7819
3956
2624
2474
519
3728
5344
7337
6042
5006
4241
1161
5067
5224
550
5931
1972
5965
1605
6752
4529
5784
4358
2636
546
5598
1082
514
7046
2262
708
5223
4562
6108
4385
4022
631
3483
2091
162
3877
1285
3860
4038
3768
3579
1191
187
6902
2241
4702
1573
1906
1927
2396
5749
2637
6726
5630
635
2783
5433
3615
2740
1360
4924
1020
3510
4026
7257
559
1581
877
3960
5717
4209
1857
2272
7656
238
2108
6488
6844
6715
4426
6636
3505
1695
376
4068
2601
5309
4644
7025
438
7418
4453
7388
1671
7698
5169
4313
7857
3196
1210
5953
3570
6564
433
255
6596
2200
3871
3191
3218
6670
1594
3866
5237
7602
4930
3364
124
1664
4876
5196
5770
3939
1491
3473
4760
5006
3319
3481
6059
1985
4948
3849
6879
6128
4644
3735
1657
2205
2831
5895
4951
2340
1586
7160
1017
184
2391
6707
4641
7299
630
7033
5806
7221
7318
5362
5890
5753
5040
1519
692
2458
1792
4210
6438
4894
5920
3740
4534
5802
129
711
5147
6171
5366
5089
1418
5916
4461
6263
5804
4977
7566
353
4069
6913
386
4183
3281
7203
1469
5915
7539
4238
737
803
3105
1083
2855
227
6072
6552
2459
7277
6580
6941
3318
2478
4076
4611
5526
7114
1369
3498
2808
4738
1019
5201
6268
3665
1418
2143
3588
7275
3082
4436
6432
1260
7731
5322
6987
720
7920
3855
7636
1463
5185
1235
7999
6895
3327
5812
2478
2388
69
6143
6447
278
5245
5993
5971
3601
6807
1745
2008
3950
5209
2487
175
7644
2024
4368
3563
1222
1329
3687
3931
2194
955
5544
1358
5879
3637
7695
4974
6590
2492
5557
5158
5843
4008
1599
4380
3559
2848
6758
4725
6790
3042
4433
2014
7751
4543
5349
795
5956
6178
1011
830
2214
2707
60
6458
4301
3055
2738
4176
1751
452
3363
2741
894
4543
4647
1170
6294
2515
4232
7970
2555
3052
2072
6925
3213
4025
249
1285
586
7278
628
4696
6499
3930
1864
2837
2971
2046
2506
4313
7340
4047
328
2262
5004
656
1202
309
5684
6519
2723
5778
3687
5184
2266
5549
2860
1520
220
852
530
3330
101
4279
1292
5545
2928
7879
5037
5662
2524
418
3569
1899
1296
5467
979
3109
4863
1299
4871
5707
3285
6285
132
3158
3503
6030
3752
729
440
4386
3544
7587
566
4173
4709
7688
4192
5465
776
7201
7493
732
5789
3939
328
7812
4091
7411
6072
4746
3683
7027
4656
5894
3376
3922
4502
1730
2005
5532
1671
5465
1496
4340
5323
654
3520
4666
2901
7094
1445
3017
7389
3569
689
4869
582
3951
7162
3558
4419
3926
6556
1682
5127
6674
312
3774
4706
5929
657
295
5291
5853
3145
4040
6514
7745
3001
642
5915
7082
370
2767
1207
6540
5057
1259
888
4640
3038
4004
2482
383
6517
2006
4433
4873
5154
7471
5719
470
4243
5241
6591
1239
4037
2463
6657
3066
547
2229
1240
1541
6695
6763
2838
6132
7018
212
1901
6311
1487
5367
2827
3079
2057
1684
1009
4832
888
7676
7720
5386
1232
4233
2492
7976
6860
2401
4787
2610
6344
5525
6818
3105
6666
4258
7992
4624
7076
3146
3942
2491
5483
288
4359
1971
2901
5233
1601
1502
7330
4480
7260
7419
5027
7580
5135
4964
7466
419
813
3934
1376
4043
3248
4076
4436
7020
4853
7679
2998
6580
2738
3077
1385
4156
3652
7514
450
7623
7148
3583
4282
4885
7469
4030
6133
6474
3358
967
3181
6480
5806
4529
2768
7124
5940
3805
598
5440
2079
5131
911
7266
6647
1354
5354
6375
4049
1542
1230
3750
6314
3099
251
6077
1113
656
5997
7058
2704
5246
7647
3039
1149
1933
7849
4514
6184
1792
1419
6813
4404
5836
294
4804
1547
6789
5674
762
3992
639
5140
3574
3070
2532
4888
2969
4615
4504
7699
2889
2105
6498
86
2307
2969
5586
6662
3362
4073
2460
5833
3763
7402
7797
5484
6110
7818
5507
618
1625
2024
2359
5558
3576
1818
1486
2476
3276
2638
6798
644
511
1073
4234
6642
2149
3062
3806
2272
4816
1407
2338
2854
557
1232
6919
1975
95
1425
5304
2943
5540
3225
3599
7634
7137
2152
7582
6277
7668
6206
2123
3872
1736
7563
2849
55
144
7010
4384
6928
6620
7065
7734
1017
7161
4551
7952
6481
7478
690
2529
4530
4783
92
7064
6973
4102
6114
6370
3731
5529
1598
2850
3375
7871
4485
6063
2745
3460
2407
5328
4579
5078
7661
4776
5987
3982
1584
4918
2238
5894
7131
2600
6792
5340
5680
7011
2073
4858
5453
281
5974
4906
656
6298
4264
5867
305
501
7275
6794
1187
3126
191
7788
4587
3024
1268
3478
6288
6792
3701
3153
787
5841
6162
5843
5350
3334
4720
145
2799
2133
3041
2132
3631
3560
3237
4314
1458
5777
63
5381
4495
7106
2456
73
5885
3718
1820
3472
4473
2300
3899
7791
2950
5294
2661
2072
2677
7354
1933
2177
1565
6220
7639
156
4206
5907
1782
402
5325
330
5058
6258
2195
4717
1724
4183
645
7413
4705
4290
3585
4351
3908
6921
3019
4571
7787
4297
284
25
4289
2819
2839
6027
6996
7299
6274
876
4877
4945
7858
465
3511
7916
5460
716
2914
3736
3948
5609
4079
2814
5740
7609
2625
7620
5870
3829
5015
6815
1351
1005
4215
2850
2479
6127
7664
13
6440
4047
3188
4846
5272
3038
1522
1233
471
1828
1826
6045
6979
5702
7382
1132
871
817
5040
3697
2590
6803
3639
1486
2777
3476
7471
2910
7365
7372
6113
1770
666
7913
1671
1316
3811
7416
3631
5272
2123
31
716
4727
7815
7492
5707
4888
6123
4453
7981
7080
2730
6443
7053
5620
5655
2231
945
3372
4242
6025
7453
4461
7794
6902
6593
183
7430
2765
1551
3060
6208
6902
5017
1336
7128
4393
5666
4721
448
7733
5785
1063
5160
6215
4071
2566
7137
2456
3728
6196
6296
6404
4599
2309
7402
7528
4502
366
6789
6004
1711
7878
2572
7473
1717
5841
6705
5210
7868
3562
4308
3591
3653
5595
907
5213
7294
4984
6270
5348
3039
5472
3904
3971
6856
6737
388
876
1522
1596
2087
1776
4026
3997
6110
6600
6211
439
3128
7684
4984
7328
7313
2550
2729
3823
1598
5559
2244
2871
3649
6373
847
1118
1570
7870
4187
1915
3776
5043
2917
5977
864
6853
2911
3317
5986
591
2428
4254
7525
1453
869
6738
3772
5394
5511
7132
3655
5657
2617
4219
7015
1948
6066
3307
5179
6503
6286
6736
5108
652
5929
7395
5152
4380
7173
6994
5773
5961
4848
4908
2764
610
2281
2974
5459
4740
6106
3640
219
5390
3256
1497
4078
7706
177
6106
7815
5398
6558
1206
2562
1402
481
1741
4025
3628
7130
4901
5584
7051
1652
1674
4140
5703
5606
1746
6019
7634
3379
4498
2345
6446
5451
4852
7341
4547
4553
722
1360
5498
5355
2910
6295
3308
5418
5247
7177
6155
7446
1376
1233
1290
3619
6440
379
2334
3301
438
5734
7355
2216
748
6915
3043
2276
905
855
1562
3797
4466
1569
5235
2014
3973
3023
1939
90
2583
5826
6454
6918
1580
1357
1766
7913
5061
255
1589
6547
2569
3629
329
101
2721
3639
7792
3533
7785
5587
7477
6432
3213
1324
5046
6742
7210
2848
4090
7688
1698
3593
1038
3935
321
6744
356
635
2967
6507
2178
1589
3038
4452
582
3667
2681
2231
471
1646
7246
7392
2887
4314
2081
389
1263
144
517
956
4569
7107
6758
5741
6876
7157
4750
7561
2138
7442
3226
5124
7080
1326
1609
269
6094
1428
848
1683
1497
5262
7376
3238
3064
7811
6257
5592
4691
7964
6896
240
4430
7546
4585
5643
2385
4312
4267
6746
3730
4014
2696
1353
1238
2338
2455
7003
3688
7616
5099
5171
4397
7691
1820
4329
4387
5269
6526
2128
4246
3469
2874
1876
4698
1881
1233
6074
1622
3292
4643
3731
3786
6774
2825
4399
6737
2377
3905
7604
3509
6747
3340
6099
7745
2812
4317
7511
6419
705
7997
5922
4818
3436
5138
4985
3188
2349
3795
4525
2238
3566
5694
3951
155
2274
2556
6506
1903
1528
2593
6976
4769
6654
6876
2176
6598
3979
7758
5706
6099
3945
4356
6441
1010
566
3589
564
1454
4166
1604
2579
3909
3048
2493
4991
2352
491
4364
3268
2521
5460
416
6797
678
3401
1309
3850
4037
7328
6243
6596
5873
2870
5287
3149
5261
3531
3784
624
4217
6873
88
6622
1591
120
3558
172
7949
4154
978
4000
3284
1320
5368
6248
852
7722
2491
2397
4704
3234
3212
6277
40
466
185
673
821
2296
1831
386
7465
3506
7004
1687
4790
3149
7773
3648
7452
7883
598
3811
4142
2945
653
2316
2893
3870
1685
3420
6798
4294
1789
4490
6777
7138
5242
6864
203
5973
1359
2970
7326
7553
6405
3455
2693
105
2437
5846
5803
3641
5401
6454
6615
2234
103
7850
2269
1860
1164
1584
2050
6836
1736
3452
6005
697
5220
1902
994
7778
2130
3228
925
4741
822
5573
5442
3316
3694
6420
3308
2012
7858
1652
3491
6892
93
7698
6355
6997
6314
2145
1933
4398
5858
2420
2953
1500
6172
2744
7682
7651
3444
7568
6941
807
6012
3238
5590
5988
17
258
1234
7622
5659
3407
7888
5162
3836
3836
6705
318
4554
5148
1824
2256
7665
4953
7970
647
7897
2163
3650
4650
2703
6018
2914
7399
4250
3322
3462
4582
4508
6147
3491
6894
3668
7329
5565
7141
7745
6048
2360
5380
921
5061
1371
2589
5279
1429
801
4019
6283
2562
968
4354
1242
5394
4083
3276
1580
5521
261
3875
2785
6995
2585
3762
4003
373
7286
659
2377
6463
6613
1678
7183
1343
371
2827
321
4442
1401
5240
1898
1658
727
919
5108
714
7674
4511
3986
1163
2953
6875
144
5779
7430
5052
539
7173
3283
4231
4717
4630
4545
1452
4779
7255
4653
5579
2950
4991
4584
4894
1740
2682
7912
2327
7530
4082
5664
7186
6415
31
3436
1405
6689
103
7118
6481
5191
227
2990
6487
6824
7453
7310
773
7254
3637
522
5261
7178
2115
3294
4501
6218
37
4754
3508
3918
3213
7581
3797
6406
5707
8
3947
2490
3353
3322
7552
3768
4097
5729
3688
1892
6155
1388
2112
4440
3086
68
4501
684
3587
4312
5324
7643
4370
7808
2234
6615
2237
2163
6581
4330
1499
5869
279
6327
850
2577
5619
6701
7410
1760
3198
7714
1273
4410
1329
1664
2637
1562
3320
7634
4214
4352
1214
4603
522
2548
211
5959
1845
2614
1500
861
4907
1200
4446
2693
2637
2237
2478
1486
6011
444
2633
3726
3927
5137
6518
6659
4785
7782
3920
5124
6125
6434
6322
5337
1542
1619
1190
4580
622
288
807
3898
2387
6005
2280
5478
4938
2553
895
2198
3982
3637
4559
7623
7188
6744
579
6306
3403
7243
3240
4863
7094
2771
6739
7002
4050
1199
5963
1526
4843
3520
7927
2465
1665
7491
4272
4076
88
6162
4338
6195
7790
1518
2102
7640
578
1005
6105
4150
3100
1437
3626
6223
7278
765
4660
325
3624
5068
7051
3945
6838
6151
3276
7340
5307
5044
1833
6288
5850
3136
1800
7572
2471
536
6467
737
2140
6585
5582
4794
6847
364
1220
575
3305
5378
3506
5100
7605
5024
1438
6537
1223
4097
4386
5349
4934
4191
1750
3193
7789
4845
428
2985
4313
3974
3973
3754
5585
4224
5300
2783
3074
3581
7139
7398
1445
818
5047
631
5444
3502
5380
385
4199
7733
313
7860
1899
461
5246
1609
4474
391
3039
3284
2640
5067
1961
5546
200
3717
5779
5275
857
6865
4138
5903
153
6678
90
2607
3044
7004
6145
3152
4802
7162
7638
6354
4078
4298
6162
5179
5340
4963
3857
1613
292
4352
7394
4145
653
6100
4057
5751
4608
5655
6094
4348
3604
7388
7054
4859
7491
4782
1302
4645
424
6929
973
3977
1393
2944
7493
6567
7896
4114
5768
7304
1403
3547
3964
977
2372
6550
7539
7951
4242
4680
835
5500
1028
4012
1024
614
5989
7003
7277
1015
1244
7016
7425
2553
7925
991
2262
165
1059
3234
7069
5210
4250
2082
2806
3171
1400
1071
5749
1599
6446
4711
1769
7801
605
7134
3094
2440
783
7989
5254
5021
882
230
7020
1723
3932
7061
2727
900
6081
6059
781
1638
524
3273
7580
5756
2684
4545
930
1967
5589
5320
7208
4915
4693
6074
1412
4697
7469
6185
6476
3532
472
6056
3492
3406
7603
1568
3809
364
5680
5567
6592
1259
4835
107
5406
1133
4899
3073
4694
3171
7226
1102
6255
6073
5346
1894
5970
7761
3989
2390
2425
2916
7802
5525
5209
3478
219
6039
3293
5926
251
1094
6622
4626
5330
1029
7721
6937
3352
3680
7450
6925
1227
2630
2195
7922
3456
584
6681
7596
2801
2378
1327
3979
6042
6924
1463
1045
3787
6225
1070
164
1113
4331
1459
4024
1818
6962
863
6994
6814
4283
7734
3230
6803
7556
7645
791
7464
5551
499
7149
6974
4880
6
4619
3711
5892
1606
4711
1264
6307
5875
7311
4388
1520
688
2198
3404
1981
6933
6114
2203
4877
2485
5368
7886
7629
4578
