6008
6014
2823
2968
428
2771
4899
164
2172
7596
3331
2778
2421
5633
6190
3594
6466
3303
6777
4454
6519
3066
7140
7130
591
1665
3625
6069
4140
730
2201
1513
296
263
4429
6214
5075
3830
3601
7319
4231
4377
6439
6989
7734
3992
5078
6986
4820
4669
3032
6907
5246
5689
7286
3658
5713
7210
4605
4246
5612
992
7508
354
7994
6470
1838
2322
5216
5284
6364
6907
5771
1255
5264
1779
4557
6821
7157
2385
674
2700
3723
3786
2269
5741
7136
2621
3875
7576
5764
7856
6725
868
127
4948
12
15
1805
6451
5619
4502
2439
5316
116
4768
3777
4405
5439
6408
4554
6697
1715
2070
3603
6927
1614
6801
209
4337
6114
5810
584
6617
902
4965
1055
7142
3582
2834
2789
1418
4397
2289
5432
1588
1959
4641
5657
6477
4896
4419
6559
5205
1751
1813
4047
3240
5744
5868
4384
6917
6586
6439
5025
1071
4139
1111
6105
1560
1982
4063
5944
7841
4019
263
4866
4032
5169
6235
1672
710
4231
2382
6203
7150
2752
5051
7589
4552
6595
2088
2389
3723
3952
4767
5880
3189
2278
3231
5665
4288
3977
4538
5513
5588
5396
3636
1589
647
3380
861
4459
5167
6642
2665
1307
5847
2340
992
672
753
3922
709
7266
1699
5146
7175
7781
4526
1138
2334
797
3394
4360
7556
2852
5017
2500
1605
3213
681
1455
2756
1603
5582
2224
3916
5035
6883
7314
2960
3519
6050
1021
3914
3273
1037
4186
2096
870
5431
5239
1324
2207
6094
5361
6714
5782
99
676
7811
6087
2050
6631
2673
5202
2671
938
5171
6955
6052
6431
6383
6879
2130
362
3982
452
5794
3262
4161
3294
4999
5363
7617
3609
775
2178
3914
4238
2563
1240
2181
6982
3540
6007
7198
6979
2966
7253
4702
5034
1088
5141
2100
4313
2970
4452
922
1909
5335
2168
4550
6435
3678
3566
105
5213
3431
1123
5499
4901
1201
4319
834
7895
6310
2804
6679
7353
6963
7248
7516
3750
5446
4548
5220
3986
2813
934
5919
4970
1199
3546
2915
7823
1901
5784
4525
4431
4788
323
485
4542
5050
1043
109
1973
691
6376
4815
365
2874
7015
3886
863
6219
7695
2124
1611
5274
6096
4338
1424
1673
4359
875
3311
425
7496
3733
1094
314
3523
7455
7993
5130
1416
5680
1306
6298
1679
422
5843
5222
48
280
643
5714
6595
3480
5786
6313
1839
7887
6614
6971
976
239
1302
4144
6472
1669
775
1161
4236
4124
6613
3587
4546
1293
512
5578
7543
5408
2168
6162
1183
2330
3223
1597
5516
6880
3407
3039
6795
3254
2218
7914
3554
832
7705
1467
6106
1936
441
5922
5175
2959
2278
7357
6097
4574
3211
3191
1024
3773
224
2400
2870
3825
1439
1705
7759
7406
3008
6655
1522
4113
5554
2840
1825
5861
80
1247
4925
3664
5489
5407
3186
7302
2339
1452
2629
866
983
7944
701
766
6347
873
5644
4239
5722
1748
721
7046
6500
292
5741
777
7309
3208
2329
1847
6115
200
6311
3607
3286
81
3636
1377
41
7329
4443
5041
6535
3914
1382
1736
1117
3029
4051
6482
1041
77
3795
789
6884
2733
5433
121
262
652
638
5503
7114
5943
6516
6037
5376
2798
306
1583
2490
4627
5535
6766
6294
758
1065
6352
3102
5922
6491
3688
5916
7444
2472
7458
5722
1491
2507
2230
3012
7714
3726
7201
4497
6215
2757
2756
3668
7453
5339
3817
6505
1929
3329
1102
5042
7984
2334
4042
17
1288
399
4770
2939
7054
4782
890
1264
1128
4207
4409
7623
4445
151
5646
6086
1934
1839
6880
2559
5784
7727
4776
5008
967
2210
4487
5687
1968
4369
694
5755
5528
5343
5640
6556
4497
1957
1291
4674
3264
5718
4662
4220
812
6441
2013
5886
3430
3604
7481
161
2542
6307
5161
336
6148
2557
7134
18
7482
3558
6474
1817
933
7624
1235
2335
1337
5177
7601
1021
700
3961
2332
3211
5226
800
3107
6730
7737
3655
1596
5737
4972
6202
3142
2594
3384
2413
7540
3725
2235
6400
6132
6361
6878
6822
899
961
4395
6499
1692
6459
818
1771
6619
966
194
6544
5148
557
5730
547
4056
5550
3170
6084
4724
6568
5978
6694
4381
2205
3465
5739
3175
7619
2268
3922
3451
599
5801
1670
318
3301
691
4971
2630
2622
5159
1961
3335
3955
5464
112
7820
3629
1118
2542
345
7912
7006
2048
184
1227
2146
5990
4006
6589
5513
2742
310
6704
7829
6564
3516
566
1762
3585
6801
4107
4484
7210
1533
3172
5120
3944
1966
4544
3183
3634
5929
6454
969
875
1976
4279
1982
324
4564
7292
6309
5329
6779
5137
3459
5263
1730
83
6345
941
5126
3379
7597
5732
856
3902
1766
4649
4211
4156
2312
111
5609
1594
4899
6410
1209
7782
5557
6283
7865
1305
3284
2896
6480
4428
4197
4652
4999
6597
7317
5885
5289
2048
3414
1010
3377
895
2136
2364
5241
1384
5471
3343
5273
5071
7819
2398
5854
494
1267
4503
321
5683
3715
4264
5362
5952
253
1717
7466
3257
5747
4947
1366
7681
6796
6805
651
2447
817
2602
3230
174
974
5644
1323
3547
6388
6806
6800
6419
5877
3479
1501
1178
5262
2632
2637
2074
812
6056
3831
4442
3479
7626
4014
7734
2075
4399
7544
3089
7999
1826
7494
7557
1887
469
1330
663
5746
6546
763
493
199
775
5312
809
2950
5656
2307
3083
1725
6642
4951
5413
5176
7608
5221
5773
4908
7395
7669
261
3142
4609
1982
4161
4236
2945
3181
6520
747
4153
4928
2601
1167
7007
7370
1400
1877
4472
5568
7762
4609
3697
3620
6999
6510
3214
7661
6972
4416
4496
1145
3316
4693
316
3710
3161
6081
5668
2957
3115
7845
6946
6198
7382
6612
4293
3643
6939
341
6807
4307
4720
4343
6192
2980
6954
1965
4045
4554
3461
6295
7239
3787
4179
7460
2076
2542
977
28
6721
666
6795
1967
2606
1411
1503
4506
7281
5043
2101
4529
7029
6260
6025
6431
7469
30
4634
1457
3822
3651
4885
4808
2092
4214
7694
4364
4322
6845
2659
4073
2967
6773
4122
206
452
605
4918
5624
5659
5163
5050
5265
4572
4538
2207
1819
4012
5253
2384
7726
5183
450
54
7027
6779
719
3618
4114
5290
6315
3509
3876
5851
6925
2909
1004
6194
3514
7272
2024
2039
4631
700
1048
2893
76
6050
6082
6906
6897
5858
2365
4529
2103
3928
3983
7632
4265
5871
5417
5254
2195
850
4397
6851
5380
7746
7155
3233
2786
5026
6522
3783
3891
6026
7604
7143
1953
4783
4522
4567
1344
2891
7443
6476
5443
7613
5468
388
3297
2899
1638
7662
1636
5214
3676
2542
4416
4862
1158
4407
5561
7683
7778
373
636
7963
1374
7704
213
3598
1571
4108
2682
3221
4375
2157
2180
4874
4714
4983
5950
7303
62
3359
265
4094
2186
3598
954
7974
6981
4006
3896
6063
5342
7794
1959
5751
4438
6177
38
7223
2847
7041
114
3998
904
2907
5849
392
6706
1436
1436
6020
1775
6047
6149
7495
3816
5449
1433
7878
2633
2103
3103
5438
7374
1094
303
4832
2831
698
4086
5562
7430
4419
4530
4116
4843
2002
2395
5510
7118
915
1250
6791
2262
6074
2941
7339
1070
6229
5035
4747
1923
6461
1456
3978
4928
7769
7425
7726
7216
801
1308
140
7231
3886
132
2512
5521
6624
7340
1183
2826
3047
6544
5765
2107
7360
5570
7324
6429
4391
5483
3229
5700
5776
3628
5269
1400
7733
1500
742
7206
7322
6908
7011
1063
367
3155
1949
4869
7266
432
284
6060
7823
5396
5353
4421
7446
2755
7837
1358
2779
7645
1255
4024
5833
1871
978
664
1675
2948
1563
4594
5364
7614
2947
134
2298
7152
2456
4651
5188
5564
243
1156
2320
650
4411
868
6042
2815
2955
1708
2483
775
6367
3955
6725
1706
5293
7151
7225
5626
5145
2871
6989
7165
6650
7347
6852
4521
7055
2922
96
4342
226
1510
3292
1181
3204
3695
5930
7041
1046
4764
2070
3539
2877
3381
3522
1387
1602
3146
3910
3137
4464
7519
4283
1136
464
593
2350
5556
5890
1194
353
2737
4337
1106
1085
2037
210
2962
6165
7170
7712
3729
5642
7142
7559
4642
7207
4904
3400
7541
1726
7512
4419
1211
3708
7930
3234
6580
3623
1589
443
3141
1367
6859
6721
2131
369
534
214
150
6334
4768
7316
6160
3752
7394
4091
7413
7986
3338
7397
7556
5605
5602
3093
382
2755
2969
5703
439
7878
4651
5520
3074
3096
3736
1316
1964
2669
2932
7172
905
1166
3951
1067
2502
2045
1465
7097
6500
848
5820
2238
7379
6298
4131
288
4603
2534
7314
5565
1767
2864
3012
190
3527
6149
4242
3448
5660
3465
5780
6188
4024
5236
2499
2692
7811
1170
4015
7008
5621
7290
5066
5271
3209
1995
2057
559
154
6715
7014
477
143
5970
4409
4148
965
2194
4260
5
251
5175
7275
7698
7262
3197
4866
2571
3080
7182
2711
704
872
7766
4103
3891
7003
5021
1327
4914
2363
2544
7036
675
564
212
4131
7532
3038
1703
1609
1228
2277
6343
6596
6798
6046
6032
6153
2794
1891
6755
3341
6359
6526
2443
1709
3557
3398
1246
849
5701
5769
6961
4436
3243
7760
2118
2790
6791
6130
4101
5535
3413
2285
1514
7311
1263
3332
4443
6428
5033
4660
3439
4568
6661
5599
1804
5652
5010
5256
6819
4079
4977
2734
893
5498
4842
7752
3693
5655
5300
1321
7999
5255
4776
529
5510
7769
5757
4038
2006
7316
4370
1444
5691
3317
5743
1023
6127
5601
4160
846
2561
2856
7231
5210
1965
6576
952
2428
4115
4858
2761
104
1492
274
4920
3175
4724
5017
7028
5435
5400
1870
2701
5497
2672
632
5651
812
7740
3705
6276
6411
1309
6687
7997
6122
1916
517
7617
6432
4180
7189
3022
6835
2130
4840
7231
1824
2528
1445
5619
3727
319
3195
4378
3453
7896
170
4392
6042
495
1168
123
7964
81
5273
7458
6507
5188
5294
2230
2956
2980
7911
5348
7820
4868
1901
7571
3262
6245
7402
583
7217
5169
3048
7153
4253
2233
7652
4535
669
6611
3483
2974
5571
3551
4411
5319
2652
7811
3777
5934
2729
4759
7306
3054
2057
3929
7631
7643
1864
2492
4997
6371
5704
1068
2583
4746
2255
1332
3499
4567
2502
3980
5721
6212
7013
3493
7366
96
3246
4051
5589
4143
7423
5166
1267
6780
4917
7661
1409
6985
1773
7884
3719
6343
5127
1574
5335
1957
4800
3214
5630
2833
6929
1447
3285
2569
7361
2742
4668
4754
2621
3918
502
4673
7424
4168
503
1087
6226
6007
5232
1430
1848
3746
790
6985
7293
7733
981
1101
4861
3394
7578
5344
7566
2745
2181
6653
1461
5189
998
1364
3161
5391
4192
6108
6794
6470
7287
3814
1982
6433
7544
459
2799
6192
5455
2823
5796
879
2006
446
1711
5961
1929
2209
681
6662
1488
6926
4099
2072
822
1942
398
7924
4562
4209
6813
7074
131
4101
7641
4302
4943
7672
1816
3377
4475
2010
5584
4770
2634
5047
3262
6460
5275
4679
754
3340
6749
859
6752
6816
3773
2358
6743
327
1819
3027
7239
3464
5858
189
4972
5074
201
3231
1459
7464
19
7816
7664
3386
4763
5643
4218
7479
4055
7113
2631
676
6380
7681
1628
7860
5306
1528
855
2188
2106
1698
4881
6247
1326
6875
5640
3720
1743
3286
5054
6444
5792
100
6368
3616
5209
7199
3021
4743
1924
4183
4953
1747
2510
2900
3503
1763
6587
7675
3334
3626
4454
2539
7005
754
3855
7861
7765
1356
623
3840
2770
3549
1047
2626
1509
6468
42
1578
7953
7728
657
5887
3414
3829
3338
766
6534
6531
7319
6974
7497
4122
2147
358
3140
2557
2859
2101
142
7363
6545
6746
3950
421
5640
7087
7908
5288
4120
5315
3691
2919
1939
2367
2222
1461
3601
5775
1359
6748
983
5328
7043
3942
2752
2580
7562
129
3913
1561
6718
6655
2264
5598
7953
723
979
6453
7859
734
2915
6102
6493
1029
4816
7272
6111
1899
1077
176
3700
4344
280
5099
6361
1793
6433
1107
6819
4892
495
289
260
5036
4064
427
7750
6009
3116
4330
3897
5928
2461
7013
4273
5435
5688
1742
4966
578
3504
864
2
595
3440
7885
7904
4931
2226
5925
658
2141
4573
7859
1821
7948
2581
2186
3120
6152
1027
4757
6445
2722
2032
5223
3267
6663
6154
5817
905
7896
5831
5936
1868
1311
3203
4228
3249
1602
5360
2877
7881
5624
5743
7155
427
438
5632
6948
1219
5051
6809
3039
5001
7380
2427
6653
5511
3517
1616
5419
2120
2943
2341
6021
6918
5842
3387
276
7853
6166
1279
4867
7322
5104
1020
11
6756
1374
4647
3480
4059
3544
3509
1282
5155
3040
2638
3331
39
2834
760
3225
7273
3628
1682
6144
244
1610
2787
7712
320
6114
4402
4362
1719
1529
853
5275
77
1104
6018
462
1786
4900
1472
4716
2749
79
4058
6568
1124
5915
2097
5077
1128
7799
1342
3442
388
4055
6177
4121
4122
7422
2433
7938
1166
1078
5642
2991
1030
4133
910
2796
4186
1905
2461
1547
5667
2336
1097
1380
5624
6507
468
2330
6089
5321
223
177
7331
90
5011
4520
5164
5876
3343
1088
7465
7160
7850
7017
1371
1577
3810
6883
4862
3287
5147
3529
1490
4625
1560
6965
2107
1714
1212
6606
3359
3606
839
4567
1085
6073
1773
7536
5676
7413
1039
4643
7246
2059
7079
6024
4907
474
6312
1676
1640
926
7442
5765
7429
4337
4144
1291
4530
6489
5903
3720
2192
3224
2948
4942
5043
1935
4195
2499
613
3359
4288
7195
3407
1755
874
6229
5862
1747
5872
3247
1178
2992
970
7878
4571
1587
182
1931
462
2977
7921
3162
806
7460
2035
2156
5477
4225
6060
1535
183
4687
5837
1744
7127
7645
1220
4751
4885
6966
2656
175
4197
7674
1609
2426
4577
100
5415
5414
1628
843
5647
4507
4947
492
7419
7574
1319
4963
4958
6936
2145
3011
7801
5917
4452
7335
3331
5456
2129
3236
3330
4222
7144
1839
3987
7047
4694
7844
2942
1778
5135
3721
6976
3240
5620
7239
5249
4222
5352
6057
519
614
1344
6908
4533
6566
3505
6023
4290
6614
2067
4211
1252
4824
5262
1741
3782
6573
580
902
6596
1356
5879
4111
5202
20
4233
6450
6525
5117
300
3446
5930
1608
4938
341
2586
6409
3059
6423
4569
4455
7406
2503
4503
1527
7767
6737
7176
2897
6148
5274
5291
5163
7501
6771
3225
1549
5355
4553
3098
4637
6965
3470
3592
3389
1642
4492
3346
1134
3166
3490
3776
7030
2072
1778
1517
115
5661
5338
5031
6193
3171
362
3686
1132
5057
4933
1540
2744
3538
2150
7719
1957
5364
3940
2221
5750
740
2249
1070
7687
4109
2881
1505
6192
2721
4393
1012
2348
7738
3567
5116
901
5801
3506
6244
7592
6598
7073
5297
1723
4268
5130
6332
1279
1742
4358
6381
4793
4288
4459
4398
3213
1346
3047
7410
6110
6789
4399
1944
6617
1814
6835
1549
3702
4854
7372
3208
178
2678
7061
6672
1798
429
7633
6734
1361
294
3358
4979
6033
7425
7848
2578
2425
4436
4834
7203
1672
5641
1517
7979
996
7947
3384
6033
6925
1937
7101
870
677
6699
2050
7266
3434
5366
81
991
1693
1822
3650
96
3619
1266
457
4419
947
2849
4983
532
4938
4105
4768
3110
1568
1425
4734
4811
1410
2808
7975
473
5598
817
326
4674
7442
5055
1423
2295
7861
408
3670
3915
1751
1004
1772
2151
5355
1699
1540
4806
5917
598
7451
5748
4279
2056
3210
1003
7755
2604
3434
5369
2406
1050
1137
5168
5251
2019
3559
3448
5515
3103
7202
5645
4672
2493
4961
820
5731
305
2244
2592
2765
29
7844
4492
4821
4719
1131
2135
6654
6420
770
7333
1966
1858
3388
4790
2068
2858
1979
963
6176
4130
2011
1217
5375
1749
5216
575
5517
3319
4711
1156
6573
3490
3441
7497
5221
7021
2731
2164
943
5846
1708
1069
4386
973
3185
4272
4335
1942
6992
293
6952
4524
3439
5795
1647
862
990
6079
709
2570
5113
3063
6286
1504
882
5596
7511
1543
1743
5997
1477
4991
2344
7600
1845
7727
1883
574
5359
7327
6329
1078
6845
3999
3809
432
892
4586
6057
7271
7412
4719
3659
4521
3611
395
7262
1449
7573
2836
4627
4108
6775
2611
3702
321
3382
7958
512
5078
5712
4748
4077
7594
1941
6874
2501
4261
6672
7375
2942
5159
883
2686
79
5076
1757
4834
3761
5754
6961
4359
6505
1529
7852
4673
2106
3828
2965
7942
587
3963
4283
1844
3254
5467
7291
7614
4836
1116
5823
6588
2761
7450
2586
7947
2323
7314
1568
4354
3719
4622
5898
1918
2763
4830
2039
6778
6028
6219
1747
3471
4812
3617
7705
4601
2570
607
5021
2925
665
340
2827
6221
6291
1369
7945
275
955
5532
637
4028
2431
5238
6546
828
3163
1813
7444
7490
4483
5611
2840
1783
2165
6021
1286
5919
2206
3806
2278
982
2833
7307
7370
5391
220
1487
1108
7916
3431
1588
3990
1689
2157
7926
527
788
6140
5024
4026
4793
6134
7870
6203
2025
1100
7323
1801
1999
1745
3790
2486
3995
3702
7283
474
2126
7429
4340
1898
4473
5615
7858
7946
4584
4384
1461
258
5383
2693
6587
4198
257
486
7649
7418
851
6573
6995
7398
5808
3538
766
1914
1102
1782
5963
6381
4098
2856
995
6627
4980
4531
4299
5016
5543
2259
2778
1856
2034
3143
6034
1691
113
4144
2237
2873
5637
6311
1284
821
4933
3463
5650
5243
7959
5083
1767
1070
6347
4006
1013
6333
2127
2091
3936
5799
4928
1440
1932
2421
7135
1571
1943
7467
1534
657
7298
66
353
3219
4018
2061
6356
1440
6982
199
694
7975
15
1208
3722
7402
4117
2450
4177
419
1307
777
1835
5609
834
4699
735
5598
4081
6475
1198
2864
7026
5508
6949
2929
4995
7333
4951
1360
1741
1581
2736
2984
1701
6394
1890
2944
5311
3826
1383
2005
4634
2575
1977
5479
5130
7736
7780
138
3301
3504
596
3146
2823
2033
5124
6170
2071
5875
4489
7664
2833
7430
2011
4690
1838
3416
4560
4873
2026
7895
3626
482
5879
7395
4250
3504
3371
908
2454
5039
1420
4135
639
5991
688
1803
6153
204
2525
5718
510
5166
5257
1557
3407
7922
2543
5935
2743
1887
7938
4945
3767
6154
4266
4983
4899
7660
2992
7347
2594
5248
1216
3463
7252
2870
4934
5471
5699
6324
6684
5264
7159
7467
454
1201
6143
5944
152
132
6162
1658
3123
2228
518
2666
6506
4845
7021
7896
1551
1324
2756
2171
3046
1125
3922
2522
3071
3204
6999
4353
740
74
5654
1551
1517
6
5163
7550
1723
6641
3624
2677
2604
4204
3253
3758
5222
1156
5030
1820
6666
7126
2999
3336
5936
438
7012
6921
1587
3666
2155
1251
2168
6199
2724
7438
3650
1140
7560
7712
2572
6639
4980
5037
2681
3115
7243
6806
4418
2147
4209
4966
5440
1406
625
2746
1019
7620
6122
7455
1258
1771
6490
1557
4355
3417
6203
3515
55
1325
1106
7617
1105
3833
6625
1033
6328
4484
998
3829
6634
1760
5353
1466
2914
2842
1329
1601
790
2873
5406
2020
1555
7032
168
2626
1791
7673
5956
1935
6802
475
6294
1862
626
6126
7883
7252
6652
5956
1893
2770
7877
2575
6072
4286
4537
2861
2691
7458
2032
4886
6262
3648
3559
6482
5742
7265
5317
6958
6975
357
3917
7691
6993
4875
5718
6229
1075
5023
7328
4605
5715
2111
2179
1798
1524
2480
7735
4058
2519
1232
5560
79
7926
6024
6763
7629
2065
4800
3744
3983
7414
4718
5030
5990
1965
2498
3955
739
6992
4037
2595
7385
5388
7019
3515
4065
4225
4355
7251
1231
1916
2939
3234
789
1703
7344
5649
6408
210
54
2891
166
4352
3269
5706
2391
6542
6075
2089
131
6307
6991
4774
896
4809
1150
5704
2415
6888
7294
2826
5047
4850
3551
6156
2063
6826
6714
3891
6521
4170
6165
5341
2925
7485
2852
58
7060
3107
3883
1823
2516
6705
7068
758
2582
2736
1260
6247
2523
6312
1863
1464
5939
5107
7
5371
4619
7682
2535
1443
2847
2998
3730
7456
6229
1445
5405
3984
334
3836
6632
5754
4468
3189
4743
1131
6308
6331
3956
4111
3940
4748
109
1858
1754
7129
5554
925
1902
7351
5029
3610
2340
6545
4403
95
4981
7923
4408
3535
2834
4202
7381
6422
7525
7113
7176
2917
2630
6806
5080
7371
1969
67
2665
2442
645
6362
3857
3364
7480
1906
6699
7382
7876
6711
5634
1963
7712
5125
1889
436
4528
6456
6834
600
6250
2118
5441
5430
3765
1311
7697
2541
6951
4053
5238
3155
205
3893
7556
2834
4770
5595
1446
5963
165
5387
2351
2357
7888
4911
1778
2267
2076
4951
6097
4063
7881
5740
4996
7165
4267
7212
5535
7313
5197
1161
433
3030
5662
2397
153
965
3727
3148
5343
5459
7553
2473
1561
3339
5536
6587
2876
7987
5729
7141
5568
3184
2976
4696
3762
6754
1402
6710
1243
605
1378
3796
5386
6680
5189
3702
7005
6891
7257
6567
7820
6624
1542
2615
455
865
347
3092
4423
7103
5928
2084
3914
4619
3857
7353
6818
5449
5438
978
7015
6788
3134
2695
4187
4608
5763
7629
1970
5972
7452
4081
1383
4925
1480
7373
368
7034
2876
575
4584
3912
1796
6856
4399
2137
1084
3984
4115
5746
4602
787
6404
7784
2375
4265
7808
1388
6943
6045
330
351
562
328
3432
6429
921
4413
7779
5649
6455
4593
2810
6647
7878
6666
1329
5352
379
4209
4441
7282
3715
2919
5742
4821
5964
3081
2830
3853
1787
7230
4923
4055
7001
4124
6178
1754
2373
7836
5335
2388
5522
7232
6235
5462
2133
3806
141
4555
7161
1032
7216
4874
4011
3025
1511
241
990
7465
6437
336
4227
1913
2744
1929
7430
7560
3564
5987
2454
7430
6184
4213
5536
7505
6851
4105
7252
1264
6887
594
7774
6366
3028
2806
57
6143
4866
1713
502
4974
5372
5094
2028
4820
5938
2322
7014
6576
3603
5727
4133
7300
6713
5460
6222
6451
7774
2037
6069
7406
6370
823
5217
6574
2537
6219
4803
344
4486
306
611
1163
1069
5346
5075
6703
1131
6928
6868
6666
3126
1159
2250
7899
6363
1308
2727
667
1453
370
6700
3251
648
3874
3799
593
6152
7882
1771
6053
1791
1242
1723
932
4066
3608
3139
7213
704
6608
1106
4859
5592
129
4856
1800
1623
5447
5735
1117
4174
7622
6823
810
5597
1030
7877
6210
1006
5293
311
3197
2787
6181
6608
2215
3474
4609
6853
2420
4067
7065
160
1620
22
1992
7557
6255
7711
6439
3273
4772
279
4673
1444
4719
2203
4067
5998
875
4152
1720
4990
2214
5634
2687
3183
1967
2900
1721
7837
7738
6615
5141
7962
1265
928
5418
687
7606
2775
1775
7778
3757
5809
6775
6160
2074
2794
4227
7529
4269
5359
2183
736
3848
7412
6464
3051
7627
6050
2982
3137
5554
4145
7245
5387
1926
811
4564
6804
7211
6025
4062
3694
880
6179
982
5923
7033
4632
5528
4068
7575
426
6716
6113
5492
3246
1050
4227
4808
21
2371
7007
6582
4964
781
7933
3747
1284
802
3208
1656
4735
2099
6231
5012
1064
3710
597
4781
6719
1764
784
919
2541
6171
6808
7057
5680
3399
2951
2930
6661
3268
5473
230
5493
741
7303
4748
4046
6104
1572
815
483
487
1030
6731
5074
7722
2486
7638
3852
2312
1732
4370
7266
1510
1960
3204
7096
704
2989
6487
7957
7430
7491
3925
1832
7034
7444
2247
6505
2886
5245
3567
1872
3332
4874
3576
741
2350
2476
6967
2713
5934
5872
5921
1841
6904
5386
2080
136
6654
4307
2080
6113
2912
5144
7293
2186
6233
7977
5616
3220
1270
3011
13
1954
4329
1136
6284
7348
3109
7286
7198
5021
3731
6883
5836
4468
2643
5758
7468
6919
5481
4524
874
1949
7245
2217
7984
2643
2262
2352
4816
3068
3329
3830
7372
5259
5412
4719
2134
2947
5973
6840
3124
6011
351
3539
5504
4827
3350
4637
4002
5291
6526
6344
4609
2289
315
5844
3662
5010
7037
7533
5747
5117
1200
3638
3822
7805
4396
2768
188
2015
2181
6296
6218
2931
1308
501
1256
436
28
2022
2860
4432
1010
3227
2842
3924
2794
5782
5404
3758
1652
4755
4474
6862
4687
6830
3190
3570
6084
5058
7015
6172
1156
1884
3192
4836
4902
7217
523
6067
2708
2069
5774
5592
6310
602
655
4673
7822
3694
4670
357
7205
786
6355
2290
1455
6752
3143
1088
6343
4341
4059
2776
6067
7059
7348
4868
100
1319
2359
1988
2255
2505
1405
4606
1401
7113
4688
4957
2351
5938
5461
3241
5370
772
5041
2385
5072
7974
1336
5984
6704
4376
5627
2439
2815
3748
1772
3673
4273
2355
5114
1840
1021
7099
4868
2416
4083
6302
5640
610
7737
4862
186
4592
4381
2619
5313
3993
781
44
7231
4724
1065
7036
7661
475
7579
3679
3344
3088
4122
5210
4631
5092
962
7542
755
7123
7400
3940
6072
5494
6642
6704
2013
3789
4766
4501
5274
1802
1780
6433
4205
4191
4537
1357
1669
2578
3744
3560
397
770
2810
7311
7530
837
3017
1811
2697
3555
3577
6833
5083
538
1203
6031
2003
6665
6503
6783
4672
5474
1541
6355
925
3199
6154
6275
4217
1003
1907
5708
3620
1094
1028
389
7103
5841
2985
5584
7246
5726
7540
6617
3723
1906
3826
4056
3659
6567
1436
2315
7731
562
66
7318
9
2254
2156
7706
5600
6361
1247
6534
7292
107
743
670
3807
2223
342
1190
2457
5205
3943
3371
913
6799
1889
6636
364
689
5077
3802
3693
6055
7376
3697
4523
5746
4387
2754
3138
3401
1393
996
4070
4812
536
7010
5354
4251
3064
7299
2907
1702
3887
60
1928
956
960
4098
36
6315
6719
1339
3596
6617
7030
7296
1882
3843
7756
6439
1014
4952
7005
5
7564
1099
2423
6790
4634
7335
6817
2357
2405
3536
3435
1638
7409
3433
1171
7941
2949
7678
5893
6667
1542
3173
1459
1593
78
7037
2966
2519
1862
452
384
2214
1953
436
6658
564
7635
7892
820
7689
1371
2212
6631
4962
5108
3699
6353
171
4958
5226
3388
7414
2828
2991
1335
1133
201
3734
2066
2982
6266
7370
7717
1037
5328
7203
7094
7959
6869
6255
4315
7469
1771
233
6107
5341
7826
214
3755
7573
5456
1969
4338
3897
7824
4133
5914
6812
2727
4082
2618
4233
7103
6604
7691
5942
1909
1855
4126
5478
5247
571
1554
3194
2983
6258
4987
7902
5461
5651
4241
4269
116
5910
3585
5743
3248
6453
271
1956
1049
6955
1534
354
4936
6186
383
435
5791
7959
2935
4917
3981
4387
7480
1065
7070
4299
7956
2918
1923
4268
2293
4404
6525
168
7128
5210
5331
1586
7532
783
3039
5242
7964
2537
561
5667
1497
4043
3550
12
3406
6891
4453
5709
321
3390
5243
7770
6877
4389
5045
410
5184
4605
2150
2504
3852
5024
6735
1119
2848
5022
6686
5651
3842
1127
666
3570
414
1812
5480
1258
6045
4321
3236
4557
3622
3092
671
6354
4058
3981
1342
429
370
7862
5571
4149
3597
759
499
6216
4131
2564
2803
2597
1813
4
4380
6578
7669
4642
6323
680
6611
3511
4826
7637
90
7792
5202
2959
959
982
7769
487
7351
852
7701
1022
6659
7666
5400
86
198
6450
6742
7186
281
7988
2492
7007
70
1388
7754
4790
5557
4041
523
3861
3515
1970
6893
5833
3775
2221
77
6998
7697
5139
4343
6083
7167
6787
572
4826
229
360
3242
4821
380
5889
2086
5459
7441
3917
6070
5766
7167
7335
4608
5068
6603
6038
3973
1677
2871
3607
3362
3486
6621
6119
202
7408
7615
1368
5898
3250
5555
547
5746
6904
2753
338
1392
6303
7056
6818
5050
5866
2335
5327
700
4953
5172
6547
325
4790
4617
4842
7077
377
714
5786
4086
5295
6612
5410
594
2397
5715
3346
4427
6116
4800
1734
5063
5765
5570
6147
1118
2494
3442
6593
7067
5966
3273
6882
6943
1681
7887
3497
7010
3670
3353
579
7269
6237
4976
3321
5262
5751
7024
7486
4183
5767
5140
4917
6872
2856
7794
7670
4343
2255
758
6239
254
3564
6725
2371
1410
414
1935
6032
4760
17
657
7931
2383
6599
5850
57
2728
5287
3744
5665
1463
4803
3791
1404
2344
4642
4224
1229
7772
1763
4681
6856
4525
6029
3207
6587
4409
5611
3734
6763
335
6710
5450
6251
7363
1798
2007
4949
4879
2181
700
6648
4770
4022
2110
2567
2102
4476
4809
5897
4921
3113
1197
5217
2408
2759
5586
6620
7712
6513
6254
7852
4057
4167
4318
4368
1537
2025
3250
1527
311
3605
5557
4452
6061
6984
7014
293
7886
1492
5275
393
6803
3194
407
3834
3071
2990
4104
370
7133
7040
3930
3756
4489
4824
7636
4783
2156
1563
5397
2789
790
2302
2580
6497
1526
3465
2631
54
1762
5394
4689
510
2860
3963
1766
665
3045
1624
7525
4331
3360
3468
2521
5312
5113
4879
4653
7940
707
2713
6973
2677
837
5590
7558
6525
6623
2374
1700
6456
4367
6713
4355
3955
1871
3580
5585
5891
3064
7500
7409
4379
6505
2034
6396
4776
3072
7770
1945
349
5114
2486
5507
6766
4025
2196
7405
7446
5025
7801
4499
127
5012
5417
5980
1253
6479
7836
268
5557
1365
7608
4266
2140
729
7941
5530
1334
827
2234
2647
4377
7662
4387
2433
6817
4195
6530
3619
6506
7459
2234
6249
5241
5125
4501
6585
1915
2475
97
2861
3501
453
3963
2813
5626
5057
2086
3517
4173
547
4773
4981
5339
7199
6582
3593
3526
5353
7238
182
717
5464
3406
3238
5436
3616
185
204
6104
6774
