4727
7377
7151
1557
6325
6675
2680
2700
7110
3437
6898
3982
5129
4067
7026
6751
3470
1187
1835
5629
6827
1383
5208
7803
7192
3567
5059
2961
6778
4949
2924
7629
7764
110
2115
7819
4047
2059
3115
3545
3039
2789
6723
4870
947
3652
278
2960
7317
4697
4534
7261
1707
6689
1187
4835
519
573
5825
7645
7738
4508
4925
2760
4647
2551
6894
213
2495
4992
6286
6717
4944
5859
7802
6956
73
4864
4149
1670
895
4067
7428
2239
4039
1029
3505
2655
2342
2296
2780
6014
7547
660
6397
1704
6496
2430
5740
2284
2913
2454
4386
562
5242
5500
144
6765
495
6538
7742
7583
465
4043
7938
3123
268
6159
5726
2452
1090
5367
7656
6919
5745
2577
2270
7137
7907
4970
4987
3105
4184
341
6585
1037
5356
6090
2463
114
3023
2893
3266
7155
6399
3179
4698
4717
5215
2421
5592
7880
5807
6717
2371
4607
7385
2160
1597
1494
2983
2352
7829
3943
6551
5214
4462
7127
2064
1570
5213
3803
7454
4829
5641
44
7353
5869
7755
5943
1729
4035
5889
6981
1269
3027
681
2536
4930
7655
5852
297
6027
540
4196
7883
5494
967
7591
3751
6803
2732
2295
7762
4806
6071
6171
1656
2485
6175
3060
5682
2880
1083
2545
5594
1037
4650
3982
5250
2089
2553
2598
33
6393
1331
4809
4614
5289
538
4443
6996
2775
1351
2852
5409
6092
2586
2848
2710
6974
3560
2994
6502
1506
4817
5514
6438
4730
6029
6267
7459
4565
4506
3210
2810
6975
79
1280
3057
6584
6507
7281
2287
1816
5118
6951
2139
4412
786
3399
2174
5815
6473
2862
1066
4128
7769
3861
6213
2012
6779
2595
2022
218
3698
2939
5873
235
885
2302
5003
6150
5769
5007
902
1934
5838
725
5503
583
2467
2693
4781
4596
4718
3341
2858
3394
6140
5697
6483
3500
1734
5369
2200
1162
172
7473
7838
2788
2587
4316
5911
5590
4980
1054
1788
2318
6895
4650
1155
7697
5527
1098
3558
5660
5532
415
6478
5904
5977
6369
4656
5013
2941
1529
3646
2269
5013
4012
6057
7181
3692
5900
665
2903
5721
2948
1959
6969
2609
1348
3279
7785
3430
2698
2780
6557
7154
2716
7572
431
54
324
7373
5861
978
6116
5154
3356
2404
859
7401
5864
6433
2483
5191
2125
5513
2847
4164
5661
7432
1793
625
6547
2734
7843
6434
6934
2298
5732
2010
149
6293
7459
1816
1516
7045
6867
5353
1734
1462
5451
7781
3736
7710
5229
1337
1077
419
6178
108
5758
2510
6200
4201
7698
1990
6510
2959
7237
530
5242
5721
4234
5005
7281
6893
7770
2441
7938
6677
6487
6916
4054
3524
6689
2448
487
6067
664
5711
4951
1599
3449
239
5806
4083
3879
3461
395
2777
3510
6869
5289
3259
1295
7171
2326
6073
2314
5160
2756
5616
5911
3467
3431
7575
6112
3820
977
605
3526
6925
967
6430
2687
4760
6997
814
3409
2022
1527
7527
2728
6456
2830
4095
6485
5477
3396
1199
3938
3667
7262
1936
5353
4114
1703
3136
1717
6319
2187
3082
5612
5417
4488
6234
6724
7796
6178
1398
6669
3664
460
7844
7892
814
5515
830
3329
2713
3150
5474
5865
5524
6345
7401
829
6616
4135
1812
4157
4449
440
3312
3273
4046
2243
5903
3193
3885
5432
1170
7977
1506
1059
5380
7422
463
7057
1315
4019
5209
2708
7575
2002
656
7331
5032
1273
7266
5617
3912
780
2794
4174
6011
7535
370
1839
6575
7111
2305
6735
7622
2876
4623
2544
5867
5284
2324
4390
2672
5138
2629
5032
2548
4309
6199
985
2251
7693
4443
5390
7695
7548
7722
944
4609
814
2828
5241
7040
387
3009
3544
6273
3551
621
7987
1938
3016
1974
6834
4065
2777
6652
3402
5563
6544
1028
4847
5489
1603
2921
431
7099
5463
7770
3473
6286
4348
4271
7801
7922
3690
2879
205
3511
5749
5180
7780
4068
2078
7331
6095
5979
7546
1805
7654
3319
4188
7691
5477
684
6024
705
3746
3849
5446
7097
7466
5503
3380
2551
4869
2597
6385
5418
4779
4713
7572
1470
7469
6566
3868
3645
3647
1595
2638
3262
579
4138
2349
576
4289
4425
3542
12
526
6794
719
5341
5977
4452
880
4498
846
2409
2070
1614
2679
3339
321
5248
7938
3761
7058
3165
7439
4622
1881
7867
3978
6292
6853
7996
4740
4753
3203
6179
2156
7426
4329
2776
921
4705
3570
4034
3801
3270
4196
7931
7000
2269
5353
6429
7596
6211
1078
6725
3542
1639
4340
4855
1845
197
7431
2293
4535
5428
6967
630
7732
7960
3612
7048
553
7141
2730
2724
3982
3590
4181
6137
4946
4385
1985
640
5334
3843
1584
177
5106
6396
3979
7351
6832
2281
7176
4719
847
2249
275
5107
2210
349
3600
5172
5241
4101
1035
3518
5509
161
3436
2376
7242
5593
5165
4733
2503
4431
1784
4718
5715
4607
224
865
7326
2402
1976
1309
5021
7890
7059
699
7085
4935
5501
3329
1833
6464
3066
4327
3931
7813
866
2502
6998
2070
802
4422
6189
805
5381
6223
945
6315
6099
4587
2338
910
5774
6695
3060
781
3706
1327
4688
2870
1232
724
860
1662
7757
5812
7733
511
5504
1626
7590
1674
5890
2839
5636
40
433
6942
7048
41
2599
4488
4369
326
6183
7979
7047
6963
6921
7965
2853
5139
5062
1558
102
7388
7087
3031
479
2083
6155
106
4966
356
5090
4304
770
7833
2838
1672
1958
362
4504
1113
2120
6058
1825
6638
3670
3384
3934
2010
4490
6706
1555
1589
4849
6551
7678
7561
3925
3171
5343
2079
3498
3014
7460
5201
5069
6072
5135
1423
159
6045
118
6911
2797
172
1383
6884
6531
5625
1624
749
2502
7622
1890
306
3830
2103
6475
2049
2142
4511
6450
7209
2375
2844
2636
5404
4828
4764
4682
2829
4810
6564
3141
401
5759
5933
3148
7342
7386
242
6019
3361
1814
7205
72
782
3556
1297
7020
6194
6799
1953
4520
7478
6820
1390
1233
4631
4659
3162
2060
4018
7407
3918
746
1636
1170
6546
7682
1019
3471
6676
3712
7952
3775
5460
5668
3253
4780
6446
7401
5745
2462
5916
6628
439
2809
6533
1470
3735
7878
297
4206
832
5585
5628
5764
1230
858
7174
6573
4536
3023
6576
1382
3836
5558
1613
3578
4628
4885
5108
2533
1918
2841
4165
988
2630
1458
7817
4343
6073
4569
261
5759
1482
1493
6111
4258
3846
5016
6160
6229
6373
7887
1749
4295
6222
1922
5057
3168
6328
4679
3462
2359
1214
7515
1828
2188
1648
5766
4878
6663
3876
5984
1420
7248
6560
4367
3281
1209
2607
392
6481
1565
1784
4558
2419
5024
2703
3596
6473
7527
2670
5203
3523
5870
5905
4274
4200
2843
5546
779
7331
4765
4281
6804
4779
6668
335
5923
4531
533
4662
6379
6420
3642
124
2609
4635
6786
4181
5890
7711
6229
2874
3997
6354
853
331
336
4457
1723
3056
3122
7739
2556
4015
2734
4714
3337
4973
4760
5406
7966
4139
1602
3926
7101
5677
6641
6820
1363
4601
7887
1217
6829
6699
352
7951
4254
7920
4091
3142
1033
2752
4505
5784
2635
4394
5244
1447
942
5183
2510
6097
1080
4159
4837
7318
6595
3120
7549
3176
7431
4139
2676
1890
973
785
2758
2065
1556
1499
6708
3990
3478
337
6851
5361
3480
716
2609
4557
1105
3846
4314
2947
1292
3107
7829
6644
7367
7465
6535
3224
5010
5401
347
7297
1977
3941
7312
1501
954
4991
4304
6614
5079
6327
1219
7404
7814
2435
6917
5306
2807
3607
3760
872
3105
4943
4147
4302
2454
4935
5617
1707
945
3029
4373
2455
2234
7494
6397
6603
7962
2027
3833
3340
6218
4568
901
5726
1457
4908
5577
7448
4966
6363
1857
3787
5141
5999
5201
505
5992
2336
2485
5061
6646
3377
2211
4692
2972
1985
7696
7091
6768
5063
2736
3478
4579
4939
70
1140
1610
4087
6357
2191
3076
726
4473
1266
5920
6813
935
6334
6292
7765
1609
5713
3535
6590
2214
6050
2420
3114
3789
4271
3267
6449
7911
3437
2536
5608
3534
1016
4012
2583
3560
2600
1056
2221
5097
4367
5763
2520
516
6708
3448
2729
6042
6125
5583
1682
2376
3083
5280
3399
4049
5701
5929
7634
2588
4198
2251
3131
836
7292
3086
5700
4428
3394
3458
3238
7080
3093
2298
557
6456
5411
7162
3144
171
5770
7820
967
5667
5774
7159
4214
5805
4144
2759
6471
5425
2709
1269
2694
6362
148
6242
2818
3747
2213
5929
3336
2181
1959
1258
3621
5962
1878
2641
4242
3158
795
2299
3263
424
4648
5710
4451
4331
4182
7835
2851
2600
4859
3495
4103
2239
3135
4451
5659
4601
1731
5789
3474
3971
2245
7444
2501
7155
7222
7135
4000
1892
1266
3387
3533
4651
3044
6651
1380
3335
2839
4212
3258
7103
4397
981
2957
2116
3618
4031
1361
2678
3082
4415
1338
6965
5319
1282
1576
4918
3241
537
6510
5924
7381
5579
2444
7324
917
4184
4271
3647
175
7570
2039
4432
7264
1065
7286
4824
1989
1923
369
6190
5643
4904
7059
2519
5829
6558
1208
1418
4763
1249
1710
690
1020
1098
4830
487
1242
7499
335
6187
4299
6562
3808
6072
6697
6537
7575
4211
6630
2618
1881
5220
4048
1632
5121
3766
3382
7477
7756
3777
6879
879
1252
7822
4048
406
4218
6448
4113
6513
6898
3351
1038
3796
6916
6114
5321
4811
218
1020
4854
3084
758
5090
6076
2456
247
1595
1818
5959
5463
1845
770
3988
948
6195
1441
565
7048
264
5347
7929
2073
4054
2038
6378
3948
4374
7204
1149
1784
2772
1003
375
3512
201
5947
4972
4754
1281
1044
1737
5319
5715
655
6207
2061
5193
3967
6279
1562
248
5021
6407
419
6527
6135
2830
806
4286
5819
2008
2239
7588
5387
1893
5182
4790
6677
3129
3639
2036
1688
2486
1
6551
3847
6391
5934
1186
4084
5981
6907
400
7072
3004
2549
1215
500
7181
2847
6112
3206
7539
3050
1844
5222
3199
3072
4604
199
3229
5593
6421
6940
2609
2733
6382
73
3529
6194
1019
497
6166
6349
7727
4412
3421
1652
24
391
6025
3711
6460
4528
6113
1583
6753
435
1870
4918
3396
6994
851
2626
2660
1953
3490
6621
2077
7450
299
1808
2714
4606
5416
193
6416
6266
917
2911
2680
2260
4458
2186
6208
6033
4448
1029
6711
5171
2718
6090
2498
2228
3805
7647
6370
7323
3326
6391
324
718
2926
7713
2249
1747
952
6246
6156
3500
4309
476
4711
1790
225
6542
3290
6619
5670
718
3065
445
3429
1874
5260
1943
5306
4715
5806
3715
5043
5056
3615
1128
2242
5597
3158
861
1047
2796
4400
2832
6804
230
2309
7411
744
5696
4897
1432
6411
327
6677
3249
3374
4093
6941
100
628
5550
515
3546
1987
1784
1061
3289
4610
6002
875
196
5324
5923
3013
3613
4681
1527
2719
6231
331
5153
2182
833
2181
6601
742
1039
3795
1671
853
6927
2203
1403
5084
6315
6876
6789
100
4079
2305
7245
5664
577
7203
2485
6833
4673
3651
6232
6958
4304
1567
2184
2280
5343
5699
4923
6852
4895
2328
4801
2024
759
4778
3643
5928
668
676
304
6637
6665
5280
5682
1070
7920
7555
6978
2349
7718
5059
6757
1547
6794
6981
98
7817
5618
5755
6597
1630
7279
2577
6172
703
7627
4600
4901
928
2615
3143
4317
3043
7984
5198
1547
2044
2456
2525
1527
577
2647
1301
6025
49
1513
4269
7321
4024
3244
6285
1724
3568
7244
5408
4997
4949
6822
667
865
7835
6255
6078
3868
2462
2308
1358
1519
6810
512
4326
2320
406
5548
3020
6293
5214
7336
6852
949
6373
2171
6900
4139
3319
3658
6386
1845
5056
998
7450
4358
4166
5272
2272
3528
1252
3024
2786
6550
7479
2389
1630
4481
4799
939
7357
2551
2920
3958
7055
4399
52
7482
5757
2427
5388
7265
2300
6989
661
5066
7673
3756
2456
4878
2157
3469
3327
7882
1663
6214
192
7075
7832
2369
7318
6698
7781
1517
2686
6297
3770
7668
3436
7367
234
6859
5259
6156
7830
1634
4931
1971
7302
398
4236
3096
882
2691
6388
6920
3057
1018
6771
6209
6501
5125
56
6385
5229
4158
4052
5262
2561
3503
2460
5134
6324
550
3872
7165
7023
4212
3475
6854
2460
4295
6034
5786
6140
7727
1808
2163
307
714
3777
4027
4000
5054
4556
4071
1057
6970
7923
6764
5855
5399
3809
2500
7956
3770
4711
5927
4485
1464
5335
6020
2702
7254
6786
3048
1776
700
4294
1275
3093
4791
4723
5619
4068
5148
3845
6988
6613
3720
5618
1994
6207
1920
3564
286
4106
1644
4847
1481
3576
2769
3274
2609
1363
1449
4855
1875
5750
2074
6507
5712
5421
794
7090
2311
2591
5449
5969
131
1769
7023
7544
5495
1585
2356
2626
3723
4429
6505
7508
6290
3597
6976
7238
573
2104
1872
4077
2750
1777
3513
1016
5411
4126
7883
2954
5314
6403
1862
3786
1747
2772
6948
6371
273
1867
383
158
4050
5606
2034
841
808
248
1837
4619
183
3973
5358
1426
203
1206
6405
5824
6653
4429
6665
4736
1872
5472
3672
302
1546
3042
5521
7396
1916
7761
330
7096
7693
2275
6211
682
662
3257
6665
6406
2895
6786
2123
4684
7880
4433
4217
5454
1914
380
884
2723
5734
7675
5978
5684
6787
6462
2866
5576
5182
4857
2985
240
2245
4364
4803
2569
4842
5898
6157
4038
3703
2245
2927
4745
4423
4705
4106
7882
5725
5350
3291
6660
6819
207
2281
3825
644
133
2221
7091
7436
346
5090
2451
5001
5733
192
1122
5238
233
4748
1758
5228
417
3743
2133
7600
2558
5929
6920
218
2031
4184
67
4791
6433
4179
3795
5639
5588
5351
5452
3449
5252
313
2134
5995
442
5954
883
3191
3975
587
487
7252
7216
4754
5879
3455
1364
4210
2232
3403
6082
3339
4807
4249
171
223
8
3716
2710
7288
4640
7770
1923
2842
626
6403
7594
6655
5158
42
45
5965
5636
6813
3755
121
4934
6551
1931
5344
7702
1179
1974
7334
1713
2083
7798
3586
1149
4225
6277
7073
1075
3305
6781
7594
2756
1169
5070
4824
6463
638
3321
2824
274
6041
7994
5944
7632
4929
663
1900
6732
551
2830
4024
5147
3015
3641
3679
7078
6270
7464
5555
6210
5752
3426
4776
6148
4753
4949
6359
5529
354
4823
2157
7780
2593
3447
1478
6309
6058
7190
3373
6353
6066
6223
3302
5822
3363
3020
2988
3023
1171
3964
6692
431
3097
5404
1038
7336
6159
7539
1415
967
6313
536
3184
445
6317
2755
7324
5013
1598
4209
2270
4917
3246
4520
1678
4170
5802
5563
1759
7496
1309
6459
5091
4847
7451
4423
4929
4678
4428
4968
6554
1352
5781
2563
6635
5932
7490
7612
3126
6543
2652
2420
4719
7215
7107
5922
2182
553
246
1327
2213
7931
4351
2052
6168
6035
4654
5365
706
5270
296
3685
4690
5431
3636
4577
7682
5788
3003
3479
3089
2034
7029
7648
2914
2648
150
4640
2292
2330
7266
135
5217
5143
2037
4551
6024
5136
1636
3001
6475
1360
1191
2069
5010
1291
2897
4438
4005
4365
1580
5471
1725
6322
457
3911
5216
5850
2979
3897
3479
3679
1244
6370
1015
6960
894
7629
4928
6353
7461
808
3520
449
7372
2775
6725
2852
2837
4895
2056
1136
545
1533
6400
3281
7630
4470
5956
7463
1622
5171
746
1779
7128
413
1755
4178
4723
4731
3569
7085
2329
5909
4152
4673
3204
4226
1602
6657
607
5438
7686
4760
3396
2368
3603
450
7038
4876
7859
4236
143
3427
3635
7755
4944
5774
2089
617
3038
5058
1675
2133
1886
4974
2378
3646
7353
4507
5109
2131
2512
2087
4854
4472
6149
1542
3309
7672
3995
6522
6367
7582
1851
7989
3004
2657
1579
3708
2681
1204
1711
1058
6218
5865
6815
3479
2896
121
487
994
2984
2942
4961
3030
220
7505
4249
1943
6167
6362
3735
6969
4216
5973
6468
931
4119
3968
212
1804
7346
2894
3956
7996
3260
3153
1249
998
1903
595
6620
6471
2131
3779
4982
6576
720
7681
5370
1795
2272
6774
4557
1767
7598
2584
4746
4349
2044
6434
6192
4219
138
6773
5393
7296
7414
1446
4559
1873
4895
3654
5187
5951
727
3951
5281
7703
4009
2932
4249
4868
3062
1690
2277
2449
2847
6917
2877
5206
2196
1645
278
1
952
6907
1409
2989
1902
3500
7524
6337
4549
1056
7830
4982
2300
4903
7694
5268
5681
1818
1259
3349
6550
3114
4812
617
1429
7868
6356
5017
1197
4780
4259
7252
764
1910
7961
6202
5730
1563
6003
6767
4309
400
1733
3303
7474
3811
6959
2836
6986
1510
1197
83
2099
2696
4051
2594
7183
2353
7510
6847
4139
2048
2946
2554
5098
3840
7910
6448
7205
6300
3613
7214
4586
7448
864
5635
1460
2950
489
2467
7623
1204
2288
5058
1840
3353
6960
2266
7791
7184
53
4076
1764
4209
127
6109
6388
7275
4689
1791
4783
5458
4204
3069
4040
2581
383
7167
3800
4786
6929
4809
3999
6029
687
428
4054
7183
65
1644
3495
407
2106
1882
4499
6849
5487
863
6486
5057
5214
5595
3449
1424
3329
918
7654
4765
7470
140
5844
5786
7084
7681
828
6314
2455
1439
3437
2396
1520
1032
5702
7777
639
7451
6467
639
150
1214
2811
5300
6009
930
2822
1920
3259
5592
1924
2824
2090
1898
7666
1970
54
1713
4803
4152
6576
7752
5824
1716
5531
4094
6861
1292
1684
2004
1030
53
4732
2220
1481
1508
3716
3886
6167
1726
4197
1590
4827
5050
5342
7209
3903
528
1042
2369
7943
3136
2920
334
7381
2232
6875
255
1719
3129
6359
7142
1420
6157
4006
1521
4836
7953
978
3866
4349
3894
1083
129
2086
3445
5152
2839
2786
1089
2545
3301
5292
333
4184
2879
5675
6698
424
6403
3961
2709
5343
1299
4715
1368
4403
7473
3518
1805
2574
3875
5975
3946
3234
3355
7226
7593
2753
2621
404
4529
3140
4549
2490
3158
1662
1545
6982
3243
154
6709
4234
1756
1287
3600
43
7921
2922
1986
6520
2582
1759
5452
7339
2653
3936
1854
2327
339
942
6829
5374
6668
7066
3532
7115
2426
2527
1259
2938
3816
2959
1565
1758
4494
2565
2997
7619
6566
7848
5940
7282
7043
5575
2935
870
796
7713
6297
2338
5561
1011
2167
3020
1085
300
7229
2869
611
4225
2851
209
2053
1661
1197
4763
7446
1991
1064
7713
4641
1794
1772
2536
5089
7319
2463
4713
4556
840
6925
6234
1124
3271
6699
4446
4823
5653
1952
3154
5841
2516
5083
1417
4457
5006
7693
613
1463
1810
5850
4802
1657
4254
6781
4655
7177
4927
2551
1908
1089
3461
6226
5957
3393
5
2200
1313
5718
5326
5011
5485
4814
1426
4889
5100
5696
5714
6068
5307
1809
2492
5781
7000
892
3440
3553
2434
3211
6682
4325
240
7514
2447
3866
5557
7428
4927
1574
545
5352
5307
6947
4695
4774
1991
1358
4458
7897
7323
1549
4485
4779
7436
2604
4622
6077
7369
2147
7890
782
4622
3413
1554
7380
4968
4405
5920
3695
5739
3972
4252
743
204
4955
7443
1362
1235
5021
5140
2052
966
4875
6880
6266
3016
1041
649
2640
7976
3687
6191
6121
3314
6437
925
1929
2499
6574
3441
2217
4721
3706
6724
2122
4437
3462
6773
4177
3606
2703
2058
5391
5536
806
1183
1056
1246
1421
4084
133
1627
168
1515
6690
205
1569
589
6573
1348
6017
6145
1252
7335
4593
5166
62
2698
53
3307
5577
7161
4277
3814
2995
4931
2262
348
3080
78
719
2172
1846
7049
2787
1367
715
1900
6178
6318
1058
323
1965
1751
1075
5742
454
6148
3111
2870
4030
712
1412
4575
3779
6499
6812
311
7312
4487
1054
5028
6067
7441
5257
2585
7240
7289
7125
1977
6097
5863
4385
4239
1534
553
1217
1872
4934
6353
6510
6804
794
364
7747
3061
3058
4277
918
263
6868
2790
2189
7547
3638
6952
1587
5536
3430
1020
7591
7028
1846
1337
3300
4514
6214
2227
557
893
6891
6
2540
5354
1633
3785
1997
7401
6601
5463
5457
7632
2124
2800
723
3387
5385
5185
2124
5468
2513
7933
452
1565
4565
6203
1013
2403
1875
1147
1323
7049
789
6913
5135
1602
1225
2449
1360
4845
3488
5597
971
4492
2432
4987
5573
5348
3798
3492
7542
2102
6195
5785
4849
3437
4896
6399
2596
6417
1968
4067
5339
3731
4935
7853
4045
2570
2834
4160
2691
5353
4486
6033
4355
767
5220
4039
5341
4731
2299
5290
4421
7600
3409
4410
1054
6373
1050
4421
5593
5302
684
2220
4361
3455
5834
303
7930
1366
1867
7367
322
4583
178
5572
3673
7994
7987
1714
1733
4535
5417
4192
3631
7778
7640
5648
144
7369
247
2751
2859
6322
2907
2600
7836
5546
5799
6960
2541
6323
375
5629
3662
7965
7117
531
7665
4277
4247
3882
3411
1500
2049
5879
2330
4644
6520
1262
4967
1218
7623
5960
3829
3269
6253
4221
1748
1894
6054
4627
2259
1756
1720
1710
5459
2525
2180
2495
1570
4456
844
3455
6702
6574
7932
7380
2804
5816
6156
6501
6627
5568
2450
3513
6591
6627
2432
4557
6233
7419
677
6431
1529
3416
4499
49
2804
7106
1846
1243
6092
3160
5003
6051
4229
1769
7196
7340
2802
5631
3170
6466
768
4844
217
3012
7843
6883
7541
7681
1021
518
1411
3339
422
6823
7137
2013
7111
7749
7674
3657
5916
1179
560
4743
5470
143
4330
2921
5432
490
7826
3898
6914
3636
7692
1410
7046
3009
4416
3903
1796
1908
4518
2550
5874
5720
6779
3743
97
4101
970
2960
99
2665
4455
5013
2278
7383
6527
2042
4713
2146
4740
903
4092
7432
3751
3898
3095
1823
5796
542
1882
397
1665
7543
7577
518
3908
1500
1242
5354
576
6189
2301
466
1853
3188
965
459
1004
7770
7156
3107
7542
5173
6454
7333
4542
7574
7834
1786
4976
1520
7882
3903
5364
6423
2917
2748
1444
5297
3360
4712
6151
2454
290
3798
2290
7914
1749
6623
7600
1677
2964
2546
6765
5182
6052
7939
2019
2808
1977
5533
3491
7322
5094
2009
2333
4959
694
142
4563
7156
848
4737
5867
3062
5638
7842
4665
5536
6205
2621
4810
5845
5746
7565
5685
3903
5389
491
1524
4736
3995
2484
2284
425
1125
1999
1743
2724
5340
7508
1253
6208
1623
222
6731
7741
5860
4558
6782
7203
4237
4812
5201
3861
2107
3324
3881
730
989
2924
1851
2419
5396
3219
4216
3503
125
6471
61
43
3062
6933
5930
1158
7726
6891
5924
2529
328
6106
1921
1187
4192
3864
1885
3249
6510
6539
660
984
5465
3852
1584
2235
5944
7457
5295
2974
1796
4974
2950
4044
5934
6621
6491
2275
2084
4552
928
6965
4738
176
7858
3555
7784
6829
4900
4830
2125
2003
4289
1555
4589
7070
4037
2753
1190
7574
3642
6713
2885
4178
7148
6155
1706
2916
6160
5949
3539
5806
2133
1378
2722
2051
4838
5886
6958
1411
4294
3226
335
6023
1209
2604
606
3382
6152
2950
499
3932
2911
3883
5869
794
5294
7884
5557
1039
7043
2397
5416
5550
5685
2524
2690
5795
4043
1357
4679
1213
6933
7375
7620
770
129
6912
7314
6412
5517
1414
163
1910
4186
7665
5780
2168
1367
4149
2463
5386
7629
6506
1603
6182
7331
7241
5054
7132
368
6472
7021
5936
4818
662
1532
6283
1900
1263
3081
835
3529
7339
384
2618
5196
1227
2980
4288
4278
3023
2037
7267
4121
740
3128
5682
7401
434
2543
7975
1500
3016
6434
5433
1240
5618
4636
2095
5366
1237
3346
1996
7894
3560
1854
5189
5202
2338
1618
4431
3854
2564
5626
4707
7164
6839
5610
1125
3085
2600
1027
6479
4426
1510
3119
4111
6296
5070
7913
3154
2885
3675
547
3866
1549
920
7529
6997
168
3255
3033
7506
3687
2118
313
7793
2386
2105
3168
328
3417
3396
2885
6274
7447
1144
4583
4065
1252
2732
7780
554
5843
1926
2962
6779
3434
2794
7655
2520
4636
5031
4795
2033
5494
6413
562
5902
6414
3367
6131
6419
3768
1453
1291
1222
4937
7323
4896
2099
6842
5221
548
6262
5196
1109
7616
5207
2345
3565
809
7751
2295
4209
3549
6952
7947
7408
247
7213
6277
6424
7491
7088
5181
3346
5235
1264
6004
5813
2714
7276
4485
7367
4642
1629
4951
2805
4667
4496
4632
4030
7738
6828
6718
7235
5346
5058
5823
1541
1247
4835
1845
7226
4437
6498
2912
6237
5349
4482
242
906
460
205
6275
697
3630
2422
2912
6422
5550
2115
5419
1059
2356
5636
4831
7654
3780
4163
3923
6922
189
3716
5967
1152
560
31
3393
2680
4891
4037
1545
3609
731
2247
4444
1755
5662
50
6358
5127
2410
6573
7418
1146
6934
2222
2193
5423
2997
2786
2862
272
7505
1243
35
627
4015
7793
3878
5417
7942
131
7903
6469
7780
5376
2391
3845
7013
4327
6277
6936
3863
7831
6559
3885
4987
6393
2571
4226
410
1842
3712
55
4065
6124
4422
361
632
409
5024
5615
7482
3754
618
3516
3054
1326
5341
6253
5489
5650
3825
1724
2604
1479
3854
7572
4973
1101
7851
3795
7160
4962
904
5405
5861
1872
680
6086
3040
2269
4519
2970
7373
4677
3703
6723
7405
416
2952
2538
1108
2241
6705
264
888
1119
7499
2290
2036
778
6634
2281
7098
3419
4559
439
3971
6557
1519
39
3838
5511
2899
3615
2770
5922
96
4878
6844
1675
6539
1350
7116
767
7425
7693
2736
4054
2701
6146
2239
7404
2527
1792
1210
4606
6024
3337
4465
4604
932
6633
6235
4324
4991
1814
6313
3197
2225
6681
1716
3058
7127
5601
6345
6233
6045
1409
2927
5298
248
4866
3070
6838
2654
1918
7533
2333
7454
3851
5791
2118
3704
5776
3637
7347
1635
3384
2153
5973
1963
3045
1366
3766
277
3411
5939
5419
1152
3652
3074
3572
100
4948
1512
5149
6808
1448
7194
3085
5255
1626
4721
5912
4315
6717
6750
2118
6550
3428
5928
3199
4232
5307
3850
7319
3936
4295
2837
4557
3027
1970
1651
6012
1519
133
4807
1529
3815
4297
6038
6558
7766
5076
1353
2528
1563
3974
7208
3367
3999
6973
1866
5699
2704
6915
4785
3632
2485
2757
1901
5559
1183
6843
2077
2316
5674
7771
6440
6098
3890
7216
2168
1235
6096
7674
1474
1500
3985
908
2165
779
3813
4742
2149
5644
5944
5964
7927
6330
1709
2678
266
1407
2791
2089
460
3233
1765
5277
2868
3391
4413
1097
4487
6587
6958
7666
3966
4923
4969
192
1086
3216
6623
1955
1224
4459
3668
3092
5068
6271
1616
6850
7833
1335
7065
358
5463
2170
737
3572
2258
4906
856
1836
4668
3538
1066
2336
43
3563
7953
7491
6816
4771
7215
6364
6217
1094
7152
4305
2405
719
6807
5642
3189
1937
2269
6509
5348
3126
3433
682
6784
2183
4403
6487
3329
475
5119
6948
338
1138
4463
2803
5913
5679
2792
4381
2711
6874
1419
7089
5608
1555
5463
1500
1311
481
3090
5590
3200
2067
7736
2819
4477
4710
2249
4070
4096
2320
5086
545
4125
3068
4902
1707
5354
7674
3039
4317
6695
6495
6703
3366
605
1369
7510
5282
2292
5729
6165
7588
6705
2923
5445
2180
907
3716
5956
902
1230
7669
6480
3484
816
4875
2539
4353
7779
6071
7919
5854
3409
2832
7668
6758
7369
1351
6629
703
3037
7642
194
4539
3500
417
7482
7536
3797
5604
2556
2036
58
4900
7192
2680
6822
3961
6252
7474
1643
7021
6706
3940
6752
148
685
1086
7798
2027
3011
7573
4498
2276
580
5994
3602
7867
3700
3982
1049
4433
3271
33
516
1906
964
7373
5142
3643
6739
2352
6788
7579
4500
5453
3627
7719
5331
1827
4902
7782
4611
7258
6680
355
3147
3586
4801
6541
3358
3997
6028
6366
4192
5519
3369
5029
2732
1951
609
6942
4548
3015
4163
1734
6607
4605
4555
1662
4368
1069
5530
7760
7936
6529
6098
1929
1852
4000
5552
2468
7477
5135
3510
4703
1656
2499
7667
6369
4772
4249
6484
5467
3479
1456
2692
2545
3519
7710
3836
6123
7640
4543
2528
1660
1154
376
1389
2567
676
3381
2665
5844
4556
6638
6826
7679
3425
7408
4311
3515
775
1298
1872
2734
7428
7646
690
7711
3651
4224
7521
2876
7740
3695
2393
5236
3304
625
3859
6135
1821
166
5292
6867
5136
5832
2349
4630
5621
412
1906
6691
4258
4892
7942
6051
1899
1950
2490
1543
5432
6900
33
4474
5859
7725
5524
6075
4846
2268
442
6878
599
7611
1036
1917
7810
4846
4085
1756
4983
6404
5362
6248
6676
7954
3916
5342
7481
7961
3932
5815
1956
1207
7077
2550
5490
1253
4049
6995
7881
5716
1285
2724
7532
1584
1330
5983
6389
3890
2002
2637
1754
7906
6050
3788
4444
5428
2336
3383
2230
2623
4222
6385
545
5600
3866
4790
4361
6069
4405
7270
7937
7127
5580
7804
7977
232
2717
2633
2421
6651
1225
7575
1612
7684
2770
686
379
834
1708
6946
331
7317
2008
6760
56
6970
2572
2688
5225
7247
3881
1646
7835
5344
4482
821
3696
2027
3097
12
3492
2683
6439
6901
75
2715
3738
7822
1278
5760
4998
1636
36
2976
6718
7209
6645
4620
1588
1508
6166
7367
6153
5418
4568
6911
488
922
7956
3785
428
6281
4181
5148
4704
1141
3525
1460
2001
576
5847
3347
6041
622
129
6166
6446
1385
3040
7621
6659
2547
6500
6019
7892
687
3100
960
4317
5976
5800
2122
887
7447
4470
1744
2099
2371
1780
1266
4365
2209
2704
7724
5623
4950
4465
1554
1833
7155
7961
3153
6664
162
3304
7190
2841
1411
4869
5249
6237
3236
22
5311
3055
6365
4604
5881
2799
1406
2900
3349
4650
7967
