5814
1046
7588
6184
7979
3571
1047
97
5273
5688
6870
1528
3238
2405
7238
678
1781
2417
1955
7304
82
722
5767
1957
6935
6315
5392
7015
6948
2569
4043
2684
4448
1066
5989
3655
294
2055
1413
6727
4608
3843
1230
864
3643
6167
4377
5081
3420
3785
2669
3577
2073
5518
4187
6137
5710
7381
6062
4216
5495
600
4225
4856
7095
1031
1509
7081
7413
4938
6270
3952
3217
6154
3833
669
7995
1931
7933
3000
7820
2713
5505
2783
5925
3325
4384
2442
7658
621
5124
5508
1579
6607
5348
3870
1617
577
4462
1766
7282
7613
272
437
6732
1817
360
6254
3884
4322
5479
2620
4518
2651
174
7142
7843
3936
4744
676
6377
1464
5010
4721
594
1652
2824
5259
6804
3441
5799
3635
4915
1672
6399
2485
4864
1377
6446
4773
976
1914
2212
1685
6450
3438
5296
6410
7569
5111
355
3482
7490
6081
4027
3435
4590
4373
326
663
2874
6433
6052
7182
2022
4471
4395
2330
2748
686
520
6534
3528
5593
2618
7891
7820
5181
1922
4739
6212
1994
2007
6443
5365
5068
5446
1997
390
7238
3800
4183
3592
6398
2899
757
3653
7048
6167
439
2423
2219
1313
5203
5868
5639
6336
6131
6644
1200
3583
7523
7678
5598
3807
5364
6625
6562
7295
6404
3931
3978
3902
4279
5288
6359
104
3159
4951
4521
3471
5910
4275
4035
453
7012
7063
4002
3866
2414
3162
3018
4791
2473
6959
4834
4301
17
2948
417
1330
7299
3447
7192
7492
448
3069
2042
2136
1839
337
7096
7606
4583
5138
4988
181
239
5083
3887
2907
1863
2161
1904
6120
3890
398
3203
2585
6747
6083
6892
3266
1151
75
1940
3168
6298
2668
40
3635
5461
4
6278
5066
7980
34
5654
5520
845
781
1570
3588
396
1979
692
2760
5068
391
2752
4273
4229
7846
7083
2579
1247
3150
5992
4111
262
6382
7721
1195
7347
7744
94
4521
2973
188
2055
5440
3318
6572
2893
1397
4277
7147
4778
6049
2177
5468
1477
3332
4214
5446
4462
6953
2806
5849
1872
1417
5098
3409
4256
558
890
7258
3330
5761
6847
1853
6151
1386
1113
6211
7194
4868
6994
7498
5549
3612
5146
5525
2856
4446
3797
7633
3628
2688
842
6707
1277
2202
4449
2039
2149
7802
2219
4188
3442
1561
3315
5857
5842
2020
5631
4299
6926
780
358
5777
4673
2060
2518
7424
527
7363
7050
604
4585
6570
4774
7586
2909
2368
499
4923
608
4022
729
748
4210
5040
4801
1391
4407
4655
247
2890
7733
4715
5693
5667
2043
7449
6792
3231
226
579
1472
3765
1028
7027
431
4260
4254
2009
7365
6379
2854
243
7208
4308
3882
2834
7817
3983
3287
2989
7505
6954
1077
1321
7571
5018
7918
4729
5781
1944
333
54
5023
4269
1302
790
3645
3291
6350
6985
4115
351
1291
3477
6357
26
6292
599
4216
4961
2773
3875
673
2002
7005
5934
757
1344
6751
5371
35
2896
4570
7660
6270
5774
2009
2118
237
283
7137
4562
5495
316
7544
1990
7242
7630
1660
4830
3726
5280
1869
5091
841
6363
7774
860
5201
2530
6012
2970
4833
2445
4964
156
6376
1874
7101
1858
3139
1486
766
7591
643
3322
7711
1832
6803
885
6631
1130
4642
2274
3374
3786
6113
2149
3500
7027
4723
3311
5988
376
6031
5249
841
202
7191
7038
5147
6
5375
2299
1204
2701
2670
6066
2930
3174
4854
1909
7990
6117
289
2469
4852
975
5941
5444
3500
7498
407
4144
5540
6584
5174
7264
7792
3070
4466
1283
4569
1468
3796
6572
777
1030
5707
2702
4358
1942
1052
6739
5058
249
609
7820
7164
2331
7071
4842
7969
6766
3561
248
3795
4944
5216
2722
1146
7575
69
244
938
2626
4227
281
3671
1186
7853
4234
1803
6913
6797
5321
7384
3979
3751
2920
1287
4241
1943
851
4854
2484
4180
3841
1330
2405
1350
4323
4366
2615
5785
3989
6909
5667
6569
5542
4544
1087
6679
4396
6876
6793
302
3482
2824
3787
1722
7192
6776
5873
7988
5743
937
4075
6824
5251
471
2561
3089
3940
1991
1192
7517
2665
6724
4247
1711
1481
2966
3378
7158
4935
3076
4152
3844
5937
5367
5597
7024
514
1013
1894
1501
6716
2763
1486
1086
2652
4064
5962
2068
807
1774
7149
1233
3537
4111
3705
6905
6394
5019
5183
1005
2339
5698
6006
2032
369
6296
1907
3492
619
1162
4205
6621
5197
5619
1165
1826
139
4721
6601
6069
6736
4668
5455
1486
2026
4513
4793
6731
5193
1944
2326
6122
5467
2477
1660
5104
3860
1293
3143
3535
3606
344
2739
7309
7637
5078
6501
1798
3544
1243
4765
618
1846
5564
7002
1915
4782
3114
4325
1122
5258
445
7158
561
2683
459
3062
1632
6299
6299
3988
3735
3390
3112
4563
3606
6513
95
1205
7996
3472
2025
405
3339
6700
190
524
6953
4300
7827
218
5794
3120
4572
4401
972
6549
5420
3001
2634
2852
2425
212
7877
6607
3476
5012
5592
5791
680
684
7496
4653
676
3329
404
3095
4114
1134
6758
1488
1432
3619
1005
6204
4595
5378
5469
1124
6904
5385
7699
1926
2338
1566
7863
4893
3744
3077
5778
3742
432
7477
5810
6747
3777
3589
6134
29
2370
4165
634
7760
1991
4067
4867
3111
6283
4269
1374
7873
6793
2153
6913
4697
6944
4511
3974
96
7476
6297
5649
6430
5352
7092
1540
5185
4905
2010
5779
3921
5722
4128
6259
2646
3180
4153
4190
3265
540
6946
5544
2048
3449
3385
2695
879
7076
4617
2172
154
2543
6332
3372
354
4999
1192
6443
2370
380
6870
7777
2756
1165
7105
314
1252
7271
669
2752
4237
6873
3422
6497
4462
1758
6912
4731
1224
5802
4785
4353
5119
6218
891
5449
5868
6691
6529
4034
1970
865
7763
7908
6694
767
7822
7819
7002
2964
5571
6565
7530
7785
7640
6620
7583
7315
5405
2220
4314
3904
890
7769
2413
3730
2208
2784
882
2629
5007
4127
884
3059
825
6034
2819
3915
3834
4613
6960
4622
2682
3911
7080
3152
7018
4785
899
306
6545
4309
6900
1326
1142
1818
6948
2267
4230
5689
7101
3865
4203
5803
5436
1583
3283
4146
2438
6
1854
3372
3036
6982
898
1041
1405
1183
7205
660
6101
3792
2201
7066
7254
7233
4702
6961
3785
7710
3308
3995
1147
6431
3434
7636
7124
917
219
3821
6375
4249
6374
5816
1544
4765
5024
7021
4332
412
6843
6226
6096
1720
6905
1638
3196
6375
7293
5013
3082
4340
404
5492
1703
1194
5720
4435
7287
2602
1108
3722
5393
7447
601
6035
5154
193
1212
7201
6690
5344
7240
2822
956
291
6988
3901
2500
7414
374
848
186
1577
7973
6642
2371
3123
5357
6300
7546
2603
6566
747
4299
1244
5255
7103
1295
1121
7994
3638
1265
6910
2919
3753
1094
4880
5464
3902
4213
1819
3507
1261
1249
1386
3035
7470
2087
2363
2506
5404
991
6757
2836
4568
6962
7525
5861
326
7294
1375
3767
737
5062
3620
1612
7654
2076
3515
1399
2140
2583
6563
5450
227
4695
6159
4155
7473
5530
7124
1836
6793
34
4222
4923
1435
4339
3907
6596
6002
323
5085
2832
4582
6778
7526
3053
4040
879
7036
3176
7948
7460
5743
7754
672
4176
5274
588
2263
2313
6676
7985
5500
2263
6511
1939
6316
6199
1897
7194
5592
6103
5694
922
4863
1382
2661
7167
1583
2220
7556
7520
3409
6324
7411
7564
7350
1634
2066
5863
7917
7513
7525
4679
4730
247
1863
4316
1066
991
3030
1269
2474
4849
4553
4414
4532
4626
407
3616
5985
1681
5212
7195
2439
877
3099
702
6289
1118
1652
1362
2390
4542
3558
1753
4141
7195
3674
1562
1055
3430
1290
1352
1189
1923
1621
323
6192
5112
7287
4193
7128
7387
6104
528
6482
7884
4714
71
4666
4478
3512
6456
153
7195
3462
5645
7025
1010
2069
676
3171
7771
2930
4149
512
1099
4013
3801
7505
3461
6689
4489
2030
6472
2787
4105
6364
1951
3630
3444
4957
7037
2200
3414
1685
1217
6082
626
2129
5892
5029
1492
201
312
7326
3211
7003
7875
3306
882
5096
2580
4006
2082
3324
6088
5047
1412
1760
6971
4667
6872
5596
6350
1963
2897
1475
7891
5445
7220
7625
3185
4034
6441
6219
888
3952
3934
7832
643
2508
2250
676
1421
2471
3234
4693
6967
1354
676
1842
296
7127
5347
1560
3337
5890
5676
151
4907
5294
1920
7515
2633
541
1999
6664
7500
3752
5742
5040
912
4909
1392
4622
3471
4284
3619
5164
4255
2833
3260
4303
6628
3528
3426
6532
321
4531
2568
264
1750
3412
5797
2465
364
6095
6705
5218
7083
4179
2813
1371
3698
4984
812
4020
6756
4633
7252
5172
4892
4450
5616
630
18
2311
5441
5349
1743
5062
1454
7586
4571
90
3196
2066
3321
340
4617
4828
2839
1267
2781
2553
5610
473
2026
6366
310
6934
1584
301
7420
488
3908
5085
1933
6321
7396
6134
2235
6734
1550
4461
4186
5646
1426
5912
5005
3667
234
3970
2
6062
2424
981
2904
1034
4232
5335
5412
2204
3677
5623
7513
5707
1050
1232
167
2780
4670
1114
5216
7582
7579
7673
5773
352
5031
6520
7043
509
2204
122
5486
1593
5256
5507
442
447
3743
7008
2551
4569
352
1517
5370
1771
1580
1688
4904
6108
4658
4508
4752
515
7615
5024
7121
4998
3384
4586
1077
1612
7438
7710
2694
665
1712
1461
3319
3671
7109
4236
4690
2481
2331
6274
1584
5712
6439
1833
3288
6703
1591
3852
7539
3374
3944
3111
7408
6748
6890
6747
4989
3800
4659
1955
4695
5882
3360
19
1823
5230
7238
4384
2007
5261
4889
6940
4644
892
7063
5882
2410
2946
6425
2788
7724
4468
7995
3165
5958
6005
89
7293
1924
260
7030
443
3960
2209
7855
6640
1314
7901
4318
1438
1576
6057
6759
330
7998
1090
6624
6984
2012
2519
1043
7860
982
3750
6073
7449
3524
7023
5684
2592
395
566
7774
6435
5681
4155
4317
1474
6821
5989
3185
3421
243
5263
3103
6047
7877
1809
1291
2509
4719
7691
7170
7290
1479
3367
2941
5142
4037
4956
5579
2592
6799
6672
3073
7745
3923
1296
3430
6275
6067
3459
4055
779
2091
579
2537
5091
6457
7431
339
6003
1442
2804
2966
3765
5657
3804
4221
3802
5722
6822
5858
7686
6530
372
3947
6048
4773
1138
1121
2743
490
6194
4665
2765
1058
2375
2484
4393
6743
1428
4755
171
304
3815
4120
2068
7640
3360
6749
902
1356
6942
5626
2917
6131
6454
2123
3499
438
6267
411
7117
379
1175
4237
5270
5803
2467
2042
7557
7323
3065
2788
2641
5438
6464
7345
5650
6120
4250
7804
896
2452
745
5251
700
4113
6818
2782
6236
2388
1818
2981
1185
6210
353
3450
6591
4224
5069
6389
7904
6829
6453
2213
5057
5235
2156
1465
6100
7674
5694
3820
1327
5855
5889
66
6488
3881
6407
4388
1162
922
7936
4930
7488
7149
3423
1795
5220
5074
7505
1129
7236
5834
5661
3195
7610
1812
7415
4112
2006
3418
4460
3411
425
981
4909
5243
3043
4772
3331
5398
6441
1897
5417
793
3570
5163
4557
1786
3579
7342
2504
1144
6244
2232
351
5885
7494
3708
1965
3282
6683
5390
7683
7614
2998
2515
5008
7560
6230
3119
7854
1772
3352
1565
7082
446
295
1793
2434
5111
7955
1909
994
3412
2906
7113
7567
7433
2228
1265
2615
5442
5107
5990
7196
3784
930
4022
1102
1800
3010
1126
5277
2914
3607
1072
1767
7954
1937
6868
5613
6752
2983
190
4616
6773
949
5777
7117
5196
5345
96
3239
7903
3915
631
408
3730
7031
5322
6553
1702
339
3385
12
1597
5964
4936
353
748
646
6169
255
5917
3493
2547
5790
6444
3673
250
5672
648
627
4490
4545
1757
5866
3802
6223
7611
5096
6867
2876
4645
150
7492
4572
4921
7713
3999
6618
4620
6870
4507
6407
1920
6957
2954
5498
5022
1996
7040
831
6277
5544
6321
3055
2864
5504
7380
438
2172
902
4938
2157
7680
2714
97
2957
879
648
1401
3628
6251
1529
2074
4657
1491
7689
3160
3288
2258
4872
5297
633
1351
4336
1456
3092
2944
4086
7162
5085
384
7559
5076
6801
2727
3455
3938
1595
6644
3649
2024
667
3931
3342
6198
3700
6796
3277
2960
2178
6178
3227
3398
4105
5003
1653
4777
5176
3649
2760
7029
881
2805
6259
322
3906
3807
2884
9
4738
1992
2893
4350
5879
244
5616
3001
822
2809
2075
7894
1971
4939
1676
5385
2716
5765
1690
1005
965
1605
5723
6983
2561
2991
3154
55
1475
7924
2958
7430
2401
4343
7659
2794
6104
584
7063
1047
6952
1867
7257
3110
6501
2408
4901
218
4310
6714
4320
291
7911
5242
4741
7990
4607
2668
3433
2147
26
323
6162
6009
7944
7407
6846
3076
4471
5390
1013
3339
2202
3951
1814
4290
1658
2266
7486
6637
7872
4938
7639
2601
4157
1478
5836
5433
2757
4813
7839
3435
7159
1902
5229
6132
3380
1425
4414
2914
1018
1174
7453
5709
3109
4211
4658
2145
4381
7685
4612
3234
5740
3746
5301
110
6982
2187
7455
4026
6676
4033
5135
6948
5444
6195
7040
7956
45
7546
4936
6796
519
7896
3009
4616
7363
7515
2293
4387
3632
3205
5373
1216
366
2365
7509
7111
1127
7443
5280
3951
475
3740
3150
1162
4122
7650
6893
5597
1275
3464
1767
1068
2315
3558
159
1736
5620
753
2583
5633
7781
5763
7472
4822
3342
3416
7975
1577
5584
5088
85
2640
7633
6197
4166
2622
1700
1545
4811
4532
3550
7272
689
1743
4829
3340
6419
7410
4048
7083
2797
6199
3899
5644
2912
3293
3445
1881
3712
6952
5920
5720
5100
7011
2322
4083
3082
57
279
4041
6132
1646
4515
5772
985
1396
5715
2753
5007
3568
4890
7324
5788
128
5827
7994
3747
1629
1090
7045
5074
5311
411
6754
6536
1298
7134
5730
6027
5087
701
5447
2046
5632
6873
3445
2989
7290
2177
4602
4568
3495
5739
6212
5862
7568
1114
7936
4215
1549
1370
7428
3878
5396
6347
750
5296
3345
1312
2104
6210
571
4310
7434
4191
4191
7692
3022
2053
1820
7695
7870
2487
6365
3251
6238
7024
3816
4643
2827
7533
53
6172
740
4997
4577
524
5550
1628
2640
6830
1844
7212
3544
4225
216
5861
3073
5740
5352
4747
4479
2871
4697
7915
520
4541
5385
2939
3326
4748
5106
3549
6536
4906
3941
4996
5185
4103
998
7096
2786
392
7210
1672
3304
93
2131
6865
318
4946
2176
3133
5279
7662
2559
3950
6825
4639
2958
2924
3218
5105
4457
1464
7994
5803
21
622
3690
2631
6123
651
6213
1581
7970
5031
1747
7664
2699
5927
6992
7803
7085
2038
1997
485
216
595
615
7223
5579
121
6928
3573
6705
4177
7455
2589
5400
5983
2412
6714
5584
4353
3649
3781
66
5796
1303
6651
1251
2703
442
2737
4266
4663
4125
7810
4490
3778
6047
1051
250
7243
432
4716
5552
905
1473
3
7657
4000
18
4780
663
3613
5283
1510
254
1024
5548
2670
1673
5624
6150
594
5498
6290
5619
1995
3280
6307
1784
2030
6024
5506
1746
4258
468
4955
6033
6237
2807
7249
6728
7759
4809
4571
6917
7453
268
7927
5652
6601
7558
6938
1382
1188
3791
4148
5010
579
3373
1218
696
270
7293
3610
3239
5457
5677
1959
6872
6030
546
1862
2680
3770
5423
2060
2392
5736
660
2596
1037
4315
2278
6740
5654
6315
5811
6918
2368
1009
1780
5984
4466
5699
2038
580
2477
1556
154
337
1937
974
6466
6877
2982
6923
1394
2789
3660
649
7020
6522
7871
271
4793
2409
1877
964
4414
521
3395
3294
1905
5538
3245
3188
746
3442
6118
4980
3537
2390
5016
4995
733
4930
6743
6537
6409
2530
6751
1401
5229
3432
1390
5716
3646
6742
5588
3451
6594
3461
5172
4924
5237
2652
4578
7058
1148
7886
5161
1890
6031
5278
3728
1055
5282
6691
2542
199
402
7217
1551
6785
2175
4526
3722
3055
4843
3726
4156
2268
1494
6182
4199
1375
5146
5634
2932
5232
4071
4186
3905
2581
1592
1798
7759
6575
5723
905
1714
3855
187
2185
3254
2035
2756
333
4298
3566
4602
6637
523
7165
4284
3594
2991
4438
1769
7394
5286
1515
5141
4805
5208
2862
3702
784
2767
2556
871
5867
3310
1601
2262
7703
2599
1540
6903
4838
3452
6904
2490
5852
6476
5461
2295
764
1135
3505
6822
3960
6483
3927
1037
165
4169
3724
5304
4545
163
4607
3961
895
5286
547
4692
5492
1111
5203
1457
2938
1668
1707
7308
1343
2816
5391
6596
6675
5480
1149
3431
5170
4164
7503
1701
879
4761
6513
7519
5412
7029
4598
1552
6353
268
5326
5135
3308
6896
622
5174
882
3446
4525
2281
7332
7917
2956
3088
7827
5816
3855
150
3314
6036
443
5732
3222
4773
5607
6982
3841
6547
3958
6037
7932
4554
5811
5165
4500
3398
4845
4458
2157
1668
5403
4479
2766
1406
7402
389
1681
3595
1716
4963
2453
5692
7573
2320
3892
6791
191
5740
4257
976
4780
4908
2424
3563
1186
6664
3726
5274
1344
73
5743
1511
6156
7413
5484
7192
1111
489
4040
77
3489
2138
4177
3392
4518
1431
6963
7004
7500
6428
7534
5002
2619
4237
3875
5572
6282
7749
2815
1476
4017
2489
2764
2671
3503
233
1930
2750
7235
115
1337
1528
1488
3395
3865
833
7348
1474
2751
3454
3356
2003
4879
2710
2743
2812
1475
4301
2893
2621
5660
3952
2592
7065
3817
450
6312
2425
7363
6502
4984
7391
5753
1520
6738
1369
2559
7349
2242
1157
3855
4466
1567
3546
5289
3057
2386
6496
1291
5048
3876
3026
3470
2777
3140
1748
3437
2285
7014
3582
4962
923
6586
2528
1728
102
6235
5349
7503
7594
6941
5707
7006
2452
954
5796
557
5242
3118
583
3318
5009
3417
3006
5761
1988
2615
5652
7626
5849
2143
7473
4021
4729
1434
2736
5585
3050
3462
2388
5460
1257
1828
1833
7470
4921
6965
2941
3450
5683
2186
1033
6414
2272
2155
1670
6576
5282
3662
5259
4340
2428
7497
6364
6894
5385
1740
6534
2446
6980
5188
4950
6249
2913
4417
6602
7985
4697
940
1394
1378
5365
639
4787
1272
3110
702
5775
1049
626
6175
374
4032
3544
490
1775
7144
4112
6429
2426
1093
3269
642
2152
3554
226
6834
5485
3691
5489
4893
7224
6857
3755
5761
692
2144
5170
2420
4771
4694
7345
4705
6240
3444
2235
1326
1360
20
7237
6802
2279
7245
3111
2735
3556
7409
5639
7272
2697
2095
1200
7989
7691
7591
1864
4943
2526
2307
1900
5460
3690
6133
5530
6350
7888
2928
5148
6654
2065
1439
3494
1512
5251
1764
1916
741
6590
7394
6630
3827
4692
5130
7712
168
5521
3162
7696
7904
7723
454
5307
5900
601
3806
6124
1002
381
2771
3855
5980
4237
3185
617
1842
3588
5014
3111
2956
4332
4366
4581
7146
7197
4795
3791
7081
1402
3465
1009
891
4651
295
5839
7937
5448
1258
7752
2189
2607
5451
5882
7329
1534
1794
6364
1094
7758
4198
1564
2758
5158
439
1533
5193
6106
263
5452
6047
7934
1300
4703
2190
4945
4628
6439
4137
6994
1750
5100
267
6025
3389
1673
2726
7189
4406
379
3340
4689
527
3544
7411
7748
3199
7278
4267
4721
4259
355
1701
2320
5293
6105
4769
2334
2962
7758
2610
5118
1549
3911
5488
953
7654
6111
697
4307
3023
5485
5908
4530
1480
4323
1202
7171
2285
3891
7319
4186
7949
6511
6768
4407
2235
4691
1692
3360
938
3540
6441
821
3611
316
6426
3517
6771
1004
5222
493
7364
3708
1105
153
7299
146
1739
2770
5359
5918
5471
2643
4125
6767
1339
3660
6406
5045
4383
5864
4628
3071
6945
6313
6917
5813
1395
3343
1791
1545
7019
1407
6602
2754
5319
3032
5436
5890
3383
815
2908
4552
4303
162
5631
3568
1579
1654
7357
7376
7654
4359
3211
5885
3904
933
7397
3711
2315
1685
4
5000
692
6618
5013
2479
3254
4083
4993
7043
7335
7009
458
1686
2720
3339
422
1154
1156
6388
1518
6319
3940
6776
7387
3211
1747
1608
444
1831
7461
5214
6317
2867
6259
2496
6978
348
7686
7056
1078
3882
2762
4924
3443
1409
5406
3136
3561
4852
5863
5157
4989
1549
5415
7604
7968
1390
7294
6497
1915
1817
7834
5364
7283
5800
3654
745
1425
5961
5964
4372
6631
543
5422
3274
1723
7685
6498
1799
5141
445
4550
1517
1250
3445
4957
3707
6126
681
1818
5589
7456
6861
3048
3076
7316
181
2277
231
3940
147
7502
3267
6257
7446
345
3142
2938
1176
6551
3296
5409
4807
206
7128
7058
5988
5287
7592
2852
6862
7960
1315
3004
5473
7366
2681
1192
7310
2375
736
2995
2834
5221
5637
3551
3189
5664
6972
6079
2939
1344
2087
3496
3776
531
199
3887
4939
2851
6024
2217
6817
1750
2233
3867
2555
4203
3388
6841
7574
544
4409
4859
989
6174
1327
6767
7756
7737
3380
6788
3475
2470
5137
6526
4012
6716
5578
389
6008
6514
5840
4537
881
2182
6127
499
4102
7942
604
3220
7388
2896
1964
4127
7900
3363
3198
7944
4895
1158
1855
2921
782
1199
1050
1084
838
792
2905
2761
3644
5287
3503
5082
2608
1673
7667
3836
6681
4733
4701
7691
3899
5321
1283
1634
5546
394
1393
487
3681
1835
6494
5238
1574
4356
1009
3971
7203
7297
1314
4208
5263
5219
1489
4948
7443
6646
3554
3958
4612
4954
7376
2932
6327
2091
2288
5865
2265
419
6939
4776
5902
2995
7241
6695
2786
4684
7916
896
7848
7144
4965
6326
604
3813
5991
3714
6891
4969
2088
1393
3072
710
1952
445
4452
5882
2791
6011
4355
4729
1856
9
882
3417
7790
392
1113
2845
1446
1355
2823
6346
3677
5548
612
1083
1371
4045
2008
3828
4592
7837
1626
5225
7939
4203
7644
5264
3573
5720
4543
959
2074
2906
1636
1424
6319
2013
5744
2118
3208
7352
7774
7283
3837
4751
1145
7849
4622
2845
7603
3661
6264
2608
6619
1364
1140
7599
1862
5263
486
6309
7457
4658
3374
6532
32
3517
1800
7122
1460
3043
6045
929
3610
6677
6711
6283
1186
1655
6433
3006
5080
6280
4028
6489
1927
1810
4271
7190
2974
510
5290
7680
407
3216
6086
1398
6721
1129
3510
7836
598
2514
7570
6487
5077
6621
6248
1020
6286
3049
3611
343
2888
4042
4026
5365
6431
5676
6857
4094
6533
6193
4981
1683
5612
1244
7347
4078
794
5189
6667
1681
5496
2507
320
7752
4315
1848
1711
803
6491
1964
6645
1718
3112
575
750
6675
2016
4122
4541
7237
5448
2596
6622
3694
1238
643
4703
5032
5024
2142
4306
1311
642
4977
6923
170
7658
1196
7568
3206
5378
1768
6904
3325
4534
1510
3454
6237
4110
6837
6519
7844
375
2518
4212
6994
3707
1956
977
5422
3803
6839
7979
1668
3936
2454
2543
5289
919
1800
1123
1333
7688
161
3830
1801
1093
6977
3963
3626
7391
4209
554
7633
7918
4515
7434
911
1970
3247
3521
3758
122
5912
6970
5518
6029
6921
4552
1669
266
2639
4934
5153
5011
6670
4628
6401
3810
7520
982
3950
3386
3390
4195
7755
2047
7084
5899
3399
6682
499
4695
834
5779
6502
4270
640
7473
3866
654
5422
507
509
2408
860
4553
3194
5988
4129
5462
5071
1925
6685
3521
6159
910
3107
5496
4065
2205
6112
4698
5785
5457
5904
7522
1992
6540
7225
5635
4837
1
7349
4097
3382
7050
6239
7996
4755
7674
6212
4710
1620
1008
2241
7808
6792
4187
6146
1136
3372
2993
6420
4043
42
5567
2897
6495
2320
1674
1477
3608
6709
450
4407
1392
5071
7476
2138
2587
3107
199
4871
3064
7296
4229
1035
1074
4613
2075
4896
3214
2142
7996
1187
3260
6327
6105
1652
1233
7640
911
3318
7527
3982
2178
7578
5254
5714
7182
4078
6079
4842
7233
5999
5220
7950
5276
6735
6955
7849
3011
1010
5326
6807
3711
7957
1531
69
5504
4694
4174
5621
2134
2052
3963
3863
2054
233
168
3586
2621
4695
982
419
1201
7972
4851
1974
1431
5509
3651
4372
45
1780
1792
6743
7562
7093
3553
2203
7458
252
56
3640
5738
4739
7732
2236
620
5447
2064
2426
4554
129
2861
4142
6324
3086
7050
6007
7144
7012
3845
4592
3620
918
6854
1068
603
7862
423
1064
6297
4621
4550
7745
5962
6511
6879
5922
4905
7055
4067
1877
4049
4086
5894
3520
3335
7719
5181
166
6716
4214
299
4362
6222
4873
2891
3008
4984
6664
3604
7232
5593
6711
655
6751
2675
1197
380
5448
6052
3961
4893
2115
7267
1644
6504
2973
4290
7149
4851
3574
6303
2771
4218
4305
4385
114
5837
760
7526
2021
1488
1102
7819
6203
3324
359
2357
1864
729
3907
7592
6126
5395
317
6537
7233
5209
86
6492
4461
6783
4571
7156
388
5390
4018
861
5808
2954
1403
3256
6055
4032
3928
2703
7088
3657
2772
3657
3163
2038
7945
3607
3473
6358
6368
1736
579
4385
1657
5735
2732
3178
3198
2961
3664
1304
1796
1470
3553
7730
2052
6660
4375
4954
1990
1046
2348
90
3042
5980
5783
3393
6595
39
7860
2293
6808
5742
4044
1127
4740
3559
1512
7159
6274
3399
7010
6588
2906
6810
5648
2110
7886
4765
5807
5185
5108
2155
5642
3931
5795
7919
5627
2531
5510
6576
4019
2334
637
3048
3264
319
1780
4123
1142
6739
2497
2279
4190
6067
7805
6218
4610
4921
3825
6941
46
7037
2592
4266
4047
87
5843
1323
5057
5504
2547
2350
7505
5591
2868
2010
343
7399
1440
936
3620
5313
2724
5402
7564
7330
6051
3174
594
2957
1509
7962
2948
3764
3833
4610
1934
2290
6304
5380
6780
5706
1675
2064
1341
7458
2658
3150
6886
4577
1521
5042
6643
191
5677
56
2876
5324
3004
834
6095
6991
5027
5660
4838
7173
7229
6956
6777
553
6368
6832
4539
655
7597
461
7083
6380
5508
3702
382
4819
2787
6756
3599
4619
6234
4163
3166
6622
1415
1761
2729
5217
3694
7376
2024
60
103
1133
2728
7364
6670
2315
3197
7974
7087
6129
7672
2505
4527
4001
7413
629
1506
1948
4690
2490
4183
4576
5795
6695
4757
5475
6710
2085
2232
5477
6389
7041
6558
1435
4509
3931
1405
6006
265
5776
705
4591
103
6553
3212
7045
1645
5977
5873
3032
3895
5550
5306
5586
6957
47
638
752
4284
5206
3385
875
132
1334
198
5263
6593
2825
7540
2401
7456
3380
1300
722
5573
1367
7254
1806
5445
6055
4416
104
2779
6613
678
6988
3958
3295
4906
7291
7242
4870
2894
6746
2357
6406
886
7677
1596
1717
7674
879
4802
114
2157
3212
47
3582
247
723
2104
7362
169
3416
426
7241
4092
5387
3558
7245
6643
2970
6017
7724
4532
465
4661
79
6888
5720
6581
5322
5259
3953
6664
2777
4767
6517
174
2812
1380
900
2464
6111
5825
3015
2951
5401
4302
4756
4871
5930
4559
6833
1246
6266
1273
7912
2311
1670
7694
3009
6462
4846
1331
6766
5668
1720
4334
2768
165
392
5916
48
6411
4148
1415
5379
2361
4485
2001
3920
1654
80
3704
3417
3503
3415
2003
4696
2358
5282
204
5293
4557
735
2417
4761
3516
5316
4790
6735
1174
7909
4072
6129
7174
5443
6569
5540
3714
5746
5513
768
7395
5743
6145
4524
1008
7750
3855
1658
7278
2128
2662
818
3682
6095
7796
2126
2535
2984
2028
3446
6512
4693
2389
2029
5319
1781
7853
169
6706
1865
1847
6480
6824
279
5649
6504
5495
2481
2603
2515
2172
86
5301
2818
3157
7377
2446
2619
1305
3180
7823
7110
1214
4613
1697
3655
3788
1030
2828
744
6653
2962
4994
873
2386
6335
219
4425
5930
7269
7758
2425
610
6422
2107
7794
1351
1367
2020
4704
664
60
6993
4768
13
3271
7850
5653
1946
6701
5836
1531
3334
364
1218
6620
6749
5933
6165
7237
6032
3732
5482
1236
7879
2338
5931
3000
3641
6760
4464
6565
2631
3207
7425
528
2439
3564
5322
5462
5033
68
3236
5117
7146
5297
3693
1040
7175
7862
4810
5321
1132
4260
1804
6854
2314
7815
1600
4620
4371
6511
4630
5103
7366
2322
3856
2712
6530
2119
6703
5482
396
2051
1130
4632
53
7246
418
736
5431
204
6710
6110
5043
7909
2079
2164
3535
3141
3698
5543
3488
4641
7340
3897
2442
2411
4925
6449
628
7911
7267
3475
6761
61
3078
2274
5136
6700
5349
4627
2876
7824
7842
6996
5606
4181
3029
7013
3267
2059
7203
1047
2387
187
7659
5481
655
6715
4330
3256
420
5014
7680
863
2725
5785
5174
6563
845
5959
4264
6704
6921
39
1683
6758
331
4777
7819
3760
7503
3009
7477
193
4890
720
4683
377
5744
7384
4454
2274
2614
7474
4585
5672
5554
2908
602
195
4398
4740
37
5233
1940
5079
463
4889
6062
1149
6131
7228
2329
3005
7096
515
6129
1828
7953
7738
6323
3186
780
6799
3240
1965
3296
6332
1282
4384
4846
5098
3170
3577
3756
4026
318
6240
7937
1885
941
6612
5196
4157
5108
653
353
2548
1896
570
1018
5082
6323
1442
7228
6912
2741
4988
17
4856
1995
7642
2350
6806
6301
4407
3701
43
6522
7001
423
3262
2012
2523
7291
5065
858
974
7760
241
3401
7737
2299
5859
1469
4243
3672
7257
6926
115
1481
4388
3289
47
5388
6046
2477
2239
4924
5083
523
3350
6833
7737
4780
339
2248
4493
1204
7792
5748
6348
4115
768
6934
5460
6979
2673
5909
4355
7933
3224
1581
5003
1880
2872
1499
371
7966
62
2466
1084
5908
