2229
7734
4798
4507
1866
4873
5766
4255
1769
4888
6680
895
7848
2583
4475
1936
3396
228
828
6495
7897
3933
6659
7980
1300
3065
1120
2816
1725
7992
4923
2146
7097
3874
2996
5723
1884
5929
6492
4443
1074
6272
1402
3379
2472
2504
1133
2345
1254
1282
3985
1428
6084
1577
4751
6229
3437
1055
3316
74
5192
979
4179
1595
3497
5901
4649
5630
3497
3996
4971
803
6339
2594
4100
3229
6658
5381
7497
755
4731
1530
7457
4094
2908
3561
2213
7888
5254
4743
2331
2393
1257
6684
4683
2892
5534
3951
3035
5314
2475
6594
7255
747
6912
7847
4880
4942
1136
5925
4618
3827
4310
131
1129
5361
4067
91
5369
2657
4687
6451
434
4374
1826
1485
592
4787
5250
4423
6570
1187
6384
5173
2548
5715
1947
2162
482
2453
3628
6237
330
7230
1694
1057
6431
3681
6407
4476
5042
2375
3805
5787
4127
3538
3064
6847
1387
7581
2959
1560
2958
372
2427
581
4693
1860
3291
1070
4099
7346
1287
2466
44
4304
5842
6997
7238
4379
3487
1803
485
1576
7090
6722
5063
966
5490
194
5846
7693
2093
7326
6656
1267
6826
4687
3449
5021
1928
4824
4074
4721
4487
7074
6882
5767
1597
6657
2507
5090
1251
4825
482
5949
7611
3024
1608
2867
773
6881
7037
6573
245
1492
5630
3187
4722
3615
5601
3833
5125
7760
1347
7655
7382
3785
1381
295
2558
3216
5283
4745
2719
1202
3463
6141
5920
454
5144
7513
5222
6079
7620
4618
7890
2682
963
7396
3854
7137
6844
282
3494
1851
6057
7008
7478
6695
6511
2275
2962
1807
4384
3941
5119
2228
2107
2269
6024
958
4208
7712
4308
4485
1221
2160
6315
3586
2497
2190
3642
4196
7609
4270
504
177
1464
2701
4184
3961
5038
4872
5580
2438
435
2663
6810
305
3642
7705
2453
5025
1298
1870
7932
793
1517
2174
7069
5579
3312
2001
1043
4521
5506
2007
5007
7505
5753
5788
5341
7482
1060
4613
7388
7683
4850
1145
2931
5623
299
3286
1587
2409
2773
3530
3495
5204
5129
4495
7737
7744
7812
7735
5974
6333
7006
7774
3673
2571
6364
1245
4657
5035
7339
2661
2446
1781
186
3697
7294
6965
2982
6786
5344
3746
2112
5643
4720
1708
3737
4732
6905
1079
4560
7719
4710
4799
6291
4176
7035
5161
3652
1580
3728
5979
4470
1160
4474
1514
908
4779
1658
2270
2091
1105
3907
5580
7999
126
2955
4047
2559
1901
3237
1340
5508
6811
7646
7027
1224
67
4148
5412
4898
3997
6655
4804
4639
1775
3782
4809
5637
5135
2556
5736
7958
1210
4931
1636
3997
6212
5986
7260
7894
5734
3299
3358
7917
1635
6522
381
7290
5035
5096
6189
6627
3766
861
5362
2106
5031
1426
7147
6872
632
6276
1128
2249
6566
78
7433
4962
4918
6806
7292
5474
715
3714
5066
6722
6899
1260
1293
7027
7360
5181
4235
2560
3552
6835
3168
5524
2410
7285
625
3445
3253
4542
2416
4923
2522
2657
2312
1903
675
4027
2057
842
3015
2078
587
7543
4764
3517
974
500
1854
4566
5966
4001
7635
3546
5957
5844
3964
6050
7336
4354
2551
1678
2300
7579
2093
834
3317
512
4696
2804
6314
5046
2764
906
2587
2169
4353
4800
1767
7773
4635
3956
3470
1171
4414
2282
180
797
6901
7663
2920
1483
6805
4819
5059
7884
442
7052
4722
7015
5814
1586
6679
2005
1062
4052
6355
3100
81
1149
6244
1846
4118
6889
7398
3577
3650
5992
1645
7637
2073
7731
6481
3295
3601
623
730
444
757
806
6765
7035
7790
2660
212
2395
1082
1112
2787
635
3538
1890
3725
2204
1092
6174
6776
5176
4788
4139
7046
1491
2682
5254
3768
4482
7787
370
5635
3119
1193
4838
4259
5318
5288
6849
3707
3975
1203
3559
4626
5950
528
3216
2803
2309
6576
3461
7519
3132
1192
4892
5055
4721
7486
1764
4026
5729
3028
6210
798
5263
2280
2456
4382
2256
1617
415
878
7611
3409
3329
2571
6987
7664
5955
3762
681
6338
3127
1443
377
6642
7484
3446
3480
7700
2631
2543
5605
7056
5970
236
7314
6343
7914
2458
2153
2586
2355
4295
7228
3580
2334
1291
7939
7589
5191
3734
6352
3606
7642
7267
2556
6877
136
2144
1170
723
5994
1024
2560
2187
2988
4729
4333
3922
6980
1664
7935
919
4512
962
47
5390
5543
6477
7709
6909
2854
5915
5811
4756
4906
673
141
2505
6273
6420
4546
5340
2361
2502
5817
1539
3063
6360
2711
7156
7850
3924
218
5584
862
1686
7306
1112
7763
6807
2890
5194
350
1952
7604
2961
5875
5007
1998
2623
7458
3213
3035
4465
2003
7908
6825
3710
3684
6065
471
2887
2899
4497
4956
350
3481
4401
2011
4259
6875
4818
7985
1598
3034
5768
224
7086
3209
5286
6703
5202
7420
7702
5002
1929
2187
7514
2231
2111
2324
6560
7400
7780
7891
390
1482
3104
3207
3500
412
4030
3475
6887
6054
1510
2578
4325
7250
4461
3751
2346
1730
7965
770
3176
1118
4935
4990
691
5601
1520
7835
1594
6753
7711
4065
232
3836
5364
6241
1103
3275
3152
5457
5572
7776
3738
4922
7479
2944
7362
5926
825
7397
6224
7822
4297
4260
3035
4467
5108
6259
3666
2600
4240
5902
5185
3635
3321
5009
6869
689
4611
5656
705
5952
7227
3246
1220
1032
4640
6613
2759
7469
1933
2919
7494
6847
1563
7106
5054
3607
4620
3698
5452
7788
4883
6129
1684
7763
2188
5095
3060
7621
6439
984
711
5808
7475
5238
458
831
1162
5646
4453
1294
3142
940
2308
4073
1981
6667
3745
2916
3415
7325
4003
82
3554
6783
1076
5696
6088
1449
7352
542
1025
6983
433
7999
6588
2213
4543
4826
3295
6456
811
6463
3222
2517
708
2658
1995
184
3554
3799
6591
4100
5427
2171
2785
5869
505
3523
88
2232
5804
6346
3697
3384
299
1378
621
233
2806
2182
1704
6529
100
3580
6240
1379
4649
6391
6694
201
6685
7250
7740
1228
5365
5479
1748
1185
721
3642
2013
5558
2713
7935
2680
3988
7022
4766
7253
5884
7953
2423
3260
2231
4841
4705
1277
2330
6798
1428
4065
6515
7658
6323
1988
4073
3269
2018
5068
3728
7794
5099
2424
3928
1613
6559
552
653
267
2948
614
2846
346
4218
7797
4169
5212
5804
7378
2360
5731
7981
4694
1427
572
2606
3489
781
7076
1229
3500
6120
4990
4646
6726
628
873
921
1985
2863
7640
7214
5978
4840
6475
4488
2718
7930
3121
3064
260
1486
7628
6014
2651
1748
3627
5014
6287
1627
2884
2094
5982
4976
2905
6464
2787
2342
2936
2209
1133
2198
1791
6916
1002
7667
1391
1743
6872
3844
4829
3157
1962
7437
7994
4454
2944
5676
3971
5478
3228
2381
2352
796
1188
4155
2928
7062
1478
6563
3580
4589
536
3233
1356
1684
7908
5037
4158
1369
5934
373
155
477
3660
1868
7468
5280
7244
1058
517
5793
114
6877
2739
3370
2330
3661
6276
7723
2105
3367
2910
4794
534
7124
1202
7316
5682
3363
7518
6226
6128
710
3803
1895
3118
2004
917
6803
4366
4518
4790
6594
2777
3214
1258
2767
2074
2047
1075
1524
5698
1080
5503
6395
7531
5351
6288
2647
719
429
4151
1100
5498
4118
2345
7866
7634
5379
3952
2378
7996
714
53
3259
1738
7662
381
2031
4069
34
7655
5173
6654
6525
2014
6574
7613
7821
640
5981
2559
5668
5231
979
1948
643
5519
7280
7864
2205
6921
7799
3235
6525
123
3261
7138
3485
5697
4591
2888
4565
3426
2882
1909
6772
3952
2861
107
2881
3339
2590
1083
4929
856
5217
4436
4443
1965
1307
5630
188
713
4419
721
7832
3751
7685
2740
7049
5544
2687
6412
2032
3131
536
7116
2884
2516
5341
6362
591
7683
7671
7383
5695
1220
7211
2856
3072
5073
5768
4567
5992
5161
6448
869
1869
6535
3812
3057
1426
6828
451
3590
469
5765
1928
1626
2840
3331
1562
3257
4147
2344
7394
202
1033
2241
5372
4214
7875
4908
7624
416
7813
438
7847
7184
1603
7109
6696
7940
3476
7958
3340
3748
2523
4898
4544
7011
1529
5419
7377
5743
202
4996
6141
3307
815
2055
4495
2760
2782
3209
5856
1636
7106
6416
3046
553
6683
3411
7435
1437
3188
3517
626
2267
4315
6382
60
3434
4281
3180
2036
116
799
5487
6300
3236
1491
5075
411
5574
1374
7738
7537
5957
4698
1206
7453
6810
2140
3660
1933
3066
54
7854
1028
6783
1898
3106
1676
296
1710
2450
1804
6650
7810
3122
2702
1509
2343
4778
394
4329
1869
6910
990
5126
3997
4472
1319
4387
2392
2375
6548
5297
7206
826
6783
5601
6070
1143
6184
1463
2539
3080
6551
5573
7499
4997
4733
4484
3444
2019
3454
7907
6383
4601
7026
7861
776
2961
6262
3847
6883
3733
4959
3427
142
3789
6234
4633
6180
4692
5830
878
815
7633
7630
3884
3873
2870
2104
2500
6850
7992
7082
3058
4392
3453
3048
2474
306
7490
1204
1266
1788
964
715
5186
7848
4645
2158
6071
6522
7595
7614
4910
6091
6466
3813
3884
5699
1848
621
3971
6733
5274
823
6969
7455
4837
2469
2153
2721
5575
2149
6249
2772
3198
236
4445
5891
1113
6095
7631
2585
5179
1399
2797
2870
3468
4763
880
5824
2530
4587
5573
7197
3409
4119
2708
7501
5869
2108
7314
107
4330
3357
2104
43
7762
6555
4832
1159
4729
7680
6817
6665
5312
3283
3740
6016
2493
5221
2441
2365
5413
820
2725
48
4390
6157
1953
3684
2654
6872
7182
6813
6987
5795
404
4738
1826
3194
809
5940
5798
6207
7696
5471
986
6222
4915
1405
5651
822
2588
3235
1474
4611
1007
6905
7129
1295
4006
7362
3276
5786
1152
766
4498
3787
2335
4114
2336
236
5191
7261
6712
107
4039
2075
4823
1685
1789
6643
3903
1887
152
2132
4944
1435
3525
3391
6164
2906
6829
3563
2730
3274
6866
7639
3702
3845
5194
2546
3695
1828
5965
49
3678
3844
1506
44
350
85
5915
4167
4050
1365
1173
7172
4888
7576
1314
2220
5614
888
7352
1056
6763
3855
1399
3292
2142
3208
438
3563
6272
2215
4952
2783
6965
6629
7384
84
5745
4594
385
4229
4747
1946
5288
4947
5022
6807
3538
390
22
124
3790
4123
5406
4405
1069
4473
4022
3485
1726
2094
1157
5458
5465
3391
5726
3230
3871
5782
5475
7240
110
5612
1676
7027
3440
1627
6242
1724
555
7363
6298
618
6792
3108
2790
6307
2801
2262
5736
5791
156
828
6861
4079
332
6267
6514
5702
5637
3817
2157
5868
3525
1902
3514
2389
4765
7742
5160
132
6327
2206
4707
2472
7797
7967
687
7648
808
5673
6842
4427
5490
4942
6606
7412
2871
165
3435
4866
7478
1012
7145
4974
3472
1514
6436
1644
5771
2686
125
5232
119
3092
6922
4800
6725
6697
799
1592
7589
1344
5142
3273
5327
6214
5883
2227
6261
2614
2795
1465
2391
2628
6296
5103
210
1813
3353
6129
4470
3976
1626
2010
2152
2857
2365
911
5041
5910
6269
6460
1248
2495
7037
1845
1897
3368
5754
3960
4514
7028
3986
7513
7367
5847
5798
7649
1790
247
4791
4400
7638
4689
2094
5751
5667
1412
5512
2983
3324
6163
4924
6008
4244
2819
7625
6920
7263
546
7184
6290
4052
7498
5515
5461
4799
1186
2369
1835
2589
2954
1314
433
34
1468
6282
5701
4675
4433
4704
36
5283
2484
2993
7140
4101
2293
1927
7056
6253
1995
1959
5535
1757
4373
1289
5559
3121
295
5399
438
5011
3062
4648
792
4642
349
6307
2438
5854
1317
2613
4543
2292
2613
139
5319
1851
2508
2523
6945
2615
2582
1113
3126
7411
2469
2246
1074
1300
7272
5866
6637
5731
3182
7948
2285
5121
684
7406
7786
270
358
5426
1477
7882
1320
5547
5070
3101
4440
7721
4982
5677
3251
7625
6227
7598
7151
7058
482
7272
5195
2023
2354
5511
3866
4142
3677
5350
878
6772
7633
3200
3611
7601
2317
5396
4371
7249
4324
7582
4883
5485
351
3132
971
5194
3062
6431
6260
7734
894
1280
7469
7968
6449
4280
2355
164
4768
7390
3021
1502
2656
7366
5076
1670
506
6244
2282
1692
5151
485
681
1480
2299
6718
7459
7541
4549
6022
2794
1935
5786
3238
4240
5579
412
7744
1
5441
2575
1936
5625
5216
6885
214
117
4402
7233
6667
2322
3560
3111
3027
1274
4449
3720
1615
3077
2721
2655
4758
6959
2028
2901
4911
5970
6196
2323
6209
899
3672
4351
7565
6175
7681
4439
124
3343
2177
3390
2452
4637
541
5982
7939
1643
6426
6846
1104
3996
5684
3403
1183
1541
5938
1195
7860
5456
7703
6004
2307
3003
5854
6652
5267
7204
2196
2554
921
7393
232
1787
2640
1810
7788
115
2013
7684
5286
4252
6598
1526
5392
3248
2989
3838
6289
1918
1120
4082
5810
7783
972
780
254
6541
2846
3410
5424
2639
3487
5777
4617
1426
657
4260
3206
2303
6168
6263
4978
3069
5694
1659
1191
2635
7575
6223
2635
240
4671
1804
7533
5094
2498
1188
1463
6106
5494
50
5695
4202
4693
5641
4319
5219
1183
487
6727
6351
1460
4070
6451
5787
3094
2217
5373
3448
4554
7373
7003
2534
5886
5725
6263
5357
7750
4330
5013
5460
5546
5853
2515
7041
259
2175
502
5019
5911
3467
5836
3886
6260
3581
7011
3945
5739
619
4153
2599
1130
1538
2881
4593
1340
3840
2829
3693
2974
2758
843
1923
4375
7014
6111
4037
7260
2495
7949
2077
6034
2761
3906
1540
4182
1214
3356
1298
4766
3370
1381
6574
4587
6520
6823
7489
7990
6350
4030
1873
7244
5317
6399
2019
425
178
3899
640
4122
2487
4024
598
6429
944
6949
4831
4164
2226
4859
7598
7796
7301
7854
4455
7054
4388
2772
5469
1847
6505
6638
1846
1222
1418
330
820
6394
4773
3490
5136
5748
6500
4836
1863
4026
7660
5664
6587
914
5912
1024
482
1510
3281
4680
6398
4473
5210
1457
4340
1786
4263
1848
3113
110
6268
5969
1350
1952
3880
8000
3983
7269
2617
324
2731
722
6381
7719
4068
1956
914
2502
3397
5106
4456
5357
3979
2246
2159
5536
1312
2091
476
1392
147
5042
4348
7890
6875
7760
3705
3307
2275
4527
7922
4278
188
380
1257
4018
7883
2383
6794
5445
3376
4896
6113
4541
4981
51
7283
4044
3798
1519
1470
1730
4120
5993
7738
5086
1869
3356
814
1807
4471
2555
3469
7068
1114
805
2428
1466
2638
1833
5476
3180
1741
4463
6761
468
4969
3855
6106
4044
4191
6909
7546
5577
582
2852
5034
3998
1049
5630
1037
6271
3414
4288
7636
2213
3701
1596
589
1919
4519
2181
6591
3924
3169
808
4650
5143
6177
1847
2312
1876
7021
4899
2471
3879
3314
5997
3315
4530
6227
2683
4912
681
755
2687
2262
2536
6835
523
7133
1727
5817
5504
5554
2293
7774
3200
621
6567
1356
7163
7249
5447
3844
5648
4844
5372
3506
6035
4783
2181
2326
3288
6310
4324
6192
1977
6914
6498
3649
1157
944
7490
382
5606
3345
7680
624
2611
5827
4676
3362
6329
3757
1297
1580
2223
1776
5043
3884
6227
3840
3352
698
6049
5612
7050
3611
1867
5705
5403
3226
633
2527
5997
832
4590
1279
1934
3131
1114
4064
5136
7685
5383
1369
7453
6070
605
6985
7681
1354
3209
5922
4919
7628
1564
4307
3732
1198
2402
1896
434
7855
4239
411
336
7203
79
6800
2930
2984
7476
7296
5553
7295
3469
1200
3792
298
7434
4064
1572
6511
5964
3728
2615
698
4234
2951
2084
1175
3220
1246
5773
5818
2599
6880
72
7137
5553
4296
4299
565
7433
6897
6369
6447
6047
3258
2045
5582
2986
2813
3377
5335
1196
4216
6035
2611
7552
4503
4151
2710
2161
6517
2358
99
1813
164
6524
5826
2722
7662
252
7427
6134
4342
6756
1624
6843
7985
290
7884
2001
6140
3013
4780
2859
4589
6039
6592
890
2765
6152
1532
4392
5924
7883
1066
1434
1108
1154
4651
3409
6800
1502
4641
5375
1939
2670
4805
454
546
137
779
7572
371
6781
4437
115
2170
159
5455
4627
7653
3607
1865
6346
983
7109
377
5811
806
5903
3659
746
2887
2453
6090
2572
3236
2890
4864
6631
828
670
5538
1558
4564
7595
2772
1635
7581
1438
2179
2236
3572
4453
2756
4860
5979
4001
7631
7673
5771
7408
3685
1667
5603
259
722
6759
710
3340
6182
4126
6857
6359
125
6096
5515
4994
2144
1548
404
2741
6310
317
7948
1684
2339
7888
7701
6359
4316
1907
2838
3554
4072
2512
17
6203
5947
2045
273
2090
1124
6437
3324
5655
5501
1862
1888
1263
3111
4226
3121
6517
5058
132
756
18
1886
3183
7165
221
4771
5919
904
1925
1717
7175
1333
6785
7368
450
4200
1078
6994
2349
6740
5987
3872
3571
1411
7938
3310
3823
2426
3325
7236
859
7849
7976
7873
1081
6690
1068
2170
7005
706
5463
7624
3273
5766
2886
4427
1150
5759
1723
5081
7257
3157
7673
6388
5521
5384
3951
4958
673
1781
794
5948
4082
2851
1809
7043
180
7486
687
5151
2660
5165
7054
1091
7123
3788
5463
1306
4223
7739
781
930
6319
6016
2511
5384
3640
4220
1040
3188
4365
3349
1893
3380
1901
895
5776
999
2474
3180
1343
2710
2250
7554
772
6148
7870
2567
5020
6338
2218
249
4048
6457
1198
2135
1531
3162
2140
4037
512
1363
4607
993
1466
5036
7411
6513
2886
7659
7813
6968
6429
4893
5160
5654
6948
6075
4337
699
6630
3960
7427
1832
3528
7119
4290
2979
4203
4742
3549
6769
2231
6015
7700
3107
3198
1734
4258
6284
6903
351
613
1269
4799
2979
7221
3941
7739
6869
402
7627
625
2252
2465
242
2318
1080
6375
7356
1127
6871
6222
3546
1268
2822
3976
1833
5618
3661
4007
2272
4493
1980
3328
3956
4141
1942
509
5
3942
6763
7288
7666
7412
2848
4632
7035
1223
1255
3806
5352
1652
6145
2204
6539
625
1216
1269
4753
7537
3846
5992
7834
1615
5924
5039
2195
5634
2326
5915
4624
5856
1380
5450
3484
2278
4409
5971
4560
3482
2651
2189
5404
424
3182
4396
1519
1159
1589
6790
772
5159
1289
661
4602
5606
538
1536
5553
1716
879
6076
3802
1447
7546
5523
6001
3453
864
617
6134
3014
954
5985
4478
4155
7205
1383
7842
2031
809
7961
5334
7944
6675
7796
1468
743
1115
234
6169
1099
10
4314
3281
2115
7267
7402
3688
1964
741
1785
7044
2476
5346
4926
5111
6397
7868
7043
366
90
644
1652
5941
3947
5511
1218
5587
3420
867
4489
4541
988
4070
4318
2113
6546
5787
6457
5347
2414
300
2558
7998
7464
2123
4602
4420
4151
3448
4926
7670
5295
494
4107
1241
3914
4587
6204
961
1745
5818
7372
6738
4873
7053
4676
1618
2825
4953
3352
3498
150
7593
4265
2137
3560
7899
4786
4975
976
7915
6111
3836
2048
5007
5301
2486
3497
397
3988
7856
649
4560
382
3204
496
7601
6941
6533
7186
6059
7328
1876
6292
2170
6489
474
934
51
3315
4709
562
6534
3057
527
5974
4135
4820
4212
6851
1907
6028
7533
1142
7643
1157
766
2767
5078
7384
101
6277
7862
6764
870
2373
6831
4647
5602
4416
407
7957
5645
797
4298
887
3206
5357
820
4204
314
3052
1017
4533
3910
1422
4464
3704
6739
4038
1582
3871
4049
115
3400
5207
6068
5847
31
582
3290
5901
1250
4213
4871
1892
1615
239
7188
2135
6837
5616
6053
1702
5947
1736
5561
1773
7953
3163
3117
3281
6004
4852
7537
4192
6654
4229
6581
3444
1319
4222
3557
4200
1085
3932
666
7801
4327
4109
2984
4022
7199
6410
6539
7141
1551
3839
1281
1390
7467
1152
7151
1678
4557
3064
6475
6825
826
3340
1901
2336
3338
6938
1242
6880
4686
7046
5617
3654
7631
1649
6749
6937
4418
4075
3121
7077
6891
7274
7089
6770
2436
1054
484
3038
4867
408
3925
2530
6486
7006
2950
1147
4379
1707
4457
3901
7763
6182
6050
2906
6531
114
103
7016
2447
3654
2399
1616
3734
1904
4987
3070
7039
5580
1535
5834
6530
7042
5165
6525
4387
6246
7595
3528
5293
3258
5512
4397
3146
4357
5885
7085
332
1076
5969
3468
4014
7009
6465
1204
771
307
3430
3015
3343
6827
2268
3326
2568
2189
3365
7202
3954
3797
2599
4974
3723
7823
56
6432
5542
3407
3155
6924
3504
5734
34
4425
2944
3009
4288
1072
4429
1243
1117
5249
998
3793
5931
5344
4785
3408
1433
1793
3636
5634
7761
3614
6237
1573
5972
4616
12
2377
865
3780
2681
5217
6881
4885
7504
6685
7227
5141
5201
5438
7059
7799
6658
5966
6449
7710
1810
2139
6431
2173
2009
4691
7811
126
739
951
945
872
6770
2522
854
7183
6877
2613
4982
2810
1114
563
3197
5749
2814
5713
6269
5774
251
7729
6234
5646
368
5894
1573
5947
7375
4397
1660
262
7959
3312
207
1232
6839
6446
2084
3240
810
5982
6210
6596
4920
7749
4519
1933
4499
1025
2913
3216
5478
1372
6959
5346
6845
7665
2740
3701
5245
4570
81
4699
6850
967
1404
5193
6603
2747
4912
3069
1039
5496
2549
1023
2955
5740
1649
6150
3537
7309
78
949
3904
7223
5270
5729
2222
2092
5420
5527
4083
7856
764
51
1244
5596
5798
4915
353
6467
1757
7512
4329
6511
2922
7562
1679
722
2839
3127
1173
3187
5366
6660
6834
379
2032
7419
4447
361
3218
2792
2550
2582
6086
6432
2097
6473
4748
4023
6297
7386
5137
7485
7256
7378
4445
4726
4217
6741
743
4253
4264
4112
306
3152
5247
1340
1468
6828
3623
3551
1951
2226
759
1703
3837
4647
6666
4184
2635
7832
6209
109
1587
4336
7580
7292
7695
834
2755
1264
1895
3450
4948
7105
3043
6923
7624
5122
4640
5501
1789
3234
7529
3606
2175
6588
4481
3219
3590
5011
4489
1595
3673
5312
4475
2283
692
7345
150
3415
4250
4577
5076
3904
4494
1557
4421
6303
666
231
3001
7030
924
4586
678
6846
3654
5526
6898
721
5276
556
323
5312
6467
5839
4826
2490
337
7982
7617
1607
913
2819
7535
2825
2337
965
7382
5351
7756
427
592
2630
2666
6848
3176
1371
1262
7512
6268
7101
5731
455
1428
1625
4788
1541
1209
3585
7407
4273
4213
7811
7389
764
7942
5306
5354
7195
4263
2034
1870
7713
3818
3551
6340
2114
2241
6196
6016
4595
3916
3956
4057
4761
6765
3124
4587
4975
7641
7314
3456
5068
1525
7041
6190
1889
3607
6516
5378
7390
1624
2025
7567
6138
6101
2753
7047
4587
1959
5887
3591
3628
6282
7594
2410
6696
2590
4367
6799
4501
7118
580
2351
5919
4325
2111
193
2880
3317
1912
7142
4328
5604
2796
5870
1793
3485
3476
5464
5526
1064
5522
6767
5227
1501
2
7462
451
1037
7859
6389
598
1727
4007
3095
229
4009
1305
4905
3029
2508
3515
771
7190
5072
4007
3889
1259
3413
84
884
4610
5959
3205
6360
4404
6954
1150
2422
6025
4061
1394
5348
5508
4653
3987
441
5153
5203
3485
4734
7610
1473
3370
4506
4751
2483
7312
5856
7684
3796
4450
7468
2217
4774
898
7130
196
11
6367
7279
6281
7686
2304
1829
7561
4170
2754
7498
6860
4889
6728
4811
3404
1461
7542
1517
80
3205
6330
7331
7815
412
6293
6229
7159
4635
2040
2812
1411
5799
5158
6545
4214
2865
1614
450
1462
2717
7162
3170
119
3583
6672
2090
5617
899
1882
6507
5365
1188
5248
5821
2273
837
6988
2942
5071
1166
6273
4041
1107
6814
2749
4990
2876
7245
2199
5396
7653
3975
3629
6460
7723
4265
1781
6682
7250
4081
6944
5425
489
2073
2370
4117
3936
940
2407
7514
341
6517
4476
779
2986
7859
4338
4852
1804
3397
3758
7038
884
126
684
1900
510
5291
5647
1475
3361
7187
7649
1828
5953
3010
6878
3311
2304
2510
6183
827
5307
3279
6925
3415
1078
6194
5231
5677
5006
1285
2778
498
2733
5647
5743
2684
983
3787
4663
4950
1036
3501
2932
4832
990
2532
580
4060
5645
7836
2617
1772
1095
3852
1979
3401
5498
5469
1367
1801
7874
871
3306
4505
218
2696
3579
4249
5688
2465
1896
4852
6284
6204
3922
7983
5312
7667
5699
47
436
5121
4390
7855
4112
5140
1496
7787
3761
2978
5018
7569
3225
1990
4872
4841
1178
550
7582
3373
4411
2001
2740
5225
4632
2257
7088
1834
508
3595
5163
2347
2113
1733
297
1794
2974
5374
6003
3800
3687
17
3405
5626
582
5991
7757
6008
489
4608
6031
5052
908
3098
1011
4888
4013
1303
5092
3462
962
4457
1356
1356
6729
5491
6828
1622
5323
2161
3042
7845
4799
2790
604
4476
1166
2904
5564
6951
391
3263
2783
4792
4180
7325
3957
6239
451
7472
6830
3386
4884
1732
3842
4168
7422
923
2001
1258
4722
7383
4598
1391
3360
1502
7213
6364
6262
840
7677
71
7727
6562
1751
2417
120
6903
606
1671
7552
6230
4808
3917
6299
7733
354
289
843
1875
4943
5452
24
3356
3428
4785
681
4746
6432
7315
2123
5967
1734
276
7283
1984
2473
305
4768
6599
3702
5416
2988
732
261
6789
7812
5515
6831
7920
3014
52
3972
1912
4291
7653
5928
2912
7117
7141
1042
557
3521
6073
3659
7711
4325
170
4297
2606
3580
4931
6731
3762
7420
2314
1795
1692
626
5448
2818
7375
3424
6071
6145
3571
5289
6303
7749
6868
3630
2898
422
2959
163
2620
2659
5958
2611
4410
2067
3696
7007
2709
7061
2697
3451
5776
2576
4685
7540
3570
6266
2745
2305
3061
7513
2822
21
2793
1961
3660
1319
7251
2694
457
3666
6758
1961
6319
905
7106
1250
7032
7581
1256
4298
7806
4449
2377
1738
1975
4017
5018
679
5829
5664
1101
4553
5695
2241
4546
5967
4469
6688
4807
1714
7310
1560
618
4196
6749
7548
7043
1787
2534
5208
1735
1023
871
6208
5019
314
626
4816
5376
4780
3716
194
6725
7467
4861
6735
1155
7765
4463
6646
6276
1383
649
2084
4882
2971
1771
6646
6661
2748
4842
5594
2707
2227
1904
1275
1222
1074
7177
6135
3057
2894
4141
2457
1494
5823
7136
4689
3465
6345
292
5079
3558
3935
5200
587
1068
6916
7344
5010
6470
2514
7740
5311
6593
5491
6412
1895
957
6501
3178
2917
4573
1157
1904
4861
3316
4568
7443
6212
287
4276
5463
3671
1375
288
1542
2829
3662
7610
5763
1228
2921
7282
1886
2968
4079
5988
2996
109
7844
3597
4404
6972
4713
4034
5405
4216
6529
7021
4996
7300
2475
2796
5168
1448
3235
964
1989
2133
7523
4659
6795
4654
2617
427
1430
7325
3402
1273
2813
2101
283
4398
1346
4787
561
7648
3820
1582
266
5476
7687
5394
7062
6475
2195
4293
2050
4796
2113
4868
601
1613
2298
6062
6603
5887
623
5210
4562
2862
5809
3616
4470
3618
4163
1575
7139
4874
2787
1499
3432
5438
2260
5621
3262
6736
7212
6597
3132
2980
1450
3314
4413
6136
7313
4362
4092
5981
2334
7866
948
1050
840
454
3860
3308
4075
7628
2379
7445
6826
849
4149
1951
5200
2482
7475
6897
1593
975
1040
5686
7350
5436
32
526
3612
6433
6347
5159
2032
4264
4670
6372
1346
2191
6053
2580
2856
390
5181
7014
3302
6640
7606
5831
4183
3415
2778
3733
2364
5192
2094
2319
4246
6581
5878
2970
4270
6443
3406
3756
2684
3327
6920
3417
7942
474
370
6327
7148
385
5678
5743
1345
543
7189
4718
3970
6178
5458
6494
1406
7809
6284
7015
7723
6458
6565
7137
4095
3519
7647
6370
1291
459
4793
7794
3285
1668
242
169
849
2234
6864
3201
5257
1406
5828
3766
6674
7586
5815
4600
3186
515
6675
5502
3395
2106
6279
1733
4099
4995
2331
1212
7080
7601
5840
7858
5737
5286
5433
2215
6032
7205
5736
2937
1023
2657
349
5147
5568
3528
7379
5160
7194
4507
2684
5137
3139
2449
4906
2851
2590
1102
5998
6895
6782
629
4406
1044
104
7945
955
7554
3189
3752
484
233
4684
4392
3539
5229
2675
5348
6458
2207
7362
7620
3819
5040
1986
5818
4704
1532
181
4148
1802
2391
7643
928
4611
2865
4709
3498
4475
4807
4015
3720
3646
5505
7130
3309
7268
1668
6922
6541
2001
3193
6870
7664
3431
6714
7578
2145
7008
6139
1226
6375
276
6978
3452
6189
5551
6311
2797
7885
2410
5995
5912
3627
5994
6309
2503
4088
3492
7483
6649
5882
3166
4609
2701
2905
724
1293
5486
5903
4151
4286
2372
3903
2155
3495
1059
4992
4609
7959
79
6835
976
881
5942
930
528
1397
2918
7644
5229
506
7265
1058
3122
7594
3912
4211
3108
5964
3980
4312
1849
6748
1956
2036
7738
3691
3043
3417
6073
5312
6100
6564
3553
7652
698
5683
6217
6588
2427
4148
6745
680
891
2969
246
891
2075
938
6052
3606
7214
3384
7145
189
2781
3316
2780
1777
5337
1153
1306
2271
608
1272
253
2000
6546
5730
4689
497
3975
3876
2164
2488
1424
4993
3846
4009
2964
6732
3512
560
7975
1657
291
2579
5722
978
2322
3180
4263
6620
1280
5327
6828
1045
2475
1231
3672
6589
7115
3496
4147
3738
3857
3099
2932
2165
5928
4484
7040
7531
1040
500
112
3745
1881
7941
4992
3372
7594
7259
14
595
4641
3561
1148
5402
2868
6672
5191
6196
4485
1490
1092
4937
1760
5303
7433
6297
6166
4983
3359
7964
2099
2775
1589
3412
6436
4178
3355
1818
7827
2095
5004
3119
6333
2371
3899
1648
1521
1602
6497
1556
7703
190
5084
3687
7285
5638
7716
4728
7432
6040
