524
2413
7953
7182
716
7687
2308
1986
7177
3466
3615
5169
5009
3757
3351
6026
6847
476
2650
6315
7545
4638
7900
305
1280
4393
75
327
1371
3669
4404
1221
7322
3163
1574
6807
3743
3943
1312
986
6140
6804
6335
5862
2868
2827
6833
4771
5775
3553
3798
7872
651
3585
5394
7662
1288
67
3654
1538
2375
5362
3584
218
7828
2338
1399
2138
4088
7260
2110
2469
7165
7095
2178
4202
6778
6193
6864
5390
7421
2125
7973
4501
121
4609
1362
2950
1518
689
25
2477
1002
7072
3112
7818
2141
5290
4610
27
7108
2073
201
3271
852
5317
1184
6246
3745
4817
1743
7752
4554
445
1403
2749
2374
2441
118
7008
7538
5354
2200
3880
1376
6637
3792
3356
6571
4640
68
5769
1672
7923
7879
4690
3395
5477
1010
5866
2957
3865
1591
608
4514
1117
4058
7466
7620
2821
6784
7712
5778
6639
3020
1833
6530
6204
6565
4157
2880
1206
5083
4506
1867
3270
3100
3692
3394
5889
1414
5471
7921
1062
2516
7311
7542
7229
1310
3133
7257
7807
4557
1669
7702
3816
4026
3824
2668
7514
629
7207
7470
6812
6327
486
5774
5865
6188
3730
429
5967
4327
1868
2594
3406
3227
5445
6364
5279
2969
4402
4173
178
7811
4532
5658
6514
899
4949
2341
1531
2739
7137
355
4893
4544
4357
6520
4173
7905
1672
4098
601
969
584
6419
953
1021
5970
196
2909
7401
614
3726
3732
2789
3604
2435
4273
5487
4917
3016
1269
2758
98
94
2995
7345
6265
5760
1518
52
7178
6035
2094
4361
6013
2723
3389
3378
1510
252
6098
6135
6100
1622
5383
2823
1752
5790
4251
5670
2082
7444
2721
4426
7872
2872
815
7622
676
5223
4142
3706
193
1165
3711
40
2274
3826
2147
5299
1967
5313
7023
643
7167
5412
6536
5016
6200
3625
6942
1084
1454
6342
7432
1881
1228
2721
4231
1338
2334
715
7022
5706
4798
2061
1437
5814
2135
20
5512
4006
6236
5883
6952
4511
6714
6845
5895
2122
7103
4237
5039
2599
2973
4936
5572
4039
4089
2619
6097
3355
2262
6995
6791
4317
6337
4223
6947
5178
6037
6030
2166
2983
3839
1094
245
3911
4322
3185
2107
1948
201
5751
2914
7659
5176
5003
1143
7048
2227
1885
5233
6341
2670
2559
3387
5909
260
7995
4432
6015
5228
7897
2807
1178
1869
5610
3055
4872
6489
1998
3219
4113
7268
4636
2409
6656
7731
3666
3283
6727
5942
3170
1110
1150
5754
1049
656
1047
5600
4704
3880
590
7153
7305
7195
116
5058
3453
3873
6922
4865
7714
2236
2302
2595
1160
4295
3862
367
4284
163
5869
1922
6531
4203
6049
4792
1642
3102
3150
6404
5007
411
7865
1878
6732
3817
4769
1242
7706
5802
3180
6237
3487
7244
7385
2623
7627
2773
7951
1295
1839
5378
7827
6152
170
3063
4663
7066
4624
3772
4190
1123
4317
498
1129
3059
1966
5639
4788
1137
3250
2774
2986
705
4519
3155
1892
7622
2082
5321
7290
3771
3637
811
3263
3214
7463
2677
620
4446
3279
5139
440
3438
3585
1906
4128
3853
877
4348
2880
7251
2316
2233
1886
7879
1218
1574
7128
5173
3429
721
3935
4890
2751
5571
2620
4500
1400
4653
4308
1209
3594
3246
7396
4472
647
2071
41
1678
7415
3882
7073
998
707
997
1533
319
1890
4670
6840
5194
5238
4440
7381
3650
2208
5667
6314
863
2249
7016
7169
1546
7602
7700
536
942
5716
7407
6393
2413
5320
3759
3153
838
3451
256
7799
492
3485
425
5555
3538
7613
1176
1233
2856
5137
2120
4478
1128
2505
5721
2837
193
360
1226
512
4939
3851
7131
5913
6356
7657
4634
2670
5990
3217
546
2911
3367
2055
1781
4690
710
1494
117
6020
7601
2088
4467
2729
2370
5556
407
1538
1207
2027
845
6047
3080
1699
7975
6498
2215
4365
7209
2795
2289
3724
2871
2118
5917
6037
2416
978
4642
6461
3209
2884
3651
6589
6594
7400
3072
790
6432
7691
2590
3219
5914
2997
2124
4128
6589
3791
7577
1576
1430
4287
2671
6540
6520
6102
3894
4167
5333
1946
139
5374
4029
7857
2696
3543
2324
412
2917
6894
6620
2358
3843
7328
4519
7460
2103
7802
5768
3518
1791
6401
130
6086
1148
4483
6836
7557
6619
2399
78
2572
3252
2088
3166
3418
5476
2396
411
7618
5777
3787
3711
3942
7013
6791
7636
3835
7331
3130
2425
169
5032
5800
458
2294
7110
3109
6048
503
2748
3347
6232
1798
5031
5302
2005
2882
1371
209
5931
1742
6535
1771
6120
272
5570
6870
7774
4833
4024
7116
5428
4141
6174
2736
4839
1910
5126
7683
5517
7508
7495
6556
2922
1584
375
828
3485
1009
7193
5751
2423
2411
2627
1972
3602
7517
4635
566
1497
54
3478
844
7360
2888
6620
5181
4079
3994
301
7936
1585
3487
4675
7449
6736
92
1629
7783
2383
6061
5865
7929
5593
3232
845
7623
4814
2170
5654
1128
7491
1248
6209
3152
4647
6283
6199
1569
4893
6632
2696
1162
2772
4126
5660
4043
4632
7157
5569
5520
2765
705
7665
2786
6288
4204
6427
7498
1718
40
3955
5449
354
6812
6633
4426
2959
921
6363
4156
2268
6620
1920
7737
3941
5439
2289
6908
174
2389
4298
2358
5744
5549
5623
1692
6382
394
7764
4
7794
1453
6147
5526
2611
1925
2341
1532
2625
5807
6414
152
4768
3794
1480
2047
7751
3785
6577
4053
1658
2753
2268
4201
1232
2920
1627
7763
1182
1018
3029
5840
5790
4143
785
628
4753
7717
5147
7538
7284
2728
3033
3620
4353
2632
4065
909
2996
177
6864
5969
6199
6502
304
4180
1893
3316
1416
1296
3764
1898
3167
6864
1307
7229
5491
6674
1064
524
7247
856
448
3213
7451
2980
2572
5149
4733
3272
4660
5968
3618
1025
6214
6348
1083
2248
4969
322
7363
4975
6367
360
238
3772
290
7595
7017
612
3
3686
6684
525
1381
2918
5381
6438
4952
5141
594
2116
1302
7162
6993
4959
3047
1731
1518
3949
2652
6533
5880
514
4962
543
7753
1064
2029
4121
5947
275
5675
3719
7436
2382
2287
1498
494
2192
4719
2813
4611
2904
449
5290
1724
2573
7873
2084
2454
3920
727
4331
2602
4076
2494
1910
2607
604
2984
1919
7063
4569
556
6307
2548
6150
6538
5823
5197
5275
2002
6468
4607
1843
1546
7925
3264
3118
193
3821
1651
5371
3963
1547
7746
5227
1544
141
2899
6303
6339
5338
3837
5401
4028
6561
1629
3352
1773
274
3838
654
4575
1894
4054
4978
716
7221
7435
4920
634
6260
6627
3581
1016
2579
3082
6658
5109
3251
5864
5166
1591
3635
3152
5510
3816
7121
1168
823
2283
984
3954
5547
1193
1538
1813
3482
3239
4502
5286
1617
4382
506
2427
461
2457
4606
2583
2086
4576
7824
753
7368
5787
1993
4567
2620
5770
486
2767
2273
2900
2835
1041
1304
1566
2488
640
3566
6161
677
4711
4849
7015
7938
6743
7177
4507
1410
5177
5122
7768
4654
1922
4825
6775
1815
2171
5193
518
3552
2353
203
3341
6275
7620
6617
6624
5967
5921
5174
3704
7213
1736
1873
3644
1503
796
3142
3120
2075
7209
5462
5642
4091
5208
4757
64
1569
6059
7879
879
5152
2155
4326
4891
5833
241
6355
2130
3387
3477
367
5077
2799
6997
3432
1481
6212
4440
951
1605
323
1117
2985
1706
1495
6873
3499
2222
2016
5130
2381
4915
2747
877
5982
4414
1915
5823
1748
589
7533
5410
2622
6056
1673
2987
3148
1292
1098
7222
5963
1535
5952
190
721
254
4965
3668
1030
7964
7749
113
3719
4681
4408
598
5625
684
1685
6511
5548
6460
7768
1847
1579
1432
6504
126
3485
7658
2716
7111
17
2579
6719
3024
200
6652
2396
3485
6708
4382
2492
1244
3111
7316
1221
123
2943
7896
1693
3120
7714
5594
2217
4993
7577
2346
3540
6906
7067
5610
4806
6293
531
5330
27
2435
2919
5769
2704
890
5257
6946
4428
7967
6302
7103
3805
2350
6845
604
7721
2347
4209
1951
4052
806
3223
845
5669
7924
4485
2539
4433
6117
1961
4814
1365
1453
6643
2537
1945
7429
5600
2556
6486
6597
802
3223
6437
2043
2592
777
4619
5125
2789
3802
1537
1619
1314
492
719
476
3887
1913
4219
5053
5944
3784
5654
7928
2980
82
1916
1241
5182
6876
1400
160
3467
2157
4587
2786
7028
4168
3434
5860
4051
235
5228
457
4727
5057
1742
4090
2168
1350
1438
5093
3814
7617
6698
3146
655
5386
5029
7841
7390
232
989
2942
4837
175
4235
6954
5740
6716
3269
157
5031
1539
3450
20
4622
4916
4032
2331
6099
7362
5923
2695
2552
5468
4021
92
4924
6166
2640
6053
448
744
6451
6521
4528
4308
2648
591
6921
313
479
4473
1697
6434
7750
422
1576
5487
4720
7988
7978
5235
1693
7859
223
7289
5206
4327
1350
3043
7527
2243
6366
2526
3638
3273
5275
4323
7696
3974
6409
6555
671
2361
2911
5691
6069
1870
2526
707
5938
6397
5474
6126
7867
5968
2988
2468
4571
2369
7949
6375
3679
936
6951
3895
5206
6089
6894
7139
4242
3871
457
7050
1841
294
595
6887
6552
4799
268
6158
1598
7595
7040
7738
4199
1805
4302
5206
6167
2467
1057
542
6805
4136
5113
6952
6020
5691
2577
2486
970
412
5037
217
718
5336
3156
1250
3997
6457
5624
4251
6992
2262
3224
1703
4376
6369
2953
1494
6535
3049
6678
6195
5058
6940
5346
3398
3504
7024
3189
6193
6625
6877
1247
7540
6243
6560
1169
235
1906
851
6051
5600
457
609
918
1304
5435
24
2817
3229
3380
7888
7065
4182
862
3146
4526
3734
6734
513
196
7204
5988
4754
6381
1974
7323
4419
595
429
7110
5018
5387
4387
7473
6179
6834
3855
2374
2891
4880
3527
7788
7831
5284
7855
5082
3751
7126
829
5823
6045
5686
4520
4225
1946
3524
4395
1966
4363
326
5214
2948
4946
1147
3448
3946
7349
7704
1853
6609
7571
4025
4149
7618
1026
7843
759
6869
7067
7649
6847
3796
7679
4915
7706
2122
342
7486
6035
6251
6339
2749
2815
3234
4557
6008
3236
346
6708
6361
7254
368
3990
6276
6214
6249
3033
7219
1064
4794
6607
3049
4651
7592
775
7900
1510
4186
5901
1065
7828
7728
5280
244
4106
5799
846
7862
490
551
6241
5701
7276
3352
7810
5357
17
761
7705
7339
6122
5322
1106
2995
3243
6197
337
7961
2927
4586
3400
4712
7116
6618
5262
6759
3553
6702
2029
4053
7365
7763
2435
7837
44
6520
2122
5490
7066
4905
1130
7864
75
7776
6436
3455
7333
684
1168
1691
4351
3816
1461
1774
6866
4510
3839
139
5541
2152
3374
1489
7250
2142
1528
1258
6077
7746
457
900
86
7703
2736
3320
1865
1371
432
6141
130
4972
460
4322
6648
6889
4616
6883
7895
737
2020
6805
529
131
5954
2663
4341
7776
2796
1822
6377
650
1367
5012
7937
2489
3502
5324
5908
5110
13
3728
5210
7527
7297
171
3357
5067
2445
1752
1947
5408
668
3403
4953
731
2130
7297
4616
2170
4601
5572
2730
328
5747
2578
5433
2189
5513
928
2605
6514
1249
7550
7599
5
2281
7654
5817
6959
5562
1878
2452
558
4261
2407
4451
1024
5423
1198
2309
7450
3477
2939
4418
5206
6481
7304
2192
7470
5952
7474
2892
5383
1907
1054
2647
5495
1028
7430
1966
4221
4949
3033
1935
7862
6518
2582
7502
3745
4667
7707
59
4148
1896
2802
7979
1787
459
321
5211
3134
4401
7672
3268
3768
7892
1251
5770
1800
7849
7925
7527
3295
1781
3657
6424
2927
6487
5579
546
2828
4988
3160
4221
7439
6591
1064
6078
5783
3575
778
1344
1382
3887
6778
2662
6563
2609
7791
2995
1899
790
1523
5927
4388
4957
843
201
7644
5707
3415
5815
904
7587
6525
7266
3782
2057
3632
7585
964
7342
4489
2695
646
1051
4799
2669
7931
4084
4702
2315
7855
84
4243
4667
1767
4464
3989
6037
1990
2494
2214
5744
229
3566
7228
2319
7263
3326
7437
98
3346
7974
3378
7412
7561
7500
1072
7112
4682
332
2851
5577
282
986
7480
2365
5841
4070
7345
5008
4615
5564
3563
4270
4323
1852
4816
2845
3672
2120
4755
3313
5917
7128
2739
4028
1048
5538
4204
1396
7662
3342
196
3872
675
5517
884
1286
7859
6836
5485
3031
4506
9
2368
4426
2301
6970
3800
3274
4821
3544
1493
1336
2126
5991
1148
2522
7475
1218
1742
4860
6122
349
7601
7381
3598
2976
46
7944
1771
2903
7959
3290
5226
1142
3061
5721
1047
6162
3953
5798
1238
4480
3780
709
2035
6997
5452
487
566
5662
2964
5920
2911
5884
2084
5987
6591
2727
6156
4544
804
3321
7338
6017
6060
5526
3662
4768
6666
2039
3130
651
3715
2165
2738
5751
1564
503
427
2522
7483
4064
5326
1191
1578
5891
4131
413
4082
4074
7485
7975
5081
3046
6397
7164
7923
7092
5163
545
2975
2831
1463
3874
705
7440
1352
4497
2706
4693
2463
5273
1499
3673
633
7545
3562
6181
3192
1661
2482
3315
6048
2268
1465
3664
1155
252
1117
2649
5186
2587
691
6792
100
1395
6414
4089
4824
7586
96
1350
49
5848
2831
1235
2369
6095
4319
1308
4952
392
4184
2391
7811
4414
7262
7307
5979
3859
2989
1234
3345
2632
4623
2198
1241
3603
2606
718
5544
2192
6682
7285
5916
6734
5649
6821
7162
5347
1418
4087
4418
4277
2503
6302
2949
6143
2244
6128
5656
5176
557
6569
6598
3526
3229
2089
21
233
7882
2684
5406
628
5242
2230
838
5727
7087
2591
4360
1601
823
7668
5366
3548
1259
5172
4578
1179
2944
832
4107
1464
3977
2014
5817
5938
2332
3338
6453
1298
5617
4924
4466
1152
3367
7456
4992
7989
1904
5658
5915
6512
4045
2553
2304
3334
5111
5029
2823
468
445
7431
5023
1315
1590
5506
2800
1752
5174
2581
1312
5199
6305
6473
7091
891
2628
1721
6779
1123
4167
2378
6382
2193
498
815
7503
1810
5107
2676
4967
6276
3121
1476
7940
3137
6974
4105
1349
7984
6498
1158
6411
7138
770
5956
6735
6954
4506
7119
7327
2756
2204
6345
5536
6554
3007
2379
2855
707
2522
1921
3973
6031
5672
4219
4953
4951
2417
3127
3091
1973
5266
2129
6543
1043
2557
1649
6403
1688
130
1580
2440
5805
1908
4501
3457
4236
7471
2576
2837
7059
1042
7107
473
622
1930
4679
4671
380
6865
5698
7808
951
2143
4300
5644
3936
2821
6528
2108
297
2771
3858
5389
1681
2982
401
5062
2089
631
52
5499
3070
6373
5535
2660
7670
4885
1272
210
7636
7304
6223
2253
3431
1577
5135
19
6506
7720
3057
6960
5231
2215
2155
6133
682
7017
3854
1175
2764
4795
5568
5027
1535
6282
6984
2852
4831
7677
3101
1970
3003
1692
3129
5570
6395
1012
5641
3977
5837
1713
6506
5641
7519
3638
2629
3420
371
4875
1070
4430
1348
5283
6474
2206
2395
6452
588
2406
2588
2351
3229
6747
4490
1277
1272
7646
5268
1759
1929
6605
2487
5654
7206
7168
4010
4121
6119
5020
276
2663
138
5968
3419
4667
396
3152
4076
74
1674
6683
4403
838
1827
7090
1442
3780
6782
3420
4767
4960
1225
1937
6072
1390
2264
5419
4233
6719
7281
1131
583
6926
4382
3267
1801
2009
6325
7377
5007
5234
4548
3375
4651
6966
1297
3198
2257
66
4647
6396
4350
4291
804
1460
3963
7404
2786
4862
5362
4257
7683
5590
1972
2758
1530
5599
5518
7566
1990
7642
654
5001
962
4110
4932
5208
3176
7175
4169
4011
7508
7724
7220
4808
4009
2095
4295
6954
3986
768
5822
1534
889
1378
778
2179
6851
2177
6009
5167
4262
3320
5378
6521
19
4419
4227
5672
4801
5476
236
3789
3726
2251
7866
128
6106
4793
1811
1092
5582
7869
1581
1634
6836
1197
2149
1164
3784
6734
6319
7973
5485
6025
6544
3370
5739
473
2235
6279
6485
7587
3939
4319
7350
2729
7880
309
6295
6026
2225
4087
3871
5020
4220
220
1315
3495
6268
5965
3723
150
3523
2651
427
1959
3175
335
1430
6172
6536
1819
725
4393
1937
702
6214
6956
3039
7574
6037
4199
4368
4099
4348
2360
6467
4134
6345
7048
7290
4369
2307
5713
6368
6444
157
6311
1609
4373
4415
250
6001
644
1612
110
1334
6699
5019
7918
3313
2354
7994
1462
1514
87
1392
5734
2867
727
2769
1775
5431
6535
6673
6897
5973
3015
2373
6551
4691
416
1194
6522
4286
1767
5148
2701
3469
2410
4230
2287
4436
3369
3899
226
2421
2647
6153
2331
7966
5872
822
2868
1309
7202
6105
3766
1404
2359
1
3813
4254
787
3032
5629
7334
6929
1610
7934
6174
3575
1434
3185
2645
7726
7831
7815
570
3832
2185
6018
6583
653
2356
1448
7885
7141
2638
3658
2259
3232
6120
1271
4770
3773
4973
3005
622
7197
5323
3679
4225
3367
4870
788
4406
3796
6664
5609
2615
1814
589
5316
2910
3897
334
5606
6124
7281
835
875
1945
4119
1731
3761
6767
2629
611
4751
1297
6856
4171
5220
7365
7165
6439
3154
7595
2790
441
3798
6900
4027
5205
6548
4919
2265
3181
221
1548
189
2007
1405
4949
3608
7113
1052
6839
1372
6824
2167
4412
4840
4507
5943
3752
4092
3201
3541
228
5801
3239
4534
7361
6595
5494
3588
2571
6616
1570
4715
6145
7538
4424
7427
4112
4787
7659
7365
5687
1731
1570
1733
1137
1789
3126
5744
2870
1577
7987
6838
3512
2238
7578
2745
6436
3328
20
203
681
487
5359
5450
1356
4986
5881
5711
500
6454
2196
6885
2620
1176
3342
7762
3936
5162
6522
2750
4399
4484
3077
3417
6730
7261
4074
6872
7318
3023
6343
5702
771
3368
5875
3545
820
7063
1449
450
3119
3632
1162
7382
4160
5796
2348
4838
145
2238
252
4133
6088
4140
949
2482
2063
5546
7301
3111
2460
2657
7400
2846
2174
4217
2476
3176
6576
4998
4431
7730
477
3120
1465
7022
2255
1202
5147
4244
3722
6314
2274
498
5723
2969
4138
840
7393
4561
4959
6712
707
4548
6947
5243
1806
5651
6559
1165
7471
7055
804
4535
875
4486
2045
2001
3510
767
593
4230
5240
2999
6767
2447
4009
5913
2309
5811
2338
4437
647
1189
6876
4897
4705
7813
7868
7700
5995
1468
1214
4183
6196
4561
7318
6706
7514
7242
5987
4130
825
4954
1290
7251
3852
3620
1516
5586
7838
7360
6139
1768
1269
914
2414
2379
7856
2406
6812
7169
7786
2689
4201
6444
981
5862
1282
2152
98
7714
1012
3432
7255
455
2436
6176
1584
3323
6859
1133
5011
2454
5532
2889
1597
5906
4117
66
3380
2276
3685
1637
2150
6757
1042
3417
1294
3098
3866
1720
4259
4225
535
1843
7222
2468
4771
646
7743
2040
1660
4955
2725
6795
3242
6256
77
1788
4828
7058
3549
1552
1307
5032
6321
3898
6918
3756
7666
4805
6292
5037
7836
260
6212
2368
5017
4149
6189
5790
3196
4680
1099
5866
6820
6884
2914
7907
4164
5583
5696
6099
3292
622
1165
2999
3235
1423
7907
6114
2002
5967
566
6317
3973
5323
4174
4115
4450
5528
7062
4287
5380
3886
2877
5677
2317
7076
7273
857
2836
4104
4868
5746
7152
485
6993
5696
1908
4391
3821
588
5362
6402
2502
5734
7760
2270
2739
2792
4382
2786
6329
4866
6124
4804
1363
6532
6649
1272
4135
4669
6799
2206
2294
595
5010
4665
2878
906
449
7453
7287
7659
4607
1143
5996
5089
7378
4247
3651
7935
4402
6856
281
47
1303
2403
6479
409
118
3630
3150
6803
2511
4342
553
1911
1104
5439
6495
1828
5052
4357
4710
5504
1327
470
5291
5484
1654
1215
7343
7026
1521
1595
3788
6151
6927
961
294
4855
630
2700
3448
7327
7846
5740
6895
528
358
4773
1739
3761
7589
1910
7522
6962
1223
2283
3860
2798
66
5896
2111
2042
154
4843
120
1155
5056
4111
3399
67
5798
6199
3493
6015
6045
5247
6742
3728
1850
423
5039
3238
1241
6029
4801
5436
6003
673
3672
5837
5885
736
2809
7599
4379
494
102
2704
401
1038
6529
3015
7432
1626
3142
4165
1211
3447
5882
2744
721
543
1114
285
6920
4381
3343
3797
3137
3008
4789
4154
3783
448
1787
7037
2354
5046
7214
4237
2991
7036
2862
1461
6996
5817
1070
4722
7069
4664
7300
4681
48
5607
887
7165
5258
6983
2885
4445
6241
4376
3582
4039
5170
3500
7089
6382
2874
2569
6407
657
5831
1510
3611
6216
6638
5957
5336
7246
7810
5337
6334
6263
7952
7328
5540
4960
7703
5378
1280
6187
5347
886
3289
217
3482
5823
5791
4649
2960
595
6265
6930
4416
5174
4330
1027
2309
501
5440
4010
830
7850
5518
1869
4296
5656
3794
5957
3852
7687
1987
4951
6594
7923
2164
6543
6056
7816
6532
962
1721
3872
824
2259
5414
1431
5520
6545
4450
7462
6364
4099
5744
348
6883
5958
6381
6358
6116
4192
3974
7205
6405
5163
950
7469
7110
6407
1974
15
943
951
3225
694
2806
5190
1808
1908
3284
4496
150
1568
3465
7581
6167
7630
834
62
7908
6114
6926
6465
528
5221
7577
2182
2781
6843
3351
3976
6848
3793
1182
5588
6570
2285
6993
1840
4118
7769
6434
6031
7349
2070
7935
6624
6066
6384
2867
1135
7409
753
3059
2375
6013
2850
2674
53
269
1550
463
5649
6575
2467
305
3233
3066
210
6602
5772
5941
7170
3141
6848
1538
1515
2018
7079
7008
7936
4479
6495
5575
6009
2584
6116
2101
4517
5589
2537
5465
7857
4678
4495
3292
3166
6309
1968
519
7072
5147
3009
4147
7935
1593
4319
6616
4754
6508
1702
784
1854
4614
7854
7332
7120
7105
4517
7321
2343
3458
6094
1654
7886
2300
5618
2425
4178
6154
2831
7956
7173
7150
967
6980
2056
5137
5706
916
4994
2098
1243
410
4742
6738
7117
3928
3367
5200
7032
4989
2288
7502
956
5049
7670
2910
21
1306
737
5358
1764
2264
3506
7897
18
7032
5365
3688
1771
4717
7787
6520
4338
1129
7516
6409
5931
2159
4169
3322
400
6977
2109
7927
3317
7571
5249
7837
7683
790
930
6536
2040
6744
3729
4567
427
3148
7626
4830
7463
5297
6011
5928
7215
5939
1479
7171
4285
3900
5642
2288
1774
5243
7573
5859
2048
1989
3559
1996
7717
387
6621
4973
1047
6709
6564
5922
3269
6639
1648
117
7186
1165
6858
3160
6150
1916
6113
2352
3581
7257
1735
5737
907
6714
4607
1592
1431
6528
6447
3843
2498
4545
2348
4535
1469
4797
4697
3797
728
6800
6548
3114
3149
5903
6100
2025
7943
6341
3180
341
4288
5324
2585
191
5951
4973
6278
2260
688
1231
1099
7422
2626
2801
7972
5580
864
3048
7064
2995
3683
2134
128
3403
6532
1897
6727
1577
1599
6993
2140
3879
3683
3385
7058
5208
6920
5330
6455
6040
7919
2463
1713
5662
1710
7555
4033
7132
486
6347
3737
4339
4680
7575
524
1115
4419
3839
5445
2849
5739
3088
7289
1134
6326
5495
3963
1633
7303
5585
3927
6458
5567
3750
970
6716
7407
2457
4157
928
7937
5902
4139
275
2002
1732
3564
3044
4526
1343
6548
2566
5113
2669
3031
5788
103
5797
1049
5077
5973
5481
4018
1876
1398
349
2060
323
7800
2120
3809
1171
4343
7500
5688
7779
6182
5539
7244
6526
7977
2665
7200
7995
641
6639
7677
7396
6267
5632
5274
4924
600
4394
1102
3621
3084
785
309
7245
4184
4819
1856
7350
1337
7605
2675
211
1732
5094
6068
7939
7834
1600
872
2397
7513
393
3107
3302
6429
3930
7920
2727
3000
3549
735
7511
4330
453
4520
3182
3400
4760
194
715
448
7265
1111
6366
7195
3186
2922
6018
6391
6427
5251
6266
1731
4622
4153
3297
3389
7507
56
2947
4737
4372
355
31
2813
2884
3869
7280
2680
1546
4578
1757
112
6018
5490
5750
4155
7707
7045
2375
962
5791
5365
5831
4676
6711
7179
428
5396
7234
7143
7250
2296
6902
4004
973
1443
6744
6007
3230
5148
3863
7389
1723
308
2810
2271
3925
7404
5958
2463
684
7020
4367
495
2595
7062
1802
4229
4578
643
5311
981
4548
3473
5844
4236
4928
2064
5100
106
7618
4674
2493
7647
7484
4465
5536
4234
1987
1452
5681
228
1410
2756
3208
7134
40
2022
306
470
5756
7629
3004
7823
2662
5053
5322
6440
5584
2475
3360
2434
192
4804
4163
4578
1544
5207
8
4146
3890
5149
6622
6876
536
7071
393
4616
5974
4925
6217
2253
7729
43
2200
387
4478
1205
6886
3802
4225
2398
154
5252
367
4129
5694
5965
3292
4402
4085
4356
4518
6114
6967
5706
4581
3578
966
6756
5626
7157
7922
3793
4222
1638
4273
3606
5819
720
2034
831
505
4526
4839
5914
6691
6006
5110
7560
601
5195
5740
7472
7826
2919
6615
4440
7654
5696
7926
1571
2381
4523
4947
6580
4246
7494
1534
6040
5102
7068
5004
6134
4106
4406
2345
1626
7994
5486
930
647
7222
1357
562
4594
1775
99
3892
2285
7201
3874
6648
3884
3407
7393
3445
105
4746
4597
7729
7347
4504
7474
1726
3681
4952
536
1629
5768
7106
7661
2864
6338
4438
6101
4476
360
6248
1137
4623
2406
244
4730
4217
7042
3083
545
7836
4153
3101
7919
5950
7025
2755
3164
7460
7194
6201
6924
2393
6689
2704
5308
4393
3861
1168
1976
2486
4178
6888
7635
5394
6940
1466
975
6212
1078
4582
626
3998
6596
6175
4307
7547
7761
3551
6026
323
7359
2466
3790
1516
6084
2596
4432
5321
4411
4876
6546
3436
7057
5657
1776
7779
2042
6314
403
5885
2930
7234
2254
7279
4550
4190
6271
7943
6591
3228
1961
4968
136
183
4811
4190
186
5895
7996
5198
1006
140
3102
3165
1240
3604
3429
3433
4511
19
6472
5469
374
3261
238
7275
3448
929
3045
1591
7987
4866
351
3514
5019
1162
7506
5941
2099
7525
1383
5661
2909
2095
5875
4795
1128
175
1905
7891
1797
247
143
2287
7855
736
3022
625
7091
5163
2272
5089
1881
7878
4722
5290
2850
2623
644
976
7640
7530
2168
607
1772
1055
6643
1316
4432
2870
7111
371
6466
7230
3088
1291
1888
4626
7002
2727
7823
4157
6836
7384
2972
3551
2674
7934
4970
2903
5940
7430
6434
6604
1776
6280
1796
5774
6777
749
5267
7052
5824
2893
6826
7754
6671
3092
3766
7551
166
6256
5609
6292
3965
274
5246
6912
6427
2739
5526
7362
1780
5866
6124
789
558
3688
4351
6499
6899
185
2915
2216
1069
86
4870
6741
3369
1815
4230
6968
1912
495
1075
6405
4134
6882
6839
266
5079
3883
3631
7458
7905
5476
801
7429
1291
1841
7501
5057
6134
5923
6086
2786
6953
4016
7482
5301
5429
391
6979
4161
3011
5405
1948
5833
1024
2406
258
107
3152
7065
5300
5848
6513
5107
201
4402
3261
3353
2773
6018
7360
78
4757
1686
7505
7497
5273
7264
2258
497
4981
5373
1782
4171
6623
4445
1453
2208
3213
1597
2415
2824
2058
4539
4736
7269
5635
4436
2015
2698
7268
1720
5622
7550
7158
385
2748
4675
615
2312
4475
5736
2392
758
6964
1235
6744
2771
2894
6697
1581
1669
7848
3300
2391
4163
5067
7981
4404
2792
2794
2856
7607
3038
6196
6048
6723
6988
4320
6090
2335
7400
5181
3306
1211
2172
1795
6704
1379
2699
5060
7935
3284
1810
6534
6046
4675
6640
1662
1233
1849
5188
6929
5403
5773
1891
3497
2947
4634
7512
1237
7338
3831
1345
5762
5346
4042
1456
1055
356
420
2489
1168
6334
3633
975
1899
78
2089
443
1364
7779
6228
5706
6822
2056
4488
244
3945
4166
4808
5576
6702
2449
4066
3830
5069
487
6001
3646
2802
3878
2348
2046
4736
6688
4681
731
1963
2136
4697
2368
397
1938
3433
4376
1635
3958
1269
6155
6466
6830
7137
2736
3666
5607
4667
6995
5234
4991
578
6023
5377
2318
960
6092
6548
5442
6490
3442
2177
6362
4491
4016
6462
4875
4877
7452
1935
2780
5562
3059
1782
1064
585
4581
4982
7027
7118
3685
5584
7501
2003
1547
115
6975
6256
5889
6440
2532
7823
5967
4930
1967
3323
3409
3529
607
6202
7257
129
6534
1246
1486
30
7300
1440
6759
7442
4303
871
2571
6202
7080
3400
7255
1662
3854
5639
4237
750
1507
5851
2018
6398
1202
768
5462
2161
6533
7538
2926
5174
2453
3765
2220
3324
6213
5206
7487
4910
7723
4715
7162
6604
7909
5940
7199
3917
2242
6350
3926
3564
6086
6448
5801
360
4698
5067
2265
4995
3322
7482
6580
1834
7915
2282
4564
3111
73
789
4418
3201
4598
4610
7753
7123
381
5158
4158
4949
2749
7743
3831
4266
2631
4608
6901
5080
6290
2854
6118
4785
5738
142
531
5437
7398
6914
2165
7380
4686
7387
3850
5712
7553
968
543
4697
4464
5923
255
2957
813
3665
2375
5558
36
1238
6861
4793
3197
1565
1253
3698
1855
4294
3880
2094
5229
4238
1369
1281
2464
3585
2051
6007
2420
2207
4464
3168
3237
1695
6344
5823
886
6568
4089
4494
4330
5460
4476
7178
4271
1234
2536
3998
5585
5321
1863
7110
6891
542
302
5649
6468
6821
3716
4998
3205
3427
3196
17
1412
3329
4972
892
1205
7760
4365
3449
6655
7843
5542
3081
7168
6485
451
2848
4626
3899
2099
4547
211
7924
3819
3897
2744
2222
3806
898
4132
3298
5674
6432
3245
2779
5533
2926
7522
4358
150
6734
4069
1947
3146
1845
7112
3147
7312
7346
4015
4008
2826
1074
7672
3712
5479
4333
6370
3858
841
7058
7507
