3870
7537
5986
4017
4229
674
2669
351
463
5875
4842
4802
2854
5630
3013
7871
503
913
4266
5493
5938
7116
1150
3919
6010
6384
1412
6166
4142
4008
2601
1097
5585
1222
4281
7564
1283
787
858
2499
4493
1313
7445
6921
2337
4777
7063
2874
5552
3717
3377
6510
4771
623
6941
787
604
722
2554
7159
425
4813
1916
6245
2620
1998
7218
1649
100
1296
4062
2118
4802
1
4965
7815
30
6557
3930
7360
5778
1558
7820
362
5530
3957
430
6663
1116
6132
5601
7824
2086
7521
3079
5648
6307
1628
241
2528
4057
7674
2403
4606
434
4951
6136
3065
7219
3638
1650
5075
5797
3159
479
1457
7325
4791
81
843
899
4666
1041
2623
925
7658
325
1188
7721
7437
833
616
4608
6616
7294
2468
3755
7362
1219
3197
3417
7268
2676
5207
1586
3358
4258
4650
4021
5592
1270
7112
6012
2279
2441
3232
89
4855
7951
5626
5894
1384
6714
4760
946
5068
7051
2494
62
2948
4188
6759
4673
6769
1644
2125
3791
2559
552
6195
4333
5824
3248
6626
181
2449
189
4995
5299
6645
5614
2906
75
6314
1215
1727
7563
3515
3230
5416
1265
2482
2129
6047
2436
6846
1761
4669
3975
7943
6344
951
2920
7669
4599
4226
5880
4416
4425
5528
4576
1117
637
6558
1289
1819
3001
4737
5584
515
2040
2005
6077
3956
2262
1653
1969
1115
2691
1121
7396
7295
5268
3649
3789
566
6337
6632
4299
2284
3909
4384
6736
4528
5302
4417
1046
4165
3536
7791
1031
4388
588
6333
5083
4502
5689
4610
6773
2168
1486
696
1455
4106
811
5947
3435
1250
1517
1491
3328
7303
5098
665
2314
3248
6942
6929
7593
1837
2407
4987
5578
7566
7089
2512
2279
1220
693
7509
3208
1612
6995
1343
3152
492
7663
6938
7492
1707
6386
2176
713
1457
7006
7787
582
4302
5179
2524
2424
6603
5259
1663
4462
421
6159
3335
2437
1036
6639
4868
7380
1539
4656
6509
510
3029
6195
4399
2621
7903
5358
3864
6426
3346
1520
412
5277
3511
269
4643
7863
4737
4026
6899
7293
3254
4194
7259
3837
5484
671
3930
6510
7326
7126
1653
4978
6576
743
5690
7431
2181
4823
4956
7308
7633
1916
6529
2299
6281
1181
4901
6229
1099
2224
2346
535
6958
6231
6492
887
3526
7991
5278
61
2875
7760
1320
7542
6492
7502
3078
7915
7989
6328
7574
6034
917
743
2121
1230
3008
4959
1612
4532
7721
4366
2401
810
2146
4585
5280
634
3777
3320
3914
4018
1397
5205
3906
6671
1420
1413
7089
1491
6610
1855
5456
2749
2037
3819
5498
6572
2940
6
6402
5206
5469
1559
2748
1153
2701
6877
901
4840
6252
3685
4213
3704
2432
5812
1330
2980
6171
5
4275
6472
4164
4752
5957
6185
6608
5028
1549
6568
88
3551
3529
7728
2919
7520
5265
7758
3710
1507
5026
6254
3696
1151
7878
3830
7367
3490
257
2588
6516
6684
7964
3724
6662
5813
4413
4466
380
2226
1308
379
7645
4183
4783
7459
1226
5557
6473
4611
1667
212
7541
3001
2612
7922
6729
7251
5863
1650
5032
5959
7031
5629
953
1825
7250
6699
2668
7532
7031
6831
988
5601
773
3924
7407
7733
5672
4231
6056
2674
4253
7107
562
3346
6818
698
145
6165
5772
2985
4200
479
759
1682
5306
3040
4544
632
5578
1734
4294
6046
4145
2065
806
1426
7053
2761
5901
6657
6466
7170
4609
1965
7937
7238
987
4323
7239
6143
7342
4610
3444
4390
6845
7101
6191
4484
4920
1020
6890
7265
558
2945
3061
2925
1450
252
7360
7444
1343
7174
3495
1474
7438
1384
3528
716
558
5423
4764
3312
6877
3046
6437
5348
58
5523
6682
1870
6865
4445
3264
402
1573
7096
4964
5033
3064
4329
2436
2549
3709
1782
5274
1247
98
6919
935
5281
2660
1274
3477
6337
6204
6075
7681
7438
5343
2786
1853
6631
4055
578
749
5848
1152
4004
6330
4860
2127
1826
1190
6371
2376
3565
5012
4517
931
6112
1763
7497
2779
7837
7425
5035
2202
33
231
4582
7842
878
4225
6030
3842
2412
3799
2739
5989
7802
4728
7993
197
3847
4856
3256
2630
4288
2173
3787
58
3557
1597
5876
1815
5653
1068
2359
6168
4111
906
7273
4075
287
4786
3563
7561
39
2654
5974
235
3989
49
4766
3872
211
5353
2472
7083
3640
6263
5181
7228
2296
286
2419
4406
7954
5574
4344
5014
4317
2884
900
843
588
4960
3561
7402
2725
6844
4681
1585
3051
7128
5457
7356
5397
3103
6674
6953
4413
2577
6562
2340
4183
1879
4267
5086
7350
4322
735
7435
5493
446
6376
3861
2846
3424
5179
2998
7772
5569
540
6270
4760
3515
1902
3213
3149
7385
6925
6140
315
6507
5806
3999
2230
6546
1514
1289
5653
247
2246
2205
2255
3704
5745
5463
4570
7079
2942
4193
6164
4560
7672
3292
2710
1975
4702
6756
7292
6037
3029
486
7915
3848
3389
1727
6362
4416
1025
1619
3000
7261
3142
6210
6627
6123
4417
237
4350
3259
778
7710
7208
3321
7633
1709
3024
2254
7614
7399
3702
5463
4309
4799
60
6081
4596
481
5142
2165
7317
7726
3654
1371
266
4921
3217
228
1765
5250
7006
7331
7898
61
6974
7068
5763
3803
5811
4452
4329
7258
5593
5693
3627
519
764
6838
5531
1860
1808
7947
4080
3503
3385
1508
6295
4603
2444
2894
1274
372
7298
4765
3037
7392
681
6784
7198
6041
1164
2921
5066
4163
860
4676
767
7433
6681
695
1260
4109
2288
4151
3354
258
5468
1845
4000
6101
5970
5199
5726
304
7692
845
409
2324
7033
3202
3581
2485
1918
7975
60
4297
7460
761
6363
6380
2156
3371
1742
1223
67
4985
4665
6871
481
7055
6336
5885
4784
4271
6891
6502
3503
5973
2449
4090
6931
1946
4147
5437
7021
1138
3758
5970
2582
5633
7645
3523
2114
6237
1921
3571
7830
5382
5351
4783
3381
7576
3101
5780
6101
470
3705
2212
3031
4669
6398
4574
2539
1137
442
995
3612
6080
3020
672
5600
6273
453
3318
6004
5985
1888
7883
1094
5991
6580
146
2368
1569
680
5507
6912
4942
1585
6265
7105
7156
2960
4464
306
7413
4988
3173
2853
5716
1102
168
2391
6780
31
3510
2605
3174
5835
2092
3175
5530
2914
7022
7526
1561
1431
6615
7152
4300
6587
5973
4120
109
919
5374
6446
6974
2472
2984
7021
6140
7545
3003
5825
6006
3247
4797
484
5428
7125
7722
5931
7758
5799
927
4225
2659
5466
792
2358
172
6752
307
3832
6279
3818
1940
2607
1572
1080
1853
6440
4460
5828
4644
7176
2433
6384
1473
3135
2333
7462
3523
3871
1166
1300
1559
3458
7382
1030
2496
925
508
6562
67
4384
7587
4826
3724
5731
147
2159
526
5337
6132
4592
2136
3535
5667
1149
505
132
2875
6602
2458
6584
793
6168
2824
2248
5682
7831
5432
2903
2423
708
2476
2366
5443
3985
659
7688
7768
5711
428
5360
57
5833
6132
2149
6375
783
3944
7940
3859
2723
4357
1559
3551
4273
5041
4584
6093
7791
6418
2154
6909
6981
808
97
5997
5231
5948
5662
5852
4463
6777
5466
2484
5664
3738
1776
6587
7258
31
7650
4770
3686
6947
2639
3538
1132
298
328
4603
1587
4225
5604
2717
659
5235
7750
2278
1370
6913
7389
6488
7680
1645
2251
6165
3332
7992
6156
4910
4522
2908
5610
6851
5260
3808
7183
4181
7628
6767
3205
4185
607
509
2507
1762
5520
2082
5755
3329
7459
1199
7384
5511
1162
1739
3611
5609
4447
1857
2799
6317
6572
1883
4360
6512
2975
2220
5080
3272
3868
3775
7383
3427
7975
6804
7136
4012
580
675
3601
1045
4499
6594
903
3716
7768
5626
1716
1243
5473
4455
7506
2059
6544
3764
2918
6567
5652
5551
7577
4632
1716
685
6619
693
4341
5481
1604
3123
6984
3632
333
5580
5590
4459
144
5690
5929
1867
6502
6355
4298
636
2276
1985
205
4790
4235
5779
5194
2135
1338
1934
3262
7491
5422
7237
1455
5777
5756
2732
569
7806
3497
2504
2203
4017
1316
7395
7970
7791
648
6860
3549
4879
7298
6447
4515
3399
6360
4223
7099
4780
3318
3544
1122
1089
7135
1731
2689
5601
1077
6285
5367
1797
7564
5424
4201
265
7520
1848
4842
2102
5840
2885
3574
4260
27
7389
3098
1848
1559
7589
7477
7552
586
6276
5029
824
3541
7973
5946
5818
644
4549
6661
3069
4761
4534
3877
2581
1513
5745
5700
4650
3649
5136
4341
7572
1844
6324
2844
3657
6692
7789
6612
3503
4955
878
227
6359
7583
4313
7838
7654
7559
5933
5838
5032
5500
1514
7452
4007
1394
823
2458
1291
2572
5592
1049
3826
4478
3097
605
3626
5299
6349
7504
1411
5002
928
1467
6107
3897
5577
6535
5421
3695
3087
4299
2332
3892
2396
988
4097
942
1223
5782
3184
2779
7153
7803
4011
7754
244
4204
465
4556
1787
448
2539
2923
2233
5711
5708
6364
5709
2944
4042
7671
3936
3733
227
1692
2712
1455
7389
449
6133
7869
3202
210
2149
3003
7583
1644
7262
1949
3778
6177
7511
7354
7112
7038
3878
5034
253
6953
5022
2630
5126
1724
959
698
2066
2465
7513
7818
3242
3540
4386
6514
1275
945
2826
5990
3784
1741
3760
5177
5646
7084
4477
6814
735
4865
2164
7583
4318
1445
1976
6490
3151
1682
3049
7587
2778
5030
5381
3529
2956
5999
3779
4600
1998
6650
3154
4108
6532
6962
678
6483
401
2051
5180
6666
1927
1557
5484
32
3898
5870
181
3371
3113
5322
5179
4640
3260
1651
7323
5425
6824
2133
2791
2060
3315
468
3470
5336
2296
7631
1721
797
475
735
3680
6413
5036
5488
4935
5462
4712
3051
4418
7306
3499
1812
3774
436
61
1389
4943
1159
4322
1276
5524
6282
6091
6000
6019
6205
3739
6697
659
2321
1018
4367
6624
240
5086
3493
7130
1979
4610
6835
6334
5933
5140
3768
5319
4378
6293
1339
1151
3349
7081
4759
535
200
4230
8000
3724
3405
2953
1859
7327
4401
6451
6714
3493
2116
3641
559
4721
3906
5549
2363
3675
5696
2120
1655
3143
1655
1613
4765
7514
3228
556
3656
1303
5872
5756
7
6433
7635
5599
2596
642
134
6868
789
5239
7700
7822
5620
954
4828
5044
2632
3625
1431
6637
6321
3892
5468
2929
7744
58
7588
5570
2008
2811
3640
3659
4839
2671
3831
2035
5263
2541
6330
4115
5397
7717
438
1519
6966
7927
1248
7567
7964
2373
4383
2814
2658
3406
5704
2125
3573
6387
842
3
867
4953
6190
1100
7373
6620
4533
3259
1717
7074
4641
7035
1923
6013
2701
665
3687
5757
6964
1648
7817
6854
5279
4955
1639
200
5828
2232
3530
7274
445
4675
6613
4300
5388
2585
6343
871
2065
1008
3641
5545
7640
312
5727
4109
2584
5978
594
2321
1299
5473
2977
3197
2980
1393
7312
549
4763
3537
4855
7632
2438
5361
3894
4053
979
4883
7055
2739
4636
34
946
5668
6518
2773
5548
4172
5467
2910
919
348
1176
1749
6668
3761
7607
2132
1589
6379
3167
3698
3313
5727
4131
1626
742
1296
1296
448
5081
2393
2688
2236
5774
7374
5183
5448
1479
6905
5514
1083
1829
2039
7308
6027
5007
965
6885
1607
1458
6175
3453
2785
6826
7534
6228
5664
1272
7450
5051
710
7265
5226
3881
3809
6136
847
1858
1985
6867
3720
4451
7699
6922
2382
4999
7607
6526
4068
7867
3737
4208
3976
3805
5789
254
7663
5347
6082
2026
1394
6090
6397
1285
4238
4495
1886
6755
2700
7279
7439
5905
3113
3691
176
3196
4477
3271
3314
4427
4840
437
2708
5454
2509
5630
7572
2502
5572
582
2108
4509
5399
6
3593
1291
6046
849
7458
2394
5366
2915
1518
3337
2626
5866
7000
2251
7576
5172
7590
1790
6364
7037
6264
5241
186
3390
6018
2589
5192
6372
1904
6366
4856
7308
2593
3615
7231
2651
1984
4088
7182
85
2049
2137
2151
424
3870
5771
7051
4825
4991
161
7794
3062
7649
539
3727
5825
219
2299
4181
2538
7656
6205
5890
2116
762
772
5436
3309
7223
2643
2055
7326
6998
4839
3219
994
3564
1668
7424
5146
1294
5670
6048
3447
4813
5088
2759
5413
2735
2335
3350
1440
6408
2837
139
1433
5721
7844
6975
4419
321
534
3361
6059
4642
3035
1816
5966
4548
7784
1673
981
7207
5704
1316
6661
1593
681
836
7308
6856
6745
6991
1660
2012
1709
6926
2047
760
3706
5193
931
3037
4016
2158
3075
5463
7378
1214
7893
7655
5777
2618
5269
3278
1393
4184
546
6811
1772
7575
4794
4356
4799
6088
5063
4055
7167
3882
7419
5525
398
1504
7819
369
5070
7705
2153
5602
7425
2676
2063
2356
5863
2027
6152
4721
2212
2299
1741
2508
5870
1002
1410
919
2983
1703
720
1505
5410
3894
3225
2184
5034
3734
3709
3963
5486
5044
3401
3970
7344
6372
5112
2226
1097
7809
684
4379
4739
6542
6736
2157
5328
5752
3647
1951
5082
3801
5926
6101
6293
6629
478
510
4059
5118
3796
4388
7157
3205
6249
882
2930
4436
1140
5886
6768
7758
4865
5503
1119
4507
6314
6881
4584
5662
6847
1725
7067
325
4892
5702
518
6648
7204
423
6522
4444
1340
3402
1714
607
4916
6052
5816
4913
5149
2352
1882
7084
6667
2624
5272
5683
3120
4144
2931
7511
4969
5469
1059
3573
5064
6537
483
4793
2643
3102
6325
3917
507
670
6304
7173
6270
2163
2254
6401
7084
6485
6618
4004
6541
4302
4597
3118
4656
637
7750
7625
515
3774
4071
2449
4943
7797
238
5609
6857
5922
7500
2312
6498
431
2306
4354
114
7499
4328
1756
5324
1823
5932
328
5364
6136
4171
5190
7559
1685
7410
3786
4548
5975
1403
494
6349
4627
211
3892
2021
3457
3197
7845
2463
1404
5173
3882
3621
1979
7833
5071
4432
6036
1909
5085
2609
994
1874
6438
5129
1352
1898
2792
3220
79
5349
5395
5665
6940
3533
4741
5424
3204
5556
103
7080
4399
366
5763
5049
4998
1157
4196
3352
4398
846
4287
3824
3306
7195
5733
110
4202
7770
2487
1299
1523
6948
5431
896
1537
5674
7506
1725
7058
6451
3017
53
6163
4167
3034
842
1036
2748
1404
6168
2199
4147
6391
7231
6367
1842
1793
1558
6285
1480
5547
1184
5445
1883
3931
7911
7036
5511
6175
3713
1688
6710
6956
5171
7418
2147
3237
2869
5728
3161
6320
6613
3850
7723
3898
7156
5689
2955
7051
5562
6425
4491
6574
3518
7372
3010
3975
7632
1924
2613
3660
2202
2211
1443
387
7075
7755
4844
934
5247
7334
7412
3615
3744
5214
3782
2748
7106
2123
2832
2182
2419
6562
1900
4564
3606
2333
6590
6590
7656
3829
1570
3585
3872
2899
1504
3679
3683
4109
4978
6456
4420
1435
3344
4551
2717
4243
1726
3876
4301
793
1615
7548
7043
2149
3687
22
2073
195
7776
6404
7058
3580
1560
7995
1091
7423
2377
5036
3391
6716
432
3731
6839
2877
1416
4421
5091
1033
5100
535
6251
6005
85
2287
7894
1144
5206
1427
3836
7463
7495
4812
5102
5097
68
3867
4601
782
5565
267
2942
4254
3474
7886
1335
3104
6697
3278
2598
7391
6072
3184
2144
7926
2114
252
3858
5088
840
177
4972
2633
3747
5138
5324
1032
1565
5331
5217
3208
7790
2983
3273
915
6543
3087
5193
7098
1952
436
5369
562
1675
2621
7035
280
4072
1216
6469
5569
5183
2757
6202
2563
17
4023
737
4590
3868
3411
1311
1802
4526
4444
7328
1003
3489
3303
5530
346
7336
1
1286
4063
4379
2332
3796
1183
2887
1933
1725
660
1427
6351
3616
2436
2053
4640
2435
3484
5017
5372
6143
7600
7767
6788
5171
413
338
1196
3393
3455
5410
820
377
6799
417
336
1891
6782
2255
148
2597
4801
3459
143
5313
5455
2041
868
7802
1079
1298
5832
1670
650
2567
4188
1342
4917
4903
1758
3596
3176
6950
4674
3507
7878
1832
6036
5513
3420
3643
1635
5223
6168
1774
6604
2941
5288
1515
1808
6540
2003
3546
6116
1729
6611
4132
4138
407
6898
2630
7241
7496
4297
6386
6246
2458
4594
1636
2747
6099
7633
864
4037
4278
7617
5908
5457
7380
7637
7386
5536
2983
3119
5926
364
3706
6089
2157
6067
6667
599
1957
1902
7484
2584
2715
5426
4738
1333
3150
5225
843
5839
623
7937
2504
7563
5820
1615
5466
7687
5275
2472
6011
2071
2274
2329
2303
7954
5444
3172
3411
5486
4794
3887
6869
72
6127
7359
2398
1139
2130
3026
3036
3075
1820
4288
6695
676
5855
4534
712
3383
4698
2658
5368
5796
5015
6829
5278
1227
5668
2552
1383
76
4506
3006
5975
265
1870
1652
2557
4455
4261
7127
6874
2979
70
3788
7806
3569
2292
5232
2795
2588
4994
769
6683
6055
6872
1602
4015
100
4892
2277
4280
680
4981
7461
7418
1988
5286
992
5990
7300
1632
7224
7661
7683
839
3098
2647
34
7721
5979
4102
4771
2117
4189
3936
2226
6183
7496
3952
7258
5871
6718
2145
2771
7125
449
7735
7212
5836
4576
3559
5086
3928
1982
948
2057
4715
1470
3072
2899
3957
1401
3438
3682
3473
1642
5717
3981
4166
7196
3664
5883
1224
4676
1028
4450
3698
2241
4598
1500
6958
6644
525
2107
4342
7993
5579
990
6543
6496
8
7018
272
3839
5569
4263
5429
5416
211
7653
2254
837
1198
168
6231
284
2480
2440
4354
4576
6380
368
7344
5516
1374
1295
7854
4667
3163
3687
90
6735
369
3428
3643
843
6747
6516
3726
2005
7609
5705
176
6351
5775
1712
3287
5298
902
702
7970
29
254
6978
4654
2612
5551
4143
5939
2478
3250
2803
4392
326
1261
446
1809
2098
3590
6223
5400
623
55
5747
2534
518
3984
3150
4712
1404
4942
7904
1881
6844
6822
7536
1651
5661
4305
2896
3834
866
4145
3833
4222
2556
2285
5435
4538
1431
17
6709
5510
2008
3837
6829
7531
3560
5965
3582
7140
7380
5510
849
7113
5421
5595
2471
4479
5922
1433
6386
6805
4660
2493
6224
7705
2589
3353
4434
5696
1878
1878
5604
5209
5492
7927
3409
5257
142
5615
812
317
4180
7680
4182
5891
4785
3102
6204
4976
4748
8000
7212
6977
1183
4238
80
3599
6066
6941
89
2711
1648
4938
7436
7052
1288
5235
120
5663
2792
6100
7596
3320
7662
6316
3854
3902
1667
5579
6075
5103
6836
804
550
803
1745
312
2098
2353
3701
7257
2078
2347
6851
6307
6714
6415
5065
6043
1361
2046
4911
7672
3617
1774
4493
7366
1404
5431
1140
3146
1001
1400
928
1333
6627
911
4070
3256
7787
6973
1090
7492
2080
1211
6725
3110
1012
2394
6780
5129
2242
2177
5644
439
1399
3480
2823
825
856
236
2469
2429
2507
3905
6947
4157
1045
1865
3278
6918
2943
394
5689
5967
7498
5648
3918
825
6793
3225
1558
3739
5357
5571
4746
3579
3048
1574
4299
2972
5473
5810
2136
7741
3016
7520
2819
2460
837
7827
4751
306
4437
4308
5798
6953
2511
1413
3703
5068
6025
1899
2822
3175
646
7531
6394
4549
6471
4218
5258
2684
406
2520
2958
5093
7075
5850
2906
6072
7510
6535
2645
2842
1283
4063
3179
3155
3625
2945
6716
6704
5649
318
5043
5399
922
6485
781
7265
4090
5883
6139
4209
3490
1965
5366
4066
3
7427
2810
2896
5194
2257
2850
7679
1516
2572
2135
6275
1144
6415
3317
2231
5436
1890
1407
3975
1180
629
5733
7135
620
7209
4000
7367
2368
713
6027
5475
3605
6221
4982
4713
912
5573
4926
5848
4303
5926
4626
4376
7298
4884
4098
4812
722
2224
4958
6938
7629
5794
962
625
2435
998
311
7111
422
3498
5012
3476
4051
5042
2695
6914
6993
2476
4459
3974
5865
7411
6792
7470
1335
1264
3195
393
4577
1098
6025
564
6057
5977
2123
1669
4040
1907
2494
7031
5114
6390
3561
4042
3398
479
7787
940
637
4690
3792
7474
823
2816
6207
41
7050
3844
5949
3367
4826
2469
7653
3763
791
7435
15
5162
3383
6234
1966
7838
996
2872
6465
4830
2222
3713
7540
6168
2994
5438
5030
3464
6796
2685
2660
7585
2405
5413
4595
6183
7996
2399
6243
7868
7392
4380
2677
2082
6966
1938
3882
970
6446
1654
3001
172
978
6693
3672
2436
5819
7996
5528
989
3016
575
2233
5565
4312
2852
4580
6075
3593
2217
98
5737
7962
4967
4257
4934
3025
5314
2612
1955
713
126
5287
1419
2201
6833
6607
4312
1732
5730
5915
141
6111
4616
6917
211
5126
6817
4212
2511
2656
7227
7993
4898
2296
3581
7315
5193
7097
4492
5714
2228
5666
1462
1765
5460
776
3624
1224
1408
924
2557
4495
7095
2187
5358
2693
2155
7406
1311
5477
6989
1514
591
4692
548
7292
5390
6092
2950
3315
6083
4452
748
244
4891
2043
2100
6830
6504
2459
2266
6013
5495
4676
7765
6889
3312
5194
6643
2768
850
7570
533
2223
2264
3290
5560
1864
1376
3128
3914
6639
3556
6912
5650
4454
6232
7878
2071
4377
2424
1623
7707
1008
7869
2289
7519
1241
3264
7454
4785
2161
2499
6026
6087
3963
1069
2558
5016
7216
6850
2064
5158
4897
6519
5466
7656
5655
1762
3142
7209
5337
7441
1724
7569
3944
7452
1253
6393
4673
7749
1775
146
1489
4869
4210
93
6310
484
5968
6278
6063
6799
4807
7668
2386
7925
3863
65
7271
7869
7004
2301
6257
236
6701
1558
7525
3207
7481
7338
1051
4495
3476
6755
4060
4374
1883
6594
3562
6912
290
4879
5383
2989
6640
125
6199
3914
3655
174
234
3886
2525
522
2146
7964
7496
285
6822
6499
6845
7492
3175
7630
7603
7537
7170
5062
7220
546
825
2648
2631
4374
504
4215
3393
3952
5294
7391
6573
4915
797
7906
6280
2611
3607
4856
7698
5240
69
5369
22
639
1589
3605
2028
1347
1984
2300
2947
822
5946
4051
3916
3039
4467
6726
7205
3798
6554
4759
2475
2327
2355
3554
2679
5447
6391
1502
231
4421
3767
7872
175
3853
96
4192
7462
7892
1355
7231
7306
6107
91
4691
433
205
4309
1584
2439
3704
445
7995
4543
7105
45
5111
2540
7474
2681
3581
4636
5640
4079
4309
6163
365
4695
6433
2192
1682
5834
4991
2486
7938
4263
1228
6004
2979
2977
3682
4130
4068
184
562
5501
1106
4349
1420
194
699
550
2274
3120
7249
2124
4601
5271
3823
6165
5697
2074
4330
5248
6672
5291
3853
4797
93
3659
7063
3869
6131
4271
6696
7176
6363
701
7299
3684
4706
5608
2764
2808
1024
2599
5278
4569
2224
6116
6328
1869
7819
6661
3921
7225
2251
2114
7484
6654
4824
2105
849
3863
2899
1971
5970
822
511
3599
1315
718
6322
2927
6362
2561
6896
1835
7739
179
3233
4646
7401
1607
3945
4642
1727
5224
1274
1287
7247
3067
5830
1347
4610
6913
5784
7539
7279
7734
4412
2599
4757
2003
6855
1090
1709
5547
6492
6986
1772
350
579
4399
1492
7876
5222
5347
2379
7486
5380
444
3379
3067
4536
5165
5296
5184
7971
6406
7812
5648
4636
6237
4789
2569
7290
6846
4569
3077
2808
2956
3378
2856
2066
3447
4821
2010
1958
3782
2317
2590
2168
1174
6956
3102
1514
1983
4701
2235
1233
6451
4017
5778
2828
4787
6753
271
5812
1076
1203
5556
2080
121
5106
1381
5479
4163
4377
2668
5727
2425
711
2785
4821
7409
5704
1356
4046
2323
4187
5767
5642
6691
4325
3727
637
7351
2523
2613
5663
4592
6526
7369
673
5099
7574
5953
7637
6863
5888
160
6976
4189
6806
1055
5486
2953
503
6510
6544
5410
7965
2259
2587
762
954
1007
5305
4431
2881
283
2880
7278
7908
7144
6623
2054
7550
6606
2991
2556
7150
1473
2711
1316
3613
4073
4542
4761
4310
4485
4386
3176
531
2723
6992
3993
6377
1851
5969
2398
2255
6363
6565
2275
6359
4009
7171
7933
6457
5180
7190
5873
6328
7842
7554
4391
1134
2687
1148
1258
4287
1661
4324
5750
6166
7863
2085
7982
7408
6406
7033
5632
6352
6711
4986
6851
839
7148
5826
2799
5946
5997
404
818
7816
4924
2734
4934
6103
7785
3137
5531
2195
3236
67
170
5385
869
6330
1262
60
3452
3820
1266
6337
5708
979
4815
6316
2766
6949
6049
6848
3073
1955
345
5448
4967
1363
6673
1243
1219
7388
2555
4450
1994
5569
6033
7495
2114
1968
3359
2680
7343
619
2463
1534
2794
7285
4407
218
2368
6101
105
502
4227
5386
4361
7053
7770
5154
1582
7611
3232
5119
1838
6394
4760
1047
5300
4180
540
3308
5950
5493
6281
1112
7784
3026
5068
3662
3802
6083
7881
6506
2602
2322
3088
3839
4407
996
5929
1737
3970
1149
5153
5784
1531
927
264
2232
2071
7238
4659
7186
1683
2136
1373
4638
1791
2142
7249
3907
6920
71
3009
6690
7429
4483
395
4220
4086
7619
3304
690
7827
3312
6688
4035
5047
4974
3314
4812
6128
7874
5743
6084
2967
6102
1522
1184
3834
2332
4334
7796
3782
7203
1496
4239
1083
4376
5910
6483
766
5047
846
2265
353
232
3432
1623
2931
6221
5348
6930
4971
4668
5280
1903
1059
5059
565
512
2369
5596
668
5787
2432
1404
3893
4061
4371
1032
1472
2276
971
6437
2626
418
6034
4769
5157
4442
2294
2830
3156
1676
2068
5215
4728
7178
1918
3560
841
2433
3457
3434
1112
6323
3637
3868
6892
1945
4285
1658
5600
4326
4892
498
5102
7222
1813
3743
686
217
5292
7607
3875
913
4970
1862
3509
1899
3363
2692
7671
4408
7737
4001
6993
4162
6060
949
4960
452
4813
2615
971
3610
2277
1939
26
3888
759
1740
2263
6314
136
6158
6648
3943
5499
7124
4552
2980
553
7708
3894
5360
4714
7890
2570
1980
3799
6403
4397
2770
1000
1747
2113
3125
3492
6821
754
212
7977
179
96
1449
5487
6437
4872
5104
2963
538
4472
1551
6100
570
1082
268
5549
440
4896
3959
2520
2841
5460
7605
2866
3435
6583
6331
6737
5027
4251
6865
6332
6026
2147
7117
7059
3642
1703
2415
855
5232
1240
4260
45
6908
6034
5100
4818
4724
2485
2420
7214
2060
7583
7460
3198
5037
2124
4079
7718
3365
1320
3381
2561
327
2490
2301
5347
139
6128
7937
2433
3315
6871
3524
848
193
820
1892
6653
4598
281
4420
974
5869
5641
5559
1006
1429
5411
7327
2422
7150
1133
3849
3342
1993
959
1492
6356
3959
4137
7610
2833
7211
4452
366
1832
3320
1097
2487
6353
5487
1026
7334
5470
4902
6140
4639
6752
5919
2268
688
4265
7247
4101
4162
3685
2942
1713
2003
3694
3490
184
5892
5061
7932
6512
497
7098
7779
2985
2873
6779
5539
3927
2554
3083
5285
3331
3525
6513
4794
1812
480
7446
5031
2897
5718
3329
7169
503
2952
3664
2219
4213
5661
1006
7465
6506
1358
2922
6205
827
2084
1083
4774
5382
1033
112
6642
7164
1650
5025
7469
7469
1637
5135
3415
515
2988
5933
3094
3402
2713
7688
2668
6060
723
6924
7593
1934
6668
3870
6317
7752
1729
750
4946
591
2725
644
6747
5932
4205
3249
4610
6024
649
5531
3633
1497
6786
6343
4706
2061
6793
2438
4653
2928
4963
6154
5315
936
738
5902
5999
6853
4672
444
4525
2115
3755
2533
3829
6089
7594
7550
2341
937
4553
4374
211
5580
4893
2328
2898
6186
5786
213
3931
7074
2148
5402
6318
1617
4816
732
3099
5839
5257
2383
2981
6611
1110
7404
6394
7218
4753
6911
3028
930
7853
1314
2803
842
4260
2868
1999
1539
1886
5904
7894
4189
1688
5812
4753
6698
3821
2396
7164
1758
4491
1330
7518
7766
4682
4888
1083
2142
2586
6402
3881
1639
3336
4310
1874
3365
4067
7714
6200
3600
6424
3843
2364
6983
1239
4500
810
3905
7877
2330
1103
4442
4883
2324
6783
4856
1983
981
1873
4682
1861
2454
3749
1896
5922
2818
3126
2838
1491
5106
2843
5260
1608
3896
1085
640
3639
5346
5584
6874
5450
7897
6313
2678
4322
2474
3382
6166
305
415
4815
5063
1604
2740
2341
7063
1491
4305
6773
2231
2101
924
5517
4300
3352
5908
2896
7864
1009
4065
507
754
3502
6217
6479
3452
2275
5656
4594
4841
7570
3955
2287
5643
1239
4098
85
3248
7735
7730
1643
7593
3623
6190
1827
6979
4194
7927
198
6791
3974
2244
5527
3783
2116
1259
4771
2418
4019
2395
7310
6883
5197
765
7081
6335
2731
2019
6367
3937
4419
493
2683
4241
219
5888
5648
7306
4339
5503
7134
845
7239
7332
27
698
2127
5163
7767
7606
4266
5228
6952
3734
4453
2390
4511
1542
5287
5653
272
3509
6547
5181
7712
657
6498
4072
4215
4584
3329
6221
5879
1618
4746
4778
539
654
2856
3633
3375
1236
1637
1506
6008
3086
7845
5266
3150
3010
3586
7352
1916
5473
601
6749
804
5358
2451
1108
556
6892
763
7761
1818
7172
859
7246
336
3142
7445
6032
6299
2230
1745
5546
3365
7925
2999
2108
4547
6845
6458
2347
6400
2658
3270
4825
7211
5436
5370
470
4351
6587
1068
4999
458
614
6173
2865
5759
4536
1799
5250
945
453
3236
571
3952
3079
4328
6209
2804
5173
2668
2012
2374
2932
858
3093
1265
2891
4535
4711
6337
2754
2797
7826
7159
2709
1697
2624
1505
4999
2420
5514
6078
1601
7533
821
3629
5187
508
628
6173
7236
1998
202
1804
4394
1183
308
6529
4708
5994
8
2764
2396
2503
6710
3919
498
3888
6947
2986
850
4865
5025
4918
5537
5725
4696
1085
3644
317
7886
6113
7793
1121
4644
1676
7317
6220
3174
