6479
6103
4463
4472
2133
2979
2165
7085
6550
6139
253
670
2282
3645
6731
1879
1300
4038
115
1155
7480
88
5194
2413
5290
2190
2882
4894
5635
3209
2209
2307
1658
5389
6165
6880
7704
1111
6040
3409
5825
2559
1508
7137
7295
7238
7026
6166
4184
5052
1200
4039
3539
4194
141
900
2211
6911
221
4670
267
2188
2886
2705
1189
7286
7679
2821
7405
6078
1174
1500
6179
7021
3596
5803
1553
3864
2409
6975
1650
6238
2928
5083
3725
2685
420
5898
3990
7690
6668
6848
5896
1291
6717
3803
2755
613
5156
4131
7352
6722
1982
366
6366
4496
6690
512
2782
6742
4002
6128
4897
3389
3548
1788
3094
4090
7193
4762
5988
1995
1445
6043
2116
5296
4071
3077
1438
5184
5886
5540
5126
6967
7257
3074
176
4341
2510
3067
6754
7158
6467
6498
3070
6407
6955
7128
1971
6598
4811
6967
4732
1494
4093
7440
7604
588
5926
4181
7529
339
5877
7375
1600
6760
2024
497
7835
1880
1420
4111
2346
4640
3888
6083
6132
3931
4298
1315
1920
7332
2474
122
1022
3618
475
4442
6348
6247
2260
1135
409
6795
5264
5387
5209
5977
4618
4019
5337
3396
5823
4729
926
2368
7349
2467
6350
2197
1957
5425
609
4783
4023
5834
5134
3694
151
7444
1261
7285
2701
4209
7597
7369
865
7417
2345
5801
2529
5572
7101
2836
7137
1951
3306
7831
880
6734
2089
4715
937
7366
1823
1983
5381
632
3730
4133
7686
2386
4023
6795
7336
2300
1162
5966
1730
7169
2777
3246
2405
2818
674
3380
3354
323
3280
6795
6362
4814
5161
1520
7840
4330
7729
3458
5084
4548
6602
3236
7459
2685
3328
292
6228
7517
4592
4007
4714
3134
7732
7610
6377
5804
7368
6495
5831
4578
4096
4071
3239
2089
78
7633
6495
3894
967
6198
5180
2652
4943
5655
7085
3940
6440
3457
5344
5884
5127
73
992
7751
3758
5445
4585
3341
3396
2396
4904
2065
3901
7253
3934
338
71
5399
2263
5658
6560
6022
1995
2119
2852
6062
777
1445
6490
2110
4875
7386
6459
6923
3411
7297
1073
4234
3185
1270
5088
1674
4845
3816
627
7177
4918
1219
5854
4135
4178
6541
6048
6577
3722
2488
1893
6191
1287
7825
7753
149
2159
3355
5572
6989
6755
4519
2643
6397
721
5054
3801
2316
4217
2510
5311
1059
3759
4359
2043
3080
3378
811
6355
6261
5859
952
7265
3138
5094
5658
4206
4618
3716
1768
121
7355
4565
6893
5102
4141
4464
5452
3782
5495
958
4519
1477
4106
7118
6670
4983
779
3100
5942
4005
7852
65
1477
5553
6124
5196
3196
1070
1743
7336
2931
487
4716
4699
2623
7565
4151
6519
3179
2856
1902
399
2106
5502
318
674
4722
4726
3226
4481
5822
1358
963
7995
3874
3123
7252
2374
1839
1265
2601
2231
6767
925
3210
4493
1633
2109
3360
1566
2396
7437
7024
4326
5189
2727
7949
4533
5586
127
3061
5106
7778
1420
5539
4713
3295
6969
844
451
4533
4408
4653
2513
6651
6053
7632
7145
1683
7550
5595
1447
295
2433
7960
250
3941
7061
2141
6719
4944
4681
1852
6909
793
7903
1094
3811
5022
7723
4667
7488
6271
756
3847
5136
7744
7338
5852
3783
5194
2114
4210
1507
6805
7421
372
1261
3721
1322
3281
4065
7537
5629
7303
1674
2989
7463
870
1535
4993
1327
6542
934
1026
1812
5540
3940
7709
3380
5432
2042
634
5046
5231
1141
82
512
941
2247
956
1776
4884
5035
4959
1088
1149
2122
7222
3270
6299
733
6964
5168
7689
2653
7384
118
2909
5851
1921
12
2395
5795
4507
3977
6250
2421
162
7819
652
1739
574
2180
192
4225
2500
7099
3844
4014
3620
3632
5547
6132
2975
5503
6521
6454
4935
5826
4610
4961
2867
6405
7224
1927
208
4263
3361
6707
1230
4775
6936
925
344
3689
5631
3195
3034
4397
3453
6822
1023
4174
6220
7210
6961
5379
4341
5027
7645
3067
60
856
7247
5523
5042
938
7028
3484
3709
4350
4817
7923
417
3211
785
3341
5400
6012
3294
52
1648
2470
4235
5841
907
5763
6944
680
3019
5920
2219
5502
2124
1481
4370
1982
3972
1202
2832
5034
5173
5242
4338
1405
6908
6275
2851
3971
5028
3254
1093
4435
832
4039
4185
1379
2478
2452
6875
7223
5942
7051
4154
3759
146
3005
7738
4449
2349
528
3608
6831
1107
2497
4119
6580
4582
6628
7068
2274
4727
3298
6748
6689
1035
3901
7903
7358
5343
304
4175
6049
882
7244
1047
493
7015
3769
7840
3459
1391
3141
2168
2163
3526
2855
5237
3397
5441
6990
3054
4630
2497
1560
7023
7730
3576
4572
1261
3370
7715
7307
6930
744
1639
3899
4868
4370
1359
5551
6770
5172
5276
5941
6050
4304
606
5492
6683
1903
6266
2511
7791
4562
7075
1898
184
2651
1170
4447
5652
3581
40
2981
6932
3720
7903
4201
2753
7581
971
6036
3231
7491
3267
7616
5758
7651
3155
1329
3258
7600
5953
6197
513
793
6344
5670
7905
6219
3068
6301
166
2363
4942
1351
1884
2748
5867
2396
781
2909
1768
68
6949
5453
4707
2191
185
2225
819
5272
6275
5482
351
5729
2371
6221
3366
1301
2921
943
1260
5788
4821
7282
4722
7771
7721
184
2763
2152
5488
6696
2426
6030
1476
5976
733
5189
4978
6527
745
4411
5005
3585
5545
2405
3604
5046
1008
1870
1548
7622
2221
2061
7500
4153
7124
5344
2587
34
5427
7047
7187
3534
3165
2929
279
7166
1193
1968
1035
2268
2029
6910
457
1229
63
5033
3206
4148
7560
4395
5760
7628
5715
5480
3789
5496
6655
4282
3433
4667
828
886
2368
2930
1763
370
1278
3676
6260
72
1424
1988
3830
4547
4337
1811
4715
4490
4904
5101
6649
436
4825
2043
3099
456
3827
5432
2061
3048
448
2676
305
2167
808
4229
2398
3730
3747
6592
7972
4651
7459
1628
2546
7642
6447
7304
1863
6718
3777
4400
3212
42
7611
6784
2640
4287
1921
3349
4738
7749
3374
4912
2600
694
953
1846
121
7559
3294
7877
6318
7115
55
6429
399
4852
3368
4094
2576
7579
7728
6166
2446
2445
4488
7680
2481
7076
2402
4763
565
5723
5728
5769
5157
4368
3642
5778
7512
4635
2454
1820
7371
175
431
1814
5376
4475
429
1385
6214
7792
3594
1250
6583
3267
2198
4542
810
7516
2715
1036
2617
1609
2203
5766
4655
2587
5336
198
5934
5277
7031
2730
7561
6321
1500
7497
4697
6644
3253
292
2338
4696
4554
282
1476
1327
1499
7498
2554
1909
5283
3014
2524
357
6273
6755
7295
3535
6773
6683
7359
1817
6468
2947
5315
7678
7433
2474
7746
21
7016
1401
7616
6591
3360
6501
1129
7128
3865
7864
180
569
4095
6459
5584
3465
3736
3166
7835
6458
2946
2921
4259
6177
7308
7834
7034
5007
4616
2978
1341
2807
6887
7014
122
2016
4545
6063
3487
3712
976
7915
240
6161
2390
3561
3581
6078
4214
4273
7534
7781
4201
1929
6586
3855
3511
7319
5901
6427
4713
4821
3121
2951
1306
6391
2032
2719
439
7348
3883
7033
2901
595
4163
2374
7997
3001
423
3307
2150
4156
1683
3866
6115
5226
6002
4386
4446
2365
3728
2393
1390
1924
249
2701
3797
383
2221
2436
6123
831
5612
6588
4110
61
4526
4292
7272
3174
5210
5197
5651
3210
3215
290
3737
4241
2754
4359
987
1016
4756
7454
2113
4341
7774
7490
4419
7227
3050
575
3980
2975
5618
6606
1078
4626
2985
2171
352
922
4856
5140
6934
5308
2740
2127
2868
4244
3679
7306
6538
624
5854
3365
3527
238
2750
540
5676
1759
6930
3438
3620
2988
2002
1231
7537
7981
5526
980
3815
6750
930
4746
3829
4932
1429
6814
1753
4987
3357
1841
2551
2758
6147
3567
1261
7673
4282
5272
2421
4818
7020
6598
1912
5536
3052
3676
916
6312
447
3298
173
2706
1724
1172
5053
364
10
1721
4773
4097
361
3021
4267
869
3278
3832
6735
7200
4590
1238
177
2934
6435
6658
5149
60
81
7970
5631
4208
3929
1278
2704
7646
929
6265
6447
3433
1120
780
1477
3157
6396
4040
7955
5442
2790
2341
607
2828
7297
2709
253
6285
7685
3998
487
7380
1461
2873
215
2610
4297
3432
2523
6645
4765
5777
279
7456
1162
3713
5873
3082
1335
2654
5151
7914
6837
5564
2881
6633
2247
7753
7534
7183
7177
7596
3101
5695
571
6854
1327
2326
4051
5511
6636
10
7434
1365
6562
2635
5450
3990
5486
7974
6499
980
7723
5939
2953
6747
2776
6031
7142
4479
7111
5399
7979
7367
6596
3008
6255
1834
1398
561
5050
3429
5105
692
5501
651
2265
954
397
2197
1102
7348
2444
3546
757
5982
3053
7947
5991
3682
2798
2126
4264
371
3239
3325
107
5833
4067
966
4161
231
2126
6880
4046
1674
2553
6377
5564
2001
66
1941
3796
7588
4463
3383
1743
3718
5541
2034
168
7186
761
7565
6316
4443
5682
591
1077
7842
6704
2010
78
1859
1259
5837
591
6665
1558
7934
1427
347
5841
2839
2246
6917
5075
7090
2016
7358
1986
7838
5479
1435
3469
4620
2819
2665
7568
1227
238
3834
418
1193
7636
2609
2215
4390
7123
5841
6831
5565
3322
5689
4425
2627
1353
2687
2951
693
6400
5047
6340
669
6327
7610
2736
57
6082
1605
4329
7783
6449
7948
5348
1740
5563
4951
4084
3650
7127
2946
151
2136
3965
155
1615
6605
1274
3716
6169
7575
3429
57
690
4228
4379
4613
3962
4757
1866
3856
3875
6616
5206
5577
7765
754
2479
2016
4507
769
6257
6754
3160
4027
5890
2877
7660
1193
2600
4356
7992
2259
6109
4882
1750
2376
7023
2972
938
6766
1451
7476
3998
5402
2631
4831
1961
6473
1590
4853
5103
6852
1050
7784
1416
383
7565
274
5158
4242
399
3199
1215
2841
2820
2892
3213
1391
2234
475
1813
5472
3236
820
6773
3940
4954
38
7919
6774
425
5993
6860
970
2455
3295
1803
1541
2095
6952
6086
4823
5542
5945
6524
1103
6332
324
7670
4161
5268
1634
1036
3602
4697
413
1588
2723
405
2098
4478
1338
2335
5663
5290
3841
7153
1305
4110
256
166
5180
4398
6210
5553
6920
58
2540
1610
5089
7064
6307
253
5543
7979
4575
3302
6355
6093
296
5106
4942
3896
5390
4114
657
5550
4082
6861
5478
4935
394
5739
2974
724
7415
4622
6851
7814
3650
2066
1145
2071
2928
354
2011
7446
7171
7391
7728
7965
2971
6558
7015
5706
2365
4863
3187
1075
4421
299
4384
7604
7046
6822
7634
887
3859
1634
815
2175
3134
2513
4212
1807
4441
966
3384
4540
3597
4399
6112
7396
2281
7960
7521
5757
1644
1907
2155
6674
6299
5099
1759
4197
5096
2958
7202
4853
4965
6641
7156
1091
389
776
12
1980
3032
5315
2831
3322
7043
4654
6816
6311
6127
5262
5971
1469
5487
7322
112
4166
3300
2487
2565
126
2613
5481
6353
6052
5029
5318
5071
7539
1664
6288
7827
3583
5481
2729
4732
3690
4343
2032
7852
1887
7283
1219
1267
3157
2565
5060
4968
406
7554
4592
5594
5350
3508
3342
7184
3781
1618
2081
4047
1496
862
2158
1263
6684
2355
161
6207
4961
3148
2643
810
3433
5608
7034
3040
4317
907
1685
7661
760
1279
90
2805
6360
2257
7860
1679
2468
1062
2269
5480
5277
262
985
1982
6445
7558
4606
6765
4387
1786
3969
6114
4960
1686
6144
6099
423
2981
5973
5252
3946
6493
2862
5783
6346
2399
801
1686
7965
6062
689
2150
3526
5686
2230
3268
2664
3656
3600
1609
1916
2215
2647
6671
682
3629
2914
1833
4260
2052
7163
6860
4386
4637
3713
3910
1255
6
5881
979
5453
2895
132
2205
2437
6073
130
1855
2332
2538
5579
5655
2277
2120
1454
4744
4273
4215
7481
4717
3265
7460
4972
1812
3649
2404
3810
4596
3433
2253
7793
7983
5322
5014
2312
3448
75
1335
3242
4374
219
1712
5345
3163
5252
6629
7723
6239
2895
7321
7957
7458
1100
5960
6072
3442
810
644
4781
7292
1271
546
7262
952
4388
2821
2809
7384
4181
5291
3892
2778
10
1711
1111
1938
1924
6506
1191
1092
1188
6586
1345
3923
5224
6527
2312
3410
4003
6221
2989
117
6535
252
3295
6172
4493
5420
1897
3685
122
2811
2296
6570
2130
1387
552
2468
551
3982
1070
614
3145
5497
6683
1034
802
3235
297
4454
4881
1164
1143
1014
2969
4028
5896
1196
3442
3155
6019
1
7426
6969
2818
5510
2831
3572
6685
2686
5249
4676
6300
3291
2101
1598
6673
4508
1219
2430
5557
4640
2345
6622
1035
6501
7510
7341
5533
6792
3403
2420
2640
4962
1645
1208
599
741
3251
1392
5889
5315
1999
5313
5708
6024
7302
2055
1310
2299
6298
1758
2196
6015
6791
2545
2062
7291
3733
434
4029
3089
1823
2879
1100
5849
2135
6421
4046
5155
2896
1991
1089
232
7052
6195
2442
3267
2013
620
2263
3154
2013
2525
7181
5803
2675
5245
4714
4286
2026
6308
5394
1408
2019
1608
4498
2984
3615
7375
6199
3324
1414
5941
2690
1867
7121
7593
702
80
1740
2735
6424
4924
4029
4734
7133
3475
2551
1503
2267
25
7073
5528
418
697
3503
1629
2957
1312
5409
2865
1400
3584
6301
6600
7544
7566
7582
5174
339
391
431
6310
619
4889
2111
2462
3719
1670
6904
2065
620
2466
2145
5877
4570
5118
4984
2459
912
7479
5392
5623
2745
7442
5315
5627
390
1704
1428
5826
5997
2645
6895
2754
6624
4992
4212
7326
7547
4618
870
5041
3974
3613
7373
2158
5573
1500
5740
7762
7807
372
5119
791
89
5510
2792
7844
1155
3134
2546
152
53
7934
767
6129
1073
7032
3374
7435
5787
5728
5975
4304
1617
3281
3353
1826
5633
854
7979
1121
1376
5819
3599
5674
721
1100
4364
330
2112
1459
370
2181
4351
6943
2992
4531
3108
2601
1549
310
5328
3283
681
5788
5997
5351
3942
5711
1235
6432
5020
7023
2497
6226
2695
7214
7393
4089
5685
3800
4234
7455
7940
7832
3292
4558
3322
6755
4673
2534
4012
1613
629
2150
4809
7174
6813
3397
1749
3458
1898
2516
7391
2302
4637
7494
6631
1005
3955
6397
7962
823
3373
2782
1369
252
4064
4398
5568
6876
2236
3577
4951
3140
5396
5206
5147
6083
5538
7491
4661
4484
6727
5901
5426
3262
7514
4275
623
4251
496
5986
5587
3413
594
6411
3739
5688
1682
892
6603
3157
681
5361
5252
1088
6241
4781
6869
3193
1541
95
5056
2150
2997
7221
1767
6484
3323
1927
4262
6394
1989
3988
6709
5037
5607
4093
7691
7681
5800
5044
5461
5736
3862
6338
992
4575
2925
5565
6073
1617
1857
6497
3970
6107
3463
7612
1138
3499
5180
4090
2528
6549
5888
6878
6995
1513
1848
2386
4857
698
2866
3364
1366
4292
6880
1322
4502
4773
2708
2958
6402
23
6946
7951
6330
494
3606
5335
7450
6007
4909
1818
3339
6760
1668
1712
2066
4133
1208
1296
229
7961
2564
1685
3450
2751
1837
637
5219
3890
6431
7243
2056
253
4375
1196
1150
5613
2408
2546
5651
1056
7865
6289
696
2805
1401
5481
2965
4967
7292
5282
7368
1467
1555
3072
5049
6844
4756
6305
2567
6961
6512
3767
3254
5370
1578
1785
5579
6529
4756
6455
4347
7881
745
3136
7656
5607
7103
1532
1147
1033
516
6090
5487
6159
147
2469
6582
748
6683
6107
7492
6944
5790
5089
467
494
7747
6668
373
6675
6333
4781
173
5290
6408
4133
6664
5750
1748
6985
957
2952
2410
3096
5536
3577
7580
7500
7991
6949
7488
3594
6902
1933
352
6535
4221
6377
6598
3647
4950
5902
6126
276
1653
178
2352
1572
2981
1061
7925
1097
4671
990
4972
5861
5471
825
1855
5063
2665
1410
3144
1336
348
791
7269
4538
7490
6796
3948
5237
3360
5671
7192
3589
7879
5806
2453
3117
1898
4449
7140
5170
6813
4537
4318
7461
3938
7067
348
1663
4435
3998
7191
5751
4003
7691
7679
339
3003
7183
2429
4286
317
5699
5820
7992
4482
2910
2487
2898
3523
3830
4011
7940
7885
5302
387
788
3733
6365
1224
1137
2253
5577
6801
3761
1599
2863
524
907
6137
7571
5229
6847
6644
6536
4462
5592
782
1170
1022
1394
7354
198
2487
591
3945
4033
4569
7758
5295
6403
209
1119
1101
4097
2708
2209
112
886
979
6418
7934
863
478
5810
730
7483
4054
4306
1181
6423
5937
437
3200
4570
7421
780
928
3879
3923
75
359
225
6238
3455
101
1386
1246
3395
4824
5083
3881
523
3207
6368
4368
2383
2044
4671
1067
717
6652
3964
3294
7244
3318
1881
5203
959
2870
3424
3850
1134
1410
7006
3670
7665
567
1991
3421
7774
5393
6393
1263
565
1894
2216
5367
5941
6044
3441
76
6671
3537
5069
1534
5598
2222
4673
1748
7582
5241
6946
2143
3862
6151
6272
140
463
7157
131
439
5143
6342
1024
4548
2166
3719
5164
5132
7767
6466
755
639
115
6661
6995
7249
309
4955
4520
5924
1627
5624
7703
5055
4998
1300
3270
4404
1369
5653
233
7722
953
5331
6024
5210
6566
5165
2952
3265
6315
4406
5302
2826
4494
3790
7368
4600
6334
7112
1734
3011
7770
4151
2105
7618
3687
3979
3032
750
3282
3922
4219
5402
2580
4947
7840
3358
392
2746
1592
4347
2879
2056
4897
1376
2127
1171
2024
3067
5277
6051
3924
6120
359
7363
5356
5188
339
4604
4389
1168
749
7351
7750
5083
485
1306
1868
5141
268
2731
7845
3302
666
7723
7409
3380
5748
3223
6417
6642
683
187
164
4154
5459
875
3441
1540
1579
1543
7506
4968
6316
1681
4038
2671
911
4852
1744
6317
3240
5461
3893
3576
4571
322
1282
4389
4534
2577
4724
5687
4600
3352
4363
6104
1389
4864
280
579
1217
2325
2906
6380
7766
4357
6262
582
770
4537
6071
3751
73
7934
6316
699
3884
5971
1030
6216
1027
5969
5934
4369
152
632
7788
1432
7317
6893
6938
5046
4477
2313
6468
6932
7506
1406
7523
3541
6731
4584
3078
2980
7438
3829
120
5904
3555
5649
4999
2206
3657
3741
3300
6683
7523
6110
2546
6266
6812
4472
2579
7494
3992
6124
1150
7273
2276
4108
2720
362
6537
993
2467
1839
5995
4992
4420
7313
5151
1395
4179
7021
2949
4418
7678
2052
1068
4360
4970
1847
1431
3460
361
3597
3139
7244
5940
1665
7748
7484
7416
3198
7177
2323
3255
3428
3294
5608
2968
6795
2377
4836
1270
46
1234
3604
3855
4299
4459
542
2694
3492
37
4520
5663
5685
5601
7453
7516
943
3856
742
7351
2962
4823
1730
3530
5100
5009
6300
3863
1268
5479
6310
1881
6712
2969
710
1989
7781
276
4933
4765
1073
1939
1170
3271
3645
1801
3553
1419
4342
5201
3285
4286
1344
7647
4931
4332
3875
3348
187
5792
6792
4284
7535
250
298
1523
5371
1018
2899
545
2432
7478
6283
3360
6072
1973
4452
5952
5379
4846
2399
7920
3923
2993
3746
7637
3158
6225
5955
3853
1886
2237
6832
64
4425
2490
3156
6335
4381
6899
64
2691
4414
6961
5378
4392
4300
2794
548
3534
679
6823
2085
5045
4117
2055
7933
1029
5083
3557
2169
1262
7794
1922
4320
2530
4840
77
7724
5057
5318
1227
2936
1874
4244
822
3870
2156
6551
6759
1677
1252
6848
4625
3401
7599
1388
3253
2590
7506
2323
279
5386
2678
5979
3484
7977
6211
2697
1896
5238
3733
1019
6167
770
5555
3502
2570
3941
7942
4772
4852
6318
6334
6349
6341
7888
3953
6111
7852
5691
2
1577
7400
3587
3330
1377
3218
4511
5628
4308
2577
2251
2669
6657
3863
591
6097
3686
7405
6066
1196
7770
2631
2594
5833
1284
1243
5109
4677
1286
5184
2054
4432
4860
7323
4100
1592
4088
5644
2089
6812
3816
2706
4345
3198
4311
7196
1071
4151
2099
5989
5299
6379
5490
3813
7745
4823
5095
7993
6601
2018
7737
5944
7920
3078
744
7953
1664
5337
5153
1443
758
1847
6716
3459
7163
3954
1836
87
1860
5087
4817
129
2931
5013
3194
4075
4613
3257
2897
896
6282
3504
5109
4327
4902
1812
1673
3389
2245
5994
2109
3862
2564
5850
3328
1524
6885
4287
658
1828
6787
6860
2521
7315
4779
6949
5524
755
149
7416
5075
1217
4693
4045
5268
5460
2608
5037
888
3900
7510
4272
6904
5908
698
6994
4834
982
2037
4377
6667
7210
2271
2851
4231
3401
426
5936
7905
7973
5622
2505
7354
4619
5586
291
6028
771
2667
2223
1008
660
6573
3819
6474
6371
6869
1325
7541
4412
1464
4368
3057
7437
6351
6204
7987
1208
941
3667
2024
4984
96
1250
2500
1684
6300
3896
3787
7325
3481
4639
146
6199
7225
3820
6555
5448
340
3110
4687
1170
331
5440
1033
2584
925
5970
5899
7829
6283
174
972
6104
4454
4346
5079
2336
6989
7251
2827
3205
3602
7218
736
535
7830
3102
3364
3865
1961
671
5790
5050
7655
1052
439
809
397
5729
4236
2436
6008
4475
157
3788
2557
4734
2154
7609
7185
131
1911
2877
3360
4947
5375
104
6486
5557
4880
6341
5603
6314
5751
5360
7493
7296
5614
6035
2402
5871
2202
7940
2512
2183
5971
2390
4898
4857
3245
7973
3108
5785
3923
740
7483
2231
6733
102
3794
1611
3514
4265
7272
2042
3843
6451
174
221
3794
5770
3300
3831
2955
3812
3770
2323
7526
233
4105
4698
6622
6383
3369
6833
1198
6780
2546
2025
7451
6827
5021
5169
619
4942
7919
764
6063
3745
7005
2891
5879
966
2740
482
7973
7959
1686
3581
2839
5627
3978
6237
1082
3560
3086
3099
3533
4833
7016
6265
4599
972
4416
7708
6093
7698
240
3893
589
3298
5597
5417
157
4465
1321
5894
1517
6987
2517
721
2607
1522
6545
834
6224
2349
5544
3006
1138
5935
2811
7004
2682
653
1955
2200
6592
2957
585
5362
1249
360
1590
651
7797
5981
2128
5819
4458
4954
6776
3038
349
5914
2628
3727
7310
6238
3876
6182
3388
5193
7492
2947
5162
3115
2586
4329
2813
4547
6507
5117
6830
386
7205
7716
3396
4764
5320
1645
1329
5881
609
7670
511
435
1238
6811
844
5670
6463
2855
2414
2743
7078
1486
429
7696
5566
1893
118
364
7990
336
4056
4755
6582
3915
6993
4203
1132
791
4333
1300
561
7625
2173
3262
2440
7795
4278
7757
1256
2898
6601
2993
4874
5031
6108
3210
4051
7185
276
2423
694
6703
4247
711
7018
4767
2596
5393
6754
3072
40
2492
7571
6074
5873
1059
2836
2804
5130
7717
2066
1096
2780
5998
2871
6392
7784
2430
6105
7580
2558
1767
3303
4546
5886
2527
499
4931
2515
6874
3259
7074
2317
971
1452
264
2777
5554
2075
7916
5117
1787
7454
1508
4086
7134
1950
5449
944
2381
1045
883
6172
5092
7765
3071
3276
2129
592
6066
5062
4291
4953
1051
7062
108
6931
5661
1626
2867
2298
1922
1862
6803
3219
6888
6516
565
3407
2287
5428
297
5289
4859
4157
4381
858
4107
4512
3266
239
2828
6693
7239
4160
1183
4962
1141
2924
4411
82
6386
4783
6812
4674
3868
5742
7319
2110
6552
1754
5557
1197
990
552
5826
4179
3090
1631
7388
5270
7654
7632
6996
6770
4431
657
3271
529
7652
5368
5350
5845
6843
1469
3771
6731
872
495
5623
2518
3822
4837
1148
6594
697
6795
1279
60
4937
1651
7823
3756
3037
1759
4476
7925
777
2288
74
2253
7084
2545
468
6687
1715
1912
2070
6093
5626
3596
7133
2663
1692
6284
4992
3235
598
7601
6664
7026
6272
3560
931
1897
4628
2988
5626
3465
299
7431
7525
7762
2858
5934
4682
6290
6050
5793
2617
4980
1659
5051
3436
5448
4605
6699
3524
4595
807
7545
1207
3272
1355
3981
643
5671
4016
3385
645
1064
7489
3458
4444
3196
2532
875
432
7941
2618
4282
2164
2413
5720
7226
2729
2057
5737
4708
168
2317
192
1451
256
3170
5633
2645
3104
1624
423
921
3005
2411
749
5312
1515
2320
6559
2002
6578
7056
3607
3678
1212
1746
6814
7886
4683
1539
6521
7312
2459
2189
4141
5968
42
7432
1830
5157
3135
5421
4670
3035
1565
4342
4042
1053
3635
3895
2701
4110
4189
4744
7345
5557
5556
2035
7958
6677
5656
4787
7478
1465
4985
3416
4845
461
2901
2920
336
3937
5744
686
6168
2347
2067
1247
4317
4272
6909
3590
7707
4591
158
3146
3686
1330
5838
65
3778
4531
1369
3230
4439
5635
7279
2186
5838
1592
3951
2980
1329
5746
2569
6211
4428
7209
7902
6136
6905
2626
2097
51
7469
3639
323
1198
1839
3197
1246
1655
3282
2393
2979
471
6450
3869
4059
6491
249
7695
3529
7933
3466
5170
1015
714
2213
2475
2357
4207
6416
4306
3063
4236
5919
969
2493
6295
3356
6804
3176
1207
7822
5014
4814
7139
3734
4936
1515
5012
1470
4572
5268
1346
1907
3626
6204
7016
3056
2640
7797
2905
4000
2057
2153
2730
1675
7268
867
7549
1316
5191
2373
2952
3942
4150
5794
6537
6303
7411
7395
6668
7573
5556
3013
2117
1938
7129
4090
2615
2037
283
7974
5994
7624
26
3035
4599
7561
1389
1556
6756
2259
7940
4966
2420
5798
6499
140
4517
7177
7394
5678
7102
7414
1073
5603
5398
6594
6035
4864
5401
7976
4669
1508
6152
1949
2124
6883
332
1401
5333
3170
5840
522
5029
6074
3200
571
93
6023
5171
1019
5179
4600
629
5711
7023
542
1365
6177
5653
4588
2700
4066
1091
1064
2992
78
7454
6666
7731
484
738
5443
501
4789
3668
373
1129
3986
3842
5061
3634
2065
4310
1446
2759
4145
3871
6029
5359
7323
4017
873
1468
1453
3515
479
4017
5356
198
7197
6624
7487
4856
702
3717
162
4991
6737
6588
1465
570
7036
3590
4886
6440
886
348
6988
2450
3780
3378
6363
4607
3607
4461
3372
1491
5197
6715
5776
3134
3403
3719
7562
7199
2468
5815
5788
2603
660
4923
4830
1885
4579
4611
7373
1927
5468
1902
4904
5883
4471
5479
3662
6122
4632
2054
4471
7759
6424
3645
2042
6533
876
4838
213
3658
2756
3019
5805
7854
5191
6014
5478
3071
7772
7195
551
5303
1052
2111
6320
2987
1868
5845
333
7750
3523
3088
2348
2288
4032
3023
5155
7170
6621
776
6539
6819
4282
7734
4353
4878
6806
5224
53
4478
1354
6653
3549
794
7227
7103
1251
6513
1882
437
1400
7591
3994
5327
5286
1737
6911
3654
3772
15
7667
2445
4712
6061
1846
116
5049
6885
1729
461
778
5619
3398
2815
2810
3835
1192
5014
1973
3424
4601
7004
3372
7889
3111
300
129
3464
6390
2106
1059
3511
6579
2162
975
6005
3427
1368
4988
572
1238
1641
1392
3362
6527
1207
691
7845
1298
311
6799
1925
1073
4415
467
3712
3045
5312
3624
5486
137
1679
4812
7177
3846
5725
6420
2482
3620
6781
5236
3956
3126
1780
979
3831
5515
6132
5994
58
4127
2770
7983
6375
908
2517
5652
4200
7878
4520
3185
1648
5292
1315
5529
5948
4791
7603
3483
7158
16
6656
5539
7785
6911
4151
7822
1475
4761
4449
661
3515
2673
7359
7033
1973
3816
6042
4521
945
759
5606
303
1693
2758
4308
6021
6353
2607
172
91
4773
6697
7009
577
5291
1847
7206
2195
1495
2345
2114
7423
4708
3463
1814
1668
4538
5981
1345
4292
2881
5172
3815
1590
7730
2925
2175
538
4823
3629
5931
1461
1023
4544
6273
1666
4834
6442
3691
3872
3371
7684
4666
2122
3356
3407
7336
5452
7006
7368
1926
2535
5984
4853
3577
5991
1780
2288
3511
5637
4302
6054
168
6073
1815
1059
3827
3753
6367
5016
1712
5350
2675
7797
3497
4524
1522
7934
925
7072
3358
807
1842
6301
3927
792
3869
490
3708
2502
5343
5398
7510
7161
5227
1192
3825
1645
1032
1299
6470
4829
3662
6317
3643
7896
3838
6769
5490
5400
442
4105
5731
4702
217
7866
7875
6720
3971
1316
167
2721
795
198
6400
5069
7162
3898
1000
1999
4224
7347
6841
6988
2124
6544
6022
3449
3400
3686
171
2262
4122
2391
3207
1095
4165
5083
5475
2875
1843
6321
1820
7435
6698
2848
4599
53
7662
4089
4512
3126
2543
6135
3183
7840
6589
488
6937
7908
5905
7751
7274
7325
4945
2268
1708
4625
4992
2391
3067
5728
4770
7022
6304
4811
7789
4945
5307
2489
5199
4759
3279
6508
5272
2812
1781
353
4169
3976
7499
6522
7334
6546
6822
2999
4029
1749
7691
5571
3021
1907
7107
914
2664
1366
2702
2049
1586
1496
1763
7591
7728
3625
1337
2829
7459
1727
1761
492
1792
4494
5948
5456
1949
3070
4885
4267
695
7977
7530
839
1028
4345
991
1819
6697
2998
4818
1383
6830
6158
777
1632
7952
5089
4585
2935
6472
4339
1202
3021
5332
5734
1664
184
4896
2032
3471
4324
2081
7477
3050
5593
5237
7581
7707
2504
5941
2332
5968
1924
4616
6323
3703
5891
2279
5649
6837
6074
2532
505
3947
6196
4052
1861
4142
2940
7649
3397
6831
3542
5704
3646
1264
1854
6822
2034
7773
683
5478
6510
2195
5082
2379
2490
4842
6787
4893
605
5873
2427
4303
2929
4145
4663
4146
7031
6262
4453
5824
4659
7758
3892
7664
7465
6778
3032
329
6996
6004
4938
638
2780
4596
7694
2754
1417
246
4196
1296
7707
1273
3956
7393
5959
6128
6533
2478
351
2879
6283
4347
6847
7242
410
1656
1968
4164
665
6354
1327
3958
2989
7812
7124
7722
5653
5821
856
5820
1399
5162
7169
7793
6102
7096
561
6498
1609
2254
7758
7199
