1214
1839
1799
7773
806
6378
4893
7032
4383
2995
1533
7805
5069
1877
2446
4823
5999
835
5908
749
6296
5519
7030
1615
4817
3263
1977
6180
3423
983
3767
4586
7427
3488
7860
3331
2093
5326
68
3433
5341
3486
1566
3595
7129
2943
536
755
2985
7341
4328
7270
3622
4239
5438
3166
3511
1983
3073
5403
2560
6420
4007
7099
464
3052
6657
5282
411
6995
6114
3664
7593
4791
6187
4067
1659
7412
4211
4367
7898
3349
6687
4441
4930
6135
3814
956
1403
4142
1644
1681
3266
809
7465
4499
6354
2373
5777
697
5569
6042
1742
7188
6769
6545
86
7993
3168
4995
4718
6522
1039
4190
2518
5479
6450
6513
4
1480
7892
832
5235
4443
4009
6553
192
627
1171
3266
246
6843
2762
1314
308
2144
754
1859
5146
5312
4439
870
3756
1933
2245
7764
877
3113
138
5534
5670
5064
1996
2384
1254
723
2772
3325
6860
5396
824
6436
355
5534
1581
6102
6951
4735
771
3275
4175
7548
4080
4906
2580
6849
451
937
7690
6344
6240
6562
2897
7810
3211
753
3343
7395
2820
1176
4306
72
4305
2257
7248
4349
4199
7860
7601
7340
2773
4840
2061
6926
243
2996
803
2799
177
1798
6193
4924
933
3207
5332
803
4049
7115
5239
7123
60
5003
509
3251
7860
3438
2681
3420
5459
4681
19
817
2246
1263
1880
3362
6840
6187
6475
3375
2036
5964
7538
2988
7857
521
2158
495
7637
5317
4185
6091
7627
1264
1120
3150
2564
489
2303
4502
7450
1207
5457
7042
3279
6302
6780
6976
7901
5725
3838
7790
4162
5092
359
2997
6144
5329
533
6565
3266
4666
7822
5122
3530
7863
4040
3193
2162
680
683
385
1058
4619
3535
5311
3856
92
7693
4681
7233
2025
1374
1046
2456
1574
5907
4297
7791
7218
7163
7510
7541
5404
1588
7572
266
1093
7065
176
1744
446
3215
3694
820
6372
2854
7991
4960
1266
982
3253
4963
178
681
5251
7745
5671
7927
4509
3280
3439
5429
2488
6669
1457
4798
5576
2704
2701
6667
5293
2782
7796
5148
3917
7341
7218
615
1563
2877
6798
6596
2918
101
318
6582
5955
5275
7994
4461
590
7743
1627
738
4475
5642
6120
4713
2547
6845
1531
6042
3223
7037
3065
6940
2684
6047
300
2741
1686
3400
4623
511
3774
1806
5200
214
6522
938
5706
757
3442
702
2178
650
4175
3684
7935
3924
7680
1281
1451
1161
2712
2850
4992
3576
5175
4833
6286
5805
4085
4537
3154
1914
2696
4307
4747
5974
4261
2427
5488
2530
2383
2099
7519
5545
4169
7393
5407
3244
3267
1985
709
5177
7784
1242
5713
1973
3068
4250
533
2318
7123
1353
1997
5993
5309
7653
3954
2590
732
3499
3901
2845
5786
4731
4115
6452
140
429
2608
3044
4041
4715
587
7191
5608
4790
2346
778
7674
3908
3593
2218
1889
2350
6694
7889
2791
6083
1821
7034
3655
7068
4412
186
316
2507
1277
6978
1823
3106
6829
968
7886
6951
5675
6034
644
7199
6614
2602
3657
4587
3404
979
374
981
5645
2698
6165
6026
3631
6432
3179
566
5084
6257
2391
1861
1621
7835
510
5029
2964
6181
4185
7476
961
982
1287
1658
1121
7115
6688
6989
3176
5753
6815
3519
1037
7651
5446
6891
4854
550
2238
4366
4642
4992
1237
5867
5195
1929
4908
1745
6379
3250
6799
2082
4083
186
7984
4871
363
6058
19
2300
2893
5474
2261
4775
899
1417
4320
432
2589
5053
3025
3159
857
2897
5078
5761
2239
6933
3505
4399
7881
950
2687
6575
1333
3954
7078
1167
6492
1009
4592
2017
108
3141
1484
7081
4387
1517
7151
2983
131
183
4452
738
6552
7909
6706
3511
1520
2470
5719
669
7303
1172
5945
5359
7784
4375
1637
5344
3117
5368
1390
5209
5159
6822
3881
7905
5972
322
3950
4841
1992
7194
6068
6510
6279
491
2026
6933
5825
2749
6342
3872
4682
5408
3529
3539
620
2203
6845
5511
6058
6516
4969
2358
731
1512
7480
437
595
7581
4399
2662
3926
1573
4581
2267
4856
2698
3752
2610
2937
2463
1974
7428
5312
7682
5084
839
5986
1686
1602
7688
5363
5635
2698
4444
3819
1630
281
1602
3942
5379
2847
1915
6276
1849
6734
5933
4152
3256
819
4233
1928
2323
1931
5294
5584
7957
40
4697
3927
6222
7676
2795
7878
5292
2021
1298
3811
3977
1573
2644
6692
946
7472
6038
359
6894
5572
3864
7857
4750
6466
1612
228
6899
1428
5160
3423
4157
6732
5643
5155
8000
4427
3836
2069
2007
1138
7640
1487
4032
5648
6441
1229
1224
7701
816
5891
2663
6487
456
605
5958
7053
5847
1269
5110
2745
7773
522
6724
4817
237
1662
5396
4503
3694
397
5555
4517
4756
3954
3910
7283
3886
7594
1562
5466
7945
4125
1749
3529
5892
1340
4613
4702
4008
3525
2918
6918
87
1399
7590
592
6221
301
4731
453
7472
1773
742
4796
3731
7350
266
6778
3476
334
2885
4243
23
5435
2223
4370
4055
5666
6854
1194
868
4537
4354
3188
6034
5732
1358
2553
4164
5062
5143
7301
3207
4578
6524
5574
3886
1284
23
2325
4978
6013
2960
7377
3469
705
4882
1634
7158
12
2123
2907
301
1095
905
7892
3728
3968
7622
2616
285
5681
5020
4486
3681
4417
6702
4166
6583
2527
600
5540
2277
2942
1677
716
6508
4312
656
4899
4125
6953
2061
6797
2818
5375
4659
602
4576
5037
1929
2253
4192
4215
4705
7326
2632
3051
395
4563
2333
7
4693
1355
5255
4624
431
7072
7856
3183
286
2497
3719
882
2278
717
1190
5689
1190
2099
6988
5688
6322
4770
1926
5329
5145
3894
5569
102
1026
2490
3123
5251
4953
268
5443
1444
6860
3032
5841
4902
6378
4243
7228
6752
1282
3350
1212
1324
575
3857
901
7706
4180
4867
1575
4091
5244
7827
3266
3591
7602
2717
1605
3034
3293
4446
534
622
5822
2030
3805
3783
7555
5567
7700
4363
6162
3234
6539
2556
5793
5131
7493
817
1987
5706
2421
6485
7859
7363
1424
7157
7747
4298
6265
3871
7655
6427
5042
1708
4624
4291
5946
3512
3319
3261
898
1411
5790
5240
1601
488
2491
3446
7592
7387
26
827
3390
4640
1927
7536
5250
6847
3101
2678
1331
580
32
3225
3534
9
1066
5306
5662
1418
5797
5248
6828
7552
3951
6673
5719
3456
6622
6574
2866
1719
2078
7362
592
3838
2594
2527
4382
1909
3065
6329
3338
2845
1214
1974
5480
3307
581
5202
7748
4172
5104
7235
7154
3678
187
1885
5245
5970
2487
2010
7841
1512
5776
4907
7204
7499
665
3684
7746
6941
7316
7586
6541
939
4848
1275
121
3847
4940
6835
3592
7710
7329
2778
5367
1949
2391
1630
3000
1710
7468
6024
4461
7680
7667
829
167
1338
5530
6461
5925
6953
2165
4453
7644
1953
6623
4964
4431
1647
582
7192
1880
7433
7772
6001
4286
2991
4106
3399
3555
6471
5488
4841
2988
3638
7362
2717
3802
2178
2808
7759
3335
4147
5160
6121
6796
7380
3527
410
633
4163
5545
504
2595
4908
6671
6879
5948
1384
895
5770
6599
89
664
6592
2454
870
7175
7922
697
7418
4785
293
2556
3163
6558
7130
2004
3378
4989
7303
6422
3554
6346
3342
4530
7855
5815
6433
1450
4031
105
7457
6488
1756
4942
4495
4387
950
1323
3202
6415
2949
4821
6704
1120
1654
370
6315
3118
6878
6474
6116
7792
5026
60
495
5920
2083
7068
7057
4718
2431
1738
7739
7312
3855
1793
3551
7688
7524
6837
6137
6918
716
6538
5168
3340
95
5343
4164
5750
7086
970
7330
7894
1180
2061
6884
545
831
1338
6315
3876
5256
2581
1656
5231
6940
3070
3095
7811
3452
435
2590
1005
2739
6313
5459
5281
1912
2974
7382
472
4523
1481
1207
5006
1270
965
3438
1313
3300
4314
7845
6739
4023
3985
4356
7291
3076
5741
2363
5795
6057
6671
7842
5499
3400
5080
7232
226
1618
4489
2973
7122
2107
2489
4616
4671
4069
232
1200
115
497
7136
5149
3505
7812
6464
982
6106
4126
1564
1541
7676
889
894
3517
6532
1803
5103
1501
3652
1948
2577
2220
5250
7463
5745
3432
5915
5495
7691
6381
7850
6125
6911
7033
1324
7847
3043
429
329
6148
3545
5619
3011
7561
7025
4605
7593
7752
7685
3368
4349
5318
6371
4686
342
957
2010
5230
3159
4683
2506
7083
592
1330
4659
4008
2375
391
3761
7434
3902
5346
3057
7499
4070
6811
228
2479
6661
6077
1757
5672
3736
2755
1841
6050
1735
1533
6786
4075
4389
7943
2829
2849
3886
7332
7848
5381
3957
142
7596
5255
4047
4365
3541
3473
6975
2085
1920
1686
2631
3866
6653
3813
271
5502
6337
5740
1927
1353
1485
1235
3934
5040
6080
4987
1538
1291
2234
305
2461
4475
7040
6126
7023
3978
3985
1326
4107
1257
7229
3434
6336
2926
1693
5107
359
4904
981
2913
4028
7311
2019
6966
1529
670
4033
4686
7198
5867
7275
7446
5274
3325
7768
6240
5600
26
6570
1161
1084
6212
7427
7659
639
4586
1423
3521
4860
2273
3428
5403
6846
1234
5220
2003
596
4553
7627
2476
896
3883
1805
6976
4544
4370
6716
5829
7391
5405
4569
4292
7090
4222
296
5906
1892
5863
6410
3224
4902
590
4569
3074
3093
1031
4719
2688
5664
7033
5569
5004
2005
1438
2926
1965
7897
3662
3054
7452
6435
1328
1129
2636
1259
1642
1411
4651
4368
2741
3361
21
472
5762
1069
5405
583
3930
6578
2474
3337
7315
4086
2833
1313
2826
1428
7050
3019
567
6315
1477
1169
1043
4104
5138
6001
6231
3458
4716
7724
7091
1459
7185
3718
1323
949
6508
5849
6398
2858
190
917
4050
7756
7331
848
7468
2109
5016
7698
7975
5277
5806
6180
3598
3825
5024
5133
832
161
1936
333
575
2118
4887
3207
3299
6049
346
6903
5544
2969
4440
3779
4417
253
7328
627
4751
6519
3462
1285
5106
4082
6171
6059
6534
1453
5137
6339
6363
2834
5882
3523
4334
5489
3466
5926
1856
7853
6261
2075
4859
2260
2641
2289
763
2606
4076
6756
4908
168
5222
6120
870
207
3812
2134
3762
6451
2539
2141
1316
734
2347
4699
389
630
5688
5268
2592
6790
7892
1752
7227
1132
3058
7042
653
3897
226
6811
2403
4785
2651
185
4845
3557
4015
4182
5561
299
2923
5481
5186
3532
2964
2464
7639
5356
1959
1265
6607
3717
3434
7618
2693
6457
41
4965
6922
1299
7818
7338
5698
3999
2024
2324
7443
5991
1879
3637
3593
2202
641
78
4074
4562
1253
679
3889
6163
7306
5221
1290
2508
2799
1945
5033
707
974
3644
5926
7952
605
6301
2941
7668
4260
4530
6656
6365
4097
2222
7309
6659
4856
7403
5299
6279
6113
1160
5499
7930
2715
6999
6469
4675
66
6345
6850
7333
3556
2139
5603
4264
4081
5040
1756
4844
6473
1767
7383
5358
7236
368
2686
7767
1
3935
7620
3191
766
2435
1297
3876
2628
459
6101
995
6995
3486
1665
1516
978
1182
3730
5537
5528
4461
2811
837
1980
7741
1699
1596
513
3646
252
7993
4168
7531
4875
1248
7359
1157
896
4910
5443
5215
7365
3951
7532
933
2555
2411
2730
3674
1143
10
6177
7935
7928
3019
2175
2482
6952
2074
16
883
5455
5037
4061
4301
4010
1396
6016
4092
1975
5934
5371
1825
7422
4330
2589
269
6098
4143
2878
6378
3723
5491
824
3074
7843
6750
874
3302
3197
5874
4111
4418
7929
1530
4078
92
2710
6289
1026
6456
3668
7984
6473
1044
6986
3870
7958
1238
1066
396
5188
1567
5637
943
4227
3602
5382
1681
1500
5126
5687
1222
4331
5465
3207
2447
2639
476
4944
4765
1805
4217
288
601
3212
2440
507
505
4725
1107
2032
1334
7628
4578
7170
5583
7666
3180
560
1834
7388
6965
1276
2007
875
6348
5327
510
3004
6892
165
2668
6730
5562
639
5449
3681
4812
3008
6292
2167
3170
6579
4818
672
4415
3287
1597
2987
4427
395
4065
3730
3105
6466
608
478
821
7237
7829
7923
3938
6982
1573
5279
292
659
1736
25
1112
6038
6980
2396
4483
7037
2497
1866
72
2226
2972
6549
1153
7087
5380
6361
1896
4941
2559
4748
176
4302
4310
5522
2015
460
5360
7296
6153
6424
7109
2451
7862
556
6072
2527
6379
2173
3110
1897
3964
5165
1366
637
6423
3661
454
5155
6644
7858
5457
1874
2393
5228
7899
4610
4503
3275
5952
5008
802
5735
1860
1821
4479
4628
704
949
5470
451
1063
3170
5056
6145
1468
7207
7180
4468
4085
3304
2603
3871
6468
7183
1827
7819
6866
7107
7899
4217
5664
5425
2438
292
7577
4597
2993
3793
3944
4977
2303
5499
5391
523
4896
6649
6591
1577
4705
2440
6098
2520
2812
1241
1874
5411
7055
1217
5296
3833
3599
821
499
1089
4276
2738
2228
5108
3090
7290
2995
5647
1594
4680
4598
7326
4493
3554
2114
3961
7353
3873
7493
1841
4977
7183
1275
2806
4524
6758
2844
2034
5311
163
1
7311
2058
5333
5108
5792
2403
7972
5600
4870
2705
7639
905
529
4479
7365
6285
203
1089
3101
6127
2371
5227
7487
7771
6358
2340
1428
7292
5140
1345
4388
800
6545
1594
6271
166
6516
7063
7416
7129
1157
7493
1893
2538
6323
1792
5560
5075
1351
1429
7618
3114
260
105
6915
4361
1182
511
3924
5286
7460
2529
3870
1163
4671
2418
4930
5674
3574
87
4065
4125
7232
5203
5927
5601
5675
1388
2159
7524
4090
3793
977
4436
1041
2972
1487
1648
4219
437
1152
2078
6896
133
5781
5503
5221
4076
6105
2757
7993
6276
6992
6306
379
1114
3572
3747
5797
5347
7699
3079
1299
3037
1315
1004
2741
2723
7824
5796
5330
4123
5654
1088
4657
165
7657
5663
6526
3394
7724
1053
1644
5607
637
6541
7295
322
6308
5585
7811
5401
2524
6806
4543
4663
7999
3764
6899
3949
5022
1829
615
7711
1050
2793
5084
1920
4148
5603
3475
2360
1677
5700
1449
1662
4174
1115
3238
88
4421
2240
7769
3115
96
5730
2879
595
2535
2119
3170
4060
7423
5736
5390
5268
6849
1003
5866
5470
4182
7256
4972
7509
5646
1055
6042
527
7501
7928
3235
5999
5333
6191
3877
684
4020
5482
3414
5433
3678
3380
7653
6072
5317
6832
5476
1601
909
1267
7774
2575
6502
5535
7421
1215
51
7416
1266
7270
3208
1969
5282
4461
7477
3522
4479
1664
4559
1093
2683
74
6378
5594
4339
6995
4555
1110
7195
3934
6580
4233
829
5824
5368
1556
1271
2980
6835
6324
4984
4945
2151
3744
7536
2775
2939
7673
7819
565
1656
287
2014
2984
340
5452
7770
2370
5829
1785
368
2095
3648
6720
6537
2262
4591
5998
6187
2717
3645
4842
6260
7140
3509
4681
6564
1312
3606
6742
2549
3866
2233
4221
3454
5134
7655
2627
5227
369
1799
6344
5854
7041
7419
1349
4832
2056
7082
2914
5267
4588
3758
5195
7673
7354
6554
2844
95
3867
4423
4235
2727
850
7037
436
2612
7659
1336
2454
6418
6840
5820
3687
192
4311
240
1520
4288
6193
7579
7266
907
7928
1093
6893
2685
6364
2386
7344
291
4451
6697
7527
4390
5642
6040
4136
3720
1993
5100
5819
1463
7012
1845
4020
5865
4206
539
5438
2097
2316
3512
447
405
3062
6107
6669
3810
707
1295
2306
2382
2201
6015
5404
1078
1460
5352
7507
7787
6380
4685
3471
3336
3808
7667
4846
1616
213
3407
4105
5095
2161
5027
5004
2149
6810
2386
4179
5792
7074
6661
3092
4496
1869
197
2900
3654
5801
857
7454
7329
3795
2651
617
6172
7918
6658
981
3081
7944
3504
5259
6623
690
82
1518
7859
4337
4341
5737
5212
2344
3168
3819
3037
5572
1071
4687
5201
4573
3566
6059
7580
2957
6110
1667
938
4052
7144
5860
1379
4860
7283
2130
451
4470
3019
6852
6511
4824
512
6653
2428
804
2366
2028
1949
3945
1832
7550
7699
4161
7805
4621
2842
4827
1114
3047
6174
3261
1274
1636
4738
7904
6231
2943
6549
5174
7816
3002
5881
2036
2677
4203
2030
6230
4539
428
4817
7792
582
2736
1160
1630
3581
6147
2864
520
3145
2979
7589
26
1638
1332
2786
3334
4029
5083
586
6438
2274
4486
5006
7764
5825
4122
7265
5186
2787
5584
3708
2889
2542
5697
5874
4883
6016
2361
5483
5266
3649
4256
1932
1883
7834
7530
3046
2714
6475
7890
6532
5683
1837
1321
277
2461
4152
4225
302
3265
5421
3170
5611
4199
2705
721
6927
2352
1317
7234
2194
6690
4088
3640
1058
3987
2457
1756
703
7030
2778
1278
6709
975
36
3021
3820
2122
2910
5699
3294
4021
5400
773
392
6777
1442
5666
6722
485
2249
2100
4470
975
6557
500
4884
4333
379
2116
2515
6736
396
3557
5791
6358
4360
4740
4047
278
7924
7406
3797
4555
1163
811
5360
1326
164
3681
675
7868
6796
1907
667
3568
4188
1095
447
2474
4946
2422
1234
2546
5897
1957
5238
3344
5438
7050
1687
2998
5320
4026
444
4052
2971
3414
4868
5789
6193
2633
7462
989
6425
3036
1638
182
3167
5853
7905
7315
7376
6932
3962
926
5350
4740
6204
5130
5278
6991
5189
59
2333
835
168
5277
5712
1675
293
4223
6862
4735
2995
4743
4211
7992
6941
4317
4979
5783
4763
4999
4972
1274
3011
7102
4719
4253
3936
2284
2685
5996
2263
4182
4946
3044
4381
7212
240
3738
2732
4131
2631
7818
353
4919
1619
1869
4461
6128
6637
2123
4084
1130
3067
4489
1304
916
7145
4662
5516
5155
5507
2972
3233
7244
1075
4297
7025
837
2341
4458
5579
3506
3508
3653
4276
7877
3837
626
7381
1627
7347
1769
2345
6685
4997
3847
1202
6951
3497
409
4756
6611
4248
4905
4264
459
546
5374
7298
6939
3742
445
5791
6024
4663
816
476
1154
4564
3013
5972
2406
2363
1938
2746
3874
2199
5183
2096
4637
7408
3490
7960
430
5643
6852
3494
4675
1910
1943
7093
3715
7862
5859
862
2244
5138
3154
6798
5516
6087
2732
6251
6961
1008
5310
5579
6781
3011
2836
7917
6236
3537
4964
750
1305
1134
2166
7989
4231
3727
6887
4319
3625
6060
6360
200
544
6540
5647
7924
7825
4252
7431
2313
1283
3976
1365
1505
7219
4581
6929
5394
5312
5697
659
1232
4392
6365
4109
6548
5356
4365
5560
5035
3451
891
7133
5651
3360
7356
5022
6543
5397
4314
6994
5972
4966
2951
2045
2178
4196
2232
1939
7548
2026
5166
4692
6306
2436
2775
5953
1752
4010
5232
1636
4400
6669
3897
5991
3743
7006
852
3051
2983
7365
2154
4960
7501
2257
1592
5038
7556
7900
6940
408
739
5588
4504
5167
1622
2512
7391
7801
1905
2345
7721
3836
787
1859
2382
6351
2818
1295
6008
2276
6241
2527
2478
7226
2030
1350
2652
5070
6694
5052
1500
12
1199
570
6123
4983
1072
6523
3275
7126
6941
1665
1298
6636
2061
4747
4667
3980
4618
1300
2647
3914
3083
7822
3646
5717
4510
6451
5922
2637
4461
7811
2811
3111
7777
6148
3562
6469
1232
67
6728
402
7415
7590
5660
7926
2401
6878
4914
6013
7108
4567
6475
2173
4020
2060
6518
6066
791
5682
4130
7394
3956
2312
2301
448
5242
271
5661
6198
6342
4843
6417
407
6593
2979
401
3131
1191
7538
1033
2229
4908
3579
5932
1794
3836
7227
7509
3998
1428
5482
5261
6042
4128
4439
128
649
3887
796
6231
2512
1859
7913
4386
4339
3336
5269
2659
380
2153
5664
166
1435
1162
931
5797
3097
140
898
150
4578
6853
157
2100
3376
7517
2158
6542
1013
5690
2514
1252
4755
1209
4345
80
4878
2690
1924
5346
631
7462
2282
555
5391
1839
5443
3828
5993
1065
6135
7060
7694
3947
5214
5363
1162
5752
6596
1255
3217
6229
4150
1282
6534
4995
4711
1658
307
3640
3711
6863
2265
3656
3441
3422
6158
2687
7555
4889
6826
6429
2095
7520
4051
3829
975
7669
2507
2711
1671
5959
4485
2641
1350
7427
3009
5853
216
1117
1277
5973
1414
5855
60
5338
2086
4522
4014
7714
2868
7003
7914
7589
7646
2104
7241
4152
5139
5744
2871
3185
3523
7805
7932
4017
3691
3622
2136
5200
1217
3086
250
2909
390
723
2538
6211
3951
2247
7254
4123
4853
5933
2896
6426
4165
3848
2990
3011
1379
991
2750
184
4264
4538
862
7896
2332
737
6596
6344
2712
353
2539
4201
7157
874
2227
3069
7729
1044
3345
3531
4796
1609
2786
7411
1591
2928
3139
3567
2821
1936
296
7011
7768
1407
7165
881
6260
7962
2223
2985
4772
1131
2234
7193
2581
7877
3659
6875
7569
1648
3119
7329
163
4514
6316
687
817
5994
375
5941
7308
7262
5838
783
350
471
4306
4859
3598
7511
6906
6049
7503
4172
4404
4930
4842
3976
3371
577
2728
7276
2909
1458
7351
5746
3561
3711
7520
563
6869
5018
3542
4780
7472
2874
399
4326
4171
7338
594
6952
4589
5724
7048
3634
2319
7035
23
485
1981
970
7861
2534
7768
3164
1562
6975
4505
5846
248
1173
749
1591
6245
7228
2229
3337
5024
2053
5335
3561
7986
2543
4286
3136
3158
3654
210
6549
420
6857
1595
4429
1632
371
7650
5054
7468
2217
6068
2402
2936
3796
3506
1835
4539
1757
6377
7694
3305
6012
3022
816
6745
6629
2083
2337
5433
3178
2227
7781
5175
5698
4071
6011
5238
3550
4517
124
3680
1463
6388
7777
6550
4387
979
5356
1573
5448
4604
452
7546
393
3225
5527
1005
3656
2988
7328
4466
5276
6840
2341
489
238
5351
6567
2934
869
1963
2307
178
5670
2960
3360
3646
4942
6424
5425
5733
1327
6930
2331
7927
1723
1417
4196
5963
3640
7267
6656
4194
3041
943
3423
7457
5382
5811
7337
4686
5446
7130
663
6780
5430
1720
1551
3177
627
5770
755
2837
6709
2260
3388
1892
4698
2565
142
5921
6773
276
5192
3470
5321
1635
5863
151
6346
3110
6685
5451
697
7992
5835
7262
502
5999
3586
498
7310
3909
6348
1133
3474
3859
3195
2533
7694
2838
4990
673
880
7658
7352
559
173
2819
4927
2737
6862
7643
5232
2983
2165
3077
2762
5683
6397
7221
6122
7585
6499
2074
3616
5900
5523
1373
6713
7990
7563
4992
271
7570
5426
877
7618
7705
7379
6523
4315
6597
673
1904
91
1608
7205
2040
1541
6508
1281
1902
2230
6288
1652
7757
4576
6993
5926
579
1409
6168
4142
628
5881
5482
6171
3345
6583
725
2455
2714
3101
7109
7722
5490
5976
6052
2701
3627
4920
5399
3408
4565
891
7233
118
851
5641
4536
3395
2835
2747
2121
6556
38
4098
6907
7856
7536
7942
3001
7110
5292
6003
3068
975
5535
3983
2303
7010
5196
954
7651
6573
3885
3209
214
6995
7457
7040
4482
1563
7014
496
3303
5613
1678
4864
5590
7533
6732
7279
1052
6629
7551
4573
826
7684
5490
5893
241
4593
5010
1338
47
5869
6235
1363
4550
5882
1539
6630
4972
5402
3324
6694
6689
1180
4749
7669
2619
1160
491
441
5165
1464
4915
5701
156
5565
2717
195
2936
5814
6998
4468
2203
5238
6621
4897
5510
2324
5772
552
581
2068
2078
1509
2255
53
2412
1252
1691
7235
2691
2422
2449
4380
4219
5618
163
732
7867
7090
7793
7891
558
6651
5502
56
5215
6679
1903
6475
7099
3269
1646
2330
3549
6292
1433
6166
5986
6085
7449
7793
3533
2610
1011
6527
2106
5855
4147
5652
7440
7929
2878
7170
493
4544
2223
7747
6916
2196
586
3790
6153
748
458
4187
5591
6138
6843
4898
2706
721
5245
1218
1981
699
1686
7463
1613
684
2447
1117
7783
5596
3965
5014
5607
1099
7951
2380
709
6219
2711
409
606
3866
4520
2332
7937
4433
3242
3981
4769
7691
786
3299
2988
2618
2390
1952
71
1283
1232
450
1837
1009
7015
5844
5924
4714
4357
6950
59
4702
3855
980
5508
5167
7770
7522
5201
7718
3943
4234
4583
1888
2273
6113
4145
3961
6444
1009
428
4119
7512
1081
2304
6828
6294
1090
4479
67
4030
2655
4525
4243
1331
2573
5418
1241
793
1951
5225
7852
3684
2660
4015
6480
4031
671
5418
3783
5182
6025
1909
3264
4493
1112
7039
4788
2481
3973
1728
7796
2228
1046
3029
850
5484
6421
7543
1858
4945
5794
6705
2614
875
1563
1416
4743
6623
7324
1937
53
6922
4965
1683
3152
512
7663
3859
7400
2356
6491
3640
7696
263
6819
5246
7885
7889
3751
548
5043
24
168
3529
652
5679
4363
509
6616
3655
3320
4761
1419
1983
1593
22
4972
6863
7120
4726
2303
1002
6028
4091
2979
6384
5801
940
1350
1352
5507
2268
4089
5548
5466
2363
1537
5181
7638
4491
1013
557
6160
3688
6002
4406
3605
901
5519
2209
4163
6749
6042
7661
6180
7316
2844
2215
1688
755
944
690
2395
1639
5989
2178
2378
5579
6752
3535
6979
7792
20
1967
7565
6034
4811
1301
2069
6893
5466
2378
5398
5670
4901
2954
6190
2216
5027
7962
6279
3105
3158
132
500
261
4403
2934
612
1058
2679
6355
1721
3077
1968
203
4601
6643
2211
7751
4199
6009
7022
5756
3749
5284
3979
4268
2862
7989
7676
6861
2888
5058
5396
140
4483
4769
709
5349
4173
7813
8000
7631
4106
6983
4551
3401
3566
1108
6844
3164
1133
1345
7919
5403
5156
2437
3343
1931
3949
2371
239
944
135
3639
5822
6422
3699
2395
5359
983
129
2159
882
7951
388
6878
3194
4552
3892
7174
992
66
6966
7216
2159
3643
149
4853
4814
6784
1775
4713
1425
3836
1524
5422
7142
5312
3009
6125
2526
602
4828
1623
5584
7032
4927
5584
5436
6670
6295
7379
3206
5080
1844
5295
1144
1736
2000
5739
2062
753
1992
3882
5746
3884
7739
3250
3070
6119
5696
6538
1703
7955
3370
1331
1198
1044
6407
2261
4808
6572
1322
5867
3787
2296
7577
6603
4599
6725
2116
3476
6339
5011
2758
3064
2283
7725
2485
7085
6526
636
1391
4798
3874
2291
7481
3973
3991
1817
7360
338
5740
1002
1082
3037
856
7107
367
2818
3494
1535
3122
6031
5946
5001
1169
7213
4279
7307
537
4195
3533
7969
3391
1790
3725
6918
7248
6027
2583
2729
5121
3500
3431
178
745
2792
6479
1522
3329
1977
4243
6637
4933
2542
7169
3355
7672
6025
4511
566
1655
1224
7944
1984
992
7358
3314
2707
5587
5163
2479
1116
5717
12
7938
3053
1230
5523
6244
6731
1999
2505
59
832
4693
272
2030
4331
5929
5013
351
6812
7245
1085
1328
5868
4583
5921
504
6441
513
4885
4114
5856
7399
3362
3812
7464
2769
4592
7204
4628
5472
4127
3231
7832
7580
6643
5329
3833
3951
2262
5290
2888
2185
6694
5253
5683
1434
3241
5601
3474
3150
567
7597
5588
86
432
3974
5500
2038
3117
1172
1938
2126
3086
4720
6321
7650
5893
3484
6751
1803
5208
7227
2635
4156
608
5803
1891
1907
2583
6726
3533
2810
5897
7819
4124
4203
5813
7719
434
7698
1653
5140
5366
2222
318
812
6662
2955
2206
7453
5013
4927
1441
7156
3926
6756
3544
5362
7226
5117
5568
7658
5173
3960
2822
2633
2181
6647
4909
2610
3193
2857
5991
7090
3340
3498
2205
7390
7263
1571
788
3833
5302
3645
143
4990
3042
2557
2646
4826
5699
4294
6800
2773
7259
1268
7596
6161
3147
7470
4219
5153
54
909
3150
7896
344
6087
7580
6879
5437
5955
7595
3060
177
2453
3122
868
1076
4861
2022
1853
6012
89
5593
3269
7648
5685
3229
3362
4041
337
429
5066
337
7466
3190
2013
1666
5837
494
6710
2741
2262
7686
2448
4957
4321
7184
2577
5907
636
2192
5064
439
4236
6070
1517
5066
2679
2251
7079
7610
120
7448
7775
4559
4269
42
6206
2353
1136
2424
94
4056
6200
1595
6043
2100
1462
6881
5595
2790
6132
6060
6801
6056
6481
5222
4153
7093
343
3402
2159
6126
7079
7677
5034
2201
6168
7143
4697
88
2008
6484
6648
1569
7163
360
643
2536
836
3975
4527
3395
1027
612
158
777
567
6816
2898
4890
49
284
1327
3413
7515
1771
5852
5800
2664
4820
6476
6288
7220
3073
6492
4374
49
2981
499
876
3442
4432
879
1433
4188
1112
7291
5334
4527
7542
5626
1550
5889
1295
346
1599
7924
5398
3312
2169
1867
3477
5186
442
2939
331
7642
4500
3408
4029
7871
6987
3946
2923
6670
6880
5065
439
2663
7439
3197
17
6929
35
7956
7999
5508
6387
1181
3990
5739
4376
4579
3638
5913
1062
5708
2424
80
7630
4981
7873
2341
3289
4260
3772
2558
1116
4904
303
3694
7624
2621
5743
115
3457
227
7456
930
2799
2330
490
5982
1095
2475
2129
2012
5225
6774
582
4540
6664
2031
2784
6750
3706
5819
4786
2880
5130
7318
6864
1849
2388
5325
3956
1951
2175
1921
2279
917
983
3521
2224
4790
1193
4120
4990
6909
2163
3946
1958
3499
888
4814
7536
5807
5899
651
4174
3124
383
3583
1297
4336
7332
7676
2167
6846
731
3644
6486
3081
5895
5673
7980
3122
4967
1881
5003
2614
3214
1642
7975
478
3045
6279
2530
7813
2608
5810
5678
6012
1190
2170
5068
2832
5641
7368
3758
7619
2129
205
1618
581
348
104
5000
776
4467
3385
3554
3176
1596
1139
1887
2744
4385
6996
372
4203
4756
5077
6490
7463
117
3970
2468
579
6915
1691
4056
5964
2981
2963
7152
4875
2836
4473
6070
7170
740
7218
1884
350
3702
2427
6201
3979
248
6100
2954
4897
3466
702
6737
5372
5147
7118
5635
1744
