2145
7532
2914
6171
3399
4117
3157
4192
4536
5652
1323
1340
5642
1372
5856
7998
4719
4885
3607
339
6769
1965
3176
2454
3205
2037
4496
4958
4087
3163
2399
2382
3190
1623
7679
5785
7190
1752
6681
1665
1867
4266
6596
6116
4027
1293
6802
5685
3593
3705
5501
5211
6564
4333
2561
4510
6878
3957
4252
142
2952
2482
7867
6418
470
3032
2990
6690
4875
4628
5313
3273
4904
6593
3915
4916
6037
1075
3668
7837
5802
2258
1646
1217
1969
2580
551
571
66
365
1793
4093
7668
975
3325
6856
1862
7844
461
4481
4063
7163
446
6367
4105
6664
4747
5777
195
3379
5572
4066
7310
1463
6393
6155
5848
3556
7933
413
2945
5433
4913
1221
244
6394
3924
4050
6433
7568
7334
6427
1927
4601
2178
3957
4788
44
1783
5276
7272
5829
7327
4362
5468
6475
3206
2086
7992
712
1912
2871
1822
5858
6646
7575
3096
6447
6356
1142
7465
2318
1876
2622
3801
1562
7232
7755
6490
7424
6778
5855
1229
2585
2814
591
535
3704
3025
4692
3007
5694
1884
7198
6854
6466
5761
2224
2510
7430
5442
321
1240
4878
4352
4963
6481
5925
1840
3830
6708
4739
4006
6638
1371
5016
7623
4529
963
7372
7605
4958
3129
5337
2712
1995
2984
1596
745
2180
6937
2683
434
4953
2615
3832
3544
6811
5775
6137
4169
3071
3761
6436
730
3177
4097
3278
1031
2288
7796
6700
7369
7670
5878
6177
4208
7678
4313
1687
6691
5098
6373
431
3100
5503
4177
3775
1828
2041
1289
4513
6650
4007
3847
2066
912
736
856
145
2520
6987
3168
2232
2470
4217
1160
4396
3913
3453
5079
7546
1459
6792
928
2791
163
4876
2437
6959
5135
3031
1759
2243
6705
5794
5456
5770
4486
1283
3579
5383
3691
3578
942
4324
227
2813
802
1800
5461
4830
7270
6611
436
7103
6776
4666
834
415
4828
6279
2919
5428
554
4794
5102
292
568
2598
3769
1203
3954
3543
116
1575
6225
1188
381
4199
7651
92
6049
994
4854
401
2999
7482
1713
3071
2142
6189
7828
2994
3827
678
164
5634
3641
7062
7000
6411
4797
672
1465
5014
3328
3115
2387
3865
4786
5174
5732
595
7373
5014
173
93
7238
3692
3327
4864
2399
2022
5780
5697
7903
1031
2789
1910
5704
3260
1969
2871
910
1732
2643
3756
3348
5274
2687
6081
7068
1176
4231
5915
7741
5648
5430
2238
2622
4521
7562
3155
1606
4854
1212
1296
4857
5347
3793
2227
350
4662
2404
7418
7257
1475
5701
4515
3800
6825
7012
3586
7124
3046
5192
4013
556
5432
3122
1486
6123
4551
866
1582
3506
3884
2675
2060
5558
4901
2848
4293
1068
3664
870
126
5325
680
7519
582
4599
3657
5206
362
4062
1236
3144
4321
295
7010
4149
7268
5412
4093
7342
5746
3641
7417
2623
5473
2352
750
2291
511
1626
2419
7522
6658
3001
2978
5486
859
6234
5408
3924
3244
6354
4344
2127
2345
383
5706
1970
3655
3980
2252
4209
3244
6427
5315
7589
86
5888
3542
5835
6379
5433
1253
1616
7634
4694
7665
7521
6397
6019
7735
4757
4528
6649
7456
7596
7938
3319
3814
7746
2647
1326
3282
7688
4353
3384
5644
7903
2462
4032
286
7835
229
1113
63
7498
4508
30
1817
6122
4209
3441
7318
1370
2296
672
7501
1197
3303
7832
4499
7632
5477
3011
4774
210
2279
1730
313
3085
2611
4702
6560
5593
3966
3578
841
2647
3075
1794
508
2036
3404
2920
7907
5969
2257
4468
5313
1961
6215
4748
1686
7881
7498
2890
3571
5984
1292
6237
6894
4030
7954
1213
6755
2160
6252
7152
3629
3470
7179
5314
854
5752
4333
5074
5824
21
3714
1804
2290
1285
6119
3764
6034
834
3886
6597
2590
7223
716
883
1288
7737
1979
2335
4702
5303
1702
6853
3626
501
4082
1607
7113
4009
107
4958
5253
1373
4313
5625
750
5928
4473
6313
4524
1567
769
7008
251
4555
1988
4660
7253
676
4590
6858
703
7893
371
2699
5212
4198
1093
5047
7407
4142
730
1912
4303
7023
4383
4396
5715
209
5331
7727
545
1477
1372
6293
1383
1299
7614
5133
6331
6571
6984
5571
7521
5313
2390
5979
5496
4954
7573
300
3901
1554
1803
5584
4640
5094
1519
2179
4623
928
4130
1407
3417
7409
5320
1391
4201
3339
53
4682
1897
5798
3209
281
7405
7590
7688
4760
93
6993
5422
7012
427
2539
6472
994
7578
3822
6991
3421
7994
6737
2042
6143
3772
6848
5782
3924
3614
4836
769
633
2362
2796
4837
4007
2248
4950
3440
4542
6071
5567
1354
2978
3416
2931
7085
7644
5855
4673
505
1967
2952
6781
7502
1390
1581
5558
3635
5433
6108
7421
7021
1826
5284
1935
107
3919
3474
1894
2944
6893
6630
6584
6427
1924
2526
6042
2587
7524
1845
3573
7457
443
5275
5481
84
343
4225
2950
3062
3511
6838
3550
6517
5277
1626
649
3266
3190
855
6822
545
4100
5394
7682
7400
2073
7950
7894
5072
3769
3261
6127
6878
7005
1982
7733
654
3116
6929
5061
1702
4095
6819
3806
1621
5647
3422
2210
935
7808
1179
2159
7568
3557
6149
7238
1812
7023
3025
1292
7097
3869
3169
5848
3158
6327
3432
6476
5366
6131
7335
6180
2392
1453
610
4255
3913
1138
6501
5353
655
3061
4169
3843
4828
169
1108
3564
6438
4878
5449
7935
535
6328
5533
4819
1180
4496
2031
2099
4260
2182
978
4901
865
15
6827
5562
2352
2360
3497
1225
765
5054
533
84
1494
4884
2055
715
1733
3104
571
3501
846
2578
925
6474
4473
3048
4151
5013
6876
1699
7844
6681
346
7219
255
1822
2980
5617
525
5823
7170
3712
43
7556
3427
5515
5925
3889
1692
3247
6572
2508
7762
7339
2441
4019
5144
6278
4950
5463
3746
7327
5176
3509
1782
5813
7045
4265
7892
7568
39
5852
6435
4929
3080
3733
7418
344
589
3187
7764
412
337
255
905
3474
6056
1869
4076
1628
326
3377
3827
1983
6111
2567
3034
3983
3353
7562
7516
5843
5856
1898
5611
1062
6944
2536
906
2196
1796
4089
7830
7747
1581
4859
3423
5123
3646
6504
2575
2487
5155
6155
3546
4117
1349
2065
2955
2933
5301
4260
4382
5838
851
3434
6632
6329
2921
5447
325
1760
5151
4823
3369
7565
5080
7611
4220
2376
646
4731
3120
1763
7302
6152
3997
3086
2813
3563
6202
3226
5862
7962
941
4727
4379
56
951
5654
4487
2207
5604
3892
4048
1205
4056
6685
2561
5554
7713
1804
7552
1573
4786
7997
2533
4519
2256
3344
412
1370
3784
4436
4039
1232
2253
5655
3570
5432
193
7870
6524
7337
3693
7839
7092
5619
3040
1038
6910
3858
1
2689
7717
355
2132
2385
4116
4608
4136
2069
2593
7083
7729
7755
5347
1253
757
2343
5758
7265
5725
77
3624
6913
3571
5108
3324
3055
33
2196
4858
2512
435
70
6362
4481
4606
809
5888
3754
5934
4667
1705
2234
1797
6819
62
845
7793
359
2805
5594
2430
58
6711
4888
2348
4383
3214
697
586
1138
5445
2459
5011
1660
2829
991
7978
2358
5358
5871
3463
4178
7262
6997
4443
883
1670
2174
1523
1781
1184
3239
7480
1851
2358
6786
3921
7515
1507
6047
2596
5463
1639
3894
6165
827
6024
7436
6233
4031
7137
3415
5238
7572
934
7391
7098
6309
3947
4824
5134
4982
1786
1048
7420
2648
4556
188
7499
3876
4722
1070
5876
6501
5162
7087
6481
7631
1648
3864
1231
5509
7605
26
3081
3686
940
4552
3102
5084
2959
5481
5854
3820
4765
4909
4036
7381
4388
5506
6181
6029
1930
5611
2755
7530
1016
1276
1729
5174
6712
4080
3234
7691
478
2542
3919
7171
5195
3752
7946
5449
3045
1719
5918
5034
4782
1325
396
880
104
1482
6776
653
5606
3682
1422
354
7088
6830
7292
6011
1882
4111
6705
6946
5605
2926
6616
3702
2069
601
5969
4327
3399
3828
1501
2819
7904
7002
3792
1411
5416
3823
4982
1786
4429
523
1751
4469
1796
5653
2055
7538
1558
3908
1066
7505
2564
7095
2107
1385
3921
5566
2021
1160
5439
7993
5593
3909
4806
5744
7858
3954
6477
3396
6421
1683
84
464
7654
2177
7815
4553
4635
2145
4337
1340
7196
7172
5304
997
1800
7342
4839
2546
4483
4379
5803
1925
4322
7175
7019
7669
6510
6871
1364
2489
7674
2138
7158
6588
2283
1227
1216
3185
1212
4096
1649
1567
7608
6914
5420
294
2488
5379
5356
4653
4465
1927
5645
3895
5334
1932
2205
280
2024
3742
3438
2254
866
3372
7409
5760
7302
2571
2470
436
7938
4797
2655
5397
1191
1086
2292
973
6922
3070
4899
1775
4261
7661
3301
741
2142
7297
3417
1372
3184
832
7961
574
2313
1029
1825
3179
1337
2343
397
2093
658
2198
6334
2728
1386
6423
5288
7470
6931
3110
2068
1615
4149
6660
4769
6682
31
3814
6541
6456
3425
3971
3943
4165
3528
4494
1109
1542
1536
3720
6055
2134
3215
7352
3088
659
1960
1251
1946
580
1935
2812
1191
3715
3687
1763
6998
2030
5528
674
1739
6917
115
4927
6608
4562
6929
4649
4659
4158
2572
6969
4119
7706
7938
7873
5883
6723
2086
4900
2418
7828
5755
4476
1259
2552
698
5848
4494
1565
4781
2438
6866
5183
540
3626
7372
4736
5089
6769
7727
1737
4664
5324
6201
2767
2805
2333
1859
7544
2224
1130
1475
3951
319
6716
6660
4243
2174
6140
6547
4509
7477
1465
3329
5080
6141
7783
4613
3087
5986
3148
4599
264
4290
6047
7810
7365
1174
1533
788
4152
6906
585
7866
6359
1995
7743
3509
6737
1484
6593
7579
5993
471
7932
3021
5670
291
7981
2872
7568
1129
804
4501
3108
5612
4644
2915
4499
2012
4621
5612
3349
4470
2162
6419
2640
1176
1663
4737
3836
1891
6669
5891
1820
3928
2665
3309
801
2203
2728
4499
55
5251
6842
3269
7828
4148
7467
3176
5948
6290
4152
6370
2142
1916
1808
373
388
2104
6819
5183
2508
6718
2728
595
6383
2412
3829
4773
1673
429
7241
2195
6635
6527
6399
4382
2334
3481
3793
5219
6622
219
2362
1709
4930
7055
7436
4833
2975
4595
6821
1611
1295
6189
5506
3329
4063
7337
6242
986
29
4602
2053
2639
1036
3832
4845
5574
5932
2427
1951
5970
3765
1527
160
1632
624
5783
7671
4583
5868
3122
3781
176
7380
738
1815
7903
2569
597
4072
2921
2876
209
4148
7092
6423
3422
660
2250
4900
734
1746
3382
1471
7078
2471
57
5651
6023
3722
3384
7174
6764
3277
2915
3629
1764
3644
3807
5676
424
2335
6696
2449
4995
3008
1582
808
4520
5912
2916
2322
2383
7127
7080
2875
6026
2832
1280
4416
7052
4800
6595
2686
441
2833
3075
1817
5127
7566
2900
7334
5294
3281
1805
4461
65
3933
4152
7250
7873
5604
5241
2556
4651
647
2567
4224
4490
1785
1431
3329
1278
7445
4872
1096
143
6214
7744
3937
4292
2923
4583
4632
3691
5607
1902
7490
4933
2280
644
6087
1929
2614
7193
1279
7459
959
4503
2274
6279
588
3410
4028
7834
7204
5072
4292
3843
343
1675
7785
898
80
5440
72
3894
2375
3283
5613
6931
3958
2215
2159
6359
5762
1674
6945
978
2869
2419
85
7126
4050
3193
2236
835
3522
3848
3037
980
2294
1452
3693
4612
3152
989
6108
7498
3502
2080
359
4564
3069
126
7635
7571
7022
3351
5912
1683
414
494
7434
7096
7864
2003
2601
1705
3256
6835
7447
3841
7881
3961
171
5456
3467
7384
5926
7157
3967
2688
4123
2038
3759
4189
7588
4540
1338
2771
3739
1584
2784
1594
2284
5034
1788
1115
7204
357
7075
2342
56
4523
726
5007
459
7962
5967
7390
1611
5180
5216
5228
4789
2017
2237
5156
2319
3485
2636
7453
4831
1044
4276
5862
7329
4409
2586
6065
7663
928
7204
4629
3626
84
6335
1335
819
5312
3913
1162
6778
7230
1961
1462
3077
342
2526
2250
2811
3490
3851
167
3975
5097
520
7030
1505
2838
2692
5439
4311
914
2938
7835
7725
7646
1148
4303
1332
4822
1055
1787
7322
7596
6039
3277
2679
4619
77
5923
6367
6204
593
364
4545
6620
3832
1105
4528
345
6570
2277
2871
1156
4564
59
7028
6710
5431
1814
5564
4324
1258
527
5808
3405
6996
4932
4756
1336
4359
4959
1095
2328
6161
4760
2289
872
755
204
180
1482
221
7695
4606
2186
3264
6050
3651
2173
4929
7578
3133
5281
859
1853
3690
6597
4316
1386
2131
7815
1918
5358
1288
2479
5795
4818
7953
7075
6858
3932
4763
7001
4239
7695
6867
6233
4137
5158
3824
7362
4553
2403
2157
6370
2917
6526
3326
6370
3899
1975
1718
3075
1822
7655
5351
1501
784
7452
5385
3788
2180
2554
387
7154
6176
3505
4377
1765
5384
1942
3786
2797
7850
3414
3538
2461
5202
3331
261
4893
4229
2071
1089
5768
4952
2880
2880
108
6234
1442
2802
3011
2979
5499
1372
3665
7060
2755
2077
536
2370
2295
3579
7135
2983
2389
7984
7126
731
5361
1739
7295
6308
3733
1337
5560
2014
1477
7691
3002
1950
67
6114
5442
4381
6045
1682
6836
1705
5946
5951
2556
6236
3046
4637
4160
4904
7556
6667
3110
1404
7850
5372
3782
40
4475
660
3947
1709
1189
1215
6694
7689
5420
632
2266
342
3902
136
3950
2588
1
1845
7021
6826
7098
520
4142
6938
555
592
1290
729
7332
5267
7940
3697
6705
5439
3942
3887
4342
7474
1821
1813
3894
7507
7729
3173
5336
5098
7522
2300
999
4494
2457
2638
2278
6029
3418
7148
3084
1046
6514
2134
6580
1030
2637
4388
4785
2196
5692
555
7016
7384
1190
7839
5976
141
240
2797
3520
4102
5181
5791
4594
179
7483
4371
7434
2578
7916
7389
903
7007
3122
6552
3990
3186
5383
7381
476
7994
7424
7743
723
3276
6267
7485
5819
4277
4471
4976
1877
1201
196
2189
2115
2785
6967
3851
6549
6441
7505
298
1756
5069
6656
3959
5518
1409
1837
4053
5886
4088
3442
4845
6170
2528
748
7216
1393
407
6473
3503
7454
7119
4480
5205
3928
907
7592
357
6289
693
7223
5531
3503
5757
7425
687
4585
4700
7825
441
2507
4272
5294
6448
2560
3459
6161
6856
2562
7137
2902
7690
7324
554
3466
7147
5513
6671
4705
6443
4233
6578
7148
6172
2659
4735
4015
270
7669
3
1387
484
5044
317
698
1453
3948
1441
5214
5013
1772
3706
3068
3629
6538
7515
1452
4379
4755
6961
7366
3336
2417
7234
3936
6842
3676
8000
2692
3607
2048
1066
3534
1057
3527
5498
2575
1658
4847
6469
707
7815
6888
1612
1444
294
5765
7271
4536
6796
7484
7836
4814
5013
5780
3796
5135
4743
3055
2730
5950
2626
3781
4428
7628
7345
6421
3587
2734
4407
2423
5514
5383
1654
5636
1643
3242
3843
4029
1794
5341
352
4676
7923
34
3683
1875
2670
70
3521
4553
3334
6257
3663
7382
4182
6634
4093
3465
1252
5567
1130
1094
4098
2571
423
2793
3542
4724
2329
6267
7181
5745
4639
7578
1683
779
2019
3783
3829
5113
5306
3053
5441
2511
4148
1763
1244
623
3791
3832
3985
4882
4251
769
3087
6192
4943
433
6211
4456
5834
4706
6297
7827
2611
4001
4152
5523
4942
4029
7728
4196
3733
7107
1390
6668
759
141
4692
4157
4582
4520
7667
1055
5639
7700
2363
1497
1335
6340
4070
4530
2392
3881
6911
747
5550
585
5918
7789
7616
4889
2354
698
7381
6470
6326
7560
4202
5509
6101
1549
4385
2609
6121
930
5264
5385
4494
5293
7150
1237
3575
6224
7302
2481
1013
7401
6196
793
7299
3376
5674
3565
7321
773
5983
7959
7873
7846
1364
1586
7016
1838
1069
303
7850
6743
1942
1228
3865
431
1282
5074
5871
3830
6745
5777
1033
5465
2531
6838
71
387
4601
5838
506
4241
2955
2115
3832
7614
2528
5009
7842
12
4312
4598
7640
6502
181
873
2489
3314
3903
7938
6794
7454
6902
4086
4265
7283
7363
1987
3807
1424
1206
3441
329
7183
5680
7830
3248
7524
3051
2821
406
3711
3369
4051
2818
5694
4288
1501
7525
1836
6047
3329
5815
5247
3433
7650
7241
5427
1356
2925
5655
5208
3425
941
5213
1652
3474
649
4104
7609
5258
2549
7816
3547
6113
319
2499
3725
3276
6503
2277
6325
6032
2864
2439
2569
6343
3253
1911
2148
622
2187
7095
3998
5014
1301
3985
4403
4888
2500
440
2874
4598
2017
3975
1161
6451
3056
4942
2562
7578
87
7346
1276
6744
6879
7260
5604
5890
1778
1535
6155
3331
3572
746
2639
1279
981
4150
7951
6015
7040
2564
621
7538
3211
5577
3135
1716
6338
3121
2702
7657
2906
432
6463
278
3749
2998
7042
2288
6676
2512
6058
3060
2144
394
4981
1864
5610
2925
7252
4985
548
3065
2002
4565
1293
1333
4289
7997
6523
3431
4025
5518
4379
11
2810
842
719
1715
7712
4830
7054
2079
2475
357
7922
2781
3534
991
1925
2847
5122
7204
5166
649
2371
2790
2301
1507
1324
3871
1004
805
5105
7215
5531
2872
911
6548
3750
3564
3074
799
7695
4396
4146
6671
5723
4264
7840
7086
634
2084
1648
2915
7498
4121
2026
2939
4232
3658
500
6099
2368
5991
3812
2126
4923
3388
4892
7968
6804
6766
138
320
5067
6847
4992
209
3416
4620
7488
671
3125
3728
4511
670
7176
7285
4897
6715
1029
6144
6040
1489
7654
6436
5600
1408
6255
4516
7953
3904
123
7116
5304
437
359
3906
3837
4539
5189
7476
5049
6190
1744
6861
6173
6794
2481
1869
1373
3653
6841
6269
268
4707
7795
60
2714
5515
818
529
4934
3962
3544
4587
5978
3729
5549
3975
6179
4593
414
7212
6765
5528
4048
6869
6037
7904
4897
439
3315
3134
6948
5665
409
3670
4602
7632
987
2458
6106
3004
5050
498
7511
7963
4893
4285
4398
446
962
2242
5002
3169
2073
486
5162
3352
2417
1127
4552
324
4815
2320
4290
4408
7382
1330
2240
4557
1594
5790
4633
3787
7854
4055
1542
4155
1933
7258
4961
3204
4604
1320
1011
2733
1889
4457
5855
1457
4183
1984
4109
5390
3276
3428
7676
6039
7640
6338
2145
6433
4255
3283
3913
3349
1454
2737
6841
362
5137
6827
3407
5810
4259
903
441
7051
7970
4199
2982
5856
5691
7101
814
2305
2263
1904
6169
1551
4160
7084
821
7186
4873
4685
4909
1700
156
3938
4939
6805
5468
2781
5119
6327
1185
5929
6833
313
5606
2089
7618
2971
1889
7477
7327
6071
5482
7758
6814
3632
4129
5927
4457
6084
3902
1760
3191
1283
2697
1934
4683
4639
3344
6548
1542
2747
1180
4026
3810
7971
1112
5829
3215
1244
5348
1770
649
583
7072
6254
1831
4677
6039
4676
7862
6609
1077
3474
2804
6370
3060
2369
1069
6257
3419
5464
5855
1082
4798
31
5916
6424
2980
1838
4442
75
7941
1404
6735
509
6785
731
5197
875
5423
4200
4613
7215
2827
4500
423
1385
6241
7560
3097
6675
3185
1540
3081
4501
9
618
3547
5352
5884
2064
5311
7982
3945
3718
2335
7590
191
4405
7877
5251
1941
2964
5383
4123
6073
5551
7299
3040
3702
2245
1965
3198
4025
3464
2047
739
7704
1053
7434
5503
7850
7068
7538
4989
4149
1934
3339
260
1281
4926
6490
3386
773
6971
4912
4253
4261
1547
2962
3985
6153
359
4101
6160
7813
1855
1890
5579
6128
7925
1148
444
5547
2145
35
6054
3963
2093
1570
1561
7674
902
4787
3257
6279
1067
1581
5903
2595
545
1640
3923
1931
6457
7906
4219
6328
1535
2688
1232
690
5651
1567
2725
4749
5760
7436
3097
6117
2825
4372
5297
4466
132
490
1126
4467
7463
5511
4645
7274
165
322
7068
4011
1802
5944
7717
6232
3470
5011
4363
431
3431
1014
6801
1038
4446
2710
5430
5179
255
4949
4119
5741
5008
2193
1086
5480
4027
4900
116
5467
5884
5011
1309
5220
5605
3739
2964
6005
6321
6067
6188
2228
4974
5067
5647
1984
2059
746
143
5120
1192
5003
105
1649
7343
576
7354
7775
5731
1284
5272
2687
4154
7571
815
558
4234
3728
892
5947
307
1826
2276
7915
2498
5685
6819
5528
3287
6075
7808
1117
7674
3166
6639
309
7983
5772
7864
1119
2571
2616
2557
7833
7014
7589
2277
5367
1588
3167
3635
5010
2772
4668
6679
4864
6760
1415
4301
5433
1546
3581
1006
2169
2437
874
5822
7196
4568
4687
3033
7258
930
7956
5010
4290
5050
3652
1896
7402
2655
3426
5922
7941
2067
4289
5598
437
1798
7862
1854
6174
4979
1163
2937
6068
2578
1267
2420
2459
3706
534
7334
2885
6283
2373
4228
6634
6898
4889
3862
4967
6360
7041
3576
2677
6613
2497
1331
2893
3457
6043
7003
7314
4309
474
1908
1811
1388
1312
3746
7994
3084
1134
592
7702
2461
4214
585
6061
4592
813
3256
5462
4649
3430
3460
3866
1383
1026
296
2900
5543
7365
2897
7198
3791
1317
1043
6810
3979
4894
4528
1046
5883
7777
7969
6586
5853
7884
4488
6840
5330
3306
1752
7604
6772
3242
7378
6787
7885
5488
2978
7153
6780
208
3292
6852
4572
3532
4704
4060
4473
1366
6431
6851
5312
732
231
1794
7926
3759
3626
5124
7930
5337
683
5519
4803
7757
1469
5170
7038
5848
1599
1221
4608
1026
7676
7403
6253
1754
6131
3564
6610
7650
7468
3876
4603
6820
3663
5287
4588
4821
3819
586
7130
4873
5722
7595
2751
6964
5757
2501
2835
1746
4737
3916
7993
1404
4703
6628
6743
4729
5673
4350
1320
1841
2307
3214
1148
422
3175
7071
3776
755
577
2539
3367
2516
4574
1950
3534
218
5712
6584
6688
2209
805
3822
6650
6320
3646
1401
5618
1143
3409
3191
7347
7767
7724
6382
6681
5487
7980
4362
6263
6045
7195
7606
3152
1086
5082
4033
4464
1107
5842
5873
1627
4127
2019
403
2658
947
1343
4420
6263
6084
4363
3166
3461
3131
269
5960
2860
654
4535
721
1243
2017
2027
7674
538
5753
5060
6617
749
7242
6159
1926
4310
5840
5143
7014
4139
1285
4798
5394
6597
780
5107
376
7967
6794
4323
727
5897
690
5743
7299
656
5903
6671
2118
7366
516
6838
5367
5076
505
3959
321
573
3463
3587
6610
1043
1579
7661
2708
388
3981
7219
2371
646
3660
3071
3471
6417
3054
2364
486
511
3935
1602
198
584
2889
4566
2568
4102
6540
6054
3275
3036
5520
6693
786
3659
3772
5806
3963
2028
6834
4194
7997
3004
1477
7754
2604
2438
3709
4213
10
1033
3066
7352
1502
4548
5436
4670
4168
7290
7583
5408
1105
2573
7934
3073
2497
2238
615
83
4766
3982
5791
7760
6853
3665
4001
7267
4033
4491
1102
1369
3769
4394
3799
170
2704
3706
3203
6839
4354
5779
497
4599
3927
3468
6927
7552
4130
6793
2602
3400
3307
7707
4422
4600
330
6533
5174
1817
6296
5875
1331
2281
4523
3683
3264
2826
3796
3224
5051
2685
7549
7476
3935
3884
3507
4987
1056
2618
7374
5307
5753
1633
7617
136
6387
7647
4981
120
3922
4632
4279
3449
5608
6135
4745
1347
7564
1780
3944
6598
1408
650
4640
7776
5703
4699
1833
7544
2505
3629
253
3927
4074
2493
7950
4658
6670
7779
2854
6027
2335
160
5945
4794
3107
765
483
2324
7
369
5673
212
4717
6505
7936
3582
2277
5194
1405
3837
7504
5003
3791
4578
5810
458
6538
5703
603
4152
7882
6865
2525
182
3594
2904
938
5956
448
719
922
5204
5628
5458
3152
6929
1235
6313
1940
3472
4399
3016
7746
3404
6943
5671
341
6995
6744
6516
5834
879
7005
3249
2526
4155
5578
5774
259
7942
1045
1649
3723
6038
4591
812
546
6645
7087
1944
6993
5155
7389
1932
5358
3248
1119
6975
2112
1866
6195
1268
7466
4732
3999
477
6266
2186
3319
3928
929
3600
5015
7933
5358
2321
100
4124
4037
4418
1377
4747
2246
3136
3958
5655
7723
1436
4801
217
1020
4551
1720
5110
5302
2563
411
4392
4287
6036
1591
2876
4244
1467
74
3265
3071
6160
4404
3116
5896
2106
1778
529
1081
5987
552
2478
597
1095
4764
2226
7684
3421
4314
1833
5568
2668
41
1305
3561
6272
3622
7446
3952
2844
1585
6895
2237
1349
5405
3325
1536
2908
5469
5842
1087
126
7972
2557
6253
7354
1733
367
3464
3824
662
375
5899
449
3776
4250
6725
609
4502
3038
4072
6437
3565
4023
3802
6307
6964
5001
6863
5189
5372
4203
167
987
7391
4019
6748
7865
5552
3256
7454
949
5211
6515
7318
461
829
7144
3806
243
3297
4536
6531
3262
7738
6829
5358
797
4594
6170
3616
7389
285
4190
3548
1828
4387
3512
6386
6204
4245
504
6269
2802
2109
7135
6000
6210
4270
4152
1291
3911
8
2792
195
7951
4183
3431
788
1169
474
7353
4323
6305
6507
7497
6145
3324
526
7590
2629
4827
7481
451
7550
2382
6479
2349
1347
7515
5135
7824
945
2122
312
1395
6423
7266
7609
4915
5034
1811
4487
3212
2921
2382
7948
7358
6186
2552
1876
7917
2110
5408
1751
2092
4722
2540
5149
6622
5283
5515
7563
7215
1505
5845
989
7809
7382
5125
4675
5154
3054
443
4141
3738
4533
5749
4437
7154
3651
6721
146
4299
5891
337
652
6385
4492
2089
2115
2628
2663
4083
7203
3755
7457
2495
5711
3659
4525
1245
2385
5201
3392
889
2454
6247
6280
2584
2414
567
7221
7313
6862
3342
7910
7781
1911
2189
2454
3472
7709
4705
2047
7033
3366
4361
5523
1770
478
7105
3370
6720
4978
5038
4929
3656
4840
4535
171
2258
5542
5842
2986
2050
6868
7577
115
2656
4159
4412
475
6233
2011
7389
4968
4243
7775
3426
5440
6582
331
2965
7615
37
7294
4750
295
2971
1194
4171
4600
5179
5779
5873
3586
3343
2142
2520
3924
3421
3699
725
3705
2760
5161
4581
6969
1601
2785
5633
494
6646
1477
4937
7369
5638
7528
6134
2380
3430
5808
4382
7175
2236
4773
6820
725
5594
44
10
3322
6390
1831
1532
3688
235
4259
4247
5334
7763
5672
1580
1850
6479
5139
7109
5898
3388
7481
6727
1817
2949
5889
6474
423
3904
2216
1124
4843
6049
3919
5919
5139
1976
3996
6352
583
2443
377
7492
2017
4803
4568
834
7031
5025
358
7972
6213
127
7275
1662
2287
6890
5030
1862
345
1272
944
7605
5728
5907
871
4480
5926
3393
5106
3940
1973
199
1363
3995
1622
5228
7369
6228
7403
3746
60
686
2109
4902
7402
7925
379
4369
1090
7847
4289
4886
1759
6446
2287
5619
6788
4438
4117
2760
3144
4549
6365
4381
4825
5616
5151
3717
1351
82
7869
2215
7581
7089
7702
7702
1554
1284
3740
7620
6316
5759
3843
536
7419
3960
3016
3381
1275
3028
2957
3442
2068
2677
1547
5435
4884
1485
2397
3603
691
3054
1796
5133
3153
4948
6732
799
5764
2585
623
2714
2456
506
2556
1569
1713
1460
514
7505
4807
3746
2495
876
573
4096
6528
5177
5642
7266
321
895
3446
5245
7379
7821
3976
7629
7411
6678
5759
7123
3424
1991
5884
910
7982
3103
1491
3630
1608
1358
1273
6623
7990
241
7112
870
3377
6637
7410
7154
7515
1212
3084
2781
7956
2243
3746
4742
6393
6282
2245
6531
1250
1450
6873
6408
901
7310
2919
6493
3940
4738
3548
3075
675
5911
6861
2506
7075
3550
3966
1143
6834
444
4162
5205
6631
7055
1327
3301
227
5360
6623
5914
2972
4073
1748
4510
969
6348
4531
3501
4030
4847
4943
1880
6655
6281
931
5895
7706
7619
317
4988
4721
4610
5235
6797
7067
4012
6111
2527
5640
6726
7754
2627
7629
4437
2556
7149
2203
1646
5715
3270
1170
5787
5369
5421
895
362
3929
4461
5758
1501
881
7561
2692
4419
7643
7140
1024
6886
4810
3822
7190
4273
823
5712
2903
7854
4870
1519
442
2725
3059
7172
4189
3204
4286
7916
4372
2197
6015
6388
3645
5076
1832
3313
5576
7927
6486
3087
1638
5140
5191
5194
7968
4184
355
692
6445
1092
1234
5769
1824
7220
2486
6825
6561
4354
3420
2839
6903
7463
1836
5549
3830
2781
7091
3065
3157
5928
3259
4175
2958
7613
3156
6743
5706
6457
3380
2420
207
3681
3232
7717
2009
2478
6659
3881
7709
4877
7841
7875
5344
1895
5141
7793
6278
4050
3927
2067
1498
5331
4448
5446
3600
660
5223
2649
885
6138
4268
3190
7516
4120
648
1551
5983
3448
6014
7197
1602
1596
6766
7586
2862
7675
5967
4819
953
2802
2352
3788
6774
5609
1266
1265
2648
6337
4994
3634
6104
5723
830
3111
6699
4777
5649
5909
4717
4628
7789
1424
3032
5692
7549
1747
2062
1885
6573
1944
151
103
1311
449
2543
7320
716
1269
3767
3133
6267
4594
4250
2965
4399
4398
7101
5425
1251
1731
628
7489
598
3561
6899
5340
7268
4651
1435
5309
5734
5780
7723
6696
198
321
5146
4443
7846
3831
2691
4663
7649
7425
376
5305
7246
2771
1071
7117
6596
4955
5079
6211
3698
4679
2038
7494
7684
6183
4516
3340
5971
4582
6531
1494
67
1589
7151
5951
7069
4414
4572
828
5689
5761
3615
6617
4452
253
4290
6911
5626
7878
7465
5702
3721
2716
7424
489
1035
867
2242
7222
221
4566
5437
5842
3572
3570
5216
3206
6331
3813
2449
3928
6676
5562
4783
7361
1278
291
3502
3633
3829
7096
7967
1010
390
4384
2638
1935
3298
3325
7396
392
2839
3005
6418
6932
7483
4485
2519
3492
1450
928
1227
58
3611
38
5096
5722
6750
5957
1157
4006
2325
7717
2986
2841
5390
6585
7111
