250
287
7223
3557
982
4743
6444
1887
5543
4517
116
4846
3647
4060
2701
513
3304
960
1628
1302
251
5483
2548
362
2612
2468
7115
1039
2661
6168
3568
1098
4037
6972
7039
7767
6843
331
3182
6866
3755
2831
613
7010
313
4703
1451
1946
7966
2095
7162
5461
7300
4711
3059
704
4997
7245
1433
6813
4828
1129
7995
1225
233
5296
1037
2868
2468
22
5190
4660
3145
3775
468
5854
6085
1707
1020
564
3148
5873
7784
4584
369
5699
2667
3972
6018
236
2912
472
5298
3522
4847
6286
1158
1561
6783
486
6267
4814
2137
7373
6365
7005
1159
822
6661
5878
6972
2663
3433
4173
3742
1515
3703
5647
6248
5747
6665
3221
5459
3163
3638
6920
348
5037
3060
2736
611
1748
4547
2344
533
2542
837
2130
1419
4014
7475
1987
2634
4081
1197
6393
3035
1234
4830
5038
3805
4229
607
5952
4270
4493
2515
5289
5252
194
5530
3632
5998
4123
334
7769
6875
6682
4313
6526
606
1574
5294
412
6484
1774
3635
2699
1993
6346
4532
6172
3400
2167
7087
7267
5390
7056
1697
3864
6879
315
7220
4001
618
135
500
6913
1691
7786
3052
2433
3078
919
6129
4713
5925
6657
475
4053
7555
3297
2636
4113
5234
4607
7557
3000
6526
7435
2531
1344
6391
4136
1769
6976
3770
6258
7522
2181
2597
5427
3794
1193
5648
2954
7891
5146
2989
105
4028
2876
5695
4178
5173
4092
7006
2519
5144
7492
1947
3074
3145
2170
5102
3586
6204
1452
4184
3278
7383
6507
1463
20
2678
1634
137
155
7624
7117
5085
5267
7756
2085
6654
689
4996
6853
3685
4119
331
4767
2448
7475
1419
4109
7215
2412
1850
6379
2775
6830
7946
5428
1471
3129
758
7055
3319
4088
3629
5223
3383
4896
4220
7799
3826
3347
6361
4408
1023
2499
7197
4152
6634
373
5749
3941
6187
2881
1573
7694
6932
6797
1801
5490
434
3746
399
3382
3363
5859
6678
7106
72
5459
2534
780
5894
3265
1768
6835
6998
4491
4348
6541
7122
7657
3568
6784
2921
7611
4490
6494
2506
3211
4813
3373
3949
7692
4910
6624
391
4486
3468
7724
1716
1610
1205
2844
2419
1410
4853
7168
7532
3857
5643
2284
5413
4728
7015
637
2086
5583
7200
5586
7344
180
1498
4749
4898
4189
1978
6898
1561
2279
6871
6831
104
3962
6861
5370
3339
4160
4523
1652
5381
5811
3335
5788
6701
5438
2489
1135
4873
1584
2630
6375
7014
1145
4995
322
7747
3312
3669
2250
7396
2854
5263
625
7872
6777
4205
4903
5065
7305
3270
6849
7905
6176
4379
7786
5900
7151
2637
2660
4411
5612
4378
6295
4019
1614
2461
2240
198
5036
7481
3439
3271
1048
5223
5964
7449
6445
1537
889
1589
2902
4628
7374
1388
7675
7308
1330
2815
5450
1211
3378
5160
4340
2249
4130
1918
6926
5911
6565
3202
2486
1913
2586
743
6933
5882
2977
7753
5546
6594
44
1661
7151
2556
3878
2563
6900
6632
6887
1959
8
1004
865
4674
2789
2008
1588
4283
7624
958
2432
4988
5611
4447
7666
635
6058
802
95
2485
7424
5239
3539
4087
4361
293
4061
4469
7241
4782
5925
7828
3103
1157
4101
6594
2059
4009
1157
4336
7167
846
620
4537
7454
3080
7549
3401
7383
7356
2371
6929
3083
3312
5337
1339
3954
5471
4295
4453
7256
2366
867
544
768
2255
86
3888
6009
2722
3599
6349
4097
5229
1959
1457
3611
7953
7854
6182
4394
2563
1053
7591
2460
1594
2220
3748
4238
1795
4707
1698
6768
7962
5257
254
7197
6470
2566
7878
5058
2395
3431
4539
4032
2659
3809
810
6070
7025
4901
5042
3545
7224
756
3544
2606
1761
2943
6413
1554
5620
3700
2147
2336
6199
6175
7402
7832
4066
3851
2020
7832
6246
7354
2762
86
2347
4573
7492
1180
3624
5315
3403
4781
262
2743
937
4742
4474
4037
956
2456
3404
483
6249
5872
3905
3138
1391
2197
5503
265
7344
7579
1577
4661
1480
6386
5041
3501
2786
4136
2260
4195
773
6415
1725
7248
2352
7933
156
5040
881
7605
3147
1957
986
2315
3125
7077
2432
728
6125
4131
516
7552
6722
3411
5766
628
5526
3579
4500
7734
23
564
1871
4457
1414
3310
3561
408
7162
7456
283
6462
2575
6603
6479
3703
7621
6999
4256
4735
3097
3437
2920
363
3807
6333
99
2720
1085
4203
5172
1021
7293
6747
6567
1563
1442
5352
4966
7488
1461
1540
7420
6969
1487
5114
5206
6563
452
6940
3274
7013
5815
7728
6167
392
4269
5079
5361
2773
5404
5822
5763
3514
3482
1025
7999
4010
1286
5213
4484
7882
5278
2961
7896
6675
6792
3889
805
6015
3843
2954
7873
7528
2862
4572
5558
1331
2298
1257
5480
1139
5874
989
6958
5202
1692
2481
6070
7423
864
763
7062
3652
7349
7352
4466
6476
1843
7354
3357
4085
2984
779
5823
7589
4797
5382
6505
3976
7779
2137
4869
1300
5687
193
7718
5929
3981
2757
1654
2165
1418
4638
4582
5932
3348
6781
2788
579
3811
6981
4082
1257
2285
2452
2871
6871
7334
4567
7140
226
2623
1022
558
772
6182
6389
1088
7493
7666
1949
7442
6109
1407
3856
3311
3740
7819
4551
6527
6419
7329
7285
5487
7795
5742
2710
6924
1823
5077
1662
4491
1693
7569
136
6150
5314
3017
7488
7739
4575
5755
4710
6195
130
6070
5204
7636
7045
6129
7201
1295
1262
2230
208
4265
7465
2382
7480
2074
1777
4753
2692
6720
732
7363
7440
4175
1024
5719
7456
2550
4944
7302
1523
1057
6057
117
353
3901
30
5985
1627
2947
1167
2371
836
5354
4629
1449
7991
462
417
3499
2157
7099
386
7955
2588
6919
5443
1242
6691
6171
6076
7944
4652
534
109
4790
7883
2413
3338
823
4327
6681
4946
5261
3929
4506
7453
253
7474
202
1911
7537
5239
4592
2315
3649
1599
7774
5202
7337
1752
3815
6777
2614
632
502
4076
7646
972
4
4510
5297
6936
2796
2201
7593
204
1205
6800
4612
6436
1834
5092
67
6649
6756
6207
4595
6428
271
2117
2762
4269
5541
2323
1367
3927
3619
7418
6662
4613
817
972
3162
5885
7097
4181
7103
2693
2009
3475
6755
6385
4984
4621
5058
3863
5727
4873
5625
417
1920
5184
4348
4161
316
809
1128
555
933
4271
2292
7645
2514
7047
7485
7872
2231
1209
4187
7197
374
886
2821
4064
6120
6337
4557
6582
2220
1859
5780
4780
6552
5726
4711
742
7836
2437
534
6366
6005
13
6543
3830
7275
7007
6808
2475
5399
7973
7439
1128
1709
4650
3540
477
7495
5746
736
2797
1294
1381
2996
2251
4679
7342
7390
6773
2227
7208
2009
1174
4572
4766
1243
2214
7243
6235
5219
6161
7016
2857
2964
5048
297
4729
5669
908
4552
3041
4422
5357
2820
5725
7701
4495
4558
5391
1200
3899
7087
5700
3002
4695
7650
7037
5271
4815
7630
7418
4422
3528
2309
4718
1853
7236
940
3918
6510
890
661
3747
549
5466
1075
834
7311
1495
6427
2949
6273
1995
7257
5809
6113
1304
7654
8
3607
3952
1875
4152
3403
6411
884
16
292
6911
7912
7697
6981
5247
3288
3006
5677
5073
939
2915
5956
688
7351
2576
7568
5180
7883
5784
7065
7381
6921
5521
1620
7788
6658
7410
7446
2246
3041
2868
237
2110
3496
3347
4675
4603
7082
1701
6544
1397
2947
7761
919
342
4613
3193
4708
4114
1519
2927
326
3321
2508
7023
6173
7371
7563
5416
692
3237
395
2006
2114
3505
1535
4804
7360
886
6054
5642
1155
4183
3008
3501
5126
1276
7080
2369
1460
4924
1669
3381
5036
1762
4376
1718
6082
5713
2348
841
2752
4446
1357
7991
3762
1906
6398
87
5167
5406
3717
5211
983
5238
1594
2340
5254
1986
4315
2886
6987
173
5811
6137
864
1840
154
7331
29
2856
732
3511
5992
4341
3084
1251
6725
5190
1687
2914
5515
341
2066
5616
7804
709
6283
4012
7827
4623
1101
1386
2669
1274
609
6577
4882
1378
1712
6275
640
5822
3809
1216
2584
1443
3678
1225
6068
2487
2089
5958
2544
959
1520
398
7018
4153
1518
7264
745
2602
4801
2895
148
7322
6133
3421
3259
1299
5199
1801
5810
3971
3890
4447
2150
603
7449
2996
5184
7154
3416
6252
3837
3748
6967
7786
6280
2582
3408
7275
4601
2742
1351
5159
5558
6257
4016
4862
4097
6501
1046
5020
5382
2737
737
624
6188
7667
5950
7286
3454
1816
7555
6683
362
6681
1838
3583
3618
4403
7833
508
7886
4823
1174
2183
5139
3130
7242
7780
4866
6307
3155
7928
829
3948
4797
7130
915
4408
838
517
1526
220
1050
898
5561
5356
2811
4264
1522
1973
3629
1393
470
6038
1192
3044
3976
1920
4453
7328
5577
4875
807
2124
4024
7113
1974
3365
5460
7389
2938
2984
4423
1784
3672
598
1503
4594
311
3266
2876
5559
4752
2955
3558
6609
4778
4281
5613
6117
3245
5692
5156
7018
7883
7068
920
4204
2440
3007
1844
6774
5788
4692
2277
2906
6705
1311
995
3410
6416
7529
6563
1971
7652
6937
1995
236
1707
6802
3629
6326
4068
6325
4928
2658
5227
7905
2676
7230
4692
6871
6615
3187
4719
1500
4788
2138
2889
3223
4445
462
746
3661
7947
561
1560
7837
827
7137
2270
3038
6484
4699
6348
3278
1911
6932
6425
2788
763
3099
6398
1974
7924
3854
5979
941
3497
2481
5932
5493
6177
1331
2056
7430
4927
2886
6391
889
4193
6341
7498
5983
4999
1280
7155
4911
4564
7598
7322
697
3942
4292
3236
7873
4233
5966
6770
4051
7503
6491
1759
1782
4680
5349
6628
3840
740
122
1414
6465
1099
647
1581
7748
7229
3363
7820
7903
7975
4779
1509
506
4771
2048
1215
3549
6915
4839
5700
4123
5785
3050
3564
4625
7996
5752
5471
4142
3750
2711
1228
2896
6355
1964
3384
2944
2689
7040
4108
2910
2668
981
694
7175
4440
4620
1373
7829
7292
6653
937
2201
3372
4257
1492
5716
3786
5926
4602
7471
1075
7025
7956
2177
6224
4851
6540
91
6830
1827
4091
4741
1950
4636
2487
1008
3510
2713
6399
7784
4456
5004
6272
3735
1039
3262
148
3133
783
485
3964
5470
2655
4275
2172
801
6659
347
4512
5513
4969
7172
7465
5819
3455
2288
2438
5203
7221
3424
2064
3015
5857
458
1526
4320
184
6901
6192
6809
5907
6598
4258
5889
568
5898
3105
7276
5496
4560
7509
2508
5395
340
187
5986
3178
1491
3658
3777
115
1400
7680
2248
240
7546
976
91
4384
5112
4153
2116
4442
1186
1030
4822
893
4571
5356
1149
2423
3081
2332
61
6079
6112
4431
5199
1858
7750
5914
181
6115
6710
3206
2501
4541
3685
325
484
3922
5480
3672
3298
5138
4996
1411
4096
6006
7846
6213
3508
4272
2477
6230
6509
1906
2395
924
3237
5426
2948
5962
7627
6618
6233
5910
2606
5350
608
6962
7853
4128
3179
4339
4923
1717
5937
6359
5431
268
4937
7657
1889
3558
6271
1219
7820
2978
5944
4617
3244
2164
5008
792
7146
5164
841
1184
2462
3300
5132
6381
7700
7955
7184
28
900
5092
5262
1678
4945
1601
2879
929
3960
3888
4232
7072
6085
4280
5961
7974
5524
7048
3333
5179
5675
1424
5510
7918
281
6533
1940
5613
5804
579
3501
1857
3430
1569
6214
1105
1850
7208
7891
2405
823
1716
3346
6270
469
5701
5231
2691
935
1883
3201
1876
3273
6011
698
802
4434
7838
1384
1959
5493
2631
7234
880
4587
6181
1933
4109
6847
7848
2683
2088
2816
3234
2549
2350
408
6383
5417
7361
7250
7253
2703
7032
3445
6167
5523
3180
6784
2659
36
3549
5279
7306
1330
7310
5186
545
691
5451
2570
5595
6462
4937
7901
4007
4190
1984
4734
97
5615
4251
3125
4191
7840
459
7084
6486
6566
1831
3276
5451
943
3643
5646
7166
3506
1937
3681
2475
965
1440
6364
6038
20
734
2254
5226
5224
6307
6662
4657
7159
2153
7641
599
4107
3067
4221
5543
4239
6829
7206
1602
4169
6023
1925
7786
1772
2555
4610
1880
2073
6601
966
5135
543
260
5642
7791
3874
7603
4127
2595
4210
2434
4978
5166
7529
6339
7569
5518
1086
5979
6955
3759
4782
5659
7439
1563
4470
360
5682
3935
4317
2989
6296
6563
4049
3511
7318
6513
1022
4303
5967
6228
4547
1597
3608
7265
512
211
316
71
6055
5263
4003
2322
4620
7459
1672
3998
6449
7129
7948
7020
1984
7047
3196
4437
7777
699
6953
610
484
723
6497
5911
7246
6937
3564
6918
6117
546
3137
5575
2324
4479
6895
3915
1855
5314
450
1353
1714
6351
5920
5043
5680
5005
3468
5811
1690
4407
5879
7123
167
7517
3341
4766
2525
343
1421
761
7074
7641
6716
1346
1367
7329
1801
1369
2068
893
7087
4174
3318
4082
4104
557
6371
490
2505
7130
6198
1206
1894
2237
6332
7705
5664
6686
3755
4238
400
3180
5254
2768
7113
5149
1858
6282
564
1279
1047
2995
1609
5514
4309
3876
7131
7319
5962
5420
2053
4607
7913
5005
2477
6814
3431
797
3387
5244
6488
1441
1720
5695
6905
2162
3830
2617
3073
6595
2582
3074
7796
3876
6732
7070
6561
7064
6410
2811
1449
1203
7787
2098
1715
6200
942
7667
7010
5447
6053
7168
6703
7003
3345
109
7953
7048
1999
902
2171
2593
1098
4459
5791
7491
2840
5929
6730
3270
4398
4430
4445
7361
167
1720
5346
3118
6660
2485
3168
7080
5384
4767
1222
2101
7498
2774
7235
3784
6165
4767
1534
4281
7748
5975
4967
7963
3162
4043
6422
5956
2360
4308
7288
3471
4328
1436
5186
1775
3445
4766
2193
680
6363
635
7628
6778
594
7812
5020
4191
4628
1257
1609
5977
3138
5118
4473
2690
7680
6960
3205
374
838
1694
2028
4208
5697
235
5081
6737
2662
6977
6110
7573
3858
2883
5280
7219
6762
6160
5858
6423
4412
3421
2106
1483
6665
3023
4604
6251
2670
5945
4525
2117
1393
7351
7525
582
4375
5109
7973
6610
6800
3822
2857
6366
3301
2289
7772
3779
2774
1733
1529
406
1552
2146
2037
4029
7225
6624
7092
5511
2979
560
5885
3577
2393
7102
4119
3412
2814
7910
4643
7127
3688
5913
266
4398
1902
5846
4357
6356
3480
1921
1204
4522
6393
828
3445
181
5976
7320
6970
2807
1040
7013
1661
3959
4494
6957
5032
661
6821
4067
5552
7632
1004
3903
1041
6491
1122
817
4108
851
5354
7897
5384
983
2508
4630
5823
1223
6513
3084
4176
4539
4721
7873
2365
4055
3638
5484
3176
7386
3052
968
4531
7312
769
7431
4653
1355
16
4593
663
1696
5522
3948
4904
3012
7663
4449
4986
1253
2790
1405
5573
416
3851
5215
556
3342
2434
2963
4423
4561
7769
1972
2653
7985
720
3795
3878
7508
5712
3720
2434
2242
3073
2385
6564
3696
2350
1373
6955
6021
6339
3891
6281
5969
4775
7097
578
4651
4686
2401
1564
1563
4204
6810
2742
4003
5743
2789
2793
3512
6045
702
5385
5706
6366
2470
507
4155
4723
6163
2892
5775
824
5322
6506
3050
1571
2537
4777
917
4801
6214
5870
5169
6571
980
3429
1992
523
1263
1563
2151
5516
1254
2335
6494
5879
6488
2196
7942
6348
2698
2497
2186
3239
6528
135
751
7653
4649
1879
3016
6963
5239
3214
5138
4562
7501
7769
4864
7797
7953
7491
202
4977
4096
7809
1516
6500
3090
7833
3674
6870
3310
1260
5229
3206
1869
695
2176
5276
7789
7625
6884
697
1828
6257
629
1451
1197
727
955
2139
6277
7508
920
264
2658
2490
2257
3715
3585
4534
2997
4333
5963
3828
7785
6702
1096
1583
82
3323
6255
3589
5992
1680
7094
6246
7461
5443
3622
2536
361
35
2153
5506
5344
6536
7059
6311
90
2688
6753
7365
3041
1876
482
4002
3400
4297
4289
3276
6637
5442
1436
382
4029
2181
4876
4976
5770
6075
684
6815
6491
7319
6330
1467
3837
3538
6540
1432
1603
7257
1748
7042
7980
4702
1864
1112
370
5594
3492
7613
6054
7703
7330
3521
1104
5940
2531
1042
4374
4245
993
4455
679
402
6196
630
6135
6187
6799
1020
1002
6164
1469
2726
7977
7785
6530
5695
3018
6896
6911
3891
4139
3563
5388
4640
180
173
3394
118
5739
290
3528
6888
3548
4860
7962
1145
5807
7612
3114
6746
7189
4377
4054
7857
6787
1590
6486
333
687
6595
5992
3945
6562
5911
6089
2494
1368
2298
1439
6287
4454
1799
3788
102
4959
3750
693
2601
604
4423
7123
6166
3368
2688
6863
2224
2190
2007
82
536
3110
1516
1204
6513
2523
4665
4382
6516
2763
6062
3515
4725
1828
2672
1163
7783
7895
3685
5233
830
3443
2378
1634
1601
2975
5195
1745
6664
2606
2889
6417
4466
5157
291
408
6557
5994
1720
6053
3973
1128
1267
4670
168
1180
5448
7412
6225
6841
733
7695
3486
1476
460
3736
4455
4523
2961
3623
1343
4887
1532
4830
1710
4985
4313
5625
2800
5820
616
1712
102
7214
3654
808
3710
3931
4003
1432
3760
5777
1328
4470
1594
699
2495
5740
4397
2724
696
671
493
6977
1557
5850
3961
1688
4458
5959
4883
7404
4081
6638
4347
4107
5111
7329
7492
4892
4067
7338
5368
7745
4024
7961
6509
4696
3556
7173
3859
3344
924
4162
1842
2773
3404
2659
7814
6691
4364
2130
5102
1194
7459
622
2316
7775
4196
5134
2114
3472
6537
4002
6678
253
1401
7562
1585
1512
1573
1190
1468
4847
4969
3188
712
7118
4776
7282
6503
4497
3843
7071
765
6666
260
7675
5090
2754
3594
235
1879
5110
6136
7448
6853
3037
6998
1952
2162
4341
4777
2075
7912
6888
4278
6769
4743
4104
5634
2529
720
6418
1653
2533
2837
3439
5303
6429
7888
5518
7223
2640
7954
5214
3987
7633
5525
3583
2552
158
3307
4519
203
6981
4124
3745
725
7010
2452
3183
3277
762
4051
5991
5141
7321
4017
856
374
336
493
6653
6543
1052
4344
1733
4038
7663
5459
7975
3248
2900
4459
2494
1572
1747
3344
2035
7433
5571
7793
4442
4376
2211
2835
5940
3652
3121
374
868
5290
3653
1523
1907
3055
4851
2351
3577
5222
1231
779
3380
752
6319
1053
5829
7162
3057
4105
6216
5647
7063
597
6632
3191
130
2321
3804
3769
1013
5110
3475
5016
1719
7839
3666
1369
2943
1864
3361
7590
235
449
765
1480
793
7940
1818
7902
1492
6039
7449
3703
361
5902
1012
285
6914
247
368
7632
2070
4082
4725
3166
6619
251
4232
4033
5712
946
2237
5630
5808
1883
1994
7798
1816
7605
4215
3074
12
1862
3023
5604
3158
7498
1796
7410
5923
5029
6583
7630
6512
4258
3612
2895
5953
5487
6217
1290
2919
2367
4796
913
286
7175
7609
3679
4908
4943
1662
1998
4552
3010
4143
4300
4469
4296
5776
136
1532
7738
642
2730
16
6320
452
4871
89
5490
2949
4796
2231
5987
5388
7506
2458
4195
6619
23
5867
2824
2627
1370
5918
1150
5711
1820
18
4159
1710
4878
627
6390
1755
274
300
6625
4526
1430
1156
1714
4419
1535
6735
6221
3817
5933
1032
295
6712
1676
5306
5121
412
1883
3694
7578
4298
1409
3877
6636
6042
6056
6060
7347
6296
7376
2213
2556
4542
521
7385
4842
2033
292
7968
3928
7703
6233
7161
6094
3225
1266
2889
5834
2438
7333
2983
538
611
6527
52
5747
4380
5530
3290
1435
4931
1277
3744
3720
761
5406
5867
407
1682
2878
6190
5272
3767
7286
1151
2677
1294
7386
6626
3069
6716
2906
6205
4531
2226
3876
7378
2314
2258
3380
5592
3008
1162
2684
7261
4535
3785
7263
3069
3963
4465
5136
4208
6388
7608
5259
1972
4739
46
1331
5435
2212
7198
7444
6290
3922
4521
6472
7813
7480
7241
4085
6186
2573
5409
5364
959
6372
7741
6831
2515
2199
6817
3840
4082
441
7329
6191
1881
3490
5613
2247
6339
7195
7350
1993
61
404
7572
4489
5956
4896
5169
330
4535
7563
6790
5921
1695
1406
75
5805
7488
4325
4306
1521
5919
3710
6222
3761
7809
1335
29
5910
2389
2147
3507
3400
3492
7021
5327
475
3824
882
3574
5997
359
6697
3298
2243
7781
2690
3660
6965
1391
2803
1545
1160
4148
230
6450
1699
6959
4258
473
5520
7783
7708
376
4688
7959
1111
4923
7057
3438
2739
3051
251
3643
2321
7088
1617
4614
2239
114
7024
6849
544
6080
7105
5085
2925
7821
263
6839
990
2108
3929
4106
3766
1616
6367
2959
2948
4778
2303
7170
2738
3336
4636
7571
2606
3865
4524
2631
6757
6963
2484
5765
2508
1360
1153
3002
1039
6878
5426
5491
4909
642
2412
1402
2262
5377
4152
7102
676
4513
494
3992
7256
442
1722
6953
3338
2188
3657
5837
5089
2390
7134
135
6931
5757
5588
2909
4106
3942
6943
7069
4199
2726
5102
4032
2946
3819
4109
7729
6391
1036
3353
5119
1751
3222
213
417
7842
3656
3497
415
1389
6575
6685
2434
1514
7791
5878
4934
7310
299
7561
908
6941
2799
6018
2124
5747
2609
2315
5868
165
7721
4949
2443
6672
6913
2251
4992
5192
1412
7281
7633
7945
164
4321
6007
902
769
390
2688
4739
4496
3711
7546
2532
6003
3849
3451
5703
1254
6456
7533
5383
37
6081
5257
3144
146
5329
5257
5821
5869
3775
7511
6389
5582
3445
5737
4810
3977
7049
6398
565
669
1108
6551
1824
4231
4326
4655
4005
6628
120
6539
362
4078
4722
1978
477
5770
3088
6366
924
4106
7435
4720
2739
6089
3124
70
7014
3408
2197
3157
7554
1495
3342
6176
1776
6761
1915
1739
7969
6998
4810
6340
884
3753
6307
6195
7619
3222
3073
7549
3265
4543
6205
3711
3961
681
6126
3064
1552
5218
5343
5427
1137
7646
2741
7005
6211
6809
1950
4897
6079
928
5687
5271
1367
3776
5971
4549
4137
3831
6002
2737
2291
7665
2111
1908
4821
4687
6237
5456
220
3382
1484
3035
7523
1603
6802
7835
3430
5351
5
6613
6893
2820
6917
4892
3564
7180
6474
7803
7488
3397
877
1303
7398
282
6115
6747
5368
4675
3302
6727
4608
75
423
6688
6282
3763
1423
6750
3866
1822
5840
2732
5770
4577
4986
4545
2947
4685
7770
1729
4282
5591
7710
2358
2928
5842
3687
7020
2033
2531
4593
4848
16
4862
204
773
1587
302
4674
1074
901
4138
3415
1869
4952
3956
2099
2000
6654
240
817
515
5183
1652
5297
6435
6639
7618
3063
1013
5283
7482
4926
535
6014
2554
1965
2959
6837
5926
4134
6820
6428
1628
1061
1208
7882
6741
7169
2311
2534
1096
6473
3224
2529
3566
5913
7191
792
4626
4994
7298
4456
1003
6396
6601
7727
3626
7132
7230
4144
984
7096
2351
6304
628
3886
2586
4378
2627
424
1645
858
3761
1424
2563
6509
7471
6121
3905
3678
6523
2260
6562
3242
5744
988
5907
5545
2772
4707
6971
6132
5961
3330
1777
4267
5642
5705
2004
4742
7666
3195
3666
3051
541
7948
531
6443
7468
2398
181
5151
1978
3286
5435
403
7526
6305
6166
2323
204
6494
712
1177
397
661
4961
5776
7350
1685
2946
7636
7978
49
1911
2286
6375
6659
7833
2281
1836
393
1060
3468
1092
5771
3859
662
5261
540
7298
1935
2300
3968
680
6668
4553
7130
5228
194
266
1573
3371
6280
14
3364
7447
7110
7431
4240
7954
5696
5686
7423
78
3606
3658
932
4446
2413
460
4530
7856
6512
6107
2872
6014
7995
6007
3654
3154
1546
56
966
7787
5667
865
1637
4132
3098
3201
6962
1301
3456
4903
104
4244
4509
6082
6920
7256
7526
6312
7266
2034
4859
1642
4980
915
1962
2890
866
5898
5075
1971
6475
2873
1621
4382
5263
1173
5489
2931
3585
5853
25
5563
4629
5666
7756
905
2495
837
3065
3433
7534
3118
3838
3214
2240
7949
4761
5536
1481
4830
7014
878
6763
6333
2088
2273
5468
6874
5887
6559
7984
6211
3845
5571
202
3302
1038
5544
7597
4233
6969
6936
3688
4331
4970
2202
6345
5791
2634
7051
4390
1063
1215
5886
1337
3238
4336
267
1312
1035
2892
1633
6987
5659
2853
6477
7331
5051
6328
4073
5857
4076
2018
2885
3840
4818
3404
2041
4339
1827
4734
6505
1116
6860
736
3645
4316
5889
7769
5469
4194
4378
1135
1749
2431
7266
5170
3211
4009
6103
4785
799
5878
4162
5165
3964
7821
4777
7006
6078
1868
7182
1670
4340
4508
2122
4251
7120
641
4058
96
3864
4333
4527
6380
6527
1409
6040
1598
636
2082
4795
172
4244
292
7222
2872
3601
2870
6475
3397
1467
7709
4343
3180
6753
6904
2855
5776
7820
7156
6629
6648
526
3922
2380
3950
3347
5372
4042
4941
4308
2508
4507
5440
1642
1722
5576
1794
502
4837
512
4755
1830
1370
3764
6136
1086
6515
286
5753
2019
5200
389
4398
154
6988
7900
2421
5866
4654
915
686
1346
1993
5570
3130
3077
487
4369
946
3902
1789
6924
6387
7820
3779
4767
6848
1249
7212
335
2408
5598
3207
1056
5227
3296
36
3144
6804
7174
6314
5705
3825
2148
5493
6411
3880
3923
5294
108
4663
4131
1821
3633
1484
2535
7872
4746
5071
3074
2018
4269
7272
3887
7285
1091
4680
6938
7147
294
2521
2596
4374
5675
3263
3269
950
5544
851
5698
2031
398
4683
92
165
5450
6892
1785
5442
2465
4727
2214
3307
3467
136
5279
6888
1801
191
6300
7516
900
2735
2413
5378
6468
6192
4907
4466
5293
4350
7172
1057
226
1977
6307
7205
2594
7157
7713
1707
3802
1941
6208
6991
4166
3290
3494
2604
5339
3402
4044
2499
1147
678
2680
6011
2246
5584
4066
6365
851
1257
1651
6956
781
7969
420
6813
6640
513
5774
4064
7233
1578
6859
5560
1608
3110
1015
2198
1618
7587
5825
5258
6887
2658
3012
4718
3659
6176
3057
2220
314
5786
3348
6221
4245
7345
820
7748
2043
6671
1928
3523
6336
6230
3839
2456
7978
6987
1820
6840
4560
3349
4618
4597
5132
1300
5347
1825
1305
5463
4675
2851
670
2550
6327
2999
1612
5844
398
4861
7865
3053
6347
4962
7613
6830
7259
1093
6147
1404
6660
3946
2070
5971
7786
4021
6261
142
4449
6486
7254
5879
5447
3336
5986
307
5724
7485
2215
1473
5035
7777
7349
2041
6729
981
1572
880
7777
6786
6682
3698
2486
5422
3659
1101
3209
6679
4607
3641
2359
5343
1489
7830
608
7400
7056
6547
991
2907
6291
3297
2379
7113
4111
2121
991
1104
5732
3506
12
7014
1322
5174
2245
4576
80
7368
6567
5335
4447
372
4208
290
6605
2823
2786
638
7306
2353
6194
5821
3428
5461
5695
4094
5697
5384
5660
5735
7650
4458
5560
5048
2527
2263
286
6831
2444
6837
2607
7247
6240
7098
1235
122
7720
5895
3845
3416
2084
7136
7304
1404
1451
4218
5978
5822
3359
7077
6927
684
4908
3787
1099
6658
7599
859
4147
5473
4696
5479
943
1488
54
4024
3347
160
1950
6558
3111
6621
6546
7326
5139
1128
2558
1518
990
4886
6408
3875
5836
1136
4848
406
6452
6464
5806
6022
347
595
7784
789
5618
5917
3417
824
2197
6703
7443
6457
4474
5363
3978
4294
201
6960
3224
5602
224
1143
3497
5788
781
1280
214
6119
3123
4665
762
3757
3099
7489
216
4501
2407
6237
859
4616
5658
2412
6464
6105
3574
5781
483
5355
7684
6618
3468
2021
3026
2271
4282
6575
3901
1638
6391
7792
5994
7279
4908
7486
3
7114
5689
3736
5314
2526
7495
216
6513
7795
7069
3032
3491
6858
3375
3717
4050
3173
3779
6928
7812
6407
1916
1079
6224
7835
3934
3913
734
871
2863
6465
4324
1775
2539
387
2386
6870
500
2579
4195
233
866
7612
3823
7258
3478
7582
2794
5587
6484
7236
2097
5512
1668
1291
7101
3575
6445
5612
7827
4469
5130
7617
7916
366
2158
2914
4159
2743
1529
7642
4137
4903
1112
5064
1569
2203
4
3698
1167
7587
7797
3864
5881
5794
5091
5328
7658
5966
3538
7784
4197
6675
3876
4839
1419
251
5643
1185
3369
2565
4677
6780
1726
3896
5228
4985
4797
3849
1817
1820
2475
1856
2376
5961
1296
1829
6056
2499
2666
6034
6372
7034
4046
1089
293
7437
2775
6100
533
3914
6324
2974
6045
5652
7616
777
1049
3677
6833
4995
7358
4182
1620
7757
7864
4093
7604
5136
5334
6248
4832
740
5921
2960
6748
7608
7912
5747
5402
7520
1203
3429
3144
7204
5887
6364
6001
2442
2197
7194
5010
6364
4247
2869
2950
5387
4929
2065
1965
6806
3101
5469
4554
4413
3645
6078
6729
5875
1981
1429
743
2571
2835
6454
1545
2104
7677
1750
2258
4548
58
4261
6055
5260
4129
1639
2992
4173
123
1663
6666
930
343
3716
7978
7035
5409
3399
3352
40
155
2562
4881
5427
1845
1138
928
4705
4877
4702
4984
182
1220
3943
5155
4476
2750
7070
1644
178
230
5778
3175
7821
3882
2739
6634
5620
6332
1193
5440
4906
7164
529
6848
6211
5144
3203
1487
3233
1698
6846
6321
5793
1857
1881
5668
7935
831
4985
6671
5004
5453
4732
4077
878
7337
6909
6058
4335
7724
3512
6033
4211
241
6377
466
4966
1955
5256
4038
5858
3170
7472
1541
1097
5539
3430
3607
485
4727
710
7442
1008
3314
5745
6203
4989
7114
6935
1310
776
1111
7735
6305
3693
7203
2995
5989
6176
6232
3786
5384
4425
2271
3203
671
6764
6197
7296
1663
4838
3898
2842
2812
4700
604
7338
7603
448
2226
6456
4870
7995
2623
7534
6063
2960
7248
7189
4182
3086
4867
5262
468
1212
5862
263
1031
34
