7052
3888
5706
6562
6647
795
520
3303
7334
7541
3599
7348
189
7152
4228
4677
4898
415
3926
7382
357
4170
5956
1955
3739
7534
626
5306
3963
5705
4740
1549
4978
6071
2385
5133
7980
5850
7701
4374
124
1258
6929
3282
690
4695
7517
457
2753
6109
2505
4292
2681
5169
4648
6031
6530
422
6273
2142
2691
3926
2100
7724
6413
4539
4951
4340
6536
4052
7236
2957
211
6165
6071
2492
4314
6422
3264
4528
6287
5552
5343
3115
7201
6843
3172
1840
5552
5831
3226
480
6406
7424
3915
6851
1002
4727
2407
5498
5481
499
7441
7642
3516
5205
6433
6801
2363
6975
2634
567
6289
6403
3995
3790
5210
742
5172
5007
4724
3864
3417
3629
2618
1713
2949
4349
614
1597
4998
1246
1383
6800
2462
5248
7843
1992
4097
1193
3873
6715
7244
3357
2181
645
3935
7813
5014
6641
5235
3331
4681
4660
7706
1658
6790
7755
6552
6817
767
6242
2624
5099
4490
2318
4225
1546
6368
4131
7712
4343
3718
2361
3854
2435
1214
3773
2328
1839
415
4779
1286
7541
3480
5453
2966
7661
5608
1739
5293
3700
809
6923
3545
4230
45
5807
637
5691
1696
6344
7915
231
5043
5565
5820
4232
3137
6467
7209
1496
7569
3175
6583
137
2421
1265
3550
517
2378
469
7847
6840
3904
3701
6017
447
7075
3610
6328
7875
2925
5674
5154
3960
7038
1601
4982
130
5059
3781
6057
2471
2583
2292
106
5194
871
2265
5607
6390
4700
7725
1964
6490
6259
5579
6782
4
3412
3178
62
802
2585
3701
7782
6732
629
5782
4493
7089
4516
6106
5689
7351
4986
2562
3036
4334
4743
5571
3977
7297
4920
2122
7078
6407
1888
4091
7882
3
682
7251
518
5144
5612
5294
6282
4376
1802
7958
6826
7167
7598
3964
5482
4062
5632
3174
1436
433
227
4246
1421
2649
5429
6593
2195
292
4952
6854
5303
5853
7864
3936
1418
621
6556
2301
589
933
6415
398
783
1897
2127
5100
6054
1221
3820
6996
6638
4485
5223
6220
529
5860
532
816
7886
1145
5781
3753
7342
5420
1660
5787
1309
537
1517
5577
109
5899
3283
747
1220
4425
4136
731
7468
6544
7328
3493
7745
603
4798
6258
5192
490
2465
5047
2918
3946
3807
2197
7470
4461
6690
400
1678
1809
5699
5468
5719
5816
58
6161
5637
7803
2230
6440
5399
7536
4792
4592
1461
1431
2713
4752
5691
916
6744
5664
7597
3465
6639
3381
4919
2534
2424
328
14
209
7294
6794
67
5769
4153
7768
996
216
4148
1183
1178
552
3665
4020
3063
33
5098
2250
7090
3105
7005
4465
6059
664
671
2861
4917
3817
7298
3420
4371
5311
630
3078
7777
5921
6179
2570
2916
3055
7064
5156
3152
4697
2806
248
7880
1775
3112
3426
5515
6402
1606
2653
196
6415
3372
385
6536
5529
5512
168
3762
1789
139
2286
1060
5851
4127
743
6022
3037
749
3244
6208
6148
7239
808
4871
44
2816
1417
6036
6380
6582
5857
4581
6564
2864
5280
169
5953
5888
3549
2803
4449
5547
2820
4972
6569
7511
957
7021
2311
5843
65
1287
7459
4227
4227
7446
6415
2103
1836
1025
2439
7409
7741
6494
2176
5648
4427
3829
1844
2704
311
3236
4403
2064
2785
4600
4839
737
2678
5760
1987
4468
1601
5242
5114
2871
7373
3669
3723
7587
496
1152
7819
7156
3490
6653
496
6665
4538
5212
3607
4285
3197
6017
1334
6506
3950
3077
2166
2823
3872
2569
3174
2527
2963
5748
2551
5893
1121
2781
5874
4927
1136
1941
7001
6285
575
6946
3685
7604
5448
764
6747
5732
4568
1556
4199
633
5573
7043
3286
7402
2486
1480
5684
4427
1096
594
451
3764
6314
7072
4765
735
5739
3971
7190
5650
4481
7953
6252
2545
5086
4122
1393
2584
986
2989
3576
1705
5035
7933
5148
2679
6869
7127
6112
7567
2495
2234
5544
93
3723
6276
5214
5521
6338
7677
3838
4895
1018
5663
3829
6600
3466
6752
6499
1963
2933
954
7280
6376
5621
1478
6332
4601
6826
6603
5191
5681
19
6395
30
261
5307
2785
1840
6410
2490
7757
441
576
119
3167
3957
5446
2474
6110
822
6210
4763
5191
5936
7334
5583
6316
4729
2910
199
6725
7242
2777
914
5337
5089
5452
2359
696
5216
6323
3631
7444
5363
4636
655
6637
3583
7538
3423
2607
6643
3691
7890
236
2062
441
7857
4589
4482
1555
798
4854
353
4808
2546
6948
2264
3770
4130
6366
557
3232
643
1643
7680
297
5253
5635
3043
1471
2621
1227
1827
3750
6874
552
2285
7211
2922
3591
3228
1920
7612
4158
7896
3800
1260
5227
4958
5740
1159
4896
583
4234
1723
3949
6375
7437
3295
5513
6420
5470
922
5850
4960
7290
5523
7753
5741
5781
7127
1007
3489
4372
3119
2873
790
6236
7063
4275
3254
3270
571
4739
4386
6577
944
1196
5057
5322
2613
6569
6382
2660
6936
2761
5473
6964
2997
2082
7378
2551
5491
17
82
6721
126
257
4006
7421
7436
804
697
4698
4051
6066
6012
2741
2755
2707
6409
2894
2253
63
163
6106
2101
4011
1446
5343
7778
2431
4847
7361
3101
7662
1939
5313
7881
4952
3091
7965
3306
6301
4873
5166
3049
2326
1655
4682
7854
43
3452
7153
3423
903
2998
5444
6495
6881
5542
5284
6381
5143
1036
848
4808
4107
2363
7329
3847
2371
4600
6632
602
7270
287
6073
3679
716
393
6270
5585
7848
1206
2408
1601
328
4607
2273
3998
2352
1894
6863
3607
5597
7082
7290
7943
261
2213
5631
4316
3158
4668
6928
5118
1121
6929
2993
299
566
1725
1773
989
6137
6559
6705
4879
2797
4800
5530
4745
1997
6780
2711
2808
1843
3654
3978
1116
1777
2283
1810
4670
6895
4127
4161
2888
2892
7647
6882
5783
916
5064
521
7801
3416
6105
5245
5150
7042
3784
7528
7482
3213
955
569
4294
4780
5035
2162
1128
7750
6349
3725
235
4125
7550
83
1645
2388
1566
4247
4972
7331
3764
6381
2190
7310
4519
7906
5542
4026
6806
3523
6721
525
6274
2742
1353
6327
869
7006
181
3881
3069
5272
6894
3798
5248
785
803
5511
1220
835
6881
3083
7357
3624
1366
1878
6560
4813
7979
3284
7929
2973
1151
1724
3185
4702
907
7572
394
7257
5970
7796
884
1233
5855
6726
6146
6708
1677
2093
1327
4588
2121
6326
5410
6791
2233
1292
2455
7084
3615
1184
6111
1451
5762
5711
2652
7525
5076
6243
1504
6602
5444
1607
2315
1077
3724
2877
2276
686
317
3968
1925
1153
7369
4871
5345
5845
4593
588
3013
7931
5377
2844
1545
6697
6834
2213
2333
402
2150
7396
5833
53
533
7295
6287
2335
4709
2276
963
5639
83
91
7837
1555
5470
2095
6767
6610
5330
7562
68
7036
4734
7926
3238
1305
1757
2161
2036
1032
5614
881
2967
175
2623
1588
1364
5196
7979
6296
1338
4772
6806
6791
4419
708
3734
6516
1308
7383
6225
4388
3360
7868
5012
4048
3739
1824
4443
4211
1593
2866
949
16
7445
2975
406
3667
5939
2181
7876
11
83
780
7597
4753
924
6632
6367
6177
6597
3739
6360
6437
3340
7186
1925
181
4717
7041
4134
6121
6522
4177
4335
7987
1263
7843
171
4271
3885
6486
5120
1846
5343
5318
2078
4325
3934
4446
3693
1154
5356
4147
3365
3908
5353
2870
7709
4484
7260
5796
959
5979
4505
2201
3367
2242
2793
5377
6322
2208
7826
7355
2382
2815
6242
1110
5037
54
3185
2733
106
3945
2270
3220
436
1996
6799
3144
834
6483
6752
2135
3435
1205
7105
1744
3353
586
3381
5420
1630
3294
1431
2671
1667
3109
3598
2911
1699
2807
6369
775
7451
1697
6216
6346
5878
7498
6938
7874
797
5762
7562
4981
1115
5758
7701
4244
3395
4415
3509
6938
3588
5591
887
298
2145
6861
3997
3636
3957
533
1193
2540
1988
464
4391
4932
4284
3691
4045
697
1375
2460
2155
4833
2732
4780
1185
3374
4337
5695
6374
6951
2952
3839
2403
7516
758
3267
511
524
3787
6337
5775
3860
7082
2732
2874
6058
6768
6131
1776
2408
1943
136
7667
1889
7995
1929
1983
4796
7763
7872
3888
5264
796
2653
5119
7055
7439
3310
6687
4097
2705
1915
3647
3583
6917
5083
5439
6173
5467
7296
2302
4371
1752
4535
1320
3555
7954
7569
7921
2733
1674
5306
1072
5637
3111
6480
1502
1750
1007
7770
5773
1119
5411
5733
2904
3125
2354
5252
4116
5121
1776
3448
1385
2387
583
7798
4449
6853
3736
5870
5910
3731
5381
450
684
4547
4175
5285
7651
785
392
7267
1776
2549
4686
6733
1750
6536
4421
5446
2660
1983
3107
2330
2978
2896
2617
4808
6672
5216
2053
5275
4682
5584
6610
4652
5042
3205
6164
6889
6247
6494
3311
3198
882
5639
4072
6644
7735
1763
1905
5602
5494
2094
2583
4130
6212
4072
539
2776
3572
2908
4466
3323
235
5035
7352
6661
6372
716
4257
3576
6803
5671
3949
3205
4501
5279
4722
3991
946
2514
2025
1546
3824
4450
6766
6786
5115
4832
4392
23
3273
7030
659
4940
5257
6902
7085
1066
5531
6161
2400
3682
1798
1476
3068
6499
1188
4345
7908
1619
6458
3611
3753
6131
7913
4181
4214
5927
7407
4869
4797
6098
7487
3272
4316
6424
7740
3366
2849
2378
3577
5311
5590
1702
3362
6426
5001
6240
155
7254
6058
4690
6462
4296
4700
6292
7672
4409
3663
1331
2585
1270
42
411
942
469
1
6741
4188
7687
4757
119
2794
775
5248
1241
6800
3780
7844
5589
3868
2818
6975
7475
5930
6565
5840
6042
4128
7222
6510
5353
1481
7446
580
4880
6183
7177
4131
32
1592
2014
634
3027
4372
4560
1908
1714
1056
3295
5942
1055
3454
1513
5263
5406
145
6003
1134
3768
4103
6866
4338
5548
7118
2862
1863
6573
6415
5885
5153
5689
6327
2888
1003
948
1203
2613
6815
2170
6689
7095
3237
5821
3310
1209
3353
641
7997
5793
6920
6652
416
859
1528
458
4161
265
6790
2505
6810
3823
5950
134
7795
7266
984
7579
6376
6593
1074
2217
4640
5518
419
675
15
4702
1897
7266
3211
1414
3102
4779
4936
2850
5212
3976
7072
6143
4620
255
4753
7745
2200
5084
2054
6677
1928
1353
3638
4623
7237
7030
4457
684
3688
6711
425
1986
5575
6353
7447
5392
5431
3752
2225
6876
6616
974
2085
5980
4223
7716
5635
7848
5955
3276
469
6998
5281
3896
2518
719
6946
7480
416
3403
6688
4231
6023
7063
6326
1215
5035
4391
6453
4588
1519
887
1060
1840
1774
6227
1257
2935
2549
2964
6729
2059
1658
1690
3599
7215
7742
7893
1740
844
7759
2426
7049
2948
1435
7395
6737
4618
4886
7630
5521
7037
7643
7293
3591
1994
7504
7491
6474
6160
5380
4984
11
5743
7364
3859
4935
4601
704
1365
7654
1913
7089
6766
291
6900
682
4944
5549
5551
4606
2081
364
7863
764
2863
6041
2945
3359
7943
5006
2817
70
5735
4779
3836
1872
5320
7023
5311
6174
3087
1804
5412
5601
5419
3644
1383
1252
6127
4945
6208
5697
4146
5541
7804
5351
7674
4411
1705
2761
4702
2022
2907
145
7020
2856
7818
2918
4316
5441
3821
2560
5303
2675
4882
5975
6534
5226
4394
6458
2796
842
3427
5464
5449
2383
3750
3656
6193
6207
6872
1821
5531
2828
4111
7075
4475
6424
7862
339
1144
7063
208
540
5526
2845
7393
4517
5529
666
7567
3378
3629
4747
4672
6877
7427
1117
1333
4880
5431
1016
4447
7458
1687
2303
4321
745
7028
2410
3261
4736
2998
4110
6799
6363
2344
1807
1819
306
7543
5038
3165
438
925
3874
2181
991
4547
3666
7343
6374
6918
3123
4594
1379
2010
6455
6024
4796
6356
341
2132
3872
6364
960
5101
1980
3813
4376
2609
2502
2289
5202
2602
4475
6176
5074
5874
642
2167
4711
4563
6080
7766
7765
7588
3362
5187
6025
3319
7350
2266
811
2025
4242
6396
7008
6028
7223
3998
5188
5813
5950
3097
743
1366
5026
5854
6265
1172
1000
4959
2683
4868
7465
800
7597
270
5796
5501
547
1811
2284
1207
1860
2180
3707
4908
362
4938
3748
794
6500
428
7733
4888
7332
5057
6746
7416
1611
4960
7322
536
638
7982
397
3244
1487
5614
4753
7376
4925
7173
1105
6020
441
2776
6088
4606
1734
3209
585
3065
7389
95
7958
5064
4311
6425
6278
5902
5871
6402
6618
7375
2081
6860
5522
1522
2436
4408
175
4687
3050
4994
430
7012
2669
2805
4970
1077
1711
7107
4674
2647
3518
3627
3986
2891
3157
1906
2050
7240
6235
5621
5078
4872
5024
5763
6530
7224
7589
6636
1091
5016
6520
1783
2159
161
1089
4625
691
2160
495
3496
4058
2344
3721
7559
6612
7987
6781
4830
1427
1158
6275
242
2186
82
3316
4411
1088
7435
4199
7375
4442
5777
977
3118
1380
1000
7716
7894
5708
1080
6609
4743
5956
1435
4340
179
3428
6439
1831
5610
4037
5608
7354
2844
3970
2376
3867
4974
7743
2915
6071
979
3485
6030
4204
2235
4044
6
4421
4578
6385
6777
2740
731
433
4519
2738
6560
6778
3028
354
7379
4342
4565
6731
5247
4984
2627
7767
4393
3957
3958
5253
7638
2624
7899
1029
5961
4901
6992
6865
7624
6730
1776
3015
3546
7478
237
6785
4255
7941
5287
7434
6862
3027
6596
4398
228
1793
4489
3115
1196
1353
1415
2287
1446
1541
2547
774
6227
3071
2128
7818
3637
214
576
6927
2371
4923
5362
184
7170
4076
1686
4140
7331
5907
7093
1847
75
983
4867
2469
6183
4733
5229
4172
5600
6754
5694
6315
1070
4679
4397
7749
3159
3368
6806
481
6608
5067
6258
6206
3889
3389
1756
5706
4459
1260
1702
4803
7509
3842
1786
4567
4979
594
7753
1068
7073
7726
407
6595
2831
2939
2512
6292
5927
2287
5052
1196
1209
1832
3361
834
6331
2674
2341
3792
4694
5062
333
5382
4821
1131
5415
7030
7436
3433
3043
7433
7849
5328
6723
3496
3517
3978
6739
4549
2152
4230
5521
6104
6413
756
3855
7565
5528
3471
3899
1320
951
1928
6307
4550
544
7371
2683
4719
3328
5898
12
1241
5537
6947
7736
4674
5167
4594
4774
6198
2296
6614
86
6490
6131
5946
1679
6975
5653
1354
3876
6025
1971
4415
4634
4181
6268
2083
399
6040
7447
5931
5895
1607
1166
4425
273
7792
1582
6370
875
2060
5908
3103
2822
5732
841
5562
1868
4342
4899
7832
1853
1616
7097
7774
4922
3622
6550
1699
7547
1638
7843
3452
5217
3194
2630
1068
386
4004
5420
2562
7271
4172
333
2558
2739
3607
4039
6674
3193
5299
3970
2192
2962
1429
60
6206
3602
358
7812
4413
3249
1640
7347
1533
2761
706
4130
4285
4851
4571
2258
1271
1327
5252
3019
1294
735
510
3918
7726
7546
231
2177
5280
835
288
4592
3013
6897
7143
4636
3365
752
2478
1196
6827
3167
3922
33
4103
7243
5516
7234
308
7048
937
1332
4504
6709
6424
4183
7156
3219
2092
6438
3108
5584
5477
343
826
2250
5965
1101
3028
5142
5572
4777
7386
1032
7159
2313
873
4539
6915
2049
6336
1213
3184
3272
7351
6955
761
5118
7561
6186
7403
2270
3124
1549
6821
4934
1815
4065
645
4234
4933
4105
3320
1684
4033
3211
6345
3225
5590
2578
1821
7713
559
1913
869
2682
2549
7208
25
7061
7120
7193
5429
7591
7085
3352
5992
1423
6700
4147
101
606
5448
6038
4269
5413
2562
2048
5563
4282
4353
1876
5677
7234
5239
3093
1204
2441
2293
4643
4577
221
518
3523
1520
772
3568
4822
6880
833
4352
6759
2197
5269
6506
5054
4945
1023
7819
3115
2969
2613
6633
6036
2249
4048
4794
3909
7057
6531
665
3992
341
7007
6091
627
5527
5209
6348
3027
959
4866
1053
3814
3286
7965
5941
4951
6497
2132
2368
2799
4457
3789
7707
6134
3177
5142
7058
4016
3203
2440
2788
3766
1278
6096
2841
2911
5370
7420
3269
5750
5502
7677
4817
60
4234
4566
6974
5904
4853
3228
1694
5130
1442
4477
4141
2929
4896
5280
4494
3047
6922
7183
5487
5628
1240
4027
6626
2404
2627
6899
6602
1179
6730
6987
6439
315
2661
3692
2306
5313
3079
6067
4676
78
5471
4941
6982
364
6451
1071
7274
6925
5455
3970
2386
3409
551
6191
1840
2650
2349
1118
6895
2163
2431
1940
5186
6301
5870
6701
7395
1779
5927
3268
7210
1842
1116
4026
7991
5115
2751
2871
7661
4533
1757
450
1622
262
1378
4345
4089
190
7397
2862
5058
3076
5513
3369
180
7812
615
4901
4954
3539
2054
400
5553
5262
6073
7272
4152
7200
7856
2336
5446
5623
5088
545
5549
925
1612
5139
7378
5720
3936
4689
1243
3860
5524
4742
6353
4690
1756
7947
2446
6687
1718
3301
3603
5824
5988
4872
721
6086
6321
614
6627
1770
2444
2643
3362
7719
7923
2923
4067
1885
2895
6116
4595
7863
172
1816
4750
633
3248
710
6269
6195
5241
7774
4215
3428
3295
2824
5768
851
6129
3638
1055
427
5478
291
1053
7748
191
2629
5673
3718
6825
5637
275
673
3900
1383
5338
161
3339
4202
3774
882
7027
3752
1719
1240
2597
7188
347
284
1835
1055
2321
3411
2258
1037
1284
6866
4143
5043
6415
7818
4027
2455
6918
7794
6671
1577
4195
5621
1577
6606
1335
1103
5606
1738
4513
1097
7672
5017
2541
7581
984
7786
252
5972
7843
2475
1299
1276
717
3872
3915
927
163
3925
1498
1806
876
5454
1254
4087
2789
1849
7485
795
5307
3954
3061
3298
160
1807
6945
7503
5749
1809
2283
2478
2737
5302
3754
5173
3887
3801
2610
4951
3153
1554
3738
7337
4236
3682
1844
7335
133
7873
6522
5384
4280
162
5006
3941
4048
2486
1282
6691
5281
918
277
2943
5585
500
3092
2452
3837
2097
724
2342
3307
6961
4974
6210
335
5641
2991
4009
3133
4840
6914
4933
876
804
1415
3950
3905
4356
6627
5883
1657
4652
4030
5328
7297
6133
6697
4379
5154
2615
6911
3649
5138
1504
6693
936
7058
6654
7039
6572
5677
4767
772
4956
4334
185
6368
4933
706
4461
7534
5847
7314
2523
7865
7792
5670
390
2076
6157
7923
2074
3681
5292
5876
513
1166
3231
999
7270
1608
911
3616
6327
3760
4372
244
2112
44
208
1120
4190
2380
5616
2737
7701
2339
7341
5057
389
2117
5848
7079
3428
1139
4661
3927
4568
2343
5688
321
7182
7229
4878
5948
1222
5248
2803
5129
3489
927
6937
2827
3952
4537
383
4711
785
3507
2171
6457
3073
498
1002
5163
2959
5848
4225
6389
7731
4188
5058
20
7972
2234
2207
1619
344
2525
7345
934
6070
2886
5349
854
3318
7614
1027
7028
7524
3110
2931
4754
747
6495
4465
6270
2512
2556
364
1567
2498
3100
4502
7646
1084
7620
5245
2130
3100
4452
5069
601
2881
7458
1142
6624
4753
3383
4917
6592
2073
5676
167
6036
4982
2482
3110
1340
857
5174
5973
3356
2754
4732
121
4396
5035
2385
6044
3228
7537
7802
5241
4629
1453
3436
3028
6781
904
3795
7591
3908
2009
6604
69
1297
5379
1183
766
6657
6431
1079
2645
2358
6385
6934
6209
7956
5311
4005
4714
3639
5691
1705
997
529
3786
4885
5507
1256
927
4855
7134
1644
2037
6859
4331
2067
2351
7257
2676
1360
7451
901
5806
7845
3396
7239
4586
4573
6453
5602
6409
4611
7268
6859
3087
3845
3853
7303
7680
6414
7399
5806
2452
1581
3400
6792
138
5119
7915
644
4145
5784
1306
2724
6964
3798
5365
1991
2122
4527
345
1336
4391
5893
5226
1606
1781
5450
3882
228
4372
6495
6002
6404
2534
6248
7488
6835
1922
6493
918
2999
6755
2133
6050
5849
1087
7353
6192
3101
4787
4233
2403
4341
2171
6370
787
2753
3829
75
3004
3104
3607
4875
3351
5848
5955
3936
1916
4447
1655
2884
3000
1644
7195
955
3824
2201
7548
4088
6313
1139
904
6000
4773
7995
4318
812
7605
6805
7733
4434
3072
3163
5986
3433
1971
3250
4207
3302
5843
339
3063
77
1484
7593
1384
3782
6255
5486
2779
410
7798
6526
5945
3323
5872
2091
1881
6903
4884
2191
2120
751
2438
4623
7576
6686
78
7159
6572
778
2346
5909
1079
1543
4224
5096
1407
4123
322
3591
5194
1420
5994
7318
7839
2583
2709
2631
6081
6899
1428
7737
7479
7950
1951
6378
2292
520
3085
2052
3288
4495
7281
1017
4181
2065
1953
1441
2512
3025
3072
7274
5170
5524
5420
1245
7293
2737
6899
4586
835
2486
369
5478
416
2716
5772
4848
5760
2951
3377
3036
2255
791
44
2131
252
766
23
2607
7059
6801
5107
5558
1471
1205
1130
3071
6431
7056
3355
7329
676
6994
4802
6909
6383
6468
5752
1887
5403
2391
2210
3253
3966
1673
7063
3099
5920
299
2026
3554
1348
4024
7121
66
5023
5552
4444
815
6160
2558
2921
2710
2861
1538
2486
1601
27
5632
3403
6130
4892
1674
5705
1730
2668
2094
4489
5915
6239
1480
4540
6540
4187
2261
4682
7143
6342
7451
6747
1969
5519
2227
3927
7312
3567
7710
3944
6611
1559
7793
114
82
20
6673
2190
2668
603
3414
3727
4591
6298
1435
6160
369
3049
3596
2063
6487
5573
2414
888
1211
698
4326
1976
2988
5834
486
3338
1481
5672
5190
5609
2051
1528
2878
978
3989
3657
5141
3754
407
3242
5975
4363
6760
6330
1500
3676
5177
5655
5018
2282
6887
102
3345
6501
1869
3614
1277
7344
1756
3094
4541
5856
5627
5852
426
7279
1395
823
6600
4537
3136
1829
2070
2191
7831
5670
2439
932
6714
3272
7369
1713
5672
2322
4923
4408
3030
1254
5002
292
1557
71
7364
5874
862
6175
304
6989
839
4819
2672
2998
6176
4711
3964
5681
2992
5418
3441
5812
1507
1529
4118
7912
4213
1231
2952
987
4022
7939
5752
6724
6260
2830
6754
361
2621
6546
2210
3015
5309
399
1041
7844
4543
2975
7373
4249
1879
1115
5695
2322
4416
6130
2304
7286
6943
6035
7769
5556
350
545
178
6700
1606
1154
2141
992
615
1455
155
5618
2780
7327
1680
2366
5789
551
3246
3814
3872
1077
6741
2365
7520
3216
5184
3860
411
6170
4589
7715
2006
6758
2022
1587
2600
5753
3936
428
4825
158
1428
3131
2096
2274
5969
7170
440
1983
27
1749
7004
7171
4294
105
3506
1644
3282
3320
7814
464
373
3630
3454
7130
5717
5133
2749
2959
7827
1415
7781
5332
6958
4631
4532
3576
4275
2576
5942
1524
7974
5156
2662
7805
3979
4715
6044
3069
2221
1157
2602
5599
6064
6193
1799
3755
4289
1779
1443
3023
2727
342
621
7197
3355
28
7794
4381
3177
6585
1833
6927
333
503
7115
1820
4967
2340
1781
3653
5598
3971
5657
6966
4613
3021
6420
5733
2883
5
5461
297
5069
114
2984
6115
7627
2469
3242
7382
4160
5008
2837
5739
6897
1754
1384
4867
4435
2882
2563
5015
759
7210
7258
7847
6920
5276
1401
5318
3120
5043
601
2988
84
5122
3645
1602
5444
7080
590
5346
4419
2032
3680
7354
608
4250
7387
2562
5106
6365
115
5482
2468
3761
3728
7836
6996
619
7663
652
1312
7176
7795
1194
2459
2758
1285
1687
2461
2691
4630
311
1631
4108
7876
3801
7529
3758
6629
6833
1932
4053
7938
4605
369
6017
1304
1082
1845
7837
2268
2615
4631
3650
1103
4679
5700
7424
4968
6939
5903
2722
7256
5506
6876
1321
1613
6586
4401
819
6034
3991
7822
4922
2175
6771
1666
4665
5638
5824
4778
2067
71
2292
1938
3125
2324
5172
6101
4811
5297
4917
111
2842
7125
216
5254
3265
3121
2215
964
3330
464
1445
527
3979
3658
6179
5788
2822
7192
7741
5386
6621
6753
918
7606
3283
2311
25
233
5543
846
5898
7421
572
3067
4825
4693
7092
5395
4798
1043
2596
1005
1399
5502
1987
3875
4766
7550
2527
2007
2691
4476
7459
2123
5196
1158
6002
453
4068
5416
4875
1882
5269
6787
5006
4182
7298
191
1895
2938
3071
1148
512
3692
5971
1223
5733
7764
5719
4904
7029
6236
195
6433
1135
2105
7315
4062
2312
4686
4474
4422
5689
566
2275
5551
7561
2854
2999
7865
1030
7314
5654
320
5699
4885
4200
5833
6410
5681
902
6013
423
2605
6771
2144
7041
3938
5615
60
3795
2986
7413
5349
2365
5497
4650
629
5205
2252
499
3452
1012
2983
4097
2645
2828
5928
4743
7710
4984
1220
6005
7019
3623
7968
4104
4919
1143
3699
1880
7763
4497
3207
7557
1506
1275
5813
5064
5610
188
7084
5915
5853
4826
7320
6403
5076
7440
7313
5064
738
1138
5997
2929
5848
6935
466
4632
708
5583
4394
2020
777
375
2134
503
5604
6969
2738
112
257
3718
308
4493
6245
7679
5260
4883
3428
5884
3723
4768
5739
1864
1765
373
7586
2975
2408
4633
1208
5031
7553
5089
5770
7287
938
2461
6573
7533
7851
721
4371
6279
1930
883
7425
355
7036
5166
6255
4298
2366
2273
149
7603
638
4402
803
6930
4276
3600
2070
7923
2604
7540
2780
423
976
2436
6196
760
4430
766
3367
372
60
6127
6253
1220
308
6365
2029
3465
2229
3733
887
3434
5336
5289
518
219
3372
1476
3809
6600
7447
7463
3282
6827
5765
6729
7609
2459
4529
7662
2389
5051
4483
2100
7718
3110
1719
4928
4167
7102
4459
2266
5429
5829
838
5332
1839
268
6235
2496
78
1313
4848
4206
2462
5159
6284
2108
673
259
6268
3599
3613
7034
5798
7268
1832
3453
5884
3849
2651
3427
4051
6256
3965
2360
2410
2830
6940
6660
5095
2920
3620
3973
3531
6058
7426
2908
4601
2335
3210
7811
1674
1517
6564
4476
139
6907
1926
6513
1368
2801
7339
6564
6303
5549
1556
1771
1870
6143
1429
5667
4544
1027
21
2881
5476
2738
6464
4021
4381
2074
5583
6390
5056
2748
5170
5987
3381
6108
2918
3570
2505
2398
2918
3823
5211
3664
2906
4889
7743
2663
439
3811
603
195
957
7914
3900
3139
994
6802
6969
1292
7674
2438
6329
4956
1861
7345
577
6552
4641
6081
1988
4897
5852
1330
3907
848
5058
4453
4851
920
7856
7736
6902
6830
34
3527
5116
3640
3672
2984
6915
2908
158
4885
3932
2241
3139
6752
6021
5234
7182
3142
6644
3292
6234
6119
1199
430
7114
3025
7797
40
2624
5429
3236
392
6072
4631
1695
2875
2004
5176
7778
4771
6028
5703
2115
3067
4817
7025
3349
7727
4320
1545
6790
4021
2341
6794
7650
2428
1610
2306
11
6105
117
623
3059
5324
6675
7484
4256
4901
7708
3850
115
668
3851
1202
5014
5445
4055
3189
3044
6744
1974
5847
3312
5783
3686
5585
977
254
5613
2793
197
2022
7437
6205
1908
6080
3177
1940
1845
6663
7347
6052
7521
7585
5694
781
1018
4051
1450
7773
6715
179
3895
6746
5853
3228
5287
957
2452
6906
1714
7344
3059
3640
43
7511
1699
3164
5942
3212
521
7820
3884
302
170
1499
3907
5113
98
6497
5799
4774
6716
1808
2380
4767
7370
255
3695
7885
7734
6687
1067
1165
1284
7223
2963
7313
7144
1529
5514
995
790
20
4441
434
4619
2782
2627
2129
3399
4819
5332
6919
3143
7567
4803
5886
4472
6191
3630
2234
2558
2988
998
4166
7993
734
5908
7641
2089
5816
4663
4676
5489
5282
779
5039
3767
3776
5106
3124
2323
3613
3802
1135
7339
7229
4295
723
6348
3279
6601
7467
2261
6430
4160
2283
4833
1496
6851
7318
1300
4201
4162
2567
3163
1465
2153
2676
7161
616
1148
5296
4592
189
6321
1144
6624
2550
304
7515
7730
2023
2968
878
7792
7986
2043
1774
779
7700
7759
487
5546
4668
2044
967
5179
5559
803
5652
1826
4781
1794
7742
5980
4750
1547
520
5962
1683
3707
441
5309
5917
7592
976
448
1392
3166
2140
6738
5630
3311
5471
5449
3133
7318
2664
7289
3802
1776
3570
1942
7927
4926
6243
5260
1881
1658
1177
2671
1109
4018
5068
1506
6995
1487
7743
1980
3944
1335
6587
3973
3279
380
7572
3661
1970
7247
3928
1632
304
2370
7458
1849
1400
7257
3329
5804
4753
4650
4436
1539
3788
1440
5922
4147
7293
1993
7848
4404
3603
6699
5758
4575
4827
5105
337
7561
3900
1976
5239
5669
6451
4832
7258
5463
830
759
499
6555
4227
6909
3182
3373
6382
7427
2483
4168
738
7120
5645
1456
113
7320
1524
7070
420
6283
2472
1042
5804
589
4584
7928
1216
1333
1021
7338
295
1101
1505
2297
1421
3909
2943
7362
3682
3335
6904
5792
3414
3079
6669
280
4893
3808
6725
3721
7133
333
908
3874
2386
1658
3356
2842
6282
2038
1451
766
839
2366
7438
2205
2610
6263
7549
5538
1979
549
218
5710
3758
2366
6611
3263
4003
6064
5605
4572
2423
4045
1482
7348
1428
2152
2641
6729
91
4998
1352
5765
3129
4054
5127
1703
6867
4909
172
4311
4936
245
5066
2808
2531
2948
2049
2100
257
4021
6894
5216
91
1965
5351
6482
4374
6268
87
4170
3508
1930
7374
72
6851
6128
5213
5093
172
7432
4781
3026
527
6426
4547
2876
1925
1697
2568
3033
5402
7169
1380
5604
3813
144
4735
3193
927
7824
4583
3726
1979
64
341
2478
1525
6228
7550
5936
3898
2738
1341
6826
3396
1340
4669
306
6842
2840
1451
1660
7634
6177
6488
3505
5380
2974
4192
1423
3263
3081
5446
1825
4675
6436
3352
1877
500
882
7078
4314
7049
4336
5020
1598
7572
5763
1333
2750
5593
5303
2140
4170
5487
7118
1389
344
