2427
3409
7070
241
6765
5088
7452
6530
6682
1263
3154
52
592
2458
2772
405
1024
757
2630
1321
6468
3565
5751
6138
2559
7550
1733
2559
4746
5891
3168
6824
4567
2049
5225
4268
1309
5540
5504
4927
865
1235
120
7114
7964
5579
2418
2188
3681
104
2126
3695
4703
5744
6507
333
5907
5576
5660
7118
2471
3953
5991
136
5104
3888
7656
4155
3446
6873
7274
24
3241
2343
2833
7629
6602
3255
856
1430
4739
2229
2955
6622
6833
6396
6047
6281
7203
5749
2630
4542
3093
5946
1152
3130
7258
4660
91
2349
3050
4208
122
675
385
3654
3553
4304
5826
6954
6282
635
5851
5799
744
6388
3577
4534
1434
6368
5709
6631
1155
1145
1470
5836
5613
7538
3656
2425
2594
230
631
196
2573
2343
7272
5916
7146
417
1536
4409
7390
7626
102
3262
2937
1165
4507
1811
6039
6172
1894
5485
7209
791
566
6858
7622
4641
3611
7277
4148
7312
5937
573
2505
2403
6203
4615
4163
7758
3492
839
2228
3040
7680
2070
7696
5047
6665
5162
6333
1940
7298
2980
763
7167
1237
7943
1810
7207
2279
399
7962
4780
6391
157
5256
5534
7006
2313
518
6780
2828
2612
3088
2055
6204
6425
3164
2438
6298
5978
3247
3551
7875
2701
7997
1229
821
1511
2577
6652
7720
3504
5026
668
7651
7753
1060
4337
2624
7936
4157
6597
3773
2686
7688
502
879
6516
2768
6318
993
5176
4084
3924
4448
70
5705
4321
4890
4115
2195
6493
7889
7245
6497
2559
3819
2732
7405
2809
1108
3184
4340
5518
7709
2993
6202
1723
3243
4846
4109
230
3995
4296
5321
2827
5335
4702
6413
1047
5039
6543
2625
7126
1433
4565
5783
4419
3302
885
5928
3478
1546
5628
7956
3507
5588
7721
4778
3831
7037
1743
1762
7005
3058
1082
6753
18
7158
3436
1979
5772
4519
4254
5911
1535
1755
3472
3431
5538
2556
7977
5328
7726
6464
1547
3515
3355
7956
2306
608
4143
2490
254
5972
1855
2489
1392
578
3211
5440
3865
7261
6883
4645
1032
5740
2394
7938
2134
4005
2517
815
2023
5712
1915
1531
7402
532
3082
2821
4618
6147
7096
816
4184
7875
1975
7042
3020
4614
6940
7440
3159
5408
3083
34
290
3140
4252
834
2093
6216
893
6829
3234
7692
3252
827
6092
2038
2260
1434
7908
5283
387
6897
3694
4484
6844
4980
4903
1479
5716
1945
5816
158
4758
2249
7483
5999
2396
2671
4871
2201
335
5559
1537
995
7771
6500
1820
1916
3452
35
7999
3815
1790
1101
6208
6345
3163
4712
2042
3118
2271
3995
5632
1530
2080
7857
2586
3513
5430
5358
2715
3660
6035
1959
200
6421
6922
6938
6581
5317
319
3783
2437
2932
7789
7418
1763
258
3768
5339
3064
4353
7406
2032
1419
1705
7236
415
5616
1324
592
3459
7604
1294
284
537
621
4601
7165
3372
2667
241
5998
6981
6404
5538
2906
1500
5166
2121
1577
3347
687
7015
7590
4509
4302
7188
1698
5506
6576
129
674
3000
7160
2534
173
4999
5196
4882
3716
7595
4686
4951
3031
225
1813
458
5330
1559
6762
737
5646
7190
5666
7882
364
3135
3476
856
7041
4759
7623
7088
2113
7727
4703
5943
3224
7109
5200
7788
2433
6522
1264
4561
7266
509
6630
4909
4875
6929
3209
6369
7245
762
5353
1488
2521
416
6105
3269
3100
6073
894
798
4640
5761
1045
49
1434
635
1126
7669
3695
7068
5760
6706
4671
1362
432
2658
4798
1451
616
4371
33
1690
196
7996
551
4432
7368
2649
6429
3372
3751
3370
3166
2443
1168
2805
7153
942
1294
2322
3873
195
5915
3480
2260
7463
7931
2742
1335
6366
5250
1686
6218
5946
7455
6443
6402
7251
2015
6085
7475
2859
6106
4058
6401
4155
873
1725
2866
2566
1112
815
1572
1142
6747
7859
3772
4409
5938
732
7019
990
6424
3502
1897
5334
7472
7087
2429
547
6135
3130
363
3321
5630
1084
4768
1098
2051
3078
810
5602
435
3521
3942
5796
5744
2542
4347
5378
3916
5230
6344
5556
163
1909
6885
7132
4859
4800
6986
1692
3574
1543
1613
6809
3005
586
578
6462
5384
2676
3730
2550
1164
1417
4362
3951
6729
747
4259
5065
2084
406
5088
7833
6676
6006
4627
672
2561
5900
6992
2219
4442
3548
315
3666
2542
3492
6442
3975
1012
6124
2373
6575
7362
980
6049
4104
2201
6367
3342
1868
3166
4449
1616
4708
5090
849
109
3709
1702
5470
1219
6403
5640
7812
1161
872
1049
3857
1124
5506
4276
7104
3955
7208
5811
3299
2415
1513
4615
7775
6156
1947
4016
6384
3390
1926
424
4423
3893
438
3316
432
2956
5751
6875
467
7045
7744
3979
3495
4869
7621
7905
2086
5188
6220
7452
4480
7394
4796
6379
1734
5980
2670
365
4112
3667
648
2103
7152
1526
712
4940
1536
3150
5524
7994
5390
3685
4576
7825
2491
2173
5452
2784
4831
6633
1071
47
6266
7682
2297
2079
2617
6785
3675
4880
2616
5880
4501
2387
7520
6722
2051
6047
5075
4454
4711
248
6949
1165
7950
1085
5636
1640
435
7979
5320
332
1743
3632
3944
6705
2163
324
1784
2145
4791
4459
2727
4017
3333
3916
7682
7337
6695
6466
941
1462
1657
4021
3547
4668
3237
7048
4817
7675
2843
5110
7564
4667
6429
3359
7246
5227
5343
7835
832
4698
3973
2444
5792
3310
7239
4974
2910
4187
957
777
2003
252
4866
1038
2943
3414
4625
6433
1172
1719
4041
1485
408
5802
1840
1245
6975
4673
4257
6715
1405
2708
336
6671
6679
7151
2349
7166
5337
836
4871
5415
6910
2362
1445
2023
5376
6781
4539
5488
5333
2707
955
3514
5394
4966
6638
4713
7990
2482
5147
2745
6573
1756
3345
2758
5375
35
7972
7058
7920
2892
633
2484
6057
5681
1502
2850
6971
7169
5589
454
3276
4311
577
7319
4516
7325
2603
11
271
2892
6969
4225
3528
7225
1547
447
3407
6270
3741
4240
6121
3220
7901
7040
3045
4502
4457
567
1836
2955
7971
5924
3581
6644
4028
6083
2386
3023
5031
6892
985
2302
3695
7767
5578
5801
7403
6860
5175
485
7785
219
7790
3676
1284
938
3332
3965
6498
3538
1136
315
5617
1801
1842
5193
5514
2530
819
4785
1243
5372
4814
7488
4364
6985
3981
838
3433
5139
6050
5493
893
4460
1098
4246
4418
2278
6931
6104
1454
4579
1668
205
4326
2593
1361
487
5848
1818
2131
1426
6310
2599
4725
269
4312
5398
2375
5191
7991
2699
7509
4225
3056
1121
1201
1042
667
6164
1227
7651
4663
2536
6666
6869
4718
5757
702
6905
904
2150
5881
3298
2651
1161
6039
6685
4796
5047
2359
6219
5310
3658
764
7653
4914
901
54
5391
1846
7008
3699
231
1470
2635
6858
7233
785
180
6997
6656
1215
2164
4381
1885
5050
5465
3495
7986
3875
1937
699
3512
6968
722
371
2047
6023
802
7816
6642
7737
7616
6895
5976
3706
7311
124
3781
6050
3120
4655
4914
7240
7189
655
6496
4937
2105
5131
124
343
4694
6251
2266
4906
3630
4867
1539
1111
6052
76
2653
5696
6567
7465
5060
1909
1649
1529
4382
3718
3969
3700
4990
3540
100
7581
67
7668
6525
4417
4221
6626
4136
6382
1233
783
3496
4572
1857
3938
292
1228
6962
3103
3520
4366
1336
2765
4287
558
3003
3320
728
7793
3084
1827
749
5612
855
7681
105
7652
1618
6636
6937
4397
6207
6470
59
1736
2039
6336
1084
2036
122
3359
7215
5154
7537
404
6065
5510
2473
6394
256
2439
1475
3133
6952
7653
1262
488
3115
2318
7934
1262
2937
5464
3991
3327
1502
3011
3991
285
910
6491
1628
4428
4132
733
3964
320
4622
7005
3730
657
1762
1827
3612
3465
4316
5530
1406
4829
4654
1147
6040
4591
2028
1302
93
6023
6925
2299
3515
6434
4457
5672
4059
633
2546
1881
5772
7634
3784
587
5664
3860
6393
3740
2411
1861
1363
3649
790
771
4936
3810
5910
6824
1706
196
7278
6132
2413
1618
808
6099
1008
4215
6524
1958
7148
725
3709
7568
2999
5884
7167
6589
6791
7404
390
302
2744
4719
3751
2038
634
2466
6473
5281
4887
7150
3979
7141
6305
1776
7663
5329
5762
7412
4495
656
2831
5627
6094
4372
1151
1944
1826
2476
5535
93
4629
6311
2646
3520
762
4578
1229
7366
6076
3057
5707
7239
6573
850
5712
4077
261
84
1999
4422
6085
307
258
4575
613
231
7250
5120
6536
529
4176
4610
7995
5593
2065
3116
6039
5038
1398
7167
128
3415
2356
6226
3599
2857
2514
3956
3677
1194
5746
4280
3363
2609
215
4378
780
5562
3985
6822
2115
7317
6761
2428
7247
4589
2893
3384
3264
4579
7594
1864
22
6423
1787
6992
6247
6589
369
1159
3635
4074
326
4894
1237
2825
6108
139
2457
7986
6709
1898
1094
7869
1708
1599
773
5556
7422
5638
225
5530
2138
6957
4374
4309
165
1839
531
5813
2573
4340
7965
4020
2404
5547
365
1135
3246
6454
5244
4593
7735
1865
990
5196
4087
6544
2308
4231
3507
856
6947
5199
5082
1528
1015
2726
5658
5484
7114
1714
4741
54
2285
6332
983
6030
6234
4538
1000
2698
2612
7221
333
2973
6713
2702
4500
3596
3263
2295
5088
4962
5065
261
4094
5857
4151
6442
5454
189
6277
5123
5189
644
893
6408
6993
5931
3552
5688
1215
2750
1471
6237
4641
5953
1887
4400
7509
6092
2887
5404
7387
2487
7233
1068
4772
4687
7593
5543
4023
1568
500
3548
2488
4818
7310
265
2080
7030
7931
4354
4300
6113
242
6942
6859
5809
2146
2873
4559
1735
4312
4747
5251
184
3039
200
5843
2548
5431
3504
3403
5677
6437
2964
7979
797
1971
7833
5480
492
4519
4992
1254
5894
7158
691
2295
7569
6240
2269
6874
7437
1391
6920
3661
2600
74
1159
3931
2105
6738
4718
6817
2452
870
1626
4621
6755
6961
6601
1935
6702
6390
7462
4988
2714
7462
37
2624
766
6278
3401
3614
5815
5086
5579
1927
3864
4771
6670
6631
2710
7216
3865
7894
878
6287
4781
1500
2364
6533
811
7430
3246
7068
5635
6603
5066
5727
833
1913
1136
786
4852
7532
7099
3464
311
7010
249
293
3383
3358
2369
4035
6421
5131
7221
7304
5551
2591
4513
7197
1377
4175
571
2410
3034
6641
4768
4491
546
74
319
3323
3266
6535
6272
5784
6552
7701
5517
7034
7847
6395
734
155
5059
5331
510
1520
1768
379
5488
5579
6357
7894
4849
4434
4130
1805
1652
1660
3512
603
3650
4853
7195
5235
3853
3962
7693
4933
3236
3899
2774
827
4446
3369
7264
1037
985
1848
6665
3005
4298
5459
3054
292
5383
7616
342
7442
2221
1491
7923
3538
3924
318
7216
3237
112
3034
7798
897
5683
7656
218
665
4156
4735
1639
4526
6878
782
4635
5400
1678
6294
6692
1930
5912
5184
7505
4265
7123
4938
7137
4093
7722
896
7713
4319
1144
6049
5823
6480
3645
5204
6429
5320
1794
576
6248
1523
4439
1457
7861
4877
7552
3326
7895
6044
2687
3880
371
5969
4055
7312
1563
968
6290
486
5297
4129
3301
3467
7396
2170
6479
569
3306
6866
5666
1164
1189
2699
1587
6263
5536
4724
4650
2240
2200
110
2826
1948
4196
7877
3958
3441
2450
7114
66
1775
3613
3057
4603
319
2325
5295
2142
7604
6808
3805
2885
7511
158
547
5256
4750
5614
2366
2520
2357
2351
4005
7057
2010
2106
7600
34
6729
5173
3395
1038
4579
425
7614
170
1705
4684
1559
6202
7935
4672
2904
861
4335
270
39
506
365
2097
6373
3974
2693
3221
3171
4799
7047
7089
84
5154
4868
5841
7217
7333
884
2669
7103
6905
6295
7486
7975
5221
4513
1339
1984
7575
4405
6410
6136
4487
4790
2016
1692
1126
6481
7054
476
3226
2253
5588
485
180
5299
5336
5440
2051
1416
86
7971
693
257
88
3717
3470
1604
451
6951
4288
4446
4329
2529
356
3226
6416
161
1761
2740
5279
5248
2306
7457
119
2895
2546
3815
6526
4865
2923
1205
6433
3924
3091
4097
7828
6836
2850
4860
5153
6322
7477
130
3922
1700
1413
6800
6931
6418
5134
2009
2970
4868
4245
1059
6009
6403
4504
4774
3348
6854
3746
4914
6354
4674
2945
537
3131
5816
5565
810
7489
6866
1382
4495
7162
3086
6678
1670
1855
838
6645
2344
4238
7982
5240
4933
2225
1309
1385
7641
2893
506
4445
3811
3206
2476
2077
7566
6969
557
1676
478
3994
5610
478
351
1582
2371
4285
4830
4938
2597
4634
800
1519
1356
4426
7825
3227
2792
2331
5376
4723
2260
5120
6934
1983
3300
4688
6488
6040
4757
7572
7160
374
6949
6436
5646
14
2854
5045
4526
819
279
3291
4009
5428
3610
7557
3608
3826
6521
2816
5702
6501
3351
962
6569
6830
7514
3153
6461
1787
1663
360
6373
3931
6970
185
4615
3206
2589
3434
5396
4131
132
5694
5642
4168
6575
4021
6398
952
6459
261
3110
5739
5791
3981
3004
5442
1802
559
675
4505
7211
7725
7628
4513
637
7341
4595
7216
4447
4348
5711
7126
4501
7211
7242
1744
2829
5927
1626
7010
7713
7502
2255
5615
3960
3830
5465
5113
752
6117
4737
5600
7797
7938
7862
5074
6147
2882
4050
5333
6021
5455
104
5455
5293
3493
2207
7725
2767
199
1635
7486
2761
7596
5420
4213
1398
2220
1701
164
7100
932
6495
4716
1765
5084
7071
2629
6034
7278
1161
5539
980
1422
2127
2633
831
1743
904
5870
6508
7983
4111
7358
3454
3466
4738
4602
6266
2484
1732
1293
4871
755
2887
4943
2259
6429
1231
348
3065
1996
5286
6598
3825
5140
7084
5205
7386
4695
264
3923
1227
4022
1933
6389
5975
1709
2166
6614
3329
5816
5363
4977
2071
7911
6745
3757
634
2917
5152
3558
4536
1098
185
3657
4293
2443
923
6309
4679
1522
5294
2623
4080
5947
2082
139
4273
6972
997
3873
1900
1136
4443
2076
6196
2402
232
877
7621
229
7134
7861
1269
5598
3031
177
6013
122
7237
4437
7543
1308
6630
5201
2485
5453
7154
248
3636
632
3906
1716
7220
703
7744
4196
2982
1078
2308
4494
4671
3861
2402
6531
5090
3533
2311
4852
715
6701
7331
7084
5947
2570
4431
100
5546
3934
7237
6431
7800
4717
1373
7025
4073
4283
2017
7350
1994
283
700
3731
4269
6591
6623
2997
1459
7614
6755
7715
4359
803
7148
7881
244
4509
6202
5681
3405
5795
3081
6293
1731
4827
2093
44
1483
5285
1862
3812
2980
7045
217
364
2895
2144
226
4303
5911
2275
5699
773
7837
1757
2084
5881
6393
4356
5744
3987
5515
3196
1388
1686
6118
39
3641
706
3738
2847
442
264
7245
2392
4183
7521
4438
353
3572
7318
1905
1885
7830
7724
7809
1225
6111
1825
765
5654
3518
4106
4855
378
54
2723
1898
6374
3591
2939
2823
7476
6199
4472
7335
4376
2476
5875
388
6200
3086
4126
3716
5830
3069
5458
4974
2776
1394
7825
5405
6158
4781
3231
4324
7887
699
5335
6374
4309
5606
1787
7060
5805
3112
524
2729
89
2168
2892
6391
4014
1613
947
3226
6342
5630
5445
552
1729
6689
7223
5342
1491
1487
2230
5677
5415
5860
6754
1033
5877
1124
4558
4622
6519
2255
4012
5245
4897
7210
6148
515
55
2865
7278
4234
2479
7028
4324
7190
6300
5990
7097
5099
2304
5576
3663
6229
4480
1679
7667
5057
674
3019
1275
6871
7561
3561
6331
2352
958
4518
110
199
754
5522
5542
3311
5833
4991
4396
5406
5838
2432
7580
6848
685
710
7495
5487
6294
5702
5233
3924
5761
2932
268
7338
7777
6466
2555
2409
7079
2292
3831
1097
6359
3966
6357
2688
1799
4295
1850
7753
3465
6477
5967
5723
7599
2771
1063
2853
3328
5002
6230
4077
1025
3661
3426
5457
6747
3191
2543
3742
1457
6286
3553
2562
2002
4826
800
2129
176
6653
358
7479
201
1453
4554
6805
7043
1252
384
1145
3322
3890
6633
372
735
3059
4793
7232
7006
7108
2562
6171
5260
2557
3426
1155
1170
3042
1132
4331
5726
3813
4876
2706
2066
171
2298
4530
5091
7714
3342
7211
4023
2285
2438
337
34
5865
933
931
1500
2029
5120
5570
4604
3605
1987
6472
5570
1777
7657
6463
1727
3594
1019
2120
4726
7609
3382
1663
420
2835
4080
6272
4759
6413
1169
6968
4403
3238
5760
3315
3951
6057
981
2557
7589
1855
5023
1064
6362
6979
2732
1902
7926
6900
3720
134
2012
541
423
3841
6760
7282
925
5380
4699
6418
6924
2006
1492
1840
3415
2902
1008
5436
1072
6485
589
3722
5819
1952
7568
2689
4101
1352
4579
7469
6985
6641
5442
6823
4168
1140
2259
7803
1179
2313
1998
12
7017
1531
6587
6497
2998
4459
6304
5793
2455
7075
7666
3220
1812
2432
1769
1649
4054
2548
6133
6228
6788
4062
2244
6846
5017
6277
5801
3352
2247
6511
7151
4392
1747
2255
3481
2754
1791
4090
3248
2539
1481
757
370
6468
5977
1735
2156
687
3428
7900
7439
4180
5725
5600
3913
4612
5170
387
5682
4079
1320
2225
3839
1035
6369
1222
2677
3399
6042
3792
4874
3592
2389
2727
2331
1884
3016
5579
4161
5979
6619
3328
361
7011
5117
5066
6953
7746
6196
7007
1756
6298
3008
2550
2497
818
7736
3564
4676
2538
1171
5615
5246
4866
6983
722
1148
2295
3897
5871
7384
48
794
7143
4720
5805
290
1357
4256
2313
6090
3608
5494
4061
6098
7991
3657
938
5990
5425
3442
1177
4839
2632
7055
2875
5022
1347
2203
5651
6073
1113
3424
1779
2677
1887
7126
7087
7966
3810
3089
3081
3143
4206
5575
4073
5748
4390
4837
4731
7824
4711
7770
2261
5036
7095
3992
1842
171
7292
4916
7341
1437
3137
3163
3036
5320
3162
2694
3007
5263
2547
6259
4949
1034
1511
6130
3725
7215
1467
1044
442
3879
4613
4193
5134
2823
4802
2037
2792
3234
5506
2104
143
5273
4739
4318
3457
3384
7926
1333
1282
2533
971
5958
3922
2956
1638
1771
2557
6785
6690
5080
3780
1546
1745
178
1500
4484
4192
5700
431
7284
7966
717
3492
185
4421
6946
4473
5545
2975
2674
2731
569
6143
4435
4401
139
3440
5240
4515
3495
1207
6163
4632
4568
4990
1598
3796
322
5236
2754
3078
5212
1361
7120
1592
777
5273
4834
1951
877
1050
1930
569
1447
2854
7639
1727
5793
1189
7205
6247
1944
1071
313
4784
553
859
4655
5991
7721
2216
5392
2746
3784
3602
6880
5938
1224
5374
835
2841
5804
4450
3594
333
4021
6206
3652
435
1056
2634
3789
1051
4238
7170
2304
6673
5822
7328
3966
4784
3855
4531
3417
5014
166
7647
4617
4465
7324
3560
6803
4162
1283
1513
405
4862
5495
3105
3341
3917
6606
1003
6761
5991
863
2864
7657
1651
3723
5848
454
5983
2084
5504
7423
7839
3212
5284
498
1999
6888
4864
882
5449
6098
3353
7008
1372
6209
6298
7394
7262
118
1999
1904
1975
6827
678
5320
4547
4514
5657
2758
1567
447
4336
1823
3129
6165
1174
6409
1374
7557
4631
1499
7108
3091
4830
1867
1778
6149
5591
2683
5636
1513
2849
1393
4977
5045
4306
5214
2182
862
2653
4393
1554
5080
6311
5909
7789
7914
1763
3322
4196
5901
451
7417
1739
891
2710
5672
2624
4925
2543
397
1136
4486
6177
2617
7931
5873
4359
4177
2837
7537
5786
9
3451
2187
7287
5981
3617
1135
7367
2237
5250
4575
2330
5238
4501
1212
7317
1122
2360
5331
4288
828
5303
2119
3476
614
4121
5834
3751
2985
4427
799
5077
1233
1831
4168
3672
1393
3347
1509
7794
1589
1899
6198
5615
5335
7669
5315
1323
5620
346
545
6524
2462
1195
7903
3587
5125
7502
944
5111
2069
1106
285
735
3961
4119
7737
6901
7146
6578
4623
525
6644
107
3049
7719
2356
7118
5171
3749
3033
3650
3797
7376
6537
479
4553
4884
7866
1524
1536
3696
1423
4889
915
3793
652
4274
7276
7782
5272
883
2336
6393
3440
3261
6783
3259
6402
6255
7197
7697
2913
595
6790
720
7519
1882
5236
3541
6222
6943
7188
5266
5917
733
6467
7674
7160
355
2090
4017
4572
4732
3021
5682
3374
7298
5361
5011
7243
4164
6814
5603
4332
3521
3515
5146
2653
6906
1328
192
6777
4409
6025
2821
7740
7290
3182
892
5187
3212
3419
5859
7916
4233
6971
4431
2074
2381
884
2620
3715
5873
6378
3145
7053
4746
6558
4028
1373
6128
3356
1739
6654
3153
6649
5925
5118
7406
2509
5089
7797
2325
1349
2816
851
1963
7605
5676
4496
3765
1886
5358
927
345
4703
784
1824
7224
5413
4150
2992
7422
1754
1288
6616
5213
4399
5309
918
6817
7703
6468
7534
5056
2191
2912
7664
6019
3973
2098
4002
6508
5151
6209
5426
4896
6984
5681
5080
4891
5489
901
5900
6979
6527
3437
228
2873
6605
5203
7744
2921
7907
191
4489
1169
2843
4576
6491
1177
5567
6211
2971
739
6177
2917
1175
1597
6126
7364
6797
364
7095
6068
22
5494
7995
6303
5100
3524
6830
1881
5965
677
559
6910
142
5878
4735
4390
4190
4843
4235
4635
4317
652
482
4463
6759
4351
5281
7577
3668
4565
6896
2675
6069
5175
4880
6661
3772
3544
2408
5860
54
4702
4311
2774
4916
4984
484
2053
854
7063
7664
1486
998
1161
716
2912
7345
4686
1315
3031
1032
1368
4791
1600
3390
3215
3488
4816
3663
606
614
4502
5921
1611
5677
4882
3611
405
5327
2095
5853
7507
3795
7758
84
953
4819
5388
5783
6814
6986
3106
792
1894
5097
4652
2475
7850
2777
4895
7439
1098
7864
1751
6671
4051
627
6961
1167
2726
86
6227
930
7855
3451
7373
5044
3771
3842
6232
6136
7289
1429
16
5556
4943
161
7328
5825
6547
1614
5883
263
824
6579
6340
3433
6093
5313
4097
6488
1003
1876
2709
851
2900
5742
22
5218
4849
6679
1260
2143
6171
712
6932
5483
6379
2888
3313
2601
2553
1973
2051
6081
1729
7854
1265
6698
1853
7657
2036
226
5007
3396
7526
4957
7638
3373
2729
6437
7707
292
1853
1024
4583
744
2005
4699
4226
7116
777
4511
7842
7603
1527
3061
5511
6640
2825
7158
1345
7965
3618
2108
4012
2076
158
266
7941
2231
5816
2842
7078
6949
253
2209
4309
1637
5277
5877
677
107
5024
5690
4960
7570
3110
3817
2019
6812
6158
6757
2608
3303
7736
1942
2649
5546
290
4980
1136
415
2406
72
3369
1567
7729
4174
3186
6858
1946
3798
5653
1558
4569
4407
2687
6343
5124
1880
4851
430
2062
6309
2130
1044
1366
3394
5997
5665
1392
6800
3647
5619
4371
3074
6342
4763
4717
4937
7592
5652
5701
7040
4330
5799
6117
1102
7526
6819
2265
3527
1676
2277
3603
5557
423
3511
3073
821
6750
2174
7533
1480
7335
7341
1208
5181
4176
3963
3030
6702
1186
4421
6349
44
5068
955
3768
814
944
6490
127
2179
2632
1711
7497
1808
4334
3931
915
5764
6854
6298
1240
1672
5060
5785
7857
5762
5055
2685
7829
2314
202
1632
4999
7683
5019
3210
4150
1967
2237
1351
2656
1689
1900
2120
558
1837
394
2360
3868
6493
2795
1512
2980
6801
4937
4913
7213
4902
2751
3570
4860
7004
4027
2480
7372
7583
3285
549
6576
5972
7975
2978
971
2949
3280
4646
4653
1127
3577
4198
7612
6856
7645
1100
3339
6883
2775
6916
3762
2115
5959
833
7376
1108
3376
6811
5654
935
7479
1650
2112
1179
4196
4394
3505
3451
1640
3229
1630
3054
5522
3432
1706
7142
4370
7857
4423
6719
6013
6582
4399
7736
4391
5439
5466
4704
3548
2956
4067
2915
6983
330
6062
1982
369
4928
3785
5681
1996
2980
1365
7612
2643
5650
1452
3089
3207
1970
1560
5071
4632
2939
6659
7365
1481
743
5357
7839
5706
4009
6134
5513
257
3266
1235
940
2408
459
2018
3378
4492
7947
6166
6214
3120
6960
395
4788
7213
3862
7081
2489
616
2024
23
6414
2764
5284
1995
1671
4277
3826
6006
5129
3273
3330
5755
3055
528
432
4529
1984
2369
1200
1568
5414
319
7770
5005
2571
1618
6002
3534
214
5806
7999
4955
6375
5490
7159
535
4870
2853
731
5737
434
5547
2205
1862
6731
6365
1317
2832
3933
6085
1303
355
2622
6117
4112
7241
3440
5188
1737
5949
4920
7050
6542
3515
1092
3500
542
1598
2186
6686
6011
3676
6668
2504
716
4247
5858
6171
237
988
4489
6475
3956
1930
4943
7200
1938
5746
1880
3581
1154
3933
6156
5470
2841
2924
1938
4986
7210
662
2739
1812
1026
6918
7104
6721
7387
5121
341
3938
6777
1926
3162
6123
5044
4073
6179
4527
6724
2593
7423
7500
7242
5225
622
5359
6181
1357
4899
533
3302
4290
3569
5432
2950
3977
3875
5409
2503
725
6743
3216
7008
257
3171
6893
7842
3330
5010
2769
976
3506
4833
6246
2309
3628
2868
3297
2460
2276
6626
321
6060
5463
5018
5469
7342
5358
3322
6050
2413
2307
2242
6144
6608
321
818
3577
4327
6354
3612
5262
7884
2566
907
4
4907
7529
945
6140
3962
2154
6343
1611
5022
1068
6691
6256
4029
7301
808
4654
5764
2170
7494
5879
601
6188
90
3351
3435
3975
2568
678
139
7532
482
4169
6750
6872
7759
7351
6971
1078
4299
7388
6850
199
5362
5445
245
6203
7155
1763
44
7027
3725
3094
3312
49
6512
6423
5928
5955
4118
736
1411
6407
3691
6929
6386
2853
3352
5165
1036
3103
6129
2926
7372
5974
657
6822
3363
1228
2124
2384
3406
4994
3583
4977
6270
6587
5238
7609
1711
5248
1211
5635
5151
5590
1751
3484
7217
4505
4236
7682
6179
3105
3403
7218
960
3263
5415
5183
153
4963
5816
2046
4533
418
2685
2988
2960
7855
6495
888
118
4507
5892
2248
263
1
840
3663
5714
1314
1548
5761
1752
375
2764
2155
3228
2621
1455
6078
7787
4496
5496
1124
4708
3100
2228
2244
5290
4969
3538
7838
2608
2437
3624
1972
159
2158
6310
5951
7823
569
5268
5107
110
828
3086
6841
4744
5243
4746
5772
4958
3848
1243
4680
2863
6553
6266
2249
5477
1481
687
11
3738
5455
7269
4391
825
3665
7057
3008
6718
2387
1683
5532
2838
5650
2370
2992
2979
2369
3603
3616
6122
6791
1628
1537
4684
2270
5538
2775
1745
1739
3864
5502
1715
4064
6873
5936
1905
5942
3164
6014
2198
1913
4533
4157
641
6944
3951
7092
2285
5711
3460
2892
1891
3049
6882
3166
1806
6181
7323
119
1614
2214
5671
3807
620
7776
645
789
3803
193
1597
4540
3676
1368
254
7837
175
2123
2407
1169
5176
29
1364
292
7171
6523
356
3778
167
5937
2818
5118
2027
7081
1558
5979
339
3600
1253
5341
4644
6534
2089
3819
2981
6860
7040
5276
1640
5197
6312
6394
4225
179
5240
1163
7148
3512
7152
6625
779
2086
7581
5785
507
3793
278
811
1756
1
441
931
850
3011
1705
2951
1612
6388
2886
559
5911
2984
3247
6859
1035
3909
3136
973
2288
2670
2519
5784
7715
4227
3739
3203
1653
5971
6094
2776
2273
4098
702
3038
3848
7342
3049
6299
4687
601
3357
7676
2799
935
7713
6769
2127
4219
3012
5723
3032
3382
5407
4749
3356
2171
5436
1142
7124
4191
7751
7072
3204
4732
2049
7037
830
2133
1405
3686
6570
1134
4742
2705
4502
1636
1431
6111
1604
3748
7718
3927
5272
2419
280
4862
7746
1880
6812
6054
898
5315
3421
4952
7865
1265
165
1312
1493
4493
3548
4434
200
6935
4281
4908
5665
4583
2644
2617
3982
4789
4469
3807
3024
46
5499
6741
7518
2544
6332
858
6307
2102
1907
4833
3922
7960
4105
3415
3900
177
3661
6984
4641
5986
5179
2099
32
1920
6220
4381
3740
4350
6947
2305
170
1675
2474
3236
1557
1740
2009
2649
2980
3863
2707
1930
6533
7450
5256
1792
1323
6964
4962
7385
63
4870
2566
5496
3096
2669
4551
421
4101
6071
7071
1345
7054
4441
1638
6778
1467
6701
7115
1192
2408
3765
6311
595
5433
7384
1049
2510
7800
3248
2280
581
793
6856
481
5108
3257
5647
2078
1230
6133
1037
6425
758
2906
4976
335
1909
4682
9
3490
6528
1748
6845
4659
1666
7820
6513
671
387
5179
6925
764
1696
7891
2171
3935
6557
2045
5915
427
3095
5575
403
4562
862
2351
2400
5473
385
7935
6279
4492
2073
5064
2668
5165
5379
6046
1293
2916
1327
2614
5851
303
5125
3370
3784
7271
862
6551
6481
7690
3719
1655
3682
5034
189
574
1132
7149
7391
379
2823
1694
1459
184
6266
4092
2626
6546
3522
6828
228
3633
5947
4994
7851
3525
1038
4785
1557
4484
4563
6049
918
3086
4612
6803
2265
6713
851
7009
3156
3301
1942
2995
4162
1104
7528
3477
484
5259
7570
3309
6599
3122
4260
6477
618
7044
2841
7051
7921
7784
5344
6236
461
2405
2412
7829
2443
3586
1375
2261
1338
1543
469
7201
6706
5850
1940
5580
6213
1557
41
7328
6874
1333
850
2930
7783
7633
3153
4467
4865
6232
7863
2273
1124
1685
6305
4257
3369
4734
4689
5084
6504
6954
2387
3210
4814
4548
5411
7789
2690
4617
129
3856
4523
5537
4858
4099
2157
4792
6827
1424
6210
5196
2379
914
968
1915
5728
2490
5716
4166
1390
885
1020
6236
918
6296
3188
7370
2952
2282
1140
7133
1704
2803
3240
6678
5667
5916
2385
6281
5104
6901
4830
359
4917
7293
6423
1434
6399
4800
5823
2427
1665
2627
2273
