5769
7947
5771
6973
6556
6826
2833
5032
7564
2846
1905
569
4435
5569
3892
7842
4959
421
668
6878
171
5220
4404
5372
1778
2789
5420
7349
620
4103
7743
3051
1469
1874
1786
2413
3307
7325
4228
6678
2658
6503
5805
2537
1600
5702
2271
6399
5349
2483
899
6078
577
688
3117
5706
2506
2616
409
5688
4933
6776
2225
6338
2124
7840
5030
7911
7962
4753
421
3090
2638
3887
3161
6978
132
6704
5373
6966
1966
7918
2432
1340
7676
4908
7050
2410
2048
5947
6046
5491
1704
7791
1066
6216
1561
3505
7437
4560
6284
6646
6902
6817
5711
804
601
3329
1415
4566
176
6744
3035
1952
3519
3381
386
5971
7712
3866
7513
5592
1074
4171
7536
6788
3355
4934
1083
3109
7691
2239
1564
5198
7799
1155
4216
3269
5074
2829
3141
2554
4605
3256
5608
7958
6244
4790
6302
4966
4907
3576
6256
1691
2110
7928
3350
2009
7999
7728
4286
4524
3221
7087
4673
4442
5613
6850
1626
7560
2429
2341
5059
5960
311
2958
2101
4713
4288
2150
7997
5368
4478
1215
7312
6062
3117
7288
5970
778
1546
4974
7676
6579
7793
6048
3490
5442
6152
7449
6732
654
737
4502
2109
2069
7195
7795
573
2786
3804
6404
7602
6904
4454
1216
5750
1446
6135
5205
1756
6107
566
608
7686
799
3301
4010
1159
6180
4040
6642
3406
7341
2290
6343
6534
6668
3276
4739
1969
1494
162
869
2598
3174
2766
5578
3135
164
2209
745
3840
3269
3533
4505
3717
322
4637
1205
6174
4116
3848
849
5626
1568
7959
6843
6287
605
2404
3359
4337
2978
6872
4812
2903
1616
443
1893
4759
4217
7455
734
6843
2454
3659
1673
4930
7300
4877
5907
3850
3096
5642
6807
7244
5365
4426
1245
1651
1785
5951
7082
3216
1555
7812
5432
5404
6823
1192
4340
6705
1604
1021
132
7054
5114
940
1404
6017
4771
4219
844
3992
5322
5610
780
7821
7143
7310
1185
7092
1759
6935
1212
929
1390
5551
6183
2980
4194
6787
5804
341
5188
4468
775
5233
1349
4387
2035
5164
4951
1423
237
309
1436
5983
289
2104
6830
7101
5661
7591
5861
6350
3066
4446
7400
2618
5072
4621
7484
4617
4393
5210
5869
7331
7804
728
4107
7303
7637
4864
5972
601
558
4110
5555
5783
6705
1231
990
3972
3168
805
5934
5336
5220
5922
5608
4534
7027
1974
3103
3784
2845
4509
3332
5548
6848
67
5639
1922
2915
3057
6427
4366
1392
4783
1279
7004
5849
7647
2744
4032
6492
601
3681
1274
922
103
752
5952
5361
7022
2267
5790
6040
5721
3048
904
5703
1718
7739
3018
1196
2438
3860
6642
7415
7010
2229
4350
2780
4845
561
661
632
2254
651
3806
2772
4994
6949
1727
3723
4285
653
4841
2817
4225
2661
3672
7442
2861
5261
350
566
6262
5060
1573
6540
1490
313
1895
5089
1308
1796
7832
5355
273
5289
3489
6013
2802
4986
7544
3610
1031
7785
3150
5724
6418
1184
4516
4878
346
4124
264
2260
5888
5840
6737
7925
6844
5502
3713
2326
4297
4498
339
5813
3171
3306
3663
6109
2128
3379
4871
4034
2470
6904
2163
2979
2283
5386
7894
5118
6098
6714
4015
1831
4377
431
2724
6496
5430
4351
4500
5503
3947
4432
5488
5628
5399
1686
2061
4037
5010
7367
4037
2718
2197
697
1861
3772
6988
1525
2316
4571
2847
830
3318
1188
2521
2328
46
7987
7587
4984
6843
6348
1765
2387
7133
2281
967
4561
1514
911
7945
90
2077
7736
4228
5813
448
5217
2528
7026
6545
6815
6588
2678
3130
5508
2951
2623
5445
643
6095
6295
4508
1100
7112
1286
5438
6186
7439
2341
2542
5497
4927
760
7519
567
4315
5923
2212
7235
1362
2062
3529
5137
6838
6157
2124
6372
1664
4854
7799
2834
6115
358
569
935
634
5113
1564
6718
2030
2430
7658
621
5503
4457
1132
757
2677
3619
6238
7232
4827
3971
6339
633
208
3722
6770
7898
6213
2058
7573
2100
713
6860
3328
6717
2859
1206
2545
7463
6667
3649
4510
4317
7831
6768
4420
7661
1780
1765
320
6291
917
1357
5786
2151
2603
7667
7726
982
6439
631
3017
6362
5439
2261
6158
1087
7082
5647
2249
4050
7091
4444
7573
3308
2755
6638
3187
1843
2419
1486
6400
3049
2000
7849
7244
3758
4955
6149
1097
3125
3453
1144
3680
4702
1485
6202
3245
5146
2325
7583
5025
776
7146
2453
4377
4699
5373
782
7099
4765
3012
6765
68
180
2908
1077
3445
638
2118
432
6693
4265
3316
3709
1066
6525
4367
5189
7723
4439
7143
5497
4661
6530
6352
5614
6671
2319
2268
3418
5632
73
7295
4233
6979
6819
5903
7054
5591
228
643
5669
5999
511
1479
1950
2691
1838
3688
2351
178
4309
6169
6268
3477
3696
5036
5295
4182
373
2490
1883
3910
1760
7386
3572
3747
5881
7344
5680
2448
7100
5284
6387
4362
6851
5828
3305
2729
7650
893
10
4308
6754
2080
126
956
5847
5518
5688
3420
7116
360
5194
7975
7578
5688
2202
2645
2609
996
3651
6057
4527
3304
6049
2708
5222
5935
75
6683
5651
2368
4786
3625
1241
2183
3926
2591
3195
769
3608
6659
5595
816
2029
2517
7572
836
442
4815
6754
706
1645
7392
1103
5024
7911
2047
6564
3833
3154
4959
3890
1000
7494
4478
3129
6491
316
608
3588
7461
381
7819
2530
6834
1107
6181
3764
4272
717
6312
2015
2230
7431
2284
4875
6750
7447
1492
4833
3083
6339
6777
786
4152
7935
1803
4985
1709
3644
3641
2015
3035
405
7937
5290
7939
7712
828
4511
1309
7298
708
3823
5293
4663
3799
1638
7064
4757
5397
1319
3198
6783
466
7294
4359
2484
5244
4734
6094
5525
6005
7189
5974
761
7832
4623
2673
7097
4958
3266
6591
3914
1208
5537
3055
3131
283
5510
4316
4127
2559
5804
5962
2176
5860
4974
2477
6606
6284
3478
6915
5009
5274
3511
5171
767
2831
2
3617
7742
4455
6693
6552
2554
329
384
5101
2891
1705
2312
5030
6152
6423
6615
6872
2617
5288
5419
7907
5080
4165
970
4947
5841
1659
2269
1412
6206
80
1570
3784
5259
789
1594
3919
1044
4519
7905
1207
568
694
6334
1674
4525
7440
1980
4721
7354
2870
466
5133
2089
1313
1155
3090
1317
287
7089
7432
7641
7200
1317
1111
4315
1696
1519
1087
7796
6053
900
6473
2819
7087
1535
3311
633
7340
7383
2029
5513
4180
6715
7395
5760
2923
7728
2380
6924
7527
5612
3372
2344
2920
209
2016
326
4776
3841
2488
326
584
4344
7856
4323
4366
5749
2201
2961
1040
3055
3382
5755
93
2286
7511
2515
2457
3976
6423
4570
5432
6009
4287
406
5324
388
1511
514
3472
3139
659
4502
7329
2969
114
460
2164
7575
4410
6118
6292
2222
619
7695
1455
683
1721
6265
4902
7671
4279
6053
2500
2299
2711
1502
3024
4539
7235
7776
543
973
5018
493
6078
3318
4694
2823
6448
4077
872
5693
344
6405
5969
675
114
4648
3045
2117
3457
5608
6798
4064
6105
2007
4381
2252
4774
7134
516
2477
604
4418
1515
6222
3627
967
1950
5677
7817
4745
391
1040
1805
7960
5776
7677
2813
2818
5568
6056
1906
5345
4041
7564
4630
7424
3479
2183
5940
5480
3792
6754
7734
1042
4147
2717
798
2697
1078
2908
7170
6864
588
5808
3951
789
3312
6020
34
2224
7464
653
9
6460
772
3752
7234
3891
7545
5183
1934
583
847
7947
6694
4532
5848
177
2318
4151
5867
7206
1871
4767
7683
79
5789
6665
4043
7117
4397
3841
253
6856
4046
1683
6885
2517
866
3909
3141
2973
872
1954
1391
5514
110
2776
836
5828
6601
1967
7528
4840
1400
3196
2363
5245
5101
1465
2295
1916
1467
2496
1154
273
7727
7884
2105
4714
2553
6391
2362
459
1074
7506
7481
4284
667
6822
6044
7636
1495
1896
3738
3782
6073
3951
5327
109
115
709
4092
1477
6399
7893
4353
7684
3116
620
4786
533
3807
6887
7341
1602
354
3992
204
3737
2927
285
2521
3114
6078
5819
7176
1901
7290
240
7084
2894
3869
6306
634
2852
1391
3029
840
7158
6980
5458
5373
5065
2955
1417
3547
7122
4696
5511
1219
2169
6132
5374
5655
488
6899
2789
1467
7461
3409
2226
7933
3525
4827
6303
6144
7648
5275
3821
2279
3830
151
6994
1742
683
5181
2604
3146
762
4153
5283
3537
4638
4851
3455
5296
1122
507
4676
3336
4657
3665
3542
3016
5432
4020
5009
3133
4994
2280
4371
3794
2211
6957
5241
6347
7352
5005
7690
6835
4073
7224
3685
1081
3557
7053
1162
2952
834
177
2953
2203
204
511
3064
6788
2996
5263
417
150
4615
2670
1146
617
6980
3018
7725
2617
2628
7351
7060
739
4288
7060
3209
5910
4916
5124
1100
3343
162
2933
7391
849
1884
4573
165
5739
3219
4359
3321
2552
6087
171
4335
3574
595
4361
67
5452
4941
1514
2972
1532
7806
7376
2511
6552
7740
1323
5879
4685
5513
945
5588
7138
1793
5166
2149
4742
5920
5849
1577
6371
5830
7274
7016
815
6007
2063
4965
2516
4538
1020
2135
1495
3200
4777
88
7660
651
797
1346
6519
6428
6728
1387
7343
1306
7571
3078
6032
45
4352
6988
7598
3128
4124
813
1720
3754
1162
1190
7253
691
3835
5739
1375
3730
6579
5447
4837
2757
4443
5162
821
7619
183
4751
1068
1855
7402
4798
6088
3421
4925
1359
618
780
5177
4152
3522
3010
4278
5838
1909
5132
4869
411
2774
4097
1643
4229
7628
4942
5962
3413
233
6988
4593
6691
3620
165
6795
463
4071
4852
2324
6799
7942
7202
7991
3335
5992
7872
132
477
6141
5529
7474
5590
2988
7491
5648
5009
5908
2916
930
4766
6292
951
2473
1522
4779
5247
1369
2304
4257
93
5046
6202
6396
6685
3473
5357
4217
7089
1399
1951
3762
3219
1072
2954
155
13
3429
6290
1143
5543
3048
5711
2120
3736
2871
1300
6921
2561
2474
4977
4313
1728
2963
126
4787
3725
2744
5214
5148
5976
6670
4486
5960
713
5459
3349
2629
625
2212
1480
1051
4708
2948
6643
2838
4550
3216
5431
3001
202
6792
3819
4715
1180
3688
4607
2484
1303
3672
3238
7013
4485
2189
7134
531
5801
1290
7006
612
1885
3890
139
1959
1688
6958
14
5032
7788
7966
6583
3080
7469
3397
4273
5650
1888
7376
2094
4235
2163
3627
1425
6648
3889
1967
4325
3861
5865
3580
6709
7530
3540
1510
2140
911
5934
7336
7460
1955
4980
3490
3476
5332
560
7890
3684
4124
3479
3351
7270
2462
7137
3276
5012
296
7094
2837
4363
1749
1612
7560
3997
4908
852
6441
3887
4147
2646
4374
2729
915
4278
5557
5306
6571
5913
837
1377
6234
4149
4610
7613
442
434
2933
5679
3883
6934
7864
1605
2880
763
1214
1388
516
5155
7309
139
6063
1241
1589
1852
5674
1268
2331
3596
5759
12
4672
5601
4857
6870
3420
3849
220
3878
4616
4550
6095
4862
2949
6437
3246
6476
3449
2021
3500
7523
1561
2851
7619
4713
2396
7698
1533
6881
253
1566
7401
4005
5884
6142
4505
7650
3454
6149
4477
4931
1691
3452
1051
2094
5253
4062
3332
6345
4208
817
7714
259
4213
7582
3730
4311
6412
212
6995
2992
3685
4921
823
3477
5925
4863
1779
1657
1664
5364
5286
5960
3532
3132
3974
4537
6681
4733
1094
5417
1719
3168
4223
4260
5007
3995
2411
6912
4116
6009
2969
7586
2981
1530
4143
5789
6081
6876
7235
4814
2147
1262
3103
3611
7766
2199
1503
5890
7673
2706
5872
3907
5036
1037
7003
863
6678
5836
2354
7344
1398
4687
7470
2051
5161
6287
460
7162
6314
7395
3957
6697
807
2344
4829
7646
4350
6381
181
7879
5757
3165
1970
5291
3477
4569
3146
4842
6875
7020
6262
3207
1096
3116
6146
6273
4131
5048
2236
5813
3780
4266
7890
1792
2973
1123
6852
2991
4429
5931
1800
2204
4642
2265
7420
4548
3764
1310
3882
4144
1641
3108
6156
4447
2282
5600
523
4346
3213
3008
2677
666
4594
6446
6619
1008
4450
7764
4256
4556
4396
2929
2893
4223
3044
1103
7821
5386
4528
3680
697
1370
4756
7378
1683
4015
7786
2581
4640
1358
7336
2393
1391
3057
7028
6191
2789
3939
1547
2669
2448
3379
2268
4538
6372
1355
7007
6167
5597
3443
5193
7689
1691
3130
4154
7777
2589
1512
7552
6475
111
5533
184
1743
4384
6609
6462
2106
6399
4234
6548
3279
6978
1666
3820
4657
1719
5267
404
4371
3900
7589
906
3443
6779
7696
199
1245
4961
5282
1139
560
580
2246
3737
4416
4350
7004
4188
5473
1559
6868
7960
2934
2374
820
5135
5013
6619
7501
1179
5602
3796
1859
7043
338
1407
3024
922
186
5571
7632
3998
2560
6629
649
5342
4541
1693
948
1009
4675
7052
6234
7362
687
6170
5834
4951
2879
4689
1665
2208
7777
55
3714
5135
2539
146
1306
6822
4296
1931
1519
3297
6540
4189
3292
855
5123
5824
4659
6014
5915
6744
2922
5170
1492
255
1158
5695
2039
6950
2071
2111
6218
2671
6929
725
3436
1261
1561
3537
4715
6124
2937
3351
7613
4244
301
5126
1062
3976
3294
4040
253
160
104
1792
1171
6523
3271
82
205
1480
6166
4125
5907
2176
7763
4375
3526
7990
7665
5244
250
1886
238
2497
3389
6437
5528
4537
6809
7579
5963
2508
7590
6484
7366
3522
6563
414
7194
3262
2867
7329
5096
5732
3895
6754
5847
7798
5879
7319
1285
7275
3282
78
2752
1444
5874
6030
5963
997
3210
2417
2338
2975
7935
7323
3132
7140
3612
3523
6965
7678
1791
3812
3090
3036
5670
3678
3714
6349
170
7946
7877
7980
4024
5985
6748
1910
4372
1489
5959
3967
1917
4051
2461
5551
6388
2938
6860
162
5432
1675
6275
1572
5880
6729
3079
6589
4758
1819
3910
2727
4690
7165
2484
3256
3664
6577
770
3783
6074
5764
4602
5804
2276
3223
622
2064
870
2611
846
4741
7321
7623
1096
145
6358
6158
2086
5422
579
4000
2398
665
4599
4259
3063
1516
5095
5376
6644
1736
3235
721
712
1100
3697
5724
852
3039
717
5997
7830
3739
3829
754
2919
641
2748
7498
6427
6337
978
5341
184
3669
641
7584
3745
4597
3752
4272
3791
5770
6723
2785
6689
3311
7708
5035
5965
4905
5382
4762
3682
5741
2183
1150
3963
336
2572
7820
3431
4473
4063
4586
5573
6914
1872
7023
3398
1863
257
6978
2950
6484
3919
1965
1959
1665
5851
7304
7871
2380
2362
4895
4751
7431
2956
6355
1870
7946
710
2131
3392
1239
751
6689
7463
2399
1666
613
2051
5835
6018
5597
7451
69
7527
6799
4930
4246
7923
5223
7492
5906
1239
640
6981
4005
5536
3362
1269
2286
4203
41
3497
1840
3673
7666
6959
4615
6919
7724
2376
4889
4856
3299
4103
5785
5833
2079
1507
6168
6246
5218
1064
6940
5908
4899
4767
3942
96
2311
5859
6951
4768
7505
3310
7994
763
801
5227
3684
1250
7106
4200
469
4592
2476
4441
749
4777
6709
1965
84
2370
7457
4992
5443
1877
3206
6311
2963
5264
3547
6121
5745
5437
4681
1359
3647
4512
7360
5342
5452
3677
7601
5865
5751
5750
1752
3760
6678
2431
1843
7177
7944
2650
2582
1498
3283
4204
7613
641
5729
362
2219
4088
6142
2835
2807
4790
4006
6320
5113
5427
41
2385
7383
6749
5602
2047
1596
885
6998
3860
7614
7521
4762
103
7920
7567
2521
536
7400
4142
7722
1349
2083
6577
4803
6528
5886
5947
404
6548
6228
868
1899
6904
726
5545
7586
6409
3003
6674
3513
230
6049
1757
3281
7786
7786
6404
4463
2156
590
5816
5714
5808
4444
624
2939
4115
7283
5189
5679
3257
3374
4969
3763
195
6624
2411
6575
7741
5048
7404
2142
5925
6538
5160
5074
6436
3385
5933
545
5517
5916
1875
6951
4496
3536
3146
5524
7426
835
739
1239
6866
2936
7801
5530
3705
6616
4987
2027
2489
2247
2066
6019
897
731
838
2035
2504
7569
6129
2852
4248
4240
592
2022
264
5376
6528
3727
2805
3541
4642
3723
748
3285
1933
1437
2213
2093
6080
2168
2685
5992
7713
1476
7514
7063
7334
7746
5519
2713
512
1042
7628
1689
7044
2983
5117
4539
741
985
6295
4543
3401
6061
4295
1797
5893
4914
7642
2013
3272
6707
1085
7465
1694
4572
6898
821
4288
5566
5856
5485
2219
5098
4531
407
1124
1285
7922
7825
6729
1888
1627
3293
3458
4100
5658
4706
7549
2814
2687
3740
1962
6967
5597
4535
431
3756
2173
1576
5284
4963
1525
3183
2129
4963
7794
5829
909
7849
4636
5366
438
2741
3811
7113
7077
2993
7373
7796
5157
6962
2282
550
4431
7735
7693
3193
2402
3289
6935
4575
1974
1392
1544
689
5324
4068
2994
7327
5625
2512
5707
6369
671
5947
6241
5170
3624
5925
1946
7688
4669
5962
1508
2863
1674
4663
803
7660
2625
3800
7125
4255
4511
6141
1498
7811
4567
748
6416
896
4480
6238
6400
6398
4241
6765
3679
3570
459
3864
7012
2004
2292
7248
972
901
836
7972
6554
213
175
2199
2473
1729
895
3220
5307
7589
3941
6218
1169
6279
5385
3612
335
5551
5608
1588
3056
7516
3594
7983
7559
5344
7362
3494
1071
493
3243
2564
3571
1056
60
1502
6988
4023
1551
212
5765
4376
3841
2636
5703
4719
1219
1565
3200
6570
899
4870
7450
3905
6723
7818
3607
2495
3158
6521
3724
7483
1878
844
467
3740
1816
7126
197
855
6140
3098
3580
2888
213
4958
1263
6295
5284
1531
3757
2203
5105
6787
7008
5466
4438
4751
7343
2066
1976
4136
2740
256
3744
5301
3510
1943
1861
2073
4894
7455
612
4256
7750
7953
2493
6701
518
1544
7193
3203
5080
6748
572
7809
1230
2317
33
2852
1835
4354
5515
3017
7467
1971
3362
7044
7763
381
3290
1400
3011
1202
2240
4177
4792
1925
2745
1826
3508
6893
2571
1577
6253
448
581
2743
1147
5758
2128
842
4808
6155
5198
6683
1828
1346
6270
1593
1947
2327
4918
6829
7970
6817
3051
7163
6580
6025
1704
7899
6114
1935
6050
723
86
189
4343
6219
2523
2228
3984
2121
2828
7321
5212
173
3919
2406
3215
1852
7115
2758
1528
1936
7935
5238
7303
7090
3254
7521
2687
6838
7245
822
469
5673
4510
3811
3580
5184
7057
5233
6612
7305
5079
5077
713
3190
4603
605
6799
7449
1485
695
6302
7682
6900
6291
7293
5308
184
6540
7867
1744
787
6162
5560
4495
2400
4327
5619
3611
6641
2060
3741
7155
5
6405
6100
2841
7439
5175
2985
2224
4597
7071
411
960
528
3405
5628
1390
895
1500
3868
5281
711
1366
2417
2242
3574
7433
4289
3546
5626
5324
5440
437
1685
6058
2395
4607
4131
6052
7128
5777
5396
3456
422
1455
4574
2747
7860
2509
7181
6267
1825
5982
683
6044
5733
5785
2318
4197
6684
3703
2307
2417
2178
2643
4228
4053
6362
6802
2714
4763
5900
1253
2854
368
1695
2826
6424
7371
934
5640
7070
5343
3483
5776
1455
5471
7505
5082
2438
2613
1108
4639
5483
4073
7938
4211
6286
2273
918
5283
4550
6447
433
673
2847
6569
1709
2186
6213
7384
6850
4865
7047
4113
2747
2618
5551
6057
7863
2310
169
3066
7619
6147
5409
6215
7799
4770
5444
3103
5404
3104
1174
1947
89
3977
1633
5907
4615
2172
3216
2543
2009
5608
7447
790
6611
6326
516
5721
3654
562
3393
2258
21
6351
338
2106
2450
4499
500
4890
1337
6283
6166
3557
5639
1740
1149
821
1774
2705
3
4665
3440
3158
2900
4162
2292
6223
5905
1818
299
7503
6815
4947
2218
4387
3862
7021
3559
267
6818
2897
6849
5708
3813
6195
860
4061
7637
1978
6824
6377
4340
3722
4672
1231
7575
4522
7105
7164
4831
1535
598
1331
1912
3502
4942
7179
7821
5332
7472
76
7095
1533
7101
4878
6101
854
6027
3987
6833
900
7356
7163
6574
7132
2536
4692
7871
188
3412
4356
4143
5705
5759
6900
6125
7039
5060
1391
1496
2868
7138
7582
1460
74
6455
6174
3740
5683
123
3287
874
959
5270
3050
7487
4694
5379
4496
6412
2739
4183
5155
3725
5341
2827
4690
2165
6498
3379
850
7686
3775
2175
2198
5210
6118
725
1806
3885
6269
5315
7589
4886
1006
7203
4032
5554
1624
970
5200
474
471
375
6317
3172
186
3962
1421
4189
837
3561
7188
7035
865
1232
1308
6150
5761
7457
2599
6499
4831
920
5792
812
2600
7989
125
262
6369
6114
7497
2780
5944
3188
2289
5404
4355
4286
2684
4185
755
7259
7040
1763
4935
5681
6467
767
4069
1981
1215
1991
2536
7487
6582
7262
6436
6978
6600
4895
6879
3599
2974
5772
4088
7894
2934
5531
363
6730
1520
1270
4481
1928
4859
812
899
3510
1426
4546
4253
7864
2101
888
7254
5
2245
1433
7779
405
7958
209
5003
4591
1430
1363
3302
5847
4554
6971
4528
6398
1299
5192
3252
4202
7888
1059
6735
4171
3383
6019
6207
1834
7005
5973
52
2580
6283
4139
5974
5532
6876
3108
7215
7044
7428
3279
7904
6392
7107
5085
7129
3214
4815
2176
50
7178
2013
6645
4128
2736
3556
788
4922
1081
5160
3046
4629
2277
2747
3285
1454
4966
3335
808
3841
3271
2106
5624
6639
1768
6407
5116
811
7676
2687
1769
3836
4034
5438
6391
5449
4391
2501
4208
5480
4725
6294
2225
1511
2661
6866
3258
6596
1899
3083
7291
2651
4478
5696
1937
6482
6207
751
1758
3706
2753
3737
6319
395
2742
7554
4591
5016
7207
6217
4428
5550
3743
6925
2168
704
3260
5356
7133
3481
4701
7103
7565
5692
4570
7604
6338
6445
2981
7383
5455
5546
6248
5206
2385
7692
3437
7710
7809
3392
3048
3382
2856
4603
5998
5268
7633
1031
1178
7843
4008
7338
2050
490
2639
3445
2217
1518
1886
2205
4466
6544
5439
7474
7802
2295
5040
3337
3251
7642
7873
2316
7527
4138
6996
3251
4285
7696
4861
1222
4173
6462
5044
146
2126
3916
6922
2787
7802
1863
2356
6261
5243
4729
1811
4734
5274
2884
1974
2748
2579
2821
7417
6885
1921
2153
7798
2137
6471
5553
5862
2372
309
7490
5873
4580
3399
1858
7851
1296
2470
881
3673
4167
2726
5042
4230
6874
2531
7685
4563
1061
1774
2832
2559
3872
7962
1696
3665
6048
2919
2028
1171
3767
2372
1788
4934
5644
6197
2073
1350
2646
1473
7149
7944
3074
3207
65
3501
750
692
7286
2098
6506
2778
7021
5169
5676
7530
1323
5973
4955
7126
4629
1705
1471
2910
1165
5491
3919
4706
6628
1955
7394
6480
1667
2852
3979
108
2485
4764
609
123
3598
2941
7421
2194
6777
626
6829
6044
6758
2079
3855
661
6051
2396
7365
7143
7943
2814
6507
6274
3093
529
1637
3281
4730
1774
5124
2732
5004
6655
4934
505
5151
7836
4072
7323
4915
283
2913
1311
3411
2339
4711
7994
4660
2804
990
1181
4811
4480
5743
1372
7679
362
3949
7029
6718
4127
2793
5615
5668
5949
612
7749
7576
5252
2955
3392
168
1478
1003
6588
4440
1032
6666
4018
5253
7963
984
397
6524
4247
5609
828
2692
7277
7554
4591
1869
2231
5972
7401
6390
4265
4721
5776
3110
1444
7704
7006
868
2651
2138
6926
5799
120
409
6082
3067
6306
1492
7265
521
3198
5360
373
3424
7951
7634
2618
4701
605
7926
7929
3317
4757
7160
2411
1604
6612
2787
6361
2567
3381
909
2274
4337
5648
7172
2748
4349
5230
7082
6041
5734
2564
4275
6551
1065
6699
23
6813
3469
1833
3827
3578
5813
2916
6366
5144
1894
5159
5762
1845
7722
812
6444
4603
5689
4184
2926
2789
6421
3061
3289
1457
4909
3510
5724
4803
4124
6262
961
5880
1206
5409
4920
4012
2694
338
7321
966
436
3044
6572
4337
6844
6922
1717
7643
362
352
4862
4462
4614
4396
6118
3999
253
6592
7066
1565
4567
3245
5579
709
7449
7847
6332
1134
4191
4556
2783
2809
3107
4480
3110
3913
7560
5529
2753
3458
4659
2485
607
3938
4801
5021
3449
7840
5053
1701
7876
4500
862
2952
1094
3033
4688
1136
678
68
379
6037
5004
1249
970
7568
294
1468
2859
5757
2475
641
163
2923
2307
1285
2231
1027
5201
2455
2667
1245
7645
3550
6902
5933
494
5627
3417
277
6060
598
1338
1284
6374
798
6036
6707
3432
1800
4264
2470
3286
5242
2269
2555
857
268
7741
5162
2634
2987
7930
3302
5037
1897
3366
5467
5173
7324
5144
5184
6864
4456
1203
4343
5209
3275
2727
7115
2351
6492
4822
2063
882
1760
3642
6183
5580
201
1800
695
5246
3871
1405
7472
5622
75
145
5971
1414
1202
1865
5016
5453
3310
7829
6425
24
4034
6504
4299
4531
1163
6930
2021
1451
2816
5695
533
967
2239
579
75
3837
7977
7688
5474
6841
2463
75
4655
2434
4280
705
3520
4002
1698
428
449
5169
6540
892
2698
2011
7397
6890
1156
1959
4345
7146
7545
7382
7532
1434
4347
2879
2709
4558
4391
7595
3635
1592
3074
6784
7353
6577
1740
253
5216
7580
6458
5400
4303
3544
5149
138
3006
1630
3444
1824
7332
6860
6524
4630
5653
7969
4875
1853
7975
6905
242
4889
7040
6207
1967
1789
7635
200
84
289
768
6564
7779
1503
4172
7406
1808
2617
6920
229
3470
2393
7995
1308
3088
3075
7965
1716
254
3781
3659
1626
1001
4607
2902
5600
5549
2154
2765
7089
4844
5072
3600
6357
5131
480
4900
3920
7109
6960
1840
5344
2377
5615
3901
4317
1627
3744
1281
1601
376
1104
240
5269
7823
5256
6399
6279
7394
7733
246
2956
595
5966
6984
2002
7671
4064
7519
3362
1399
1230
2273
2078
5482
4624
3605
3220
1488
1115
6556
4094
3230
2215
5424
7022
513
3137
3878
7820
1749
7000
2133
4015
1651
3694
4434
4292
1993
5625
208
1783
2213
3677
4004
4963
727
139
4865
6037
2174
1627
1277
431
3107
2471
421
4013
3222
674
1610
4669
5399
2039
6068
1993
7594
5611
4033
1294
4425
6698
7710
7239
2664
7313
733
782
2674
5560
424
1660
2052
2474
4414
5797
6665
6086
2649
5240
7007
260
1302
556
5143
583
3422
325
2399
6955
2305
527
5301
4313
5913
2008
6435
2899
6824
1546
927
4297
2567
2080
8000
5206
3730
2611
207
6621
1953
3988
2119
7892
3744
2185
7304
241
4445
2247
4604
1456
4137
6388
2579
1013
5882
6686
6176
7895
498
7422
117
5574
2777
3466
5512
2430
7882
616
1603
7340
4486
4483
180
2555
3943
4660
6137
2702
2763
121
3231
907
85
910
6326
3009
4572
4228
5332
5349
7358
5569
4143
908
1709
3302
3969
1582
7965
7517
391
1269
2810
3950
3989
3989
7510
1402
3135
7850
4297
6159
5407
6494
7367
5527
6693
5334
1526
194
273
7271
7178
1458
5656
6190
1306
2964
1239
5762
2640
6939
6177
1452
1929
2704
3659
1433
6491
2730
5218
3499
7183
6553
4937
1997
5765
1336
2118
7647
4739
6170
2859
1139
472
4915
6942
7594
2275
441
4199
5078
4115
3051
2534
2943
4171
4876
4079
4857
1303
7988
4096
1831
6165
2694
5819
4558
947
441
3051
1509
4120
7038
2380
2344
5311
6787
3710
3374
7900
4488
7788
7460
3854
6210
4680
6951
5638
1097
119
1332
3641
4724
3792
3620
6144
7087
2742
5244
4390
735
5763
2468
1576
6709
4346
3619
2271
3331
6105
1801
5072
7475
1354
2999
1168
654
5064
905
5453
178
3308
2196
3086
4759
6980
5820
5011
1577
2712
4015
566
1261
1057
7272
5401
1874
6416
990
1948
963
1893
5659
3273
2366
7500
1794
1562
1654
327
2927
1126
6458
5541
3198
3954
6677
1446
7521
2802
4416
3414
2852
1490
66
7697
308
5619
7907
4364
5379
5720
6861
7298
1099
7505
4618
5190
733
27
4536
6590
653
4617
1418
6535
5550
3229
745
6277
479
4714
1462
4224
5546
956
6273
4186
1397
4262
6567
6804
2676
7373
3154
3634
1203
4727
1162
1880
7447
7249
2236
2165
2286
5058
6427
1774
769
7119
3886
7356
1986
4204
3229
1337
7871
6751
6390
5910
4451
7636
7197
3512
6165
1364
1876
7516
7572
4652
187
6360
5791
3942
4514
4445
7328
2737
2948
7020
1019
6697
1439
5439
6709
7521
2674
7823
3953
5316
7984
7860
3112
7067
5748
6300
5206
1453
5373
4121
603
4034
4829
5848
1829
5422
1944
525
5087
7484
6432
5211
3610
2470
3234
4213
6901
4436
4349
3282
839
5460
7308
78
5960
1150
1297
2323
1164
5677
2598
6551
4608
7679
7318
85
5213
6230
1708
400
685
4918
814
2529
6801
6796
225
3716
1844
3037
7327
3825
6014
2554
4610
1383
6852
354
5656
7432
2197
5289
6070
5812
42
3081
2311
4085
7646
3330
7787
489
2013
1759
2410
7757
5510
976
7829
426
5366
7091
7237
7693
3183
2809
5078
7146
6390
4622
6833
1951
6942
5682
6661
4299
5694
5225
5638
1638
5678
4002
4858
5482
5772
2859
5450
782
4349
484
6757
6246
7933
6897
7214
3861
3546
7175
794
1594
6778
4553
4751
5102
3488
3239
4449
7236
3461
6670
1433
6542
1323
3855
255
134
1009
4248
3767
1378
1308
3123
1625
1212
3328
7907
2905
1544
5400
7671
2893
1317
615
6142
6362
3070
1462
5141
162
5092
2806
289
3058
7447
4268
2865
3326
5214
7323
5863
1063
950
6622
7444
1665
3634
2558
3449
7492
4527
5173
5685
5707
2666
3544
539
3538
1159
7620
701
4160
3146
2790
5107
1104
464
