6862
6683
1686
5071
6464
639
6748
1989
2526
1992
3591
6275
6213
5627
3426
1269
1900
153
3429
7480
2786
1491
1207
2666
6120
6465
1173
7244
3429
3398
2083
6370
5152
3217
2321
1772
3165
7531
5318
2493
2624
2138
832
5293
1075
5206
7956
2258
3028
3518
2578
5901
4345
4757
6275
7721
4954
7956
1770
7027
3969
717
5253
2938
3068
3539
5951
1655
2001
1850
7090
5121
2617
7561
7614
4395
1819
3146
664
5005
1215
1949
6582
5878
3413
7143
5698
1218
6108
6422
2931
6132
2576
7578
1656
7478
763
7269
7263
1832
3989
3966
2347
1926
6609
6784
3314
7850
5908
3433
1495
7433
4181
4391
761
3650
5365
4183
3563
5899
7505
5963
3128
5309
5496
502
6074
1701
1991
2377
5582
5899
7906
240
5143
412
2573
3446
4135
244
7808
6395
398
4664
86
2171
6426
5938
5056
1788
7373
3981
3527
4801
495
5418
1386
6683
7619
6245
434
2713
7045
2492
6739
6186
4808
2031
5345
2944
2443
4119
3785
4467
3177
5727
2709
7208
7196
4254
1399
4970
2034
4981
7352
151
4748
3361
5110
5754
7948
5247
7272
6790
3076
2957
5617
4840
3108
4583
6638
2679
589
1414
4199
3551
3293
2766
3739
2027
7267
4732
5469
5684
2939
5071
3199
3007
3669
2969
5582
4946
6558
5704
4735
1576
1247
6872
945
167
7679
768
1761
3994
6425
168
278
742
7098
2006
1276
2270
3179
7713
1278
7007
845
7032
6163
6591
4520
7696
3438
2110
1629
4547
2802
2757
4854
2409
4044
4078
5550
2364
829
1805
1931
5667
6696
4915
863
1521
5
7032
927
243
6579
746
3860
4286
2102
7264
478
6208
7967
2444
43
5789
295
3099
4756
5363
5351
2366
782
4988
4199
1089
3130
6888
4815
5669
7835
7711
963
1276
57
2209
5801
3639
5598
6505
3771
3785
5436
2422
3041
7514
2820
1296
119
1491
4259
5370
6154
899
2016
7815
7292
6534
1608
5130
882
599
2972
6882
5391
7149
6419
5238
566
79
176
4873
2222
5396
2108
3845
7539
6538
4203
141
5750
6388
309
133
7444
4001
7730
6296
4417
5121
1982
6854
5996
3424
2863
3586
1935
3617
5421
3363
1200
7243
1809
3998
1452
5991
2440
1335
1991
440
6896
5822
2722
1758
7848
5348
115
3215
5249
7234
6204
1949
3074
7570
1761
2631
1411
874
7910
999
526
4996
3971
1674
2265
6066
226
7148
3244
3750
6231
1514
5051
2959
6773
2201
4460
5204
4702
1975
890
5837
7723
896
1595
6894
4681
345
621
1386
2918
4411
4041
4646
1379
4212
1757
3149
3473
990
6910
6088
7311
2158
4157
1172
2534
7280
5550
5378
3379
3637
7804
3089
3126
4208
809
2990
6003
2273
6773
4626
1035
6341
3024
5643
3855
5302
5103
3389
1485
4538
6531
1030
5046
3012
73
7886
1626
3139
4094
3511
5943
1079
7012
6577
7439
6330
7068
4336
2734
7549
2042
7790
7079
1508
4476
1334
7978
6808
4249
2193
1154
1802
2311
3020
4373
1931
1765
6104
3499
5818
1572
2525
3843
2466
5414
5804
2569
1195
553
224
6710
5082
203
32
1444
3581
6251
1565
3908
7986
3757
3944
6130
7145
6899
1740
5308
4294
6396
4483
5294
2285
3283
2460
3624
1939
2888
2983
1669
4999
5865
2084
1337
5140
3014
150
7023
7472
3856
3019
3721
5935
6987
294
7481
7689
6577
5740
5001
6531
2041
844
1341
5187
7769
5792
4733
2997
2690
2103
7821
1790
3024
4993
2419
1889
2192
4665
2432
3670
3454
4084
6848
4874
900
4964
5646
315
7994
498
1527
1484
7946
1671
1852
4716
5048
5996
4526
2079
4560
3945
4452
6550
6535
1858
5580
1548
7475
6596
7101
5227
4525
3187
5354
94
7951
5228
7416
7819
908
1167
4040
3921
7154
7461
446
3236
7722
3821
5576
944
4168
4144
5425
7310
391
7744
1084
5050
5666
3961
5655
5605
7975
4661
6987
259
6188
5986
398
1507
3722
1479
1194
1192
3474
6704
2358
1923
484
221
3048
1550
2436
2575
439
4915
1849
5816
1674
2231
5465
353
174
5918
7303
2110
4988
5236
6869
243
1753
1102
5628
5888
1483
1515
4271
3458
719
3510
3538
6936
6660
3275
1709
7867
1983
7800
3697
3361
6520
3195
7479
7974
5016
2747
4919
6118
7135
1719
6583
5531
2474
1992
5965
1254
3550
1886
812
2037
850
7605
4572
2642
2500
6867
5168
4261
1925
4349
257
5080
1593
1203
2581
832
6978
6389
2024
2403
3761
1539
5239
2335
3430
4751
4295
2177
482
6342
5836
494
5029
6277
1892
1912
7712
7720
6495
504
2802
4226
3558
6468
705
1136
6129
1697
5804
6601
1911
3599
6551
2988
1090
3810
5789
3279
4135
4229
1563
5927
996
5695
1177
1785
3317
5609
734
7950
6463
3158
6768
6472
4680
3830
2574
5849
2188
2620
33
4840
4961
6178
7684
198
2948
1436
911
7366
934
4834
4977
7007
1692
4725
1051
5339
1578
2614
2759
6883
518
7597
3616
308
355
2351
155
1562
4796
2438
5815
1343
4102
7767
2151
7814
2402
5289
7423
7418
3510
2443
7860
3582
1368
196
2900
7329
4611
4700
2246
1303
7717
6631
7858
4233
5343
2678
2281
5604
5339
6756
7197
797
533
5480
1352
7266
2462
5423
5744
2789
5221
1106
6875
1541
464
3278
7671
6858
4510
551
3147
1498
5202
6602
6773
3540
4575
6476
3756
1741
2482
6698
3128
7535
1606
3561
2359
140
7660
6583
6668
5416
1894
6514
7727
7934
7008
7679
5165
3467
3294
3511
4665
4407
1324
2508
87
4984
3339
6406
6029
5599
2687
5895
2338
7780
4453
7023
2423
1342
464
6542
882
6363
6562
6605
4215
1583
2739
4709
4115
4478
7240
6505
6948
2798
2140
3119
633
133
7857
3369
2751
7375
3356
708
2239
513
139
400
743
6266
2317
4497
2731
1638
2024
1184
6539
6061
7491
692
458
6820
1477
4197
3800
5906
111
239
2177
3507
1461
6437
303
2617
24
2883
6457
3084
107
5245
1067
1620
4696
3459
4096
7695
4616
7728
4671
3485
169
5521
505
4957
3580
4401
5068
6163
3501
4265
972
7360
3472
5260
5905
4019
7656
6124
5259
2821
7067
2485
3929
4957
1317
5747
1284
1062
469
7069
505
5914
6041
6650
5725
5312
5275
675
5246
5078
7301
6969
3984
5405
170
677
2436
5572
89
4773
2182
2057
5238
3787
4905
1323
3060
5550
4175
2109
1695
757
1334
7027
5664
4718
4160
4906
814
5093
7526
2597
7704
7837
1745
3348
254
5780
4832
1201
1573
1236
5839
7044
6397
3655
6529
331
2564
5475
2803
602
1995
2767
2438
7317
2429
7321
990
5806
7644
1071
1178
1862
526
4974
7
7778
4730
6140
215
4145
7527
5999
6172
2765
6836
7339
6831
1046
2863
6945
2956
3540
1833
2581
7801
5281
2062
4772
3716
6430
6137
7473
7451
3627
436
4499
393
5785
3595
868
1460
1314
685
4674
6034
7016
4486
3738
4197
677
5819
1606
6495
3001
302
2226
5307
1549
7545
3645
5054
7785
1119
7669
4033
3472
5093
7883
1600
445
7554
4321
1399
7659
5453
2852
5944
5803
1455
7835
3834
3448
5813
4663
3517
143
633
3573
7210
1165
4256
7162
693
5348
2571
7924
6076
329
400
3248
5109
6253
3084
1142
1895
6275
4367
7154
5284
938
5629
4107
5866
4500
6314
2457
752
6762
1948
350
6668
5489
5411
7485
6986
2920
2710
1674
5730
4874
3658
6829
1129
157
2969
524
7456
3720
6508
6264
1707
881
6762
5511
6426
3012
5491
6510
1710
4200
1811
785
5855
2525
3509
1048
5262
2392
1663
3396
2319
6454
1957
7954
711
3872
3230
4350
4202
4329
1258
6496
5715
1900
2531
3534
2288
2602
192
5234
3229
7303
7899
2120
1405
7219
6253
5218
4556
6313
5356
2534
7327
6688
1337
4278
2560
70
3837
5091
7068
5973
1625
1047
7065
6703
84
212
5416
6977
7480
6751
6891
3686
6348
4921
2807
960
2565
846
2941
6930
3655
2907
214
5020
4942
4298
3489
3687
5986
7751
6614
520
3403
4577
6015
5391
679
4035
12
3725
677
2748
5561
1678
5054
4287
2826
6320
1412
5279
5107
7535
2986
4534
2701
4964
6853
1839
1591
2188
4194
227
7532
1379
5175
662
7535
252
2970
3197
3771
2368
3411
6589
4046
2384
5843
5698
6691
5971
3624
794
7499
2619
525
4885
43
7479
1972
1954
2405
1332
3772
213
4701
2075
6667
748
4524
7922
1046
2570
177
3594
3114
1518
4402
5087
7479
5628
3140
7963
6434
218
352
3117
6265
3556
4613
375
3970
2765
1142
2954
5381
1940
2784
7705
6991
2640
3547
426
1698
3135
4126
3591
5240
77
6237
142
2564
2339
2312
3207
5138
6626
120
6137
7998
6786
3441
4914
427
5630
10
1922
2457
4476
2408
2377
2344
3784
5644
6090
1578
1077
2644
2428
2207
7613
6966
587
5140
150
7402
4462
6213
7208
885
7596
7995
7204
431
7898
7792
3123
3371
1958
1874
3623
5376
3757
6070
4831
5778
286
6061
3414
5501
1831
3615
6750
4173
7354
7069
2983
7730
3875
4770
6975
3976
5137
5931
5963
5698
593
2714
4119
836
5625
4313
770
7199
4762
6366
4071
5316
3019
5945
7874
692
527
4240
6649
4618
4025
7471
7138
6011
2730
5498
4687
1039
5693
3184
6409
5797
7949
6339
6776
2526
3781
4357
147
6563
678
4915
380
1179
869
4077
4327
429
3486
1691
4207
1543
5372
4666
5445
6518
4292
7966
5770
3794
2841
1605
630
5870
4373
6627
2995
4591
3037
1531
6153
6172
122
7026
374
1037
3355
7493
2204
4224
4706
2655
444
7327
6175
2063
6187
3557
7207
3577
5211
1503
5528
3299
3160
5699
4040
6171
2657
5891
456
611
5536
4834
3255
1088
4779
1981
6555
303
2896
4213
842
6682
3960
3315
6911
747
7358
3960
718
5218
6818
4146
1179
2115
2532
7300
3138
6400
4467
7248
2874
2412
1707
773
7668
1192
2901
7614
4755
4696
4642
4493
2082
2941
2876
3264
3371
3600
4546
1797
4740
5839
5859
914
6726
3874
2124
352
2535
7963
7205
25
2121
7342
2971
3091
2045
4368
5934
2982
3089
4944
4067
3894
6990
6502
5778
6111
1086
1325
3180
6114
7426
715
7783
1651
197
3055
904
7442
2836
7614
6556
1695
6452
1606
5430
24
7253
2527
4978
6702
7423
5398
6081
4895
2762
2437
7227
1258
4911
5774
1428
7927
4746
3105
5672
2783
1339
1112
2369
6422
5220
7853
1774
7189
8
1434
772
7252
2175
6409
1986
4766
5707
7281
678
3920
1655
6221
3463
7590
2939
104
906
2354
1063
3823
7783
6986
3017
2411
3264
7821
6430
1299
7985
3365
1509
4038
132
2815
3419
5583
2910
1545
2988
360
7093
2375
1536
5504
7767
137
1670
1553
7070
1859
7243
1697
7268
3633
2996
3077
5094
2517
3944
657
3219
7453
5465
5392
1199
1106
1400
7204
2469
3934
4511
6365
7822
5294
1246
5208
893
1974
3182
7115
6379
7293
7220
3436
7542
1716
952
6324
5447
4407
4666
6376
6097
1920
6045
7812
6001
437
7918
3329
3463
4003
732
2221
3470
1556
5737
6457
7748
4744
2085
5438
7340
2702
4000
2147
6876
7152
3798
5565
1339
1417
6822
4377
616
812
5110
472
760
4326
5276
3066
4266
2940
4875
5321
4884
490
1758
7285
4095
4765
7559
6163
7862
6769
2136
7093
1648
5350
2890
1884
3391
66
2127
1363
5537
3572
3081
4459
1565
5561
7388
3806
5784
2053
4501
89
685
6915
4707
5576
5631
6667
7337
5036
4124
7276
1059
2353
2961
488
4601
2563
3195
4956
3457
1716
1815
571
6982
6941
7023
3167
5409
1839
4576
6448
3044
7314
1991
7099
4570
4273
6540
6815
6049
6894
5566
2204
5251
5253
2674
907
4177
1738
4486
4144
6243
5351
1377
2684
6044
6075
3414
70
7106
1479
2084
5570
7314
3195
839
3591
2536
1712
5795
6011
894
1873
2952
7669
3282
7619
5710
3321
4118
448
3664
616
31
4223
1866
4631
5095
7809
6898
5331
5186
6393
6684
1803
4517
2312
3884
1265
4963
7476
993
7834
1518
764
5142
489
4743
5913
2012
4446
7269
6278
1809
7487
1559
5915
933
5083
7818
3507
975
3542
3201
234
3650
5048
549
5773
1298
4022
5970
2297
4342
804
577
6465
2862
611
2727
5940
4983
5116
6386
21
7357
5147
7382
4824
5680
5806
5256
3736
5478
7476
7141
7051
1719
1560
3266
741
551
1175
1410
166
5902
5217
5870
6476
4830
2643
2418
4139
6137
3539
6310
1769
3590
3664
91
5513
3315
1359
7157
6884
7915
4096
4817
5445
254
7530
4671
6992
4714
5456
4409
4403
6865
3782
6199
4711
7726
2914
220
7703
3952
5788
5214
5861
3649
7642
3853
2227
4071
5704
1144
3470
1819
72
2698
6663
3365
2939
5640
7833
3010
1627
365
5295
3227
2903
4639
202
3586
253
6897
7944
285
5723
1325
1829
680
558
475
2499
1220
2327
4452
4702
6576
520
1821
6394
1585
3808
1848
7821
3508
1798
4432
656
4448
6912
7795
6538
4490
3444
3189
5942
4850
7832
4670
1905
6150
1841
5887
6478
6036
4645
5442
5817
7134
6761
5926
1662
3605
6660
1650
1060
1192
2045
1102
7417
3849
3739
2477
7511
5568
2611
6008
4995
796
1982
7329
4399
2836
5239
4410
2789
5435
697
1412
1466
829
7003
3019
1937
3922
746
5361
7443
2972
6451
5541
7885
6108
2538
957
4201
2382
4085
6532
6729
5930
3387
3876
1827
6942
5865
4891
2447
4324
2837
7583
7732
3328
1106
4183
2056
6258
3255
3124
7402
2657
1175
3400
3739
6853
5216
4335
4052
752
7033
905
317
5567
7447
2525
1678
463
2138
6670
4524
5238
6541
5438
1448
5533
3793
4302
2809
4018
2401
6335
7561
6043
3740
781
2525
6249
2625
1126
3343
1066
803
5375
2000
5999
5606
1610
2757
7518
4465
3390
4765
790
2869
1836
6381
4097
345
156
160
3123
4526
5649
6916
4776
4291
5493
3015
5595
2643
2999
6044
1968
3873
243
5453
333
6412
2413
1502
5213
4197
5475
6641
6331
492
5089
2164
6709
1553
3908
4435
281
533
6868
4457
5205
4535
6561
6882
7504
2405
7021
2088
1610
756
5279
7492
4212
7633
6442
7329
4375
1532
6783
7050
5125
7247
4737
3641
1976
2644
155
3231
6706
3829
501
4330
1658
223
1392
3234
3195
2864
4021
1567
3837
690
1492
3124
4397
3817
4538
6303
1747
4153
2085
3070
2345
970
1823
3338
1011
2671
723
1497
6342
6069
4805
3005
5037
4328
4026
474
7211
2723
786
7383
124
5983
7581
7961
4502
2828
5445
6641
131
3747
1709
308
3321
6619
2575
7727
5652
5786
4300
5539
3458
2695
1945
6085
1608
2750
6523
3186
5012
7917
3682
3615
4108
1264
39
5958
925
1625
2216
7950
7170
6451
5706
752
1109
7496
7561
5776
1104
1874
7294
1005
1266
7942
2320
7629
6835
5316
1386
3339
5325
911
5857
3119
3569
7461
4410
648
162
4719
5742
2485
7802
5249
2929
1042
7527
4986
626
4856
7481
6903
7277
3275
4937
3815
6852
2169
74
3884
6265
3249
1879
2288
6936
1070
4042
7644
6198
4242
4772
5017
7073
4546
3447
2749
6552
5014
7574
7275
3390
990
367
6303
957
6237
5029
4996
5062
6216
7184
1862
6205
2529
3168
1462
3075
4586
1042
3533
7522
2181
3095
7343
7001
4139
5345
1490
7220
509
3724
3779
5974
3493
2724
7256
1253
6616
6834
7557
4681
3873
3510
1658
7259
270
1371
6631
1707
7985
4899
4709
5837
5465
4786
1966
1939
2961
720
4270
2770
7958
2507
3764
477
3017
4535
4538
6721
7918
6626
4637
5800
152
7535
719
4692
5714
1342
4567
1564
1120
1732
5308
6931
2024
187
7808
2127
7951
3664
6963
6040
6434
7427
1455
4079
7304
595
4024
3852
3060
535
3927
412
5647
5075
1646
37
1254
2090
7997
2980
5122
7826
6049
242
1885
5831
1686
2512
7255
7658
3758
69
2214
4293
5715
4341
7402
2491
5110
3985
4718
2334
6203
7387
6279
5027
4179
3969
1833
349
3431
2126
4215
1467
3881
6179
2063
5294
7183
6915
6136
2086
6486
5187
4514
7496
7030
4187
3912
2372
5143
5649
7084
2358
4069
5727
1174
5985
4729
5969
2541
5179
3628
7961
7123
155
1922
2813
273
3718
853
439
5644
6900
1047
2122
4268
2350
2343
5176
4750
1793
7679
2866
6124
6683
7503
7576
165
1244
5525
7399
7762
1237
5842
7684
4043
2558
897
3935
3454
53
7994
4872
7078
7229
7056
4651
7747
4568
4226
2228
1607
4892
602
6304
1352
5807
2631
1350
1221
5484
1351
3310
5919
5624
5705
5402
2495
60
6684
6659
6026
7390
4
747
5949
3028
1523
1655
2066
3771
4520
5327
336
7053
623
7574
2625
2176
698
608
3174
6284
3720
4919
3338
6251
3520
5457
4826
3378
1133
3938
6616
1127
625
5791
2773
6877
2011
5417
3880
3270
7118
3972
3355
73
6429
7003
7532
7542
3430
7192
6724
7446
7063
4571
3587
2919
236
2027
523
2059
3287
5664
6604
6411
1722
3273
2790
7341
7875
5979
1783
2817
2913
1594
2845
213
2018
6989
7851
2943
2518
2075
6232
838
550
5835
2076
7196
6544
2061
2661
2006
6771
2303
285
123
7571
7277
1085
1421
6358
7837
7683
376
7976
3786
1304
1579
358
5913
1954
6062
1878
3619
4019
3564
1268
2715
4539
6640
5653
1279
7060
7481
3610
317
4457
4610
4451
764
4109
6163
1185
1349
2207
6867
2468
1669
3010
6263
2976
4046
2384
1363
2001
3764
6090
6543
51
2314
305
2724
5605
6664
4981
4290
7638
1292
5797
6312
3602
7653
3292
4178
3021
5144
4697
4498
2493
189
7547
45
538
7557
726
7
4097
4520
7507
7880
2734
297
4943
4739
7151
6212
4657
3435
1763
5076
5864
5472
1466
4682
2218
2167
7783
5068
650
815
5651
1053
1213
3627
5952
4042
922
1239
4117
3525
6728
3889
6712
2556
4546
1047
7478
3657
1347
6627
1755
5784
4681
4669
5442
7757
59
5563
1027
4159
2498
2476
2438
7044
7341
7899
3700
7530
572
7340
2255
3413
6935
2162
5473
3599
1789
6134
1186
3011
4216
7101
7612
5084
6013
4685
2977
3996
6181
5231
5822
1487
3712
1977
5557
1298
2664
2912
3775
4573
4580
520
1880
5702
7151
3118
2653
1829
5750
6573
1470
5875
2733
3339
3719
4144
1752
3190
2542
7295
766
2085
2795
7215
1289
7998
119
3484
2944
7149
2936
6200
2782
2496
1599
6888
7598
932
6856
3674
6301
3569
5503
7763
142
3627
7696
3811
1453
2409
7323
1441
7420
5633
3399
7746
7643
4001
2004
7320
2046
976
1853
807
6029
660
7338
5584
4218
5111
802
6982
643
6863
223
5319
4430
978
2762
808
4635
4906
6899
4969
1434
2798
764
2289
5252
1157
1465
1546
1637
4892
7195
105
5611
66
4880
2621
1655
5332
2307
3566
7094
1290
4109
2753
995
696
1402
6400
1284
413
4615
5634
4325
5562
7312
1236
4841
7775
7543
445
7310
4492
5751
6908
2191
2188
5000
350
3686
2471
3193
1063
5966
1788
7187
7411
6094
6161
2806
7809
5015
7332
4445
7125
1829
1404
5537
2366
1324
7599
7164
2101
1097
6552
4473
1420
7230
3955
2935
1907
2121
1699
1169
7854
3259
2934
3100
1376
5073
6435
5206
6407
973
1212
4743
2992
1279
4234
7265
5664
1247
4082
1761
27
3453
5443
5855
1038
2692
3820
4425
3608
2929
3680
7520
4560
3854
2164
5798
3738
1613
2780
4056
3080
2023
6913
7292
5863
7662
7109
1345
1357
4713
6048
278
2095
1514
3329
2120
1795
2240
4067
1649
1408
2958
5000
2753
452
7715
4823
5017
3323
4032
6546
402
7378
536
389
483
3060
7737
2523
4466
4387
4753
861
12
2965
7165
1188
8000
3174
5945
964
4619
1337
2969
6907
4842
4743
6236
1710
4970
4643
6347
6600
1561
2277
248
7205
6711
7755
702
3735
3442
506
5653
4677
6299
7913
5108
6169
4686
656
7240
1504
604
650
5384
7594
1
1060
6118
2128
2436
6864
1203
3297
7005
4893
1236
3750
6639
1910
6771
7941
898
5669
3327
1072
1674
5739
909
5419
7891
3721
2539
6291
6549
5958
7409
5089
5754
3410
4292
7388
6747
17
2761
1797
5045
5014
1827
4182
4587
6407
6207
5878
1928
6125
552
4518
4805
616
6486
2670
6093
2817
4850
900
5840
2501
6580
391
4494
6772
6968
3464
6019
4471
248
2129
1136
1658
2196
3710
2374
324
4612
903
6112
3008
795
6951
4017
3557
6450
549
6151
3699
4117
961
4022
2618
6439
5892
171
7787
256
3480
1092
4327
4882
2135
6229
5194
4624
5095
6854
7392
1989
4251
3256
3581
2258
7597
4547
7297
201
2493
508
3487
220
7861
5871
5071
3006
692
144
3773
856
7663
4485
1771
5339
3393
3036
5155
1444
5238
3455
5684
6278
5316
5591
844
7656
5863
6238
2202
5496
6880
5444
4626
6742
1995
5172
5896
6891
1013
3136
6111
3714
251
4242
3709
4442
6731
513
6338
5507
7595
1289
7276
5032
116
950
1317
341
162
1832
4020
6710
1909
3747
4932
6692
5166
3189
5854
5092
5955
1703
1830
5149
737
3075
5123
1464
899
7458
7659
1232
7899
996
2968
5509
2969
5058
5641
5435
7061
3737
6954
1299
6788
6633
6935
1258
6307
7053
3819
3119
5744
4607
492
2816
2573
2589
4035
3914
1669
3666
4288
5102
5119
7396
300
3367
6843
1223
757
7433
1460
4146
4006
2527
2345
7297
6744
4494
7124
1630
2213
3685
6590
6481
3880
534
7669
3976
5394
5993
2998
3586
174
50
4334
5050
6975
5894
7477
3566
634
329
1632
1809
3273
3571
256
5413
7764
2351
4930
4061
4179
2659
5025
2884
5327
3930
4372
5432
7141
6038
4924
3504
5627
7303
1795
1077
1946
1092
368
6538
6410
6059
61
6730
4978
7353
6002
7484
146
7098
4441
7679
6840
1082
7038
999
4990
4490
1457
5075
1230
4938
6520
1964
1473
1065
4255
6245
7562
4328
3763
2365
1998
6374
523
1088
2115
219
4439
1188
7609
4088
1684
3176
6084
7308
3721
6516
3533
5913
5077
2003
5547
5142
88
6170
4600
3873
4299
1457
7492
1467
4287
4689
7568
5563
6585
2625
5307
6521
2859
2622
437
6881
7633
889
7855
7524
5849
792
1214
1959
6371
7613
141
880
7803
4115
4493
1448
3506
4294
6989
5914
1616
4010
123
4268
6292
1706
3880
6924
3038
919
6519
6742
2327
6234
3858
5836
4089
3308
1344
993
384
1346
5054
5505
3567
2733
7854
4568
4398
6923
4750
544
455
5295
2304
796
7885
3958
2703
218
2276
7314
5431
1605
3180
6739
3755
4034
6655
7668
1299
6527
2961
2354
144
667
6846
1986
1179
891
5985
2150
1745
6150
6767
2486
4744
6891
6607
6066
7925
446
7352
7238
4277
4899
5380
4755
6831
5008
899
4379
3044
3392
4917
3087
6807
1055
747
4639
4726
6884
842
1893
3087
2448
1450
6928
3066
7046
470
2254
7440
4235
1954
3246
1713
1490
3140
1607
6085
1537
2971
4361
4087
2931
7574
1361
5358
7551
3808
232
6294
2314
7874
5831
5445
4676
2588
7194
1452
922
2188
3124
1003
868
281
3819
5638
6760
2632
2764
1485
125
5266
3355
4680
1873
3539
360
2273
541
6201
2544
1210
2890
2466
6816
5419
4780
7465
6191
5656
6246
5257
6999
3375
828
5349
913
3742
355
6338
6551
1777
7348
6220
2305
7021
5014
5596
4561
871
543
1920
7697
1489
7315
4275
1634
7553
3455
2300
7413
37
2018
7945
5477
5809
7118
4153
7063
3139
5765
4975
7389
2974
5968
5262
7611
6016
7503
3006
3689
7310
4433
5301
1179
6680
7754
2519
1558
2566
937
3215
4441
2922
7699
2883
1157
1801
5989
1475
3645
3273
7107
1877
2162
1762
6171
773
4570
1611
5032
783
4268
3927
4777
2345
4974
1523
7779
7340
5211
5480
2937
1016
5884
1429
1950
3132
7824
2582
1499
3250
2124
1371
4801
4624
1432
1444
1096
2585
1267
5919
3987
6021
7482
1075
3376
7964
1962
6955
6890
5406
396
2367
2226
2607
4541
6701
1384
3170
1659
3375
7606
4202
369
3899
3751
6931
1022
5823
3141
7910
302
1761
7086
249
2868
2510
6171
2535
695
5401
1763
6790
5945
5479
1189
801
3501
3043
3022
1373
6330
1855
721
6510
2884
3605
2363
5523
1894
7305
6650
3805
4686
3782
7623
6563
5428
494
6796
761
2830
17
6376
3425
1287
2479
3439
6673
6888
5030
7907
4761
1760
2037
7744
1269
6921
3001
2041
6945
2532
125
5671
240
222
1955
1077
7628
2783
2225
2848
1163
4788
5383
6071
4911
5879
5048
165
5232
2736
5653
6722
3990
6385
2714
971
413
1174
5145
4235
1698
1563
5530
6111
412
7337
1021
4387
2394
7495
1395
2671
4390
7433
1909
4844
4435
458
2065
6531
3791
3924
4186
4660
5899
3632
3836
3251
4477
5940
2074
6448
5677
6948
837
4472
1239
4230
2680
3014
6218
3474
1622
2621
816
82
5251
4647
5462
1402
4841
4338
7294
500
2856
5459
2759
6277
592
4970
5633
5234
4104
5862
6282
1578
4051
808
7287
2586
1772
692
7242
4069
5568
6987
152
28
3897
6543
1468
5156
886
2076
2685
1526
5301
1056
2553
3748
1161
3948
2259
6737
751
4404
3854
3604
7951
1770
1604
4938
2542
2317
2579
6961
1799
2124
2343
1759
3097
3238
6051
7754
4621
4513
533
6195
4102
7971
7470
3161
3924
7040
2487
1843
6171
277
633
531
1693
117
4161
6832
2815
7690
6994
810
1803
7186
3129
6320
4704
3956
3701
6053
6002
407
1486
5172
6800
7744
5300
4577
959
3085
4990
4571
587
4884
3858
5411
713
7512
3071
7018
7379
950
1483
2551
7472
4931
3975
2776
5495
5656
6927
863
1686
7891
7713
6848
4363
1239
7246
1327
4110
6622
1019
145
2225
687
6633
3802
5171
1423
3666
5992
7545
3150
1173
5736
1162
3725
4826
2371
5425
3759
1594
3325
803
4855
7975
219
3822
4781
1912
4595
6019
1552
4106
3348
2603
4560
3795
7487
5274
5498
7038
6867
6057
4249
5617
5887
2252
1225
7548
1019
6346
7039
7496
7047
5724
225
6732
2636
6944
3921
5918
4699
5277
7318
2
4410
5570
2433
6516
6468
3212
4725
773
880
3242
2628
4037
814
7530
3873
5346
7485
7347
1377
2348
605
838
6615
1203
4849
5328
7310
4943
368
6556
3468
411
7888
4756
6743
7637
529
1067
5902
6008
91
6645
732
4821
1268
5136
1025
3710
433
1786
1737
6467
114
3194
3823
856
6281
5151
5227
4657
4162
2756
6893
1827
4337
7104
4332
7342
1819
228
4553
6284
3294
4790
4580
2313
2941
2805
3800
808
4273
3799
1938
1950
6856
7540
1214
876
4905
6431
6254
2649
7302
2261
3869
6032
4651
6130
5230
4690
708
958
6125
7380
5914
6338
1705
949
3242
6223
7409
1231
3480
565
5618
1212
5920
6808
5065
5903
7576
6630
3386
627
1196
3753
2800
1695
7794
2611
4340
2071
6706
7509
5863
7204
5863
1186
6246
6929
1229
4066
3132
3385
7553
7966
358
2815
4989
6917
2650
5509
7978
4148
1900
1881
4891
6794
4952
5215
3452
3711
6394
6717
4282
961
2493
724
4559
131
7296
4579
7599
2228
3532
5243
6440
5077
4941
1509
2351
4826
6497
496
3646
7865
2894
3784
2696
828
4136
1413
4771
4755
4545
7820
6886
7305
5684
2463
6894
6064
4680
1201
2321
5067
728
7835
1918
610
7080
4219
2172
861
3330
3426
7883
6447
6011
649
5481
4198
7095
6
7536
7465
6089
2036
6204
2568
1034
3693
5654
7567
5705
1749
1970
5965
2985
4680
4499
5421
5534
5997
6809
4663
1446
7696
2287
5507
1227
7373
6595
533
3042
7200
5359
946
7136
2794
6031
1715
5933
5066
3933
2063
7667
2835
149
3865
6336
4074
6729
4174
2039
5801
209
1167
464
3657
5467
1641
6010
3671
830
2670
7095
4722
1277
2691
4163
1306
1428
338
561
4374
5628
18
1412
302
3713
6912
3067
7380
5566
7436
1791
5300
5915
4983
944
3658
7157
3622
5337
6872
6302
6646
2936
1377
639
7531
4926
5063
5139
6454
6379
6644
3572
2517
6326
6250
3372
5433
4022
4109
800
7929
3724
590
4589
2984
1515
1777
1946
4277
6545
3251
2611
6791
6981
7742
3318
73
5550
3783
2217
3700
5671
2987
4826
6102
6085
7831
2360
7080
1847
5165
3795
3220
853
6729
3188
7278
39
652
6161
708
5872
238
3709
1589
6847
7867
7612
7895
7417
3387
546
7275
2563
6846
1375
5219
5923
3516
4449
5315
7999
7926
7813
4448
713
374
5817
3258
4613
7560
6324
4502
2073
1929
7760
3161
6875
2955
7197
6779
915
5733
1329
224
2399
5192
153
4729
132
5039
5918
1121
1649
6670
7016
1997
2982
4026
3114
2720
578
2565
2710
6475
2067
3726
710
2994
3507
7638
5302
7222
5742
2500
359
2073
4431
7253
6344
2718
490
5214
5871
5106
5186
2027
5874
1619
1200
4885
199
283
43
7203
1573
5496
4031
3896
1083
1046
3351
4250
1590
7382
6562
7727
5766
575
7998
3252
2643
2611
3826
4744
3870
7906
6305
5533
6349
622
7911
7217
2013
2175
4547
5253
6920
2660
7944
2819
4479
6456
1537
4454
6653
6786
870
577
162
4847
2706
686
345
2375
1318
667
5864
805
3142
6338
2283
7300
6663
4326
1578
7758
731
1890
75
1594
2330
6178
3704
6311
5174
6821
4303
3820
2941
4121
3961
2689
1090
5216
7476
2716
4834
1783
5700
461
1538
5686
3486
3128
3179
265
3720
218
3248
2885
2892
3710
4009
4207
