2919
3264
6580
7421
3036
2815
6010
4698
4739
5267
6053
756
1587
6598
1614
1177
1864
3113
1419
4791
1680
6340
2205
7799
5625
108
3145
5959
6792
3840
4499
4968
2048
1313
4941
2104
7559
4864
3952
103
433
6546
4125
7164
2413
5628
7643
7082
1296
4557
1137
3648
5907
536
1592
6437
6636
3695
3576
1688
6135
1404
7604
7398
7518
5020
6547
3088
899
3971
815
7060
3936
1065
5324
530
5369
4804
4882
5480
1390
6506
6793
3464
4449
4541
886
2323
7234
7944
4876
3867
2355
498
4531
3331
7513
1705
4501
1734
2366
1892
3307
2894
6948
4827
1689
511
3475
2530
3089
6097
2727
3589
6069
4715
6819
7850
3874
7251
4897
4562
4636
1843
6198
69
4457
7873
5478
2012
6779
1648
938
7157
3746
4448
4953
220
668
7130
6647
6803
7490
307
3179
7256
6028
5322
5772
5418
6063
6246
4392
2105
6699
2400
5892
2886
997
5074
1313
6458
7512
2756
4174
3676
6156
5493
3123
2034
4959
6109
3078
5189
5600
4792
7219
2964
3934
4394
7381
2228
5564
5681
1581
3190
3943
4408
2842
7534
2434
5391
5347
3168
1018
4091
1767
3313
4913
5950
325
7601
2249
3990
3118
7269
3760
4008
3396
3613
3997
3829
5373
6151
6117
7953
1668
6601
2167
4532
2423
7648
3147
6527
2937
6159
6558
5256
6596
680
3086
962
7339
763
1926
6071
1522
707
3196
6455
4406
6788
4525
7777
3110
3676
3699
1774
4287
925
1520
7187
345
256
7515
3129
1273
1978
4520
6510
5370
4303
1528
6051
6883
744
423
6816
2542
6955
334
4166
1489
2443
1597
1794
1136
4872
540
4451
1670
5237
7687
4753
7223
4964
6972
7764
275
5178
4383
4726
7065
3
627
3306
1844
2080
61
5350
6313
4785
565
3747
735
6031
4635
5336
7881
2723
4709
561
136
3108
2454
5441
476
5784
7412
5665
4295
731
6108
1887
2114
5866
5989
185
267
4133
3953
1692
5755
6860
3170
5722
7779
6260
516
5689
2732
2645
1347
5100
7032
3636
987
375
1224
2316
4381
7052
5766
7201
7813
4032
6724
4387
4492
763
7165
553
2111
2315
3735
7072
1924
4366
956
4070
1540
2602
7439
4516
1599
26
905
1715
4592
5244
4295
1899
391
6938
7577
6260
569
6275
1779
7741
1046
2066
6983
3056
3323
571
2557
4696
530
5337
1218
6444
7495
6417
7201
4947
7740
1008
5222
1179
6995
6558
5836
5095
5288
2415
5338
2740
5833
1939
2036
6036
4491
651
3758
3055
5433
6142
1266
3571
5936
4072
6133
2759
7169
4951
5162
5826
2608
7876
7704
6775
7816
3072
4328
5423
5793
7364
6767
3977
3889
3937
4820
4981
3684
4780
265
2303
5483
2422
7857
4535
7979
1404
4714
5574
5536
7523
4954
2182
625
6344
7888
6797
7723
4607
4479
1624
2154
514
7964
2070
708
604
3901
2170
5083
6881
3797
7270
295
4154
2125
341
3600
4347
351
2346
2820
7442
6527
3683
4166
3679
2952
2081
3120
7849
1653
5366
7325
7354
3615
712
4064
3385
4469
5617
5939
1956
5620
4125
1061
5308
6341
7556
1550
7014
609
4033
898
5749
5629
7139
7299
909
2691
2654
7454
4591
362
6327
4304
7105
2449
651
6366
5300
5019
1607
4441
7958
6183
1557
188
3158
973
276
4252
4864
3199
4246
2629
5058
1118
3162
1594
4276
3719
6131
2908
3903
5931
1208
7945
1758
6798
2268
1645
6637
6611
7736
4800
2890
2079
4724
4553
5605
2921
922
3576
4684
6148
4115
6485
3974
433
2977
4444
4434
402
1624
979
5423
1069
1796
1676
5196
1972
3851
4595
3961
5200
1931
4168
6048
6618
6194
3333
5922
691
6416
3352
7650
5533
3312
2914
6704
5596
7092
5489
2722
5008
4988
1620
2260
3665
7497
6297
3536
2248
3054
5711
2873
7594
4595
4795
6308
5457
2985
6514
1457
215
4246
4838
903
5928
2641
2513
1279
3410
979
7226
7786
3460
1257
6598
158
6017
6449
3882
5463
7651
6365
2961
1953
7576
276
5116
2935
748
1815
2148
4162
7617
4669
1366
6325
2236
6025
3092
7166
5074
3689
669
6331
6956
4045
2922
6146
6153
1627
7235
3728
2452
305
2785
3338
342
4438
2908
6038
6044
3579
3087
4622
3603
2402
1324
5776
1383
5402
3639
5038
2313
5971
4244
1343
5715
1335
7062
3690
2591
5976
1040
1250
4437
1886
54
3455
5177
3796
3566
3780
2335
1385
1079
5552
1929
4225
4494
5969
7863
5122
3718
7206
1273
4969
7017
7296
2843
685
7037
6031
1371
3747
6923
5664
5895
4189
2159
4273
7351
3522
7473
4137
5602
4312
2582
3619
1413
1308
7579
3412
3241
2224
936
484
1916
4445
1377
1854
1275
3115
7617
1915
5235
709
4373
7905
1309
2734
6402
7244
5452
6553
5953
7532
5224
1123
7936
7124
6885
2946
7045
5366
7379
2440
447
7864
978
2031
1159
1598
120
243
6051
7333
1240
5792
6875
212
2882
4111
2803
5901
6325
7552
3396
1426
6277
5709
5312
5993
583
1608
280
4787
2108
5258
5097
2042
3412
4041
7087
4919
7036
4281
4850
3552
4266
6305
7107
6217
4273
374
7832
1633
20
2091
5367
10
2139
2890
1372
7798
2250
809
1610
1000
6869
5658
5517
2463
4858
1659
5895
2952
6416
6715
4834
2115
995
2130
2362
524
4384
2313
345
4809
1873
1528
3464
7749
3761
253
797
4578
324
7273
3262
3810
2901
7915
7507
2292
6679
120
1745
3114
4555
7524
2088
3700
2199
318
7660
6257
7916
3185
6941
5065
3320
1180
492
6334
4322
948
2292
3657
2077
1403
1301
5298
4943
3803
5501
583
2590
7593
7732
6012
7954
2848
1183
6066
6222
4296
1802
1023
3476
7231
409
4075
6602
5626
1575
6447
318
6064
4248
5415
2164
1246
2737
4410
4222
5729
4124
7763
1200
6259
4965
5768
7738
5897
6977
7323
892
4483
2175
2564
401
2219
4436
418
880
3918
6124
2285
1525
6111
1612
5756
2436
4301
4407
778
5112
7972
2058
330
245
6587
460
7320
7217
5707
3730
2959
4409
5238
1899
1578
4166
6533
5895
3074
3551
7763
1623
7395
3635
7339
6951
193
3387
5091
4401
3209
1410
5788
5793
4786
7201
2310
5692
866
5172
6353
3907
6502
7300
402
7136
5282
4098
2230
7063
6960
1788
4287
784
7877
1458
4741
1197
3248
2
1938
2201
2676
2404
4602
4959
5540
5562
5157
2275
3429
5430
4495
721
4788
7518
4135
4154
4633
1434
5125
338
4993
484
6846
5719
4511
1365
159
6024
6839
1945
7112
5210
606
831
899
6081
3961
6906
2028
7987
6076
3180
6087
2276
4077
2225
4920
6749
4892
1389
2701
1811
4993
3966
3602
1104
687
3368
4956
3312
7506
4134
4544
3654
7397
5030
3530
2956
3910
5149
3326
3516
5258
1064
1919
6833
1837
1151
5791
3628
2105
281
4645
704
4744
3638
3406
5191
5072
3193
4913
6416
7928
1752
3100
4124
540
3766
5897
5837
60
3047
7182
6404
489
5542
7726
5177
2235
3664
315
6873
6633
1708
1549
7672
1422
7476
3449
6176
371
4056
3051
5565
3414
6839
3456
4329
2831
7563
5983
3979
1524
4544
2535
6358
2515
531
7283
2910
4479
2315
7544
5497
306
7059
348
5415
283
1038
6338
2720
1436
808
3199
2287
1930
5318
7347
682
4848
5682
6122
5188
132
2926
7896
8
4875
2339
1112
7190
3849
3050
5278
7914
3874
3227
6331
4588
7424
4320
3201
1212
5967
4528
7758
7065
7494
7321
5905
7748
2052
5145
5477
7746
4245
6264
3569
1500
26
3480
6372
3979
2063
2543
5764
5381
6761
1308
5356
3422
3920
7455
5855
2329
6106
4370
4339
3289
4249
7793
5034
6259
5126
1885
6661
4108
6465
5060
3157
4005
7545
7078
5319
6383
3540
3818
5636
5729
3386
3031
4890
6110
6580
5162
7979
5048
4365
4678
1131
3540
5237
7282
2098
7426
4492
6433
4472
6619
991
7809
175
611
7753
2828
1875
4668
319
2966
7676
3384
4191
5465
7993
1137
1425
363
5605
506
4519
7933
5324
3801
5454
884
115
2550
5650
2781
1478
3584
68
5186
4566
5331
7052
6966
4527
4274
259
2320
1606
7181
6717
6438
5004
2770
398
1467
1544
3865
7866
977
1008
1946
1070
3820
5697
1173
3154
1352
2814
3964
5202
2010
1003
4317
6795
5181
6161
1236
7659
4050
6949
5887
6003
613
6608
2207
5193
278
2513
207
2177
6926
6512
6647
4777
5361
4202
5241
2743
2107
7634
654
3560
7717
3549
597
4992
1151
1004
244
3682
695
2149
6137
3725
3742
1878
7451
1042
2827
6696
234
3847
424
3487
3664
3273
4815
1899
1375
1371
6116
1296
4419
4502
323
2263
4521
5763
7491
7737
2571
798
6889
1426
7888
7424
7680
6005
3315
5107
7766
1998
7008
44
2489
4360
5819
5298
5796
1822
5359
7728
5536
5968
2694
4037
220
2522
2593
589
4827
6420
6151
6977
5548
3124
7646
4664
6631
2219
6371
386
370
3200
1023
4865
1763
2613
997
7882
4888
6209
2531
5528
543
6271
4052
1726
2223
368
766
5573
6970
108
6179
5189
4218
1447
2247
1898
5707
771
7988
6104
3430
669
2538
1486
3213
2605
2707
4723
1054
6534
7032
4575
7375
6019
6351
6127
5176
4994
4524
3316
1966
5225
6186
900
7395
4461
3304
1328
6094
2718
969
3250
179
4014
6635
2961
4661
6053
5966
1215
2803
4357
3847
5223
6196
5458
612
1024
3316
84
2613
7115
2075
5482
1582
257
5848
539
1557
5775
126
3564
2612
6857
7603
3651
1732
7336
3319
4043
3826
4264
4912
6644
3319
3789
1435
7620
3127
3495
6177
1285
5929
3817
4779
3986
2911
7076
6981
4569
2835
5538
4913
2931
7754
1694
7379
5877
1438
2081
5961
3556
3792
5809
2124
2500
3929
368
4075
7753
3360
7539
5772
2071
7100
653
2336
5172
6924
1038
114
6778
3905
768
5138
3459
4611
3367
7302
1405
2497
3411
7368
4786
1128
3713
777
4264
7645
2537
4207
3994
894
3916
1218
5635
6586
1811
357
6344
1738
913
2530
2553
2143
4391
3985
3093
1506
5947
1519
1328
4951
1600
1004
5157
6536
3837
6262
7845
3533
5900
25
1427
1490
7744
7145
4185
3980
4755
3289
580
4607
5564
1819
6793
5554
1669
7986
1932
6046
6335
4851
6062
7327
5632
600
7540
6487
2634
5028
1138
575
4980
7062
684
2255
5910
1596
5403
6642
1301
7219
3560
7344
489
1939
7641
3259
3156
241
2661
339
7889
3150
3390
3139
2645
1367
256
6765
3862
7183
3741
3667
5072
6285
650
7305
368
3532
2358
333
3330
3430
659
621
4344
6403
6726
4769
6668
4019
3160
3613
1206
2752
406
2868
22
4023
7872
6739
7325
5507
2816
60
2396
5113
5876
2892
2546
1866
7119
4415
6586
924
7825
817
1644
3500
5389
715
2750
6764
4235
2953
5597
2951
6744
2816
2629
4939
2745
7077
1112
7195
7791
1354
7368
6082
4912
6479
66
2283
4757
3825
2041
6677
5227
1117
6069
6986
1235
1861
5955
727
6383
3905
3692
3370
3224
16
918
7269
5109
7485
3138
7301
3434
6342
7446
237
1958
1241
3514
7424
7974
3777
1069
282
6204
4780
6389
6044
7285
4167
1054
3620
2566
7986
7846
6753
1260
432
2482
4225
1605
1563
6362
2872
2892
883
4673
58
3188
2345
7164
445
1500
151
6312
1193
1442
613
7389
2807
6478
2394
7801
2351
274
1287
6072
5386
3238
1207
1773
5363
2845
1357
2163
566
5489
6521
6428
2427
6055
5862
4118
6230
2129
5860
5417
5827
3602
7967
4935
3572
5881
6456
5074
2300
1636
996
2903
6040
943
573
6834
2751
1704
911
3449
1738
2740
4687
1039
3352
6974
2902
3432
3069
844
5322
4270
3667
450
4092
1183
1364
5130
7959
4875
979
3442
6856
2542
2293
5236
990
419
691
4691
4278
5021
1832
3391
1508
5291
5299
6816
7184
433
1987
6765
4291
3908
2268
7423
917
4662
3067
211
966
745
7873
6267
4093
2937
795
4421
675
881
7680
5757
4422
1577
2870
7098
4244
661
763
2861
5054
2856
5068
5841
6652
5727
4046
233
1841
6281
5095
6259
5503
4744
4368
2185
7481
2323
2392
2079
4584
6594
7141
2361
6600
1391
5953
7272
3963
1448
1225
4031
620
3740
6889
5388
2083
5362
5101
5225
4258
4259
4015
3258
2069
7450
1321
1821
2428
4347
4039
1260
644
7045
6182
1487
2755
6861
324
5803
6394
2019
1475
1310
5632
3235
3672
385
4059
3224
6063
3836
1927
6005
1058
6730
7526
5198
5749
7454
5734
3982
5621
5447
7295
2198
2600
2741
1501
5145
4419
6617
2238
1849
5283
6101
4366
7845
2727
4669
294
1012
1786
2392
7186
5949
7125
5325
2397
2737
1200
2370
592
2058
7983
6372
283
1115
4446
7039
4213
4007
2952
3283
6900
7654
4387
7402
6981
5933
1225
6597
4005
919
381
5652
772
1184
5762
6515
5615
7184
1368
1095
2471
5463
4048
4212
2107
4232
6220
5329
4854
4311
7094
4552
7622
2033
7708
7349
992
5935
1970
530
4748
3527
3928
5866
5808
2835
2694
6951
4855
3120
2814
7348
1338
6526
5657
5181
2567
4052
3404
5769
4162
7240
5563
6547
7007
6038
1506
4023
2015
7917
2000
7924
2403
6670
6724
7016
6583
4053
5414
6433
1458
4220
831
6248
1815
1552
1009
7806
7397
1049
3242
4248
7367
2243
1939
5168
1951
3695
2371
2596
7234
7668
4706
6619
3155
1018
7482
1811
7966
329
2780
4754
6017
2621
4419
3954
5654
3119
104
238
7440
7929
6761
6993
3437
5488
1655
6833
3896
4915
3948
7255
7786
7109
2468
3187
1244
5947
7177
603
2959
7351
4785
3808
936
6239
1510
3444
1603
3584
2897
5753
4238
469
7223
4874
908
2989
876
7328
764
6246
3899
2148
3561
6613
7792
6178
5478
7603
7430
6382
1202
4482
6923
2596
4975
607
3585
1692
3388
5737
2348
434
7260
7845
5596
4977
4746
1535
729
7731
5822
7755
1881
3429
219
2357
6395
3408
6711
1638
3906
2502
7600
5685
1415
1319
6229
1921
5136
7968
5857
7920
1164
207
808
6367
6154
1307
3393
3866
6864
194
2065
6304
4955
7726
3947
646
3095
246
6392
817
7871
338
7457
5435
2841
5824
5495
2779
5518
4415
263
2145
1202
682
1307
6601
6353
6742
7417
687
4171
7452
771
3760
2649
682
5539
7977
7392
1349
6807
7895
1942
1445
2830
5023
3788
1662
272
6436
1869
7911
4693
7183
440
2483
693
364
8000
5968
7000
3342
2426
888
3488
6934
7911
3147
1025
5059
4805
3269
7872
6361
3212
6414
1740
4870
2059
3883
2624
4447
1020
7534
7842
5298
7507
2229
4803
4104
1953
3528
7665
3076
6886
4316
7937
1991
2610
4087
2610
4705
2208
3836
5508
7305
3210
2185
4891
6811
3669
1850
3888
2929
6650
2758
5906
6118
7145
7459
1705
4014
239
6712
7721
123
6654
2119
1106
7868
4674
1889
4285
4622
3634
6255
7709
2021
4918
3742
6376
5954
7572
7077
6833
5642
6716
2923
5844
1408
829
6469
3365
4827
6212
6405
4929
2553
997
7009
5571
1409
5891
552
6449
5698
535
3369
7897
6348
904
5349
1546
1718
6130
3745
2391
2564
4892
1178
1823
4114
5925
7890
5634
6348
255
3308
2046
1930
540
668
131
3984
6149
1223
139
3597
3339
7704
6733
2704
380
1520
2925
2253
7653
7157
1738
4593
4211
5418
6202
6296
149
917
6894
2749
1989
189
3630
4488
1051
7794
3447
4980
5313
7709
3319
5928
5536
3490
2700
3486
5147
7484
6017
1658
2619
7864
5439
3624
7696
4024
2147
6421
4181
7776
7173
1428
1287
7732
6771
1743
6345
3335
1592
3289
211
5999
4377
2346
56
1219
3019
4080
7216
3426
3464
7114
5520
5487
3702
2574
2044
6201
697
318
5642
120
7353
7445
766
3019
6625
2861
832
5911
790
1951
3332
556
801
2147
7842
3144
2289
841
1713
2496
5442
3745
5280
684
6645
5919
2966
49
6887
239
4849
5168
1443
2431
5383
936
6803
6864
3510
2158
940
4255
5134
237
3558
2904
7610
1690
2471
7709
4320
2353
6980
369
6999
7788
1871
3889
7114
2927
6090
4149
3472
4984
1891
5197
3028
987
6750
6004
825
6194
4310
5380
3205
7595
809
2193
6659
1867
7486
2279
682
1664
836
1578
5135
4106
6531
3420
3422
1521
3477
5507
1529
6997
4483
4575
952
7807
1993
7170
6056
4788
7517
4289
6920
5090
4198
2101
7986
1341
6196
6029
1852
2795
6014
3874
3226
2013
1492
3385
5761
705
5230
4162
626
110
1747
3687
208
7327
3529
1618
4346
5361
1358
2966
5855
177
820
719
3142
4808
3842
4424
4425
2722
5050
3325
2984
3674
4811
3074
158
1733
1847
2563
4899
6198
1187
7182
4350
6577
7686
6945
7398
4545
2938
3115
3828
7430
2249
2814
2407
7407
1254
4372
888
4483
6784
136
7217
2408
4451
7290
7806
3218
7027
5162
3019
3714
7368
2130
2597
4044
1887
6648
569
7023
5201
7447
681
3432
7550
2355
4539
3268
1585
5842
7187
2162
3842
4149
6141
2816
68
5987
3350
1104
1404
3127
6239
868
7995
5490
6367
4508
4107
1016
4461
4120
1752
7498
6339
7227
1458
3735
4059
4319
7683
7199
2037
4643
3343
775
3164
6532
6837
7047
383
4443
6114
3035
62
1611
1947
7765
449
3602
7781
7801
3923
6005
1529
4477
3096
2101
6709
2118
6324
2273
7333
2338
80
6331
783
1522
2007
3000
1155
4263
3285
7240
782
5298
4546
3908
7406
5163
5069
1403
4237
4649
264
4974
1289
1156
1453
4878
4642
2123
5351
7859
925
7344
6844
7724
2766
5388
5789
5985
1472
4296
4233
838
5970
6142
4508
1034
2249
2428
98
7301
4768
4290
7283
357
7382
7154
3971
1520
6395
4207
1518
5082
3643
3805
3322
3338
5199
1352
5026
1624
3541
1817
3221
2729
7749
2728
4701
5784
6214
6733
139
7890
931
6951
7053
1110
1430
6452
6970
7530
7187
4622
729
689
2883
2306
4977
4243
3483
6322
4460
412
3874
7695
6698
3773
844
5194
592
1514
5259
3762
5114
158
1895
2685
7530
4444
4626
4315
7170
1045
4493
4547
2634
6448
1611
1839
6579
3964
7847
4930
3576
3919
1068
1144
6711
6466
7910
4744
3912
7781
5585
795
3534
3907
5360
7714
7006
7063
7819
4563
6048
1053
4492
4249
5616
1288
5954
402
2781
2040
1084
6674
6721
3363
6793
3902
6044
4815
4877
330
2691
3679
6824
5386
1770
6309
2752
587
575
1948
1521
6350
7674
4429
3159
4450
4401
4407
2858
2861
383
1471
3149
6503
3405
3953
446
4173
5577
7412
5707
7103
3849
1280
7582
5250
1263
828
7457
4685
1143
783
1519
5375
4575
7562
1379
7402
2017
7652
62
5636
4909
2354
1052
7174
944
1670
3198
7715
6170
7149
2861
6686
4276
6505
4032
5241
2148
4800
3376
3944
1686
1226
5577
3279
1915
4746
6787
5414
7643
960
6006
7173
1744
2249
5457
534
7860
5376
3638
1183
4799
5913
6514
5830
1208
7557
4784
7150
3372
6852
7254
3794
1
7285
5733
7145
821
4587
1350
3304
791
4433
7783
4756
2042
7975
7016
1275
2291
4659
4992
3626
6000
1054
5308
2972
4150
443
4386
6590
3466
1560
3856
2747
6116
341
736
282
6836
7055
5190
2875
3886
4142
4774
1925
6864
3204
3790
5948
2854
2323
3832
2708
3467
5845
2361
6042
1476
5088
437
4705
1599
6570
6428
6354
2589
4579
6113
7561
4390
7618
4565
4927
2448
1842
7077
2191
6320
5309
5875
819
468
5960
1325
7604
2898
1802
3427
2682
4658
7179
1883
826
6175
2948
2017
4298
772
1441
2614
2113
3645
1323
6064
5885
3093
5256
4712
233
7042
1361
315
7609
5302
2483
181
3252
5102
5494
6746
2881
5336
2751
1987
5523
1363
4519
158
6511
733
5892
1938
6318
2290
6528
4666
4463
533
6726
3368
2805
1044
5767
3124
7388
2585
6410
7054
1541
3231
6359
4541
3727
2517
2606
6101
4851
4499
5735
5338
5003
6407
4365
6553
936
7909
775
1802
5963
27
4515
6133
67
7767
2405
7438
4960
3197
2029
5455
6249
5404
2533
6114
622
277
3230
4422
1714
3182
6969
362
4621
380
2878
4641
1535
2415
7386
2948
4698
6056
7904
7596
3203
3349
1799
3178
2813
3702
1208
3710
4535
1065
389
6143
2886
4853
4672
1237
6121
5278
5219
5232
5097
3490
6792
7368
4713
429
3612
7402
7866
5380
2034
5754
4043
3062
3458
7872
2467
1655
5932
1675
1584
4541
2934
6412
7892
7812
6528
6075
3289
1877
3955
5609
4924
7498
2931
1692
1916
7867
6672
4059
4964
3614
2441
2956
573
3068
7991
2100
2412
5722
5778
2818
4168
7234
7288
632
3536
2521
7967
4198
6656
2825
7951
2102
5358
6121
2964
536
2954
862
1840
4355
3550
7056
221
4811
2781
6278
948
239
7884
1213
5171
6272
2046
6836
6305
6857
5299
360
1088
1040
386
3226
2968
5210
7015
1778
7558
5812
923
7260
2696
5523
6963
7161
7726
5090
6093
4554
2363
6859
841
6188
2347
3774
1501
674
1159
1419
7174
1517
3920
1055
2578
5139
4494
744
883
6836
3851
5798
2417
5730
2429
4329
5079
1422
990
4183
3904
2976
4837
3842
4855
6004
7337
6223
6573
4603
7767
3963
5300
7449
3802
3162
2726
5413
3501
3199
6624
5226
767
2158
6200
3246
6514
7053
3910
7615
7163
7515
1170
3020
1108
2
5602
343
133
849
4344
7945
5892
6936
6443
476
86
4116
4037
7894
3496
2488
6497
5763
1630
251
7057
1868
1543
2363
4041
5698
3566
1569
5761
237
7429
628
5148
2171
2313
7624
3050
7534
1481
1283
6466
469
7653
2074
106
6059
7701
2221
1696
5549
7647
6193
6648
6278
230
5261
7647
1250
6417
5870
3653
403
1983
2244
5906
6675
4092
6037
1455
6769
7393
424
357
2153
68
5685
4056
3277
5013
1991
98
6506
3146
1749
2734
6648
7148
7865
5143
3321
4850
537
507
6908
6317
3674
6434
5662
7905
1883
2799
2637
2519
3704
3383
6577
2817
1745
2398
6705
7479
446
1566
1135
2146
2948
6877
6054
6870
5889
462
4437
6810
5946
6555
445
1647
1140
3186
1801
2466
3939
5290
6008
3396
5377
2424
1580
7258
7803
6098
5351
3779
639
5556
2735
2966
383
363
4908
6679
6415
76
1526
1991
6245
4935
1433
7428
2564
3897
6353
5462
5965
2747
4172
7230
1276
4235
1192
3921
356
5042
7823
4568
5622
6861
2469
6206
3205
3601
3533
3465
1972
6428
5274
7385
1605
5024
1912
5608
4764
7755
6507
527
1366
4930
4448
149
7237
7343
4562
5140
7932
999
6028
5614
3118
1273
7311
1855
1587
7695
6552
2357
7491
7802
7848
5033
6602
6380
4772
2392
1273
4312
3456
2406
5122
696
4082
6633
4656
2920
2551
2568
791
3342
6096
7855
3278
7790
7672
1657
7085
6475
6596
1240
5635
1237
70
7863
7373
2409
4186
273
3716
6358
1471
5519
2156
466
4658
939
7920
6103
2254
5109
6912
5214
5397
2092
3502
7835
5648
7358
6447
6842
3017
6816
713
5119
5580
4077
5793
3688
6847
3619
7091
5554
5391
7694
3148
1391
975
4671
1756
3338
7426
6369
367
5529
3138
3814
5068
4710
4579
1508
1503
2838
3292
2100
4770
1855
6207
2509
6595
2295
7522
1398
4844
651
4204
2935
879
7446
3893
438
6390
843
2242
5929
3290
6432
4228
1512
1870
1485
2663
5763
3870
6974
4535
7948
3299
3457
155
3120
4111
4314
1921
4971
6162
2500
7867
1833
3616
5311
143
7050
1211
5416
4990
2684
106
7797
7521
788
5346
1035
3447
7901
4470
2481
735
771
7925
5145
2754
4722
5126
2854
6870
4512
1710
4841
3484
4347
1145
6740
5129
1522
1415
5672
2245
1593
2568
1771
5950
1035
7803
3505
946
2831
4461
3716
2597
7407
213
2058
6843
2143
1608
2897
4746
5993
4288
4107
3339
812
30
7336
2226
2826
2910
1695
4369
2760
4527
2839
873
4345
3964
3452
6815
2431
7452
2472
4102
6876
3794
106
5802
4002
258
5262
1440
7320
5086
3344
3525
4262
2360
7021
7489
7875
3979
2106
7805
3445
4143
5548
378
2680
3703
932
238
2709
2978
7633
5725
5383
7142
1407
598
1109
6284
5565
5734
5795
6350
1555
4095
3423
5126
7593
1537
3055
631
1131
5046
23
2541
4030
2293
5916
4159
148
3763
6132
6423
5145
227
1592
3367
6294
4166
2316
5104
3656
2127
239
2920
3093
7321
4075
2849
1296
6795
3216
1011
290
4322
4683
1225
4902
1294
6678
6259
6376
4775
6251
6771
5186
6909
3003
7245
4613
592
4987
2804
6936
2282
2602
7304
2105
98
1797
242
7844
4770
7088
3963
5980
4180
3002
4713
1419
7995
2836
6715
6966
357
438
7247
947
6261
831
5229
1443
1614
5824
4221
215
366
222
7157
1534
2280
6927
2495
5199
7883
5033
3986
2281
6465
7103
7844
1719
5279
157
5038
810
68
6449
7593
959
1457
5168
6419
3648
6217
6772
3777
7772
6286
7665
1841
5373
6956
4410
1410
7579
2423
7292
2849
5870
6547
4363
2933
4521
2175
4909
4569
2111
976
3102
3989
357
2027
1263
1881
25
3509
3914
7161
7648
2528
6817
2869
2052
5215
6048
3543
1116
3522
1811
4602
50
2970
7289
5498
4705
645
4336
3381
4667
3777
1378
1795
1424
48
1993
5592
3896
4281
4996
2651
2639
3867
4441
6055
5078
1859
1983
4405
3693
679
3376
5619
6689
5381
1364
4966
5201
7010
5416
4988
7107
8000
1872
1589
605
3471
7480
602
3557
6018
4510
6819
5473
4791
7
6480
3037
4599
3027
7363
110
5563
4718
812
7363
6615
1935
4437
511
1687
685
834
1248
7531
1659
269
6165
7515
2140
3041
66
3043
7331
7998
7046
3323
3346
2483
1342
6569
1567
6425
7447
6918
7
2868
1275
6018
1983
3636
6195
5838
6597
130
7213
1110
1719
5060
655
2553
2514
2394
47
7706
7001
4906
1424
4225
5810
1508
7523
6117
3650
317
3013
4130
6128
702
4782
4995
7574
2442
3820
3998
2357
7049
3441
6401
6999
1205
5009
934
1194
3941
2599
2123
1863
4221
3896
3249
6518
7606
673
702
5292
3160
2309
2182
5552
6685
7313
7159
6401
2569
6621
1155
3135
7216
6127
6505
752
2519
3215
1407
1412
5670
5702
7385
4897
1398
2683
2649
5589
967
3720
4418
4354
2813
7829
5553
6431
2648
6706
3142
2044
6101
1756
4327
6075
5306
1838
816
5844
5406
1164
4652
1570
5563
2086
3649
6496
5626
4793
2637
3192
2243
5940
4288
7387
2831
6152
479
91
2568
7420
7373
1194
1349
1570
4557
3357
5302
3510
4246
3707
727
1430
2401
6844
558
2693
964
7943
3545
1037
7914
3537
5272
6843
5911
980
5407
6207
3307
4386
6815
6618
614
7149
3251
4534
4615
2180
4617
2440
7403
4490
4558
4157
1727
484
6138
6207
6807
4564
3674
7315
5532
1619
6729
3777
4497
2220
2809
5139
340
2465
4810
6961
4166
1123
3216
2297
1513
6566
6074
273
5686
6986
8
5802
3882
871
5601
4109
4824
6327
757
5500
1728
7615
451
6709
1091
6163
993
7166
3517
2
2397
523
3616
6024
1224
2178
5387
978
7451
1627
5963
7402
6066
3223
6968
4522
2960
7114
7931
1196
4757
1101
7580
3316
6290
4046
4011
6002
5739
5917
1442
5361
1351
6735
6879
1413
7934
7578
2183
905
6925
198
3080
7875
3736
6370
2522
6482
4524
6583
5406
573
6350
6281
7318
5943
1834
2555
7281
1386
2342
2306
3416
6027
6751
2311
3895
1494
1517
3690
2690
7627
5481
1999
4798
5442
2174
6156
6592
1160
5540
95
785
73
4866
418
7552
2221
584
1328
2569
7290
2987
4235
5254
1281
1058
7451
3139
1195
147
3876
463
4045
1333
7429
3985
3642
1896
6139
892
4277
6356
5801
437
138
5949
2516
6953
1284
3070
7478
7411
3545
5907
6641
6568
6352
6444
4835
1817
5452
4659
741
7918
3843
4581
4545
4000
507
4646
5123
7926
3765
4421
3151
1817
2233
1543
1528
752
395
6075
2684
2103
1955
316
3000
1020
7968
4502
5861
7749
4337
640
176
5943
638
3524
7209
6196
1901
6993
243
3772
2949
3528
7611
3214
903
1064
3509
3508
5680
3936
3182
7345
1054
1346
3428
1444
4627
1449
2009
5837
2267
4051
7321
2516
1999
794
4345
533
5951
6130
425
6404
7745
2565
2913
2379
2525
4840
7182
2855
5672
6444
1014
7017
7611
998
4240
3304
6148
4828
5244
387
699
4198
2441
4722
1177
7794
5821
6221
2018
4601
3160
721
3073
2654
1571
3814
2035
1061
7852
4169
992
3734
5256
4872
2460
5426
5309
7422
2037
293
1471
7183
5580
7921
6379
648
7527
4107
3532
3093
5582
6266
3458
3645
3234
4562
6695
6023
1822
915
7309
2370
6640
4455
1035
4335
942
2787
5373
5825
2798
1840
7750
2946
5362
1855
1101
7182
5439
3374
3805
1094
4815
3600
2937
7711
7386
7103
326
515
5079
1200
4601
4399
7321
672
3139
4622
1734
4871
6739
6290
6125
575
3117
7204
3590
2233
3251
2880
199
6484
3501
7553
3470
311
4856
5797
2986
543
4910
4894
3289
4721
1496
1184
2049
4838
422
483
4012
2801
6738
2324
3450
5170
2082
5121
5337
6691
409
224
505
3187
6600
7741
7270
7537
3406
6758
4513
7747
7443
6823
302
1294
907
6916
4359
2329
7910
5017
6600
999
6275
5358
6385
2114
3236
1010
7166
2801
4307
7036
1111
3133
7097
4874
7550
6565
2220
2512
6839
2217
265
1064
1515
3582
526
5642
3281
486
1160
3325
4400
2026
5339
6110
6180
5345
372
4885
3893
4682
5039
