1779
4530
708
6014
7810
5039
90
6201
1309
4846
7231
7591
3390
828
4307
1004
1859
5031
7810
4554
3847
7199
2261
5285
4720
3690
3053
7091
2855
3382
4056
7272
5651
3599
7397
1113
3947
3126
61
3846
2510
6399
3343
5313
1561
301
4906
6639
1570
2990
7408
6349
715
2933
1428
3473
1144
1691
716
1843
4337
7747
816
749
976
4637
2226
4121
7136
4572
7383
737
7236
3069
6796
5788
2053
3726
7504
7824
3588
5913
4686
2935
5396
4764
2534
5920
5749
7648
6709
6613
7749
3498
3542
2093
4106
425
1713
5743
567
6919
7212
1839
2654
7969
7325
7579
6338
7335
2234
7460
7019
2339
4613
4310
4630
5685
6815
6857
6250
1564
6571
2737
3993
5004
6467
5521
6943
3877
1722
780
4900
1554
1626
931
4819
7738
2012
4681
3526
6357
538
6558
1932
7047
1762
7943
521
5188
3881
1116
2457
650
6955
7310
5093
7379
5918
5236
3231
4505
928
5692
6842
2732
4603
6232
1221
4844
2814
6742
274
7425
5801
1041
1561
5350
4987
4659
3283
840
6012
1795
7498
6857
7383
7860
6378
223
629
5039
6309
80
2088
2287
5582
5721
5951
5703
1804
2565
499
3939
3130
639
2165
5129
1363
4893
2794
3212
7177
5135
4711
1128
4059
5170
1181
978
514
4344
4383
1149
1416
6194
2329
8000
1674
6412
1734
4287
3209
2832
4246
3935
135
7727
4635
7917
4278
2702
2806
6946
4957
7709
7296
1985
1187
3209
6357
2908
6915
3580
2835
724
4841
6625
4701
1216
2757
1937
661
1922
2827
6212
945
3153
3563
7333
7682
7698
407
1448
2246
7997
33
37
7817
7153
256
6298
3879
5782
2285
3196
1106
5919
4943
1327
7974
2118
3288
5717
5574
1762
3075
4107
2545
6494
655
1135
1789
933
2291
2074
4516
2792
7002
5049
4274
1456
3797
2817
3744
3007
1818
2235
7897
2247
4520
3353
4175
1473
3580
7543
7303
454
5809
2691
412
4701
993
5895
218
2381
4425
1397
6937
2653
1247
3909
3612
6725
1044
7853
270
3139
1421
1081
3688
5034
1716
3944
151
6307
6728
2385
7071
7810
5351
6463
5496
7690
2183
2131
2345
2006
1222
7751
6557
2816
107
2930
1840
3507
3485
3526
6432
6198
4498
7477
1729
2113
560
5310
769
168
4704
834
7300
5725
4553
7505
4108
6034
949
6561
5259
6938
1081
6642
5299
272
5515
3780
3454
1633
221
5846
6949
7434
3797
5442
6748
3932
7129
7869
5120
1761
6818
7912
1244
7454
6746
3962
6217
1928
3176
4224
5983
6290
1590
7746
6858
386
7297
4574
2654
6043
6506
444
6328
6582
2690
2915
316
1082
2944
4560
3450
962
1667
4509
111
7390
3842
4390
6526
6827
2509
1685
5758
3509
7650
1397
5201
4903
5372
5920
5666
3284
7838
838
1104
5720
4999
7969
451
1147
6436
7499
5343
464
5452
5641
5086
4927
4101
1156
5996
4809
5523
2364
713
4730
5847
415
5715
6650
3092
3845
6128
7389
5993
3859
1938
5313
5542
3034
7533
3928
442
6665
1789
321
5385
5133
620
1171
2355
2927
3110
499
2567
3463
1707
2043
2288
5072
4360
3308
69
6053
2182
6324
5257
4602
4457
309
4852
4287
809
6676
4787
435
1568
3145
3016
2486
4212
4151
5422
6467
2919
3695
2159
749
3206
5244
6423
5856
2962
2457
7265
4745
2636
2654
3628
5780
2690
2574
1775
3216
1012
1186
1878
878
4090
3078
5558
2250
890
1506
3404
2960
331
6116
6680
6054
4197
7723
1480
273
6330
1639
4375
3544
4403
4161
818
7849
3394
4288
1525
2923
3088
5953
832
3175
7392
6366
3463
6244
92
3770
7120
7456
3042
3941
4788
879
215
966
7820
5534
1495
4892
5469
5799
1999
5642
3849
968
7432
2184
818
1236
3238
4763
4565
1780
3371
7247
6184
2238
6442
7731
704
6772
633
2145
732
650
1587
1381
2937
39
5608
716
4410
5006
4857
4461
2575
3843
7578
5613
3133
6101
5075
5576
687
6340
3052
1592
220
3998
7471
614
7033
6164
6097
7903
7896
6526
147
961
2149
2638
3130
3830
6074
1746
664
4282
709
6350
5292
5567
6136
7680
2491
1765
3233
1874
1085
280
5068
672
105
5677
6509
717
7544
5590
1083
4583
6417
5676
169
3202
2006
5722
4321
6341
1548
6737
4186
4619
4723
5994
7570
7166
7017
5576
338
7023
6731
3255
4347
75
4537
2882
2457
4848
2310
4454
6829
7371
1095
5539
5552
4126
4106
117
7529
7558
7944
91
289
1379
2761
2811
4674
2122
884
7181
5957
1774
5074
219
1491
1258
6988
1385
4921
3863
4326
4125
3194
6992
5636
3787
6304
7007
2832
7351
442
973
2764
274
2079
6619
6277
3416
5795
3905
2563
7505
764
175
2422
1823
1521
7381
2114
1965
3559
4876
2240
4522
4045
1888
5014
7596
1109
4150
7573
681
1351
3665
1083
162
1412
4347
844
6636
2797
7201
7734
1884
7766
6940
2575
6870
3856
6117
1373
3311
3886
4401
2858
2493
2316
5151
1937
5061
4141
4192
2921
642
6530
1668
4505
5802
1333
7694
6483
962
2451
5042
338
1368
1462
664
6124
7648
5198
7084
4927
7364
2725
2170
3753
5763
7966
1583
5820
2156
1685
3978
3962
2565
2367
2255
5185
7036
4796
7407
6670
6573
3737
4887
911
1879
5407
3694
5613
7042
145
6631
1919
2111
333
1640
229
2933
2569
5275
5993
5426
5934
1127
3035
6395
5486
1589
6854
3861
6183
1459
5704
2674
4680
3763
6030
4703
2200
6401
7223
5629
3833
2038
7086
4306
7038
3331
7601
7693
3355
592
7117
6193
5056
5754
4908
794
4138
7725
7063
3287
133
3061
4471
7714
7707
6871
4392
2906
7446
3130
6841
809
6162
7545
628
3082
3040
5518
5156
3075
4980
1800
6683
1850
1282
7154
5079
4889
4137
4707
5473
364
2016
6660
3611
4959
6077
137
2868
6089
4763
6065
2602
7087
7885
3503
6168
3481
2035
6022
2951
451
2395
1831
3705
5167
7104
2668
281
207
2099
7631
4981
4675
2916
781
4685
1888
4643
3535
1921
1233
775
2757
3788
5570
4395
1977
6209
7880
4154
6682
3586
6570
2234
1194
3083
3036
2598
4388
3899
1994
232
6838
934
7198
7338
1695
2575
930
4284
7980
3757
7128
3847
6351
4558
3505
7903
2850
139
6148
855
920
2173
1533
4277
6052
2778
7946
1734
3858
1002
4191
2657
5581
1143
4277
201
7486
4222
6686
6110
3268
1245
875
4555
7915
4489
6499
7267
6182
4136
1782
1375
7168
3091
7125
6483
3411
6983
4686
3367
4882
890
6363
631
7480
1506
1882
1229
2201
6605
4762
5435
3917
7275
5798
1788
3314
5092
6344
6520
5163
3517
243
3219
3124
6252
6880
551
7236
2776
5913
5736
3458
2775
1883
1380
5623
1442
3299
1058
864
1618
7592
6780
7228
778
6745
5604
5640
7298
5545
6711
826
6834
3801
5989
7603
3184
30
6981
5306
5151
5343
1650
5449
4520
6597
3891
5564
1068
1840
3787
4894
6148
1183
7346
7121
4768
2263
6182
7654
6214
4440
1928
1349
5737
5720
4348
4548
374
829
4771
7610
4190
7406
328
4385
5314
5984
1632
636
6097
2753
4201
5066
2073
2741
7089
5284
6140
2499
675
5740
2769
457
4664
6252
970
859
3511
3596
4247
4425
4111
160
1461
7929
1383
5674
5616
7021
3523
6326
7806
7703
2567
5435
2848
5936
3473
4435
3016
4726
915
2177
6171
7164
1854
6949
2703
3205
5434
533
5163
7460
281
4772
3436
3292
6120
4914
6809
6854
7730
5926
7455
1552
6603
6153
6123
7280
5154
5809
5604
3603
2385
31
3897
2568
5110
5794
2992
4021
879
7982
839
1856
7574
543
851
3836
4967
6420
3262
3665
6470
6130
6755
2350
6194
913
2314
1749
1231
5812
6303
5734
6453
1850
3613
7768
4056
4025
5302
2342
7432
1410
1806
2586
4421
7273
215
2817
6940
4128
1306
6938
2347
6407
565
2634
1201
7813
7155
3771
5056
3584
5053
2524
5116
445
6767
487
1274
1008
1803
6425
33
3317
6681
585
5650
1503
1000
3100
7375
766
2284
1290
1769
4768
776
3462
3177
5184
7546
4122
970
1725
4933
3589
50
569
3602
2933
4105
7350
7470
274
3715
6869
6227
5372
4235
2357
6082
6217
6409
6324
100
3925
3951
4674
1912
5800
1897
7159
2058
7525
3081
2609
2478
1586
3783
1436
3159
7350
3241
3265
3721
6063
5617
5315
5565
2125
1151
7506
2625
4700
4291
571
463
3305
121
7092
2867
327
5426
2927
5815
6973
301
4178
1493
3521
2366
6620
5614
3783
5328
1224
2756
646
5551
6571
464
7837
2799
5373
6129
2788
2685
6579
7115
5658
6791
2992
7092
7908
1746
2012
2568
2461
1706
5403
726
6452
6293
1170
619
5103
7001
3302
622
6293
3567
1723
7349
453
797
3976
3887
1182
4942
1083
7145
4016
3786
4396
7085
5666
5360
6216
1764
4308
6644
3863
7111
2176
1573
7447
1333
4173
6194
276
269
2082
1284
4386
5825
516
2464
3229
118
7626
1345
6253
6127
2276
472
2002
2098
3686
6895
7828
4060
4790
3116
575
7754
4763
469
244
3800
4784
7822
5851
6004
3475
5176
7308
6725
233
5693
5933
4233
1078
4508
7555
3755
631
3307
1765
156
604
7955
7522
4458
7662
460
711
6998
6029
4292
1324
1095
2567
6509
6928
6722
6843
236
3293
6548
5624
7544
710
2027
7078
6227
552
5810
6642
4242
3946
4630
2667
5172
3598
4137
96
6117
6762
3373
935
6462
1267
1139
7190
2455
4706
797
4367
127
1891
7116
7535
1102
457
5006
4363
7115
2193
1123
6696
7170
4085
5676
7127
7190
7120
1958
6875
3741
3192
7225
5451
6729
2679
4841
6824
3375
4157
3400
7575
6577
4357
6726
4736
2617
1881
5129
2250
6955
5480
6965
1211
675
962
4479
805
7952
5032
2347
943
3530
4070
7249
6239
3822
3647
6266
1501
2321
4955
7389
3195
3787
4053
3388
1155
2738
185
7476
1496
7903
913
1200
1786
3578
2797
7711
7209
5364
1426
6682
6900
6124
210
6379
6796
3124
4131
6321
6597
7579
369
7482
4894
2986
2401
7548
3121
724
2184
7128
1710
4632
2109
2307
2566
3154
949
6933
2876
3078
818
5875
5834
1606
3841
6734
654
7810
4600
1322
6937
925
1007
3510
2379
1876
3906
7020
5889
4138
4835
4234
4603
794
7622
3581
5019
2115
4889
75
6527
1222
7148
6433
7075
225
499
4107
3873
5761
6746
5008
3671
4069
1692
2083
1325
7460
5166
972
3027
6015
7567
2974
249
7209
3348
7127
5244
3711
3272
3892
7326
7089
3782
5294
3527
2187
2773
396
2130
7606
1419
909
5774
4257
6448
3514
2224
5628
5953
3952
2475
3564
1206
2924
896
4126
7993
4162
6418
2523
2789
3299
2847
5974
4334
1034
753
5833
1793
6535
2504
3914
189
5722
469
4008
3375
1713
1285
378
7626
1522
5146
7277
762
3616
1846
7149
6196
7005
7611
4070
7628
6543
3701
6823
3779
2359
5721
6242
6260
2703
4671
4137
6189
2049
4615
1640
7011
7107
343
6380
6435
5969
1812
7361
3462
1884
2294
3198
490
6783
6683
5269
4798
4234
7355
5131
5152
5867
6313
102
7100
2549
1948
4813
1811
6264
2156
3546
6336
6190
5409
4711
1205
784
3492
4855
5673
1946
2135
1076
7972
1727
3979
1846
7013
6396
4777
5760
93
4336
5720
2414
6119
6525
3021
5155
5884
4198
1516
821
6350
6714
144
7615
6600
1313
1102
7355
4086
4372
1465
2802
4597
3381
1999
7753
6543
2509
6533
226
1242
3208
2171
2694
304
806
5870
1774
4131
5324
3202
823
4012
5398
3538
1747
876
4417
4790
3739
7779
3671
5878
5463
1991
7663
1625
2548
2871
57
2983
1670
7865
7291
997
7697
7220
7864
527
3052
3063
343
440
4294
4830
1071
1640
3983
4716
839
7126
3079
7446
5267
833
7609
6822
3294
4535
796
6702
6523
5972
4743
1318
3183
286
3880
5937
3003
6310
1106
4885
2999
1618
7643
7415
1718
4476
5898
3984
7037
6783
4968
1530
7393
2070
7433
2307
6491
7577
5957
2348
7408
1502
1591
5169
1645
1393
4558
3972
5347
7794
6905
659
2107
7917
2035
6495
7751
4798
5032
2854
2244
1971
7433
7866
533
7785
490
7208
1837
1438
5482
1214
5249
2998
1342
6407
7522
4836
3098
4182
4606
4723
7865
1082
5428
7672
7123
2034
1675
2412
7039
1553
1063
2862
5011
6713
5401
6242
5765
7746
3424
3693
148
2288
3479
5755
1352
2070
1591
2905
556
1376
4557
7731
2917
3032
7747
609
4147
281
1560
1142
7427
1910
5749
4881
7603
3316
1182
136
2163
1849
194
7749
4452
6291
4419
7158
7089
1815
256
4338
5298
2432
6943
3765
5845
4790
7389
5499
4498
4340
7477
7041
363
4267
1996
7654
1194
754
677
1708
415
37
6345
7422
7226
4964
738
7260
4773
7754
6106
7249
1803
5366
5476
6645
7670
6613
5019
4861
2008
6864
4644
2658
7412
3253
2163
6049
5518
7727
2179
2868
732
1240
4453
5814
902
4549
1339
7290
6253
7026
6355
5487
5761
5196
4501
441
6281
7842
6495
416
6639
1516
6214
6085
1746
1507
1273
1360
3973
7623
6423
3243
1080
1195
6018
1328
6923
7480
2745
2816
3622
1944
7000
4630
201
7187
7467
57
6756
4170
5411
5058
6680
5767
1628
4561
7517
5583
203
7342
2430
4431
3553
7154
7761
72
6219
894
3591
738
120
2816
5550
7195
6046
4560
4901
3132
4041
1300
7434
3501
2525
1128
998
2006
3417
4634
2273
724
7728
1581
5525
2831
2138
4764
2333
7058
6731
5186
1213
6652
6494
5734
1927
2545
6559
2988
5669
3544
1804
7322
3486
6347
1180
5349
4544
3241
701
6130
5994
6014
2213
2101
2663
4944
2618
6932
2806
6573
2787
6089
1747
3351
5506
485
4541
6712
2887
6260
2661
4522
2178
6609
3209
276
1209
3047
7057
2050
7010
6847
3631
4037
4118
7553
7413
5543
507
233
6206
1934
1819
7852
3236
763
5121
2841
5905
6084
4014
5956
1678
6228
7036
4773
6940
4895
5499
5870
5065
902
4082
3621
3309
678
3913
991
422
5629
5783
1321
2641
7393
593
2260
186
6420
5266
229
3976
2135
4613
5508
2973
3791
7158
6314
5382
5270
78
4333
7909
7685
2665
1549
7669
3738
7362
4840
6722
2292
1349
3649
2991
3903
2238
3814
1840
1832
6846
528
4082
6418
615
2502
1577
6185
2184
4771
6672
6940
6326
5793
3503
1537
7460
5948
705
3539
6935
2248
6018
2184
5993
7691
4133
7023
3670
5111
2237
2052
2065
7127
3933
1077
1882
1631
157
7969
5754
130
1827
146
4836
4064
3680
3508
715
5960
4713
1542
2866
4492
2068
3351
7693
2646
4394
2221
5670
7320
129
5257
261
3791
2630
1867
6470
2138
4170
303
1915
5602
6701
6756
335
3351
2030
6190
1463
3236
1797
6952
1219
2302
5117
2058
6371
3918
6034
7068
500
6738
6996
5561
1794
1850
2099
2510
1757
974
487
585
3960
3430
3600
242
194
2660
7814
7457
7027
6151
4955
6064
1797
5931
2617
1712
2325
5187
5038
6090
2786
3769
2917
5561
3430
452
398
3834
6267
4515
3871
782
2292
4768
3224
3326
591
6670
3372
7307
5792
2557
7304
5356
2233
468
2542
3958
3614
6594
700
4330
3827
7210
3193
5466
6413
7173
28
6119
1380
3725
2877
217
7477
7382
2757
2057
5897
4573
3105
3307
5786
4466
7530
7084
6333
3094
7015
3405
812
966
1245
7031
5814
1630
6937
445
5184
1373
5711
685
6697
2463
5023
1395
3409
7322
3158
2931
4919
6453
4464
7520
2642
6878
4943
259
5617
754
1642
6680
796
1370
630
1598
1865
4320
3803
4230
2377
6041
2195
3483
6650
2342
5605
5865
5189
5469
1576
536
4269
271
4276
6951
1940
3451
4622
6465
1672
3944
7089
4667
3079
488
2257
451
5535
4309
5647
7965
2083
1651
1281
4391
1759
5911
845
3481
6154
5132
5818
964
1851
2860
4894
7456
2540
1202
2812
5448
5153
6079
2333
4940
3847
7059
6399
3942
437
5751
410
1473
2496
2727
6916
6630
2894
7606
3272
2989
4006
2405
1871
7960
5630
2382
4843
6622
3612
2300
4451
4919
5824
3295
7096
5178
3608
2869
3308
4246
2624
1643
135
5882
1515
291
3921
1717
7912
96
2088
3619
4103
2754
6671
2897
6068
5199
1441
3734
5951
1565
4606
678
2417
4485
5622
7727
2133
5538
6078
2865
1767
1841
4671
3119
1296
5888
7264
970
7560
4881
4769
6377
4127
6415
262
7276
5277
7684
5063
7678
6678
7370
6625
7757
2682
7194
268
3024
3910
6704
6108
4493
506
823
7253
2680
2763
6931
436
6281
6738
5781
5972
7294
7237
3838
846
7031
6998
3905
4427
4773
6621
7752
4326
4042
3997
1379
7160
3913
5184
4680
56
3302
31
6736
7035
4758
2155
4019
353
459
660
5673
4008
4391
7828
6336
445
4681
7193
3099
2210
6704
2780
584
3626
5896
1942
1415
7385
1584
7634
1660
7713
4009
5228
1214
1839
2289
2227
6144
6741
7024
4806
6757
5862
6752
7622
883
3076
96
5371
7892
4604
2072
850
4524
4902
6865
6378
3874
5333
594
5465
6904
4585
2917
4913
1766
2219
5391
6316
5847
6553
1255
3588
3742
1532
4481
2976
2035
4023
1905
1830
4155
2541
4712
3252
7645
5056
5144
2265
1952
1264
4417
5600
2631
1327
4496
6385
4962
5944
1323
6210
7671
320
3593
1024
3925
1940
6000
2355
2530
5444
3052
6806
5531
697
2621
6443
5619
6223
7527
3761
6917
7619
4301
68
2774
7281
1592
3422
540
1710
7935
979
6543
3423
6674
3955
6577
1299
3839
5802
6729
3311
2295
6354
4901
2296
7854
4411
3395
542
4803
657
5785
2566
282
4327
6542
1227
3127
619
1950
3501
4282
2747
4152
3880
2391
14
7847
77
1360
2987
3555
1738
5377
2892
4142
1169
3991
6217
3508
6713
6157
173
1776
7898
6042
4674
1458
4429
770
1750
7473
4491
2716
4945
5081
2354
4343
3312
1868
3207
6979
2311
4202
1610
4462
4766
1286
3160
7275
1905
7336
7815
61
2252
2996
1975
4453
5668
6646
5992
382
6428
7487
7466
6607
2020
6031
7687
2718
7558
626
1898
3790
850
4786
4168
6093
1177
2022
2761
4682
7283
7185
5765
6778
454
7149
4372
2667
1431
6182
5333
5981
2893
1147
222
7521
4046
3843
3048
2089
7572
7593
1938
6619
4222
5365
2363
6914
3907
234
7055
3302
3021
4028
1857
2418
4018
2768
7899
6332
2454
5052
2612
4669
2956
2387
2894
5705
5075
3235
974
7776
3497
7440
826
7469
7152
5306
666
4401
4307
6884
4784
3111
7897
2731
3770
3132
4460
5300
3352
3547
1504
2934
2058
3286
3327
2098
1179
2643
7657
6424
3422
4411
321
4079
826
6153
537
258
3244
600
2369
695
2948
6833
3560
6472
3808
6189
6382
6560
2189
1515
2827
7929
5273
1944
1213
4046
780
387
2429
2219
6100
7798
2482
6328
1149
4096
128
5206
3312
4960
6355
4246
5749
1842
2093
7114
3891
5155
5328
74
2551
1042
7376
1277
3909
3274
1582
5717
3028
4697
2520
4285
7230
4545
7258
1009
6462
124
3553
5751
3100
3032
2071
7489
7834
2075
3304
7123
812
2976
188
4456
7752
5774
3513
6853
4319
4651
3493
7709
59
1812
1389
5569
1133
1590
4218
3794
2667
2296
4233
7962
1869
2658
7278
810
1708
6578
7628
5389
2761
6591
7387
27
7602
7000
2059
4887
789
6170
2659
4533
157
6194
1870
7499
4952
5209
2936
6154
5540
3681
2330
1250
5006
1358
4282
1996
7380
5496
3977
7794
5993
4357
1770
781
208
4291
5510
1308
1311
3509
4851
6408
381
5195
1090
6641
609
6301
7357
5565
7498
5220
4215
6689
6171
3982
4826
1566
1630
968
4299
7989
7903
4648
6598
2124
354
4228
3994
712
6793
3366
2410
1023
4658
422
5391
86
366
7817
6341
380
3489
5426
1250
2399
7333
3760
1292
5048
1871
6672
2190
1186
2819
7521
5400
3623
6389
3184
3579
6942
505
6359
6183
1731
3783
6510
4450
3158
3604
3556
3198
719
7731
3623
7120
5427
6758
7242
5368
7305
5509
7931
2375
5456
1261
3363
3988
3817
3279
7687
5837
2379
6634
746
3694
5947
4081
2718
3875
2763
4932
170
544
6629
5991
1623
7162
4967
2790
3819
439
2535
5807
7137
6324
2360
304
5808
3609
6862
3620
5840
6020
2470
6613
5467
4187
51
579
2552
240
4397
2181
2863
771
661
1065
1382
1121
6562
3027
6179
1016
5126
3396
3446
7808
6695
2242
5662
2894
526
3139
3076
4589
4722
5220
3607
560
3334
3013
760
7804
6198
7412
2709
3319
3813
2294
2640
3278
4791
652
6483
2781
5292
5422
3102
208
3053
7152
607
1751
7409
6370
3548
2458
5352
2520
947
3867
6146
3624
815
3101
5736
6995
4302
2082
4380
1986
3230
6651
7231
2752
1161
117
4232
2597
810
2652
1699
4327
4014
6952
6061
7640
879
1333
3161
5317
1735
349
1145
2579
6980
3468
5629
1823
6778
7106
2062
5115
3607
6991
5715
3144
3187
3190
3006
3771
4173
2522
7199
5304
4465
7145
307
4634
1148
2902
5769
42
3809
1903
6742
7150
6684
686
4487
728
710
5171
5224
1786
534
332
5144
5404
4728
5934
4211
1319
4772
5651
1773
485
3856
7383
51
2913
4029
5560
4892
1726
1639
362
3978
1530
173
5742
4563
5791
7759
2450
130
4524
1532
2402
4520
838
1449
6731
2049
168
6942
3565
7829
7055
4476
6933
2935
5033
3809
2950
693
1072
485
7533
91
7267
3041
5318
743
1160
3127
5101
4121
2101
7365
737
6211
344
7751
5558
1959
4298
5367
5364
6404
3100
7678
3851
4433
6860
2167
6841
5071
7626
2083
5139
6438
892
5878
64
629
1138
4362
4057
1967
5641
1433
5487
823
6196
252
3330
7643
3226
2061
7935
7804
401
2096
3919
7497
592
5330
421
4401
2697
375
5011
5354
7403
5417
3432
1045
885
998
5931
1924
1174
1647
7653
4340
3864
4343
6893
1882
2992
4642
5552
123
3446
2332
1046
4664
96
3909
5472
3939
831
4464
5959
6166
6160
997
7527
2499
1415
5245
2674
5473
5683
4775
4766
5813
1116
6009
6359
4530
1011
6144
2867
345
5159
7025
7849
102
7213
2505
1273
698
329
2827
1004
3522
3063
13
3600
6662
6850
935
6294
4438
4620
3453
2894
1795
252
884
2221
4538
1267
1477
1037
2653
7768
5828
6803
3548
2027
4700
4875
7218
4662
3405
4560
364
6481
7291
5810
3845
4231
5159
746
916
7300
3762
7352
3930
7265
1888
3919
4317
6915
1742
4123
5951
5973
6030
4184
6120
6024
364
860
2148
6721
4485
7991
2465
3650
6011
1647
3080
5227
831
3435
7197
6281
799
1241
1559
1312
4277
342
1637
784
5736
6635
1534
3008
2534
3989
6140
7029
6124
3415
1361
1959
7887
6020
5333
5370
5800
892
2991
6309
253
7357
2252
2880
3380
3607
4543
5574
7056
7295
5076
2251
7900
5795
637
3493
2900
1408
4130
2550
85
7562
5250
7930
3197
5927
676
2298
6796
7483
7760
2532
1912
3710
1069
5130
5892
243
158
5077
4235
531
1821
425
3385
3458
336
2471
6959
2873
6487
2256
2733
6873
4933
5517
3495
7299
1001
5454
5717
686
7028
6862
5947
40
3281
4536
2891
5470
6626
2524
2767
4882
7737
4165
7478
3507
2501
790
3747
4267
4381
760
1106
4963
5132
6672
4551
1588
7202
7730
286
5844
4766
1504
7199
2649
7952
327
2242
1222
6235
2663
4156
7623
3303
4115
3341
3289
405
5373
4532
1572
427
3622
790
2094
4401
6181
1405
6140
1095
2126
879
4450
5795
4957
7606
5956
7693
2691
80
4945
3692
2392
5092
1152
375
144
955
2204
877
7467
1260
3054
1982
7326
6596
1977
6516
424
3245
4190
2209
2240
630
2935
7747
3550
788
7817
4917
3628
6814
5050
5328
7066
1559
3803
67
3434
2664
4534
640
7880
3034
3941
3057
6363
400
2284
2491
3183
1506
5671
1006
575
6109
5930
1937
5195
7826
2121
3736
162
3319
2941
2305
3887
6821
3914
7728
6554
3575
7541
1306
6370
408
6104
5877
658
2325
6138
6978
7241
5579
4136
7721
4595
7294
4782
824
3910
3124
732
2345
4051
5898
5182
1144
1528
7630
6732
6405
6976
6023
2661
5706
30
5173
4708
1221
72
1304
239
6802
6504
4785
6514
6635
6996
4976
472
2642
2921
7646
102
7
2514
5955
7795
3696
4491
2566
4821
822
462
4484
6232
2645
3214
2268
2879
5504
1196
5224
4322
5695
3815
2785
4125
5160
6996
1983
3269
5469
695
730
1708
515
1483
5523
2996
2069
2767
374
2062
1893
92
787
634
3388
7864
6481
3744
2559
5564
7462
7001
7638
7972
7331
7385
7072
5113
1795
934
6634
504
1453
4438
3631
3436
7118
42
2555
1201
5357
1870
6902
1462
2815
6096
7414
1929
965
1858
7017
1200
6546
2660
684
3744
1760
4547
1519
5719
356
3302
6
5479
4881
6211
5437
3705
3991
795
6023
4229
2829
6075
5353
2733
6493
7628
582
6988
4351
7289
6020
1551
3485
2941
5598
6307
6810
858
3406
2210
4782
1926
1462
6060
6060
3664
7717
7797
1403
5483
359
337
1330
4098
4388
2542
5517
3462
6880
6617
5865
5073
468
2272
1865
4980
5930
5231
2126
4059
3290
4582
3078
7128
6501
753
1073
3268
3449
2583
6211
2169
4785
5999
4310
3331
11
3271
365
2285
4228
1104
5281
3996
3043
911
6669
1461
7147
5947
22
486
5228
4928
3719
2197
4135
2218
4299
6827
6047
997
7427
6767
4600
7427
5532
3418
6048
2814
5749
7548
3058
6518
7953
1750
667
1965
7978
7157
199
6135
1304
6362
5366
4436
649
2078
340
1486
625
6461
5269
6789
5540
6623
4245
473
6685
7342
515
4398
2498
3370
6535
533
5584
456
1368
5715
378
2578
7479
6891
3021
6232
7142
1851
611
5602
5111
6500
5862
2380
6827
6115
2590
2912
6167
6364
7912
5798
1188
1727
5491
771
3517
4105
594
3034
1638
1959
4969
2463
5138
2814
4767
6820
6277
7792
5500
3890
5954
2268
6532
7496
2721
7561
6826
708
150
5195
2896
5961
4906
4058
6919
3347
1352
3925
7374
4446
3317
2825
584
1286
1609
6726
74
1536
5328
2376
5165
3010
97
2407
4989
3964
1508
7198
5259
3199
7895
1241
350
6970
128
3536
7777
4784
5716
5735
662
3452
4512
6334
5628
2197
4350
34
1565
4099
7586
5257
2636
4610
3393
94
4290
1850
254
5888
4251
6755
2794
1594
18
1744
7489
1640
653
4962
2190
3270
74
501
4481
2350
5813
5883
347
592
3160
1312
6455
7334
448
2295
3791
7268
2006
2360
2219
5956
2594
2027
4580
3040
80
5793
5034
6265
1106
4472
5274
7629
1351
5488
5583
2491
2982
6518
4349
6732
4456
6218
465
5161
4918
590
251
5002
3297
3716
2625
1903
7712
3424
7639
4289
4681
2628
2604
1071
5250
4918
7954
1925
2691
246
501
1829
10
1572
2664
7304
3306
6057
7722
1835
14
5318
2076
1757
434
998
6574
3499
7816
2341
6887
2664
1820
901
2862
4415
6141
1473
4366
1365
2785
4397
817
170
3241
6622
4561
3303
5135
2952
4352
4504
1917
5080
3723
4804
5712
2685
5823
4873
4930
4703
5649
925
5686
1158
4286
151
7267
1773
3982
6391
7046
3006
4129
5068
6302
6902
3500
3941
3780
1868
6707
4097
1115
6435
2599
484
1646
6187
7069
6586
5506
3559
2139
2046
7647
3968
4935
784
462
1003
7293
1943
6166
6193
2568
3999
1648
7677
2265
5789
6467
4378
6833
4295
2116
7193
2745
2233
1964
5352
5687
2390
1831
1063
4873
5935
5645
6619
599
5244
3095
6537
7059
4375
3574
2445
3501
3629
6511
4247
6830
2036
7925
1219
7757
7645
3486
4042
2682
3413
1391
7901
7383
5874
2834
6626
7907
3516
3872
4250
5974
5388
3151
6342
5880
5945
7215
5291
880
251
1903
2039
1035
5665
4511
5894
3045
3531
341
7008
772
7742
4690
2236
7729
6446
3591
2595
4765
7842
5158
7756
6836
4158
144
2697
6625
5349
4589
3821
83
3418
3761
1709
7018
7791
7124
2476
2572
604
5015
4931
2917
977
6553
2928
4254
28
3652
3782
5746
1931
3442
617
5017
3555
235
4880
3578
7090
7876
1530
5685
5361
1562
3427
7347
3258
3407
6193
68
7473
6837
7209
360
3451
2505
5615
2213
3948
5773
1556
7145
4382
726
5578
5916
4981
2689
7590
3737
1636
5100
4807
2302
7467
6900
4250
3729
4103
7694
2421
7151
427
4299
5383
152
5818
7681
2629
7749
5564
2829
676
3600
7490
1054
7083
2952
5271
5141
1092
6205
3060
165
5672
1084
2283
7781
3282
6739
5999
3946
1902
3960
6919
3669
3675
4173
5308
4
82
6210
909
3807
4784
4302
6328
4349
4535
2325
6309
6964
1482
5570
3757
4036
279
4576
7267
2925
2209
7988
1809
1300
3338
4467
1662
1125
5155
4978
5122
782
73
2026
5397
167
7513
5965
4579
6722
2915
3484
2098
107
5011
5036
2381
7320
2752
7062
5985
5285
7174
45
7276
658
6877
3123
2352
6404
3747
2794
3877
6622
6651
7085
2557
6558
6997
7884
2374
3087
3809
4245
2990
1030
7684
2192
30
1255
3366
5999
5637
119
3308
7529
4263
3941
3196
1266
491
6626
7494
5652
5381
6191
188
3877
1192
115
6063
5044
4914
1453
6365
4555
7197
3775
6895
6817
6717
2924
7211
5952
4661
3985
3306
4666
2671
5540
1044
7452
1493
5356
541
2755
672
6346
5022
2681
649
7006
828
6160
7855
2190
4413
316
2397
6554
6918
7041
