7213
3422
7972
1246
1901
2289
4518
1192
5704
7783
1370
908
7393
3414
3134
1588
4152
4306
2266
4405
7109
4635
6227
3336
6091
179
2041
4227
1806
2425
5288
4390
499
1534
3648
897
7169
4834
4505
3631
5391
2619
3071
6567
4276
7872
327
5665
929
3487
3063
3460
6862
452
7701
7428
1038
3452
19
4398
7929
7158
4541
1918
2679
5218
5240
481
893
5150
4942
3269
5022
3312
238
4410
5431
135
2314
3624
7673
556
6722
7996
2200
180
2757
7484
5817
4742
7385
4181
656
2330
1465
6841
3692
7383
7175
6176
3873
3958
6666
1423
4193
5580
3832
7974
4277
6483
2133
3149
4506
328
4851
2140
7486
5456
1555
4718
3498
3859
5781
5391
2800
6589
7371
4225
1263
5773
7051
5118
434
3580
24
1021
7705
2854
336
3942
3368
3683
5853
6761
6960
6351
2256
7081
6022
609
6107
6942
3504
3315
3497
1666
134
438
4253
1004
2675
7945
4744
1312
7495
5205
4026
298
5505
826
3639
5953
3289
1159
6633
753
2670
4635
7471
2747
7120
7202
3029
7046
6291
1104
4000
846
7433
4719
3759
486
6826
7353
7079
6694
4305
5713
1629
1300
813
1284
3262
315
1178
3930
2847
5759
1550
7151
6594
2505
5217
7139
1856
6983
6528
7636
5976
3107
1748
4091
6673
1445
4026
656
2389
7899
4224
7887
2778
5503
5768
2219
3646
6541
3407
1135
1828
7216
6866
1198
4391
7618
7202
7429
1374
6116
7509
5793
3209
5607
3976
4213
5208
6651
1492
204
7374
1536
2742
1499
907
5913
2234
6156
7961
3410
4199
1809
3029
3161
354
5411
7702
3617
2733
2066
2136
5779
3225
4004
1421
3532
660
2892
4908
6323
3531
3217
2718
2339
6627
122
5339
6400
5493
7763
5507
1456
5223
5934
3559
7971
6393
5094
1760
796
3834
5289
4445
1718
580
2968
2632
7690
6629
1230
2515
4112
3255
7786
4165
5594
7326
1080
1849
2532
1382
1475
3798
5101
2392
483
5420
2079
2249
7238
4147
7127
3956
6914
3029
4975
5416
5273
3569
6759
3411
2533
5679
7507
4694
6365
1963
7402
2935
5486
1592
155
3119
3239
235
255
5490
1331
4863
231
6827
3206
7596
2351
537
3923
927
2634
7900
4776
3221
2961
3527
4905
6443
7111
1496
2934
221
2804
4199
2891
1375
2826
2307
7127
6471
4419
3427
5507
779
7677
482
7152
2690
3429
3665
4032
4977
1048
5594
6221
4218
6594
1565
501
7695
3735
7092
3495
2263
7493
6674
5504
2611
4740
1644
4085
7131
1613
1917
2302
7035
7412
1929
7828
4469
2197
2646
4173
5903
1690
135
491
235
1075
4598
744
7838
185
1621
6646
311
4699
7616
5443
4760
4186
7557
1205
7151
1162
152
104
6833
924
7937
2937
2548
6782
660
6335
2864
7983
1145
2665
7284
6903
6684
1008
3733
6018
6953
1109
499
1482
6534
2350
792
3601
6453
256
1765
6391
6611
3749
5540
6559
4968
5712
5917
6512
1326
7613
6243
5066
7894
2364
5123
6469
7759
6756
5967
6000
3134
3194
7188
6993
3763
6636
4641
4315
6956
5189
3217
1813
1618
1629
5587
4369
72
4894
6485
2993
1260
3314
1086
5919
1031
7612
3103
6559
737
1666
694
25
2423
6301
3304
878
81
3351
5925
2847
3194
57
2719
4013
2676
2077
3716
5200
7671
1250
4662
3367
3664
7961
4087
2465
1746
944
6796
5744
979
831
4213
5482
6185
1945
3309
1794
1907
3573
6557
2585
6860
2229
3180
5580
3419
4627
353
4471
1985
920
1325
2141
788
5430
326
1733
2840
7000
2546
744
4904
1850
7924
943
6011
2627
6547
4286
1253
7195
3075
86
135
3604
5703
7828
217
6966
3639
2727
2703
4725
2426
2163
510
278
6101
6867
7672
7746
1053
1935
3724
1570
2933
5872
2890
5828
2685
932
7573
1020
853
4817
5838
57
1459
771
4470
7681
4509
291
3089
1822
4872
1732
4241
2345
6265
4715
7469
6561
6639
463
959
5507
7753
3778
3368
524
5724
6591
1832
7345
3602
839
563
5731
4122
4280
7438
4240
3676
1100
4459
7499
7492
40
484
6401
2519
2068
3155
2211
2280
5023
3910
4915
7883
7445
620
4902
4676
1847
3989
773
2220
1811
4228
588
7201
5195
5553
1065
7463
4813
893
312
3515
2621
805
1389
7017
3302
7436
5674
5212
658
4743
1980
1519
5263
224
3078
1923
3227
6229
3695
7833
5897
1538
1474
6866
4245
7331
5187
966
1525
5413
4513
4271
6385
4082
124
188
1541
6475
6147
6132
1388
7211
2585
419
7163
7927
1142
973
4909
1985
7738
6356
1347
413
842
2131
656
5060
3387
7454
5034
7530
4743
1944
803
6155
5888
3083
6552
3188
235
483
6342
3345
6937
1787
7924
1777
6266
6054
7199
6205
1563
7542
7006
5451
2709
1534
4733
7429
6776
6345
6382
1711
1492
6454
2671
2596
6352
2985
4204
1095
6105
2620
5005
2045
5020
2570
1656
789
5475
2902
7741
5584
5760
4591
5125
3698
7745
4966
2580
5946
2348
7835
3019
5808
999
7324
7656
7573
6919
3709
755
7030
4073
4310
3332
1394
5711
7132
7878
2797
5118
2096
3435
7186
3849
4728
7377
5671
6348
6259
4053
661
1484
5270
3155
2916
3840
630
5429
3654
4863
6233
3675
1661
1273
595
7760
7381
6133
4077
2734
7417
6421
272
4227
2756
4501
4043
3982
3905
6953
3069
6435
2222
2967
6602
5568
2123
2290
6146
2508
5557
145
4031
694
6549
7512
7292
2132
1724
4652
1917
6171
1953
48
2711
1528
3538
958
6858
6041
6954
788
5652
2741
1003
1137
1255
3216
777
3903
5081
3446
159
6001
2695
3030
1347
2224
1590
522
5885
1608
6609
2301
556
2704
729
4718
2979
5117
5025
5510
572
1256
1814
4127
6478
4196
2623
7101
7434
4698
3320
5579
5951
3690
2186
4664
5205
3989
733
4525
4616
2012
6236
2286
5446
7156
3035
2203
2855
3728
4781
7377
7938
3016
2100
4717
6615
7451
1646
5720
4870
1911
5315
7327
5296
6078
655
3408
7346
2286
1312
4263
7739
3584
658
6926
1550
2060
1758
5523
7568
4491
2122
4585
7690
5978
4344
1530
6109
1070
4099
5873
5349
5334
1662
7204
7514
7118
6200
6181
5583
5703
401
4857
1968
3383
5326
1079
1457
7761
4143
7251
4319
7519
7773
1925
4746
6864
5474
5330
1828
4559
2820
2262
7935
2017
5673
254
1927
3966
5174
6846
6342
7646
3890
7505
1918
3530
5267
4544
3641
698
3462
5914
6459
4555
4675
6094
5613
4784
2346
1905
5200
1508
6591
4834
217
4380
1103
2909
3430
1669
895
1979
6337
6199
768
4919
4499
525
4851
7946
603
4849
7914
5647
6652
1364
6718
6386
826
4607
3929
6433
3576
6021
2346
7949
713
4236
7531
5862
2974
4264
5679
5031
1144
4315
7488
244
6347
2419
1018
1225
3654
6941
7706
302
7640
6230
4793
6837
6915
5904
7120
834
4845
670
3002
5659
5989
6895
6231
1677
7928
5994
1590
7700
6398
3134
7597
5978
6080
6988
2090
5525
2787
7816
7035
4094
2788
3259
5736
3349
3792
6681
7947
5813
6937
1889
2530
5619
4735
1518
4692
4218
4515
6687
6367
4192
2403
2442
6124
2944
1188
5862
4453
5535
2795
5714
3304
4603
5745
2502
6692
1450
4285
4942
6468
3641
2705
165
3789
4707
4444
7635
3981
2754
3636
2103
3113
6071
6601
232
3825
4773
5432
6575
5761
1108
6132
2510
5379
13
4866
350
25
314
4336
4601
7481
361
1330
156
4319
6240
4665
7117
271
5769
6871
5103
6410
7649
4312
2158
2112
5474
6291
367
4122
3180
5702
717
7150
2374
811
7390
2537
713
4512
3793
4050
6787
6001
6473
2885
2047
1658
6639
5733
2809
3835
6121
2756
2986
7280
3878
3523
7845
7859
4770
2421
7263
7589
7798
7834
2865
4904
6344
7838
3704
6364
537
4209
7638
6143
2561
4052
5620
4669
505
1047
2030
6143
2610
6835
3009
93
6677
5821
3453
3549
1530
5289
834
5822
5767
1416
6211
3587
3070
2276
7394
2300
5078
2628
3235
7061
3853
7866
852
2096
3845
1406
6411
6408
1010
7144
1749
6720
7327
6082
5370
1779
3355
5762
6807
6561
1813
5383
406
1056
93
3259
6448
3675
6138
3658
3438
7636
6122
5469
1565
5949
1998
4949
3891
2399
10
7599
6059
1381
1797
7116
937
5409
5632
1266
6770
5896
3905
6748
7582
88
6763
6195
6326
1653
171
518
3690
6036
5506
6296
816
3304
569
3683
5439
6419
6516
842
2496
2133
2660
4136
6098
2433
2193
7870
2087
4384
4664
1868
6849
4433
3169
6081
5442
7338
4595
779
3214
4890
4822
7218
6881
1015
5827
1290
2795
3728
883
345
382
2745
4340
7700
7725
2092
5207
2164
893
503
2561
4545
3692
6282
2540
3568
561
3516
239
2887
3095
5742
5721
1327
3206
6058
5117
7728
2164
3569
5156
2423
4454
3636
866
3039
216
1338
5318
5666
3305
5894
5840
4680
6100
5608
3848
368
1107
6452
2896
2549
4427
5512
5672
3560
1948
3308
1721
1037
2770
7902
7162
1815
7189
5814
7627
658
7895
3075
5229
3821
1597
4607
3647
6129
423
3569
206
7359
3422
5643
1181
6786
4691
3646
5292
92
5891
1994
4809
959
1338
1143
5349
2216
2749
649
6263
3394
2379
4330
3772
5970
435
3674
7657
6504
7604
2422
7819
2568
1558
6232
4925
5337
1292
1211
5548
5383
4105
1496
7268
2145
2074
1890
1321
7118
3780
5131
6764
2537
1068
2060
7004
6178
6935
2612
4026
2978
5425
1129
1299
4627
5857
1292
24
6551
5664
188
5254
4836
4055
5767
1652
2965
6499
4577
6340
5819
5224
6203
143
3380
4895
1663
419
7794
7488
3278
4155
1817
1380
4125
2574
4112
545
5054
3449
1459
1052
6277
13
1720
3897
1409
701
387
6357
5622
4009
2511
7276
6806
1017
7873
811
5913
4008
152
7230
4879
1043
6970
2301
7610
1937
7950
1046
3928
6754
5464
6058
178
3631
336
2657
6252
6748
3194
5919
2361
5737
4137
1547
4813
5858
7587
4056
6669
6829
3638
5196
2036
2029
1800
1268
1176
1377
1559
1060
3903
3968
3668
327
6330
7919
7227
7797
6890
6979
3678
1519
7362
1443
1542
6810
5583
3901
4141
2269
7409
2769
1426
7574
3428
416
5372
1501
4722
1482
3845
1791
6167
5915
7019
554
140
6885
7259
2946
4467
5681
6479
247
5110
4580
2783
564
4195
4385
6698
1598
2115
2520
5432
1745
951
7240
7168
3031
101
4756
2002
3678
5376
2580
5254
138
14
6156
2555
4018
936
5904
997
6164
4750
7173
3437
4422
611
6550
2273
5994
3674
4230
124
7276
1688
121
6086
7990
6255
4253
4431
4607
4062
2418
4484
3853
3236
2770
6577
6623
4609
468
1298
7880
7888
1250
6414
319
4644
485
5121
945
2289
953
6558
629
4126
5705
3349
4835
7583
3817
3372
6792
6655
2973
3591
4046
6650
2675
949
2139
529
4020
706
6046
169
746
6374
2132
7706
2664
3753
2486
1928
4320
7600
5100
1869
254
6854
210
233
52
3349
6686
331
2176
6338
7589
3776
1947
3389
3601
3811
3406
3123
5135
3830
6304
7679
7914
1841
5721
2970
1560
3845
1443
7081
6923
7248
6321
2454
7728
157
2300
3930
7255
6449
5812
5597
1327
335
3363
3609
3741
2033
2577
2069
4804
1342
7930
6269
6951
6934
3089
6212
5852
7785
3139
1467
3897
3287
6066
6556
4048
4579
576
5828
6790
5076
3438
4732
6162
4168
7953
832
416
7986
2169
7551
1631
2715
2197
1266
7775
301
2408
3495
4111
3985
7629
138
5485
5318
5274
6954
5918
902
4492
6146
5054
1545
7379
4999
589
7270
6528
5273
5393
4870
7393
2368
3846
475
2725
881
7237
1781
4557
6219
336
1807
5645
2373
1888
3778
1119
4839
6728
357
729
7639
4160
5528
360
4832
3205
6843
1935
426
2942
5205
2267
3267
7928
4694
3616
4977
7436
2799
2301
7106
5417
899
5347
3984
4896
2532
6213
5281
1988
2692
4750
1244
216
4180
6073
7798
678
2877
3200
569
6709
6637
6379
2389
302
283
2727
4769
6639
1569
2614
6425
1699
5022
6819
804
7878
2236
3531
4173
6086
6138
2417
294
5751
4852
7139
3053
804
3013
5555
3603
4637
7930
7773
244
4516
682
7041
110
3905
562
3614
7295
1559
2382
3963
2627
1268
2424
1651
6815
298
122
2938
6
1327
1524
4334
1493
722
334
7213
454
993
1046
1041
4454
2946
1644
373
2345
5099
3474
3176
674
439
696
5052
156
3438
7924
475
3109
5203
6760
7033
3902
7383
7584
7913
2735
2554
2405
2187
6200
7502
571
5256
3612
3513
6866
4895
2900
4178
5220
5003
3418
7510
6204
3112
5253
2531
6803
68
1754
1869
1211
5105
3426
4124
3867
4203
7215
4469
4335
899
2087
3997
6838
1157
1745
1105
1718
6345
5237
6404
7928
1197
1003
4288
2604
952
247
5127
1456
6526
4401
6046
2794
7317
6252
5118
3539
7829
1739
5291
4931
3962
3615
5573
6460
2625
2966
344
5419
6497
5048
6942
4332
403
820
1013
3225
3621
594
3729
5281
3094
2557
5101
752
6233
6017
1920
4664
2189
4483
6390
3503
1161
521
2564
3067
2224
3721
4890
7255
5043
1740
2254
2610
2644
4317
6076
3076
1187
4440
3718
809
5123
2405
6827
936
3950
2539
393
4308
6377
2368
346
7642
679
2122
621
3707
7430
4325
6656
1819
2798
4118
1194
6172
680
706
7
2192
95
5140
2594
941
3114
3904
3521
1175
4951
4263
6367
4714
5094
5028
6173
604
932
3578
1836
412
1482
3233
4463
5483
3651
156
6603
4845
4100
6137
6634
540
950
5694
6949
7957
6659
454
493
198
2655
5049
2230
1674
6338
4311
2226
4528
889
4463
1924
5326
3133
2315
2823
4345
2074
7449
2330
1244
6200
5211
4795
3500
6827
7081
24
4238
1940
5542
3056
5850
3680
6189
6397
7846
4670
5662
6982
635
3623
4340
4801
3243
4535
758
6690
69
3763
2371
647
5376
7250
344
7913
5084
5322
5861
6904
1016
594
744
4698
4562
365
5828
7243
3389
382
7077
5136
2154
5273
7795
5992
3461
4944
4206
536
6424
7950
1045
5814
3490
3455
3174
2289
3748
1777
2491
7769
4028
6951
1729
3587
1239
5753
965
2552
7820
2294
5265
3679
3084
1617
6483
4721
3898
6477
7111
1565
5886
7212
6517
7572
2400
2675
4274
5943
3618
398
571
5732
3516
6041
6170
7611
3666
307
2042
5292
1623
4606
2365
892
1627
2308
4245
4240
3745
5078
6023
7654
5678
7051
137
764
7425
5219
3845
1166
7168
4300
3508
1576
1599
6544
6636
6105
3688
7824
6467
2127
6011
6836
7455
5648
4754
2158
7895
1426
3857
1128
7092
6300
6862
5700
4084
7906
6051
3615
5598
595
5974
297
774
2491
4325
1827
1581
2336
4159
3958
5407
2261
5257
3552
4499
4264
2247
6011
7859
7290
6025
11
1168
1712
2219
5283
1890
2180
2258
1412
6940
3903
2010
2197
2453
2462
2345
4275
5895
6169
3161
7233
5411
177
4956
1990
3351
6816
7729
5438
7482
1325
5214
4470
2901
4495
26
5468
6831
2966
6975
3427
3
281
6305
3829
2002
5808
7016
6221
1379
5712
2864
2613
1819
4512
1305
4118
5793
3613
1590
7013
6458
3931
2159
6486
4767
6959
5666
5119
3942
5612
1989
2752
4855
516
5876
1299
6970
3721
7976
3
1999
6250
2773
7162
1783
2429
3580
2482
5404
1978
4238
796
7814
2003
6188
4482
6148
3643
5773
1454
7418
1351
5546
4863
3589
4368
2706
1654
6706
2974
6887
6033
7204
1491
1665
7240
3714
5715
5089
3571
1727
5671
2875
2513
7853
426
2628
7843
7878
6017
7370
3067
6781
5388
1852
5300
6615
3058
3870
1573
3228
6602
4591
1213
5386
1833
7235
3620
5519
7121
309
2373
166
4986
7825
140
3144
7229
2997
5403
6858
2569
6526
4137
7992
7716
5335
3234
4206
4189
3134
3000
3184
2381
3249
7104
5919
2750
2576
1932
6722
1054
2704
4056
200
5039
2261
6041
6342
3229
2762
3942
3456
2524
3257
1038
6913
6172
4388
4975
2231
7415
230
5846
4587
7078
2399
3542
7507
2034
2413
3494
658
772
7413
3339
4548
5667
2335
3500
1460
890
2376
2851
184
7719
762
1045
6049
3045
1116
251
4541
4497
6522
5485
3844
4415
5828
6572
2828
6615
358
2174
5834
3734
2967
6398
5614
5449
238
3775
4432
5195
1097
1465
1590
7037
4035
821
3136
6048
7112
71
399
2943
5458
2483
4033
4209
3678
2445
6408
2081
7168
3971
1077
3566
6510
2728
4904
4667
7248
2901
3881
137
6915
7970
539
4053
7963
5202
6544
3425
5168
6777
4625
2119
1531
6143
835
3461
1980
5476
6414
2418
2734
1189
3108
5002
7257
7050
6965
5797
2836
2138
6127
973
5688
2062
2781
3577
771
1221
2240
5192
4030
2379
580
5647
1645
7837
7503
1474
4817
854
5759
323
7473
947
5680
5034
693
1770
4513
6559
5394
6363
7422
7591
3649
4188
3098
2938
40
3241
2186
525
7083
7295
1438
6547
1886
5794
4491
4996
5246
4078
4834
6042
6479
6945
4468
5246
3766
5655
1945
353
2385
7457
4372
3029
486
6187
2559
7690
3006
6166
7188
3053
310
73
3713
5620
5121
193
3166
7486
6156
7690
1966
75
3131
7363
4440
7836
6413
4288
6243
2955
2968
5351
7551
2320
5728
7537
6216
1230
4904
7305
3630
3398
488
1747
2027
2537
192
654
6055
6498
3462
6414
3597
502
6632
5149
2574
280
5917
3137
359
2404
2642
6073
6289
3664
1237
7036
84
1805
4672
6188
2872
7743
6733
3997
2963
7011
4387
1979
6448
320
1832
2121
4717
6812
3716
7431
3191
1340
3908
6065
6113
1257
1607
1759
4004
343
7455
6878
5567
4426
3679
4490
2771
829
4833
1858
6775
4474
1217
4034
33
1522
3845
5845
4589
4409
3301
4763
1729
5347
7294
7736
6556
280
2223
2858
7338
19
6756
4993
5735
2155
7880
4275
7270
4391
1217
5538
5520
5960
143
6470
2556
7020
4662
4009
2257
6011
7530
2122
4695
69
3160
6562
5061
2712
7568
6260
3207
4390
1620
7250
474
2838
7776
2530
4632
7949
2591
334
1832
7067
2371
3003
6488
2473
1605
5146
7612
3207
5651
5938
911
1696
7570
2023
6128
6001
1241
398
1623
654
5182
3109
7729
3381
3329
3489
7918
726
1683
6814
782
146
3455
5534
4773
6111
4720
7269
5124
6242
5588
7117
6121
2514
5709
3990
287
1061
4977
1726
4603
6387
3465
551
5306
5319
2385
2184
6410
3696
4410
2752
3079
7742
2880
4497
771
2665
4570
1278
6864
5333
6500
2088
1081
7049
6569
7634
5296
436
5480
2267
3934
3680
7998
5647
475
1435
7953
3690
381
151
4040
7248
5942
342
3722
6302
4570
4358
2994
7477
5889
5972
6031
4690
2420
7192
3525
1766
4140
3925
129
7613
47
5111
4972
7424
5963
1897
994
5472
3612
5504
2557
4519
6695
4111
5674
6286
1190
5317
3227
182
3649
81
5639
1258
3716
6113
6714
6488
2656
6992
2208
5891
4886
7959
68
7917
4379
6075
5650
6673
7984
7093
827
1447
7347
328
2629
5657
2019
3128
1529
4105
1306
3286
5319
3447
3055
7846
4617
3527
553
1623
5900
2663
2618
3620
3960
5903
5268
4135
1217
2147
4115
1526
5449
1152
3461
2228
3221
6817
4623
4317
6474
667
2477
6865
3578
5190
846
804
2524
7518
5554
85
5688
6561
3699
2289
2459
5075
172
3641
3120
5327
6714
3076
348
3197
4025
5422
2440
349
7884
7515
1342
7233
6986
5318
2619
4026
286
45
7233
5383
397
4504
4480
6161
6135
3151
2384
3778
3218
4836
3834
6293
6440
1587
4352
1492
5321
1873
2683
997
572
4660
523
7781
1722
7254
4962
6049
2191
4355
7229
6575
4642
7712
850
1806
6920
2148
2431
6619
6963
3985
397
1999
1725
3817
4770
2597
2966
7028
3138
6729
6762
1681
7761
3478
3208
5226
2419
2603
4775
2732
534
6348
7624
6958
1005
3714
5995
1967
7813
1664
735
4595
234
1516
714
4567
2917
4761
553
2345
7269
6578
1675
5968
5287
5758
3101
2220
6724
982
1213
4360
3268
6628
1227
782
6641
7197
1521
7431
2305
3099
4851
1248
902
770
5049
7122
969
502
4729
899
2784
3689
2460
4361
3041
6962
5474
2864
2391
6009
2526
1829
6545
7291
6522
7068
142
3270
4609
1535
5882
6915
643
1679
2310
6640
1370
4601
5859
5545
6239
834
4268
1085
4141
5892
213
281
1925
6302
7589
2381
2339
5850
2443
1102
3006
2312
3652
4676
3176
5312
7415
3703
4641
5708
1362
1877
1536
6782
411
7974
2770
1716
1359
2695
5451
4259
126
6201
7477
3070
4510
1575
713
3593
2854
2171
1809
6898
476
742
3177
7070
7713
7186
833
917
2333
1131
2685
1670
1417
7057
2757
431
3578
6573
7132
2887
7390
36
5332
1371
5945
6500
7277
79
3529
7886
7846
5372
5458
6061
788
3962
2006
2815
2250
1731
7482
1803
4908
4372
2358
2280
6721
6407
6503
2053
2070
6620
1456
7904
2545
2407
6881
1645
7806
3357
5390
6326
2494
6396
4462
2453
2874
4859
2362
5685
1771
6631
861
3036
5274
3927
4053
5725
1755
3841
2214
1924
3080
2941
6565
4697
3328
1796
5418
3721
67
1186
5957
4506
1994
3977
4419
5482
6583
1789
3940
771
7173
3487
7169
7873
7810
5853
3953
1837
3633
6237
3653
3631
6932
2663
168
4618
2522
3849
7309
456
6276
3540
939
2460
6051
3685
680
6959
5963
4959
3895
5415
91
6763
3570
5286
4546
7818
4625
4460
7703
7815
413
5016
3313
458
6524
6962
4794
7746
1857
1959
3522
6570
2487
2309
3693
3797
1950
4518
6092
7820
5901
2420
4669
4396
3090
6983
2446
7705
3753
6831
6374
4307
1572
5258
5492
3849
2576
4904
5592
2304
2496
3346
3152
6591
2953
1395
1645
7001
6119
7802
161
1059
7377
7408
3260
5356
6491
176
4650
2419
7109
20
2497
469
2288
615
5126
7144
2635
3784
3507
782
3995
2590
5639
1845
6533
6819
6977
1927
1444
3458
2843
5515
7874
3188
4724
717
1517
5809
4092
1984
4821
5256
1776
4346
3051
7541
7577
2388
4518
2656
7034
3179
368
1261
5758
3898
763
4754
2924
7380
3396
148
519
5325
168
938
1061
7404
5432
2424
4978
7696
974
6704
7308
2503
1319
1352
1201
6085
4407
7966
1411
6426
3448
760
3379
3660
533
7465
7392
6117
4033
7289
1406
7605
3286
1742
1275
1731
5148
4332
813
4216
6813
3333
6381
4188
5141
5355
6920
3143
6960
739
3187
3464
1956
7583
2727
4796
5116
5683
1158
3081
2678
5515
4490
6781
5994
254
4493
3871
1561
7961
6950
3679
6169
6510
6227
2687
5468
7999
3228
6178
557
1881
3592
2389
473
1694
2823
4437
7390
2194
1238
5836
7988
5200
7125
4991
2025
4696
3735
6219
1755
6480
1686
1413
1775
6533
5310
1004
6152
3361
853
6519
7066
1962
1965
100
3558
2222
6284
676
3597
309
3420
5458
1328
4926
6128
1352
3306
2229
7090
2546
5238
5363
5834
6596
4259
7784
2777
3707
2064
6711
5752
1406
4107
4066
5070
3164
4781
1704
1986
7038
3945
3321
980
5044
1278
3285
5045
7831
2673
5723
6131
5337
5409
2266
3783
2859
3567
4429
4398
7954
3552
7856
6314
105
3011
4548
2397
4221
1497
4866
2738
6673
7666
4252
6172
780
1050
7269
6932
2225
6570
1722
3725
6094
3605
1348
1319
420
4259
224
3038
6084
465
5921
1767
6725
6457
2215
4719
6962
3963
3073
5840
2505
593
1525
5848
137
4201
4198
2040
328
7406
1570
3400
178
5397
6629
2146
1701
6772
1364
3822
5852
4238
1178
879
552
6173
1185
5288
4173
6777
1123
7451
1283
4260
6047
1497
6547
6527
6323
6028
1307
7957
6427
4442
4012
2308
5690
4715
1684
339
2546
5189
6388
7687
679
1518
3946
6261
2763
4363
3277
585
2898
3930
4467
4137
2312
49
4415
7841
1703
816
1381
3188
154
2501
7740
2791
2445
4560
2041
5151
6337
7949
6811
1359
1794
7354
3385
203
4248
693
7235
7680
5531
4315
7158
7799
5243
5398
1452
467
4315
7427
5547
23
153
5621
3668
7386
200
4653
6004
7346
982
4963
4174
1355
4410
464
7106
4890
6982
565
5392
6453
7150
2653
1785
2629
5898
762
707
6865
5634
4214
4691
227
1538
3369
5671
1514
3525
4925
5723
4085
1099
1466
5524
6102
6535
7540
2274
5995
4062
7996
5827
1397
2665
4422
3626
3332
2920
4399
7509
3861
6984
3560
6351
6065
3967
7559
2975
3225
151
3000
7143
4102
1963
6969
6757
589
7188
4918
5695
5624
689
1659
1556
1234
5272
2166
1773
7719
2202
345
586
4074
1833
4726
1837
3512
6833
1430
2346
6786
7186
7466
5737
690
5227
1086
4588
2143
3892
6729
4174
1087
2759
1308
6928
3283
3563
1029
4989
2556
3889
2899
1547
6902
854
2339
1306
1518
1081
6416
4622
1533
1546
320
103
5360
767
4825
336
2744
3894
6933
902
4753
4803
1167
4774
5236
1787
6766
4440
3499
168
6810
3932
5559
3082
4434
394
7698
2261
2613
5364
104
7657
2474
4493
1030
2707
767
1359
3442
4139
5612
7482
7142
1921
334
3533
7866
5266
1069
4012
5070
7579
764
3984
5334
6724
1285
5279
3867
6312
3249
2836
4437
6124
5172
4222
3568
5742
940
3359
1842
823
1072
6061
6099
7365
3877
3742
5286
2664
1401
935
145
5572
2564
4903
7060
965
6618
5056
7700
854
2151
3110
6058
2258
2576
2702
7334
4057
2287
5418
2847
991
2212
7718
5715
3367
1905
2926
1692
3047
6309
6357
5207
4808
2273
7254
3209
5683
2748
5814
4110
4667
4635
3324
5550
4262
816
6819
3680
1241
1298
1249
4097
1373
7834
5483
1854
4547
6195
1768
746
3428
6540
4240
2793
1837
6547
2665
6266
147
3398
2533
4734
4127
2893
1248
6520
833
3591
2469
4497
3508
6364
2341
2380
475
7556
3130
312
4054
2811
4621
3344
6378
2711
3062
6225
4984
3182
6606
2112
2765
4996
3845
4693
6459
7532
3194
4472
1268
1903
5393
3571
2897
1467
4809
4396
4822
431
4862
5103
3907
1874
3804
5403
1161
1663
5347
1715
3948
604
3334
1281
1709
500
2838
6517
7061
7246
3924
2712
3972
2495
6165
6324
4478
6944
5770
7371
7298
43
302
242
5325
6752
2969
532
6182
4702
5943
484
7585
7844
1632
7596
6705
5523
687
7599
2681
1435
6002
7456
4925
7064
4195
3835
994
881
6709
5463
4414
3415
1940
7130
2342
1314
3955
7024
7863
433
914
2251
1002
4862
5015
120
3096
523
3269
1819
741
4718
1364
5681
7216
5873
3424
5822
3450
2165
1990
4817
3378
2567
2635
5556
3130
7615
1895
4826
6193
2796
2298
2202
90
328
6386
6114
1451
7530
4638
6849
7398
85
2189
1104
5776
7266
4162
6873
6434
6620
167
1001
3179
1958
7132
4126
1664
7780
7227
6432
3165
3213
586
6516
5875
5584
5087
5875
4452
531
6965
292
7775
7464
2170
7686
596
7375
6005
1753
3344
4982
5104
5086
3604
4197
6279
1844
7709
1178
4261
4829
5219
1978
826
1216
1558
4205
7108
5210
5679
5282
2746
4715
5851
740
2426
2499
7309
7715
4
2472
2003
738
4616
3016
5739
6243
1718
4061
7914
6783
3454
3200
4142
2405
3595
2582
4777
257
5457
3390
7983
3727
3472
4999
2
1810
7045
7962
735
371
4886
6216
4079
3174
290
3262
1761
1879
2736
4571
4303
4201
6693
6283
5388
4130
1188
4826
2328
7731
766
2123
3475
2104
4074
6020
4838
5130
5074
5283
5670
5228
4013
3952
7050
7868
2366
426
5098
882
3854
7733
856
5579
4409
2556
6227
1588
3729
5960
1373
2607
1119
7152
7128
3191
4620
5183
6799
3323
5345
6559
4942
1187
265
6460
312
6191
5219
7980
5130
2834
2410
5538
4506
13
2567
5792
4088
6170
3324
2490
185
7331
1489
4636
5911
1903
5608
3329
541
1854
6920
5394
7418
7233
7158
7821
5993
6949
3533
5739
4620
3494
3745
7536
1399
4126
5808
6174
6030
2184
7860
5904
4899
4220
7658
7702
1972
2727
7495
320
6118
3522
3643
6645
424
7415
6978
1167
4505
4105
6189
7781
734
752
5449
658
7844
4286
7709
1792
5387
6226
6428
1488
4786
1985
1584
5196
7443
2954
3576
2252
228
7665
6002
3926
3570
5612
4262
829
3262
3895
919
6204
7983
6934
6729
4160
4014
6131
7352
6678
6511
6809
2402
3888
7773
3988
1452
2289
5249
4989
2750
284
931
2135
4420
7519
3223
7414
2531
2294
2080
5362
1547
4310
5152
5819
1091
2561
6260
1837
5576
4718
6663
658
3852
2712
704
2027
1127
2732
5419
2971
4458
5484
2365
2764
2090
6802
6248
2562
7245
4439
975
1480
4356
3406
3334
5317
5750
3744
7435
7158
3281
2995
7203
7871
6046
5417
6564
6139
1507
3909
4063
2894
2762
2710
1213
2321
3537
1552
888
6208
3859
7196
831
4020
535
3386
7501
5599
5182
4472
6985
2919
6174
6027
2969
1275
480
670
4320
4607
1256
3934
5497
4896
5501
4502
4750
943
6880
24
6326
432
5679
1289
7489
5413
4223
785
5643
2451
2464
3956
2943
4159
6186
6139
3783
7460
279
637
2430
97
2138
2072
6584
4064
6044
2935
1419
7771
7735
2242
2554
4034
5667
6383
3423
7631
4219
5391
5001
2616
5375
841
7458
676
5092
4262
7299
6341
6815
5553
4841
6858
6666
2124
871
3652
1098
7822
5363
3698
2281
7627
2249
4402
7089
4382
926
4548
2219
3227
5251
5707
1042
1953
2779
4854
1206
3730
4754
4236
1885
