5965
1994
2793
432
6678
2062
3873
2679
7288
6811
115
4335
6488
5273
1142
7265
5568
4939
5774
5582
2414
5295
6744
490
5002
4416
1153
1448
2375
7318
5127
1014
6598
3532
2750
2619
823
1272
5956
1749
4832
217
7894
2964
1023
7781
714
5554
3621
796
1380
3779
291
7292
4295
4343
7545
344
7374
276
7299
527
513
7250
6271
6904
7143
958
2537
5665
2451
880
2470
7489
4941
7554
532
104
7719
5992
619
1145
7526
7489
6764
5753
3910
1025
3336
2822
3779
564
3304
2865
2473
1488
3143
6284
7403
5887
3540
3109
6916
1386
2139
4739
2133
4232
3765
5181
6365
4932
963
4929
7597
746
4547
3870
7304
588
6357
2459
4455
6008
42
2874
2097
7593
7299
7190
7295
4627
6857
2598
4350
6940
4152
2207
922
6571
68
7894
6521
124
7263
6131
6480
5970
7919
5794
6721
4263
3742
7911
1959
5189
1004
1806
3491
4249
3139
5476
1048
7219
730
5366
6215
6728
7344
534
4320
5926
3758
1356
7268
7010
2352
5327
1007
2388
7360
2743
5141
3810
3774
6407
5136
6323
1954
1734
5680
6581
6592
5876
6595
1865
4113
3077
3861
1143
6940
3482
2990
1904
4996
7185
4808
3150
7655
1766
7882
3366
3803
2393
945
7429
5053
2045
5364
3450
913
1274
3903
4502
913
4452
2850
5590
6477
5394
6565
745
854
5350
685
1649
497
4898
2607
3511
5187
2499
1547
5825
7294
3054
5448
5373
3762
5561
711
2848
534
4644
2463
5162
4257
2389
1086
7115
1120
7197
3597
6932
5940
4513
3659
1886
3434
3863
3371
4214
6069
3308
2159
4802
7516
2140
4499
2074
1399
3820
3642
2693
2071
1052
7535
4251
3294
7537
6984
5049
6755
2436
2604
1454
4490
6922
105
2483
4494
2137
3329
1000
2980
7057
3678
2385
4476
487
1745
5948
2670
4680
4358
3692
1867
1949
690
7686
6917
3412
4620
266
737
1255
6831
6650
6846
1968
6766
3888
3277
4935
7272
6296
1796
1759
7409
2492
1158
941
4843
5053
3214
4797
7279
2801
4558
1695
3193
1892
2274
950
4010
969
2739
3024
3896
4855
5145
2582
7089
2059
536
1774
789
260
1524
1117
5670
1119
167
1505
5688
6820
4253
1786
5214
6579
6232
6006
4892
7566
3827
3298
4510
5314
6515
3259
5969
1157
1077
5311
3557
3035
1118
132
4339
6107
4609
3428
1691
5861
5796
1769
6282
5926
314
3625
2263
4808
6367
7128
6648
6582
1903
6476
3910
2730
4528
3382
4620
5349
5354
5846
2940
2596
394
7590
4563
808
6713
716
2273
6704
3788
302
4517
5567
123
2477
7528
7818
1861
776
1006
7158
1455
1437
1090
1153
7549
4102
2163
4954
6557
2417
7674
1913
2276
4543
875
6062
5017
2326
2872
2992
3171
2581
2219
654
1559
2548
2971
4165
4680
5609
1220
973
4030
2128
1348
150
6800
5288
6453
2330
7112
6650
7392
1742
2523
7540
5329
7424
1525
431
4222
2560
2261
1642
6521
2689
7127
6644
1843
2344
5666
7911
1301
6973
1294
4588
7736
2548
7811
3370
349
5102
4586
1103
483
88
3064
2726
5027
109
5518
2567
606
327
2310
4838
2007
4121
7488
6907
7340
2608
2975
7207
6385
7583
341
4759
1388
5158
7607
2837
4795
1188
4884
7658
3564
6502
3111
1421
785
4313
3856
2674
3553
2773
3985
6626
7759
3614
1943
6636
3059
7468
4533
1285
5527
6658
4843
7028
5641
7501
1810
5518
1911
4369
4275
1780
3558
6133
6478
4003
5171
2831
4341
4004
1130
5905
7835
7356
5495
6341
3243
2780
1316
2336
1033
1604
6333
3183
7149
4243
4817
815
2818
6921
1328
4442
532
2763
5399
2802
4023
3459
6103
5447
1921
372
758
1218
7609
2500
5579
7564
4607
7973
6027
5520
4795
6125
4215
3598
6682
5434
4863
5638
6707
2599
814
7342
2893
1725
1172
5522
2298
6552
5100
53
5786
2000
1674
2730
2342
4287
2896
6507
1415
3364
240
4770
5907
1249
1688
5584
6201
88
7033
7642
3113
6982
4981
294
1162
171
5152
2603
4597
2367
5906
7242
1136
5568
3321
7741
5163
5412
7640
5289
4281
6909
2421
4531
2936
2294
5496
1123
569
5060
3853
2591
5192
4218
2791
191
2082
2346
5205
1538
6519
6977
1964
2891
3637
2511
2891
2645
5371
3657
3840
5612
7751
1902
6907
2998
7998
5456
4542
3243
5638
3758
599
2999
6154
4979
5231
1808
3053
2641
4151
916
6275
3460
7291
4798
6752
1166
1275
1385
2405
6768
800
3601
3792
3718
7663
14
1586
4219
7387
6697
442
2647
5000
7642
7257
698
5612
3591
5426
1358
3921
141
3457
4081
3175
2416
2908
4418
2591
3049
7595
3107
6249
2462
184
7143
4181
3658
4235
7780
1708
3667
3121
4118
6046
1699
800
3109
3810
727
7061
759
7357
3749
1357
2306
4910
708
6119
4414
865
7717
31
5010
6599
4919
3377
2496
6379
2535
2943
4713
6172
6746
6126
7688
1237
624
3819
157
1031
2621
4154
6238
3482
7019
5341
7699
4879
1145
2320
5935
4699
5287
4991
5510
4920
2315
7977
7829
2631
5906
1431
1490
1786
4660
2551
7917
6880
5507
4763
7559
2566
3004
5940
1821
1614
5039
6877
5481
6994
7089
4665
3494
2186
1320
3544
4001
1779
341
2288
7483
6827
4593
2890
1277
5521
4873
72
6198
6413
647
177
302
4707
1921
4773
1568
109
6371
7881
3769
1020
4013
1849
6396
7032
4019
4680
6825
652
2652
4301
6613
4174
7870
3534
5571
2147
5228
3451
2364
2555
5071
6525
31
7257
6287
2745
1745
222
3957
6086
2015
4065
880
6034
2446
3963
543
6270
3466
3054
7568
2223
3048
7193
5272
5000
2578
4890
1751
4286
1457
7108
1017
6614
5716
696
7561
6514
4318
7213
1301
5636
5006
1099
6208
6986
2078
7955
1619
7266
5480
6296
6175
4070
241
6771
6677
3068
6566
7032
6490
3840
5775
7194
2669
2995
208
1920
1702
7708
6353
6019
2754
1864
6269
6861
177
5307
2292
2009
1927
5673
7603
1040
2231
380
7268
3874
7461
1931
5761
6589
4685
5105
2335
6584
1038
418
3453
5600
7966
668
5841
613
7191
6310
3661
1481
1837
2859
6406
2842
6899
1701
7635
2564
6230
24
5047
6420
6296
3736
1224
3056
4982
2495
2257
7310
6281
249
686
864
2103
2937
2595
2481
1227
7786
2550
3959
1269
6863
3201
6335
7848
4344
6572
498
3763
5424
7610
7579
6179
2141
2886
5520
712
1186
1532
4059
135
6789
1996
400
217
3324
7718
2389
3339
4789
6884
6969
1584
4850
4182
5831
6919
5011
2735
4609
1148
6508
4541
7712
4040
1988
512
4415
1056
5832
7170
926
4543
2166
427
4494
5604
141
6573
646
5269
954
2480
6448
1538
3068
797
2969
6578
4871
4156
3059
525
236
6504
1038
2424
2351
7158
2827
3685
5678
2781
5761
4399
3871
1279
678
5960
6710
707
1120
446
138
5302
5760
5025
7154
4395
91
1011
1736
1340
455
3743
7824
889
7498
7034
7832
6342
3453
7152
3284
711
4979
4843
1091
4594
4820
7078
5266
992
3342
346
1356
817
7427
1763
3472
7414
882
1889
6833
6607
2304
949
7718
94
4876
7741
3289
5220
7004
1672
4454
1704
4509
237
7462
6800
6253
6153
273
729
3566
2972
1055
2994
7966
1080
808
311
5514
536
6101
4276
48
3708
428
7691
7069
5965
2909
5477
6408
3941
415
2116
57
7037
5693
4370
230
624
4787
2612
2527
1929
5755
810
6166
7067
4812
7540
6323
3344
610
2808
7516
7203
7236
758
7014
7744
5451
5724
4586
5411
1701
4106
5964
827
5167
4715
2685
1917
5585
7692
1890
6282
4920
2061
1944
6777
546
723
3105
6428
2859
6269
3759
708
6024
5922
4022
555
2085
5490
507
2005
5018
1233
2618
2977
4099
5113
7109
6259
985
1960
5821
7484
2630
4018
3248
6785
4330
6026
1759
4459
802
5407
2177
7296
4617
2430
780
690
5646
2782
960
3424
3449
5585
7434
6198
2555
4301
5360
2512
7963
4978
4253
4795
3142
4893
3335
7928
7368
4048
5580
3823
6114
7559
1217
4276
468
665
523
4516
39
5918
7384
5971
1843
2882
2610
2865
6063
1527
3013
1323
5273
1591
2723
5312
3313
5707
4880
5748
3781
6097
1922
204
7731
4370
2727
1174
4922
2796
2293
5965
7764
1266
7842
2526
2301
6369
7673
2852
2550
7729
6918
7872
586
7352
1028
3483
2781
3316
4849
5554
691
7384
7000
7457
3760
3213
4124
5507
5905
701
7024
3809
3086
788
489
1803
1495
358
1377
2502
4710
7067
3823
3572
3597
3465
4823
2255
6913
4126
1649
5613
7552
5636
7535
1101
7577
5892
7304
684
7589
456
5071
7801
5096
388
7647
2017
7812
3685
134
4758
2056
4087
1892
4587
4444
5992
6474
2331
3827
7220
1294
7966
1994
4838
590
3894
1082
5597
820
3616
1551
6225
6470
6987
7607
6820
4679
305
1471
6911
3368
4839
1100
4896
7329
1167
3872
6869
3164
7493
7013
3551
1410
4863
614
1647
2959
3633
7345
4595
4251
3457
2005
4895
5286
3477
6366
3718
7112
4223
7016
382
3335
2020
7436
7552
1784
7826
6996
1850
5068
2790
2815
2398
6650
5795
2807
4638
4655
6317
2106
957
4975
2575
1641
1667
3031
3499
6579
178
709
7973
2940
6132
6294
2186
5380
3679
7606
7282
1118
3704
2717
147
1898
4631
7717
7341
7648
7150
5909
2552
981
7118
3772
7792
1589
3594
5053
4252
6062
1793
7422
7376
6412
399
3526
6908
6884
5396
6220
2857
938
788
6902
7074
6599
2267
2980
7347
4115
1928
2969
988
7743
1692
6583
913
7961
737
61
5182
1402
4968
277
3669
6676
5775
7855
3194
1980
4525
6489
7606
6986
1886
1682
3646
2234
1112
615
166
2440
2279
5116
6961
5253
1358
4647
6558
272
2940
913
7913
6450
3790
2993
3805
1030
4195
7512
2507
6128
6967
819
3826
7964
309
4531
7281
1831
5849
2895
2740
1300
6801
3975
5156
1338
1903
6682
7669
107
7944
2886
4089
1613
4450
4231
3943
4084
5274
4784
7179
1241
1800
4277
2983
2866
1015
4838
3583
6577
1006
3010
5223
5086
4724
3415
5406
6486
4033
5223
6249
143
4789
4259
5341
2932
260
5043
2633
1078
867
6357
6540
2797
649
4481
784
2354
3804
7056
4155
6617
7651
4638
3357
5769
3915
409
7113
1105
4994
2096
6828
7960
1896
3690
7419
2263
4116
6590
7720
3213
371
1459
4613
3475
7060
6806
6864
6663
7022
7215
3981
4795
2918
4
6590
2249
1114
6830
6797
854
1306
4322
2786
1654
3394
902
2783
5895
4931
6266
5671
3886
6655
2318
4780
3619
4043
4537
6745
2393
5415
1477
3769
3255
7606
7822
4941
5273
4912
6466
4940
6051
3649
3430
6087
4696
6316
2243
1954
6643
1400
4651
4357
202
5187
137
5636
5040
611
2591
1231
2909
3083
5252
336
7061
4310
5832
4318
2228
4158
488
1070
4766
7743
5264
3120
2585
66
190
6232
6072
3548
1693
1122
3951
1802
6847
2726
3610
417
3798
4460
1156
3108
3084
3057
949
751
3120
6877
58
2504
7563
3146
6123
5572
1647
7552
1350
6933
5279
3497
1520
4841
4993
5531
5441
3484
7598
4072
4263
7032
130
3402
5944
4028
7642
6477
5308
636
2589
811
4440
403
3269
3328
4811
5935
7937
7977
4661
1704
7237
2218
5957
487
7736
7713
1671
3124
3152
5399
2140
5005
7785
1752
6808
7191
4533
7806
3401
6291
1892
1697
7358
1078
1608
4157
4320
3979
2356
5390
3216
483
6749
4679
5465
5022
3839
2000
1354
879
4384
4668
6425
603
4353
7747
7730
865
4841
5216
1872
6480
5046
6923
3489
5228
5028
4134
2828
3056
7737
1048
6415
4172
903
5190
1952
6934
3330
1390
7614
662
4083
2667
5281
6164
2288
6403
820
2594
7397
821
6133
7043
185
7495
4205
2732
2215
1906
2213
7181
7958
3741
1332
4075
5821
3406
3
1553
3169
7178
6117
7822
1552
6541
6028
5774
5877
7463
1457
7313
4059
4623
1023
2970
2258
6545
546
2169
3771
5484
5501
3058
2262
1263
6932
2831
7611
3947
7302
7364
4190
7973
6229
7958
5142
3544
5809
3845
2679
4602
6038
1738
6485
2953
2839
4369
1126
3576
7272
1250
7938
5955
166
6531
5659
2791
5484
3801
5823
426
7962
2783
7725
859
7559
3869
7471
871
3929
7569
6780
1990
4995
6781
2937
4611
988
1920
3866
3409
2298
4112
7080
1774
2130
7336
2912
3251
3720
6192
2517
1169
3192
1281
3413
1748
7990
2210
4061
4878
117
1684
1221
3566
186
4437
1391
5005
3824
817
1862
2419
2228
3264
7914
25
1604
7833
7356
6147
7447
6169
7924
7548
6276
6367
4112
692
4966
5288
6266
732
1759
5738
64
4619
2146
2088
2922
5587
2809
5287
2633
4349
307
2907
5305
2799
4204
335
3670
7756
4024
1755
314
7290
4019
644
4770
997
6241
5561
6336
6705
2845
642
7884
2716
2374
1739
2266
3839
4473
4381
7210
6147
5745
4734
3646
2056
7265
5206
1332
5553
4332
6213
3258
4833
855
7067
1721
5000
1526
436
6174
4138
2782
194
290
3352
1407
5884
6559
2464
5616
924
7338
854
4222
3000
5687
6205
6373
3217
5923
7704
6439
7419
6398
4393
3981
5434
4205
3245
4387
43
1776
357
6525
2389
7845
4501
312
674
2423
4625
4471
275
870
4773
2757
3014
251
5265
3287
2208
1804
5957
4837
7111
364
5217
1554
3115
2629
4288
5385
3272
5432
4853
4152
3661
5215
1276
7602
281
6448
2664
5098
3846
1503
1181
1615
4723
169
7308
3687
3977
5892
1747
6041
7937
7622
4266
5951
7665
2874
2624
4705
3284
7706
1814
2172
4985
6018
109
1000
7783
830
3528
5984
3837
6636
2096
1845
2777
5074
4639
5425
1780
3764
7429
6960
5837
1839
4048
5571
3804
4163
3943
114
1941
2705
1036
1320
6330
2063
858
6170
7438
4364
4729
4544
6442
5263
6316
6914
651
6754
3623
3875
5020
5210
5710
3384
672
5368
2732
6037
3256
3181
7903
5861
448
1029
5982
2510
6746
5621
5433
5005
1240
5020
5922
5899
910
3005
571
4174
7308
3093
4478
51
5084
697
5752
2932
3009
2873
684
5551
5039
3508
5177
5583
7588
4357
1802
4366
3022
4692
6177
3069
2178
4737
466
5343
4946
4776
7165
5976
2439
5379
6869
6255
1250
6538
3305
5601
1731
5734
2645
452
1148
4649
177
3121
5542
3069
6766
6412
3008
3658
6740
2571
7999
1148
5617
6916
3056
1687
7576
5414
3334
5331
957
7013
7747
5260
6170
1645
1670
1912
2884
1338
31
3312
3374
5348
5434
6940
2818
863
3129
1899
4473
4241
874
169
2166
442
7998
2218
5370
5726
1420
2369
1254
1862
4969
305
7901
5941
5499
7002
7582
1799
1126
1588
6058
7171
5981
6085
7502
2952
2469
7799
1525
571
3562
1924
6606
4455
2630
3910
5385
2659
6964
4830
4618
5726
5052
1310
2642
3545
7845
7106
6997
1312
1271
221
3745
1919
7951
6708
5111
2853
2678
5106
6593
7897
6878
5312
7240
2924
1924
3474
5055
920
5456
7729
6955
474
2759
2941
1763
3820
2270
3116
3988
1850
712
2746
490
7866
3954
129
2398
1657
240
1717
5668
4368
793
4381
5409
5313
1454
3987
4571
2884
3126
2471
5530
4331
2858
3617
7078
1467
2266
3255
2649
6004
1060
6150
1403
7361
2929
5726
1453
1466
3602
4089
3735
7126
4939
1968
4851
6651
1546
3471
5952
1405
3503
4319
6879
3805
413
5087
7316
791
6850
7839
6165
1126
7287
6602
1283
2546
7641
5708
7581
4759
954
6477
6769
6406
3983
1431
7102
3472
3860
3644
2092
3996
4360
6893
6114
6388
7243
778
6876
3250
3155
4389
5872
2006
3481
1342
2545
2486
4376
343
3782
4011
4354
4569
2585
4357
2457
3071
7432
5283
5940
7313
5575
2620
3649
593
3192
5668
5578
4675
1126
4122
5396
4257
1237
5972
5795
2411
4758
5901
3007
699
1231
6339
2597
7127
2380
1356
2146
4953
7876
2731
1435
6364
5004
5016
2507
505
4211
7311
5521
7336
1130
6905
6356
4178
1550
1283
6270
1932
3377
5129
5254
6508
3141
134
4826
6725
2947
6447
6319
2324
1945
7315
7197
3610
4256
3008
5747
561
3462
4503
4489
1398
4691
3863
955
5724
3181
7556
1546
7026
7715
7894
4039
1454
3550
751
2953
1055
548
5247
7717
7258
5804
724
4761
7882
7924
3306
4805
5280
2971
862
5155
6350
2079
772
4498
2063
1568
5039
5655
344
941
6103
1721
4056
4662
2743
1082
3819
1031
3829
2809
7418
5963
5501
3170
86
2585
291
7419
7127
1890
3527
6716
2053
7947
7109
4628
2727
6191
1865
1736
173
5932
2194
6515
2614
7588
145
5304
5864
5547
5085
1635
6355
6277
6694
7889
726
7593
272
2879
5907
6948
1937
3419
3746
6039
2238
5365
7166
5335
3862
5997
2200
820
3957
7423
5326
3700
1089
526
7245
737
7384
1536
564
3746
5629
6030
1320
7540
4975
4402
4669
6971
3814
4593
5074
3345
4709
4924
628
4138
6418
3083
1214
3011
2327
210
3083
563
3497
3110
7462
7756
847
148
3113
1540
1775
6279
1291
5865
3215
3365
7011
1903
2681
6865
4700
2568
1487
1202
3823
1260
6916
2339
4265
3191
3236
7066
5649
7785
6097
4698
7555
4974
1260
1751
7731
3722
3030
3179
549
1905
4231
3694
3395
5554
1420
4463
4598
6063
5801
652
2274
4296
791
704
3906
7996
558
2305
2265
2660
4877
2544
1426
5092
3900
6743
2148
2351
7661
2873
308
7122
4051
4359
4504
4707
7010
6323
1807
3829
6901
2746
2508
2978
235
3188
7655
6188
1044
5400
5731
7814
2644
614
2466
6496
7538
6187
2781
2679
1159
187
4506
7689
3146
112
1146
5567
5331
3762
2660
379
544
6453
2610
2937
6517
1724
7858
5511
1183
6704
5672
7068
453
6507
6917
6929
658
1374
3439
1946
1523
6937
4016
7244
683
7960
2877
5586
4625
4842
3852
495
5044
3571
3714
7597
7052
257
7746
6086
6486
3242
2382
5044
6275
5703
90
2933
4548
3780
4067
6834
7511
1674
3889
7542
166
4744
4673
3935
1469
760
3163
3550
563
1317
3332
6712
3238
5031
992
2401
4051
7545
3430
856
3986
2768
5285
4718
4433
2881
517
1208
6541
6238
2568
2717
638
5952
5278
6263
7224
369
1528
2448
189
1233
3659
5075
6403
1706
6576
3093
715
2153
3796
4022
2575
6166
2543
4863
1896
5623
6774
386
86
960
6304
5135
3335
6704
1352
5852
7279
4921
5423
2325
6333
6754
3734
5494
901
1404
2803
6610
1915
569
5921
3497
2080
4390
3950
4072
7501
2107
5279
5121
3513
657
470
1521
3670
4911
4023
2801
4096
4900
1118
876
3799
881
5793
701
265
6942
5881
5214
6656
5477
5536
7109
6550
1672
1618
2598
854
2150
166
6302
867
1015
4757
4389
6532
3047
5177
7422
6517
1900
3830
2680
2652
4574
2564
1963
3654
2173
5944
2390
7969
4229
7393
990
1031
1238
5159
7531
6151
1581
4244
2189
6004
5722
6695
3440
4021
6154
4688
3224
7714
2573
1603
6976
7644
5150
5136
7419
3312
4253
4303
3964
5379
7782
1523
4933
2303
2349
3692
5607
3554
2987
1321
2539
3911
7158
3370
7543
3846
945
2139
7547
3595
1542
626
2754
7633
7503
6533
5487
128
7106
4295
3269
7689
768
7513
4146
3741
330
6099
1746
871
4055
3458
844
474
1061
4127
3414
3321
4098
6942
373
1816
7791
5670
7707
149
5323
142
3340
7126
4250
7855
6015
7802
4514
2023
1352
6093
6104
4475
5947
7806
2444
7978
2170
2942
2345
2304
6462
1078
3351
1355
131
7009
2620
7684
2991
2396
7147
7285
6128
6047
7704
5717
7337
6475
2496
4219
3490
2005
1377
2568
3682
3845
7197
5258
5223
4868
3867
4656
3107
5679
6007
4036
6575
3365
4213
3324
3052
2996
5284
54
7094
3801
3101
5738
2096
5630
18
1957
7095
777
2802
1899
7089
2405
7713
7245
1590
3393
6708
5071
3249
2178
5472
6857
5979
2661
187
3673
5477
2908
918
5144
7347
1624
5889
6152
6011
7370
4497
2783
4110
2067
3515
4722
7990
1913
31
3139
7152
7915
6627
1152
3724
6755
3132
5105
811
1013
5305
6456
2820
7494
2028
7860
579
7330
591
6689
7286
2678
3916
6234
4625
2904
792
982
4354
7044
3269
3394
6832
3832
5953
2048
2380
3551
6251
7563
666
7627
5260
4990
7233
5520
5632
5179
4253
3782
1345
7797
691
7041
5775
4805
7974
7379
6948
2523
6083
7764
475
2021
12
1940
7755
631
2018
3573
362
636
871
3117
7121
1936
4484
7736
977
7458
4950
6063
856
6321
7995
3757
1190
7156
2919
5
7964
3975
3852
6570
4001
354
7941
5845
1738
7008
5965
7288
1933
4553
301
6989
5761
7984
3432
4277
2684
5201
2225
5970
7579
1958
5726
3778
243
2460
4911
2732
4924
1826
1886
232
6308
7974
3514
2910
3058
4059
160
6654
7095
4704
2933
3376
4256
1955
2822
5487
2898
7714
7107
7202
6820
2853
235
1210
4871
4101
7705
4836
47
2736
503
2160
7660
5188
6372
7899
2903
5789
5318
4677
4460
4264
5074
5211
1315
7587
5596
2486
5361
104
892
7308
5306
1677
6353
4825
6085
1091
5381
3137
562
3857
1073
6029
4085
449
5705
6566
5349
4850
2467
6175
5740
2955
5538
685
4324
4712
6144
1927
5644
3407
348
2989
2161
7480
5350
1259
7456
7623
7085
7083
3001
5674
3918
3177
1631
3949
1032
2493
122
5131
7979
1972
2912
6709
6503
1725
5317
6544
4055
5922
6934
6819
2145
2275
2746
6991
293
1915
2813
6368
2793
4032
658
1895
5212
2671
3582
785
326
4260
2942
192
7929
2954
4954
5406
3077
3791
6050
3257
352
1903
4412
6197
1500
6182
3012
3824
961
3083
7356
3534
1453
5200
1150
3548
2300
2805
3571
2420
6734
866
5805
6285
5712
4647
7868
903
1522
5440
2493
1050
5261
4341
901
3313
4054
3212
1148
1819
4149
4548
1816
126
2829
5455
5060
7232
6760
4614
3205
5735
6800
3344
900
6251
1521
2864
5904
6803
4316
3396
6930
7094
5820
1877
2705
5980
300
7211
4579
4459
2766
1227
3691
7720
1933
3248
2955
370
7348
2845
2364
7881
7359
705
4957
4792
6748
6190
6570
5649
4396
921
2596
4191
7513
2336
3573
5652
7958
3155
7007
7367
6305
4142
5411
2910
4943
425
4747
4566
2778
1211
7720
1845
2467
6802
7931
5088
7886
2227
4418
5832
7065
3610
1664
2556
5062
5267
4045
5667
7623
7893
3890
3191
4339
2773
7664
1192
4098
601
7845
1692
3494
2927
804
7019
2537
6807
7002
4457
4277
2505
3436
7838
1692
4910
1457
7941
4594
4519
869
1991
7590
4274
994
4569
6282
3795
3492
4061
1465
7014
398
3973
6165
7243
2729
4750
6730
3622
7367
695
3105
2285
4184
3642
1291
7550
1783
6402
7019
7266
6351
350
5190
7440
3129
1727
7274
6089
131
4354
883
7790
5254
2083
4811
879
7039
7438
2987
6907
1944
6479
3659
6956
3843
5055
21
1415
7407
1305
4819
1984
5292
2825
4612
5646
6089
7490
3170
428
4243
1157
3016
4440
318
2416
5621
5693
6951
5734
4757
84
20
3936
1612
7537
6514
526
5157
3012
4875
1329
6326
5309
5030
2518
1433
4153
6269
3669
4045
3995
2084
7558
1280
7901
749
7567
4366
2827
526
7944
5890
7243
5067
6556
4435
7013
7190
3485
1995
3681
7844
3672
1335
2930
6904
7025
7679
3987
6059
7669
6923
5215
1967
1721
6534
1247
1637
5894
7368
4191
2240
6320
4945
3260
7386
1077
6797
7143
1677
5432
7493
563
7141
5357
3215
2545
4798
3095
298
7212
5086
765
3788
7696
1585
2734
1521
6679
4906
4033
6638
7502
1706
3703
4317
6590
4660
1711
5556
5458
3014
1181
5986
2254
4292
3135
2109
7879
3141
616
5118
6433
4269
684
2371
95
2628
7479
3244
7087
4239
6409
2602
3180
981
3806
1240
7253
4687
6770
778
1670
7630
2720
1080
5230
133
460
6061
4303
3855
5185
7480
456
807
980
7632
1393
7809
19
1161
242
5698
6759
4418
7755
4064
5615
4713
2644
7703
7574
79
1695
3028
5102
7026
4421
2886
1632
2848
733
4788
1861
7226
6863
7194
5604
1084
4085
2008
2170
5962
2118
1284
4880
5300
5894
6080
3510
7408
2412
1448
3271
5413
1314
608
2501
2513
52
828
3257
2701
4998
7065
1928
3242
814
7187
6955
513
3776
727
2143
1344
4047
7813
1288
4836
5975
1978
674
6979
3114
2361
353
1380
2516
3493
2176
3450
3466
7323
6686
1040
2188
5779
2678
28
149
2718
7663
2618
5992
5489
279
970
7790
4189
4626
3961
1726
1904
5440
1160
4387
5365
4412
2781
1116
62
7100
6292
4646
7096
815
319
4304
6557
2957
2054
3890
5637
879
1679
7715
685
610
5936
2035
4977
3055
1467
4902
7648
7723
4261
3611
6773
2910
207
5488
908
2285
5637
177
6815
6874
4385
1062
7738
6072
4626
539
2181
3790
5999
7026
3611
4324
7689
3892
3834
4334
4203
4141
6201
6178
5712
1929
2826
6035
2309
6032
946
2918
1568
5833
7469
1819
4707
5175
3919
3910
2194
7852
6365
3757
6253
6571
3967
4888
6108
194
3022
4977
6240
3359
6217
2715
1374
5659
5245
7816
5239
5817
7275
1738
2458
7705
1207
4610
4255
5516
385
1037
6503
2437
4758
3740
7559
1787
5688
3337
330
4612
5359
7848
5135
3424
1908
2452
5084
6703
7508
3139
332
6295
1576
2660
6096
2970
3603
908
4
5955
7555
6962
5101
5890
6214
5621
7278
117
1034
883
2751
1318
5633
4237
4141
6471
6803
7884
5026
2096
1949
733
3822
7563
4376
3089
5595
4116
4983
2739
2315
4114
6534
2104
4570
6815
6567
7383
3804
3219
5690
6506
4733
7985
1795
6528
4231
4674
7925
3613
486
4705
4784
2916
569
3579
7611
7924
3051
7352
4602
1369
483
5387
2478
7845
1586
1320
1089
2731
773
3644
204
538
1601
4010
6830
4459
1490
5853
806
1704
6159
6434
5070
5107
7292
5525
4167
1592
6106
2306
891
5266
1084
2906
5178
2882
1376
1916
7696
6462
5952
2629
298
143
2535
5797
1131
7509
5846
5343
2870
5417
2498
120
7196
2893
2434
337
5917
3838
676
867
7462
5342
4342
4182
2377
532
4956
6299
3061
6085
2517
6769
5595
4518
5205
1042
6512
1928
2002
7984
3304
3911
4207
5345
5548
1316
4657
2747
4161
7684
3992
283
957
4351
1202
5901
3553
7949
1183
4386
5253
2897
213
6796
6955
7551
7239
6267
7125
515
6576
6488
2050
643
1346
3389
4289
7236
7516
2086
1012
7725
3802
2714
614
7807
6873
5618
39
6513
2673
7083
5590
4984
5568
7050
6474
6148
6747
687
3644
511
6677
6534
5225
2345
5083
7252
2454
6829
7861
5204
5606
2433
5800
5243
5049
7317
4255
5753
5430
3980
6383
7444
3631
1790
4454
4690
5955
222
1600
2278
6361
150
3532
5455
6298
6079
2373
907
6071
3182
7999
2372
3460
5330
1876
1950
5004
5450
13
4039
4683
1409
6180
2528
2282
774
2614
7897
365
793
5385
2383
6575
5235
3473
3532
7268
4638
2619
2122
4368
3112
6679
3846
4562
1159
1098
6254
7437
1715
4106
653
432
4346
4242
64
6404
5435
1943
527
7167
6545
4108
375
2909
5500
3487
6128
575
4853
4622
5824
3490
5682
566
107
5649
7815
5003
2215
506
5785
6149
1452
2579
520
6470
2019
3312
7683
2365
3206
3777
1892
4760
2562
2996
4447
7848
1495
904
1955
1411
7813
6830
7307
944
7620
61
6395
5109
1751
1659
7893
7571
5006
6372
4874
3416
7684
2465
7638
3665
363
5532
1580
123
3357
5205
1988
5227
6051
1413
97
3927
1190
1973
2774
6635
1774
4654
2020
5270
5162
1628
7737
5749
2898
4260
277
4275
3616
1132
853
1766
6814
7102
6152
1296
1263
5137
3648
7092
7866
5709
3615
3019
314
5429
6946
6881
6703
5457
4890
7515
2602
33
6314
1927
7867
5473
6262
1376
6023
2424
2264
855
5658
1432
5447
5676
7062
2044
739
5930
3135
3
4854
3630
2694
6238
902
413
3217
3265
7944
1284
4893
7192
4535
2232
5475
4018
1593
6569
7882
6323
1827
1576
2857
4871
147
6272
931
3159
7068
4586
4681
2722
113
3237
3956
7130
5115
7453
587
3687
6938
3686
4872
7319
6222
1725
7451
7203
7092
1974
717
6216
5096
3595
3254
462
1081
5191
4899
202
5379
2115
2215
1030
2529
6600
712
6717
615
3106
5584
729
2809
6184
704
5970
7614
6000
4082
577
7126
4848
3519
4801
1899
2651
3797
4529
1109
5572
3454
6647
437
4964
3042
172
338
7333
4212
1599
3419
3226
5592
5619
1712
4105
5379
1120
2868
4043
395
3896
2242
6398
6464
7363
6655
6939
3080
5799
6915
6291
5714
1452
2406
3298
5346
6380
6497
848
4929
5864
7211
7436
7059
3022
1339
6135
3860
3963
7014
2099
1392
7340
242
5976
2052
2023
4657
5977
3800
6489
5886
2121
4002
2377
4468
2501
4137
3735
4680
7288
7511
6272
6823
5458
2767
2714
548
6797
2032
5468
4513
1016
3999
6921
3860
2555
229
5501
6119
3490
4433
7484
7285
1451
5276
3732
1811
954
6557
5329
7893
3512
1601
1849
7234
4250
3994
2803
1973
5533
1510
3082
3040
7711
7195
219
5145
958
6593
5802
7032
3505
209
1193
6265
4954
339
3394
4725
4793
346
7015
1956
53
6647
7947
112
7045
1037
3393
1522
1962
5315
5226
6217
5141
2908
2527
2924
7540
5740
2830
6133
4658
41
2953
1368
6054
7458
6654
5012
3926
