4083
822
7169
5503
5167
1681
116
246
1311
7244
5874
4144
2423
6618
2298
5247
3593
5064
4684
7000
6755
225
1714
5150
2411
4083
4696
4051
3920
7317
2550
5591
7372
3175
2861
2647
5524
6100
2503
428
1822
720
1971
1469
2525
7706
3646
1270
6806
7429
2477
335
2264
6899
3830
7040
848
1206
6467
6437
2872
3242
2681
7067
7875
5386
6667
7183
3616
1021
2356
1023
3500
5303
4815
1511
2082
5077
2219
7127
6242
4636
1997
3322
2055
1846
6621
2983
5527
7332
4188
295
6566
5757
6031
4148
4416
5948
1214
2034
7038
7972
1829
3938
953
4234
6524
1447
190
68
5476
5268
4266
3095
5835
4675
7905
7811
1932
6494
7019
6193
4918
760
4535
7358
2934
7103
4072
1302
6463
2154
3701
2345
6640
925
515
7107
4644
2223
6120
5345
1128
1117
5632
5211
5925
7060
4301
3992
4331
3819
6817
6621
3736
2000
1694
1538
2136
364
3647
2335
7631
3023
6033
6695
5491
4945
4267
2830
668
4252
2350
643
7731
4173
4311
5600
2387
5728
5974
7651
4012
3719
1688
3420
1606
3720
4413
6982
2619
3724
5986
6615
179
5499
5373
4094
3533
7840
2760
2061
7722
2145
3187
2599
5983
7543
3042
7879
2726
3852
4447
5272
3513
6605
5389
2315
5348
2492
6784
4160
2462
516
7235
5425
366
2915
333
2324
5746
4844
2070
3952
3135
4151
5194
4149
5916
4567
2673
54
390
626
3241
2540
1986
2877
7893
6065
6134
5104
3792
3425
847
4012
2656
7869
1070
143
5671
3594
3470
405
3065
7832
3231
409
2652
6601
3611
6235
2342
123
3712
4264
3503
2385
6532
7209
4329
890
4413
7268
4788
4216
2080
7168
6950
2045
4079
319
5839
6268
4371
3213
6971
4360
5241
6053
2188
4531
3102
2379
7531
7944
6057
2078
7744
1017
4871
3104
5485
4043
3015
6776
6489
1971
1128
2820
7903
3742
337
773
969
430
2717
2479
1022
6275
7094
3699
3129
3120
1912
3570
4620
7834
1999
3439
6420
3116
158
2311
7092
3809
1898
3097
6249
2413
7443
4130
5857
6295
6546
2979
6107
3965
4288
7514
6493
2045
5304
5361
6820
5033
2749
5336
4945
4031
7497
5887
1325
3559
3395
2383
423
7942
3899
3334
7873
1617
308
210
7889
228
3184
3443
1648
3217
5983
2261
5871
3244
1842
7585
403
6151
7484
5447
4059
7725
4920
6892
1936
789
5881
4845
5482
6499
2284
947
5279
6796
6623
5266
7203
2963
4789
2450
691
5787
6204
5303
2928
5284
3074
6585
1945
3408
7697
2030
1536
7820
1430
5345
3228
131
7879
2139
653
4363
609
6172
2884
1292
695
5556
1946
1824
1354
7412
6267
2364
4424
6539
3196
5631
1158
5393
7843
693
2469
5704
1343
4323
564
498
2129
3847
7056
3097
3093
4245
157
2279
3210
4613
5218
5700
1643
5617
918
4784
7864
4133
6859
6088
5170
368
648
4550
2605
908
6190
3292
7341
5406
3161
821
6076
5687
92
405
1678
7011
5498
3264
6843
7145
6207
2231
2644
7017
5863
7360
1863
5762
7464
4371
5047
5429
7273
5857
184
1171
7395
4993
5903
2829
2637
7877
3412
751
3252
2932
3572
666
5747
1287
1981
4467
2146
7202
4484
4959
5859
866
694
2041
1944
5769
4279
5272
3839
1060
3049
6597
4265
6658
3419
4232
3904
7775
3900
5873
3569
1469
2955
115
2317
601
6917
7929
1330
6430
684
3959
3638
5817
767
28
4189
745
1212
1238
1500
2932
7957
2592
4351
5965
2037
6467
501
4302
218
927
940
7614
432
2944
1085
7217
5181
3837
3275
5176
7609
1951
760
5564
3120
3676
2679
63
5212
7430
7700
4044
7285
5427
2179
2689
5938
3697
4491
7395
875
1610
920
7324
6489
6925
1621
7111
5193
2581
2210
5817
2849
4270
5432
1085
7427
1861
5773
1751
7158
6987
3458
7584
6114
1669
121
2798
7871
4395
5488
5871
2832
5284
2740
4863
7405
1655
1891
6418
4505
716
1397
3296
6284
1778
4441
6645
5340
1219
6932
6892
5865
6143
639
4762
2009
1634
2756
3918
5867
7950
469
6082
5042
7270
3940
6960
531
6861
3789
3350
3681
3608
367
7239
353
3247
7364
7920
2912
5990
5204
5155
3978
4365
7494
7080
7403
4281
6401
3480
5458
2752
6853
5249
1576
6634
4679
3248
1559
1632
7507
2093
5985
1232
5940
6337
4161
2039
720
7769
3638
6896
1449
3703
2129
1060
7134
3744
5521
6487
1787
1275
419
2793
2508
7845
4636
2578
2872
1603
7449
2392
1836
7408
4856
2496
4480
7657
4883
3860
5383
6306
6672
5621
4724
3291
3778
5265
2101
1951
7200
5868
6272
6805
4079
4609
3064
6155
4270
969
1859
1022
7933
7865
4529
7229
5437
7509
5729
3319
3195
4569
2557
627
7726
4425
1470
2218
2964
7042
2130
376
3891
6790
6029
3919
4876
4971
5727
6818
6013
6683
7602
2878
249
4658
6508
3808
459
2627
5455
4922
626
2627
5393
2594
3258
5637
4871
3608
6300
3029
7367
2909
4824
2382
2008
4710
7011
4422
2455
5209
488
3098
7175
192
5326
6462
3002
3937
2423
5479
6967
4017
1468
2665
5752
1903
3216
2868
4498
3375
47
5677
2220
6550
6327
4428
5688
5653
7285
4462
1778
4810
1208
5492
550
905
5148
5346
595
1950
4236
963
795
4888
6915
4390
7734
1118
1329
5041
3570
6234
1885
6486
4498
6697
5435
259
4391
7045
6718
3488
3300
1869
535
3460
6320
1509
6920
3008
5774
7711
1734
2506
2224
1536
7170
391
375
4782
1791
7818
7845
6485
2463
4930
5373
7606
7146
254
6136
122
3805
749
7094
915
5765
5640
6780
24
2973
4544
7374
6618
1798
4490
1372
3998
718
1651
3274
5309
4585
4744
6138
5595
6093
3879
2806
524
1466
7425
6719
6825
7608
7283
5136
3199
3299
4904
5925
3060
7255
3486
1716
3458
3462
7059
7208
4717
2075
2058
3107
6231
7818
6050
2604
7296
2869
587
4793
4992
1077
575
1589
4567
6886
6482
5650
1760
4312
1628
7778
6412
2729
5531
4497
3385
3487
7162
3589
1614
7863
2476
3718
3677
873
6794
4442
3543
3587
759
6138
7839
466
1713
3186
7301
5805
7124
7491
6207
2352
2324
6125
387
5943
3182
2713
1483
2559
727
2260
4976
1141
711
3126
4265
705
4213
6120
6589
5341
3519
2703
2613
2140
270
2681
4714
2900
5505
6487
7358
4722
5276
2812
2390
7150
5045
440
1244
5516
6451
1179
2314
5088
5395
6277
5993
7072
4254
7428
4154
6004
4435
944
4973
4025
2806
7488
1836
500
2199
2094
7272
5238
7493
893
2477
5763
1507
6013
627
7770
2028
6464
1844
623
5834
6817
2610
767
6088
2607
3370
2360
851
5013
4804
7007
1547
6032
6598
3000
6818
495
5011
1247
6027
7323
5730
6941
2782
3457
2659
5502
2429
414
7020
884
5675
7696
4499
7933
1580
1355
3580
572
4456
7527
1782
890
837
6033
7264
1386
1611
226
4399
7165
7577
6402
243
6563
5187
7145
6750
1292
2531
4329
7902
5765
3039
339
5335
4903
2005
7135
2250
3511
4807
204
7817
1550
799
5944
2359
574
688
7026
475
7725
2643
6815
4624
1920
3073
3391
3557
4388
1627
3377
7555
1190
7517
7797
3571
1156
2025
1811
7936
1022
3280
5165
7571
7577
7907
7960
2953
3519
6633
2400
4579
982
1325
4132
4879
7654
7171
5815
4174
5099
4239
6582
5422
6484
3681
2661
2488
3627
1986
1832
6427
5397
6454
333
5151
7932
500
4780
4561
46
1268
1639
3580
1485
1870
4635
214
4455
3145
6313
578
356
3799
173
7761
3293
4600
138
3812
7332
7955
2609
5662
6175
2913
5344
6213
3926
255
320
5222
195
1036
5760
3591
7041
2089
2077
4243
4246
4402
5853
5761
156
2554
7710
1316
5458
2758
6681
5169
3357
3414
5146
608
5187
5610
5922
2482
5118
1797
4811
2808
7707
6886
5638
3049
1042
2990
612
2319
5974
5100
3053
810
3450
5863
1883
6450
6694
7386
7274
2990
1846
3076
6866
7713
2360
3942
149
356
678
204
5485
1109
7609
1243
3291
7892
4842
324
471
7094
3232
4149
3343
1267
271
6204
5479
3343
4355
7206
3455
909
462
6070
1505
7140
6522
2246
6411
5508
6019
1246
2689
5404
5152
5897
6823
1248
3664
1770
1463
5718
7257
5713
7684
3800
7753
2585
3342
4542
6824
7045
5812
4528
5013
4047
6899
3445
3261
6334
3820
6297
123
5673
4069
1805
4284
7507
5812
5101
2300
2688
6312
2693
1346
6883
6884
631
5513
972
3972
7512
6565
1904
2390
558
6636
1814
4951
887
5591
6010
6136
1074
7490
1713
7758
1644
1293
1882
5414
1847
6222
7837
3054
1266
6811
1580
5486
5981
3103
484
3801
4985
5670
6198
2040
4124
1957
6032
2219
723
6212
1736
4632
7831
4299
7174
580
5868
2980
4056
23
1522
1045
595
869
2355
1613
7667
2911
583
7044
5827
7798
7561
6566
826
2057
3005
7255
7783
4512
3794
659
4556
3029
1514
6936
7980
4277
2943
2508
7242
5623
1659
5645
2505
5971
222
7654
7069
2225
7714
1645
4120
6812
1633
715
4738
522
4372
2371
4498
6782
7141
1611
5378
6050
2386
6754
3336
6668
555
5545
4432
4456
1894
2791
7067
3120
1369
2810
5133
1017
7505
7870
5787
7718
1338
2901
6056
5287
4169
5787
4247
217
1107
2513
3885
1890
4797
7648
202
5198
3693
4585
3504
4616
732
4703
670
6694
4612
2743
2239
5692
4857
1114
6649
7222
6877
3890
3018
2198
4124
5760
3637
2068
3710
3110
5782
3838
6225
3317
6139
5236
6834
1053
7631
6739
7523
1763
7422
586
3530
2537
3883
5500
5778
7188
922
1495
3469
3652
5065
1518
3193
6682
3230
7048
7677
6842
1218
5839
2296
3800
4603
6743
4410
2435
3226
2189
3490
1854
1503
1232
7075
6511
7051
3192
7460
5453
1351
3828
2020
5392
952
1344
5658
4753
6655
6762
6193
890
4688
3674
3355
2454
1586
2356
1178
4687
3965
2349
5058
4889
321
3683
3565
4667
6328
5007
2699
4950
1412
850
2900
1352
4149
5185
4063
7014
34
3503
1317
6702
1664
4330
1118
5011
2714
6678
7807
863
3961
519
2839
3466
3942
4523
6939
4283
1102
2360
297
664
5937
7895
7389
5293
7775
1822
706
3232
4291
4286
5297
3014
5816
1601
3791
5903
3757
6233
280
608
1524
745
7578
4588
4813
1366
5599
1942
47
2427
7946
3183
7262
2237
7410
5188
1886
1374
1900
5155
7090
5845
6068
3671
6879
5694
4852
6944
7965
3981
2936
5383
6051
1236
3337
6735
1554
386
3577
4526
7599
7583
7715
5467
97
7743
2433
4748
5110
4435
5213
3845
2413
7239
225
1345
3350
2550
6431
7943
5063
82
6228
1685
7991
5016
5782
6298
3923
4935
6923
6485
3117
227
4915
5149
411
1475
5237
3537
2557
1728
5832
3430
4913
5808
5887
362
2230
573
5910
1312
2808
2381
1160
3858
6411
1838
4269
2847
4852
5319
1458
195
6369
1808
3590
1087
5301
3176
6488
2401
3517
796
4520
3237
1768
5854
2094
7270
3470
5535
5493
3294
1784
3170
3930
7412
2211
5396
2405
10
4445
3812
4935
5149
3673
4666
732
4599
5835
2547
6074
5579
2029
1894
7290
2983
284
5805
5172
6826
2606
5182
1613
5351
1071
4789
1619
4275
6363
7989
6056
3645
667
4461
1037
615
4725
6940
5787
2572
3996
1592
5609
3650
7271
516
3106
7835
5014
7932
5694
3476
7277
3972
2590
3213
693
4932
7631
6379
5579
6420
5776
2825
918
2731
4965
33
6283
1714
4670
3828
4745
4166
4825
2492
4951
1432
1355
6846
6533
1603
291
2537
1058
7817
5299
4097
3324
4222
405
1658
3609
7176
5620
5556
5403
6653
2498
1479
2418
3593
7561
2789
2091
7703
3288
2709
3004
482
2888
7260
6775
1365
2747
3489
4164
2
5244
6507
2895
441
353
7628
6186
353
7951
6385
1783
7175
1682
7818
7412
6731
4064
3562
432
6772
7090
336
6054
6254
6964
2559
1422
4565
7543
7446
6115
5636
2019
7680
5515
4168
2699
2152
291
6527
4840
268
903
3207
4724
6959
7108
6180
298
5618
1048
4770
702
7833
4556
3832
4682
6508
2543
1516
4436
6501
4987
6345
7793
1681
3452
4234
3240
6712
7514
1134
1741
1594
3645
4113
6950
6954
2750
2753
6475
1802
7468
6982
3815
7514
1279
1355
1414
7613
7186
5280
4200
2711
4967
2868
4441
1755
5200
3100
6118
3163
3155
5589
966
3757
6770
122
4187
3938
101
7817
1793
1561
1453
2315
1183
320
7747
1057
6176
4770
6335
7905
5835
712
7353
4140
1014
2760
1467
3275
6115
7793
4221
7897
7309
2318
152
6954
7949
7866
4740
919
1107
6850
2325
4357
7256
6940
2563
2532
620
5193
5975
4363
6217
4978
3194
4450
7655
5464
7869
3127
3926
324
3388
5209
4419
7102
935
6665
3880
7837
2999
6467
1463
954
310
5545
5535
2022
4032
3193
7612
1922
6765
4841
4403
598
2266
2076
1905
145
7144
1777
7805
4272
5150
719
147
3102
3397
5255
398
3583
235
5255
4707
6925
5283
42
547
573
7761
6483
3177
6221
2283
2832
2299
7677
3576
1552
551
6989
814
2669
2839
7897
3668
4605
462
2241
3517
4824
6146
6587
5195
720
3644
5548
3077
3573
2103
5022
232
2506
3751
715
7470
1292
4939
4137
7717
6766
3690
3919
3675
5688
313
3133
4027
2592
5365
4985
5807
3604
605
7295
3651
5694
3823
7871
7609
421
1585
2828
1334
1323
952
2965
7525
1765
7031
6006
7172
172
2908
444
1658
4371
5770
7007
727
5560
7130
6374
2428
6527
4758
7948
7129
1135
6369
2527
6189
3964
7935
5888
164
5074
5636
2196
4792
327
4921
3508
3406
7485
7183
4866
7798
7842
7072
4642
4863
1791
2058
827
3912
1477
7755
4438
7821
2586
6236
6114
462
1640
6736
10
2101
1720
7219
3870
175
2437
983
2344
2367
7759
2199
1954
4288
2885
7666
1462
3220
7093
7342
1995
6498
4495
302
91
6346
4710
5913
7854
3353
6857
487
4566
3800
2287
2408
6113
6053
5123
6874
5706
5395
6977
1021
5821
6189
7796
6494
7081
1346
5933
3550
5712
6351
6103
993
7278
7876
658
5440
2953
5882
6943
5225
1045
1604
7165
2218
4124
6391
3617
5003
633
1544
146
6360
6972
387
4628
3092
4777
5979
2272
6415
936
629
1419
6688
727
7175
5040
7604
7217
1334
1747
2180
1023
1310
3135
2070
7444
4084
7401
5903
5332
6196
5989
1184
5864
1545
7457
6786
3151
7645
5615
223
5423
5528
1904
1196
6852
623
4351
4411
2679
290
5486
4359
645
4430
3562
7679
6282
557
871
4982
4313
1620
6665
3394
3591
3888
4335
3101
1635
3035
3989
3233
467
6208
2312
2134
5953
686
7436
5196
1327
2879
708
4996
526
4470
16
6906
7853
2227
3038
163
2132
7527
121
3261
1585
2438
7882
1501
4779
6249
3019
1832
3983
1991
236
1333
5047
7028
3170
3132
5276
489
4628
7679
6823
1069
5712
6802
4931
7859
916
889
987
2676
3523
3425
4230
1669
4039
4919
4627
7666
5381
7126
4685
1934
3456
1717
2467
3441
2516
125
1496
6106
5177
4874
2448
7389
1343
7331
5150
2678
5973
6917
2841
4796
4897
7828
6382
2957
5889
2259
6992
2260
1022
2084
1908
2241
6342
5695
1791
4442
6716
7814
3257
3342
6764
4639
5101
1278
492
7158
4889
5455
443
2848
3608
2998
275
391
1341
2536
107
520
4
5451
498
6494
5842
6769
6095
1671
2959
637
1224
7978
4464
7804
5873
7992
6267
2145
3284
832
4106
4606
6214
1875
4627
7319
4141
4546
3255
475
3587
6416
2992
4909
6338
7501
1474
5878
6777
209
2843
6735
2165
5938
372
1763
7754
4190
4628
3993
3592
7699
3971
7817
423
6082
1798
7898
603
4674
2428
7908
2447
1008
3841
4679
2797
6133
2930
7968
2981
225
6690
6851
3094
3305
2099
907
6653
2609
5121
3444
3042
4668
1192
4016
5296
3682
6024
6965
4157
2832
5843
5049
1808
5693
4075
6264
7533
2799
4693
5175
650
3
6677
4272
4116
1546
6018
930
2457
7131
787
7706
3978
615
4215
5104
5458
6804
7048
653
6914
4635
934
3905
4321
3989
4103
5614
3432
6015
4209
7070
4815
5339
3607
3789
6863
2288
4746
6540
2241
2
6870
1966
4527
4298
5836
3857
163
7071
4486
7928
6985
800
1603
598
5781
149
2344
1054
4367
6024
2214
6212
4310
4498
5339
4831
4318
2569
898
150
547
2888
2678
945
2331
5993
7503
4284
5581
7245
5140
7745
5805
3580
2620
4431
1219
3895
1599
3481
1608
4937
7333
4371
6448
3303
7426
6606
1428
4238
5333
4670
4886
649
4685
99
2307
2666
4664
2231
3733
5274
7022
726
2141
4037
1899
7945
3805
787
2590
1303
5765
7588
6332
3095
1501
6463
877
481
7805
6043
4943
4730
4017
2783
3324
6570
3395
4555
6132
3778
1691
7026
2797
5930
3230
6964
5816
6180
1860
2133
4544
4800
1328
7891
3255
3452
7149
3748
3986
3033
4586
2219
141
623
5238
6857
6121
5631
4575
1240
3851
5917
5694
244
400
5525
1485
1285
3197
4475
2941
38
2607
1899
4254
5821
2149
3862
478
7541
6414
3753
1721
4252
3999
5232
2735
7351
6232
2505
3310
3882
4671
2532
3132
541
4022
7319
1563
5271
3495
2905
4727
3444
5168
1581
2019
5903
6944
4021
3031
6698
3283
3915
4198
3559
4824
4546
7349
4920
7945
4172
436
5321
2024
2636
4953
5154
2870
1929
2853
4612
2912
1928
2990
5298
5638
666
2697
5460
7258
3880
1674
389
1180
6980
1539
6266
75
776
6429
3771
5089
1431
1975
1845
1159
3224
638
5349
3791
7878
7365
5043
5624
2265
5452
3218
1256
4917
664
2247
6554
3823
7316
3885
213
4803
1129
6688
5187
5860
4351
7879
6897
5505
7516
1707
2690
672
6825
49
7621
4346
5578
2541
3535
3716
426
7514
3301
2949
2501
4120
5343
3229
3824
3192
6437
7766
6144
7872
3671
1254
593
6446
3008
3960
6267
6863
2084
4148
6693
7230
5490
1630
2268
5911
5108
267
5725
3381
184
7490
1273
4085
3829
5568
2022
200
4879
3091
4374
6469
3066
417
2497
5242
4602
3930
969
4629
5052
5408
7949
59
3981
5960
5733
916
1431
3437
1617
4112
183
5616
2856
2994
5931
7008
4008
6875
3855
931
4628
2669
887
7059
5554
7107
746
3800
3669
1689
3684
4279
5260
7010
3686
1197
1310
4885
7075
3277
430
7134
861
488
7040
7668
4592
4306
7347
3791
5754
3345
6949
7521
487
1197
5891
7133
622
2654
3422
4613
6440
3535
6389
3819
176
3953
6721
7338
2256
7722
2157
7206
2712
4379
5294
7010
5186
4980
6484
3857
2347
5371
4441
7033
5735
1686
2779
6866
304
3146
2859
6016
6396
2092
380
1697
3602
7758
5071
3270
5000
1407
3559
236
3596
6057
338
2222
6218
1157
2040
959
6329
3087
2635
253
5247
5859
1238
2307
892
6026
5481
1359
4364
7585
2326
7851
5903
6593
1824
1747
861
7983
1214
5677
1494
470
4716
5039
7512
6955
840
1140
3722
1363
4052
5735
325
5251
4544
3507
6722
6913
5782
7890
3526
1864
4779
5206
4215
7582
1083
7493
7856
1109
2941
6272
3632
7404
912
2699
6591
4431
4543
7212
6660
2828
7277
1025
4956
3412
5451
1144
623
93
4854
4624
446
3569
6851
3665
7617
3134
7062
7468
729
6955
698
5632
397
190
1886
6807
5051
2524
6839
6330
6578
2140
7563
4546
5869
2749
4856
7759
480
4367
3818
3225
3256
991
7998
2285
2441
7551
7160
7587
7361
3402
2838
5810
957
2025
2484
5366
6133
4573
5159
6962
6777
5232
3138
1586
4506
2469
1368
3421
4672
1333
5335
1610
1251
3301
3105
6723
3097
710
3504
3419
4218
2699
6957
6842
7240
7981
5311
4810
728
2305
5679
6152
6377
2703
6404
2306
6883
4420
1414
7207
6293
4655
4621
4638
4661
7140
673
120
3660
5574
215
7018
126
6435
3831
7803
7809
2112
5724
1166
1569
5583
902
4497
7666
319
5807
2272
2972
5282
3643
7718
3525
7669
5639
1129
1510
823
1567
7077
6607
2513
515
57
7631
6266
5079
842
1925
7066
3678
6452
751
5471
4311
1547
3777
6153
3647
5987
489
1469
3129
5280
1648
115
4148
3026
3203
6828
2307
6940
4999
2469
4426
7137
1165
359
5523
5299
6473
1465
7933
5142
7721
7774
4628
2250
6818
7184
1104
6601
5496
7154
3880
79
5939
435
4152
4193
671
2544
2971
6676
7174
2800
2673
2265
1421
3584
2519
4934
5556
1829
7393
1912
4184
5743
6098
2762
3005
2073
7232
5792
4559
6183
6438
2081
7747
6327
779
775
2987
2716
3791
4130
3523
4593
5304
5411
371
6882
1588
1091
6381
6053
2731
808
3978
1464
4816
3786
185
7212
6003
1745
4767
4914
4610
5158
76
2992
5277
7486
7226
6031
1472
1161
7270
2804
884
7021
6669
2956
7417
14
4674
1381
2449
337
7987
5780
5763
4217
2566
1081
4380
1675
1246
4270
7444
3065
493
6686
6717
4614
5355
5795
4689
7767
485
7960
2556
7876
7823
5397
4916
4310
7396
5294
2794
4422
913
3745
2786
5229
131
6721
1397
5593
5207
3992
5191
4317
5300
7797
2543
4360
180
2211
6156
6634
2723
7640
1980
212
908
4036
6923
4939
1379
7455
7815
2258
2195
3087
6397
5396
1509
2466
1521
2928
3504
3785
4571
5986
3433
4456
6645
5157
503
1455
5352
536
3407
4728
5591
3062
4959
2417
1143
3454
671
5705
1395
5135
4307
2325
3620
5683
5659
5742
623
1671
6413
4262
5313
1033
5758
1473
2585
7338
5581
5735
5127
5969
3187
5621
5222
5571
5067
6110
1128
341
1217
4106
3602
6696
852
2362
4730
3237
6107
7368
2731
2607
5436
3501
296
7654
1181
4048
3414
158
7665
7360
506
855
1793
4098
5252
3500
3192
5464
7464
170
5926
7938
7478
1112
3763
5490
638
7714
6454
776
4278
5985
7794
7661
1773
4438
6935
6440
5180
6513
640
3817
2394
1217
5864
3657
13
7051
5175
1711
4432
6610
2850
3724
4920
7161
6101
7387
3256
1415
5140
3962
4146
4792
2427
5648
4587
2286
4880
3432
2000
6157
5363
5928
1343
5768
7564
6139
3767
4778
5215
7369
3063
4670
4862
2748
2663
1381
1828
7657
3983
7915
1356
1542
2208
7018
930
7851
77
5412
7992
7378
3648
1044
6023
28
3727
391
7834
6694
7259
681
5175
589
6221
7664
7216
2989
770
3719
6775
2923
4421
6211
4595
4904
4192
625
7448
5795
4490
3439
1180
2715
7302
2195
7135
6251
7222
5279
2473
4913
2920
6891
3506
2937
7916
5830
7667
5267
823
812
2251
1664
2339
4749
4635
1345
2295
7837
6979
1645
7640
3528
3259
7330
847
6819
4737
5703
2222
1739
1954
21
1888
1641
6375
4761
7951
6058
6954
4299
906
2367
1292
7689
5299
250
1635
3539
7989
3341
5902
4653
4055
1645
966
6989
1638
7303
7035
3776
4476
4901
4992
6295
1535
5676
3426
4520
1019
1529
5309
3873
4985
5815
7600
5968
5288
1333
1299
5715
1302
7539
104
3989
1744
19
6227
3517
4182
7034
1161
6431
1465
2207
3346
4950
3006
1350
3575
949
5270
5562
2948
541
5754
3446
1322
7645
3499
4390
3904
921
1660
4855
4127
7691
3028
429
6269
3921
7215
4451
5755
103
6102
2396
2508
6125
6398
6702
5313
6849
3570
7822
4348
2753
2904
935
6435
7120
1952
6632
3415
3973
6194
7994
1865
2879
4067
5088
498
6811
556
2690
7433
1819
1447
1553
3208
7076
3481
1209
4835
278
3446
4971
7930
3043
4070
4223
6079
7404
599
1449
6522
6930
6156
4955
5286
5197
5754
6181
6650
1964
7959
3075
6074
3678
1971
7830
1600
222
4662
7053
6746
3112
7351
5984
7411
1556
2278
1918
2435
2115
4460
1131
4094
1240
5924
394
6197
6075
2758
7598
3338
1515
1027
113
6789
2207
7929
3043
7548
3435
7412
2116
525
6117
3852
4864
3071
2283
6555
861
4905
4037
746
1721
655
7684
5323
2985
6418
1597
465
1064
5057
5646
4953
4636
7478
2268
6902
925
6057
3337
7578
7766
410
1861
1155
7869
2141
1029
2264
1593
3108
4563
6015
1302
5086
2011
5895
6050
5217
6688
3876
4621
7750
1857
3411
716
224
7570
4776
5442
7491
2444
5917
7150
5528
6367
62
4409
5612
3853
2285
6642
370
6573
1969
6847
5153
281
1353
2480
4460
1039
3303
5011
6106
4104
6127
6751
1090
3908
7257
5157
3919
3168
506
5827
7144
1687
175
6006
6470
2050
6696
6449
1733
728
5877
2156
6446
578
4244
7921
143
5735
5934
749
5276
7254
5913
4063
435
1861
2959
482
3422
1408
6083
1427
3225
3845
4423
7443
6393
4792
2952
3924
7159
1417
1192
4893
6677
440
180
2318
1669
5681
5076
3379
2527
625
5210
4704
3285
1685
1195
6360
5488
2563
3828
2689
6936
6536
5728
1048
3451
5303
891
3102
4884
259
5269
5726
2162
4463
2301
4837
5125
6893
7034
5893
3922
3753
6071
2510
5417
7254
4038
5876
1451
3184
7472
3909
3217
3211
6878
6054
3068
6517
24
6010
369
2081
422
6428
1498
4722
6808
3564
5574
2374
3562
4523
7903
4188
3430
2429
110
4521
5116
6082
4065
3283
7993
3524
7758
5980
2975
1075
1687
6333
857
4987
2114
6344
3461
7287
1415
1986
2851
3048
5854
761
317
7907
2158
2927
294
1384
664
1440
3782
1612
1888
707
3288
721
5853
1256
4762
5515
6614
5270
7548
4652
1579
4454
5806
1596
1013
1833
1571
1402
7151
3149
6627
3977
1064
7958
4270
1277
3401
3335
4723
3242
605
3587
3734
7167
6782
3550
2406
2702
503
5205
6688
718
2576
7930
4134
4982
6130
4077
885
6164
5544
5541
4504
2869
1173
7278
1133
6899
7149
5187
2762
459
3036
134
3920
5425
7939
2130
2765
4724
5877
7476
3374
5435
3022
2716
2340
3901
5001
2029
2816
4133
177
1836
7390
5708
2312
230
7241
860
7604
4706
5951
7249
3723
6850
4227
383
1253
6668
1140
3037
3930
3191
3392
6998
7630
1912
4702
5279
6227
671
3947
1774
3156
3437
5491
567
3341
1417
6205
3794
3374
6524
4829
725
95
5559
1160
5213
2177
926
7210
5867
747
605
5279
2403
3623
4650
3688
6968
418
4291
4582
6829
4492
458
593
4070
4185
7370
4687
5983
5057
1203
3233
1101
3916
4322
1914
551
2511
670
5357
266
4258
2723
5107
3428
51
4987
4813
6804
6521
1842
4351
597
519
4373
2764
532
4699
7652
6946
5887
5274
5696
171
2506
6119
2253
7882
3706
7358
5469
5921
6764
5016
5799
1667
476
6812
7661
2456
3888
5744
4111
4349
5808
2506
2356
4634
5838
7134
5225
383
1039
6882
162
2138
4909
6901
2285
7966
7143
4929
4631
3282
7295
7897
7506
5194
5824
5927
590
7497
6852
4638
5656
40
7520
4715
7853
3915
2285
3442
3683
1894
7294
7114
3335
1205
641
6212
5082
3809
6450
3698
4871
6299
7052
2788
573
415
2711
767
721
7719
3957
5722
1833
5270
7497
692
2466
16
2767
4073
4493
3980
6946
5242
5616
3847
2550
7047
230
2284
657
3709
2371
7937
2583
7958
5277
4796
1201
6583
6091
4006
1137
5665
2482
5187
6748
6948
2302
3432
2905
2096
1417
1237
3960
2624
4468
3460
1426
1044
5489
5770
4474
662
926
954
5525
2572
1950
1522
5121
7017
6961
6437
4438
5823
1424
2736
56
2138
1236
4876
1401
4548
5076
3467
1219
160
2747
511
4525
6167
4730
4675
5656
6886
2919
766
4559
282
6740
7340
5593
7518
4389
7403
6041
2182
3179
3988
385
6268
3118
2998
7647
1100
7113
2449
7336
1387
6918
5401
5933
6155
163
6211
2285
4735
2096
263
5019
499
2366
6519
7172
5733
3171
3380
293
3657
6869
6324
3281
5246
4019
2321
4485
1172
6177
1770
416
4151
47
5408
3083
514
5574
2643
108
4076
6820
3567
1021
298
2378
5392
1619
3691
7947
5072
5062
3407
1656
7278
1672
5134
6451
3565
1473
239
2557
2606
1089
2217
2353
6896
4591
431
779
5733
7243
5518
1466
2854
6629
4634
966
4332
4574
7125
1787
4788
6565
4557
3480
666
7752
3691
243
7083
6945
5090
5496
2076
3996
4550
5274
4369
2427
6856
2872
1534
4270
6
6780
3732
1359
3061
2785
6362
3540
7130
7644
828
3653
7382
4256
3196
1667
2779
2239
695
5370
2759
3715
2939
717
5596
7461
4868
2374
6019
5796
420
7295
1959
4011
3469
677
2558
254
7248
27
1972
5642
5229
5962
4329
306
2223
7862
343
3606
5841
7888
729
2172
6366
3493
727
85
1179
7144
534
977
2489
4506
4193
5342
7510
5916
1682
1315
2466
1805
7705
6791
6419
3377
3298
924
2976
7363
5840
3686
5035
463
4527
7808
3465
6000
5533
918
7663
1841
2053
6911
4505
6283
2455
1802
1505
428
2079
823
1386
974
487
2742
6769
3813
3058
4399
2505
1298
7240
2225
2940
2816
7408
124
640
1486
7110
4042
1639
5780
4784
1812
5929
6718
3218
649
4092
6657
1080
4956
817
4111
4043
3112
443
7682
2067
5505
6701
4638
7477
4011
4484
6512
6978
2479
5822
223
3423
1114
7878
4602
2716
2220
2723
5836
7613
5749
6028
2729
2700
3954
842
4934
2388
2404
4022
7546
2858
5467
7270
5228
4937
3761
4429
5787
2122
6034
4465
701
1095
236
6117
1914
7409
1495
799
1115
106
6555
1097
3606
5300
6652
2698
7123
178
6339
4113
961
4592
6841
5586
301
7137
5965
5652
3843
3947
7339
2896
3571
2725
3368
2118
7345
