992
231
1508
5385
5169
7988
4858
1166
6234
2008
1277
248
3586
4003
4243
6944
2513
5461
7152
5293
2105
4183
7258
4104
3682
2507
1659
187
7521
6676
3694
7549
2152
6208
5838
6965
7416
7925
2647
3792
7533
6255
1131
4617
827
5032
7297
6475
6615
847
775
1724
6089
6658
2680
571
4541
4717
1018
5436
7635
5605
823
1400
938
1030
4009
2375
4191
1418
3171
6662
3099
7058
1421
3722
594
4714
1989
3962
972
1697
1769
729
6507
7062
2956
2745
2212
4566
2832
7859
728
480
6384
6969
6562
6814
5833
1767
2232
4302
5834
6217
2381
2701
690
6627
7306
4509
6282
7337
3932
2195
7316
1168
6283
7731
621
1363
6077
2601
5068
3347
5966
3505
4750
6834
2133
2153
2404
7237
7302
1233
860
4336
744
4511
3902
1859
4420
3800
1766
2871
5731
543
1893
1243
790
2467
1899
5841
6957
5545
4566
6597
4241
4490
4682
6069
5721
7581
1924
3853
2941
1293
3661
5386
3267
6379
5657
5894
4671
4190
7467
469
2746
6371
554
2685
6134
382
1423
3974
1760
3984
5921
6108
1813
666
1819
275
1806
2632
1291
4830
352
910
3068
2385
4326
4933
4171
181
6237
3311
6212
3771
5397
7142
753
1124
3081
930
2625
6389
364
1229
2048
7120
5423
564
7774
5766
6209
315
7631
6922
4809
7577
3586
7128
4505
758
3411
2157
4732
4706
5138
2895
1906
7702
2721
6826
1180
4114
1255
7711
217
5898
339
2094
5056
4394
5238
7989
2165
6269
6667
2479
3880
3802
1067
1503
1699
7773
3253
5256
719
2982
7196
5706
7041
6578
3007
7210
7094
818
1895
6924
5711
3855
1724
7757
5647
7664
7716
6252
7814
2274
7127
2849
4312
7249
4332
5190
7299
737
2305
4251
1291
3636
495
206
551
979
6644
1487
338
1409
1757
538
3033
4272
206
6900
506
7459
1751
3638
4613
5538
6408
3180
2577
7010
7212
4460
3647
217
5207
47
4586
7455
3700
4994
2392
5084
6814
6145
7826
5748
6927
454
2281
6403
7525
7679
972
6108
2692
31
513
2742
6952
7687
2825
2893
1055
94
4458
7084
74
3561
4747
5865
753
7847
6075
4488
5527
7777
7753
307
5736
4342
1049
6808
2955
1660
1301
7626
3012
1063
2092
5114
3836
5677
5957
4347
7345
411
1957
2010
542
2856
4780
5960
5730
5673
7013
5740
5272
6417
2603
5654
474
2085
3199
6021
3839
4376
2446
6199
1709
7193
4854
4988
4196
4408
6838
5627
3435
6806
5325
7152
6863
222
4337
4570
5675
4221
7658
4113
5687
3503
5024
865
7616
2820
5153
260
7710
1799
2558
3657
3599
5039
5596
1930
4299
2761
221
3856
3947
2528
5877
839
3536
5074
3496
7720
6035
423
1561
4034
1799
7754
4355
7257
7841
572
7452
442
5017
5031
2451
3456
4819
1030
3014
5189
1864
1443
5955
2063
1204
3035
4438
1863
340
4593
2750
7277
7747
1518
6053
1012
4459
3945
1980
5777
7378
7378
2192
1827
4286
4348
7450
2228
6787
5784
2561
6836
1618
7254
1573
5485
2333
1825
2440
288
5501
1680
5162
7784
5973
4415
7423
7129
3807
142
763
305
1028
4653
120
6976
6058
1739
2855
3641
5061
17
1293
1112
7262
3950
7646
5199
3255
7027
7470
2785
5175
5600
6228
6769
1166
2344
2209
6805
3226
7617
7612
5283
4795
4849
498
7902
1601
7247
7413
3379
7355
3355
6549
2181
7291
7039
4386
5670
1215
4699
940
4652
3796
6174
7894
4269
7169
2585
5040
3061
5944
7481
1446
1038
7007
7710
7199
1940
5612
5414
3925
7637
611
3118
1867
3835
4998
5998
2865
2912
6066
5576
2782
7706
3078
2792
6615
699
4310
2559
1216
1954
1533
5368
1069
6929
4414
5813
1031
4209
82
6116
6800
6368
4044
888
766
5639
2259
1490
1610
6136
1972
5169
3387
7787
7093
4280
7512
5613
5827
1827
3316
1982
7474
6194
1910
7078
6109
414
2455
2467
29
3031
3348
2416
6944
1440
6824
6495
6531
5698
896
917
4042
1120
498
58
4863
6115
887
5667
2138
7344
3494
5740
3962
5658
3361
1668
444
5062
6798
5589
4249
4221
2639
2209
3393
3714
5700
2703
2818
4159
3187
7901
2831
4864
459
5235
118
4071
976
3373
3587
3474
7848
7265
1911
4846
413
3237
5531
2983
7985
618
7794
5017
1498
3193
3344
7738
257
199
2443
2961
2520
4200
2700
4459
1373
5541
9
5551
5447
3310
5953
1675
3089
1388
7313
4724
4182
4338
5449
7520
3152
6603
429
4293
1996
6474
2778
701
7506
1712
5378
5849
1828
3445
5643
2618
6369
5610
386
6976
1833
2290
4064
2813
7623
748
7925
50
1537
4521
5617
6352
4000
1996
2165
1789
5000
5321
6858
4655
4337
3146
3527
2817
2248
136
7833
701
2133
6068
1152
4296
5723
7255
5776
7657
1098
5871
1554
2964
5674
290
1433
6075
434
7060
7300
1945
6008
1073
627
7084
5174
5413
5149
917
884
2495
3625
4579
1647
4343
4424
5680
3303
7884
3936
5801
5061
480
7866
1047
3740
1947
915
3430
7506
6486
4339
1141
4079
4905
6146
2312
2908
1407
2832
4224
4736
5498
3094
5692
3472
2057
5433
3481
42
5468
6160
7250
1169
253
4746
3092
2648
4872
7197
4144
4508
7368
1617
2898
6296
4641
6802
3919
4217
3293
3603
5034
3809
7780
6829
6013
3797
7747
685
7231
4896
4526
2445
1043
2191
1887
6592
5849
276
3511
4248
2192
2990
3135
6973
7246
3413
3420
4249
4241
4773
2786
3006
3285
7223
6225
237
129
3225
5667
503
6059
7427
5740
812
6708
1157
6068
4693
6231
4828
7544
2536
3761
339
6842
444
1885
4443
915
1184
6410
1875
4622
1257
5627
606
1493
10
1763
40
6246
6972
2844
176
5049
7684
6969
5986
5078
6080
4063
1413
6029
1498
284
2414
606
5040
4850
3072
2799
2423
357
1847
228
4034
6149
1147
651
2735
2414
3499
7141
277
752
1824
6708
4393
2679
6549
6563
1348
2097
2402
496
2728
3582
893
7371
5981
3277
2806
1156
7235
7887
4503
7150
512
1000
5815
6746
6716
3899
5268
4624
1049
5017
7008
41
5485
1357
7714
2144
6497
7901
7953
7862
3852
2262
3290
2960
7023
7172
4280
5642
4526
7243
2678
2906
3383
1656
4361
1336
7939
1655
7365
2096
199
1144
5011
1222
7773
6875
1387
652
5494
4736
2253
1301
6879
5444
7483
4705
3921
2691
7455
3612
1826
3477
3842
3964
1284
1237
268
165
4886
2265
6716
459
6422
6696
2213
4433
3023
7499
3777
2334
1541
4982
3880
6233
352
6687
1221
6059
4331
6958
4550
2346
5401
5888
2894
6712
3733
2514
3168
6633
5792
652
7209
1641
4241
582
7103
673
3281
6179
2293
1563
6940
4866
1669
879
2163
5167
5819
6584
1678
7103
5104
4044
7714
42
1133
7750
5087
5913
5670
7595
3146
2387
6245
1835
4748
6894
3607
713
5730
4254
7134
4433
7989
342
3142
2811
313
297
4515
7702
6950
7642
308
2946
147
472
6317
2065
1732
2273
1309
7994
3238
854
3480
4388
2976
6767
1602
5261
4695
7246
2108
1955
2969
3262
4706
3029
5327
2830
1482
363
3116
2806
1964
4338
3086
5087
703
2714
6480
4041
2249
3288
6934
808
6554
2021
814
866
5813
6390
2789
4223
243
3170
5337
400
7132
5084
1456
4964
7596
6890
7050
6943
6621
6311
7084
3664
1423
4935
1093
4501
3393
7179
3096
5369
3107
3836
6983
2369
3879
7328
7714
3066
173
7249
5128
6737
1875
6938
3812
1154
5074
4056
5600
3171
2347
7509
6128
4512
3652
3215
6026
4387
4742
2368
5461
7699
5997
3835
1575
294
4233
6578
7799
4157
4895
2491
591
7068
7661
6097
5138
1601
5098
7069
6223
5360
1292
7615
3590
754
87
2592
1831
3975
6494
7963
209
105
3810
1531
3559
4314
736
3448
2130
3566
2881
7662
6078
1938
583
6199
1114
5755
7757
5828
1099
1353
6873
5828
3361
3667
3812
1449
1785
2180
2350
7680
1517
1835
6951
2184
3982
3822
494
7900
3326
5724
7739
3262
4528
5479
4975
4617
3838
4279
1630
6334
4071
1632
2090
4995
7495
2572
7829
7426
5504
2380
3398
7329
5188
283
5335
1364
3649
1995
3832
5231
2113
6144
6634
245
6648
4501
3220
205
5375
2075
1661
3343
7483
7446
5786
7083
4480
256
6687
7792
7402
6003
7701
4722
7970
6538
2956
6779
63
5634
7743
2719
185
7553
5896
967
5342
374
5796
6099
6563
6893
7090
7454
7547
1344
2001
7118
818
7073
1921
4715
851
2307
7362
2998
1804
698
3128
2802
439
4842
3874
6435
4727
1466
4111
5298
5489
3191
3944
5145
7875
5455
6944
3314
1825
1726
7474
4656
3381
5064
5884
3582
7089
4342
7865
3745
3237
3492
5357
3174
5704
5713
7788
4384
1463
4408
5064
6505
6253
7428
7462
6758
1996
5335
893
5361
886
5097
2733
2668
178
528
7081
7793
6030
3225
1079
7676
583
5861
6925
1614
6944
4220
712
4596
2004
2500
2500
3616
7496
4903
3157
3856
359
397
6350
7259
3841
6673
4698
7943
6478
1584
640
5218
7511
4548
4131
4707
5422
5350
3399
2169
7268
5520
1085
2046
4044
5493
5268
4507
4870
6253
2407
4654
3588
7081
7768
7658
1383
39
5920
1215
2362
2373
5106
2362
4200
695
5607
5676
1642
2071
1785
4340
5754
2055
1771
5615
4929
1434
7143
7697
5178
119
5384
394
4008
6040
4434
3316
7768
6941
7681
396
4580
5686
5429
2574
1163
6310
5329
4206
2075
4871
7368
2391
1245
7645
1362
4217
7716
3964
3765
614
5670
7157
2733
4502
202
4292
1266
254
2191
2432
3343
5959
2766
2370
6987
3108
7817
4566
2199
5770
7688
6750
7223
5015
1647
1531
3438
7874
7901
2952
3490
944
1692
6045
2613
7039
2604
5014
5073
5632
456
7555
3101
1491
7184
4001
3551
1825
748
1609
6358
2845
1656
6084
7226
5244
4180
1783
6777
1032
7977
5666
5390
959
3378
2231
438
292
4573
2038
2857
3598
5510
3184
3011
7828
5233
1561
1535
5077
7339
7812
5197
2979
1208
5655
5874
2132
5924
1986
730
6444
7871
7172
7795
889
7692
7732
7914
6145
3175
7440
5331
1156
633
2947
6732
3462
1910
6393
1700
6799
722
2216
7329
2979
5061
1210
2677
7963
6451
596
6076
5153
6334
4506
726
1747
6658
4561
1995
2038
4562
6987
6925
2205
7807
1359
1472
440
1774
3291
3518
3632
7090
42
7996
3241
7276
4962
2540
6864
7603
6374
2567
1303
3621
4707
7752
6518
6151
3984
1682
1116
5579
2490
6501
5511
5169
2823
3399
6748
7780
5146
80
1469
3799
5563
6999
125
7260
2373
4657
4161
6218
1180
755
4446
7153
6698
843
1305
5900
6904
703
5806
5705
810
2411
5939
850
3160
3235
7001
472
2560
856
2224
6359
4143
2726
1411
6178
1434
4590
6265
5498
4510
2412
5177
7864
3555
5573
5845
2141
7016
3020
1214
338
4092
5613
2970
5733
7820
6766
6095
4404
5558
1458
2958
5387
7811
5582
5716
521
864
1284
3466
789
5468
7580
7646
7000
776
6437
25
1671
5178
5113
2847
4879
1893
228
7410
934
7782
1502
4893
3484
3160
1873
562
4296
2428
1053
6974
6443
5774
1539
4900
5585
7767
2570
4521
5693
7485
3400
4656
4920
4016
7404
5962
7945
144
3168
6365
743
3802
3237
3458
2112
6965
6551
2827
487
4379
7911
4430
5751
5995
700
2468
7213
6742
4187
7322
1862
6404
3908
5792
7244
465
5507
3465
287
5278
4280
2033
3904
7407
2109
58
519
5186
862
7723
7978
3893
787
6130
1104
749
4614
770
3027
6746
2028
801
7045
2495
5795
6250
3173
5926
4772
5585
1946
4130
5626
3454
2113
1204
836
877
7562
7978
918
4174
1436
1245
1157
5047
5902
3548
5597
4676
1445
2566
4329
6810
1046
3144
7466
7439
3492
679
452
4695
649
4962
5090
3363
3063
4277
1039
1282
4041
4430
2277
3206
2237
5801
5018
4058
5090
3351
6548
6308
4831
4956
5991
1405
5694
3290
3356
3175
7986
6965
2080
232
773
1335
1467
1967
7795
6780
6712
436
1136
6982
3568
4399
3431
3539
98
5393
6754
988
1021
6076
4628
7765
5539
5899
5140
1851
3736
3981
4321
4871
4407
1496
1232
7591
3916
4857
2612
4146
7233
1641
281
993
6189
3572
855
1285
585
585
2806
394
6175
423
84
2024
2496
4364
1468
3272
5514
1781
47
7428
4567
1012
4848
2909
6117
515
6188
2190
2333
4459
690
7911
1447
5066
7586
1511
150
4469
3480
5440
5486
1807
135
4878
1271
1808
992
6120
2236
2286
5242
1311
4487
6319
5864
2338
6308
1059
7247
4315
6615
5926
5475
1304
2429
5922
7016
4187
7665
4839
6349
619
3258
109
725
2211
2437
4985
7721
4437
1007
7001
1890
3064
4973
5224
7928
3930
1296
3254
4035
5361
5265
1182
3490
1898
1641
6482
1228
5114
2630
5685
2321
3773
3356
7090
2110
4420
3764
2581
4703
7472
6700
7463
1735
5528
3507
3897
4963
7243
2887
1207
668
2888
3616
2090
425
5955
3077
5826
5276
4779
1634
2222
3933
6594
7855
1364
6806
2729
6017
7917
5475
5761
4992
1775
6563
6915
549
530
3267
7984
4030
3769
6917
3556
2959
661
6957
7007
7642
3399
5892
7798
3883
887
7625
5902
7118
4274
2415
5990
6922
628
5917
2153
3864
6386
4945
4331
906
5192
7138
4937
2937
5507
1767
411
978
2832
4958
7627
6666
3045
5039
7204
5741
4155
4741
5293
5548
439
7493
6842
7744
2592
5606
3038
213
5016
6898
4994
1567
3398
7826
109
7372
1833
1714
7338
2238
7788
1292
271
1002
891
4113
2454
3465
3864
4524
2754
1383
4182
125
7719
2869
615
3280
1536
3452
4268
7543
3862
1199
5086
5980
3912
7311
2134
2495
6083
3220
7892
1866
5312
4166
725
2939
6978
1371
4505
3433
7723
260
5334
1058
4835
426
6812
3967
2381
5164
7732
1671
5484
4765
5719
1619
6246
7158
789
2252
1229
2826
2939
3455
1847
7991
5235
2828
1
7215
1320
2568
6887
6192
4407
191
2988
7622
5562
2944
1651
3253
7295
2720
6006
4949
6621
2859
7283
931
953
3162
5003
5253
7639
773
1585
1169
1894
7856
2832
2083
2658
7985
7476
1422
1582
2128
1999
2111
4630
6082
5888
6787
4190
3006
3040
6441
6937
1543
7228
5152
6475
5668
4757
2401
2763
1855
7475
5413
5245
6684
6894
2845
2856
4572
2927
2189
5945
7485
519
1941
4560
6591
1709
2515
3873
2471
2112
6540
1523
7330
184
4347
4924
1109
4905
7476
5589
4181
1302
2172
2740
1831
4243
2348
3267
7904
7563
6652
7725
2915
7959
5491
3308
6153
5644
2967
341
1403
4737
4593
2855
232
7577
1235
1445
2388
3622
4342
4974
4132
5075
3292
1566
117
7179
4970
796
6592
4652
3552
5763
4748
5243
3012
6220
7353
5048
5839
3209
6711
6930
5273
6436
2310
7451
1098
237
1683
1244
682
7461
1940
6065
6497
197
6174
2109
7286
7700
1433
819
5047
7670
2983
3083
2437
1565
6939
673
56
5982
7325
1906
5357
5761
4618
1335
1374
5591
188
1611
7930
2673
1654
3122
1869
6317
7392
1675
2447
561
6378
7891
7505
1882
6289
5609
5431
4341
158
7833
1444
6533
878
4094
6331
2869
1940
835
4612
6
6624
1428
1856
6434
2873
7912
2855
6158
1986
6517
3663
5983
5122
2421
730
6751
1601
6650
6602
188
5428
5398
4746
6014
2352
1469
5623
3668
1904
3167
6315
2265
7810
5533
4512
4715
7883
7680
3055
3695
5269
6065
2113
716
7612
6850
5896
6772
394
2328
4052
1624
3934
3573
100
3655
6979
5926
1737
3040
3188
4335
5725
3146
5489
130
4495
5459
1283
4127
2024
5639
7158
6277
4040
2077
47
478
223
2613
1659
3505
5599
2306
1116
7211
1955
5902
7731
4336
279
2499
4941
7289
5467
2501
620
4357
7067
2098
7167
703
2168
2619
315
2558
1980
5921
4867
4296
5390
2104
6728
3560
6118
7027
7116
3439
7102
803
3439
2273
3396
5647
2451
7746
6826
3772
3552
3589
3881
5773
6260
6789
871
1639
4535
6601
6416
7684
6189
288
7325
2088
5408
4009
6527
2286
3581
4730
3353
1956
2695
2440
4644
5463
3508
4688
4496
1868
5473
1234
2219
2844
2996
5876
5181
6228
3304
7481
3957
3355
506
550
4219
4398
6595
3904
1905
2669
7047
5198
5499
499
1752
1341
3160
3038
2388
1617
4852
159
2098
7181
1011
5832
5091
6827
585
2618
5473
2174
5473
7482
4463
3754
2390
7581
6474
7535
2605
7815
3835
6231
6519
1095
5840
6052
83
4001
916
456
3555
3732
5829
6973
707
4751
282
6293
418
1536
3300
3577
42
764
4343
268
2178
4822
2333
4989
7717
4647
6557
3866
4807
3628
7114
917
4025
6423
2340
1849
1195
2808
3221
1950
3470
3109
3337
5643
7509
767
359
134
1303
2282
1213
6523
6170
686
2618
1720
2425
4479
3269
4237
2140
432
1891
5779
7005
327
6123
5931
4289
3086
7373
6911
386
6267
2326
7491
1338
3106
5309
6569
7725
3427
2188
6882
7790
27
7056
2997
2587
1842
3459
7940
3483
7916
6745
876
5905
6818
7327
4106
6008
2837
2283
3284
3261
3741
5184
949
2159
3249
6281
7822
5560
2857
3984
5070
6523
378
1887
7344
7930
7355
4028
5121
6946
3720
460
2200
1814
5482
3104
6495
735
7174
4840
6761
4929
5905
2412
7665
171
3606
4524
6744
2978
6712
4922
5786
6
7795
3749
1866
6625
7132
4869
1189
7248
6795
4986
5809
7041
11
7219
7705
1317
2780
3340
1274
1133
609
5712
3676
5046
2594
4669
3993
2274
4007
3052
4873
4386
1783
3165
6144
3904
2419
1735
904
6404
1963
2838
2025
6495
5819
7119
2922
1324
1508
6875
6815
7831
7129
2688
6050
3965
6405
4847
3479
1879
5243
1623
7851
1801
2995
5233
680
6420
7607
3058
227
7082
5639
1331
7067
6233
4903
1888
3888
1113
2560
1434
7694
4530
3365
5719
500
3220
1639
3250
2071
7874
385
840
7908
4214
7174
938
7427
3649
6109
792
3221
2217
5080
5140
4844
3691
2451
4647
1312
7893
7296
5901
4569
3444
42
7490
2867
1673
2687
5594
2334
7228
4409
4118
2193
841
4483
5467
1568
2976
7481
127
3740
4594
3804
6240
7658
6856
6328
5239
6768
1002
6548
6219
6516
91
6526
2256
6153
6849
906
2108
1447
3231
1211
2158
4465
5947
7009
736
1011
5438
6061
1614
1532
2385
5528
3559
930
37
4008
1065
5786
7598
4681
7623
6451
6887
1776
193
7673
6488
5961
4792
1662
3001
6478
1155
916
1647
818
930
2703
1310
1642
3616
6671
4357
5246
5414
7204
6454
3056
3821
711
1229
3564
6567
1599
2061
3801
3367
5407
4664
5409
1853
4051
2351
3384
563
7449
5488
6592
5008
447
4126
1985
6294
173
467
3309
7674
4467
2541
1534
7961
2526
637
6321
7865
2844
6185
126
2965
3790
1804
2460
3648
257
4225
7162
2767
7533
4529
7289
7616
1355
2925
2512
6396
3341
1693
7708
756
2526
1932
5320
2648
647
3142
5528
5238
7409
2288
3852
1702
4223
5688
1510
3316
6004
5053
7576
1886
2226
3333
6272
2778
927
7832
844
5342
767
7438
3223
6803
6686
2578
542
5639
7994
6348
6177
615
2613
5415
3064
4045
6485
5344
4610
3732
4591
5035
3649
1686
2771
1597
6325
2615
3748
451
7762
890
1833
7777
5379
7050
2509
4239
3409
1562
7661
3026
2356
6583
5402
6559
4334
1488
5594
7429
1412
2624
1878
488
2337
7967
5066
6708
5717
4570
6882
1217
3756
6528
7638
6994
3334
7916
4981
4584
3388
7253
1761
779
6723
6389
1065
547
1904
3513
7918
2257
7258
1428
2812
6349
7724
696
1456
4823
1215
95
6139
3272
6822
4210
4427
2201
4653
6621
5952
468
5960
7652
7601
2210
3156
2452
6338
7048
1756
5296
6069
5197
5337
3086
6592
5587
3031
3875
5247
1886
1689
6329
743
5612
621
1758
6357
2755
2320
567
4497
7797
6705
7889
6724
6505
2361
4048
2309
5264
2522
2065
4921
6248
402
1694
370
4995
4241
2054
4193
1018
1791
7179
4708
195
6779
5616
5068
3106
6676
3672
533
3970
5305
2054
543
1084
761
7963
7904
3413
4159
6933
2518
3024
5801
5220
5834
422
6888
2617
456
2623
24
2708
7356
1866
2543
3192
7883
7392
6641
2900
80
6540
3230
3594
4009
5990
2745
2822
5420
4111
2317
3493
759
6811
6114
942
2062
5713
7733
5558
1790
4105
4961
7422
7946
457
5343
7409
2886
4810
3905
375
6387
7917
3801
3403
3455
145
3595
7804
7611
3985
2818
2023
1479
7397
6763
2595
1790
3961
399
5377
4
4977
1137
4786
5122
3863
1983
1490
4932
844
2972
6425
4717
5651
6653
6404
6253
7427
2966
2801
2491
6714
6282
250
116
3627
6870
4831
6905
2424
5433
5417
4136
4174
802
2622
4628
743
5327
4969
4003
877
3770
4780
6133
5706
4031
7285
3934
5511
6392
729
2005
223
967
7984
6463
2368
4909
747
4667
1775
829
1513
174
6450
6320
5974
6174
980
1971
905
4311
5373
431
3887
4582
2886
5723
2416
7957
6916
4417
1264
5205
5403
3861
6849
2546
2896
1514
4496
6979
2411
7154
1527
1873
7338
3857
6477
2365
3512
4949
310
2050
4265
2613
7360
6286
4856
5291
75
3042
3722
1431
5879
6994
2247
1229
1508
7281
4058
2586
4980
3566
2371
3419
6116
5390
4563
1366
6225
246
6538
4296
6611
1951
892
7353
3891
4610
4245
3633
6561
3617
7082
2659
7557
4236
5836
6778
799
3552
1224
4164
1467
4353
6817
5474
5676
3858
7505
3405
144
6047
5536
6478
5980
1674
4341
1793
4485
5262
6748
5749
4876
1389
776
788
6908
1609
1985
6442
2963
2928
37
1640
3611
5169
6782
956
1395
1224
5204
7069
3409
6009
4416
3770
5682
5638
2835
5443
202
2971
4864
5798
1968
1532
289
610
3595
6434
5051
6681
247
4441
1946
4960
38
2128
4701
1894
6659
7877
6127
6637
6280
1622
5420
7970
1008
7066
5353
4448
7286
6330
2899
1365
2960
4491
7184
3626
3651
3920
3750
5461
1514
7969
4337
3829
7663
1085
2890
4862
2797
869
2135
7012
6169
1480
5855
1753
5135
6149
4519
6652
5666
3872
5076
303
5585
3113
4586
1209
3186
4619
1012
6442
3382
1259
3646
6188
2052
5672
1823
1026
2118
72
4343
4784
7387
7333
6168
2567
2264
1670
3059
7928
3967
5436
7314
1004
2952
4909
3312
6262
3884
4233
4005
1270
204
5371
5602
5647
1314
2975
4981
7796
6239
5543
6256
4254
2951
2871
5968
5549
7472
7364
1034
2427
4206
1240
6807
6644
495
5271
5507
6921
977
4405
4617
4578
5515
42
1156
6892
7818
2683
1679
3451
4506
3598
7590
6627
4721
1803
4031
2140
3536
247
4710
1888
2043
6158
5821
2370
1829
1067
4515
4369
3349
1157
3615
3200
2301
7235
5523
397
4720
6194
4365
5253
1730
4475
1872
3988
3448
7868
2164
6226
741
5427
2440
1350
3130
4974
6470
5006
3832
710
4754
967
178
5472
6884
7512
5927
3868
4727
2270
2998
2349
390
4237
309
5440
6562
1271
7904
7854
1536
2053
7442
7963
7469
1280
4308
1784
343
7531
3686
4906
2744
964
4345
3362
3222
5706
2856
7041
7573
3151
7626
5907
7581
206
6282
6371
3553
4357
6633
1902
4709
5160
4641
7689
2355
3380
7278
7118
4059
7210
6988
7878
1790
2167
7570
6013
4421
7574
6284
5681
6452
3098
2854
7267
5953
4643
5513
3387
2575
3799
4830
7436
4313
7042
3900
2636
4358
590
288
5555
5905
7580
5396
2895
2758
3886
3397
6838
5447
1763
6936
6837
3487
6065
5901
3992
4119
987
2589
825
7236
6264
3315
3441
1662
1484
6471
7978
6343
6475
4426
1822
3043
3137
5803
4620
4152
6913
4544
7380
2119
5509
3837
214
1199
4567
5134
1410
5294
5864
2221
7681
6458
5067
5888
5431
652
6191
2239
505
7179
1345
3166
6754
4846
5468
7543
2419
7502
4646
7700
1702
6149
6278
2415
2522
32
4878
7217
2363
1708
2342
3321
132
41
655
3758
3678
2399
3066
3101
2519
7164
1080
936
7840
6134
5902
4707
5589
2910
3046
4998
5630
1655
3896
4571
2683
7578
1795
46
756
5593
3768
4526
2177
2074
2307
58
2589
1522
2675
3998
6586
6332
4315
252
4903
4627
7744
5237
3003
4590
5179
4483
5706
2531
6041
3409
5508
4541
3707
4334
5404
6002
3740
4642
3978
6377
1965
2127
2269
172
6448
2671
5738
4856
1653
7368
83
1192
1894
1290
560
7394
7814
3668
3712
505
643
5573
3854
3059
1013
1917
4634
1835
1977
1660
5148
1420
3920
6990
7882
5036
382
4240
1482
922
2251
1563
2713
6187
50
6225
2728
6426
3655
7976
1353
7154
185
4175
7073
4830
310
4450
6959
1825
4995
5848
1519
1179
5544
3169
953
476
1934
633
3385
5814
3216
4685
7359
97
4836
7548
7529
5340
277
3788
2778
7939
6303
3035
6506
2955
6340
7756
1695
5909
5137
6857
5572
6927
249
2566
4841
5834
6375
4795
5440
1809
5072
5188
3195
290
7187
1861
4562
2246
2984
1413
5620
1611
5329
381
2492
7584
4695
354
1030
4870
90
3209
4955
3487
2329
512
3265
7738
5774
5422
6973
5884
6172
5113
7767
2645
1111
6601
5317
4134
5217
1554
3678
7661
5232
3206
640
4456
6050
7206
5260
221
5535
1871
457
4105
5388
5283
5246
3994
6850
7560
2781
214
2726
2836
720
4593
176
4983
1793
7691
3124
6957
1392
2351
5568
6220
1557
3028
7429
6913
2442
4430
3525
411
5423
901
2279
5807
6383
6964
5237
3507
1410
3061
6052
2172
126
7035
1581
7488
7497
4227
1075
834
3993
617
7862
3949
5750
1264
3894
5951
2018
3140
1517
1778
3161
4993
6000
3656
2940
6911
4567
761
6999
6998
4719
5576
5662
4445
425
2896
5376
6064
2750
1671
2408
7988
1232
7097
724
6062
7830
1242
2243
4862
161
2155
4787
440
5715
7124
2060
3269
3401
6437
5075
6643
4269
2797
6455
1518
6828
7677
730
7373
3763
5377
1365
2237
671
7794
6969
1383
7978
5398
2671
513
3686
1890
657
2396
216
3798
7227
3838
6929
5399
817
620
240
351
743
1353
332
3604
7632
5679
4809
7773
6786
4779
4563
7156
7618
7208
3209
5211
7274
6878
326
6885
1297
1325
6100
5182
6795
2515
2267
4078
7558
2641
6835
6514
1619
2965
1082
4065
6237
4818
3822
5000
5271
2160
5841
3253
1943
2007
5724
4619
6331
5798
5216
6597
2434
2918
7605
3022
2960
6274
3127
1082
7032
4276
7638
214
1002
5738
1984
3254
7396
475
2943
2600
5408
6173
289
3888
6509
1942
1028
7311
5148
5812
775
2311
7171
4225
7953
2822
6190
950
3312
5564
5221
2941
2219
1206
2424
2564
5543
4774
6890
6068
455
1035
5537
6056
7755
3354
4596
7110
4264
7723
4254
4032
4740
986
7854
887
1744
1701
7797
114
2576
2245
4214
5884
3629
3862
3836
5099
6094
1258
928
7333
696
1880
7523
6834
1385
1710
4652
559
982
4699
3209
5692
5921
2635
2846
4284
5088
5802
4440
3391
4314
3758
5234
15
1980
1062
5207
3148
1365
541
4616
6972
5726
4538
7731
1540
3248
1195
4145
876
3319
5525
3292
7726
3315
2166
7806
532
4597
2583
5593
1393
2088
3169
219
4827
1331
2505
208
376
1119
6482
875
5027
7882
1403
3586
6578
1729
1430
6208
743
5985
731
4388
6405
918
6250
4390
944
3893
6048
2471
4266
6185
5638
805
714
3876
2070
3684
6175
7687
2323
1887
932
7127
1703
891
4593
5124
2499
7058
7758
968
5094
5215
2468
3136
5717
5525
4450
7678
303
6779
3690
7040
4308
6656
7468
1664
13
3221
6695
719
1902
566
1392
2100
4590
5153
1065
6588
4658
6534
3696
4274
5492
4965
3896
4834
2982
2565
1257
7203
2088
4362
6681
7712
3135
7917
7672
3753
5580
5336
3270
513
5321
712
6301
449
7193
502
6468
4148
5663
5581
6950
1059
1140
3957
5325
478
1587
4891
7674
2687
603
5102
7309
3346
6295
2978
3187
6360
5871
3544
3694
1981
2326
1658
3625
5698
4237
1447
1960
1422
7862
2678
7607
7865
2539
2899
4450
4468
5754
4025
4278
4096
4228
2720
1428
7883
7810
1131
7879
5116
4370
3217
4920
2915
7093
900
6502
4013
3285
1275
6241
4372
327
2024
558
1105
3411
674
3358
6358
7691
7838
1262
4670
1482
2968
104
4445
4067
2480
6896
7505
1263
5702
3673
5709
7766
7916
766
1124
2302
3708
6390
732
99
1385
2617
6889
7770
5136
4734
145
7393
5513
1010
7202
4700
6217
3514
2354
7484
5110
3618
263
1074
7412
7732
2222
30
1766
7442
6343
3259
5999
6779
253
329
4931
905
4118
2874
3851
871
7996
2477
1928
973
3577
3522
6625
3582
4391
2850
1118
3637
6662
6295
2482
713
1868
5144
5852
2936
3666
2735
5313
2099
613
3863
3086
3182
6200
3928
7650
2306
2299
3134
7851
4947
2712
3860
906
3724
1945
1218
1401
6090
6445
3212
7280
6649
5494
7612
5055
1714
5551
4189
646
2618
7545
4515
2801
4308
7686
2543
7350
279
2495
564
3779
2781
51
7502
4976
5663
18
6261
235
540
2386
5663
4635
2093
1073
2793
322
4544
3059
869
7929
2547
448
3528
495
753
5497
4926
2881
1985
1691
803
5704
2141
1636
4094
6144
7163
3911
6477
5797
7596
989
6697
1618
4184
967
4924
5947
1057
7890
444
1601
7393
5498
7951
5139
2387
7653
2989
4212
5814
448
870
4306
