2876
3152
4754
322
1112
1453
5811
5546
3199
5179
2303
3855
2040
3398
5372
5847
6613
5493
1348
2560
6823
2514
7193
3407
6061
740
413
2067
6520
137
90
1670
7212
342
4831
2331
5670
5157
3140
568
3790
2108
5712
4446
290
1527
1400
7003
4188
3143
5245
274
1214
4786
3411
4263
6712
6417
3201
4287
1357
3075
6188
4673
860
6629
3639
7636
3790
2997
7495
7691
522
1473
1073
5645
5945
2639
3376
2873
3179
4544
3342
232
406
4980
6223
1775
1131
2389
6893
1212
5753
2937
4650
4021
4053
186
5020
6531
2464
3302
4934
2647
5046
5265
7191
5432
801
5512
2285
2422
17
4451
7716
6912
2382
6053
1664
6430
2549
7054
71
344
6097
6934
6034
5070
5192
2580
1865
6765
1686
1065
4416
6293
3501
816
1493
266
5088
3087
3403
6555
1875
3527
7452
6636
437
6441
7613
7024
1993
1731
1389
2365
6542
1440
1757
627
7213
1984
1787
3312
2317
2265
5267
6083
5811
5192
2011
2961
668
4576
1122
2194
3853
5374
2916
5628
2470
3354
5208
2738
6996
4159
7856
7529
1920
125
2452
3327
2556
1227
6433
4463
4032
1732
5212
6859
3926
2023
2207
4255
983
578
7118
2864
47
3761
1154
3736
7461
1309
4083
5850
2754
6226
4395
3144
6304
6237
1396
5761
2710
293
5112
1326
5777
533
2315
521
4495
4511
6311
7458
7187
1446
6434
2435
3692
1973
3113
4340
1853
2955
683
2981
4361
3446
1820
7383
7230
3328
7752
2064
1267
4428
3615
1027
2728
1042
1882
7978
7303
2664
2769
6265
1387
268
2396
5230
7801
4524
2397
2813
1351
1454
6526
5897
1175
6913
929
6408
7317
12
217
3105
229
1335
7665
4896
6532
6036
7803
1080
3322
5878
282
3465
4598
2059
1154
2027
370
745
4889
871
5583
959
1428
5932
4152
5910
742
5839
1917
7571
5099
6456
6944
2453
5707
4726
6628
4708
7909
2743
171
3197
3334
3841
7887
4095
1557
7227
7989
7481
1330
1250
4454
7013
6755
6562
353
2067
2984
409
7550
7260
5723
1981
6150
472
1427
5339
4527
5214
3697
5675
7141
6054
3453
6048
6547
3802
5709
4177
5705
5964
4272
1032
137
358
3615
5218
606
4995
1917
1972
3631
6443
7257
4474
4598
5938
5903
113
2139
258
6814
3222
840
142
4905
847
5901
4598
7636
1364
5134
2061
4671
5946
3092
3467
3509
4306
7092
7695
653
6960
747
2840
2656
4893
1605
6723
2881
7145
1742
1505
2759
6822
6508
4766
5084
7098
7822
7691
3336
3153
5909
6587
1799
386
4290
1212
2210
2140
4704
5692
3862
5749
4837
4895
3118
5275
3973
3408
6959
5560
6296
6170
2046
1810
7428
4944
7055
178
2094
2899
1357
4380
748
1502
837
5707
4819
1084
293
5250
5029
6523
7766
6166
7059
4029
1838
1641
2766
4860
1376
5437
3770
7475
2495
3310
4102
7842
942
7563
5800
3786
518
7089
481
5976
6079
4310
2239
3916
172
4392
6453
2138
2768
2405
7756
4483
7567
1359
6793
6830
1995
7512
3879
2485
6168
1007
5361
5863
5233
815
7169
615
4501
1613
2461
7703
2390
4006
74
5060
3678
157
7210
2357
6863
3299
5985
777
2876
768
7796
612
6749
4650
5269
5483
3522
6750
1121
5382
3736
691
3310
2109
7175
7577
3621
406
1409
2461
7591
1525
7617
1189
1564
6372
7749
3035
3994
428
2486
3654
4866
2720
1329
7827
2753
6225
4770
534
1123
6983
4097
2185
1092
1159
6346
4883
1890
2798
711
2903
6756
3165
5946
5228
1623
384
637
5395
5709
7703
1877
3020
7775
1302
3562
7786
2185
1723
1216
1579
4366
2545
7994
4096
1668
7288
7476
946
2286
434
559
4254
7420
7507
4692
6863
4834
6806
5198
7916
6118
1228
2923
6307
1855
3801
3416
1764
6852
5654
400
6789
4456
652
5135
3215
3600
437
6691
15
6442
2188
7073
5651
3382
1963
194
2869
1867
3860
5911
4761
3159
3558
4259
7997
1509
2243
55
2808
5365
4502
5540
4226
6864
1922
3998
3950
6407
7893
7917
3959
7284
5235
1085
1516
7376
4200
3445
3069
5297
892
3410
1930
3507
2666
5850
5583
3393
5699
5702
4198
2640
172
4374
2560
7450
1280
3733
4811
1859
2655
7479
7813
111
4258
4352
4955
6813
2519
3944
5187
5318
616
4132
3560
5236
7809
90
1635
4454
1447
4879
4660
142
6494
3432
821
4601
5764
3103
3059
780
2193
3875
7777
4271
2431
5640
4555
1122
1404
1103
692
6986
472
2482
6849
6058
3155
525
7841
5061
1671
1201
6224
3499
380
8000
2533
1105
7722
28
5499
6000
6619
4995
1432
6434
2315
1100
7440
1259
5503
3813
6934
2896
7112
625
2910
360
795
975
5122
6026
7957
1280
6467
7215
3194
7700
3202
1671
3288
4005
7282
3292
4957
3233
3027
1905
1617
4547
6093
3818
3795
5183
2115
4540
5326
1376
2739
1809
2376
4793
4101
3605
3965
7010
4523
2117
4459
294
3562
6749
7637
3372
5923
1470
1722
1533
4134
6385
4166
7273
7733
5356
3728
7179
6489
5380
25
4486
329
2925
3426
7032
4509
110
1836
250
1200
4444
2026
3292
6281
3118
5281
4378
314
1996
841
7501
1893
279
7449
3864
3749
7536
7348
6990
5897
1551
3237
6000
6553
7938
375
7367
1820
2689
7474
1916
7291
22
1280
6742
4489
1751
6465
4007
1408
1199
3755
4992
5304
1864
5493
4437
3170
652
542
5131
271
3173
4784
1819
453
986
3527
4500
4680
4452
3081
5664
821
6419
7685
5451
2863
5665
3873
3387
2825
6315
7143
5028
6903
6484
2641
1686
2212
6535
2303
5221
6407
4932
382
4384
1281
1849
7894
6911
7666
1146
7306
5082
6602
3537
724
5833
6076
1990
1510
1935
3788
4605
7669
3494
5658
193
4442
5724
5023
3156
238
579
7541
4629
1180
613
701
4486
6770
857
5900
630
166
1254
5939
1916
5566
1903
6380
6154
1366
5198
163
3277
2131
5748
6558
3326
4792
4912
3637
4733
3496
3784
3821
1803
7456
2682
5268
1774
4393
4889
3796
6265
7203
675
4673
5478
102
1559
2361
1400
2628
259
526
3503
1908
7570
4096
5600
7956
5921
6229
2308
5077
7444
761
2808
4461
5555
5054
4688
1508
5926
1804
7222
7798
2041
1065
6655
3253
2340
6723
2829
7604
594
7054
6315
664
4399
3372
4144
6222
1375
4136
7799
6897
2714
1049
728
5718
2095
6859
1515
3795
7516
340
7482
710
497
2895
2140
4649
801
742
1927
1006
6292
5187
6246
1484
4670
4616
4235
7640
94
2411
7333
2377
130
2347
3648
2893
6821
1916
4004
3540
4742
59
3848
4733
1868
7834
6396
3934
3935
5586
489
63
7592
3636
360
2682
2559
3787
1563
6816
7577
6583
796
1277
1073
4035
7431
3258
2928
5030
7034
5556
494
1421
7426
4015
5245
5365
5463
4612
481
4731
4200
1580
2740
7208
7684
1701
6664
2474
2369
5476
1581
2442
6434
3227
643
2251
6887
5248
2584
5795
62
4466
3933
4650
5557
7194
1950
7849
6882
4113
6792
7572
5001
6583
3018
7257
4788
383
7245
3088
4975
7345
5845
7386
6673
5522
7233
6758
2576
7881
2799
4800
2471
6298
2401
3363
5517
5248
2900
7645
1921
4798
6136
1084
6688
6444
3689
7074
6536
5047
5827
7998
2976
2449
4322
3475
3921
6135
6344
5615
1647
2323
2518
1045
7033
27
4262
6285
5274
306
7849
5007
953
3825
5227
4453
1337
4693
5600
3557
3768
3332
5177
4847
7162
7382
2945
496
766
2902
3692
2502
3479
5457
5881
7785
4181
4505
7918
1511
4126
7760
4776
6974
5466
4795
6967
3547
4063
4204
7024
3045
3493
517
2752
2840
1947
5550
820
5541
178
854
1574
500
6696
7892
7382
3543
982
3033
7452
4220
7156
1259
3656
5921
6110
3492
5789
2695
4409
2757
5093
1670
4561
4342
4007
4837
7363
2715
3940
4621
2517
3523
7234
6980
2128
1266
5844
760
5694
4898
6166
6191
3606
260
780
2336
4895
3408
7716
1082
3639
4881
5444
5043
3468
2062
798
6052
3353
5071
3107
886
3147
6338
5988
2469
5439
4334
107
3562
5529
6173
7590
7687
3638
5841
3233
7617
1931
317
7544
952
2211
4765
858
2409
4454
1949
7190
619
4117
3565
3579
6521
4850
3765
4435
726
3341
1171
3576
7374
6935
4637
4812
4051
2252
1073
5636
6881
6453
4785
7249
2993
2802
7104
3041
4274
2282
7062
6188
5526
475
5743
2231
7499
1063
1153
44
3155
7240
3298
2879
3038
4046
1426
2298
1311
4376
5665
207
964
2080
1166
2253
7236
4502
1003
2221
7654
3275
6300
4015
1558
4739
3636
2166
1582
4786
5316
6392
5732
3398
7683
6268
7087
4748
2597
6939
383
1892
3212
4588
1785
1163
4240
5982
2227
357
724
730
1420
3449
4790
7247
7788
2909
7285
1119
1390
6819
7871
2009
2667
6885
2886
3887
4498
1854
1474
3191
7227
5839
2290
1751
4024
3156
2761
3716
4027
803
5628
7707
1863
2700
3894
6686
5584
1897
2395
4420
4254
5964
2725
6851
403
2965
3338
2648
2743
5711
6628
2963
3818
7455
4742
3320
2585
5978
5078
2497
371
4658
2634
3344
4212
3477
4875
6218
5352
2635
536
4786
5706
4364
343
1997
6338
4238
620
3916
2886
6342
4590
3237
5611
3408
6395
7063
6898
743
405
3761
8
4825
1469
1138
4062
7631
1495
1139
5857
2665
597
5012
2886
4497
500
2713
5610
1719
7074
6156
1727
2728
6114
2391
2268
7804
3992
4090
3771
4199
4977
5770
5376
5219
755
562
10
5569
5941
7992
5172
1588
6098
3917
7916
5414
7812
1892
4682
3997
7106
3487
3587
5341
4515
6580
6341
4128
3546
6206
1565
6428
3103
4603
254
801
4500
2150
4756
2155
6268
1
6407
4843
6558
4240
48
6737
6910
1934
1617
5547
6754
4864
1077
329
704
2906
6693
4018
4121
418
407
7448
3523
4330
4497
7073
4842
3780
7230
1615
4825
1799
1130
6453
7978
700
4260
4882
7423
6169
7758
7425
699
9
4972
4373
965
1440
7351
2708
5121
7336
3309
604
2765
5920
4118
6506
2145
882
4873
5353
2064
7830
5915
4963
3431
7533
7396
6640
1385
4215
2797
1461
1296
2883
2091
3254
3347
569
5871
939
6501
7098
1921
6632
6437
7007
6843
7138
2882
920
499
5400
1473
7886
1748
4258
3227
3644
5289
4839
3451
1782
5113
6898
2673
4426
2795
7758
558
5407
4603
1079
6853
6940
6856
2104
2429
7129
5833
526
7964
2951
204
2903
6615
3049
5917
1490
6807
642
4237
93
461
1034
3416
26
3890
545
5645
4161
7904
2784
3854
4861
6683
4092
347
1520
3224
7150
469
7138
4380
4859
5419
2219
5557
7175
4128
6141
302
633
7740
7843
4825
5136
3775
6212
2088
2997
203
2822
2269
2368
5124
3077
3960
208
7019
1
6937
4461
1436
5554
7208
6997
314
6328
4
5296
7509
2082
1271
941
690
3712
3098
6952
4283
5321
4605
6057
5325
4282
1436
6546
5982
4242
829
6588
3156
3172
2069
176
2723
2616
1672
613
6948
1834
6197
6973
4480
7186
2525
1075
1571
2005
3053
4042
1826
5117
3304
2541
5718
582
5446
81
6979
3239
98
3112
5781
2950
605
3733
1837
2266
4111
1647
3584
3618
2354
4017
4621
7711
6559
7497
4801
4052
1030
741
5557
3415
6796
6048
5181
4994
3056
1317
4908
6676
5971
2430
2909
2060
4163
598
6853
2941
5199
1360
4107
3676
5888
6543
5690
5711
327
4328
4916
5815
595
7349
2193
7438
7258
4082
5484
3950
682
1318
2884
6229
840
5625
1932
237
6928
4581
7827
616
6541
6992
856
5401
3197
3644
7690
7347
5669
6571
3766
6749
6147
3540
7320
340
1569
4665
6211
1892
278
518
2022
3715
7658
3553
3799
2870
361
2122
3712
5343
3493
3516
5102
3676
7167
4982
3787
6862
6104
995
2978
2560
5121
936
3555
1481
4138
316
4775
3111
7759
5400
6220
6756
3313
4454
532
3607
4818
4304
4806
2589
3769
2415
1569
7229
4943
1642
482
6103
6957
1446
6508
1487
6439
1520
6051
1675
1787
7254
509
6213
5179
1027
7061
2272
6413
24
3596
6359
6993
6922
7238
140
5133
6374
5950
6648
5171
6796
4433
3957
4342
4615
1357
1895
620
6205
2937
4045
937
6135
6134
4824
963
5556
853
4804
1726
1634
3281
2517
6619
6533
4499
752
1573
4884
2840
2189
1651
6556
3315
78
3100
1157
14
2777
3146
3193
1596
6544
2234
5685
4915
2756
2803
5378
560
4581
4477
3350
2737
536
7695
3792
5017
398
4938
3196
4566
1761
1148
7077
4819
2270
3008
339
4575
4724
5409
3073
4611
1877
1576
6275
1332
3699
5783
4535
725
7460
6411
1142
5025
5725
1473
1501
4533
6760
1043
7165
2901
3905
2982
5619
2937
3351
4547
213
5043
7589
6114
7012
5810
2212
3676
693
585
4649
6577
5334
2766
2703
2304
4974
5010
5708
3312
5458
6173
2552
4365
6908
2551
3258
42
351
1006
1440
5564
6620
6323
1626
7974
6891
1524
6591
3636
3569
3351
4926
7835
1139
1722
2373
6552
6935
6707
6028
5080
6290
3157
2854
1301
859
6907
4316
5793
4131
3392
4974
4526
6379
6204
292
4941
1551
4460
1701
6000
5510
6254
5893
7552
819
2703
1881
2858
2438
15
91
583
7946
860
1799
2830
3904
1683
5012
6788
6265
4186
5548
841
4364
228
7812
3595
2499
768
5984
4605
4593
4381
2389
6957
1076
1785
5153
6597
1630
4941
7616
3470
4867
7519
6534
4044
6133
1217
4083
4221
502
4115
3615
2636
4867
6302
3021
727
3905
4403
3163
1879
1850
2619
7585
1980
1025
4941
5820
6373
5197
309
1440
4925
195
184
2971
4427
5152
5457
4812
4956
7621
3003
2818
2069
2534
2911
3261
6223
1006
5386
1366
5129
3428
1503
5318
2280
4589
3028
308
3320
6373
2174
1692
7178
4781
2888
1851
4401
748
5413
6858
1105
3884
8
544
3458
2229
2909
3192
2147
6079
1454
4665
3923
1664
3891
1628
6932
149
2337
3172
473
146
5941
2130
2268
6918
6980
5971
908
4161
1986
4581
5865
2330
1509
6421
4721
2749
2382
140
7470
6167
4055
736
5862
2711
6806
4707
5364
2314
4777
289
4084
1572
1544
4535
5435
269
3644
3718
6061
4320
3567
6505
7987
6811
2471
4395
4852
6468
4526
4519
4658
5191
5784
1799
1915
1139
3753
1667
160
7992
1899
4105
3862
1011
4473
6362
7517
4866
2601
4714
4097
6296
1392
424
3323
6044
7635
7007
2261
6446
5076
4290
2246
2038
992
4510
1425
752
7920
3824
2079
6796
7586
5891
1854
3482
3224
4137
1984
17
1374
6987
3698
5780
5171
137
5514
3310
7728
6237
1207
1262
2289
105
5982
4872
4348
3349
6277
3915
1782
6283
6522
5325
7073
6663
1455
6281
2366
7987
2128
185
5129
6347
1806
2302
3845
7548
3368
3840
2829
5682
6845
5075
5908
2938
3712
1921
898
3135
3906
965
5791
3103
1177
6305
6672
5922
3777
5614
13
2218
1165
4022
1153
2210
6513
4884
5467
3196
1366
1341
1353
5600
1591
80
6293
2245
4219
6197
7295
806
3459
7462
7709
7942
6424
3166
4806
5087
446
1224
3598
2817
661
3027
1899
6788
4383
5901
1699
7059
3151
5365
7689
3318
6605
5598
2543
487
988
7616
6180
3904
7170
1899
4696
7676
4944
924
5929
3814
3744
1243
6398
7880
173
6564
2890
3846
2168
2667
7260
6645
3942
4956
7733
1831
4182
5056
2434
1211
413
5579
6362
5689
177
3648
5072
7641
1835
4620
3354
1811
5465
3018
1977
1722
153
3270
2552
7298
1489
2153
5522
1214
4902
5856
3004
6128
6829
941
7356
1558
941
7660
5658
790
3537
997
1304
2985
3202
5202
7949
1641
7302
5741
5526
5089
7252
6506
6907
7074
6660
936
4247
1251
3078
6387
3482
761
4397
6616
549
2887
1220
5570
4116
2345
103
599
6318
3953
330
5512
6352
7379
4640
3839
3050
7333
3048
5083
3776
55
3987
3842
5746
7805
2343
6888
3088
3263
6923
4333
127
335
6005
957
511
5741
5403
5978
3869
6325
7658
1710
2739
3065
6277
2052
6859
6195
4792
6475
5582
1477
3939
3819
1483
2597
5524
552
1929
404
7963
502
4902
6013
1143
6741
2528
7923
2387
7001
3882
7422
6322
2952
7815
1704
7778
7023
6906
5530
2728
4228
6828
4393
3250
4065
4909
1986
2130
2332
5687
7000
4457
324
7656
4845
5704
6028
7086
2437
2320
3815
1729
3704
4753
3903
2690
104
3874
6154
4500
1906
7935
6924
6835
6537
915
4901
7526
1709
5504
6404
3435
3161
2750
501
4173
2986
7311
5802
7821
394
411
2215
2169
375
3649
6083
643
5286
5353
7693
4272
7064
2239
286
1914
2901
1056
2176
3159
2701
7516
460
7328
6432
4110
7752
406
7648
2880
6633
2379
3719
5400
2039
2039
4893
6754
763
5045
7108
2675
1504
937
4140
1825
5294
780
2924
7486
4309
4699
1017
305
5867
6634
2891
963
2312
5149
6194
1371
6361
2121
1967
2860
3515
7334
7635
2536
7989
734
495
7032
6686
7441
3241
326
6629
6652
2544
3795
6879
4343
2704
6969
6880
4754
3652
3427
4701
3199
932
6882
4928
4476
4938
4170
7598
5798
494
6585
3056
2554
5693
6958
5224
5240
2997
6058
5173
176
4660
4040
1467
7435
1320
2037
4113
5244
5647
4577
1135
1247
756
5770
7490
7809
7677
6811
6698
7882
7921
6184
2614
7307
1140
4324
956
1457
2355
4943
4693
7343
1202
4300
5955
1988
7797
1277
1557
4065
5010
2059
7582
5473
7510
3963
4350
3602
7638
6696
325
742
6261
1042
1973
1539
7825
4113
4718
4442
6952
3975
2635
86
2584
3728
4160
1286
7749
7188
5952
940
1303
7467
2045
44
6515
5449
1789
6797
4730
5923
3662
7681
849
2711
7611
5556
2138
5199
6231
5169
2611
5638
4737
2585
5273
7300
2151
7104
6132
3803
1706
839
2691
690
2074
575
5843
5950
594
554
2604
2238
2844
7092
1888
6728
4465
5874
4936
6025
86
7127
3341
3184
3762
2723
136
6109
5937
7316
5206
5956
4592
1009
5888
2754
7543
5777
3032
4603
995
7260
7175
3901
6484
4780
430
86
5284
5375
7383
5206
855
942
7853
3330
3245
2317
3147
7425
3820
4309
608
1076
4591
3194
6007
456
4227
6100
7579
6710
5666
790
4860
3785
7231
7565
6639
1129
2697
2849
2234
5241
5101
6401
3269
4755
818
6240
7707
2544
7291
5045
7525
1548
629
493
5421
5731
2096
7421
4716
495
2417
5744
3759
3182
7555
762
3765
5334
1934
1053
7336
2691
3948
1149
7942
1260
1191
5140
4202
87
7461
2409
323
4069
5049
5658
5041
4562
5053
5731
4379
1711
7000
1763
6476
1142
2727
1950
7274
4949
2464
2379
7642
945
5910
5010
845
505
2019
1028
97
4336
2453
4046
3887
4105
7943
2266
2005
5500
3506
4844
5864
6201
6838
3895
4888
1515
6559
3583
964
5508
4662
4584
5616
1692
718
4887
2546
2172
1470
5399
4564
2072
2495
6503
4895
3867
5327
2936
2871
2397
5380
3719
2520
2191
4368
1526
1177
3064
993
2102
6200
1535
6090
1149
3611
2660
6254
2721
6110
433
3176
3413
2807
2180
4394
334
1901
3189
3368
2898
2217
4937
5592
2309
1978
3020
6410
2044
1206
1723
6192
7607
5777
3970
3920
2926
2811
4082
6620
1591
292
2757
1582
678
3457
4511
6953
6104
4938
4927
7122
122
7195
2435
4673
3405
5696
3171
4552
4750
4592
6453
297
312
6602
7174
7915
1232
4795
3598
5406
5214
4144
4433
2299
3911
2228
1168
404
2310
647
6466
5688
530
5886
7865
6196
1961
2615
3984
5577
7062
4077
5718
5317
2250
593
3603
2033
2621
7657
7591
748
1893
4256
190
4481
6356
248
2516
442
366
1861
831
7553
189
717
2891
1172
5115
5277
3986
3918
7757
1428
4107
5478
6924
6873
6128
6373
14
2621
7758
5646
3917
4718
1820
483
3499
1413
5569
1634
6869
6482
1458
798
4086
3106
3271
6576
6892
7790
7461
7234
7334
7453
7370
4458
4587
1162
7836
3721
7469
6189
4283
715
1418
3319
6922
6408
6490
4754
882
4627
3428
5561
1740
6318
3144
442
150
6263
5585
226
5730
5920
3719
7284
2580
2544
6889
610
508
3951
555
3741
841
5353
3475
5415
1411
5417
5096
1546
2178
7420
4319
7235
3991
5848
7395
7397
3678
1989
1466
5603
3943
4272
6853
2460
6715
83
2678
2031
1476
7856
3817
3843
3559
889
1415
187
1055
3404
2465
3678
7539
7701
2092
222
5833
5691
5389
2463
5296
5917
1751
3518
6316
2258
1280
3122
6215
7063
6763
4884
4246
7691
7313
6205
274
4260
1795
5295
6822
6016
1910
5458
2609
7973
4627
7143
1573
6506
6383
5706
4198
3874
7216
711
4230
3518
2550
4644
6119
3366
6466
767
3877
7929
7394
449
3654
2422
7325
6119
2757
7774
1704
3839
787
5185
2309
5690
2690
3474
6081
2402
3709
7144
1284
1264
3362
5558
3802
5106
5371
2752
993
2857
2331
748
2646
2449
7759
7024
747
2716
3113
6110
1199
5494
2980
3694
185
1320
3688
3672
3505
4517
3855
2026
7660
493
7721
2575
3318
7658
1817
7260
1811
7637
616
5703
7762
4098
4986
2804
6493
2753
293
5148
4248
6327
6242
433
285
2058
3028
1251
6741
5179
7564
5089
2241
3628
2560
6090
835
5131
1657
1894
3968
4318
6899
3331
2352
4487
2974
4755
5036
5783
378
7495
3058
5942
147
4477
3802
2920
3309
1063
4091
6353
46
5835
286
929
1880
5185
4012
1619
7787
6932
1549
4361
4144
4446
7382
277
6331
587
7980
6300
1102
6535
7441
2466
1541
1483
911
3468
3743
7623
2314
2219
7536
7073
7325
2713
5991
3397
7519
5205
5230
6183
276
4998
326
7980
2458
189
5562
5205
6068
240
2193
3166
7182
55
3827
5239
1303
3897
4820
7395
5106
1427
4833
6550
5111
3311
1875
3892
5846
5852
2734
4047
1084
6471
3644
7765
368
3699
5944
4294
6792
1637
7148
3890
6195
7172
4615
2044
4270
5169
2186
7375
3142
3394
7266
4225
7900
188
2239
6812
3562
7927
3146
4954
4748
2852
6129
7808
4539
4759
1223
4637
6046
4685
2268
3031
6757
4424
2890
5270
2537
4195
4630
6422
3099
5712
4108
7511
3779
3658
4736
4297
3825
3182
2315
4712
2383
6043
2734
8000
429
1615
6616
948
3087
6352
1069
5738
4180
121
7049
5880
4663
3408
1905
5170
1814
7580
1197
3444
1230
929
7791
3791
3962
2441
7717
3123
4735
3106
2139
5874
3053
3888
7336
1117
605
710
1812
6442
5864
5504
5489
2852
1342
5558
979
5582
3024
7661
3222
7599
2215
7996
689
438
2156
6053
2437
1106
5940
6506
3102
4278
7342
4394
747
2161
1616
1345
3501
2157
5258
1631
6447
799
1129
1783
3422
6811
3790
7958
2912
5834
659
3949
4930
772
4703
6593
2393
1540
4691
5662
1817
3168
143
7723
197
1227
7868
3973
367
311
5592
4308
3850
3479
4191
7617
465
4368
7189
2031
3554
4627
3712
240
5088
298
3684
3427
2924
7533
3839
4508
3017
2859
1461
7591
4845
460
3952
4808
2898
2086
7839
3619
1098
158
5432
7301
1100
1695
387
5638
902
3964
3620
2291
5259
3584
3743
4090
7000
5510
4371
426
5260
1591
6636
2953
3770
2161
4340
5199
6161
2340
620
6275
6845
4319
1103
6558
173
5494
7060
7070
3491
2496
7213
4090
7395
5971
4782
206
168
4301
616
4294
7470
1445
2153
7246
6129
1335
1134
395
6398
2495
7464
416
6316
107
5202
3601
102
7632
6641
5534
1406
3774
1992
7471
6216
369
5207
5078
7151
3899
6600
1636
5433
5440
7637
2091
5954
2034
2423
5835
1081
4352
5707
435
3655
2083
6692
6891
1044
1194
7138
2257
678
3753
3601
591
5879
7898
5254
6119
7579
4861
7166
5504
2127
7783
3383
6985
4690
3505
3736
4328
3970
5557
4453
6693
7322
7925
6769
7238
7833
6641
6379
7869
2957
1901
1914
7065
4738
7818
6390
6651
7142
5996
53
3996
6096
5307
7387
592
2008
7976
7419
4830
4422
5200
4759
1962
6870
5782
1752
7228
4414
1708
4238
7315
6884
2450
4703
3065
3204
1748
3612
2932
914
7966
43
5976
2053
3783
1797
1532
7336
4976
7320
1788
7392
7170
3915
2456
7663
3187
1038
4687
687
3696
6178
6504
1649
7626
2215
6885
3109
5450
4014
1822
4533
1738
5842
7018
2808
3274
457
7593
7056
1822
3635
4169
4260
1938
5050
1842
93
887
741
1029
6592
6292
4158
5600
7057
7048
1111
3466
1659
3993
1560
4425
2413
75
7957
907
1284
5141
6930
277
6361
3232
7894
2018
3958
369
6797
7067
6261
317
4966
6063
1856
6420
1800
2632
6475
1094
6608
3602
1105
4305
7243
2853
5936
834
7599
2933
2880
54
7023
1015
2267
7838
6079
6104
4940
83
4110
6790
3918
232
4588
4279
4511
4596
109
7477
7908
2197
2436
4780
2225
861
4759
196
4945
6480
3507
1877
1281
4232
2321
1788
3742
925
3766
5447
5525
1570
1691
1901
1389
6201
3836
2309
2800
1951
7641
19
4032
4381
1613
5014
4449
5118
4067
4368
4882
5180
4563
7359
2813
2805
3498
5991
3478
2148
5874
4433
1912
4467
1343
4636
852
2376
1507
56
1286
7259
5554
2489
2564
48
3730
6551
7352
6402
2834
41
7584
1162
3225
4229
4312
6627
5005
5086
7656
2516
4044
6770
703
2591
2423
4905
3777
689
6684
2853
4841
3765
7194
3934
6783
4320
4048
2756
7272
6160
6978
5436
1614
5610
4017
4573
3056
725
118
6725
3577
124
7239
7709
5819
1543
2718
3432
3252
6095
4005
2980
6944
6306
5029
5395
2144
7770
7043
2962
491
3742
4140
4854
5898
945
990
5688
5743
2347
1390
5120
6322
7563
4210
6002
7115
2432
5654
3197
2962
7459
271
135
4624
1908
4829
2837
6027
1459
3811
6207
5083
1850
6831
5135
2351
4316
6412
6613
650
762
888
2600
3937
2687
2818
7648
6790
5242
7129
7565
1026
2792
973
4149
7090
6366
1143
3550
1984
7266
4287
732
353
744
7680
2275
3656
1513
2511
1765
532
1070
6623
568
1278
6799
2292
6216
5104
3661
5279
3491
3386
4054
5554
4090
6416
3658
3592
3811
3424
4893
4850
5758
5543
6351
5603
6355
20
6392
7061
3551
3853
3123
5595
7803
6089
213
5559
7914
7890
6808
2309
6661
4569
5997
6653
7269
4743
91
348
2084
5782
5074
1350
1985
3321
871
6019
6331
6343
3166
5236
3265
2828
1745
6903
6435
7947
4884
4828
2153
1306
4156
4862
7810
4362
3177
7322
2429
3439
5618
1065
5558
1695
6235
7972
4064
255
3159
720
5204
4156
7783
6272
6948
5953
6148
340
759
4447
4547
7559
2170
1995
7689
4803
707
38
225
3099
5210
6088
1272
7453
402
3136
7394
5069
2950
374
617
3403
2308
3100
3891
5360
5068
7399
3465
5274
627
1081
2003
3798
7947
2217
4969
4354
5826
328
7557
2524
6867
5310
2788
145
6090
6179
7672
1887
1422
2362
2777
2587
629
65
5171
5511
7813
4532
4453
4332
4293
2515
1364
6323
3518
1083
3105
2400
3452
5735
681
6205
4130
5010
634
1416
5350
1443
4560
7367
6805
603
7432
2090
4817
3606
4534
121
6110
2115
4336
5864
680
4988
1157
4659
1689
4214
5987
3818
3689
7802
2945
7521
7703
7538
7912
2561
6804
1440
7678
241
2386
5841
5842
6230
6444
4513
7491
7073
2165
2392
2488
6902
5219
869
575
4728
1573
6936
2756
5875
2273
5528
3843
4213
747
4121
3829
7793
4955
6054
4322
5224
6009
3333
77
6937
3007
5614
5744
1202
7181
2918
7600
420
5470
6343
658
919
1552
2900
2615
1401
7604
6681
6023
4307
3472
5667
793
466
5128
2561
973
1106
7091
1135
2218
2506
6643
3447
3658
4801
4036
147
6803
6276
3111
5451
363
6891
2695
2966
1825
954
3554
3708
4997
7175
6204
4195
7795
4427
7455
44
4035
4257
5914
7699
4593
7952
1617
4821
7050
4563
6801
5505
6507
6950
3716
7254
1258
860
1785
7592
7457
146
6680
341
1889
5217
7973
7477
2506
1000
6274
6419
5878
2540
6293
4579
7963
1938
17
4335
7674
2665
1553
4155
2134
7797
6429
5944
2243
5260
1833
4090
4670
4107
4682
4519
1819
90
7252
3697
174
659
296
1531
4499
4237
7460
7631
4973
4879
3033
5365
6198
3801
1101
1111
571
7337
6584
5217
2479
4140
3930
5063
3742
6650
5350
3287
277
7492
2442
817
6171
851
6573
2750
4676
1773
7456
3020
7607
4266
5859
2399
1985
7684
5433
5679
6386
4292
2125
434
7949
2817
5186
243
18
677
6027
1373
7819
6809
897
6862
3581
6132
3360
7902
4185
3727
1241
7754
7975
6510
4621
6549
4798
674
727
719
7137
6875
5386
2872
6170
6413
7977
3452
4689
7314
4975
5389
7380
2230
6726
120
3315
7335
4688
5720
360
7139
1512
1631
544
2940
3455
5323
674
6628
6429
7303
6974
3443
4501
1993
1888
6658
7289
585
7624
7410
5016
5645
4502
7308
3484
3843
1929
4047
7223
2984
169
4973
3228
7069
1526
7391
6490
6182
1814
5681
4506
608
147
457
2314
4582
6663
1388
315
4192
7052
1351
4761
4322
2033
4217
7321
6860
4191
1639
3994
7628
4740
6495
4070
5713
7687
7165
1669
2869
1678
1778
5083
1526
3921
1679
2665
6277
2272
1771
4648
31
262
4465
4972
5671
4586
2143
5553
1098
4042
4816
3209
6893
1384
7627
4822
6418
2419
3427
7237
7557
2412
2425
7355
1267
3432
5004
6105
5939
3053
1103
1836
6352
6392
102
