2063
1396
6922
2064
1899
2351
360
2976
5000
7399
7607
4510
7070
5342
733
1599
3117
5871
3483
5754
1332
1568
3360
6471
5216
250
5930
6583
7685
381
5316
1485
1504
3581
2163
4881
7359
7879
3798
3741
1427
3680
3396
7344
2221
5534
5483
3063
708
2754
6015
212
7722
6404
3554
709
5978
4869
5749
5200
4219
5369
6669
19
3865
4429
298
4386
5888
1123
149
2446
3306
3384
5233
436
6575
4513
3958
5560
8
5867
7040
2215
7795
7109
6628
2220
7290
5109
7377
2490
727
5363
5891
4315
2449
4253
4236
4880
4893
1465
3399
3905
5918
4662
5935
6844
6843
6522
7611
85
1396
1036
1658
4113
2514
4807
3012
4042
1926
5957
2486
2263
2528
2393
3827
6417
4563
7290
5077
5076
3886
4158
4805
5547
6525
759
6781
2238
7637
7083
7295
7164
2877
5557
2740
2209
374
4204
1040
1897
32
321
1457
1801
2980
6958
6545
5910
6845
587
7036
5825
2966
7842
3178
2976
2035
3483
5408
1186
7680
3805
4684
5752
7516
2370
1724
238
3419
1164
3493
2923
5957
6817
3731
7658
1639
5758
7123
2984
3134
3391
1739
7446
5724
7963
5221
7136
3827
546
2529
335
3472
4576
787
2481
6715
640
4431
7132
5520
1173
453
4612
6150
6703
5842
4349
4377
2926
7134
3904
1351
524
1267
5857
5308
290
4116
5211
4718
4588
6434
102
6533
3904
4038
3196
3987
1652
1869
7133
7835
4901
1931
3244
3142
6160
3896
1490
5475
135
1043
302
6607
7150
4635
4326
2782
2122
4402
1294
4840
6563
2923
804
7916
4652
566
6870
178
425
3397
3089
6426
2665
1205
737
1564
3734
4777
4279
5132
4605
3536
651
3043
5562
345
3255
5194
1645
1435
5763
6230
1858
7076
3868
3547
1782
5997
6811
2060
371
5027
3744
3617
7142
4338
591
6906
7537
2946
1526
5693
116
4245
2918
3263
5950
3301
3400
1273
6480
3576
3358
6235
1270
3281
6991
7541
6385
7098
2086
2301
7393
1706
2669
4823
7518
3482
6993
4649
2906
6627
5936
7143
6364
5065
1376
2796
6656
5830
464
4007
4627
3061
3589
5114
3414
5822
6706
4009
5835
6580
413
3183
7040
5397
6338
6438
5557
7993
1741
7659
7205
262
5547
6383
4567
1212
1645
2883
7523
301
263
4394
1298
2961
3727
1780
968
4075
4762
4955
246
3328
6201
3432
5642
6198
1449
7552
17
1920
7042
7119
5300
3202
2657
6134
6518
2021
915
1475
2618
6141
4667
2259
1741
6309
4484
7144
4006
3413
6346
2589
7740
5122
7140
558
7128
6882
4214
3648
2566
6287
2618
5616
800
3787
5245
5355
7078
820
6378
1209
7310
1433
4135
5598
4479
4716
1429
7762
2556
1568
7189
10
3444
3930
5624
3779
7491
7060
6678
3732
3280
6463
6059
5448
5505
6182
2052
254
103
2893
2053
3483
6149
5046
7006
4695
5586
1975
213
5657
6496
6155
6753
5641
5357
6243
3773
404
7171
7060
2226
3064
3528
3897
186
7004
4553
3133
5739
4938
6039
4310
1610
2691
4074
1274
5421
990
1720
7032
1309
453
1968
3389
6992
6052
3583
1892
3831
2059
3138
4728
585
2450
4957
1695
6042
3935
625
5863
7095
5685
7667
2519
3221
2856
1620
4466
7375
6360
7558
4543
6955
6529
573
4952
7438
5561
1958
7099
2417
6732
1349
2211
2788
7851
5532
4258
5552
5342
5126
1379
4740
3630
5532
7952
604
7454
2323
3731
2249
2677
2055
987
4901
1229
4257
3042
2529
2748
238
363
2498
7798
6769
483
1368
4561
6490
2231
485
5431
7798
1518
866
4756
54
2830
6435
5398
4090
58
201
3742
6946
4796
3471
223
620
7320
2879
1494
4144
3254
1132
1219
181
5951
3023
4789
522
4971
3569
3180
5394
1001
6659
1999
7181
6431
7948
7538
454
6173
2590
4046
5712
7079
2114
2101
150
6775
4749
6642
1201
7420
6904
6754
543
3698
5491
3709
2477
2670
5935
2677
5281
449
1957
5247
7851
4979
7946
5560
1987
5022
125
1143
1214
741
6623
5051
4132
5428
561
7008
6311
6363
4449
1828
6143
1736
219
5186
5138
7507
2492
2303
1287
4036
6591
6541
7277
7770
4608
4385
1126
5046
1055
5780
6985
385
988
177
4415
2067
4015
3215
7452
65
4596
71
2857
473
240
1535
15
2499
1198
2584
5752
1651
6372
4486
1338
2353
6546
2444
7958
2489
764
677
2472
1183
6379
7862
6428
6052
4538
3592
6711
6744
2602
5220
1450
6446
6649
1158
6782
7943
7537
4823
540
2280
1889
5121
3330
3915
2610
5758
6766
2464
674
2093
1069
521
1354
6123
4758
4209
5354
822
978
4420
7051
1550
3791
2592
5422
5895
2451
267
5284
7108
131
1969
7461
1251
219
2248
1110
7373
248
6013
1225
4110
4716
6852
2146
332
664
5640
3338
6816
3480
5704
567
3153
7402
3761
3668
6507
3127
5710
6077
1685
5447
7885
6280
1156
1531
6841
5025
7714
6901
403
85
1901
4274
5246
5092
1852
7977
6295
3731
412
614
5100
6528
1404
1245
5556
6936
4934
1104
733
5494
3992
5126
7386
3583
7401
6718
110
1054
617
6878
6968
1281
1449
1146
2726
4727
6468
2624
1237
1058
4233
6525
6893
10
5043
4915
2930
1034
4928
5955
4639
7780
1867
2812
3016
2096
7229
4511
6375
1409
7684
2438
2894
4999
1584
4828
2414
6454
7165
790
1541
212
885
7580
4640
1575
6732
6419
2512
4185
6636
3820
2920
6886
5296
699
3315
3464
1326
6676
4485
6516
2643
3505
1588
5862
7881
1359
5839
1266
3551
4345
7004
6416
6441
2138
230
1141
3800
6918
136
2394
1691
4217
470
2073
2046
7126
3433
1821
3509
4471
5794
7969
2620
4429
4314
4057
7207
6240
3774
5537
368
1643
7623
4762
494
2992
584
5901
4538
3303
4664
3082
3780
4188
4468
1174
7542
6655
3303
5167
1138
839
3132
1560
3959
4537
5046
4286
6950
3723
6135
3151
7689
7265
6841
5241
944
480
3872
4106
3150
2051
6217
5793
5217
3052
6147
5866
4162
6531
2732
682
2670
5565
4008
3158
5420
6121
4988
341
1040
355
7771
5220
6295
6710
2037
4909
518
6150
5390
5993
6262
6371
2392
7824
1178
1815
3048
5860
5617
6057
7052
279
4136
2503
7300
5462
4729
969
3393
1935
5292
6249
5124
5839
3304
749
3814
1928
514
7395
2841
2703
3151
6744
2493
5869
6384
1279
7778
137
4309
3186
290
1728
5221
6106
31
6936
6523
5273
8000
1590
3963
6702
4879
2549
7437
5414
5687
5895
337
3540
4926
97
5431
5660
1386
3309
1320
5610
742
5164
5242
520
2510
1195
4480
4729
2013
551
1484
4316
2597
4045
5943
1677
2264
4769
2842
6811
7099
5527
6373
6828
1285
3573
5590
3339
5142
7664
3008
1833
6043
5896
3864
1649
5816
2280
1842
6602
7776
4776
2814
5885
5140
78
6713
3135
3323
492
987
6578
1528
3883
7830
6522
7994
1628
2127
3770
6052
6213
4640
2565
4718
7981
5675
3173
3841
109
875
439
3256
4700
2622
4032
4476
2463
6767
5197
1067
6640
4444
2526
1608
508
2689
6795
4843
6413
5530
3770
3513
5514
5497
6407
6299
1175
4436
3705
47
7387
2060
3122
3303
2977
1927
758
4793
970
6318
4772
46
2645
5495
2530
1556
5453
4659
4490
1947
7172
130
7876
826
4328
427
4048
4317
3261
6886
3899
8000
3144
474
4300
1458
3298
7569
1620
1209
4305
4439
3599
5886
1077
5433
7119
1250
2866
7826
32
2833
7871
1663
6328
620
1151
915
2118
183
4351
7632
5692
6797
3420
258
5422
6510
585
3442
1813
1612
3357
3238
7332
7123
3351
2551
3877
143
3117
1110
7438
7664
1885
6780
3708
1421
7591
2610
1905
1804
4587
7807
6487
5754
3090
7737
6792
3987
3259
1852
7289
2631
5572
1998
1927
2548
4538
2987
3324
6345
3934
6532
376
4526
5325
2730
6845
5782
4201
3992
6438
217
1207
1638
6019
7184
7348
7676
1522
484
1382
5541
7905
5982
7569
2587
7985
6504
5001
4990
777
4467
4699
4824
4403
2553
5271
3556
3806
5125
5219
2578
1190
2257
6766
3900
3290
2999
1755
7912
1127
1954
1496
4266
798
6673
5647
7972
4326
2251
4653
6028
4804
4431
8
3982
5944
2562
226
7098
2164
4193
4480
4605
6419
4338
6784
4496
6284
2563
324
80
2877
5806
3824
6931
4201
3695
3193
3187
3978
267
6146
5479
5267
3229
6088
6924
6973
3407
3265
4088
1928
27
3562
1141
2313
6057
4580
4722
7264
945
4115
2898
4525
138
2106
1188
4722
4054
5708
7900
3459
4788
5590
1615
5198
4774
7975
1893
3013
7845
6627
2616
5058
6356
3028
1013
572
681
6281
1626
275
6286
7102
3808
2375
4807
635
3954
1601
6339
3262
70
4393
3797
2915
1496
2839
277
7146
3329
1884
2289
2309
106
2093
587
238
6917
5612
2060
3815
5554
275
4314
7009
5992
2643
768
5915
3728
6943
599
464
5990
964
993
6348
2588
2402
6430
3273
3520
7437
4964
2585
5800
495
4392
5913
6388
1859
2768
1585
2043
1551
3916
5818
6293
1302
6150
3024
6257
6027
7523
4795
6618
1778
6369
3716
476
6012
206
564
3342
906
623
2602
6452
2990
3584
5575
3103
4931
2473
5547
3688
1305
3832
1464
6050
5016
1118
3077
1243
2365
2288
122
1746
5707
441
1863
5375
4518
2508
774
6794
7521
2486
7519
4686
4766
5499
4449
236
5208
7406
3860
1075
2479
5730
2384
1797
1510
7782
2486
4601
5931
1003
4189
3662
1939
7186
2218
3597
1346
4524
6229
5091
6917
1211
1373
1955
3832
7038
5942
7813
227
234
5406
5981
2956
5610
1009
5733
6544
4836
6498
3547
1813
6536
1520
3762
6280
999
5831
2225
6997
1633
4494
6082
4081
2946
284
5873
7837
5642
6162
812
6347
3320
3375
2313
1061
1709
7584
4780
2069
5053
2249
2025
793
6305
4524
5985
7001
3102
4354
2261
7708
5367
7144
1322
971
2322
4723
2885
786
1917
1858
6097
5642
1897
3396
1959
4559
4112
3173
2127
7117
7343
7684
1552
6178
3751
6511
6044
6753
2331
691
7927
1300
3244
2477
7284
1481
4472
2898
4948
4245
1953
3784
2976
1531
2467
5335
6053
2958
1681
1407
3175
4006
2823
7418
2675
352
5848
5052
1684
1205
7357
5613
2447
2699
2174
3402
5930
6166
4963
1811
7808
5389
2869
7322
5686
4021
3339
3545
7651
2436
4028
3298
7625
5711
1118
6410
2548
7315
6947
1306
1786
5914
783
7788
4181
4830
3663
5503
7246
229
1110
5629
5003
3781
1656
1421
4788
4997
2388
650
6161
93
3279
1141
2010
5490
492
6956
5883
7542
7629
7510
7131
2299
3400
3037
4452
2687
6616
2523
1428
1946
4403
5690
1284
6503
7429
367
1506
1327
4762
3665
6365
7791
76
5254
1380
3829
7143
2139
3394
2496
7322
2551
6280
6131
3528
7543
4212
1133
751
2789
1780
2658
380
984
6342
5611
3428
4067
6420
4543
7147
2777
7665
2869
3132
5134
171
5356
2938
1197
2710
1862
4438
1352
4681
6618
5737
3939
2072
5523
7592
7676
2101
375
5825
2333
1658
568
7771
4997
698
1634
6787
6593
7184
2858
2960
2965
3155
7222
3178
234
1463
527
3739
811
1221
5844
1549
3263
2405
2500
2461
292
460
5768
7870
5075
6489
6574
1341
5803
3431
3514
658
1040
4040
3924
4750
5230
4132
6721
7605
578
6603
4613
7514
4988
4879
2458
3531
3487
490
3250
1530
3485
6217
5320
7127
3565
2066
4261
6602
4901
7366
1467
4510
690
6437
6753
5845
1391
3823
7268
1664
4803
2457
861
7432
6009
2835
6454
1650
2666
1056
7031
2386
4255
3577
4046
2925
972
2888
4991
2213
6814
1714
6825
5117
5435
6308
5527
3024
6947
1407
5789
1015
5315
110
6284
1176
827
1917
4989
2640
2440
642
2813
903
5286
6595
2824
6753
714
6002
2322
2993
7129
3278
1666
7726
6611
6378
5267
5773
298
6780
7146
1750
6423
5153
2049
1906
5426
7911
2367
2283
4084
2376
604
7551
2751
1621
476
5208
5905
7513
7104
5675
6480
442
2764
4262
188
3581
154
4517
6232
7567
4821
1221
1645
5857
6460
6913
6067
6249
2374
216
1487
3044
3244
3361
4840
2715
1414
352
7398
6819
7439
4647
6086
6069
7703
6374
7882
3902
3404
3175
7540
4877
1108
1152
5091
7854
1782
431
2684
4823
7366
6341
7206
522
7764
6328
6383
3239
1234
2623
3234
3604
4005
1121
4991
2185
2019
6253
3760
92
1357
5264
3512
1762
102
5601
4440
4150
3316
7239
400
2752
853
3230
5465
1985
5564
4645
4690
3122
3390
3682
1886
3471
2166
5162
5370
6867
4208
7847
5863
3726
4953
494
5609
4103
4267
5852
2603
3634
4552
7235
7091
976
7837
4701
5889
5912
883
7089
7501
5422
1275
2382
4874
2113
3740
5832
1021
6245
894
6183
3124
4135
1071
375
5280
4805
7606
6048
5969
485
2889
5130
7556
4381
401
490
4754
6125
5649
3216
1301
57
6565
110
3614
4255
637
5644
7193
2417
1646
2255
6078
7029
7549
1867
2362
1332
818
7036
2890
3343
5330
2535
7370
5281
5853
5074
86
4650
1027
1634
1478
1281
4028
3239
5502
2523
4931
2775
1060
7812
7406
6230
7015
2280
5257
6754
4815
1666
463
4708
7520
1260
2629
5614
4270
3143
6292
1573
37
3821
2789
4890
6186
37
7064
7500
187
5739
7182
2605
7475
4524
7417
7793
3136
6733
5471
1922
1498
2602
6761
6803
4731
2407
3657
1571
5208
2669
7285
621
14
7971
650
7757
4380
5983
2748
2863
2600
6596
4726
7959
1371
1015
4370
2887
2432
1333
381
772
3840
2586
7962
4953
3053
6419
1526
1189
6673
831
5345
7001
2110
1184
5482
7218
1254
5051
3409
4293
1750
5564
5514
6265
1666
2288
1753
860
2740
3962
6184
1221
6649
3646
4490
7999
1234
7404
7844
3122
7373
5985
1291
842
637
4288
7552
1677
4785
728
852
4330
4408
937
7849
1267
3297
3741
7032
3396
672
989
5290
3861
1196
2523
6558
3203
7322
2819
7043
228
3200
3047
1459
2224
4412
4472
6092
7258
2001
1464
7202
6167
7205
1378
40
4447
416
6627
7696
957
7407
5389
1791
3193
5715
4097
3092
4105
1472
382
219
1516
6431
7631
6414
656
872
5939
3483
2052
7820
3102
4628
5289
7534
4566
5083
1623
5101
4890
3465
2176
844
5599
75
7621
4281
2535
4873
5255
2846
7251
1437
1087
2063
5787
7736
5974
6476
1321
7648
1258
5318
3550
946
1473
6079
4571
7754
7207
5464
1813
3869
3205
1410
5439
3045
2826
4168
503
5116
2796
1072
4672
6979
916
5763
6628
1980
7726
3776
690
6128
533
4314
816
4520
4653
1567
7920
4557
2087
2419
2851
5128
7617
7404
5686
844
6660
4259
4204
1068
1833
5213
229
5425
1905
3588
3551
6126
7092
2471
6529
3734
5441
3409
3242
6146
6291
1126
4687
7174
1928
2210
4379
5411
6908
4139
276
1174
2053
5724
7646
3778
7358
4074
7205
5008
3916
6321
5435
6484
4477
7297
7170
2475
7262
5743
2583
1255
5630
4858
5748
4429
4125
6712
2064
5341
1364
3262
4990
5313
3642
5334
5611
691
5042
7449
7247
5563
5573
4214
3389
2132
3828
81
6608
2971
4962
1560
743
962
4518
3714
3570
5369
4946
7421
7540
5841
2736
7726
5505
6835
1833
5672
1066
6259
4279
519
1714
354
1580
6880
314
2971
4453
1809
5152
1141
2398
1172
5767
5653
1736
4957
4280
6013
460
5876
661
4715
4177
3837
6154
3158
3528
5560
4682
6232
1565
2624
1506
1627
410
1412
5897
4758
5184
2604
402
1610
6979
44
3601
4147
2662
1423
4276
5269
5607
4661
4337
4378
1064
7137
7364
5317
1183
6450
2614
5171
7901
3537
5284
533
7206
4527
6890
5049
1125
6376
2004
7632
1567
6459
7701
7527
6053
1560
3690
2668
2341
3875
3787
4151
7553
5875
2821
2994
2567
3308
4226
680
5439
6329
4255
6917
7279
2268
4753
1406
1875
1822
831
1498
6334
3604
104
3095
3937
7433
6017
4956
1573
2470
7969
5562
618
4378
2795
1612
4131
1932
3040
7095
3525
1854
3209
3649
6857
7403
1799
6794
5749
1080
4819
3044
1241
4138
1887
1138
3999
844
7597
3687
727
893
5145
1744
3546
5695
3803
2229
7095
3744
506
220
6969
6035
2023
6754
2143
7021
505
6622
2333
20
601
6879
3383
5031
2873
350
2275
1354
191
4302
1320
2342
1736
5579
1074
1995
7044
1580
7326
3174
5631
6325
3499
1203
3324
6537
7201
6293
576
2245
942
4505
2077
2254
4129
603
7740
1036
2605
6308
378
2315
6931
2688
1062
3221
7001
7364
6442
3502
5040
4014
4034
1728
373
3802
1818
3712
3814
2856
7488
402
2923
7606
4366
5443
7480
6783
1632
2672
2524
371
566
6688
1103
2809
6308
1861
5513
2335
6213
4232
6058
2660
3981
4530
1499
24
6724
7210
6093
7695
6913
3447
5236
2107
3806
5470
4381
1585
6976
7275
6510
3072
1366
919
4236
4557
5892
2837
4067
3142
1289
8000
6551
7864
5146
3423
3607
4997
4680
1819
5022
3325
6524
2079
4382
3566
1722
6569
6847
4029
2543
3169
3511
2621
2756
4928
4529
2879
1643
1311
2838
7421
5857
5947
3938
1201
3642
468
3173
3298
4612
7906
6599
4055
7042
1602
5483
357
1391
4776
5205
2148
5389
3801
7129
2614
1826
1548
7134
7309
5617
7676
2695
1379
1116
6968
4013
7307
6429
3643
5534
619
513
4469
4511
851
820
5631
4537
4910
592
3042
5194
821
6388
7769
7850
7456
3063
2566
729
1986
2511
6484
5216
6619
5903
4558
7275
6552
4800
3551
1580
23
2353
4189
4663
4784
4396
4238
2786
7830
2383
512
4333
1826
7369
6320
4815
473
1688
4546
5513
6034
1827
5948
1248
7328
1912
3640
831
5346
1493
6241
6169
1858
2236
6834
4957
4125
5320
3144
7736
7474
2170
2270
7654
609
5800
4825
3402
4188
3999
141
3301
2650
2485
5248
2089
6281
5714
6802
4490
3881
1737
2266
3798
7372
6212
5693
520
6893
846
7073
6019
6551
135
7101
1305
5089
2435
7722
3668
3035
1398
6309
536
2283
1052
7543
6112
5169
3728
7420
4052
2643
4656
2778
7214
1440
613
253
2497
7529
5104
5803
7000
2788
6572
4705
438
4651
7441
603
817
6099
7495
4375
6132
1714
4232
6165
6811
5307
7983
177
6785
689
4012
1704
2243
5654
7815
6322
5372
1781
1512
1169
2372
2753
7271
2084
2862
221
776
491
7735
308
1118
2734
5176
6446
4721
625
421
5080
3918
4816
4536
6669
541
2700
5745
7883
4026
5866
4288
7299
19
7367
7792
7648
5643
1757
6754
3656
1367
2263
1270
6047
3786
5399
4276
7851
7975
4828
2317
2945
3238
7282
3272
7481
6535
5686
4969
2688
4979
3252
2752
6597
7609
6049
2239
4412
5098
5623
5563
7217
7629
280
2802
5919
5113
6246
4052
6958
4585
6254
6367
1011
5331
2077
2459
4487
2815
2568
5558
2255
3065
7698
2403
1221
1411
7438
6763
5506
2652
6841
3604
603
4294
6475
7462
7432
6591
7732
93
4713
1597
1598
1695
2105
2970
675
2509
4383
4654
3735
3190
3142
6063
7411
4866
7772
483
4361
5675
2822
5001
3057
5972
7713
6601
6056
5076
7174
200
5658
7011
4413
6667
4134
7253
3831
5250
2959
5470
3452
1087
1991
4246
2382
683
5989
3683
5605
4281
930
5325
1181
2400
5094
1630
3320
6365
5971
439
3759
637
1330
7826
1505
2778
7600
657
5192
644
4643
7172
6627
6431
4101
4885
7708
750
614
5966
3159
3770
6772
6348
6426
2512
4339
1810
3366
2907
2206
89
289
1726
6425
5743
2793
4175
7085
5778
3884
295
7979
1479
6827
2933
5341
5804
5488
6930
1938
6365
3277
1264
4503
1252
1204
7831
2838
1888
2136
7759
3037
7274
299
4725
4630
315
3452
4379
7463
2764
5673
7280
4881
6129
5135
937
3512
6338
5421
4174
3833
5784
5531
4974
2167
4932
6964
2285
5408
6652
2957
862
4481
1398
1478
4054
1739
969
768
385
7770
6265
6205
321
2278
5213
5144
6278
632
2541
3110
2897
5140
293
3389
4037
6808
7428
5197
3485
6545
6934
6902
3474
2706
5130
6048
5518
7412
841
220
196
1749
2274
4249
1801
5439
4357
3468
2593
732
7111
7100
6167
1917
2818
7640
5945
145
4209
3286
1332
4054
2386
817
4533
2028
3578
6544
4664
5023
740
1011
2064
6682
602
663
2861
144
620
728
1603
517
4321
2020
4211
4638
6483
4899
5550
4367
1382
7331
315
4213
6863
6955
1783
5867
6607
1541
5348
6060
2789
7094
5145
3635
1671
5857
6120
3553
2446
6573
5472
1099
7262
4389
7358
2185
4235
1435
3387
7045
6586
2131
5439
3859
5079
5062
571
4795
2490
4283
1452
6685
3042
4895
4766
952
2665
3285
6934
2136
2829
2032
2833
4756
344
1701
4156
5145
5873
6380
4838
6983
2237
5322
221
7181
4332
1215
4582
6907
850
4386
3564
2422
4292
1319
2340
7508
3881
4654
359
6384
6119
4493
1854
6156
529
6632
4331
2152
1499
6587
6003
3958
3519
7944
6403
4994
318
7520
413
1279
2494
1074
5537
2373
7623
2726
3180
4262
3693
921
3449
3302
3114
4882
7758
7333
4431
1259
1351
5180
5977
6462
5228
5209
7047
4762
7621
6188
5998
3900
974
5328
2006
2175
7858
618
6822
7149
6566
7317
325
655
7403
2361
2186
1490
23
762
3045
7512
1417
2739
4429
3141
295
5889
5911
582
7411
613
2242
331
6744
3051
4433
3747
7703
956
3112
5568
3820
1160
109
5030
4606
2035
1738
3298
3824
1371
5981
5033
505
6352
3768
3584
7996
5176
6436
4581
3477
267
2633
1512
7982
4096
4216
504
3335
6019
7395
2419
4630
2608
7297
3821
7650
7791
5295
2211
1466
7539
3307
6242
6841
1744
5107
6006
6176
109
6026
1915
5560
7199
4036
1392
2927
1643
5876
486
4004
5581
2109
1386
498
588
3718
5309
2903
6684
3415
5983
3486
5690
4325
4539
7333
6356
2992
6564
5146
2290
2699
3038
6655
6703
4089
1294
310
6882
7362
4627
7185
4486
321
1400
593
4318
1678
6282
1616
4971
7067
6417
2412
7587
7957
4666
2164
5031
7647
2547
498
3011
5836
402
1432
6885
382
1577
4945
1712
2247
3837
3356
5850
333
7564
7196
6182
6394
2809
13
5450
851
7946
5489
7872
4393
4587
7307
103
3376
3281
5080
7678
578
7570
7249
6118
6348
5928
2834
7720
6883
6900
2591
2584
4794
3950
7096
5915
6815
3630
6595
6582
1878
7196
6470
2582
1979
4454
4922
173
717
48
6122
3631
5385
5611
721
5369
3260
38
1955
2790
3131
1755
2806
2739
6402
4146
7091
7772
262
4491
2064
5138
749
1539
5074
2352
5520
6244
7702
4436
1380
6205
4128
1943
1329
5342
7703
3341
7931
1584
1355
2289
760
4554
3098
5832
281
4725
1807
72
6654
91
2036
1569
995
3088
316
3197
385
1240
1319
5692
211
3076
7024
4138
882
3060
511
5517
4647
6833
3179
1493
2252
7395
7134
4146
689
7774
5909
1320
7269
7779
833
7326
2822
1273
7777
5780
5405
6928
5604
7995
5385
3736
1342
1791
2972
4493
5426
2682
5913
1713
4572
1104
4069
3016
7162
7655
7644
3607
4259
1281
770
2252
4877
732
6825
1361
5545
6659
123
7020
7010
561
1493
7861
5593
2215
6276
4861
1727
4802
4274
2076
649
725
2936
1770
757
6412
868
6115
104
4761
545
6512
6678
7999
7496
1531
5995
2639
3873
1080
1602
6761
6414
6033
4292
4777
5348
1449
7880
2228
5461
3119
2420
3420
11
4641
4669
2654
7966
2648
3096
1181
2959
2765
4305
4542
355
7945
439
20
2548
5970
5539
6599
1576
4339
3922
1620
1833
4370
5807
4199
3134
3673
3355
5752
1943
7673
554
2067
6559
2738
6525
249
866
7703
2246
6571
955
6731
4680
4305
6076
6783
1846
3748
4184
5569
2412
5412
4509
276
5433
1664
7720
1237
1018
3632
4654
710
3725
1990
1883
2576
179
6651
3155
2413
7551
7767
108
1005
2903
2289
4422
5449
5029
3718
7526
2411
4904
7991
3687
3955
7216
2332
5570
5266
5567
590
4793
5654
2616
4035
5623
6406
488
1701
2388
2511
5160
4069
7839
3087
1099
5923
3088
6044
3869
7214
3571
6505
58
3577
7118
1442
7593
6847
6078
7701
3080
4232
3783
6742
4107
5403
1394
5226
4302
2319
7547
3056
3510
6262
2860
6147
3963
4951
2035
3497
7094
1269
456
3285
210
6597
7813
660
6190
7002
2701
7076
4414
6782
7427
1136
7968
3664
7872
4666
7926
6607
6596
6768
4824
109
5641
3850
6906
7644
4038
2734
3527
3249
7062
3209
5396
5791
640
320
5871
3628
7666
2533
3280
6258
3634
7233
6089
4562
2453
3879
7553
7629
340
6986
5591
6689
4671
5749
412
3167
3341
2334
5820
6203
1960
711
2640
6912
1890
1320
3145
5539
691
6458
5533
245
5377
5617
2617
5763
5963
1652
1289
1482
2651
6077
5125
3771
1740
3221
172
5063
366
1991
7666
1589
6473
6204
6077
7777
2380
7961
4821
2538
4120
1301
7756
7322
3358
3015
1224
7467
4402
970
7532
728
4452
1422
985
5046
3409
3533
6370
7323
590
7786
124
213
7980
7203
275
7350
6128
36
3338
5783
1546
5012
6013
5648
4916
4732
2092
5685
4089
923
28
6027
2476
4602
5645
7387
6432
4644
6477
2091
2896
2374
151
1169
7140
7702
577
3717
7171
1833
3238
7262
5134
1480
1697
7695
896
4315
4801
797
2573
7292
7892
6156
7097
4453
4467
7718
1000
5345
1423
3448
3812
3704
3488
7277
7483
3714
127
6229
5500
1804
2696
4224
2989
407
2139
2743
7021
7426
6963
1454
4638
745
6091
460
4162
665
7987
6706
3136
5298
5499
4373
2853
4950
4302
2042
2691
4980
5804
483
2768
5665
7698
4719
5587
5423
5653
2005
5246
2901
2489
1304
4741
5090
6927
1918
2886
1342
4960
799
3949
3916
6675
459
7469
7369
6359
5237
1687
1024
5480
1418
7691
6375
7015
3750
1228
1097
2098
413
3945
1167
4836
5667
3662
2125
450
131
3369
181
5513
5810
5712
7882
987
6428
1632
933
957
5629
2273
2965
558
5042
1599
7203
6038
2319
3729
5208
5297
7541
756
76
7630
3932
673
4628
5922
5148
2007
4989
959
936
1263
3268
3321
6361
4672
7105
4890
3130
7141
2311
3398
1698
592
4119
6082
5965
4600
6844
2926
267
5232
1132
2676
968
4049
2321
1699
1100
4007
942
6579
7282
7444
2646
6797
3173
2001
1166
7933
4223
1534
5502
2211
5212
5356
4623
4404
3364
6492
6953
4203
7585
3702
5100
3454
2458
6035
5858
533
4561
6640
2250
3682
3732
5423
250
5776
3912
6462
2183
6972
1561
6692
66
572
4752
7990
1519
2426
2495
3851
6269
1695
5320
649
4505
3874
3396
1784
3017
620
435
3961
3817
797
451
7905
5476
6824
7031
4876
6071
6958
606
7809
419
7104
3147
4746
1363
1503
5649
6782
7242
5914
224
5691
7146
5088
2569
4041
7012
6593
7907
4178
2975
5667
4926
6746
1570
2387
2158
6488
4009
4522
5089
2462
1674
6836
2354
1027
1603
3137
3272
3572
3643
3622
6150
4266
4658
5460
5930
5563
5117
7131
5887
4459
5658
2526
676
3184
5141
2263
2503
4923
3184
7573
2770
364
7686
7748
7170
435
256
5094
5876
96
858
7087
7432
134
7502
7502
3578
5184
996
35
6961
1111
4160
1502
7330
6040
4948
382
193
3944
647
3161
2171
1959
1577
7142
5649
126
1486
3180
156
25
3202
5578
1355
6607
4249
1868
7204
3446
5324
6801
2799
4490
1836
7089
244
7024
147
3495
5620
5095
4953
7402
5822
5050
4211
609
6120
1179
3576
7972
3598
5960
983
7702
1937
798
916
1645
328
7714
6756
6225
4891
2638
1927
3063
7582
3150
611
2646
3291
5990
1110
6658
2064
6206
6396
3329
1663
327
6688
7562
880
4408
5869
865
1073
1197
4576
8000
5582
3238
7397
4846
5596
3790
3620
7452
7121
3748
1357
5535
7239
1143
7171
7473
2104
2148
5065
2431
6976
7879
7930
1708
4335
2772
882
4242
6639
935
2007
5192
4799
6433
7253
5666
3212
5739
1321
565
2538
3002
7010
5866
3496
2599
5059
4522
7050
7750
1491
4167
2642
6168
1303
1254
7012
5042
929
857
3619
4664
6519
889
5702
6339
2024
7223
1023
917
3308
5792
705
3955
52
7447
7905
1901
1418
7214
6184
1607
4258
797
6479
1644
119
5544
5189
5936
2637
5651
699
7228
1093
128
3300
4321
3557
3723
3181
214
5145
3423
7103
6890
4445
7638
2068
5867
1887
511
4188
1197
5934
6359
3250
4590
5793
2122
7507
5353
4526
446
7179
839
6828
3917
6644
553
2425
5325
7126
7501
2154
5236
403
1941
5962
6972
2855
3915
7766
5868
784
5888
1188
2417
3726
5930
4704
7636
4381
3624
1510
2477
107
5009
5380
365
6688
2459
4994
3137
3167
3844
7499
1237
410
1940
7274
5250
6702
5560
1491
3513
2425
7170
1785
7741
7204
1616
4724
4769
3911
1217
4974
3340
1192
7408
3326
2402
3745
1570
1325
1018
4710
1812
5063
5115
2633
4497
4011
7250
3356
7419
4790
7494
710
1927
5446
3456
458
5840
5549
4978
1263
5489
5651
5064
5641
2420
4907
4865
5466
2829
4870
5428
5274
4429
4253
6990
2034
4091
7397
1640
2778
741
7796
302
4051
6310
2477
2980
6457
5393
3973
3751
4209
4591
664
420
6386
313
1428
2876
4205
4765
4676
2973
2805
7392
887
5399
2516
2339
2393
5809
2465
4641
6421
2784
4720
6178
2558
632
1301
7392
2034
