921
2128
3145
5828
6987
7366
4709
46
787
4170
4460
7291
6529
1297
2868
7424
6809
7421
4089
3762
7853
2922
6398
3607
2145
7114
3323
3838
4147
1777
552
1228
5057
3210
1814
2240
7122
5768
2519
4233
5794
4630
2043
5772
4164
1487
318
1191
6983
1077
4216
615
7202
528
7002
3220
2992
5660
4458
4266
3392
7124
5025
3022
182
3474
1405
1943
6480
1448
7933
5541
2677
3654
6225
4531
5453
5307
5746
470
7148
2861
7122
4854
2191
552
2734
1840
2824
4218
759
3918
6505
1679
1393
7031
2186
5958
7245
1088
2392
5945
6004
871
7692
4760
1975
1275
1918
1320
7065
2586
250
4867
7882
1372
2985
5234
4840
3857
2599
4892
4622
3152
5018
5910
5572
5955
6253
6765
5153
3646
2408
3142
288
5369
2758
1756
1374
4221
5678
1796
6814
935
7788
225
2358
3101
6571
5367
561
2889
6316
5111
1156
3001
276
712
4483
1368
252
7812
1001
4007
6706
6008
6040
6623
3222
6353
7067
1813
5646
6709
2916
3132
2590
6617
5639
3210
5045
815
5107
2641
3972
7106
6494
1942
5533
3935
2606
1977
3527
1702
7372
6414
1196
5639
4181
4983
6831
1787
995
2135
4758
2016
7513
6848
4046
1183
5160
6871
2903
4815
81
3969
4394
7947
6412
5237
7659
7444
1079
6731
275
667
2826
6021
7945
6945
321
1
4257
1289
7070
6506
3766
6134
2100
4670
5951
2437
2979
4343
5028
1474
4831
2136
1035
4442
7575
6725
848
5164
3097
2440
1561
4081
6511
3620
2448
2970
1404
3390
2517
1967
936
6011
3108
5034
7661
275
5735
5046
7698
263
7175
7908
772
1219
4870
6497
6094
7048
7527
5619
7690
1542
778
1654
597
5620
933
4907
862
5149
6209
258
5250
5546
3929
7033
3918
3296
3543
2978
261
6747
4499
4006
3034
6869
2004
6980
6321
4865
7209
3102
7935
4650
4035
4938
6811
4444
80
3708
1874
2005
1289
6551
5873
7338
1295
7760
4766
2478
1105
4435
1048
4555
829
2191
4160
3973
3784
3290
3761
5084
4469
1019
2578
2628
3975
7890
7246
6687
3606
3284
169
4201
1527
4442
4270
1812
2232
406
7931
6125
2370
3811
2744
3468
2200
6812
519
7256
4874
5999
3866
822
1011
4497
5267
730
1031
7916
3732
3571
4259
3878
4055
2842
6351
5718
2938
6474
7272
5752
876
6827
5347
3439
7409
7101
4444
459
2135
2242
4411
1496
4065
5840
2261
2476
7485
4552
132
4683
4453
3205
3285
5109
7824
5496
2401
4400
655
6787
3424
3710
7694
1513
1336
5981
4545
6105
1492
2604
184
2045
7701
2394
4511
1741
7559
2842
1679
4263
6277
823
2646
249
4721
1132
1540
6267
3961
3008
5743
2946
1783
7724
7372
3572
3617
3531
2149
1081
6848
3939
2855
2192
7720
325
6490
70
5668
7119
5851
360
7965
2470
749
5067
5135
6458
7944
1154
3280
4862
5293
1432
6194
4868
4101
5189
2966
4323
7805
7462
4187
1009
3366
5793
6042
4326
3267
7689
4473
4332
6616
6965
225
4517
3207
6581
2015
6249
3954
3837
3984
3894
1055
5689
6168
5910
1726
1729
6285
7495
6629
337
4318
4560
5683
6941
4038
6896
907
5195
2296
7026
955
7972
4813
5109
7147
2733
2704
7393
447
197
6973
2405
347
5320
4336
5357
2115
7755
5255
6821
227
4636
2913
6189
7700
1328
7758
4420
1725
6074
1244
6915
5318
2974
6874
5485
1243
3395
608
4712
88
6429
2890
646
7260
4233
5942
7235
7175
6809
6843
7043
6462
7062
2221
2141
5667
3869
7432
2852
2677
482
5786
7752
3481
3951
5510
7135
3998
1160
1533
63
641
3551
1492
1636
2423
5034
6985
7570
4551
1349
769
7503
4525
320
1252
3237
6373
6146
2784
5118
1242
2547
4106
7290
3764
587
6301
7085
2173
7012
2431
6384
7917
6774
3900
2174
3171
2253
7277
4900
2963
1760
2658
4823
3324
378
5046
2024
2000
5273
1467
1530
187
5579
7422
2401
5295
4618
4241
4319
6119
4948
5031
2517
3289
4090
5680
1046
4791
6109
4468
4081
4966
4846
923
1853
576
6607
7974
659
2401
3639
1331
4290
5878
5797
4705
5819
5997
937
4851
3531
6029
2962
7792
4468
4124
1786
7814
7122
2912
2716
745
5084
7762
321
121
1087
6416
7434
1668
1069
965
5458
3837
3844
4654
2059
6809
604
6503
7980
5976
3699
2371
7587
1447
5998
3531
7854
364
7952
2938
4737
6605
4258
2471
6003
857
2135
2036
5942
2569
4324
7939
5965
2675
5890
6238
3664
3675
747
4577
5877
5205
3082
370
5319
4031
5886
5539
292
170
2020
7311
3166
690
600
6502
896
2991
3846
7060
3264
4106
1797
5850
4677
3859
736
2881
6704
4663
3481
5539
4435
2071
2644
3402
6247
1440
2433
1888
791
5416
826
4616
1706
1071
4409
2240
6988
5603
7133
4805
938
5714
7248
4591
675
919
2626
3796
4942
3028
479
6621
4287
3621
5964
7761
3927
2389
2777
2691
1069
6729
2844
6367
5886
6694
723
6977
2932
4010
918
1484
2650
828
5109
5243
6874
5561
404
1686
5105
7226
4251
79
4066
4838
3130
2008
4971
3817
3514
1997
1061
3723
7940
859
1547
371
2028
2966
7500
5566
1642
6375
837
7135
6375
5251
6041
381
372
629
3308
7864
4873
3057
1746
4864
6115
3442
4909
3985
1166
2941
1310
7074
4891
688
1811
3985
3328
3614
6240
6337
4756
476
2943
4216
5880
6692
4399
1881
870
4421
7767
2757
4965
3005
3310
4791
4944
7540
7274
5457
2025
4855
7715
1432
2589
2113
3551
3547
38
784
6356
7092
3175
4549
2392
3825
1002
3640
4143
6052
965
4215
4155
2399
690
519
6964
1838
5299
2886
6882
5006
4566
2811
1076
1208
2250
1991
1021
4807
3285
280
3957
5139
6791
3217
7041
2757
3434
6106
6134
6340
149
6851
1864
5504
3311
1647
7941
348
3535
909
500
7706
1333
1951
3791
2182
4339
7968
1061
887
2400
3208
2221
6920
7784
5764
1337
1387
4827
953
4456
4625
1830
6257
3415
6544
1913
3825
3776
6740
577
3887
2397
5038
4099
6892
2175
1337
5634
78
3696
2446
6931
1095
2490
5443
7252
1291
7090
2487
246
2678
3688
4355
1115
1716
2489
2313
1281
5466
2729
5897
3243
4573
3017
6350
841
4264
3173
7940
5303
4528
602
2868
6900
4288
4340
4379
3567
1021
6996
409
4955
3747
7509
1637
3694
4605
287
5239
2455
6356
7595
2566
3926
6784
68
5093
871
6368
797
6615
2055
6864
3841
2592
7209
3532
6936
3115
6232
684
2917
7722
7728
4657
4418
4789
1078
3309
4929
3768
5163
3759
2138
6795
6823
5561
6210
2768
1858
2419
7227
2012
5725
3950
6090
4572
7124
4478
1564
3705
715
5035
4706
3695
4552
3064
5288
2568
4124
164
1712
3329
1178
5310
942
265
6526
1410
4653
2325
6703
4649
2386
5946
7277
5687
2042
835
7112
7508
567
648
4334
495
5617
2163
6827
6774
2885
7413
5215
7962
1670
7191
6515
6831
5734
4472
4636
7164
4560
6310
4084
5296
2215
4227
3378
2618
6088
4837
5174
723
3507
7829
5873
3948
5123
3792
6282
2734
2649
3309
1643
1079
2556
3545
1495
7507
2804
5442
4425
7561
1423
1783
1124
3868
2412
2653
4458
4991
4246
717
2132
6624
771
5523
2405
7462
2414
2920
4103
3774
303
411
2493
7649
6784
5925
2401
670
5185
7299
1835
3478
4814
5089
4581
5934
7007
5296
2077
3532
1756
1905
6588
2978
6062
2997
7498
4251
1114
1128
4685
2548
6838
7571
5440
3857
280
2038
2096
7792
7807
340
5500
2359
4869
1631
7777
7641
5649
1959
130
7473
1847
3696
7407
4495
88
1484
2126
3988
3962
5529
7626
2215
6095
4281
1402
4598
3489
3110
3484
5929
4362
4541
5237
870
5965
4442
1446
3950
2740
4150
7584
2869
214
1545
4190
6384
3881
7169
4943
77
2390
4226
3071
2050
1116
6015
4415
2607
7600
7400
7922
3020
5267
6491
3867
2974
6104
3569
7289
3160
6386
3731
126
3691
7645
5762
1708
1698
809
1367
4718
3775
6023
6035
7380
7591
7597
5188
1125
2306
5258
7081
7896
3394
3256
7466
6469
2234
7251
971
4161
6729
3897
4662
4216
6900
1568
7394
7073
3160
476
1800
3407
2331
2697
2635
3538
1702
3784
3222
3274
1326
2869
3544
3603
3511
838
5051
3129
4794
509
6697
7046
5192
3689
3204
194
5899
3816
200
6249
5477
1946
1652
6445
6918
747
662
4839
179
4490
5707
5415
2250
666
804
6301
5137
5593
4243
5217
7815
4731
7246
3761
677
6868
7394
1201
6895
2243
228
1604
6682
4324
2002
7634
4672
2892
1746
3966
3113
1131
3239
3026
6537
5446
7407
350
1045
6672
1027
3762
3824
6308
5937
3306
6468
3994
3389
1300
6853
5259
5800
4397
2746
156
3391
5588
6781
6495
2364
2
3594
1013
4928
2450
6596
878
3089
3945
7415
7941
2043
5464
7137
342
5446
5534
3706
2850
7215
6209
1267
5690
3903
7333
4363
7687
7656
484
7380
2614
1923
6895
1233
2987
6148
5140
4575
7862
1400
7746
2576
6470
3271
2087
7432
5445
3659
3751
6492
1048
4964
3895
4040
6620
7994
6034
6610
3481
7965
2999
7806
3508
4265
5197
7828
5278
5174
5047
938
3804
917
3239
3903
5824
153
600
7089
7049
3695
4916
6691
2029
7318
3466
3612
3277
6207
6246
6503
2017
5597
6273
1630
1998
2476
6962
5142
1852
2125
6971
3062
7829
4770
995
2090
5528
4737
1300
2279
52
889
4141
1527
4595
4323
1315
2859
4931
1191
1132
966
1157
3194
4162
1134
619
6010
3816
1060
2621
3755
1858
904
4223
1696
5626
6622
1907
6038
4956
4257
2317
5668
6600
6204
3434
6002
6978
6625
35
6490
2070
2767
1879
5248
5489
2155
3919
6905
2877
4307
4708
2097
2835
2496
1255
7123
6699
1050
7295
2966
4155
3957
1399
1374
1287
4799
4597
6915
6893
3750
7533
4350
601
4905
2294
7694
481
879
4976
5030
259
5463
1970
2819
7146
2510
7609
221
6758
6531
1200
7895
587
1596
3901
7613
632
5155
5676
7418
2850
4246
3186
6806
4301
5255
2744
5824
3081
3539
426
6373
5630
1993
128
5899
2157
4764
6034
2105
452
2591
2883
2113
6319
2565
7529
7431
7530
146
7222
1493
2857
2651
2968
5811
7012
5356
2659
5471
4292
2987
3738
7130
2981
2614
4294
1013
7002
5448
1332
5199
3050
523
1579
6287
4970
4959
1669
4465
1899
269
7011
5010
1459
877
6941
4745
659
1923
5622
4390
6263
7896
5855
20
6057
4421
7992
7772
419
1478
7518
1188
4031
2333
2197
3022
3394
4686
1175
4039
4634
6709
3057
6989
2228
7161
5108
5196
2025
4361
849
6766
3418
4071
7963
3720
5266
1304
1326
5161
3604
6197
6829
7075
4098
1401
6987
6694
6809
6839
215
4878
3645
5371
1764
3428
5894
5513
4371
41
5448
2680
2663
7931
2880
5149
7339
4799
3891
2050
6939
4822
6900
1309
3606
3476
2517
7332
2661
2216
4258
7839
4230
2423
3366
3604
6129
6204
7849
3370
460
6680
2118
1840
414
4866
4296
5050
4408
3675
6695
6239
3607
6418
7182
1531
7412
7330
5636
4721
7454
3567
7680
4661
1354
546
2051
1385
7377
6912
5566
874
917
6806
240
4739
5844
4090
6315
2067
4194
567
6766
3510
5301
5002
3007
2771
450
704
6304
4851
5241
5965
4017
6075
6340
2704
5513
4464
2949
6093
7773
4629
4152
7521
1096
1920
7130
4519
1716
3234
6527
5266
1792
7125
3897
3074
2778
1265
5341
7400
6411
1500
1714
3171
5442
1232
5824
7914
880
1693
2668
1893
7610
5085
3177
5065
2815
2037
590
1170
5797
5890
6883
4664
6038
1539
3837
4417
6501
1766
986
3500
7581
5174
445
5516
368
7037
7449
7658
290
2455
1508
3206
791
6960
2623
4967
3886
4164
7305
4575
1400
2367
4510
1475
3892
2887
2843
5315
869
6644
5200
4781
2162
949
7171
1233
2401
369
509
4047
7393
3123
7709
5020
7958
1289
4805
4547
2671
4368
5794
3504
7232
3696
2745
3608
1114
80
573
5074
4561
5547
6739
6991
6056
539
7393
980
1367
5537
7421
6295
5543
6548
2479
1504
7239
6364
832
6203
3146
4780
5888
5712
2331
6295
3367
1411
382
4351
5081
2661
885
3959
7357
5810
1470
2304
3196
5650
788
6820
5520
2927
5872
3019
6958
2726
4696
3070
4939
2845
5418
79
6331
524
2107
3949
1488
1920
47
837
161
1568
3716
5363
7711
4228
1022
1044
5221
5525
4583
2905
974
2585
6518
1933
2873
5554
6692
6173
5148
5540
3458
5575
3518
3410
1427
7094
2438
2996
5905
937
2000
5285
5608
1185
6480
804
6705
6855
6564
4149
5137
6751
5207
5225
6221
4097
6207
5286
6647
2354
5421
1684
1825
5284
2517
5604
2417
4238
185
1925
2417
559
4397
350
4496
3043
945
4877
5481
7399
7553
7245
7367
586
3483
4381
6832
1130
202
3252
2292
3530
5859
6885
2351
4908
7532
5820
1295
4308
339
5944
6480
4718
6782
6843
5009
6752
3012
287
5991
6354
4061
817
210
3954
2779
1742
7062
67
5955
7429
4450
3171
6568
5248
5394
27
2999
6179
5183
5410
296
470
1536
1124
6045
876
512
3210
5989
3706
4588
740
6261
6616
3420
1221
6808
4664
2965
2370
4778
858
3192
6083
6016
2574
3447
2375
701
4840
4732
1301
6190
6241
6841
7729
2446
1913
3485
6477
5374
7141
6847
3138
4065
2989
460
772
957
2649
4303
279
7193
7560
6257
6388
3446
6324
5342
4957
6760
3389
1655
5898
5737
3332
949
3000
1281
3367
436
7499
6952
3394
2577
2709
4380
4585
4039
7309
5077
4585
6966
2178
1486
7828
3326
5267
4107
2983
3364
6200
6054
1298
2993
7356
4701
2277
2098
891
7046
3387
2366
3504
7966
2011
7322
950
1654
5374
1374
6759
6715
4114
4732
6739
2849
3510
3633
6975
1729
4201
128
5505
3331
6784
2896
5334
2956
3600
5161
1363
2395
970
1141
2098
7231
7890
7974
1548
956
6588
5422
1068
1730
1389
319
307
5754
64
3437
1457
7108
7933
7887
7538
5721
662
7346
6577
6941
1881
3653
1286
6144
3237
4803
6877
7726
4245
7599
3494
2124
1588
2453
7133
5785
2696
3771
6515
7725
5952
3451
5823
659
4736
3200
7699
5495
5960
7092
968
401
3699
7812
7944
5011
2223
1821
3791
3257
7469
1884
3869
6127
5113
632
3344
3402
7807
7334
6772
6409
5862
1959
6099
1861
7423
937
6775
4502
7169
4084
5664
6423
598
673
5705
7420
4785
1253
6124
7492
4157
2624
2119
4995
2278
2268
529
2308
3450
1713
656
2166
6840
3051
3366
5442
5091
4633
1469
7914
5378
5843
3615
7400
2598
2979
5717
5897
5812
1302
6554
590
154
1341
4412
3609
6877
4000
2227
7671
1582
6386
1953
1204
363
7190
3428
6275
5408
6411
6818
3792
3602
322
6389
4496
5875
7700
6534
2884
358
1415
5808
2315
1906
7035
637
5129
3350
5688
637
1138
7478
5508
5101
6082
7870
4300
1175
6396
1375
7010
3735
761
4491
2936
4181
1330
3386
7047
2763
7193
3090
613
2066
533
663
1581
2152
3891
3788
7032
3363
2406
1801
7462
4962
4752
3520
7307
1869
5761
6891
4866
2558
1062
1961
3931
5929
5428
2790
2446
6361
6953
303
2272
793
6402
5660
5443
955
6386
210
5551
3960
5655
4919
3276
5468
789
7794
7585
1556
5909
3099
5445
597
2901
6744
3737
3189
7667
3995
7255
3339
1760
5549
3395
5911
5155
3392
2250
3179
5835
3992
4885
6748
1008
7116
1981
3257
7027
6533
3386
5983
5324
5556
142
4587
2517
1561
7103
2279
6700
677
5761
1742
3333
4568
2603
3455
2840
3385
5028
2320
4029
5367
3229
6546
4101
6660
437
5798
2922
7330
6347
7817
196
5240
5281
4488
6882
3369
2092
7026
1251
3789
4878
4252
108
20
5426
2837
7997
7153
491
7999
3108
1766
5623
2913
7648
7588
1794
709
4887
1365
6745
2246
1149
969
2758
5788
2452
3195
1183
1327
2393
6679
1669
4849
3781
4540
6621
427
5753
1524
6213
4165
826
1787
1589
6363
575
4979
6990
2642
6965
5478
2158
7157
3033
4461
46
4588
6947
6672
7458
7108
1542
3796
6120
4563
624
1534
6086
4228
522
1803
3550
365
195
2248
7514
6351
4136
3071
7757
4080
3970
4852
5071
5728
272
1396
5884
3457
739
7898
3159
739
7448
2722
2203
4672
2192
1088
1897
4308
103
416
137
3445
5171
6443
5323
515
6439
7302
658
2178
5948
4446
6883
6528
4130
2820
6483
6215
2701
5409
2370
1800
6274
4978
4078
5438
227
5162
4624
7771
4133
2486
6382
571
1213
1770
4026
7971
5382
7619
3041
6211
207
6563
969
7999
2935
1499
6980
2302
7527
1577
4428
7874
2037
2131
876
4273
2344
7374
2711
3836
4358
200
4903
1086
4024
3692
2432
671
3626
980
7811
4914
5125
5596
5869
5507
5934
774
7882
5722
4657
7962
3564
242
1076
3517
2485
2428
6488
1741
2453
4534
3409
3688
1231
2327
4076
6509
7859
4054
2386
2474
115
6928
230
7670
2297
5270
5948
5885
6052
1922
2743
5353
2256
932
2307
335
6510
4391
2772
1015
4641
2161
3359
2302
4095
299
35
7998
2710
4404
1835
7898
1370
7664
5498
5135
4731
1888
3805
7231
5159
3794
320
586
7895
5102
7160
3109
3922
700
7427
4227
170
7076
7647
2721
3008
7407
4764
6693
6705
3962
4199
6810
1179
1169
3141
2184
5091
4924
2961
6932
5196
2740
1097
4984
7323
2886
1194
1002
4227
3630
6422
3263
4625
7993
3638
4932
3497
3802
4418
7388
4317
1815
7551
288
1623
7938
2945
4494
471
2846
1134
2447
5137
6404
5388
2448
730
4367
1661
2919
3283
3969
3403
6577
425
6031
4796
7419
4510
3442
6503
3655
7624
240
3851
1849
6980
2825
5419
1518
3532
3895
7716
1585
1084
1574
1253
6034
5721
1204
5192
6935
3731
136
6186
6534
2728
2382
1296
1886
7464
820
6862
6282
1550
106
6302
2313
6305
6922
2761
4590
3788
4681
1246
2332
6381
5890
4614
6409
7484
707
6524
3417
3183
1921
6702
248
2644
4799
148
2101
3985
3017
426
3503
4960
7426
3547
6584
461
6482
4590
4647
2170
796
3520
2638
4198
5396
4736
5918
5632
5586
4577
5862
7047
319
2887
3963
4417
6670
3377
3812
118
7190
3103
1175
1770
1270
4028
5017
1503
3059
7429
6475
4091
7515
6592
7928
3735
5327
374
102
6595
6290
5447
5949
5904
4879
4416
2772
1415
4737
4111
3657
898
7867
3036
5043
149
1282
6256
1584
3924
5055
1855
7869
752
2473
6050
7396
2011
4083
4533
4936
6175
832
4697
7313
1099
7891
3570
1893
2779
3395
5488
6045
1095
7499
4467
284
3057
6989
544
966
2334
5452
7803
1048
7988
3904
4460
6006
6518
6679
3983
384
2152
5757
6806
5458
2213
6539
5197
7507
5925
3222
3602
5676
4070
4016
612
281
4853
2894
7384
6772
2231
7375
5975
3766
1857
4880
7929
4950
1312
7199
7940
3324
3610
7912
5810
7340
3694
3663
1941
2649
3860
6896
4634
7370
6443
5318
2039
4346
2909
5731
1221
5142
6305
592
3707
6784
3307
4775
6812
6880
3159
2533
4156
4868
2873
6487
6137
3956
7404
2380
4727
6253
1302
5406
2075
2959
421
5585
3903
3143
2806
609
7293
5767
7578
5768
7518
1074
7663
4259
6120
6895
6780
3437
5183
7376
1816
3621
2385
3959
1402
7306
788
7077
1599
7264
4520
7598
2203
5115
451
311
3055
5840
4318
1912
6101
29
6925
6368
6537
2046
5890
4207
2157
3832
7887
1699
7875
7563
3304
3840
7799
1862
4677
4984
3646
7416
2329
2130
3609
942
6559
3256
4200
1007
4716
1981
2197
4186
4678
3313
6153
3009
1130
3539
3887
7873
5097
5457
2092
6022
2285
7649
1383
7838
67
5273
7182
7761
6559
2471
6197
4476
3089
4431
6570
3347
6724
91
4975
2776
1610
381
3449
994
4417
2943
6637
843
7145
3550
2057
1225
5317
5849
4596
3944
5952
1281
1170
1122
6923
3789
906
4582
4805
4063
5915
1323
5798
5673
5083
3855
3954
4029
7849
7473
7303
5993
2166
5757
5973
1776
3580
6321
1186
22
6280
348
7278
549
4289
294
1289
2216
4004
3615
7012
7414
5509
5174
2130
1942
3823
4654
5152
5782
6445
4462
2736
7316
4494
1829
2841
3161
7695
3455
5175
5528
860
306
7142
3595
5554
3428
2885
7382
3647
6449
4207
5495
6158
493
2060
4118
5616
1465
4261
7591
1939
3389
4313
4510
837
5580
719
4154
4715
5427
2407
1556
4615
583
1453
7826
3879
6394
1667
4549
1631
16
2268
7080
2047
6757
646
7811
7373
1317
4068
4970
6499
5480
3663
985
3328
7096
4648
566
4988
2665
4619
6154
3896
926
7967
4166
3674
1245
4113
7424
3210
6876
3216
3566
2875
5534
5263
183
5347
1496
7037
3138
5457
4296
7401
344
7708
3853
6641
95
6757
4213
996
3569
3353
4883
788
5908
537
5148
7880
7173
5163
1872
19
2925
5816
3301
5591
6134
3636
4265
7939
3500
7490
2381
5059
3207
2914
6243
3485
2322
6970
2060
6483
4632
1990
6074
14
324
1594
562
7422
4241
4567
4436
4713
5622
7040
5770
5372
3811
5072
423
1201
6421
3851
29
5741
7502
5842
5642
4790
4738
4258
105
6597
2611
5608
741
3367
1396
29
7725
4753
1965
7059
275
2272
6522
2165
4694
2720
4146
6016
7101
4101
4201
2518
4378
1622
3562
7360
6873
2818
4238
299
647
2694
4661
6927
6953
569
7867
4029
60
5508
4244
3869
3951
6800
1175
2167
283
3188
203
1071
6899
3350
1219
2213
4002
2282
7814
1219
1172
5672
5988
6366
1866
959
3554
7126
1825
6513
2038
6406
5898
5864
7229
543
3524
217
1532
4949
761
747
1833
6091
1788
295
3888
6037
5214
1215
4588
592
6493
5017
7733
7485
2157
3283
1797
6660
1995
6135
3305
5383
5422
7409
795
4338
4424
5330
1833
542
1261
3615
5687
2850
2286
661
1490
6014
4790
1023
5332
3809
2371
3482
5116
5445
4870
2426
1662
6206
7960
6882
7264
415
4561
363
6186
7410
5634
6059
4719
5245
863
4712
282
4617
4337
6950
1937
7342
2908
53
2541
4533
1699
4821
6376
4028
5518
4003
7256
1104
6748
5620
1374
7086
3260
209
736
4375
5055
4890
5245
6651
6821
5082
7911
2605
1747
2937
7634
7304
6984
7343
3743
6060
7914
434
2405
5684
5345
5395
7154
5164
6175
1374
6627
6689
21
6120
3050
2643
1658
2594
6509
3167
3675
196
2950
7323
1551
6157
6147
1102
4094
5080
2892
2253
7740
5328
5336
3896
6205
3332
321
2633
2260
5223
3025
771
3352
7135
4998
6020
4599
6408
2794
1550
6756
661
7739
2175
2599
5077
1768
643
6742
1128
4449
6330
6188
7081
2582
6755
4517
7994
1696
1356
1310
7622
2243
7694
6658
2435
4937
583
1231
3854
1413
7246
3720
1330
5041
2864
2143
1005
3277
3358
4366
846
1028
263
5790
551
1702
5423
1647
5879
7033
6315
7161
73
7719
1139
7009
2754
2603
3137
2873
1170
7173
816
4017
1704
2735
1224
1870
5640
4843
3243
7803
5649
2700
6773
209
5957
5783
2934
4538
5092
7825
5799
2206
843
5254
6404
3927
2916
933
3945
5982
4664
3726
5027
2588
2566
5350
1547
350
4918
4649
5502
1981
1960
4876
3391
75
5339
5829
2962
2010
6889
3346
5413
5223
1134
7663
5071
7259
2427
4945
218
1868
5364
7208
1687
4169
521
5387
4254
4552
1269
6671
5742
4844
6796
3967
2675
4534
5319
5573
4421
7206
7953
6925
5647
510
2721
5648
5673
2258
1672
718
60
6813
6677
1377
5349
1636
2033
3721
7839
4417
4029
198
3494
5772
2264
205
1901
2979
5155
2580
5520
2013
362
414
3354
7147
7215
7281
4517
6781
794
1539
3512
2523
3788
2325
344
1956
5138
2630
2805
7976
6258
7346
7797
4746
4163
4670
5149
6065
3660
7548
1881
7354
1633
3205
3108
4801
179
6522
3908
6007
6449
1490
411
2756
6871
1026
7495
4697
4457
2375
5936
144
6607
466
4988
6116
1048
6115
753
6493
2685
4742
3559
2274
4939
1542
6009
612
7859
547
3510
7217
467
5436
1595
6636
3571
3926
4403
6563
1095
3865
5131
1145
7145
5428
4175
2081
241
7930
2768
6816
6978
1685
4176
4052
6567
6627
41
5114
7994
5699
3385
7313
5841
600
6817
6366
1546
3408
3073
469
4862
6499
633
4790
7139
2123
3447
2659
1847
274
6896
3165
6544
2407
5616
4953
5070
2942
72
6055
1523
7185
756
3775
4039
3266
1242
527
4838
2678
5491
3048
4060
1994
3146
6342
6837
4829
1122
2608
3307
3131
7016
6209
4603
7884
83
7006
7385
981
7145
7988
5023
1186
2314
4029
1629
1140
6893
279
7168
3480
45
21
6447
730
75
1319
1869
5259
655
1452
348
3264
2600
2245
3557
1833
4950
7722
6412
4747
1072
7985
419
4800
6143
206
7580
4117
3716
7384
6483
2650
5491
7651
6287
1453
3102
311
7369
4797
898
7675
5270
2404
6616
5020
3845
1137
4953
6893
4483
7079
1193
5396
565
1118
6832
7261
460
4497
2825
5077
7329
3698
7127
6121
1673
2857
6949
6910
4427
6662
3985
6322
1907
2853
3166
1189
3331
552
6976
1910
3833
4852
2626
6820
6132
3260
3470
3585
6971
3128
7361
6969
5831
3375
4421
5604
2462
102
2624
1773
419
6714
4754
1580
1829
7242
5579
4901
7576
1781
2176
3262
6072
2820
2777
1204
2133
4704
3324
3285
7830
1274
2741
431
3172
5932
7634
7000
991
6365
6472
6877
7093
4680
4656
6026
6470
3615
7882
191
3508
1287
6144
1635
3952
5209
5448
781
6702
3146
917
4134
4004
6056
2483
5718
6077
4835
985
7675
1886
5441
1555
2793
6983
6508
2383
3821
6816
7028
6711
7035
2155
581
5951
1540
5118
2821
1537
1592
1597
1178
3906
690
6742
3222
5407
2505
7186
1959
7436
2548
301
7194
248
7082
540
4537
2480
1321
5924
5855
1141
4189
1444
2639
745
7273
7300
1059
3505
4875
2393
7169
2110
5972
4136
4892
4354
3531
453
3981
1762
2031
104
1589
1500
6800
7781
827
2353
7466
2219
514
1051
4578
3840
314
1055
1999
180
5377
3335
1077
5889
6929
4988
2032
595
6421
1798
2248
2448
4154
3259
6434
1832
927
1505
3198
2927
4596
6554
2800
4687
4549
2226
2710
3893
1482
3888
6222
4842
5016
724
7159
5130
5451
6293
63
4392
726
971
6438
7784
6606
3301
6331
6748
5440
7816
1395
2363
485
6423
6829
2485
6013
5966
7520
6885
5027
524
1018
7842
384
1734
3339
5541
1404
1455
7429
176
7643
755
2704
1638
6844
3282
7840
2508
1017
3593
6347
2564
7096
5306
187
3233
1238
7180
4596
1298
6312
7490
481
1784
6611
2704
1090
7710
2904
5735
3678
3530
5536
5320
1464
3320
2228
3679
3069
1952
2210
2868
3577
4088
3547
2164
5904
2876
2009
6606
1035
3071
3688
498
468
5633
572
3201
7989
7846
5818
4176
3602
1493
2426
1590
2606
5332
1514
7135
3877
2376
7265
447
445
4805
4806
6647
5298
3961
7743
1037
4749
7180
7785
2045
3423
3634
7462
7675
6133
5974
5553
7660
3696
2266
7456
278
7116
565
4014
545
451
7045
5946
7484
1364
4830
7238
7408
3019
7461
2429
1512
7050
7151
2179
6433
605
7048
129
2976
1850
1211
2479
3091
4507
3057
4935
1483
6355
6751
2139
1489
1681
7311
4266
2231
5685
4237
3774
745
2943
5047
2571
1702
3509
151
7941
4465
2046
3436
1102
2998
6227
4390
1441
2598
2217
3557
293
7976
2954
207
6643
6665
7375
6356
1308
4819
7931
3335
7893
3194
715
4945
4012
1476
3179
5393
4530
4645
6854
3475
2633
7078
3578
517
7797
6320
3621
801
6822
7681
7246
7623
793
457
2985
5764
5784
3973
5654
5640
1547
5100
4998
1699
7960
4117
7107
4047
2792
3962
7737
3308
6482
471
1719
2385
5885
4523
7054
5952
2478
2837
2711
645
3948
1715
1223
291
4900
3336
943
549
6902
3575
5539
1290
628
4403
4474
1029
2704
5672
5514
1560
7128
7829
5154
7754
2210
3930
165
6474
5859
330
3052
7279
987
1691
1887
7631
5663
2852
1271
793
6248
5009
3131
1536
6562
2277
5980
7551
344
6620
430
2684
5375
1464
2194
821
5209
251
4354
5843
2278
7036
1645
3806
7523
4318
4907
6614
1220
4464
4536
3172
7793
3727
6283
4452
3776
2605
2426
4103
3055
5256
5893
151
6476
6404
7926
2157
5594
7595
5396
328
5088
4070
5749
7941
6385
5013
6696
1768
5433
2124
5938
262
6018
5462
1561
3513
1962
5697
2301
7504
7385
6497
7603
995
1474
6255
5492
6293
6037
5877
1891
6664
7224
7198
1722
1062
6228
5562
337
2574
121
4813
1410
6720
3733
1159
5327
7690
387
1012
1298
4377
7692
480
2156
2010
6706
7303
2708
6373
4706
1638
7412
1832
7624
5227
5447
6661
6923
2622
766
2380
7556
4918
509
4488
347
866
4639
1989
3096
4948
5363
941
1911
4729
5897
499
4924
4566
3256
4083
7423
3400
7113
739
2698
5833
3752
2811
4369
3300
1841
2982
7814
6797
7066
7266
7391
7499
6675
1485
5557
378
7933
6541
5056
479
3710
5646
3948
5387
3184
4161
5883
4982
4764
1116
7406
5127
1270
2293
2720
1852
3508
3300
7688
5932
3272
1928
4535
1401
1307
5842
3646
2478
337
7332
7807
7664
262
6664
3962
3675
5868
7545
6408
4606
103
5599
2500
3992
5193
6351
2356
1027
6843
4969
3141
6131
467
7266
