7053
3845
2732
5095
2146
6252
5593
4347
7149
2934
1176
2527
3512
2937
3271
7530
6890
4386
7673
6492
259
7698
4574
4450
6450
2921
911
4531
313
5156
4261
4586
5052
844
7989
447
7944
5212
505
1183
1421
1955
7081
3994
3724
5799
6892
5562
4414
1972
6370
2233
7732
1768
2660
1077
5590
668
7266
2642
6942
5319
7874
4872
6035
4823
4158
7497
15
2637
7787
6093
4165
2238
5259
7122
1769
2150
7534
258
5501
714
7066
5667
4112
386
6220
3806
3348
3927
2806
4477
3211
2912
7653
3574
3304
1768
7516
957
4925
7360
3606
5472
424
2283
4002
7358
2917
2984
1354
4337
1607
3659
5015
7501
5394
4305
3649
1281
2638
4394
6029
2324
5845
36
3659
6040
894
5425
6824
6672
1751
362
173
5629
5026
1941
1818
5707
3766
4718
3526
1110
5485
2648
1901
2493
1317
775
521
1229
7203
2502
2008
3954
7118
22
6036
2155
7954
7356
4593
4429
2405
6142
4974
4243
4003
2001
6174
7767
5699
3078
7315
3230
6421
5305
1577
5663
2291
3924
7158
7143
6097
1097
4581
1806
3409
5281
4085
6645
2494
3048
4613
6210
4424
7047
4399
2169
4635
4678
6414
2130
7393
3766
3040
5890
7766
4997
6556
1724
6355
6488
923
1613
6380
2862
1550
5937
107
155
3630
6846
2144
986
4417
4914
2068
63
4808
165
2354
5770
5702
1789
2117
4047
1809
7143
5772
2365
2336
4034
4396
5133
311
7852
4387
4995
7897
4898
1745
5591
663
3986
7885
7994
5737
838
3306
877
4761
7126
3107
7128
7469
3418
5192
3402
4077
2839
7397
5636
5989
6709
6540
2068
7661
2362
3665
4193
6425
3660
2994
4705
2343
7421
3042
3334
1681
1781
1047
4980
7416
2179
6024
7194
3796
2553
5603
782
6500
6366
1787
7591
7699
4941
3821
5114
4446
3751
5014
2610
5870
7888
6987
4750
5587
1925
3275
3104
5666
6042
5787
3497
7823
487
5317
7204
4351
272
1187
2957
1868
4943
3269
1339
93
4859
3934
253
1400
7945
5113
7768
4154
6821
3168
5504
483
1820
705
5860
5632
7588
4593
1403
5319
5051
6638
6940
353
4688
3530
997
4893
5432
4794
509
3052
4433
567
2419
7685
2378
3867
7178
7224
6275
310
7707
4035
6776
3796
1485
2700
2957
7578
2002
331
796
640
1550
759
3177
6584
2095
338
81
6729
4313
6685
7112
6234
5860
1377
3792
2583
1253
1664
5229
7027
987
4118
3190
5716
490
609
3039
3881
3273
539
7736
4650
3557
1438
5409
5741
2800
6842
3776
6273
5502
7718
4011
7718
6314
7073
7428
2240
2777
6686
3423
501
7647
6211
5843
6707
6462
3358
7844
7777
6923
5822
6959
469
2476
4839
3903
6232
5432
4701
844
6050
7455
250
5637
433
7097
1957
7712
1625
688
913
7972
5928
7920
1179
3125
2152
6885
4733
2888
1095
927
6107
6662
2612
3332
4387
2375
521
3087
2235
3585
3554
2553
2571
56
3385
3387
5040
1333
3664
5499
1896
2411
3569
3404
5271
3907
4501
1182
5772
2922
6386
534
3771
6316
4645
5668
4506
3027
7327
5290
3602
7782
1777
1243
2306
7031
3375
2489
3278
5429
2760
1011
5935
3867
1636
4876
3540
5212
7576
7676
7763
1958
6597
1377
1039
2836
2942
3284
853
4223
5375
6394
2426
2688
2884
6479
5362
6223
3141
2175
5290
3479
4773
2105
4696
6213
6232
7315
5245
4465
12
7932
7478
847
6727
2678
7319
6349
811
5576
2848
4176
3874
6417
5777
4974
443
1025
4846
1878
6187
3920
1124
3867
1967
4587
7935
6888
3926
1140
7832
2243
15
1344
6825
5533
2334
3312
1953
4164
3194
6111
7265
1321
4905
3687
7297
2026
1027
4160
4318
291
4391
1411
2616
7541
1244
1044
4641
6636
3222
1573
5395
2906
4537
7220
2524
5172
4419
6302
7402
2402
360
248
2692
750
7308
1591
2421
3815
3544
1355
7761
4779
1920
2042
7000
6960
314
5129
6581
5897
6831
3317
7464
2158
3624
2523
1431
1154
4738
608
7638
6788
2243
6456
2253
766
3305
1437
7275
7560
6209
831
2198
4613
4587
6978
5715
3588
140
653
839
3493
963
2435
5566
5326
2378
5799
6822
1426
2687
4982
4990
3001
4781
4306
7681
2739
3621
2208
2516
7488
3695
5004
5423
4085
5924
4230
2231
538
7108
5811
5007
7583
7368
6981
478
6925
4029
5802
2257
4413
2070
1173
1341
6460
20
7695
1336
5076
585
7837
4727
7044
7658
1240
2207
5362
5552
4746
7439
4556
4390
5483
6343
1615
4603
1513
3203
6639
6745
4891
549
398
1659
569
217
5799
2834
101
3047
7004
7689
5482
7666
2027
5044
4474
3975
3726
5791
144
508
2315
579
419
5271
4282
2824
7595
1615
1277
3837
1044
1736
3207
3252
5255
4433
6381
3432
1590
6829
1426
5860
3496
5866
6213
3142
601
7368
7833
2831
928
4144
5685
971
2454
7061
5325
2284
5364
5567
4165
4539
6519
7252
6380
6744
5726
7247
892
4902
609
6520
493
10
679
1736
283
6003
3705
3565
3078
5136
506
98
1329
5885
7955
1294
4931
1381
4694
7119
5853
3830
7407
3187
3066
356
1408
6234
2883
6183
6691
3442
1093
5455
4225
274
1388
2038
2742
6219
5554
2490
2787
7347
6332
7849
6210
7667
767
4738
763
441
6156
2795
1195
6448
7543
731
241
6446
5069
5984
4095
653
1452
3486
1956
5972
138
478
7448
1350
6540
5722
3242
2492
3313
462
5385
1487
2821
4713
4428
2114
7405
6252
166
4301
3946
4636
6569
872
7576
1545
1776
7329
7504
6391
6889
7420
7279
6651
1090
3945
2050
481
7700
4351
3577
776
3218
7137
7498
7918
3003
3626
7255
7341
1003
5232
3460
2869
6489
3596
7212
4208
2088
2810
4142
5733
733
415
1414
84
179
6502
4271
5761
335
2822
761
1175
474
432
1732
2675
7090
198
5668
7513
7280
7714
3847
4632
6418
6093
524
2638
3311
7348
3216
1550
5321
1594
3769
3248
5641
6232
7862
4990
3584
663
701
165
6550
4412
1
3527
1521
93
2976
1743
160
645
6873
2881
4979
1751
21
3781
3511
7514
4022
3631
2551
6325
4907
5752
7144
4797
1873
2460
4587
60
2439
435
3767
7238
1934
4009
1166
4304
3085
6761
5795
1684
4920
6089
6557
4500
2004
875
4443
6837
5584
6071
2913
7863
1388
3384
3067
7291
5206
5251
3045
3461
6900
96
5133
4559
7582
6441
1606
7192
6983
6103
5557
2973
5694
2848
3723
4512
2264
5513
431
7924
3075
4170
1864
1664
2835
1987
536
5617
3845
2865
5393
3276
1828
6468
6775
4792
4256
4785
6627
6915
3304
7945
3976
6280
4169
7216
6559
4341
7168
6311
4731
5086
4391
3448
5831
2492
3002
7001
2344
7492
5244
4087
4191
2695
6034
6070
7795
4666
3351
7508
553
5174
2894
7584
970
4002
1008
2752
2654
5821
7686
4639
6881
5140
1262
1181
244
7162
4522
4147
4314
3524
7540
2473
6112
1689
222
884
5967
4529
605
6932
5186
5253
3298
5809
109
4010
1534
4860
4632
2299
7559
3953
6967
7553
4952
2462
4521
7691
2349
1886
2989
245
5601
516
6725
2413
4353
3202
472
2036
4730
305
1227
1392
6565
5555
2805
7925
2539
1124
6404
468
2952
7284
4641
4641
3029
6014
5971
616
6842
3011
3055
1853
8
5968
5140
2422
6981
7484
6329
3051
6419
6808
3709
6536
2835
4092
6582
7270
3293
5331
5712
4790
1297
4130
468
2095
1243
3117
4222
4111
224
3810
1441
6492
5330
3754
7484
6256
5373
4731
1621
5503
6254
5389
1744
4949
5976
4535
2376
3108
5636
6129
3865
6385
4602
963
2686
6208
3903
4963
5440
1810
3768
654
808
4407
156
5370
2743
1710
4403
4478
3511
5240
6258
772
7954
7317
4217
3706
628
3433
2157
651
7713
7426
5313
7979
3368
2973
2299
3292
1811
458
262
3802
2638
2634
1004
3250
3920
177
6174
1533
2853
1401
633
730
3767
2325
4100
6531
1473
4581
5156
4434
4348
3597
5742
1396
5262
3450
751
4368
4361
3956
7456
1676
322
124
7409
3577
6867
6223
5271
2981
5369
1419
2044
1178
6946
7397
6758
5904
4236
4610
3515
6894
7606
3542
1704
4849
7403
232
7667
978
6266
2277
7481
396
3996
4890
5348
2462
3717
4919
5904
7533
6029
557
3465
4323
689
603
5441
3663
2983
4266
3986
1234
6573
6126
3009
4162
3656
6441
1841
2853
5372
3127
489
6368
5223
330
7344
6307
1210
2976
987
6916
3527
3095
682
2107
1507
6800
4904
6984
4502
4118
1394
7867
7019
2637
1051
6903
4992
7333
2607
1603
2772
5731
6768
364
7348
7749
703
2117
7508
3971
2269
4749
2644
6734
6278
6108
519
7691
2938
724
2147
1323
5884
1382
5898
1792
2247
7421
6588
3324
3324
2565
4118
717
2023
6495
2372
6453
5963
5084
6586
6423
1082
7239
1931
1631
7580
5885
2918
1753
3560
5556
5466
2399
4811
7490
2651
2620
7494
1219
2499
1533
4500
3092
5986
2850
6802
5969
7361
795
5440
6822
5921
5395
5404
3883
5868
4072
6058
1987
7105
7512
1767
6750
470
1491
2786
5754
4056
777
7329
5975
6421
4568
4681
4897
245
3474
6669
3453
4020
4910
3302
5533
6712
4382
2962
1704
4994
3111
3858
3897
573
1940
902
5595
570
6221
2789
3804
5276
4667
182
5812
6826
3259
2285
4956
2873
1194
2828
5451
175
5657
4975
3628
4217
6821
4539
6296
2543
5348
3325
257
1097
1407
3133
1189
4589
4519
576
1122
7581
6531
1368
5141
4674
3273
3504
1838
5872
5366
6964
1466
3740
2339
3348
6492
6848
3572
4635
7521
1113
3818
2211
3499
6995
4432
6951
6394
5975
7686
7219
7543
644
1666
971
382
5650
5321
4041
7298
3740
2568
6703
6974
761
3883
2639
5427
6643
5691
3892
1243
7855
4509
1436
3803
3697
5608
3913
4454
3622
5135
7058
1241
2403
4094
6642
4
456
1072
3666
42
3112
7958
6320
6080
1736
3354
2250
3040
5599
686
3636
6709
6070
2921
6220
4795
1805
2545
6162
5219
3627
2014
849
535
5884
1340
3392
3527
3192
35
6456
1698
7727
6680
2599
1086
4282
6263
6976
6400
6558
5878
5597
1803
7763
448
2191
2157
6519
430
1095
7353
2113
3602
1282
173
5075
4850
3046
7948
5243
1317
1053
6710
7362
7575
2498
5726
6727
2206
2975
6423
4653
2306
7707
2719
6733
1942
2763
2495
4336
7507
6464
2462
6845
7394
420
4198
2789
5833
4959
4803
265
4090
635
3980
6925
5582
5898
865
5742
4018
2181
6091
7559
7102
2892
417
2931
4354
6436
1902
7010
5860
3008
5625
3574
7221
3677
7507
5294
2092
2899
5175
1706
3
5348
2240
6454
7240
7071
3214
7240
2871
1282
4942
6868
911
2125
6052
6031
3599
6034
7758
6416
5189
5405
6525
466
4087
165
3326
3867
2517
2118
4032
3665
2052
1342
1446
4123
4211
492
924
7007
6891
5814
5894
9
5925
6709
5396
7046
3551
5452
4604
1375
2158
3727
3862
6199
4762
3109
7947
3766
2569
1803
5713
6761
7449
660
4070
830
6097
7388
1224
739
6688
4822
2778
5710
7714
2975
2780
3405
3322
3869
6303
5078
1743
2432
7379
51
3202
2674
6222
6546
5228
2580
7769
4451
6319
6098
5519
2575
5749
1435
2610
7703
5202
3655
671
4089
7688
6503
6251
1374
1215
1507
4780
250
5931
7978
4882
3661
5909
3473
5488
7078
2240
3875
6240
1541
5190
598
4377
3671
3208
1958
1945
7391
5125
1587
6067
1325
7299
1351
4652
6849
2406
6000
3422
6057
2100
2820
5874
2382
5254
2967
7232
7574
6125
784
1367
7328
376
2793
4084
5451
4740
5785
3360
7725
4947
3120
5715
2128
2777
392
4363
4413
6512
1950
57
201
6965
2219
3358
6300
2781
1152
1366
2429
751
5794
842
3214
1662
1141
3135
6827
6842
7228
6299
4095
3924
2302
1300
1039
6282
2634
7071
510
4579
5996
581
879
6203
1683
2459
6078
4320
3589
7250
427
689
7130
1408
2942
4155
1045
6624
7385
1068
3724
3935
1812
4942
4165
7212
3096
7734
7678
217
3432
4229
557
1388
108
3899
5265
7720
3357
6090
7892
6148
5628
3662
4626
2904
2333
5265
863
4661
7809
811
4614
2073
3894
972
1300
5553
2664
1772
34
5947
3014
2320
7354
6963
7934
1746
7854
3335
6856
1979
3201
104
712
5868
4196
6450
2450
1751
136
2601
2573
5676
769
123
6599
6381
1672
5250
4280
7291
167
5772
5916
6151
3770
3655
4835
7607
1125
3992
4500
1810
7202
3522
3760
4426
7478
459
2324
5297
4367
6061
1893
7915
2704
341
1765
1816
64
7055
2584
1670
2571
7809
7798
5977
6645
2471
1882
5807
5457
823
3473
7465
4859
6876
4692
3362
1188
2010
2368
6091
3227
4130
3290
5397
5278
3556
2710
307
5716
2153
314
4276
508
2584
5694
3304
2405
2955
1847
2315
5529
4185
6746
306
5911
6466
3252
2468
6154
3293
7097
5292
2339
3771
3672
6847
7886
4308
5812
1509
4990
1072
5489
4043
2262
7401
1876
7581
7502
7978
5573
3058
305
4024
233
411
2953
7889
845
5179
1268
2163
762
1047
1369
7446
4665
5800
4039
191
6440
6046
4646
256
2426
2288
5000
4865
5154
1346
6474
3521
4345
4252
2765
2120
3538
3189
6882
4871
1539
2920
3030
7339
4028
1306
3233
5446
2474
1329
7838
1533
4009
4381
5454
7696
1376
6623
2486
5620
5491
7916
4618
1022
2945
6371
5497
1740
5961
1568
7124
7565
7230
1727
1093
1903
2053
6062
2517
649
140
1816
7574
2612
7972
3118
4449
4622
1500
3189
2070
1851
1906
1702
2579
4735
421
1600
2672
1855
6215
7425
1899
5210
7671
166
4698
2091
6674
294
1567
2618
1106
7111
1702
2446
2322
2412
3107
6561
7558
2166
1423
3587
2752
3089
1095
6299
5453
6314
4913
6583
2793
1941
3526
4809
2678
1952
534
5579
776
805
6611
5114
2972
3101
7651
6566
5175
61
112
5775
1847
3772
288
1058
4622
3233
5628
391
6887
576
5095
2897
4192
2334
6914
4911
5996
1755
5856
4159
2993
6871
4987
5565
6746
6597
1051
6895
5632
5384
5677
3665
5308
4542
2877
2443
3052
6642
760
5590
2131
2654
3702
1985
4085
4832
2038
7727
7683
6398
1904
2143
7549
4029
6655
3121
1740
3357
4589
1617
6684
3858
122
3869
808
736
3497
3185
5453
3865
5055
5845
1299
5733
6411
1306
3938
4427
7163
4026
4214
97
4134
5078
5417
5953
168
5186
6552
5927
3442
6409
2119
7541
534
6334
2800
4125
3971
1995
2650
3126
1933
1445
865
7891
7057
2526
5173
2346
7338
5083
6773
6402
3756
3238
5059
4791
5679
7743
4268
7370
3542
3195
1124
5113
6010
2249
5629
5249
5359
4045
2776
2264
950
4013
6258
2427
7253
565
2799
5090
2392
4908
5020
5076
7745
268
7206
2723
2389
5529
637
6855
987
5493
432
2879
5181
3665
7519
5365
5158
7592
6220
1346
6862
1008
5499
820
5713
4421
4413
148
1734
7911
5100
733
1619
5508
664
7379
4631
1616
2263
3322
5840
6127
1464
702
4657
4272
3605
1757
6848
2302
4549
5881
6801
5578
2154
726
5821
918
1784
2377
1356
4
5893
1737
1938
2481
4919
7537
1190
1136
2828
2277
3608
1031
2523
2884
7448
3176
2190
5020
4408
609
7043
2498
1760
3340
6404
6236
5895
424
3585
7536
7971
1872
2720
7464
7340
6522
7945
1813
6581
619
4442
2416
851
6023
388
7575
7986
4081
4652
4330
623
3856
2854
1005
4664
349
2016
1779
84
2859
6990
1584
3509
5480
2905
2690
4777
507
7066
386
7363
5456
7085
2326
2550
1798
3013
4654
7053
7078
1247
2
4058
4745
7252
6985
5031
175
4206
4576
6851
4565
5238
5432
1378
1075
832
5688
1888
5017
2376
919
5570
1502
1686
228
6789
2651
1281
86
3403
168
6325
489
1394
2646
2736
2465
3329
5344
7658
7835
2831
1877
4763
3370
6682
1517
4695
2698
3257
7497
6150
4912
2228
6290
7577
2239
170
5452
3542
2170
4348
4174
5709
4139
4078
38
1255
6839
7088
5217
865
7831
3984
983
5811
7966
1899
4606
2688
5029
314
3071
2318
5145
5371
192
773
368
1799
7145
485
7069
7332
4959
5808
1404
329
4357
7427
1299
2514
2887
5583
2555
3459
3561
289
6956
6948
5929
5239
2806
5968
7703
946
6018
7691
2528
1017
3971
1099
6623
1315
5764
6152
1975
469
5676
2888
3438
2206
6255
4606
4569
867
132
4633
2119
3523
7338
1935
434
301
1419
5637
3044
5142
809
5792
6632
288
67
1185
2672
4479
7759
6120
5245
7223
4653
4982
5300
2901
5252
2337
4230
4641
6084
6855
4688
356
534
601
1588
5091
4266
309
7551
1046
1056
6540
3220
919
3112
4268
3861
3438
5239
907
2082
5647
3551
143
7054
7975
5415
1538
768
6529
3078
5134
668
7569
5493
7957
7858
4158
4588
2969
1352
4975
782
1370
574
2162
1724
516
2310
7789
2995
4719
6615
4970
552
587
7639
7688
6371
6740
3541
3544
5431
7446
1
4691
4439
3399
2635
1334
35
2893
6327
7049
3377
7459
6060
5699
7636
6206
4717
3129
7989
5067
5032
4681
2038
2945
3249
6401
4321
5349
7241
7104
229
2332
7155
1783
5401
5745
1440
7988
4341
1608
3298
14
1571
7518
4909
1194
584
3520
5458
5499
1074
3551
3216
7948
2245
1077
5313
7476
2448
4204
3344
1280
1039
4869
7789
741
5097
1322
4643
4953
6789
2564
2162
7617
1373
7396
4926
802
6427
3978
3797
4106
7079
7492
815
5785
6091
4964
6137
5734
4777
7516
6887
1877
6281
2408
5649
5104
2700
5318
1858
3954
7877
7529
2187
6388
4129
4531
4874
6081
6035
2958
509
6319
2978
1272
2680
4061
5283
4550
5384
1733
3521
914
3362
4368
1473
6256
2600
2399
3149
4083
3680
6865
5084
2440
6212
7191
2601
4166
7252
3852
1313
4922
5466
195
369
56
126
3038
6748
5241
855
847
2955
784
2753
1230
4043
4149
2928
2635
199
864
7588
2469
2915
253
2885
1509
4306
5987
5771
2488
4035
6523
3514
6373
2863
7141
1101
7561
632
3807
5134
4717
7715
7569
3598
1368
7233
2498
1343
5190
5308
7835
4099
3968
2773
889
2857
1792
2069
2735
178
650
2192
4287
6205
3736
5266
3609
5655
226
5434
2893
4393
135
5506
5166
4163
2369
6565
4219
3597
7573
1753
2293
6438
5397
4908
2384
7482
2819
138
5734
7935
7513
1562
1603
1378
5602
2118
2559
1845
6699
2706
2042
7004
448
4630
460
349
5601
6448
6695
7916
2986
1889
6050
5369
3250
5618
7706
5624
2466
138
489
1153
403
1400
4806
358
4527
3386
1437
5380
3877
2320
6312
6239
135
2020
425
6000
3146
7729
5407
1954
6868
7744
6105
5809
3573
5907
5251
7139
4766
6916
3395
2720
4350
3034
6757
6190
3122
4214
7968
7581
6281
7175
7035
6230
629
5649
2466
2970
722
4888
6172
3620
4858
291
5080
7743
7509
1204
2641
3615
3333
5438
9
1913
6788
4677
1969
6742
94
7904
2840
1931
6134
4774
1305
7129
4299
5273
6912
2252
7857
498
2954
5503
5565
3418
3184
853
7309
7881
6849
6937
4004
3379
1752
958
7247
5670
2651
3898
134
7526
4141
7718
24
2781
5441
580
4051
6461
5914
290
6217
3453
3488
3630
1427
3503
4862
2901
5620
3319
70
4594
5651
6491
1690
6303
5253
1489
4565
4316
325
1360
2804
5209
309
3623
4568
1916
6762
7601
7664
3238
5810
6240
7806
66
7273
7813
1806
45
6170
5261
5598
223
4986
2107
3508
785
1271
1371
1601
1999
3047
5346
3855
4390
1623
5550
758
248
6951
5554
1734
7231
5802
7097
5395
579
5831
1527
4308
5623
7211
4767
2324
2829
6331
7200
3047
5038
5012
747
1689
2324
6911
3442
5678
739
7288
1451
6215
4645
6437
2543
6341
7779
523
348
5255
2095
7890
2987
1461
1432
1745
4277
4641
6331
7271
2821
5273
1658
3306
2804
2962
7220
503
6396
6005
1681
5417
6950
6635
4711
1372
5166
6835
6942
3946
1748
5881
4510
7715
6129
5317
7163
4318
903
993
2243
6836
2858
7291
4994
2916
1437
4552
7929
6583
6535
398
2684
5676
48
3743
595
4001
4277
4527
5965
7933
3005
3740
7951
6360
1558
533
2791
7938
1585
4179
2031
397
814
2288
6085
7820
1026
1054
5342
1133
910
3876
4526
1555
7112
4689
6838
7409
5852
2605
1149
1537
6904
2633
1604
1962
2227
7879
5552
2506
493
5245
4836
2129
5560
6758
3345
4617
5853
3530
4471
4884
7360
4231
7642
4538
2958
768
235
2590
1111
4109
327
4748
6240
1707
1056
4366
1080
5359
2521
543
7679
4055
1448
4248
4961
3659
7481
2139
281
6498
5051
3618
5657
3835
4096
5077
4019
2861
794
1353
2790
5912
351
4030
6127
3938
5442
2472
1901
388
6685
7586
1827
1070
2132
6083
965
7378
844
5345
1511
6550
828
2548
2891
6713
1534
4704
3659
6045
4526
2310
6866
3884
737
4023
442
6140
4696
4956
475
1367
4607
4469
6436
7543
5618
4232
612
846
234
5712
7028
945
1146
3072
687
7923
3524
7814
2036
7223
63
3858
3633
6207
734
4240
5419
4092
2709
6050
1749
2077
4894
7153
4192
5695
5968
2889
7159
1519
3711
3454
7263
3847
7328
5578
5360
7585
6446
3166
1543
5994
3667
4240
4977
3489
394
6730
2998
563
4518
7628
3994
4933
646
4556
3388
2752
1476
1471
5700
3351
5492
2448
997
4674
7737
6195
5133
394
4230
2938
4047
2590
4241
6782
7524
11
1601
2307
8
346
7431
4859
2963
7093
6276
50
1234
3555
2666
1701
4566
66
4078
6520
5048
5272
5595
3014
595
5472
545
3441
6387
1095
601
5648
4118
4439
7886
4280
4811
3867
3328
27
7693
2857
7053
6398
4637
3436
3982
2792
2514
79
5538
3044
5753
6580
1114
4554
5626
5202
789
3139
2027
3257
5274
1289
7214
6756
3368
7931
6836
5061
7075
442
7429
320
3393
4850
6535
2946
3444
858
3797
5675
2579
839
158
1407
6471
4585
2646
7148
4945
1417
4334
4617
6271
4348
797
3740
6524
3371
7895
1086
2214
2011
7935
3161
1262
3628
6167
1053
5685
3226
1070
1910
1479
4013
894
7911
7138
1128
6676
3563
4762
5440
548
2308
5126
2698
6566
3534
5395
7259
7953
2885
2843
2050
5436
6314
4920
6558
7221
7791
6966
1227
3196
4467
7882
5282
6831
6186
7451
513
3677
7045
4280
996
7332
7983
5789
52
5293
4930
6889
33
925
6980
7318
735
5574
968
6325
4793
6824
7711
4267
6918
6789
1504
7881
315
2374
638
2334
1864
5306
5515
5967
3320
763
5025
4846
6896
1365
2397
4405
7071
3467
3448
5215
390
928
4731
6989
6540
823
12
7194
5897
2614
4474
7099
1143
6744
4953
6555
4152
1920
3060
1688
4395
1538
4808
1156
32
4090
4716
4060
7487
4708
3421
1402
437
6640
5363
7391
7231
894
6215
6869
6533
425
3769
876
6496
1407
7012
4780
7584
4332
4407
4724
3213
2929
1074
6225
346
5680
4968
3509
530
3825
4705
4738
5233
5242
5626
465
2751
2404
3747
3683
7640
3802
4169
899
5307
887
3987
7206
5772
6584
1762
6784
5112
5419
933
2898
6200
7509
7384
6016
4198
4360
6355
1186
6938
6224
6862
3573
6269
4758
81
4960
6559
3098
1399
887
361
5556
418
5462
3121
6089
613
1230
5045
1356
1707
6895
7216
1331
7970
7117
1230
3210
3003
1419
6150
1822
1381
7649
2904
3644
3120
3939
2177
5086
212
7509
2341
1154
1638
3369
2953
5923
3344
7408
6871
3655
4876
2710
3716
1719
448
6010
5334
2745
7824
4050
2533
6426
3499
2992
6219
4637
2786
6183
4109
7789
4259
3889
6379
7926
5418
2085
4596
6566
4476
5659
1987
5542
3126
1499
1574
5444
5776
3966
887
7054
2128
215
4850
3218
1978
1679
4732
832
2272
5106
5783
362
403
7366
7424
1710
4050
7748
5303
6949
2903
4415
5594
1077
5748
842
1729
735
1085
7756
2371
845
4271
2111
1765
7104
4804
1318
7267
5442
3492
1820
4924
4963
7494
4593
5819
2893
2455
3945
238
2229
1971
6858
7144
7931
3967
2501
7112
4252
4809
4257
5983
4466
5843
7489
3421
4275
3380
5317
7921
6354
766
4122
2694
2278
719
2706
988
4628
6516
3035
6711
640
5497
5943
2020
381
7901
1558
5760
2083
7924
5450
3006
7863
2148
5698
781
7497
393
1305
4683
4089
11
5295
489
1336
1024
4933
7210
3665
2815
6416
3436
5729
3692
3369
5139
1607
1657
7692
1279
959
1961
3133
3726
3764
4985
1166
4897
2079
5529
5755
5605
52
5348
7038
5465
6471
4563
4824
6293
217
1006
3564
1508
2162
4367
7484
1616
6484
3147
4994
1366
2334
7902
5737
544
6786
5024
2275
127
5071
4964
1493
4935
7452
4705
7381
892
89
1946
5456
6210
3510
3924
781
7125
528
558
7906
3194
2125
3631
7986
3998
7145
4344
6055
2309
4596
3527
6259
4620
5160
7108
2689
3018
6353
7168
1286
1382
7224
4949
6879
39
7993
1077
5163
6917
5403
2537
6972
992
7356
1122
3347
3047
7505
2209
1807
1741
4367
1176
587
4919
597
1921
6425
3751
7960
3514
4686
5422
6853
3623
405
4270
2846
4593
4703
2238
1860
2375
1418
4700
7818
5595
1405
340
3388
6440
446
4581
2031
7775
5153
371
882
7685
1722
1801
214
3706
1679
2768
7985
6198
2290
1541
6390
5086
4909
366
5317
572
6201
7708
6517
1111
266
1477
1507
1264
3958
5964
2770
3797
3452
7814
3801
6921
6073
6596
6611
195
978
87
7043
7974
1939
3165
6165
4023
3472
4066
2124
7544
3598
141
4856
1517
1609
2491
35
3893
7785
205
4674
3863
4940
2149
5598
190
1692
6437
2218
1610
3025
7099
5184
4749
3164
7109
6846
2299
2671
255
6431
1840
4739
6872
758
6147
6129
5388
7637
694
5004
13
6708
3012
1069
7409
4859
3174
3383
558
3311
1251
79
5237
4869
3243
887
7844
2023
2634
2140
1631
3205
2758
1852
3594
7835
4072
6465
6721
684
7786
1088
6468
1677
3685
3389
3613
1613
4600
2181
640
2112
7501
4061
4020
1751
6277
6212
6786
5452
3143
3853
1382
250
7586
4792
5219
579
7659
6143
2098
4466
1913
7364
7382
6746
3132
1381
3371
936
1522
1392
7285
7073
7211
3817
2679
2171
1381
1691
6777
6581
5654
6317
2451
3935
6672
1392
190
6911
2298
3288
767
1960
4540
2474
1323
2290
2338
5831
5249
5794
2718
1130
461
4945
7709
4774
7542
4607
5231
3637
1076
3273
3631
1713
3442
1421
7495
4135
217
3201
2738
5497
4952
678
6171
4034
4637
4391
9
7113
5848
1231
6293
5835
2121
64
6302
5798
4302
5598
6647
7712
5126
606
3464
6389
7362
6229
7040
4677
5856
323
6547
3087
94
722
7671
129
5371
2397
930
5547
3275
3595
5551
1662
3137
7107
180
1796
1819
6692
4754
7757
2293
1217
3966
4988
6476
32
2991
785
6893
3233
1693
4797
16
487
7704
5990
842
2609
4399
4569
3592
6614
3853
3695
4100
1109
3885
6948
1244
5553
1591
526
1337
25
4548
3114
3106
7272
4957
2525
7482
1884
7944
2967
2323
3472
334
6903
3346
2171
4643
632
634
4506
3561
3859
5859
1478
3388
304
6603
2842
5532
4483
952
5698
3786
7831
2793
7154
3421
339
2046
1824
4242
7342
5241
5597
2671
2128
2856
2092
3550
7242
6407
1057
4492
7393
5049
6843
7902
628
7633
2210
3659
2313
5890
6103
349
3897
7575
7345
1531
4700
3270
2228
4614
7919
5329
7278
1573
7513
3509
1561
4406
2875
7522
6399
6466
2492
7960
3873
5441
1256
5103
120
5523
7749
3319
280
1081
3301
1734
515
382
398
1694
3607
5157
1114
3103
3159
4963
1421
5329
6446
7252
3546
5265
2334
1052
5063
7089
6546
635
2183
5801
1969
5874
2706
4814
2112
77
5568
1832
5738
739
6392
6043
3568
4772
2709
1560
940
3260
4184
2816
7904
7174
7704
7805
756
5671
6018
4676
2674
5495
1006
4230
2649
1349
3123
655
4296
3535
1996
5647
7158
6113
1956
7577
2641
1386
1047
1352
2299
3937
2569
6993
696
1260
2332
4214
7380
4696
5718
280
7906
3628
4123
1771
4997
2864
6833
2503
4993
2296
3355
3233
1269
5960
7684
7630
1600
5662
6932
2086
7754
6469
3647
4187
4270
2784
6936
5423
4146
5995
3534
2653
5684
841
6894
1761
4191
43
2532
6205
438
3347
4035
1979
5452
3813
216
5795
326
7163
6014
7988
3235
3333
2205
4493
3680
6158
1720
4355
7988
6232
6582
3117
7965
4493
2211
757
3679
5175
5584
7800
2687
5763
3874
5496
7541
2530
380
3314
5723
5698
1634
410
4899
5485
6450
6679
7602
7051
4019
27
5316
3074
1668
3028
6370
2952
4812
2276
4943
3413
3857
219
2895
191
1321
22
5005
5738
237
1686
10
5365
6119
6044
4784
1006
892
2675
7113
7104
6187
1083
4522
6278
3708
7408
786
2420
2645
4021
5907
3670
492
5791
4002
3590
461
5095
2498
6006
2821
7033
1712
7444
4174
5955
7916
2542
4519
2479
1917
2037
4392
3464
5588
4766
4210
5832
7109
2150
7735
5908
4198
7822
479
4252
3261
7343
7115
7302
1418
2902
7481
6343
5092
680
6601
5236
7692
7132
3655
5043
3566
4623
5699
7349
4226
3785
7186
4329
265
2599
5785
5819
6747
1994
7277
5059
3654
4996
7639
740
7245
4937
2249
2575
7368
4115
4846
2105
4283
5336
2185
2256
3115
2347
962
6381
4588
4542
6670
1242
2166
6283
