6180
5779
6127
5247
1487
6219
994
424
3860
5879
1319
2220
5747
3338
2526
3825
499
447
5928
4641
2752
2255
5404
3593
7502
6004
6959
7144
6729
6571
4330
1820
1996
1534
500
7674
7221
210
6042
3170
2448
5385
4227
4232
5415
3773
7222
7573
4412
6073
7171
5068
3017
5624
5132
651
2783
1993
1953
4159
415
3739
2404
995
7703
6550
7061
2700
7099
5730
1715
5945
2080
7726
2798
182
5410
4501
1538
1030
5529
3495
6209
78
7681
1867
1227
6196
4244
7580
575
4227
5464
7320
4438
513
5983
1944
4756
1723
6220
5651
880
2003
837
1030
3376
5052
4510
1127
5656
6607
3943
3241
3707
2989
6706
7506
2990
7538
4138
4214
5792
770
5253
70
845
5025
3765
4956
7777
3709
947
3827
563
651
4288
1216
1112
2111
6207
2331
6759
3639
2479
6899
4220
63
5799
5733
5203
1231
6273
494
7532
5592
7441
4240
3379
956
3624
3563
7654
6845
7869
2678
3082
570
5948
14
5935
1130
5031
3844
2681
6703
1735
1765
6750
6833
2100
5041
2553
1705
3299
7244
2879
7295
2052
4360
7586
6659
3251
1661
5677
77
5669
7304
6118
4216
1443
4584
4848
3975
7878
1504
1572
3244
4681
3568
5816
2646
3906
66
4761
2048
478
502
7190
5695
5545
3822
4083
4292
4413
1415
1316
1143
4374
6417
661
7275
4901
7868
338
7954
866
206
6638
6986
5293
7480
3998
1277
5264
686
1286
1563
1942
1019
7380
584
248
3187
3595
5251
4133
5655
6073
5419
7726
5281
4091
3406
4407
4613
5439
630
7504
1101
724
6627
1091
5659
3739
1064
6883
1300
4512
5655
6349
1664
4593
4317
5477
458
7794
2152
4093
915
5865
586
150
2393
6589
5981
7605
7392
21
6715
5591
860
5095
1760
2114
6880
4075
7845
540
156
4984
5532
3664
484
7448
3535
2107
7442
2257
6131
1856
2823
421
4488
4071
6215
491
6922
1793
6043
2152
5204
1100
2163
4346
7007
227
7124
2637
3261
149
2498
979
5577
3625
2130
1544
7653
87
7792
2050
1910
1770
4804
7025
3348
2722
296
666
2889
6920
2761
5641
3033
1040
2896
926
7571
5782
3651
328
3183
87
7351
1286
5439
3729
6960
578
3852
5407
2577
1041
7348
4896
6721
5322
3478
4814
5952
2501
5061
7302
1975
5631
1197
6284
535
3161
2077
6687
3803
7371
6498
3151
7154
6674
1198
4592
5688
1154
6946
3290
542
7241
5403
308
1061
4331
3813
5454
1149
6590
95
5042
1555
1775
5235
4007
4269
6784
4569
7753
7781
5207
4344
3346
5180
4164
3527
3325
46
7075
4774
2755
929
1462
3113
6745
5633
7626
1747
1287
4940
7482
2936
484
816
4495
2377
4685
7291
6281
1983
2278
7524
1203
3284
2357
6411
1175
1816
3845
6604
1817
1008
651
3662
4437
6748
1173
598
6132
4416
1472
3716
7121
6186
7524
6895
1614
6035
2583
2409
7024
7324
3272
2407
7550
1349
2621
7824
1717
7644
4414
680
3735
6166
3363
5918
3396
4380
711
385
6556
7845
7278
6586
394
1231
7478
7597
4405
646
879
7181
803
1854
7394
7544
5712
1844
1161
68
1351
4456
1110
1195
2603
775
4054
6496
6440
3405
6758
5516
730
2521
1728
5577
4334
4962
1333
1732
7277
5825
1288
5918
2289
1089
4675
5405
7610
1780
7572
7391
7405
6624
1343
2766
390
2856
2280
4743
93
467
7929
1286
5943
6507
4695
5337
3395
1611
7075
5395
433
7512
1619
6507
2582
3042
4989
1098
1538
2076
3529
5772
6013
4556
6378
6556
3630
3492
2928
4308
5162
3267
399
4417
1386
2234
1822
5170
3818
1510
7637
533
6337
6069
6945
1716
7385
500
1992
6958
167
3696
4977
799
5543
6845
5883
3990
6732
5750
4929
5949
4158
7448
3017
2994
3774
1529
1199
1633
3554
6293
313
7020
677
5644
2002
1399
1133
6461
7998
1481
1059
1392
7022
6506
2332
5972
2943
4358
782
7917
7875
3823
4268
3871
6557
3931
6890
4141
921
2413
6892
987
6759
5245
1434
7853
6852
3238
7285
6370
4105
1322
6941
7938
7450
4113
7108
2648
2751
7333
3601
1096
5506
3283
4534
6977
4664
7781
4334
1606
1792
6701
4151
558
2754
7869
4434
5517
5425
1279
2521
7913
2988
4283
139
7548
7080
7594
3052
646
4491
4298
7207
5835
5398
2211
3433
3794
4544
3249
1689
7613
5448
4194
2115
211
1767
5723
3862
2052
5098
6127
5617
6152
1167
6141
472
2681
4927
5513
4572
3787
289
10
4150
6622
5339
1093
1794
2038
6335
7527
502
5382
3003
7793
7776
3949
4186
6550
6038
256
7215
2325
7838
3810
6019
5392
19
6047
7153
5514
789
2467
7823
177
946
1431
5877
4838
902
268
7043
7549
2987
59
2992
4149
6018
7940
1555
5657
2308
7929
7674
79
3601
5554
2497
507
5528
5539
5036
943
3684
7988
3449
327
7502
6549
3176
5352
1931
1788
4054
5734
4488
7688
5857
3493
7480
4599
7710
2548
997
4460
6487
5014
3659
7169
7737
4135
2164
1866
5466
241
1224
881
3749
1664
7974
931
3631
149
4760
7077
1307
2054
1322
5025
4473
6910
648
2438
3022
2767
69
3419
3190
904
5109
5287
528
3519
2322
7356
466
7172
7935
4628
1455
1876
7141
2421
5828
100
1583
2334
3010
5463
1810
7525
7903
4203
4904
2499
7311
5652
687
5574
7484
4419
3185
7636
6162
4935
1482
1970
6208
4421
5545
5166
1621
4363
3307
6501
7211
6936
2155
6814
3285
7070
7220
5534
4
3451
1681
6913
7597
2404
6478
7050
3893
7190
1591
1780
2800
3531
2063
7298
6256
2884
6692
6670
4015
7893
1511
4334
4576
2459
720
761
7323
5319
6362
3856
355
7892
2930
4856
2836
2394
5967
6291
4971
3239
4553
6693
2573
1442
5349
2451
4170
2175
3500
5078
1133
3546
1995
5765
362
4579
3228
4060
4049
5394
77
6448
510
7424
7277
779
1958
5588
1412
1855
7509
6188
5429
2633
4213
6471
2378
7886
7546
836
5915
5621
1911
4564
4365
3468
2125
2984
6282
7314
744
5424
2826
1164
7087
3123
3710
4150
7891
4834
1242
4786
4969
4488
5700
6896
5752
992
1506
4569
5439
6951
1407
5299
7247
7164
1430
735
7834
7167
3065
1465
5797
3250
3689
7173
3896
5523
7317
4720
2743
4541
6451
2856
759
2053
1473
3868
7418
6337
3303
4269
7693
6179
2105
3979
7601
4718
5694
3303
5142
3237
2601
391
59
1080
2449
7688
2991
5704
5446
5975
6931
6198
5840
6311
4994
5250
3224
4662
7848
6770
7023
1267
211
1661
5384
5277
889
4530
385
4382
5582
633
871
6128
548
2428
4167
2044
5671
1715
5624
4790
4067
7320
6318
6555
5897
2946
2870
3580
238
5507
205
6815
5471
4046
4166
2062
7143
3808
116
3287
2601
4435
3287
2985
5667
5077
4636
718
5852
2847
302
1847
5223
7698
7468
6267
1488
6559
4570
859
802
5566
1806
1845
7088
6512
3977
7658
4115
5533
2118
1542
2886
7062
1840
4408
213
6157
4128
6963
2715
5555
414
1883
4744
623
7403
1233
465
3057
4607
5595
257
6588
640
7061
6418
4929
1602
5195
4613
894
5606
6609
3031
4436
4918
6627
3519
2232
921
2787
7048
847
5663
5914
4268
205
2327
3149
1482
6933
5230
211
4118
3675
919
2514
2332
3104
7885
2503
891
1458
575
5931
5886
2150
4046
6321
5380
3166
7446
1428
3843
7450
7769
4450
1433
845
2698
6377
5271
4653
5362
6572
2908
2179
1066
475
1122
450
1718
6613
421
7018
4644
3700
3697
5125
7596
7806
3643
7518
7842
7411
1891
2503
1804
1384
3088
5767
6358
3133
3904
983
4074
5394
7198
5546
7642
5102
7771
7352
4343
6649
4947
5909
1258
7770
3481
1970
7686
1967
7332
2452
5924
7059
2647
1413
1499
5068
4024
6336
6792
7295
5836
3401
7362
5958
3647
4335
7901
5976
2142
7970
4953
1136
4618
5179
4654
2621
7569
5704
3205
5977
2752
3925
3025
6293
1977
7465
2088
3946
4238
4538
3413
4560
3067
7612
6817
2839
3668
5295
2189
2019
5543
1649
90
3183
2128
5499
5392
3468
7254
7312
7793
6210
7924
695
2686
7798
1234
771
4214
1669
1433
2974
7291
5027
4852
5578
530
5918
2598
1828
3422
5434
1969
68
6960
7629
4289
5312
4360
6332
1065
937
3625
6062
5572
6679
7092
2649
5752
5598
61
2289
4064
7967
5612
4975
6699
1673
1205
4818
6111
2639
2538
5379
1231
1769
1199
7246
5715
2177
3772
1749
6371
7615
6663
2199
4243
4120
7835
6301
7439
1063
1883
2558
5033
3500
1572
2582
7268
4743
2895
4134
3086
704
4628
7490
5221
258
4285
940
7144
5685
328
3297
1684
6328
1440
4459
3260
2178
2148
616
1169
2353
5688
3312
7306
634
4207
4047
5834
5334
1150
3783
5551
4829
5693
6946
4104
6307
3164
670
6154
3493
817
4321
3768
5419
6769
5571
647
1975
3251
6633
5622
5744
849
67
591
4949
4272
73
4408
5718
1878
7913
5605
4514
3322
7487
5895
3166
5312
1414
4676
1217
5482
2313
5848
2326
3824
1693
5363
3343
3
3439
3736
1625
7370
5088
5694
7375
4525
7387
2071
7358
602
715
6691
4936
3381
6138
5328
1748
2965
4898
2465
4056
3769
3375
4451
3320
1542
3452
7840
4471
7543
1794
5078
7526
5555
2320
1758
1213
6371
6084
6729
1865
6241
2632
872
2659
1812
4811
3050
3288
809
1862
2771
659
723
3746
1980
499
221
6451
6733
6260
789
3321
2363
6903
7537
7984
3423
2765
690
3857
3830
4522
4921
109
3839
3774
7147
5214
5307
2235
4481
5614
6237
4758
6879
7323
3553
18
527
3425
6695
4026
1441
7441
3620
7853
3191
1173
6665
444
4080
1494
2538
181
2859
1346
3895
2946
4621
267
3217
3621
741
6322
3392
5841
5135
5414
5032
2010
4285
138
7310
3519
6447
5738
5760
7489
2083
6776
7916
5229
6215
3360
6427
2837
503
6065
4567
1236
3245
7187
2226
6141
1792
3226
7809
4204
472
6002
952
2939
3536
6429
5630
7712
2648
249
90
5163
3177
1584
1810
1958
3799
5320
7461
3270
2162
2218
369
6207
2399
6049
5082
1750
5371
7711
530
2499
789
7439
4134
290
7542
1042
5816
3763
2391
6243
2979
4875
6245
2463
505
223
6887
485
2964
1050
5483
738
4715
2362
5697
7226
4556
7416
2252
6448
2139
229
5981
3116
2436
6562
3219
2535
5874
2179
7231
4305
1501
6059
6292
3104
4403
3396
2387
5976
4351
1545
5112
5622
1900
1259
463
3834
2039
7479
6032
691
6405
2555
6242
1454
5094
2760
5084
3443
4027
3551
905
5993
6574
7817
5830
2762
471
4810
50
1073
3207
2037
801
7630
1590
7476
6133
1500
6906
353
3306
4735
7608
4339
83
4671
2143
491
4429
3809
3925
1168
7830
4035
709
6780
5739
4818
37
494
4412
886
1839
273
3458
5740
4960
888
7677
3401
6741
5553
4679
510
4736
5068
5359
7579
832
1388
2347
1426
1788
2009
2492
619
1387
304
7497
4727
5772
3
7925
2108
5665
2209
2887
2398
143
7042
5901
1157
2682
5116
5976
86
1875
7312
4415
6274
2496
2216
1508
1273
5059
1589
611
6629
3193
3957
922
264
7779
6165
231
6405
6216
4445
5190
6837
2363
5679
3323
7406
2664
4232
4101
6926
4027
35
3905
3683
6517
2666
3237
2960
3049
5939
859
1756
734
2066
6382
2353
6885
6120
5231
4031
3459
6043
1767
6689
7647
3422
5756
7590
7055
4902
5754
142
3183
1003
3827
6066
1736
1077
6817
366
6868
5081
1704
1898
4884
1041
1766
3072
6464
7792
4976
312
5344
2983
6409
4749
7513
4443
546
2101
2877
7508
5944
5612
1041
6826
125
179
3579
165
1108
2083
5303
583
4218
4457
235
7013
4049
5656
6494
6963
6555
5515
4214
5298
1678
3981
5120
5307
601
6690
7624
558
7764
2417
4590
92
5060
4743
3022
4526
382
65
7837
6215
6793
1252
5669
3035
3908
7526
6392
2763
6936
3999
4277
4775
7837
3199
5540
4020
3931
7112
3992
7121
417
3141
5394
5979
2637
6352
1110
514
2425
6153
5548
6500
5827
4390
5026
5210
7938
1877
7318
1722
541
2873
309
1240
198
3770
1390
6180
3660
1624
4082
6386
4136
3599
5256
4933
3215
2213
5642
4965
5745
1389
6650
6569
3352
3040
396
1031
3800
6530
7692
3104
6784
6468
4285
1779
5999
5980
7644
2653
6283
5485
6913
1649
7920
3530
331
4361
142
7155
3789
315
294
6151
6153
5594
3052
2871
2855
277
556
4137
763
6591
7520
2689
2875
5820
2176
5378
5100
6622
6040
4423
5165
1217
4616
5849
6590
2279
2982
3825
3516
5635
4820
6722
1867
869
4347
2483
1139
3774
4916
4348
77
5066
6210
4671
6307
7163
1546
4425
7655
6593
6689
5743
3036
1732
5010
2220
7527
2931
7471
5860
2811
3743
7197
5755
1123
2308
4152
5322
194
5460
2883
6505
236
3210
7460
6084
2308
4273
4294
6592
3777
8000
1405
586
3358
2488
1649
4464
788
5060
3996
4383
1968
3677
4174
1302
5618
7764
2127
5330
6490
7573
2696
1426
45
5116
4922
1587
5267
6232
5121
4396
2839
3170
2810
3618
744
6325
4255
5845
1659
833
735
4888
4333
4263
726
863
4216
6026
7430
7262
4208
7627
3558
517
3161
7380
6148
1904
7749
186
7259
4893
3442
2868
3108
4883
3515
6610
4669
6891
7414
1648
7570
6414
3792
1318
7586
3856
7615
2414
6252
3116
199
6652
6751
4664
2080
3545
1509
7794
1488
6590
7130
2782
5265
4199
7739
2985
1553
4353
367
7256
6504
6863
3886
602
360
2941
5631
5858
7212
7257
1017
461
2661
2662
4324
4809
6141
6194
3266
1114
1236
3525
4908
5871
4182
61
2688
6444
3759
7541
3788
6883
1230
1379
1383
1849
7878
7393
5757
4621
6009
132
3817
3287
5703
7782
4714
5652
7520
8
3866
239
1163
1001
7809
2202
5662
6571
467
6194
6440
894
6815
4130
6561
7368
3822
6810
1729
4544
154
4078
3781
5
973
3629
570
4944
5611
5700
6066
385
1701
5282
5817
361
3611
330
2729
2906
7565
7512
1376
7693
561
2598
2996
7737
3036
1997
1564
5343
5846
5322
4909
6413
6974
5208
5702
246
3148
6228
1745
877
6645
6985
3682
2999
777
7270
1926
1301
5144
7530
1870
1437
3226
3055
6587
6551
5363
449
5895
4846
1269
5069
7768
1194
3613
7142
1976
4299
2437
4269
5381
619
118
3187
1475
3280
2093
3976
4424
6181
7156
5835
1107
6917
7086
862
2787
4586
96
4690
6965
2570
2682
3598
4695
525
5111
2044
6253
4643
7078
3236
5788
3840
3662
3389
1805
5323
5921
4902
6842
4243
6481
137
2594
7882
3508
3125
2432
927
6426
1398
3807
5186
3872
944
2554
3914
7023
6111
1129
7785
1706
3831
5217
3035
1574
3773
5672
4464
968
7230
3957
1491
7668
6443
4625
2848
2388
3297
1172
5564
7344
4935
2089
902
5521
5118
1996
6559
4570
2540
2394
977
5570
6813
333
890
5285
502
4215
1676
7734
1623
4198
6792
5807
6968
7877
3916
770
1589
1757
6382
1875
5314
4173
3727
2858
4249
6433
6254
2340
2357
2476
4698
1168
7097
6677
4354
3989
5720
5390
1092
103
1436
206
4411
2436
2939
3900
7662
2082
5688
5918
4499
1688
4452
5295
3237
469
4750
3699
6313
6816
4295
1835
4122
5972
1717
6109
4333
7331
5681
552
483
5735
215
4086
6176
5187
1529
814
2730
1475
143
5608
5994
27
2724
3142
4277
2186
4220
1435
3792
3690
2257
7880
3293
7592
34
3885
571
6461
2212
2900
6741
5281
7755
2734
611
7773
4622
1782
4924
1692
3385
689
3358
440
6422
334
1881
3875
6645
792
6873
4022
5401
619
1282
6856
5810
210
7545
936
1264
7992
5796
5883
2116
5072
3996
1779
7595
3904
7143
6984
2782
4226
326
6575
499
47
7749
4623
2845
938
2889
467
294
1537
7181
2237
1884
7529
2243
2358
2167
3326
3597
1663
2390
3296
6357
3468
6032
3238
3946
4236
2147
1811
6055
6258
5919
3052
6860
2914
4445
569
7493
2266
1206
5338
5067
4683
5718
523
4787
4798
5613
6625
7377
5351
2119
6324
5029
7621
7320
2923
6132
3912
3700
2932
632
7180
2717
7896
7601
6917
682
1653
3718
152
7091
817
3591
6692
4105
6846
170
4198
5601
7558
5112
7327
5493
7825
2660
7614
3203
5437
6768
7649
5318
7708
6708
6914
3870
1434
4258
1266
3947
413
6575
7315
5218
3865
4653
2245
4313
5347
3406
717
4492
7865
1806
1093
3696
6323
1062
595
5196
104
4376
4464
5160
4826
214
7998
2263
7240
3672
1149
716
2227
393
920
7550
4130
394
3713
218
3479
1165
2760
6330
1734
6066
6133
1608
1290
6135
2936
7006
6823
6857
612
3915
5034
5644
3888
4688
1967
1893
915
4158
3307
3999
6694
7380
2326
1009
2818
4235
5773
4912
292
1544
5403
2878
4559
2871
2977
6496
6806
5709
7424
2877
7657
435
2519
2118
6774
1559
6475
572
788
4704
7699
851
6789
2271
3771
1422
5360
1682
4681
760
198
1007
7896
3186
2750
7968
6760
2046
6960
3148
588
503
7898
901
5282
5230
3875
7508
3313
314
2317
1442
7537
7408
3196
375
6328
4355
2991
1599
905
1167
1905
3788
1390
7901
4026
7772
6228
3547
3860
3092
5904
2783
7361
836
3173
5549
2772
5512
7203
58
3637
2143
907
7072
1593
4607
1934
428
4252
6225
5885
5942
280
4990
7932
7862
4140
7238
5533
4039
1741
6064
5504
6661
1708
3332
2181
3224
7283
7112
594
7202
6409
7858
7714
3240
2963
2153
3854
1006
7324
7436
7636
3256
5391
2188
5239
2687
4453
589
96
5690
4542
4504
4347
817
4997
7970
1133
3701
7368
590
4279
7704
3588
6945
4599
6737
58
5145
7960
2646
1251
5482
4590
1307
1410
4612
1451
4162
5591
7732
5551
6367
6515
246
4063
5846
3148
1931
4631
4457
3887
2033
1386
7686
1032
2471
1542
2976
7881
4264
5176
3655
2210
2465
6014
1368
2761
1627
6926
2330
4573
5135
738
1648
752
1012
282
4277
3431
4574
4878
2664
278
1727
1259
3038
7980
2028
3196
3139
1146
7738
6001
1975
2108
3901
3142
4202
6693
5775
2046
5533
4777
5125
4131
1377
2061
6708
724
6609
3765
903
430
2845
6322
3688
3151
26
2662
3667
471
339
7009
960
5275
1076
4507
1336
4609
6194
387
3741
2651
7624
1936
4820
6000
2388
2332
1354
2025
1971
7243
7408
6918
3125
7136
5925
6518
7968
6715
339
6022
73
1240
5570
3458
4699
1290
2628
5169
1449
2459
5065
1902
2707
5841
3271
7793
6278
1551
7880
3276
5497
6045
3471
6169
6957
6185
1370
7157
2392
4434
6743
6529
5152
7324
4863
5834
1461
2820
2645
3539
4169
1948
2086
7043
3872
7433
3477
4446
7895
4593
5622
2011
5777
7815
4136
4786
3249
278
329
3194
4177
2551
6042
5605
1866
5746
7939
432
6024
3962
148
6181
309
3747
2931
3582
86
1850
4047
4651
4010
5636
6674
7537
2471
7028
2542
4664
3058
2863
5808
5239
7226
6749
3574
4434
4545
4552
2838
229
4102
4299
4032
3782
4763
6763
820
3630
1088
4646
1880
3749
462
4106
5154
4599
3568
3775
6103
2574
5473
4071
4160
6169
3147
467
2312
1227
5541
705
4836
7755
4315
5056
7395
6274
2493
5965
3263
6516
121
6216
242
6429
4692
1551
7716
3466
4119
245
4753
2256
6193
4318
1844
3400
3750
3165
3195
2667
2925
3392
6958
1506
7824
2299
7160
1701
5470
2543
6027
2950
5661
1729
4814
6197
2135
7447
4989
2368
3775
936
2906
3018
7724
3793
1852
1610
1022
6983
7912
549
251
3551
3437
4879
6030
4133
2281
4231
805
3705
3584
6189
7968
6619
1557
6241
2927
7379
3975
4173
2767
7013
6527
4079
2739
1450
143
1122
7743
3003
7096
2068
1385
2577
1892
301
7623
5779
5928
5731
4109
6504
4660
7350
369
2885
638
5948
3997
5092
6878
6391
2468
5472
4449
3434
453
7273
1849
4392
4633
230
6736
3725
4084
7869
1651
7091
5181
4889
5632
7779
5393
1299
4932
6290
7327
3161
7287
5338
4529
5816
749
1980
7136
1119
2569
3584
4008
7381
4572
7181
3366
1038
7078
4979
1079
2409
4402
3077
5846
269
7097
2716
268
7920
2292
1430
5712
4295
2921
6518
372
7945
5831
5155
4869
4837
6608
4964
3468
788
7562
453
5872
7705
7735
591
305
5403
2645
153
1197
3039
18
6198
5129
6876
7236
238
2855
2679
3436
2904
4673
3200
4306
4942
5974
1728
2581
2077
7684
193
6368
2120
486
794
3830
7273
3717
5190
2511
2730
4865
4523
2196
6906
5715
6452
7005
7671
4246
993
6764
213
3393
6017
1725
3678
4533
169
3722
5274
3251
1404
4837
7912
5140
6895
3202
1922
3985
3055
612
4460
7861
6121
3805
1841
5834
7091
7804
4189
357
5769
38
5373
1340
6833
6041
3129
5196
6534
5022
1247
3138
7710
7575
1981
6793
6950
2323
837
1119
6385
7147
2275
5228
7438
7528
182
1332
2124
213
2049
2076
670
5865
2341
2461
3069
1253
488
4740
319
1580
3541
3763
6597
6484
1790
7719
3318
1084
3270
6808
5285
4276
7870
5641
7021
153
2033
6497
6945
6640
1987
527
7254
2084
1757
7791
3811
2074
4564
7677
1574
7866
2338
3955
1771
1084
7976
393
7810
6396
3100
694
1779
4474
7611
4640
2159
4011
7563
6186
3160
1562
6327
229
3174
4611
3591
6897
6329
2458
7830
1124
1131
5139
1481
167
2365
4646
624
5265
6570
1005
3206
888
2152
5762
7183
4959
5163
3087
6417
6792
4554
6504
6227
3692
937
3306
4922
856
7342
5286
992
6962
2216
7866
2586
2405
5608
5915
1675
5578
6064
3646
3302
2043
1739
1048
7477
1717
2255
4987
1678
5326
2884
7038
7892
2324
1116
1650
2545
5145
1100
6484
5146
4394
3517
6073
128
5179
4248
4927
7292
2209
4785
3992
2065
5469
4855
7986
868
7311
5958
5159
7514
5033
1875
3430
7188
5410
7314
7441
6804
4550
4708
5238
7798
6478
3162
708
7906
5173
5417
3610
4215
4137
6479
4459
7708
2798
3435
2673
5632
6991
4259
2470
3758
332
7221
6633
2085
2370
1462
4063
6542
7205
7672
2065
5907
5954
2760
7759
2559
2564
2859
5110
392
6456
6094
1981
6866
6090
3033
3715
85
4313
6428
7694
6639
7188
7941
7502
3020
339
6972
3018
6024
1459
6993
4662
1183
249
5784
415
165
2008
205
5449
7571
3689
2969
2691
3509
5798
1912
4319
7103
3671
3258
2376
6086
2289
3498
3309
1442
3335
4748
7359
7603
4699
7469
5500
4487
4386
3030
117
2578
5441
4414
4587
1662
1801
7243
2973
2646
4214
3088
7962
1580
5524
836
6945
3647
7301
3371
7951
5227
2584
3133
5914
5117
6712
5602
3917
3683
6272
730
5492
2627
4074
2356
3273
2575
3682
2681
252
3182
2899
1058
3503
2640
2035
6465
5672
3544
6328
946
6644
6991
4373
2993
4503
3646
5774
7484
4144
2859
7084
3783
4611
7110
6980
6185
389
36
5571
6831
2539
4453
2288
352
1447
3507
4739
5850
3897
4212
1940
3976
6577
5033
6961
6622
230
7698
1051
3845
6797
1457
7160
181
4235
3276
7523
327
4995
7933
5164
2847
2066
266
2394
6243
2936
2468
5486
2043
4625
5543
5438
6635
7924
3111
1692
5560
1031
2172
114
7060
6844
4346
359
3278
7360
7508
5014
3655
1675
6821
6210
4828
5942
4360
3604
381
5927
3111
4902
4752
4527
5816
2929
2674
6324
4226
5605
2356
476
2334
1409
7169
6963
4342
4423
1587
7026
7578
1144
6217
547
5302
7992
4289
2017
4091
2825
6495
968
3628
5648
867
7103
2581
3807
311
4923
861
2063
2257
1321
5153
6221
863
3150
5709
7042
3477
898
6418
1675
3727
7876
5042
4341
3565
5989
7101
2676
1413
7314
1900
2787
6534
2715
2643
5015
7923
1896
1956
6151
85
7003
529
441
7267
7874
2638
2650
7326
1734
7609
2279
7771
2725
377
7691
1766
5124
7816
5544
6703
2230
6510
2909
5547
1169
6100
3137
1956
7399
7081
5522
7645
1947
4841
1279
417
1607
4756
4252
2569
2419
5656
640
7763
7105
2589
2764
1500
2493
229
865
2999
238
3209
4721
5986
2666
4186
5171
7499
2037
859
5697
4965
6189
1697
1366
6548
2758
1817
1338
316
4353
6057
5764
2151
5751
4657
1661
440
3303
2287
1611
3394
2487
7385
5323
4626
7560
4105
2754
4266
6633
6713
7434
2334
1785
5512
5239
1173
3279
1259
7387
7172
4342
479
6263
4528
7705
2988
6834
3307
7545
6972
457
6981
1360
5576
3821
2832
2172
7821
1490
4451
2208
4025
5893
6435
6042
302
6678
5149
4064
3509
6457
4281
2728
6335
2825
177
6131
6635
467
936
375
6887
6897
4648
1101
4829
7127
7843
4417
7612
6114
5889
2550
7250
7764
1682
7951
7596
2777
6663
1938
3017
3806
5337
3085
1677
5333
617
7393
3357
4093
3165
2161
3432
2408
226
6957
2738
4016
7082
2560
164
6218
6641
5645
3702
4726
7301
2963
3285
5318
441
1797
1798
1662
5943
6302
5444
7619
4786
2363
5822
1345
2222
2473
4722
3666
7511
737
7619
3254
1414
3363
3073
1865
2206
6369
1915
6718
1762
1183
481
4413
2582
6802
5160
2228
4459
1663
2484
6258
5377
4719
2887
6402
6624
5731
1475
1344
5791
6617
450
589
7634
5755
3528
4747
5938
7920
7647
2192
5908
1648
6613
6696
7058
6968
2685
5281
7069
2922
1334
380
5333
1471
850
6034
299
2169
6087
2254
6870
6748
1010
3752
6090
5264
5228
686
1513
1980
4115
4968
570
6004
7372
4255
2694
2478
1930
346
6261
2764
6463
5443
5931
4784
4320
3258
2186
1248
3562
1713
757
2125
3898
1116
7560
4152
7504
6158
6104
1810
50
1933
2165
1831
7169
6295
290
2222
5367
7013
5929
4525
5594
2899
7156
312
6599
6077
7220
4494
2395
247
578
7702
1718
1519
6184
6476
2827
1592
5045
3962
4607
6905
3620
313
4562
7069
1243
4646
680
6394
451
7987
7576
7840
873
3057
7474
1963
4584
6979
3123
5484
6090
6734
7330
4294
7521
5865
2585
6713
1384
5411
7609
773
5436
5758
4839
1766
2142
5079
2554
4389
2380
93
5867
1611
1061
2740
2935
4231
6309
2173
5146
2183
5939
1109
2872
632
7575
5665
7149
781
5932
2470
2848
5896
4906
4006
2083
4889
1510
3695
7811
4652
2264
7301
535
3993
589
6026
3315
1050
3769
5720
5308
6027
1646
4097
4603
6947
101
4476
1179
458
4350
5717
548
1764
4649
3230
2707
2797
3567
1542
3286
2680
6536
6040
5049
1753
1941
408
4207
1873
6506
6307
2789
4761
4299
7601
3702
2940
1334
2383
6772
5011
5565
803
3736
4202
4357
4694
5021
4727
6487
1243
5057
4514
6218
7080
2591
614
1942
2146
5890
6737
2393
665
1809
2174
5278
2181
4749
1038
1604
3376
3397
6629
7356
3318
4635
6000
5656
7759
5577
3618
1661
3971
2996
7288
3157
6294
5874
2093
8000
4304
193
2088
2171
5392
6153
4789
4789
5227
7174
3684
1480
1293
342
2307
7568
7664
4217
3180
4003
4941
3524
6887
2278
7946
3984
1405
1805
7878
6419
6168
1456
1841
3983
2693
7936
5097
6225
4547
7188
7600
3897
6575
5469
7751
5790
2935
668
7131
323
1274
5484
7443
1939
2416
1468
6728
4483
4579
5272
3310
7907
1769
7848
4883
4017
2154
2396
226
5605
6190
2729
7690
5911
6933
6582
1608
3575
1252
3308
6000
4182
3039
4901
2131
768
5884
4877
3719
3125
86
1947
1822
5750
650
5729
7823
6886
1260
1156
7678
6209
4909
991
4074
2052
4621
7678
7549
1926
6706
40
5245
5176
930
6369
7222
3544
6589
4395
6878
3541
2415
2900
1728
7960
3335
943
5764
445
1135
7655
2493
5198
3629
384
4946
2500
7558
7269
7717
2034
7374
2549
7777
6550
1691
4812
3303
7779
4511
2194
3324
3249
2419
7723
3138
3571
4971
3345
3652
1627
4531
6925
2688
6989
2540
2066
21
3571
2400
7806
3167
7877
7650
4429
3853
7621
6844
1190
7411
7289
5095
4071
760
6948
73
6193
6147
4482
7971
3906
4687
3768
3116
3994
5244
2503
1488
1967
5080
5678
7894
3886
4627
5546
5337
2542
1054
3747
1338
5184
2540
3460
6556
4392
1090
7472
6890
6017
3276
322
7120
800
6516
7097
7890
6898
1119
2399
3323
968
5491
6709
6262
6404
4711
2909
5853
5873
3736
404
269
5919
578
3492
7608
5377
886
6928
3654
2260
2078
1545
2472
697
5812
525
7628
3816
6577
6651
6916
3312
764
3418
7232
190
4219
4379
5906
4931
6042
6467
1736
3940
92
18
7247
3400
3818
5042
5653
7339
1951
7337
1913
6572
5257
256
1405
6081
7469
4701
4905
4661
5920
3846
1324
3300
5057
2250
2277
2385
662
3391
2386
1216
3313
6767
2772
7062
7875
2149
7835
7620
3690
3958
783
611
7801
859
1252
6097
3070
2877
4274
1658
4566
7425
7126
3175
5144
3618
4663
3873
3443
2022
5144
1371
4542
5850
7516
4413
74
776
6416
6997
5334
7288
4514
3216
6569
4284
4288
4050
5012
5573
3748
4176
6425
1971
1560
3572
778
1603
4332
4867
3437
4751
7425
509
6909
387
7740
3365
4156
4834
4133
20
1739
320
5719
4717
3559
1959
898
3169
2502
7136
2057
2972
4083
2803
254
178
7239
1161
330
6003
6974
7139
6630
3983
5909
4374
350
4267
1519
886
7062
507
46
4985
6630
3334
6738
6470
588
1429
4013
539
1096
1154
7232
1644
5854
793
6363
