4466
2224
5400
7139
102
913
2524
7772
7206
3286
6345
5992
1823
1023
6463
4772
529
1862
4104
163
6120
3689
3588
5928
2232
4643
1889
460
1595
1885
6425
3937
4959
6556
1581
2976
4361
6626
2300
2915
5169
2019
2231
405
749
7539
5581
5006
3725
5674
3584
6680
7948
570
3115
4067
7116
7723
5751
3239
792
6033
3815
5596
6833
4751
4448
5559
5065
5331
1698
5946
4014
6160
6618
4515
6354
5728
5292
1197
1758
7279
6397
1611
4993
7371
6370
2979
3624
4125
4564
4089
38
5264
238
7386
7931
2667
4817
3952
6935
3511
2921
4159
5603
5073
3433
3491
5145
724
7967
2023
3107
6837
7673
769
3652
3313
5936
4367
3692
2891
1837
5600
6001
322
3221
6422
3834
4652
3919
7141
2965
4960
6943
3216
3090
4423
2602
3726
7926
6006
806
4811
6401
1118
5186
2046
1359
5284
3355
4136
5069
1632
4315
128
87
4306
4731
6308
5827
4839
6262
6547
7701
6462
444
5655
5482
7964
6244
2655
359
6437
1746
7428
103
7199
594
4478
6882
4015
1736
3299
7248
4584
6960
3665
4957
2492
3915
7172
997
3234
501
5016
1978
5028
2745
7725
7496
1156
2932
6558
1921
4492
3780
6000
2599
7095
2952
2054
7631
7750
1259
3036
6440
80
6298
3578
125
4808
4402
5835
1840
4840
290
7526
1247
3683
1648
5245
6357
852
6794
3975
7415
1047
645
201
6741
590
2751
7816
3086
368
2956
5947
5030
4390
3260
5442
2668
1740
5487
6471
7955
6946
5026
3134
4391
6998
50
2026
4345
2352
3225
7958
747
5354
6480
4466
4891
1165
4694
7568
7289
3851
7302
1467
6173
4346
7019
1468
7220
2580
4631
863
7163
2531
2940
2774
1904
3614
1118
6856
6832
5279
643
7797
4135
4433
179
3546
142
3173
4126
1328
1898
7469
3058
62
407
6234
6802
4402
5084
2651
1400
4044
4722
6413
4986
2274
7702
7322
3427
2299
1285
6899
3800
1114
6394
7647
1761
727
1523
5142
3736
2966
1063
7412
3061
4608
5233
4993
7878
5415
533
4968
5446
3212
78
5400
5087
6847
7645
6101
5418
3630
1165
2343
7994
1063
3981
5824
6309
6544
6941
5373
584
5029
7671
6986
7279
5050
1051
5621
5910
6350
7769
5741
5577
5302
1952
6842
1212
2370
555
2984
4327
1477
5017
1281
2985
5759
6282
6555
5218
1520
3933
3147
3690
6329
5611
4907
2811
3595
662
6723
1085
6632
6446
7322
3552
1717
6979
2718
5493
6743
6810
3208
1786
6816
7469
3218
641
3845
7046
565
3703
3659
6049
4031
3077
127
1403
6390
1715
7499
2803
2573
4362
4329
6608
5708
7528
6366
7717
4919
2745
1477
4801
5930
3046
7005
455
635
6936
2658
4998
1083
7343
5831
3443
6648
3555
6655
501
7117
4173
5479
5209
3636
6764
4593
6179
2552
2123
3239
1490
5756
4951
680
2809
1312
3739
189
7171
2735
292
3450
5365
5348
6078
1133
146
2128
2453
4272
2405
7036
5705
3241
120
5994
1365
5080
4807
2673
7780
5275
1611
7407
804
85
4198
1161
1921
167
6719
6271
224
391
6589
7156
7549
3767
4903
5736
4741
2861
6110
4084
4313
7012
3477
2923
6828
7369
6038
5786
7936
6514
4443
5757
4742
5890
366
2203
6992
7360
7455
6470
267
7670
3123
6153
6045
5479
1427
458
7293
5059
5160
3197
6875
3403
5572
3037
6429
6339
4289
1729
4967
6413
7495
4201
3088
2591
4264
5017
7046
6631
7561
2446
2647
4848
2389
6438
1755
5300
2154
3136
6748
4898
4850
1161
5500
2491
7399
7449
1032
4881
5739
1685
6507
4354
3394
6601
1840
7126
4971
1306
3399
3333
7217
3734
5070
3505
6431
5642
4262
1102
6745
5690
6309
2919
7625
1443
1209
4470
5190
4902
1161
4015
7894
427
1503
3479
2813
4572
4146
6073
1191
803
6703
7646
3243
3837
5487
2136
4995
7573
2447
5563
37
5708
7691
7807
6424
6065
4149
507
6922
7919
3715
3692
2693
5640
5066
5994
5381
6438
966
7616
7863
4519
4061
4876
4550
316
6373
820
1028
4340
6444
2991
4832
753
512
1872
7412
2600
3145
5027
1277
1185
1913
7207
3401
6311
4037
4982
1379
6846
4943
224
3486
7635
7433
7226
5930
396
7355
1759
7081
7703
1828
3528
1787
5195
3748
5162
7161
4434
648
3946
6188
7420
7414
1639
2667
6881
6625
5223
246
6682
3774
2450
716
1387
1399
1544
2616
5957
4259
3963
1237
6902
1526
2055
7207
5625
2046
4845
6518
2368
3139
2365
3270
4735
6431
2378
4221
1340
155
5585
5105
4087
2405
4793
6312
4442
1383
2205
529
4022
3812
4641
3005
2002
3338
7988
529
2982
7354
3586
3128
707
2861
6973
7025
2297
1395
5894
7337
5403
7757
6879
5931
6922
6468
4350
550
7533
5040
7904
6245
3253
2290
4953
5630
1588
4321
6586
5341
1685
2713
442
3269
4284
3152
2030
6739
7076
5314
1580
7064
7901
7132
3874
1331
5336
7641
7649
648
5038
184
5186
4712
6012
5996
5136
5323
527
2957
2687
3003
4439
7779
6348
5769
6216
1125
4
5416
1842
3821
3007
3800
1794
1422
238
813
3717
2093
3675
3464
1820
5026
6866
4936
3850
48
3812
2758
6678
1833
4101
2028
3447
520
3488
3636
1792
3059
238
312
4722
6774
956
712
2738
1011
3947
3837
4518
2088
2211
4968
97
4449
4607
7017
2332
5038
5786
983
4294
6458
3923
5190
5002
448
7962
1571
162
3543
1165
1160
1454
2545
977
3313
4453
3838
1398
49
4636
2702
7144
6874
2323
1234
3708
2901
1003
4180
2750
6325
2889
4755
4334
3683
7813
2165
3133
238
7949
1882
4216
4266
7100
7723
6750
727
926
3363
7792
2730
6787
3498
3635
2421
3283
3438
2722
6616
1116
3906
2377
3993
2330
6806
7110
50
2986
6945
6416
1629
737
5178
4322
3446
7688
1113
5083
4836
5137
85
873
3720
395
3418
5868
7122
3913
6805
5335
5777
6060
6630
2662
2023
7521
2022
6622
3452
4416
2350
3219
2545
3766
4339
5033
4709
7129
2789
517
677
6798
2431
3885
3376
7011
5258
7308
1835
970
5872
3400
5222
7983
7522
3953
7768
4992
4031
2465
6327
7339
5281
8000
5802
7594
1916
4899
6777
7755
744
2917
4419
3059
7126
2118
4382
759
3427
7608
1663
1968
7759
3618
454
759
3325
5502
2435
5580
4893
1906
2642
3111
2538
3204
3573
6643
5668
1756
7780
30
148
6482
1015
7003
1750
4349
3496
2510
5844
4885
5400
5816
5502
2541
6355
1472
5148
6851
4850
1566
3188
4163
5692
6574
5576
6703
1848
2752
4102
4705
2709
2826
4907
1270
196
6705
5148
6368
6893
1479
4678
7300
1850
4527
67
3976
3100
6950
4688
2912
3592
3320
6858
2766
3457
3655
5462
132
1497
252
5034
1815
297
7344
3797
4786
7563
2027
1795
3105
940
2798
16
7397
4212
2399
5034
5443
6856
4165
5217
103
4700
1824
298
6546
7759
5245
5917
1615
305
3871
3647
2894
3595
751
7410
7548
227
1159
2476
7222
2601
617
679
5781
7532
3548
1431
4266
519
7613
1568
7158
950
3797
7651
5298
5414
6495
708
1692
3083
5262
1260
6289
5513
4729
110
1953
6421
763
210
5088
5488
4694
3266
538
7054
1866
3861
1086
225
7630
6784
4949
4596
6442
109
427
3600
6025
2523
895
6240
5681
6070
7518
674
5288
5625
4541
5864
5369
1852
6783
2792
4985
4421
3674
1679
4056
4042
719
7706
4091
4962
7136
768
7441
6718
6348
6958
195
6028
318
6731
5150
4678
5529
7880
7481
2761
1426
4999
5369
7455
2392
3647
2710
3980
5777
3236
1625
7476
5838
954
2955
4046
2606
1725
6620
3578
5521
899
6564
5402
679
2428
4569
6524
2642
5166
5366
130
5222
2314
4199
7260
2891
6221
6800
5246
6137
231
1076
804
4908
5462
4779
6674
289
5195
5188
2564
215
3611
438
2312
7560
4679
667
6010
317
4686
722
714
4412
108
6507
3333
2821
4644
4277
1383
7187
2981
6098
7625
5033
6827
4436
6486
1014
5843
7916
2047
745
2138
3638
7204
6165
6284
6681
5450
3159
3422
5409
7572
6949
4331
4860
732
3747
4815
5679
7067
2343
2226
5443
3399
6316
6668
4984
1297
4919
932
740
6373
4865
3391
5559
3556
5700
7764
2601
51
4873
5835
4251
6568
5808
1432
3564
5178
2969
3187
1375
3391
182
7422
4990
6709
6529
1627
3783
113
6619
5041
1161
3101
2780
6733
2465
7946
7519
710
6599
1884
4832
5084
408
135
2226
7639
2923
1758
973
1631
2167
481
423
4012
1389
1539
7454
4344
2420
6752
7865
3264
7161
88
6653
2732
7552
453
1448
397
1119
6433
6629
4012
5291
5557
839
951
3714
6417
711
7618
1077
6163
2761
5036
4479
4889
6043
3336
3115
5289
6288
7189
3239
3838
3660
3133
6556
5213
5043
4653
3578
1012
4118
2620
3390
169
7276
4818
3929
1928
5363
5271
1034
6940
1031
4055
4130
2016
6120
2686
1353
7000
5084
1392
4679
2630
1352
3236
4626
2615
702
959
4143
3431
6723
3441
3008
119
18
2065
308
3234
6888
1561
199
1835
4168
2140
3441
746
537
7132
4871
7193
1912
3251
7479
1319
4961
862
3285
3549
1001
5154
6644
2176
6943
1940
2769
3560
4726
2831
4182
2419
3298
156
6370
6751
306
6561
4067
7090
1473
3583
4281
2731
2924
392
5143
4861
3258
1519
6603
1284
4799
4485
7987
3289
1907
368
988
1050
4995
2950
5694
4641
408
5673
5596
2797
5534
6791
3863
2310
3907
7129
2294
1980
7062
7459
1101
3364
3746
6780
7143
7941
1549
2429
4707
4863
7969
2963
3876
6278
2827
2272
229
585
5487
1652
4222
1302
1
5143
134
5354
2620
3751
1129
2269
1399
1624
3872
6801
1360
2850
2637
2478
4418
6245
636
246
6315
6309
2493
4456
4934
4501
5825
2804
2632
3072
6689
4346
459
1148
7387
7866
4113
2980
1712
3900
6486
243
5096
821
4141
1818
586
7999
2549
3137
4606
6354
6167
2766
780
3946
3862
3532
6993
5264
6598
884
4219
2246
621
7294
6425
120
698
5416
2350
1493
156
1206
3842
7927
4102
1924
133
2222
5625
6870
3901
6924
4771
4976
1240
7484
1786
992
7816
707
5259
7147
6384
7629
5884
6419
2960
6590
2374
7760
2111
6919
3210
2695
2705
6138
1309
313
6951
303
1847
1119
7183
2720
3516
5109
1694
5127
414
2594
3662
2484
1790
3540
2506
4872
197
2657
1218
3843
7405
5485
4405
5693
735
7549
385
1428
405
6957
6703
1395
6858
1044
4305
2383
7325
3766
3526
1172
5689
7903
2834
1110
6702
3884
5523
5065
7269
1819
735
6770
5558
4215
1446
7519
3447
5175
7693
6365
1100
7821
7189
1542
7490
5619
3683
4831
7591
6139
6231
3270
6186
4000
7109
4293
6601
1020
434
5059
2155
7591
5213
7124
3275
413
1109
711
2388
2619
1065
5255
7381
2115
3279
57
6941
1984
613
5835
4222
4034
4327
6135
5499
3022
2915
5854
3558
246
7362
1212
5618
5138
3292
2752
2436
3149
1664
2252
6616
7815
7967
1075
5127
2672
5238
2014
2590
7862
1252
2862
5029
258
2055
2966
5774
2109
849
3586
1236
3166
1136
1233
5348
5214
3557
3093
6051
6418
4225
1460
6104
5681
6160
4744
2009
6910
2358
4025
1010
1450
4707
172
5811
1231
3786
1314
1735
1256
5868
2846
3453
208
6534
7589
1514
6674
1052
3259
7173
2660
1248
6907
5598
69
1067
5103
2198
7054
562
4390
734
2510
5951
4972
1059
3603
3488
22
6007
6809
5727
4869
1571
60
7298
1905
7890
4351
2277
2669
1469
7230
7716
2579
3274
3997
3341
7440
4576
6341
233
3590
6111
2266
2247
1177
2254
2140
125
5578
2286
3804
7378
7736
599
2495
5703
578
1523
4453
7508
3948
4386
465
2432
4026
6597
871
7654
5916
5581
1663
1207
5622
1432
5558
7794
6399
5546
5968
2103
4500
222
7243
1750
6961
53
2664
7349
7155
2784
2248
5638
5160
971
3437
4284
7156
2710
4819
5518
3837
1230
5049
5690
637
7677
7288
6139
4043
7726
320
1321
7977
3306
6046
5740
5125
7505
802
4327
4270
1706
6952
614
6750
322
5601
1585
5912
7737
4366
25
3404
1107
7685
1046
7113
2945
7084
3872
5395
3387
6758
2077
3629
2575
5399
464
4365
2754
3065
4412
4682
2329
1484
3300
5653
6076
6178
4996
698
4945
5803
7599
2619
3359
6544
2067
5246
6979
7915
6148
822
7113
1333
1317
1279
5988
6635
7054
2971
7397
3675
1919
5758
7337
1559
5499
6047
4693
4153
6572
1825
3862
1776
6571
1445
6482
1616
7651
3816
2440
2042
1201
1580
5343
6612
4941
7487
4781
6006
1521
7329
2726
5004
2506
7150
3202
2550
4071
5417
4943
5367
2219
4695
6382
5709
3385
4894
7735
5646
3562
4405
6793
4958
3284
1876
5748
5944
4681
2485
822
4116
6651
6696
2358
66
1741
3139
4043
6805
7834
3143
3805
6274
1040
6186
6043
6982
5588
513
7697
3075
7739
3974
2263
2822
258
4011
3706
4822
4132
1739
5997
2561
771
2199
2142
1795
287
5813
1833
869
295
5780
4892
7763
7009
2463
247
7652
4187
3804
6859
5785
675
6223
2056
7741
5239
6798
7615
1743
1331
4033
6014
6508
2557
1108
1618
2814
7774
3973
5926
5122
7562
6487
4581
3272
5891
1129
7220
1259
4101
5837
3814
7387
7964
5909
483
4358
418
1162
866
3570
3124
5675
1665
2180
6195
7019
2878
1231
795
4810
6175
878
5615
7369
4836
7428
7649
3095
2240
4365
5883
3338
6086
1080
7478
709
1077
2820
6279
737
4322
4405
5973
3707
6940
6640
5851
736
4679
6176
3848
6562
2481
4322
6317
2192
1071
1838
6110
4723
4306
598
5628
1334
7792
4072
4647
6898
4741
7954
5456
1390
5169
5923
5649
5979
5622
38
6387
1123
3791
4738
7717
7436
4864
677
1424
4692
7723
1266
495
3713
2946
1735
946
5725
6038
2467
7917
7487
822
7462
5382
6595
482
6138
2722
6682
7874
5283
2633
2685
2779
696
5524
7263
1632
2576
4288
3497
6747
3741
6582
785
1905
7203
5370
6280
125
531
5556
4434
368
7369
1442
4979
2032
939
7338
3785
6393
3572
4499
5246
1172
924
5546
3814
3123
7417
6940
1740
1801
7421
6509
2400
4823
3167
3048
4737
5436
5677
176
3824
6257
2281
1216
7329
7779
2851
5421
2371
261
3643
7068
1796
7236
6766
3818
4881
6854
7590
5945
1053
4289
6959
4481
4304
3869
5115
6737
553
5551
5652
1118
3244
4138
5067
1901
5463
6635
4128
330
1321
2258
3934
5354
1466
6914
4841
6661
3818
4536
1704
6232
7166
4125
1093
2389
874
7999
862
2070
958
1296
3564
4810
3476
6900
7864
823
2403
1423
1816
3291
430
7513
7315
5102
5440
3151
3540
3601
4959
4784
2741
7517
3364
2413
1753
7817
202
3356
1749
4078
2279
2464
7495
4887
3594
4932
3183
1008
5893
1554
2171
3536
7500
289
7399
7917
2725
7782
3615
782
1445
2718
5239
7972
2925
881
5842
2939
1338
5010
3851
4003
2299
6925
234
7854
5100
1580
684
2807
5731
6241
441
3593
7177
5807
1564
3079
7806
5997
310
5166
3458
5066
4490
4993
4177
5209
580
6290
747
7431
2861
7340
1833
1131
2799
4359
3720
3132
2047
3544
3696
2235
2254
454
2998
6177
5796
7207
3289
6363
6902
2062
1009
783
4167
1485
2181
4315
1760
7563
2693
7295
2404
6348
3453
4970
5743
4839
1607
5164
1214
5390
4378
7913
5063
1808
5396
5568
5043
4231
3199
4002
5308
6644
2011
2201
4984
17
1234
4852
3278
2446
6922
7467
5690
7071
3462
7559
6034
6561
6683
5053
5567
5340
2206
3858
6241
2094
354
6065
488
5331
6055
3524
5956
1161
4953
392
5476
3339
2848
3187
1216
2786
958
2107
3440
5896
1622
6094
7651
4343
36
4722
100
1230
3320
3276
7070
2091
5803
2926
3521
7543
743
2478
2779
3771
1660
3956
5573
6953
318
5777
5844
205
6053
7689
7433
2634
5802
6809
378
3601
6156
509
7323
6389
2454
481
4827
4734
7051
1857
7710
693
5137
2087
7793
3025
2514
4696
339
2493
1854
7827
2149
4749
103
6174
6879
6487
2003
7490
2936
188
1540
3448
6343
7723
3362
3319
6634
7296
2739
1297
6386
4437
1323
4742
6251
6491
7046
1846
2693
2906
935
1182
612
2802
5893
1009
6792
5436
386
1981
6889
2725
5864
628
5386
704
3763
3751
6770
5625
3467
1151
5947
5395
1580
5361
3361
4042
2134
33
4735
6822
3546
7165
5719
135
642
7013
3960
2495
6636
1612
7665
2133
7069
455
4775
4313
5965
1092
4799
5279
6932
4833
4379
5103
4335
1910
5905
1089
4715
2001
7875
6877
3471
6071
2559
5727
4003
372
6647
1702
7675
505
6869
674
1510
4810
5771
998
1102
1650
901
279
7425
7365
5792
1077
4330
5471
597
5934
2677
5808
5866
1509
3098
3063
3946
1475
5709
5446
424
7396
788
1410
7712
6416
2320
5677
4759
5031
7552
4822
629
5453
6631
5651
1150
6512
3094
5477
4941
3491
439
3855
61
7439
6005
6676
2374
4035
4527
5480
4095
2831
4228
7415
3923
7581
2879
4234
2645
365
151
4019
1387
5496
5045
1772
2174
3399
4868
5715
1404
759
809
4831
7951
3394
5729
6386
3913
1571
4897
3993
4966
1857
3548
4459
1890
771
6887
6310
4112
2409
1095
3425
3756
225
6681
345
3335
1941
2303
90
4800
3450
444
699
4883
3606
1927
3338
7005
2386
3093
4543
5365
6106
5919
1821
5293
6600
2072
7272
2222
4037
7462
6171
3662
1301
5479
7081
7547
6340
1185
857
7517
7628
7805
1749
2162
5060
521
1923
6109
2410
5353
1999
2027
92
5870
5677
2376
3206
4127
6796
7656
4097
7328
1625
1190
4340
6532
5373
6662
479
1449
7130
5818
1078
760
3196
5537
7426
4007
5970
1137
1227
5458
7714
6296
859
3603
4550
7440
2240
4389
3875
1151
3203
5933
1533
929
6750
4570
3627
7454
7348
1639
6828
2192
6437
1607
6351
7418
6195
3593
4542
3754
2248
4174
7526
1828
5356
7582
2972
7893
3708
5289
3890
8000
1365
3653
4285
6004
6230
4277
5366
3305
7742
821
271
6145
5652
2893
6005
5143
5160
4408
7376
5695
7574
7792
3544
5912
4843
4321
4102
233
4050
6109
5624
5371
2075
4861
7358
2789
7238
7498
3504
5480
5475
6821
751
2203
1771
5029
3795
7
5661
4872
6193
6873
743
585
5487
949
6750
1349
3364
53
1388
3282
3863
5794
990
5698
4234
5667
4604
7400
4675
5214
5983
4860
5333
400
5
6372
1008
5405
7478
5958
4638
1759
7019
3305
3495
6973
7103
3998
7824
3349
4577
1954
5715
4472
4372
4002
2873
6175
6069
7544
3299
6307
2618
1051
5404
6139
4859
7989
4266
6721
2905
4939
4614
804
2474
7583
6943
4276
5870
59
5224
1347
252
6619
4859
4390
1060
2583
7368
7077
4280
222
180
7545
764
621
4683
4957
2096
7152
7370
1085
2728
4672
6600
7472
6016
4206
661
6723
7540
355
5456
6156
6185
3769
7559
2059
473
4873
1741
3881
5268
5170
4696
3320
7391
6481
4613
105
6833
6456
5194
4816
1857
3926
7371
3300
3579
5074
557
5094
5405
1163
7683
4208
3019
3382
5245
3066
3771
6521
5625
5747
6171
6217
2996
7133
6272
2383
6546
6007
1874
3530
5649
6528
1680
5159
6711
7882
7638
1409
5876
7292
4394
7975
1323
2426
3965
7883
6664
5709
6612
2544
6640
7312
5025
5772
745
998
1304
4061
2934
7228
217
7745
7017
7164
4153
7413
5566
4239
2679
2378
4009
6475
5343
7161
2249
4478
1566
797
167
6909
7767
5926
1787
4927
1933
5610
6004
5532
5909
7222
7289
6190
2221
2566
259
4254
675
1897
3248
1466
3152
1763
1212
3755
5927
2330
1973
2571
3991
3067
181
7384
5190
5659
5735
7555
1855
4862
6553
3968
5801
1181
3538
1500
1746
5822
3680
1459
4801
6291
6869
6742
1819
5349
2352
253
6828
3509
5836
7001
7795
2102
4290
534
4330
7937
6312
692
5463
6681
1485
7564
990
4895
944
2481
7143
3020
5414
4110
7485
5992
4397
6234
7568
2249
5848
2359
3535
7404
5752
3789
930
2463
1096
2309
3436
2846
3690
4546
5594
2236
2474
7642
7396
1252
7464
1034
3686
353
6348
1025
3217
6831
3503
1173
1958
4904
3629
508
200
5700
1594
6163
7151
2507
666
1551
5133
3344
6850
3450
3068
7296
6672
349
4844
158
4633
1411
6560
7059
1116
244
366
6651
1246
1679
6296
6465
5053
7633
4262
1582
4159
1285
1724
5670
1639
7770
6940
5337
3447
6025
5299
6374
1339
3570
5734
6041
3200
4940
7580
4064
2392
6037
744
5243
1055
1831
6272
7724
5601
5627
6339
1158
3132
5263
3417
1146
7181
1244
3457
2780
3498
4116
5762
3494
3787
908
7179
3698
1513
7512
2110
4058
4832
6735
7105
7611
5327
5394
3366
6507
2106
5279
2909
2487
6025
3109
1450
3267
2171
3404
6147
1665
912
7381
4089
679
6779
5357
3620
3671
5581
5354
4693
1677
7569
6687
7851
5304
2480
6350
6881
5070
611
2426
1671
6358
984
2023
866
4036
6734
2825
6344
5351
7566
2441
516
5978
5932
7810
4979
5195
7387
3436
344
265
7739
5911
2839
7121
4631
1962
5378
1039
2447
6304
1024
6383
5328
2670
3015
7862
5672
1673
2916
6619
499
3246
2237
4126
4352
7910
527
4528
688
3013
2816
6583
3038
1032
2228
6099
6685
7707
3305
4300
5511
1054
2186
4513
2313
2732
6313
5246
1812
6528
1755
3746
1780
1873
2461
156
2061
3982
6777
3850
2965
4073
5189
3911
4000
3483
4647
5358
3588
6394
2600
7909
2953
3168
6890
5968
1827
663
5810
6541
2835
6580
4260
561
6735
5414
2065
101
3551
7440
1414
5539
2227
4949
6616
73
6132
5810
255
1531
1969
3735
7010
6335
3578
3508
3956
862
7899
2364
5409
3749
310
3258
3040
7915
4751
7242
134
7530
102
5458
5886
1055
7562
1386
94
3731
2770
455
870
594
5176
5938
6427
1448
3465
7732
2487
1497
6747
7786
4127
2009
3733
202
1352
7246
4413
5688
5861
3636
7404
5662
4060
1741
4536
3227
3430
7648
4052
5834
5011
524
587
902
44
958
4998
1523
2273
7209
1843
283
1782
5167
7102
6536
7780
1522
3009
5435
4630
1426
5809
1554
5673
6650
657
5320
3796
392
5325
6334
2706
4570
1016
523
34
7744
2033
5294
7833
979
2400
2645
6083
5203
890
5279
2350
16
4071
1836
5570
2406
3543
6880
6569
7041
7955
4262
4306
4695
4887
5765
7808
5093
7199
4074
7882
6586
7428
6515
200
889
1704
5941
7423
4362
4418
4441
265
510
2414
7214
4014
392
2960
7451
7993
4172
6488
7607
769
4623
4146
6188
6309
7810
2868
5174
1225
6119
4559
1217
2694
5498
5771
455
708
4877
7604
3210
7094
2283
7918
6014
6498
7086
3871
4240
1993
4624
954
1540
6475
979
4517
15
2699
641
3866
6436
615
5020
4877
4986
5556
3225
3978
7062
4359
4376
3646
1283
4269
4186
3343
7515
7913
2867
4679
3735
6418
112
6885
7656
3227
2827
2867
5588
4386
840
5972
124
1839
7782
1660
7339
990
4138
627
6631
3763
5343
1693
4236
7069
1273
3482
5939
4110
2272
4522
2898
3107
4265
7052
1753
7915
2595
1158
5713
6349
3707
4887
1124
2015
4022
801
4756
2600
6961
676
6136
5172
101
2115
7278
7767
553
3252
3839
2884
229
1963
1454
2563
4057
271
3443
4590
2716
7394
7747
5887
5717
1020
316
6918
385
2755
1937
1098
6457
816
7812
3923
3885
5810
406
3823
7334
4138
863
152
7286
1017
7328
1376
2763
2655
5554
256
7468
5571
4916
2259
5518
7904
6527
5621
6930
2030
1142
1230
138
6827
5164
4940
510
1246
3197
1189
5481
147
2478
7974
2150
3975
5289
7550
1988
3954
2239
7616
438
4363
7938
820
1563
1170
543
6000
1855
7154
6298
2174
2143
7424
332
7144
5713
4471
4812
4377
4172
5465
5830
6656
3268
6608
3379
4575
7310
3749
3566
1266
7974
5662
307
959
7316
4358
4079
4727
4230
2448
3407
6803
7801
2637
6485
1127
4274
3370
4341
5331
7919
3452
124
3285
4605
6849
5951
3747
5215
1084
1452
1442
774
5984
5608
2447
283
3546
245
5278
5907
4442
1621
6322
4635
1521
7740
6168
3507
1717
2762
2461
4626
5208
1544
4836
1054
1135
7623
2853
2698
5366
16
7559
6433
2591
4044
3016
474
7928
4606
4690
4390
5177
79
5290
2065
6732
6439
7565
2244
5743
7776
6575
1127
4733
682
7530
141
625
2904
5894
169
2020
4834
7822
7680
4911
797
2649
194
783
260
7278
6128
2981
5852
966
3613
1903
2718
3491
458
2792
4116
2834
1133
2264
5504
2024
2141
2362
4158
4850
332
4606
3189
3075
4858
3809
2555
6511
7416
2056
278
4431
3053
2467
4131
4762
2307
5766
656
5218
466
3493
2697
1875
7655
1072
1374
7128
7450
5311
6067
1948
7762
6910
2988
1789
427
348
5304
6308
3556
3223
7450
1835
4025
938
455
774
5809
7609
3392
4095
4371
927
1776
4496
3458
5233
2888
2973
1963
4712
7207
4860
7658
7624
4761
1772
1371
851
2262
6803
4609
2396
6550
1353
5911
4035
6544
2516
2165
3346
1457
6787
1417
2785
7263
1880
6519
7921
7557
416
4439
1571
6063
2389
6101
4412
7452
2310
5321
7612
7518
2047
7827
7310
2787
5612
1981
4817
1422
4350
2200
6779
1059
5101
2603
6718
1556
7865
4050
2883
7510
5294
7903
765
4021
4176
6906
2946
2452
5306
2391
642
3232
3858
2387
1785
5640
7808
2383
78
6619
3499
48
1415
5478
5250
7406
6472
5530
2538
6564
3378
3078
2447
6969
5389
3252
6327
2309
6861
6224
3691
2753
82
5485
3787
645
6535
2341
1969
5788
6368
2817
2745
6867
3148
7790
5505
3516
4769
7964
1991
1657
2573
6787
2083
1195
6447
3012
4471
1286
2812
2384
7160
1682
2785
4887
472
7899
4906
6394
2740
5638
5791
5969
4709
4698
4727
2355
5095
6270
7527
7082
3047
6226
5814
1967
364
5378
1690
6270
2816
3309
7029
5534
1560
660
4834
2653
2940
7848
1485
1216
6283
427
3881
5584
4470
998
99
5324
3522
2090
4179
3872
7540
18
4536
5382
6606
6833
3729
1966
4449
6957
2745
5388
3026
2424
819
208
4799
3954
2268
4171
7869
6501
456
5976
6069
2579
6626
6836
5038
1454
949
5946
3681
6338
7598
6098
425
5174
2505
4554
4182
1332
4013
1195
4681
6356
6456
5757
1591
2798
713
4648
5772
7873
6458
7841
6235
3618
7557
313
4360
98
690
1092
1783
5031
1634
5051
1540
882
1953
1386
6051
482
7278
5026
430
3024
5686
7582
7340
6619
5933
3380
2184
5473
4315
3942
6430
1187
2622
3629
5152
1666
3033
1043
7630
2523
5651
1820
4804
7239
1417
7224
3145
3134
3676
7292
675
5164
3088
1573
186
321
6390
894
680
3724
2141
2746
1193
3829
4389
757
4244
4092
1139
3640
2031
5381
962
2704
3413
4636
6515
3729
3080
4944
3738
3381
1535
759
5958
2033
2645
1328
3805
7761
3897
4468
5198
7052
1199
178
7997
1091
6457
2079
5363
6294
5114
1223
3608
660
1647
4067
2528
2984
2967
5880
2312
2446
5603
7172
4549
5229
814
6303
1816
3641
5514
7231
2686
2449
4346
4368
568
2678
7160
5885
2270
2032
7359
6526
6732
7686
1750
1714
3531
434
1141
7517
5256
6890
6125
3014
359
7537
2604
1586
5844
2936
1486
7197
403
4718
3122
4869
6639
7955
1165
7779
5287
2590
2573
6453
7489
2607
6269
6762
3282
1668
1762
5816
5748
3830
6652
7091
7593
2613
7275
2563
6134
3571
6272
7684
3389
4891
5162
4588
690
6349
3994
1320
7245
5908
3495
7516
2600
5001
4464
5769
6658
239
7070
4588
6658
5530
6786
2789
1630
387
5693
5432
1104
2666
2247
1121
1229
3323
4102
6230
2227
3571
6548
289
6473
6922
3014
2794
1062
4593
7856
7874
196
3519
3785
4902
1442
419
7567
18
558
950
7913
7992
6233
7491
4035
6187
1715
3053
4382
4809
1146
3959
6353
7967
579
6555
975
7328
7008
6268
2344
6840
3958
1862
5661
3719
523
707
2407
6850
5581
3062
3632
3825
4184
4899
6699
7665
3576
2320
3433
7406
4355
5746
7213
5613
6921
4810
1327
310
4808
3541
1931
3151
6907
7276
7213
3709
3439
3971
6517
2013
7448
5571
6043
384
2222
1477
2047
5737
4242
6034
3668
6817
4716
5612
1964
1853
3811
3340
5850
7384
2224
1728
7122
4693
3660
4568
6442
4446
1083
1827
1116
6834
7008
3919
7172
3128
7755
7194
6205
668
1240
4359
855
1995
5443
3483
2058
2697
6621
694
5469
7869
4383
4539
7581
7245
3918
3304
3996
3495
691
3088
7331
7743
7187
2168
333
6483
1975
3307
1395
3810
2641
1817
7455
1786
6331
3192
4695
6830
723
405
987
574
4687
7445
4539
6582
7896
2341
3688
6855
5161
6741
2244
2642
2972
5938
4736
7601
7757
5002
5462
6565
2397
489
2176
2275
3255
6059
7408
232
5321
3158
1696
7726
4559
2770
6789
3678
5189
7888
92
106
5709
7626
1891
5241
7967
6555
1537
5926
295
917
5089
2713
5560
3641
7148
1130
4630
7569
3325
569
5835
1292
7197
7819
721
3601
3787
3308
6140
5689
3122
2670
2545
753
5718
7424
1498
4298
6497
1376
3449
6924
4737
5092
4634
1069
4829
3468
4422
5976
2906
1814
5682
6283
4245
7900
5997
7437
4976
1632
7447
7415
1003
5568
5736
1278
2274
6790
131
2861
5681
6694
578
