6890
1569
7647
507
806
2299
4533
662
2373
368
801
7270
6081
3663
2404
6951
4733
7748
293
7217
3051
3436
4842
541
6395
5002
1844
5425
2004
762
2264
6798
2597
2949
3974
279
4415
7026
2188
5404
2069
2595
933
506
4216
4630
6198
5992
6316
2906
3190
3168
1550
6905
3026
6021
5839
7403
6348
5665
2998
7384
4921
1882
2027
1777
6079
4500
6138
5579
471
265
778
4772
7899
2457
6535
4296
6972
7314
876
3295
1759
3175
3652
3315
7032
5293
1684
2766
6112
2925
5233
1502
5381
3945
6944
6180
1506
2464
1363
6572
2169
2613
6165
5370
6032
2508
6101
1002
6944
1899
2694
4889
312
2685
5077
7435
7234
7648
243
7098
5782
7766
6697
1006
449
7199
7278
2880
4710
526
1979
3429
7
5585
3970
5688
4027
211
4021
1363
7542
3466
2422
2441
5836
257
366
3422
4156
3881
5270
68
7505
7829
591
6713
4767
7361
407
7597
6296
7963
5558
2280
4745
2486
3712
7570
6925
7175
7468
6180
1140
2466
1739
6516
6642
4737
7278
6029
7712
3936
3902
4255
537
666
7798
2605
3789
4262
45
2211
1228
6049
2484
4120
6784
7024
4523
2655
7820
1044
2132
3744
6483
1981
4800
324
2670
1804
3503
802
4229
6848
1003
6229
4572
2508
2148
5105
4574
7413
6023
7494
1431
760
2383
2194
6854
3431
470
317
5357
5209
6928
4329
5532
2154
452
3315
2171
1280
5681
6373
4404
2009
4445
2873
3642
2571
4017
4734
3628
7041
2432
1798
2849
7704
7
2368
4699
2726
2777
1510
4804
2804
3306
2314
2501
6549
1001
601
3970
5144
7653
7544
4689
1128
2824
7373
5033
5719
1316
7740
379
7807
712
7505
2532
3818
2969
5471
7229
7444
5899
4900
5066
6280
20
6657
5250
7412
4197
2567
449
2414
5013
3971
3313
1840
335
5948
3634
743
7004
980
7312
820
2212
7018
3708
2278
875
7329
6277
1966
4400
2317
4209
191
3978
3185
5838
1309
6419
2023
160
1598
3391
2347
2987
6425
1048
4814
882
6999
1514
1159
6084
3305
981
745
1720
6219
3128
4505
4489
6812
4947
2768
1848
7543
7953
1196
786
2215
452
3223
50
3472
5306
4034
4238
777
567
7830
4209
5067
3296
5213
7541
4457
2258
2379
1220
7432
1975
156
6034
3842
6438
4844
6671
5634
6977
7416
7361
7850
6437
2558
3860
5652
887
6321
849
2783
3590
3613
4952
3403
7641
7292
4877
587
4171
7887
5534
6739
7704
4973
5952
2255
2646
7341
7479
1833
1239
4430
7481
6883
4389
994
5929
410
49
17
526
1611
4014
914
2779
4962
3140
764
1169
3697
6829
1121
6305
3928
3413
3920
5054
929
6785
1729
3181
929
5153
2817
945
7067
5189
6007
7458
5105
3740
6673
4952
7525
587
2985
5474
7898
3620
1369
7916
693
7619
1620
5919
964
2002
5688
7719
2248
745
7278
5086
3786
1566
2449
4824
5711
6610
4384
3140
6511
3537
6494
3595
3076
2422
7513
3446
4854
6841
4363
5303
6637
5741
1840
809
1550
717
3631
4355
7533
627
5405
3312
5474
1309
4634
3988
7057
2256
6539
1447
7167
1701
3715
2250
3156
7
2639
2076
1557
4448
4742
1264
3139
1026
5189
4347
7606
3070
1428
4644
7570
3635
3749
3597
3176
1855
1128
333
5198
1109
4168
93
1349
2004
3825
2646
1641
2392
1590
3734
3539
1407
2155
5671
3326
1385
6002
1161
5190
1029
2110
6124
5855
640
7547
274
5924
2289
7616
2075
2573
6529
3501
176
4611
348
4971
307
1904
3294
4330
1549
6029
5373
4858
564
7642
2052
2714
879
540
2685
4852
4691
2857
1697
7479
1232
7145
3477
5560
2165
4073
283
1381
5760
4434
6305
3711
1520
4062
1429
3025
6995
4958
2173
4286
6494
6760
1333
4089
690
7750
3358
1620
6448
3999
1495
1497
148
3245
823
1984
817
6002
6813
7278
6968
1933
1859
2725
4236
6821
3806
5160
3487
991
1778
4259
3038
1092
5418
1340
6377
847
7481
2602
2180
3768
2016
1020
6417
7711
2919
512
2103
6432
6750
3413
6295
6213
2630
6203
4512
4480
2423
2230
7368
1471
2766
251
1259
891
6314
7512
2926
4376
4952
5462
844
3963
3324
7452
7673
1435
6166
5110
2364
5730
5172
2767
1494
7973
346
2179
2432
910
3370
5806
7681
6015
5434
441
1708
6612
1791
6862
3236
925
3290
7552
7585
733
1071
3073
3703
32
2927
6172
3367
7916
1324
5936
1237
2836
1119
5495
4589
5364
3856
2157
5927
6655
4168
2487
462
2857
7973
358
7363
1885
1471
1294
5645
1773
5887
1434
3026
5703
3159
6978
5228
6645
656
2022
6261
2862
1680
1632
3913
6561
4893
5627
3177
242
6501
954
4802
7679
3971
5353
2697
964
6665
1364
7384
2108
2187
2266
4845
1534
2662
5488
1961
6563
6805
726
7779
804
7890
398
2150
3439
476
161
7098
7316
6968
2474
600
3428
4084
6914
7613
7435
1901
1114
1927
6786
7102
1664
1533
2787
2053
1895
7954
2898
2107
7436
7281
4193
2001
4934
4448
7052
1979
5654
1781
1243
4639
557
2300
6274
2651
6182
6862
3179
4554
5658
5300
1659
1331
2711
7554
1361
1977
141
4376
2114
3841
127
4645
2382
2437
384
7723
6282
3092
5255
7775
5877
5952
7547
3825
5674
3943
2282
743
2177
853
4684
4930
3412
208
4646
4920
6499
2024
2298
3503
2078
7763
4562
5071
5276
7806
3870
284
2925
4507
4291
1558
2005
6497
4183
2240
7355
5972
509
5660
1507
2491
455
4794
5350
3093
4502
7892
6538
4883
619
6176
1764
1386
5561
1250
3172
3547
1575
5228
157
3088
6656
3985
2754
3652
6013
302
4274
7716
4753
267
6418
3803
551
6644
5792
2340
3251
3188
3906
1057
2243
1007
6965
7213
4089
5360
5690
4146
7764
7633
6319
4090
7380
6250
5570
5264
5592
4810
2954
6975
7341
5145
2571
1159
1662
578
3721
903
6917
4560
3059
4148
2574
5070
6389
3999
7591
6038
3542
5912
2228
3380
1774
3687
4577
3702
7552
7593
4326
3690
4182
7384
3948
3417
3498
742
4240
364
2831
1946
7414
6044
6183
6917
3383
1242
6907
718
843
4609
1628
7879
4777
1346
1870
6194
4964
1884
3085
4212
5853
708
4442
7102
4426
5164
815
7961
7835
2521
7062
5632
2869
3995
5350
1686
3800
2322
7544
344
5625
6212
7890
6491
6128
1164
4608
175
4310
2531
4748
6910
4681
6987
4882
1882
7358
5355
6414
772
2393
5217
7917
7775
152
3488
3988
1958
3150
5770
7654
3735
1983
262
260
1320
1948
7331
1344
6890
1732
4720
779
3697
5499
5835
4358
1073
5379
4684
3328
1839
1489
4737
444
4844
7692
2221
973
5835
6133
1224
7285
3551
4566
1922
5626
1840
5467
1417
2926
424
6386
5409
5578
7757
7766
4663
5324
6530
5048
1709
5249
231
2346
593
7337
2612
258
5608
7482
1566
407
3894
5216
3919
2639
4131
6033
3143
5982
1455
3880
2925
6416
5331
7272
6226
6384
6649
7711
1993
1367
6776
3065
6343
3402
7384
1467
5060
7754
3948
5633
173
6069
6511
4667
6746
7838
5709
4959
911
5296
6895
4662
1351
2729
7995
3606
4905
4634
372
6102
3216
3496
1840
6456
2184
3518
4066
2093
4897
4988
387
7823
432
2292
847
5184
2977
4251
6029
4716
4288
596
6690
7424
7051
7874
7760
3765
1417
79
3117
2282
3151
5771
7314
6736
5205
6801
3630
3337
3510
1570
2097
744
4097
4013
5535
1617
7866
7930
5880
5731
4174
6997
4892
2379
3970
7705
2234
1965
7022
1380
2437
1226
5361
4818
5134
4453
5898
4294
1653
4467
1300
7287
657
4680
5583
6083
3360
5514
3513
2824
2792
6356
1264
4113
1564
1549
2468
643
3372
2239
4581
6481
6170
3413
1191
3272
7199
6681
2285
5302
2978
185
2644
5170
7315
1465
2528
6724
2452
3069
2017
2151
3401
1049
7493
5394
2892
5603
488
2547
5724
5623
7779
4640
3328
3080
230
6064
5817
3518
2347
4472
250
6558
7961
6894
7847
7722
2740
7069
4369
6330
7526
3506
7478
4099
3828
2755
4936
6444
2405
112
5852
5639
1428
4769
3196
1728
3549
6420
282
3022
5556
5246
6178
2498
6625
2819
6660
156
1046
165
4789
7181
5306
4147
6555
5212
3803
7762
4684
2230
2688
7629
3961
6615
6995
6886
7566
6915
4169
6653
3027
466
7907
5276
4917
7447
4651
7446
6384
2803
2405
1994
1554
7392
206
6848
1148
2493
2485
1935
7591
1695
5777
2996
1990
7013
3284
1617
5979
3689
1631
4282
1954
2631
3714
7706
6879
1270
2122
6551
914
2634
1064
1097
291
283
5460
3040
7234
4969
6283
61
7740
3515
829
3188
4087
3995
1983
5397
4781
7771
5667
6043
5666
1400
6150
6891
6169
5059
1140
1251
6937
5353
6336
705
5069
3225
2752
2143
2896
5134
1246
3171
54
85
5456
7298
1296
368
656
4806
3254
7206
309
1101
6861
3880
1436
3142
6174
7925
5246
2641
7725
4122
3365
7043
6642
6240
1713
433
7323
4147
1138
3329
545
3358
573
6927
6093
7724
5109
326
20
1365
132
5741
7548
582
7853
7159
7526
1807
7239
4647
3981
1895
4849
5210
1749
6735
3761
6825
6848
6650
3633
3135
3668
3160
4721
2957
2280
1292
2512
2930
1646
161
2704
2005
5009
7925
2763
3093
7355
1227
763
6125
6214
3032
855
5357
7597
7758
733
6612
5037
2052
338
5312
6460
7269
856
2351
4089
6110
1547
3113
6979
7569
7299
5849
6396
823
7159
5160
918
1883
7110
7098
5174
5631
882
1319
4731
7066
4103
7223
856
6185
3973
845
6223
39
7570
1410
6308
6777
1889
6393
5063
3040
4644
5844
1299
5361
6601
6528
4740
5170
139
5172
1119
7626
2653
5927
5790
7954
6356
733
1871
7690
1308
4396
7064
2336
6417
5272
4763
1392
1249
1163
6917
6309
859
6870
2198
6868
581
3376
4817
3647
6952
6116
3782
6293
2440
1394
4564
7293
6727
6961
7403
5701
4207
5552
414
4855
5974
808
5200
679
5663
810
7317
6457
1771
7021
2474
7954
1528
441
6208
4983
529
5775
1849
418
151
541
5339
6985
6960
953
4433
6942
4743
2898
2888
4202
5377
3315
2959
1125
2619
6985
4678
7621
5332
4615
1879
2327
1920
3224
6111
951
3674
5374
482
5756
4789
6195
2561
944
1747
2824
2767
4922
4296
6681
2727
3355
6824
1812
867
4286
4718
5797
4445
7074
3644
1406
7235
1891
5011
2051
994
7237
6371
7474
4635
4884
7996
3687
5065
4946
589
7088
1523
5297
5580
6364
5018
6566
2839
1533
920
5485
5542
7674
1887
7275
5980
2502
3833
2457
2469
4132
1891
4907
1494
5572
4804
953
3824
7896
6946
3158
3815
916
524
7786
3525
2823
7111
4844
2850
1820
7188
5647
7158
1836
473
5691
5272
2531
4397
3530
3198
2055
3124
6208
6254
385
4957
1864
2233
5566
573
5850
6755
3209
146
2558
4741
2000
6452
3670
3606
6934
3945
7730
4879
6273
4657
7016
4256
2230
1697
3605
3463
6100
2970
596
3933
1095
1738
2069
2729
238
3762
799
7108
4589
2201
6595
4349
2225
1979
2104
3670
2397
6923
5939
551
4909
1224
1585
3741
4315
5444
1481
6650
3029
3543
5641
1483
3065
2802
455
7150
2580
45
2164
5976
5995
2836
2675
4871
1997
695
4307
4633
4475
3700
6187
4958
3098
4345
5646
1317
4637
1481
3676
3683
6540
7038
4765
5956
2681
500
7290
2839
1015
3864
3881
5256
2981
128
2076
1847
7703
3352
594
4872
7757
2894
3937
4959
5781
1941
5544
6343
2145
5400
6233
2581
2623
6728
3120
3571
1735
4951
1076
878
1087
7310
6549
5933
6902
3877
5669
7588
7703
5072
5205
876
7034
4123
5603
7789
5972
3238
1876
1265
5219
7887
7252
6864
5057
1845
5062
6484
1264
4993
3284
2568
2978
7736
1316
4850
5491
5136
768
4161
4374
2149
4127
1230
5835
5631
2769
6786
328
7620
2453
5945
2025
6020
3395
5319
1955
6345
2951
6262
3601
4061
5430
1575
7004
3251
4690
1316
1930
4563
7643
4183
827
6847
6710
2334
3329
2952
3920
3939
6496
5625
7343
3871
7668
2076
7354
4191
5382
3800
6610
1273
6621
2482
2060
4896
3877
2155
1138
141
7805
2355
1848
7215
3322
6037
7219
5324
7398
5167
3098
7058
945
5267
7329
88
3913
6651
2025
6632
5249
5483
3128
2943
4396
4808
1297
6364
60
986
1516
2074
3936
564
83
2561
5119
6900
6234
4629
316
2851
234
2095
1509
2649
6854
7907
5875
7093
1289
7238
7954
587
5310
373
1474
231
7032
7308
88
7917
1835
6195
3540
241
2652
3428
7425
4296
4751
6351
4000
1936
711
6896
1377
1050
1996
2499
3619
5454
7538
308
7015
6707
7021
3830
2153
630
2892
1075
5383
7953
4628
6008
5006
1036
7377
334
5220
3885
7340
4127
5085
1402
1607
5383
1358
1224
6950
3549
887
1303
1771
613
59
4796
2746
5396
5528
767
7262
5725
251
7308
1997
4471
1533
7542
4974
213
4687
723
6043
52
4201
4307
3381
2573
5651
5304
7916
273
7770
846
1303
3738
3197
463
1717
2956
1001
5095
7550
7906
1674
130
6362
5897
4713
4182
1367
4511
1073
5308
6933
3944
4984
5917
1107
7453
3588
5608
5065
686
7670
174
1049
5673
7340
6199
6247
2783
6643
2569
7294
2567
6603
4196
3594
7969
3155
7591
1635
2316
4806
839
6655
6263
6728
4746
3232
3620
2019
5089
4893
4358
6791
2654
1286
4414
7060
2331
741
2586
1062
3281
2948
5669
1041
455
52
5066
1325
7277
2258
383
4392
3881
2848
4094
4288
414
7315
932
3691
5939
1720
2757
443
1248
3959
7507
4550
2868
5836
4917
6503
1728
2031
1747
5321
3383
4333
3061
1984
993
3339
7037
2019
4173
7776
3017
3402
2826
1228
4392
1272
5399
991
3718
5306
7982
1315
6430
3766
5071
979
5906
1609
7862
7530
4880
5259
1823
4011
524
7307
6296
2497
122
6587
7785
2258
5274
5243
477
332
2707
3177
3017
3446
1001
2503
1970
5939
7337
4033
208
4860
5957
3414
4333
7340
7010
6957
67
3817
737
2377
7280
5387
6732
6774
3431
752
4668
6192
4408
6090
1374
3638
5152
629
5114
4453
3269
4910
4303
1191
2383
6690
6923
3059
5488
4486
7458
3769
3808
6428
5832
2192
7234
755
4323
7462
977
4353
411
144
3199
359
1693
7509
6303
3531
3911
60
4415
601
713
3209
3837
1473
2055
7065
7117
4379
756
7087
6281
2425
2348
3449
5966
5603
4272
239
2176
4312
3740
1863
4973
1845
5392
1789
7762
3431
7132
1624
2808
3377
5955
6958
126
7884
3959
5527
7548
6520
2536
4074
1047
4540
3143
3825
859
7771
1969
4664
2844
3444
30
6538
2791
5831
3619
1647
6507
6859
2957
5567
6279
7679
7268
4949
3824
4643
2822
1297
3782
4513
7697
5361
5867
7321
4855
2207
5592
7255
4972
2564
5724
3143
4549
6997
4651
7792
6094
7748
4615
1125
4028
861
862
7249
1350
3773
897
6692
3194
7343
4213
3220
528
4258
6224
3481
6324
2112
2187
6317
7304
2730
7607
6013
6774
2425
7500
2198
6707
1309
1626
5017
1421
3188
1848
4201
5463
7097
7391
1333
5662
5902
3169
4188
7692
7055
103
2384
7763
6981
4332
141
7383
6798
136
6567
4376
4501
7793
2330
4239
4073
5332
1666
2248
1028
1761
2638
2474
6328
704
1714
4928
5889
908
7861
1832
5981
1248
688
6031
3918
231
2001
7885
2131
5711
7572
2319
5166
2510
3457
3630
3650
7465
6328
4353
5220
1255
5167
2830
7131
1101
486
7927
5883
5110
980
6529
5102
7377
4630
6637
3304
6696
2089
627
1078
1391
7962
1684
2446
4048
2090
5562
7431
7429
7342
5805
4710
5332
1817
4103
197
4703
81
6789
917
2253
4837
7574
5554
1750
5511
6629
957
5438
3484
1570
5191
5338
1454
673
3281
6919
4591
1216
1807
1378
5080
4867
5783
1598
2025
2792
3688
5820
1678
5190
159
1279
434
5838
4133
3751
6944
1407
4997
2571
1920
1046
3992
5025
5698
5158
5720
851
4532
3745
3334
193
6434
6898
6889
7281
328
4672
3158
2013
16
5394
6984
1868
3998
7359
5870
752
2840
4539
138
4776
6764
659
4069
6033
7225
1741
4842
2980
4275
7848
5198
6837
5187
3846
7875
2377
6624
5576
4307
5359
2880
4585
5783
4638
934
1013
3963
5093
1028
5965
4278
5721
2072
3807
3698
4246
1661
2839
7422
2599
815
337
1667
643
3442
4044
6240
4915
5375
5191
5698
3916
7474
1855
887
4190
1865
3253
4356
2580
3465
1246
1674
2190
2837
3852
4166
2786
2685
4498
6749
6571
2298
6988
3070
5712
1729
1797
5720
6776
6155
7872
1371
649
2972
1164
7739
5844
3423
7749
3627
571
5344
901
3394
157
4188
2527
2305
3338
7834
6712
7995
7958
4101
834
4160
2055
1369
2270
2191
3797
3770
4827
1451
3400
6681
2064
1758
2546
2175
4347
5640
1019
1701
3453
2144
1544
6860
6235
7681
2513
1596
826
1398
1620
1810
5092
302
5012
2814
3746
2007
2765
4918
3855
3546
4140
5270
2443
4625
6465
6059
4563
1866
2069
2032
380
7910
2774
5803
1477
5224
3003
7239
3590
696
44
5771
7495
4027
5465
5085
75
5843
3805
3756
1268
5737
4232
553
4934
2837
2753
6389
3979
1496
2437
7519
3754
4323
4852
5235
90
4075
3869
187
3380
3187
109
1741
5601
7747
5211
11
1696
6137
4286
1093
7598
5874
314
3640
4977
7541
2563
3667
5235
867
6561
6381
5865
3963
6097
5498
2193
2735
4352
6913
2488
61
1521
2029
7055
6842
4205
4717
3087
5227
2860
4876
6555
1655
1489
4412
303
1639
2222
6536
1872
1427
3028
3718
5135
2278
7816
1739
3782
7315
4579
3909
6400
1256
529
824
4893
7444
5785
7373
1183
7099
4001
2077
2446
6944
4657
1791
2231
7845
1347
6138
2768
4228
4511
3946
4473
3036
590
2411
7242
1097
4287
7518
4681
6442
1020
6625
7436
7872
2347
5894
382
7145
3455
6956
7539
1881
5584
4595
7181
5196
4149
3601
7057
5524
3629
4124
6767
2670
4303
5218
3544
5248
3108
6397
6863
1895
2901
6243
7675
2726
7618
1276
4422
2139
6685
5263
5283
6369
11
6069
5975
2217
1666
538
942
6781
7774
6202
3690
6342
4137
7364
5295
6563
6536
2551
2597
2772
5683
7514
1727
376
1070
435
6031
1730
6015
3225
7436
3484
5077
3706
1090
93
5220
4792
7886
1429
3706
2411
7670
2681
7736
1247
4254
3032
4883
1267
1248
2100
5316
1350
73
4949
2020
1809
2002
588
4110
6946
3286
1830
6962
5106
7725
3665
6166
7915
4871
6577
3497
7143
3096
271
1106
6299
2695
783
4054
798
979
5607
3406
4962
295
2667
4497
6900
7208
1275
3005
4658
4419
7094
7878
744
2697
4729
858
4860
3749
4767
1120
2788
7879
2591
7107
2837
7348
3968
6775
4027
1582
6711
3943
4348
6244
6467
1287
1648
3147
6781
6338
6864
4567
3143
2463
4144
6314
1015
1237
4076
2722
1797
1279
2169
758
7629
4386
5852
6704
3474
3100
5915
6471
6028
3882
5963
7221
4544
5137
3370
3644
3036
5477
4332
7881
32
1204
3695
4986
2531
1250
7268
239
6518
1383
2782
7818
1075
7594
6670
1170
385
170
4260
6146
5125
6785
102
4961
358
4158
5778
6289
4921
4657
6172
2711
1766
6737
2748
327
4492
651
5546
3936
4518
2492
7418
2730
132
4259
4365
2772
145
5416
1584
395
7688
7586
6309
432
3240
6131
6949
1137
1064
3942
485
2134
6397
7162
159
6155
6152
2692
1529
3271
3116
3700
5382
3699
566
5216
7046
6165
3528
4314
5116
5394
6579
3260
1907
4747
5354
54
1537
7020
1607
2243
7202
896
6284
1588
1825
6278
3289
7299
3805
7948
7347
3184
4888
1086
2581
5566
7281
7616
5180
2623
3655
6441
763
5703
7201
4487
1722
7479
3898
3777
6842
3778
7907
5275
4011
7839
7644
476
1951
3718
2193
4297
3045
6379
1629
5306
4094
3959
7069
1007
7068
6790
4553
2197
3294
5786
1755
6002
5827
1676
2601
4948
2125
801
1678
47
2657
788
5429
7224
5655
4339
3967
4787
6391
2334
7613
5403
7404
7934
2854
5494
3940
6588
190
5372
6054
3621
5531
5093
2156
4096
2725
262
5958
151
3081
7461
5125
4112
7131
6689
7941
6580
5325
5008
6076
2431
1695
5393
918
5529
1054
345
1531
2714
3962
812
6236
3534
4222
2599
605
992
7369
6815
5833
5632
2128
6649
6387
5900
3161
7429
6637
5167
1704
3338
3063
2362
327
4112
3485
7330
544
277
6647
1965
4125
973
2051
1740
3325
88
3826
4601
3418
7463
7963
5836
5322
5700
3282
1343
5056
3432
6650
40
2801
3502
4460
6658
4791
7927
5025
1166
4909
1758
4865
2400
7151
2605
3427
3047
1343
5604
7755
575
6142
4674
1127
5207
4996
6438
2421
1333
7443
6366
2356
1433
7577
4279
7877
2662
3635
6786
3528
6626
6869
4376
1331
6073
1386
3851
2682
5353
7036
3888
1322
744
3465
2428
3314
752
6806
363
3248
1430
1699
4280
6840
610
4821
969
3906
2256
340
4601
4244
3975
6648
5245
2200
2070
4662
4898
2496
3611
3689
2457
1300
5925
739
3033
3758
3107
446
5119
4553
4526
7634
1369
5546
1847
6568
1168
1625
657
3108
6937
1776
6596
1187
278
952
5077
1792
3855
447
1171
1410
7116
6225
3196
2640
6617
5337
7658
2749
6753
6150
7632
4058
5811
7109
4632
590
3813
4558
4794
6946
4515
3053
6668
434
1022
4828
517
4161
3557
4046
3349
6395
7944
1594
1884
4023
6829
4453
651
823
1251
7791
3862
2397
6480
6490
4900
6048
6384
5698
7736
7648
3454
5494
5057
1931
7423
2312
6393
264
1530
5038
7226
4549
7502
2309
3454
3800
460
948
3030
5332
7871
6196
4183
974
5847
5148
5517
7940
139
5240
1571
6562
4944
5683
805
6105
4277
4691
1982
1297
2185
4766
3202
3113
4034
5634
6673
2501
5351
124
6173
7222
2633
7634
711
5483
7445
2167
2020
7329
2564
4990
1016
2839
4727
7842
5040
1723
5413
4806
756
2901
2268
921
7605
463
3168
4643
4749
1011
5858
3230
818
1688
5904
2758
2341
275
2873
7735
4252
5042
4328
5368
7292
6171
873
3710
4198
1890
1738
5624
2476
7883
2654
5621
3711
3414
814
7513
5101
15
7702
1963
6107
2385
2414
3129
3162
881
2405
2381
2915
6547
7054
3756
5508
4177
5029
7647
827
274
1998
7289
426
2957
4806
4609
1861
1388
4883
7955
75
2178
971
748
1088
5231
3022
2362
499
2395
5327
5864
3808
1870
7957
4877
7930
736
1618
1695
7791
764
1284
755
1
7798
2290
7061
1616
4815
569
4017
3795
5375
5292
6957
2217
4575
942
7373
1459
5868
2964
297
253
7567
1186
174
2737
7039
5193
3509
4011
951
3816
2706
434
3642
4388
6238
5420
5461
372
1071
118
2298
168
5135
5732
2833
7804
3121
6437
2654
6966
7118
5307
7600
2308
1846
6787
2340
2027
304
4742
1913
7018
2603
6537
7056
1353
7354
5896
2677
7151
6248
6328
539
5039
5384
630
3038
1328
635
2559
5935
566
5358
583
7764
2449
989
5386
5442
1209
5748
5087
4630
5941
6355
7173
7156
6969
7978
4192
4811
3022
2307
149
1220
5046
5326
6192
5652
6938
7555
1617
828
3726
7811
7023
7962
7210
1959
6709
3716
3468
2856
7368
1379
127
104
3467
5441
3499
2064
4142
3854
3059
3015
2346
6265
5427
2531
4700
3137
407
6308
3384
4459
7467
2094
5071
174
6111
7593
1501
4685
7704
3421
3465
2812
4085
7243
4311
1464
4187
7711
5258
2105
7706
2269
6520
7568
4312
7755
3985
7461
353
2086
731
7422
7382
6633
6924
6860
4567
160
2637
2148
4710
4388
1831
5210
5264
3579
2446
2407
5599
7909
5230
2743
6324
5977
7811
5527
4096
3424
3773
2781
2011
7715
6305
7946
3982
4947
7749
3623
7483
3789
6442
7024
1822
4350
7883
1193
7916
216
704
5384
7355
3073
7330
1053
58
1293
5960
361
6712
5449
890
4483
3795
6381
7107
7734
2123
5490
7421
1212
6079
6730
7932
5149
2071
5091
2584
4237
4543
4784
1267
3317
3277
153
4233
3840
2534
2732
7559
2789
1472
2685
4809
485
743
4639
6057
3692
7221
1152
3295
7172
5017
6277
6885
1556
1641
6505
196
7223
3282
1576
7060
2642
34
7408
5540
148
4013
6443
4258
6838
2905
2719
1467
4969
2564
6719
6942
1412
3181
3334
1338
2892
4961
831
5436
3953
3412
3284
2543
5115
2617
7403
3390
6685
7698
1184
947
679
2934
2148
4576
6906
3567
5465
4714
2157
1433
5020
956
4276
3357
5656
7380
7381
4622
7643
6918
705
2799
387
5691
4267
2928
3656
1641
4772
5721
3360
7926
4102
3254
2999
6170
3979
1015
2637
1490
603
153
3
4214
800
1878
1179
4179
3814
3771
4892
4096
7444
4705
5995
2968
475
7038
6122
383
5531
5704
73
1260
7910
2800
2231
4090
5647
3133
7535
7578
7980
7545
1461
1071
5341
744
1422
5634
1274
1752
5680
3588
3448
1401
503
6075
44
2483
5332
5450
5126
2833
6862
55
4963
6040
868
64
5845
5630
2764
3010
2935
5857
6389
7856
7889
6354
1959
7147
550
5164
6114
6826
2578
3866
2061
2074
4646
2686
6350
7986
1535
6760
335
74
2573
4202
171
7953
2107
4916
3544
1415
7774
7039
1800
4224
706
3857
4231
3008
1081
6024
2682
2549
6603
4497
4139
7632
899
2406
4241
2070
2284
634
5975
6156
686
7684
1235
6448
1165
6557
128
357
6535
3770
199
4996
3306
4281
4487
6867
1898
3725
3287
4647
7337
2031
3490
791
4389
1990
3417
7904
4376
6893
1601
56
7876
6147
6168
3410
3130
7429
3321
1998
3899
3606
3608
2276
123
6182
7678
6139
7104
6360
7402
343
94
2259
7080
3783
6588
4517
7650
4834
6285
7375
3826
2959
1674
3216
3484
5148
6800
4184
6732
1632
7005
5294
403
4262
7574
7296
5009
5688
6838
1517
1232
7045
4090
2582
2442
6806
5453
6810
5962
3013
5253
2652
5071
2529
2899
4269
4523
6183
1503
1921
7901
4310
4571
459
3141
7056
1814
3808
6465
3790
5830
5083
895
2915
1770
5754
6655
1608
7131
5538
478
1221
1
2802
6581
1025
5173
5047
3439
6012
3725
6162
4844
4241
4429
1219
5528
7223
4343
6374
6219
1299
6301
5810
265
2001
576
1891
3495
5376
2453
5976
5913
6406
185
2771
7549
5300
1926
977
3159
1106
7541
186
6716
6366
5469
1612
1934
1936
3872
2278
4193
6627
3362
775
2056
1550
7396
7133
3269
6779
7397
3677
5233
4580
6178
1694
4865
3996
3856
5592
1597
3004
7726
6361
726
3049
2322
2729
7245
3602
1359
692
479
4735
6541
7275
4507
174
2239
1510
1400
7146
6479
4107
265
6071
598
3736
944
3597
1144
1565
150
1359
149
6253
2195
3089
5066
4774
2563
6284
563
7288
6747
3064
5712
4392
3489
7331
2095
5024
2883
406
6313
5137
2425
880
2379
6114
4311
4076
2608
7718
3769
1109
6180
841
3169
2329
2930
650
6793
1336
6877
5004
4661
3913
6055
5590
3989
6876
552
646
6664
5579
7032
5651
2748
5457
7829
3553
76
7986
3581
5908
1920
837
3404
5754
1813
2414
623
1909
1883
2133
3978
425
2766
3806
2621
2912
529
3416
7435
3256
5175
2421
6262
3509
4320
5096
2266
5195
5694
6641
2418
3976
377
7535
2120
6688
1386
879
493
472
1394
606
3677
4155
2190
2198
117
6536
4453
3492
7138
2949
7412
3675
3388
1434
7225
1434
2474
6824
7340
7486
2292
3335
1328
2829
4269
682
3350
3343
5264
2008
1488
2069
3573
4263
7874
3708
6309
7484
3229
5992
1633
6696
7707
5134
254
7302
2961
3333
1925
1376
7394
5792
7336
7610
3915
3725
2455
2683
971
6694
7178
1345
6714
2020
5544
5315
4291
7458
6215
6746
2997
122
1789
4841
7780
6565
7609
4841
7091
7780
1297
4774
7709
7071
2612
3161
3741
7759
282
542
4841
4937
1336
4599
3970
1753
4394
1032
4382
7770
5664
2955
4112
3782
1475
2868
917
3796
773
4676
6428
3520
2698
7498
1200
6757
6100
1856
7299
7915
6283
5452
5379
5272
5400
6104
2241
6081
1440
6299
6505
1176
7858
5904
687
7029
4008
4629
5739
2238
4082
6966
4943
4657
2029
4999
5045
6651
7845
6634
2610
7350
5584
4339
2859
1041
5933
7074
6590
4842
1587
2625
4534
3346
5156
307
6035
1940
1232
1629
6212
5337
2021
7851
3512
6110
7302
7115
4121
2673
916
4422
5006
235
4262
1647
4429
2176
2227
5852
5650
1274
845
5782
1002
6254
145
3620
6724
1582
7166
7240
2966
6381
3893
4066
1319
5757
4200
3418
314
1937
5166
3050
3444
680
4823
3809
1286
877
6793
3701
7330
364
162
5483
1341
5804
4751
7913
6178
4135
5963
6774
6346
4515
6003
5687
1477
7588
1947
1491
5084
7928
4260
4312
4931
5810
6935
4854
5769
7983
1978
5868
2906
2100
7058
2245
652
4262
150
3877
1237
3441
66
7544
4304
7359
1825
1342
6341
1045
392
2850
3645
1249
7706
7592
3472
3919
2000
6743
7171
2347
6655
4922
5534
7194
562
470
1737
165
2494
5679
7047
6153
4326
630
4462
2741
6114
7870
3315
6844
6457
909
900
7718
7622
5179
785
7510
5127
2901
3250
2377
329
4573
1478
1455
5150
6617
5900
5497
849
3609
7937
5685
597
1313
5052
1658
980
4480
7705
3666
7943
254
3451
5516
3670
3804
3151
6202
234
1358
4396
4151
6079
476
958
389
4600
