3320
977
5173
7794
7020
3052
5312
3848
4716
4475
4601
7454
2290
1278
1781
7796
7311
7559
1233
4415
1308
7171
298
3820
6572
7253
7563
2336
7998
2893
6703
327
7525
5516
3363
61
4445
2993
5853
6656
738
971
5462
4495
5347
7173
4972
1487
7770
4712
4473
3412
993
156
1058
6675
5986
6796
1170
4684
4524
935
1020
2264
5588
2273
2186
1909
4599
7903
3928
125
1208
4998
2291
931
4315
459
3781
1344
159
5806
6777
1349
6418
3114
2583
3181
3363
6925
130
5445
1512
1604
4725
2149
128
4650
6155
3599
2081
6788
7010
3903
7107
4283
2686
3510
54
3899
7437
7773
2062
7504
2723
4756
2638
7942
7395
7225
2732
7513
763
2202
5950
3614
7263
597
308
6816
1269
3374
6596
3053
6771
3461
1323
4792
3570
1027
7412
1035
4725
3586
5937
7736
1918
3297
111
4931
1822
4686
3831
5014
3850
4653
7388
5305
4232
7581
1660
4353
4277
875
4420
1207
7545
3919
3542
5597
3121
1322
5046
6846
1229
7485
724
874
3216
4573
3177
6205
1801
554
6879
612
2316
455
7598
7848
4245
3310
1115
722
1481
2563
6887
3461
4865
1388
5848
7138
5240
233
6087
5508
5359
7715
1675
3672
5375
6324
7020
655
7223
5074
191
519
4883
6048
5637
3324
4382
665
6490
3246
6243
356
2977
4702
4255
7523
4885
2802
4471
5004
5426
1127
2848
2666
4182
6472
2339
6065
3489
7511
3409
3983
2153
7854
2022
4764
2792
6574
1373
6341
3266
7890
1879
5285
1135
2703
274
1998
2791
3928
2331
3830
6829
4988
6114
4371
3382
4302
7677
3454
2120
3516
2295
7830
4527
519
4937
5025
687
7094
1103
4951
7537
7801
1908
1950
4422
3740
6447
4720
2696
1626
1592
5480
5320
5620
5420
2521
7449
5780
4883
981
3786
2718
5619
3126
1426
3878
1621
7334
5775
182
1931
1296
1479
1680
4270
7395
5711
6323
6457
1520
7104
5282
5618
4392
5687
3607
2876
5743
7300
1893
4575
4555
3260
3676
1712
5732
1779
6213
4996
5417
4398
192
1129
1160
1145
7603
4554
5603
1997
2990
6753
5047
3734
4627
46
3843
1941
7710
4111
5079
6286
3459
7119
6013
6678
338
2470
4869
6659
1979
600
7059
4126
3099
781
6653
783
4840
2849
1391
1930
250
4551
3690
2156
5892
5884
7553
5844
2658
1889
7565
7043
965
3130
3230
3132
1449
5851
1681
4283
5736
6663
7117
5629
4389
6644
5772
6624
1876
360
1876
66
7244
2927
7973
7892
7676
7927
1793
3369
1631
6451
2097
7769
4247
3806
812
833
5021
7629
2102
1823
1329
7620
4934
2719
4054
3914
4637
4712
6217
5718
1715
7337
4425
4365
1151
6857
3648
5393
1433
2314
4710
344
6229
2215
874
2624
2094
6897
414
7552
7426
4492
1184
6036
3701
1839
2967
5921
6268
5150
906
4631
7919
7790
7075
6902
2261
1211
7723
6744
1242
4530
5278
1787
3836
1585
3161
336
7332
4599
6070
1868
5242
4734
6486
1486
7776
7289
2954
1994
414
494
5339
5158
4619
5663
91
2622
157
6899
6086
4519
1642
420
5866
2418
5771
4027
899
6969
1732
7029
5
2831
3705
5395
2659
5807
4228
1075
3347
2305
1042
2878
1353
7079
904
21
4288
6824
5846
2100
2895
2295
5058
6130
2515
1207
813
4554
6712
3693
6378
6243
6781
3707
781
4930
3498
5223
5848
6212
4469
4811
1963
4980
884
800
3981
1553
2713
5673
7976
2271
4839
443
2636
2556
1037
7244
1446
4453
3174
2979
381
3438
3712
3567
7257
1454
5570
7520
5662
829
7432
4117
7157
7736
204
5717
6526
7401
3691
2351
221
5774
2817
2986
1454
831
1807
2603
7332
5297
3014
5039
508
1852
1314
1585
3612
2219
2372
7830
2059
5811
5167
7129
6525
2942
1541
5152
363
1105
3152
836
6546
6734
433
556
6263
7219
6524
2823
1073
7688
2689
95
4126
6023
1968
1230
4764
2042
5394
7503
3706
3332
3690
4064
5264
1929
6903
1153
5121
5799
446
1634
6498
2611
6484
6013
2714
2309
7555
2608
5013
6056
4299
5532
6700
5866
759
7015
1799
2327
5473
823
1084
257
346
1671
212
2398
73
2778
2706
7571
4922
2411
733
184
453
5389
1380
4241
3884
3796
7512
4007
1041
1794
4791
7240
3299
323
5828
5710
5350
2653
306
4677
1849
5858
5402
3147
7318
4605
4693
5313
1879
6966
5442
234
6854
7320
812
6708
7315
2617
6074
7910
2049
6261
546
6493
780
535
5838
603
2093
2270
2834
1126
3931
5011
6655
4865
1100
1332
2722
396
5040
7860
1937
6863
7371
6650
2822
6282
2813
3331
1113
2476
5024
261
6815
6128
2626
2154
518
345
5455
1601
455
5762
148
1455
2390
557
7344
455
421
4823
3174
6528
4339
6578
6406
5196
631
7801
5678
5811
744
5122
7202
1322
298
1106
3120
3811
4757
2033
6552
1350
3182
2641
2484
2968
1221
2533
4577
1950
3921
482
4385
4452
5479
6729
198
209
7023
7722
5464
4310
7678
2936
6506
3280
1772
4755
569
6378
2418
2823
7218
7334
577
3636
3055
2102
2819
5494
2739
7983
1271
1968
2077
6398
4793
2238
6907
3312
4759
2008
1656
1658
1563
6199
360
398
2102
5183
94
5037
812
4204
6287
7997
2158
5605
3760
7838
6901
3394
4107
886
424
2009
7973
570
1727
7822
7250
5035
4221
1207
2598
3689
4740
7317
3347
4946
1529
3666
5241
1243
1150
6787
4646
7120
6738
261
328
4716
7405
6289
4432
2892
3744
7390
7491
219
5633
6929
3818
4247
4048
3986
563
4858
5177
5636
600
1048
7823
4566
1113
2938
4066
4171
476
1830
389
1955
6086
6523
1296
4242
4030
318
1700
5728
5565
3830
998
7261
3086
288
5877
2774
5617
2764
4039
3895
4945
4725
903
4329
6673
5793
7531
2197
3888
7259
7130
7347
4848
5079
690
1602
7605
6068
6373
2942
7688
996
6470
5845
5152
5924
2132
6456
4322
3230
2526
4112
7516
7512
2405
265
6760
2484
819
2147
7924
292
5805
6965
2246
7631
6689
6762
1512
6530
1601
2168
4725
6234
1351
3574
767
3784
7398
1790
5056
6153
6409
5908
6432
6352
3832
4056
809
6009
733
4753
608
4339
6088
2436
4228
7628
2515
4822
2061
2581
285
54
4305
6564
5452
403
5447
7916
259
3580
4371
6740
4291
5233
7206
998
6303
5965
330
5434
4473
4333
533
3015
1786
6796
5013
1528
848
1753
1662
4949
5768
949
102
6946
6755
5075
7373
510
6361
2451
7351
5226
3819
7747
7400
4386
7139
4078
4430
3862
1646
2256
5759
6831
4804
7667
1963
1943
2193
3918
1815
6458
7575
3694
681
4205
2928
1526
5707
5144
1215
2954
1239
7535
7389
5009
5736
3904
2130
5053
6489
404
6996
3162
4364
2428
5395
1205
6362
752
569
4997
3339
5753
2725
1059
435
6290
3197
2171
5041
5178
7424
1142
300
5428
7952
6860
841
4293
5357
6015
7421
1257
29
3827
5393
4178
1756
506
7932
3400
7802
120
2256
2577
1023
7327
5249
1718
3515
4712
512
1439
7181
3099
717
2889
6915
4434
5149
4017
89
7105
4657
1766
927
2352
7925
5641
1115
7980
612
2789
7110
3240
1957
5968
3160
2129
2674
4795
737
6548
5913
2024
4171
6685
247
3076
1565
6394
968
1943
2542
7179
5006
6674
4425
1988
4638
7140
6680
3165
5604
6071
5687
899
6472
5910
6598
7724
5719
7269
5777
396
4372
941
5245
3830
920
2242
5634
1912
4816
7029
3326
450
4823
2642
2080
449
5836
2379
6672
6668
6854
6371
5184
3258
5633
137
4045
4798
5892
6587
7716
7387
7190
4833
3453
315
513
4432
6663
4352
2044
1733
1882
7539
4692
4436
5250
1498
381
640
2793
2333
1157
6436
763
6463
3421
4626
6563
5586
5975
2864
2609
6597
6116
6184
3663
2529
3439
541
5482
2180
2193
5099
861
3428
3871
46
4193
6403
769
1681
7152
6607
3901
297
4027
1964
7769
4320
5796
2520
1627
4898
5468
4719
3852
6588
1663
697
4718
2717
6866
1254
232
930
7411
3385
5535
2259
3949
6037
6197
458
2310
1624
6695
6767
7199
6394
5982
2997
3895
7216
4841
3357
5408
1205
6981
2941
5027
2527
3002
791
3718
4846
1829
7380
6360
1203
4927
7574
2314
7835
157
2519
3078
760
1926
2402
127
1861
7012
929
5916
1720
3656
6313
7063
5998
1901
7039
6055
2928
3766
4237
4703
6959
4344
4087
3799
5634
6934
1811
5697
766
4603
4468
972
6598
2193
5590
4310
6288
2205
4663
3365
3520
5405
1657
7528
5478
1577
2391
3205
1018
1704
5202
1308
1756
2489
4448
2073
1065
2379
1391
5606
7504
3369
4394
5667
7407
2893
1534
2948
6885
7510
223
7267
3731
2030
1670
4563
2776
3896
7390
2439
2449
6838
6187
4358
5421
167
6277
3803
4665
1325
1948
4445
588
368
1066
7473
6689
544
6485
1492
6347
4007
4359
1110
3882
2919
3970
3470
5985
5042
4768
4286
4186
2020
7740
1966
6467
4961
6332
2425
5837
3593
371
6336
3762
6762
3870
3045
1340
5567
1005
5696
2018
4311
3288
7970
3788
4481
4379
2578
6466
4571
6727
2165
182
3992
2794
3996
2021
1491
4811
7664
4088
6102
7282
7502
6751
6762
3171
4793
7411
2720
7450
5035
6586
159
1216
6036
2246
7002
4192
2178
1148
5093
4082
505
6939
542
3166
1260
5624
3799
4457
7128
1946
7715
100
3477
2921
7131
839
7332
5797
4345
550
7048
7343
590
3374
4883
6920
372
3556
7207
1141
5926
4407
1286
6787
7504
3452
7921
7630
883
580
5073
7503
7005
6002
4787
2544
6330
7817
1222
5845
2961
6783
3577
1743
6986
6597
6351
2261
1997
7768
127
6803
482
676
5446
1760
6086
5358
4525
559
6679
6854
6467
4754
5203
3823
4885
3429
4807
1574
6144
7286
2050
6581
240
4799
2418
5082
1466
5098
6700
4215
5010
3
3373
228
6535
6371
2104
6059
1498
5072
2228
3808
5188
7046
1421
1525
6597
6671
5391
5830
647
5445
1378
6651
7812
203
3572
4022
4914
1620
4422
5864
5511
7084
6949
553
4883
7774
1354
6245
640
7489
2018
267
4253
309
4933
1798
7362
6719
5047
2037
1406
2624
3592
1354
7100
7605
246
4310
4068
134
6507
1512
3029
2996
2560
2044
4487
3296
6566
4709
6331
3189
3955
7380
7253
7173
5059
5136
5717
7939
7503
3381
6344
1726
5236
2113
4937
6247
2948
6091
2246
7642
4494
2836
2108
2503
1110
7037
6373
2311
7138
4246
3423
7965
2069
6165
3506
1275
4844
3980
6337
2628
6037
4562
3688
6652
5381
6659
1624
2245
6779
3674
7720
5927
4516
4409
6166
7836
4568
5723
2596
6516
2636
4663
4612
3393
1741
1466
4371
6270
2015
4522
3140
2183
5470
547
1564
3547
2908
888
5297
1871
2907
3556
66
4567
5153
7464
6596
3688
3483
6670
164
3382
2159
791
2454
1516
5453
2983
3911
6489
5311
2325
1455
266
7749
1603
2163
1930
1710
7771
6451
4730
2844
1487
709
2824
7160
4079
5659
1187
5978
5104
2774
4047
3348
2734
7
5635
5032
7054
6535
7810
4143
2671
7329
3186
923
3352
2959
1322
3403
4696
258
5921
4541
320
2372
7683
2343
739
6001
7966
7529
72
6515
374
4887
5922
4951
2576
7725
325
4921
3077
6403
3909
1139
7582
7463
6955
2563
2491
2044
3221
1153
213
4128
1695
3079
3197
7197
5341
1742
7709
6671
6750
3867
5093
4795
6561
671
926
5087
1412
2650
6985
4698
6998
6280
6252
447
4154
1556
304
669
736
333
1569
5940
3562
7293
7607
4470
729
1770
6947
6290
2781
6097
1121
7875
2529
5609
3342
6509
3758
5292
7771
918
468
7678
6327
2927
2396
7762
2529
2602
6008
1943
4541
3465
2440
1649
4123
3756
3324
6398
108
4606
4243
2638
2566
2942
6748
1213
6983
7789
87
3646
924
5535
3225
2758
749
4322
2612
4998
4643
6813
7262
4581
7557
5012
780
4282
3252
7937
418
3360
3943
5546
865
2590
6609
4362
2618
5403
854
4929
2107
4993
7301
4653
5742
2951
5838
1063
493
5983
7762
7534
1988
7602
4600
5207
7723
7732
5637
7758
2466
7804
6605
821
4980
2083
1596
5621
7625
1639
7103
63
4307
2655
6358
4815
2144
2187
3617
5400
272
7994
1337
1346
7476
1478
6485
5000
4831
3710
2475
5062
3735
6766
265
484
2997
4518
48
4375
4303
5404
5080
7040
421
4769
3436
1233
7473
6412
1080
4060
3600
4203
5409
3683
3607
80
3545
3768
3334
5846
591
3981
6273
561
4207
2963
4553
1622
4620
1279
5736
7970
2333
7538
1578
946
721
2496
4705
7063
5874
7286
2169
6302
6957
1774
5375
2632
5898
6363
7922
5456
5094
4619
3639
7618
7814
3022
1085
4812
5203
7756
1752
992
76
6492
525
221
2327
5037
5242
2260
2013
6398
4994
6109
899
290
4721
2998
4648
2504
344
3837
2246
7342
6331
5193
459
6691
804
6965
3010
545
4863
4513
3829
7322
1313
7833
6241
2364
7679
5526
129
4450
7665
6251
3101
4179
885
2425
963
6254
194
3038
6623
1647
4878
2395
3927
568
2407
4481
2458
4024
6146
144
7206
7487
4200
5397
6890
4017
4100
3071
1015
5260
4258
1275
1931
6573
6312
6358
5923
4721
4267
2559
4614
6503
864
4853
3417
4864
7179
4614
6724
7391
7918
2025
1993
4753
7220
1444
791
3227
3846
703
2794
7601
2031
5227
4264
4832
1593
7374
3240
3712
3693
245
39
7651
4178
6794
3768
282
1119
1307
4569
4071
4962
4298
4348
2126
7342
7113
861
6815
7790
5922
4436
1767
5020
1837
2466
230
5332
973
2888
1182
4409
3924
2156
2183
1965
499
4869
4619
3066
6160
5079
6195
2549
1791
2824
4772
7478
2796
5932
4533
3508
5953
7329
4892
2060
6157
4369
7684
1397
116
5223
5636
5460
2411
886
5367
2670
881
5922
5330
5523
7016
7895
6088
480
2742
2674
3407
930
2005
6136
89
1750
4916
7604
7553
7048
6612
6386
1845
7600
6537
7935
55
6003
715
6554
160
1427
2793
2062
2257
2794
974
5950
6432
5620
7382
3913
829
453
6921
616
4092
5627
3324
1106
3468
138
7294
4979
388
4891
340
6564
2395
5623
2879
1004
3696
2227
6757
968
2410
7868
1429
6606
3621
2036
7561
6553
3368
4757
3961
2654
3009
1384
2731
674
417
2100
8000
2510
7679
1166
2054
4849
3900
450
684
2955
178
294
1844
2826
2471
1101
2521
1246
6209
599
381
3849
1887
4512
7119
5980
1606
1319
2682
1334
5598
2580
7091
4428
2678
7206
496
5262
4053
160
757
2771
6469
2739
6833
5498
4572
3169
4137
3006
7453
7626
829
94
117
1757
5443
1677
7186
5427
972
6894
5703
5479
3245
1317
7798
4100
3109
2197
2640
533
481
4034
6792
4856
7117
6557
5217
3534
6988
3761
2241
2265
4980
7810
6797
5294
286
6724
3857
1478
3328
4963
806
460
4517
5255
6092
7718
1692
3819
7160
2796
7023
6406
915
6080
6809
7747
3756
5837
1491
6826
1016
1390
6348
3968
184
1936
3243
7905
4805
5659
4506
2586
5795
4322
6185
4553
4048
5188
3634
3199
84
192
5954
7081
1654
1117
1479
6528
983
7293
7195
2359
1157
6406
1906
7626
3564
982
4699
3519
1047
3286
5947
4170
5246
6798
4449
4529
1928
5594
1195
7653
2427
6382
3913
4906
5435
3950
4635
2092
3637
4376
4895
660
7055
3307
6216
5489
1689
2978
6744
6543
2545
7041
7781
1212
1297
1651
3491
3390
5941
7580
3318
2369
2324
2099
2742
3687
7159
700
7733
3120
1870
360
1879
7533
3318
5539
754
7755
3309
2267
811
2828
1708
3184
6505
3097
7088
4408
5891
6003
7357
6025
433
3270
6423
1969
6419
7602
7015
5471
1893
3889
3345
949
1471
6708
1151
2938
7411
4985
6345
1737
1919
6993
875
3731
7928
856
2849
682
6448
2671
4989
3965
5479
4207
1712
4239
5432
2
4320
4707
3287
533
1521
1322
61
509
4381
5077
1230
6252
3771
3802
1320
7329
4102
5656
2229
7996
269
3709
2109
5032
7090
432
3838
97
3517
6086
6254
5358
5533
7018
331
1882
5744
254
1740
3960
3514
1462
296
2262
4726
2830
6645
903
7750
4474
5812
2150
5645
6584
4886
6672
1511
2115
130
1797
7033
7265
3545
4730
297
4536
4713
5463
6676
2329
773
1442
7690
2742
6585
2286
4071
3105
3943
1497
6942
5217
731
2765
3896
4693
2253
1525
1949
3129
5727
4440
1153
7234
7969
2641
7210
329
2007
5512
1678
2534
5271
5145
5471
2911
4318
1087
4839
6819
4878
916
3997
7759
5092
6271
5836
7275
6375
4969
500
6904
4051
5416
3075
10
3968
5664
2144
2783
7508
4060
6319
7157
1145
943
3969
7428
7650
6063
492
3392
1643
271
5049
4325
178
2416
4653
7514
6164
1358
6918
5836
5052
4705
690
4389
475
6454
3080
5635
6061
6651
111
372
6699
7276
5697
1911
444
768
1203
903
6440
2747
7361
7147
594
7851
3854
6606
6055
3044
7839
7143
2636
1127
980
4862
5208
6601
1446
2118
967
5856
1481
4795
3818
4604
5264
6191
4093
184
1942
1351
7857
6649
5245
718
4200
5558
3984
2443
4414
2245
2529
5077
4636
7898
2546
4095
6038
5925
5508
4375
2377
5731
5170
2393
1061
1332
668
4032
7610
7430
7031
5444
2810
750
5122
1592
1013
447
3305
2020
1043
2477
5411
5436
2050
3190
3277
6004
3908
2387
2100
414
7474
3269
7244
4240
7119
4273
2790
1474
1337
3021
505
5515
5247
140
6276
6288
419
5449
2436
7365
5836
3472
5492
5692
948
1583
7393
6671
4033
1869
7616
1437
3390
29
6498
6100
2823
7904
6914
3774
1192
5661
7431
367
1649
2167
3947
2729
4166
3175
7262
6248
4129
795
7672
1554
7622
307
5321
5129
1642
619
5071
3325
2701
7329
771
6292
3761
54
6141
819
754
5799
4970
3695
5075
1375
598
7759
7852
5509
7657
412
3700
5915
6515
2835
3360
7437
7549
5697
2461
1606
631
3791
7647
6385
6644
4691
5193
4273
4559
3376
6387
7904
626
5915
3600
1786
1491
7924
1294
5250
5585
1283
3166
2087
2709
665
2730
5384
6169
3929
6698
4595
4505
2479
2950
6555
3586
4090
882
3433
5555
7297
722
7408
31
505
6161
3032
6716
2635
7588
3724
1629
3467
4065
5075
3158
4019
130
6667
1418
7533
1149
3021
3115
5958
5225
71
3444
3700
1565
4777
175
2781
7260
6335
7786
1294
5212
5198
4384
4854
4007
183
585
6496
4203
4535
4980
4988
7875
2776
7325
6143
2584
6730
1862
4085
5728
3062
7316
5143
3453
7377
5441
48
890
4664
7189
4478
2324
5943
1569
7709
225
3536
5616
872
663
1850
5377
2365
1708
7152
4210
3294
1995
7586
6389
2116
1989
3222
4789
6328
4926
5371
3704
1842
6260
4439
5032
2819
706
3199
4199
5798
3650
2561
1648
6865
5136
2314
3351
7401
7962
5046
7719
4318
2441
7079
6323
2449
3284
5876
1707
7535
7145
1595
2488
1448
4332
1619
2323
2347
1674
2482
5627
758
5037
1139
5741
5100
4814
4879
5930
2675
3472
6792
7073
261
1528
5954
6966
5351
6258
3662
30
3424
6569
6958
1089
2600
2593
453
1266
338
4865
6923
5439
3208
4460
497
354
1370
6734
2770
711
1499
505
5256
973
7813
6633
438
4246
6962
5884
3959
2830
2553
6059
6137
2014
643
1325
5305
4620
6883
2407
5229
3134
7447
2297
2272
7541
7932
695
5474
5320
1048
1596
7019
942
1635
2059
6213
464
4760
4928
2952
2108
1959
3281
7916
2250
3124
7568
5123
2471
3009
6172
1481
4791
1836
7340
2142
7291
4990
7111
5834
7217
3198
710
4729
3737
7857
7900
659
2843
5035
3989
3176
3465
6077
7053
2350
1721
4268
7866
7593
2383
7390
4578
3561
680
6536
389
2808
6936
1551
3918
4158
5949
665
1927
6332
7549
7089
292
2632
7948
4202
1080
4735
2569
3203
3033
6495
1615
458
6073
775
7591
1141
941
854
4024
7638
1878
2389
5948
310
5464
1694
6628
1081
3370
714
164
1170
4685
7869
5392
2647
5488
6560
1944
1806
6398
5375
5214
6215
947
2534
836
3492
5021
6907
7489
6166
6626
4368
2269
3063
463
1873
6526
49
6866
3523
6359
2310
2712
1946
7579
3091
526
2273
696
998
4457
7655
5155
6887
1261
21
6322
2268
355
6119
7044
4502
5496
4799
1584
4437
7252
1773
4483
6269
7587
5002
1724
7777
1390
603
7542
2134
7734
2837
6506
1180
2207
2831
4587
2388
2843
2313
5018
4846
7294
2392
6571
2633
3125
1176
2988
7238
1528
3916
531
1492
2434
129
3749
6294
3362
2071
7104
3353
3302
6578
1005
1365
6337
5163
4714
6633
2544
6492
7184
1339
4081
2562
1804
2120
5527
6249
2609
3304
7894
2288
1523
669
2603
6948
2346
3696
6986
4764
5614
1043
2910
4727
4809
5450
5943
3959
3615
2603
3916
3751
7959
3843
2856
7466
5413
5447
3094
7745
1739
7902
4571
2350
2762
7556
774
5209
1304
3483
3803
977
5133
4002
5432
6308
512
6508
1938
1958
5793
967
5446
1788
3084
5229
5411
4282
4876
3469
1489
7319
4495
7271
6476
386
5091
918
7767
2449
18
6970
4817
1939
7137
1860
5763
3950
2628
1009
7766
3076
5744
1085
6936
3478
6173
2031
7694
5595
148
5383
5000
733
6152
1832
7287
6653
4517
574
75
4239
6096
1552
7721
938
3787
6890
122
212
7538
6797
2119
365
387
5880
7038
6161
5599
3879
6136
2469
4909
5875
2497
7925
1904
4945
4952
4038
1190
3224
5986
2251
4829
781
411
1327
6895
3187
2106
3847
7948
4424
6920
3167
4522
2156
1457
7207
3286
2467
7240
2941
6844
5080
288
6788
7987
4678
7367
6371
5179
1682
7645
6805
1503
3717
4090
299
587
7322
7967
497
1065
6916
1810
7320
7105
974
7705
6596
4484
1563
3425
7255
3627
1689
3517
1325
5463
7343
6755
7138
7259
5893
698
961
6554
815
4211
5697
6885
3113
3091
5096
960
3333
2501
1782
2171
5799
621
5898
3438
3672
4086
5994
4748
671
7068
6287
1042
112
1929
1515
6084
6260
5922
786
6599
3727
3893
5512
3118
6096
3581
2032
4694
2739
4412
1898
4108
3258
4921
5295
1048
1588
5548
4052
7998
686
797
1148
523
4969
4405
7907
5069
639
4413
4908
5926
4257
1599
5770
5060
1871
3184
6520
4103
5641
3630
7230
3401
2883
685
1872
1658
2861
212
2772
6387
1665
7465
3196
4379
3920
7125
5877
6560
6327
4377
2597
3358
5988
6543
1126
7362
5667
4315
836
1716
835
3124
7056
4739
3388
6493
2456
66
3859
3537
7000
6873
7851
4280
303
6448
4070
1810
6936
649
4381
6623
5229
2484
962
3633
720
3674
2813
1627
216
3211
6950
3380
5018
3601
6114
2477
6679
7896
4329
745
2962
2315
2986
6427
5662
708
832
2825
1030
6504
205
4986
2896
2511
1499
6309
7843
5930
5507
3491
4099
1149
2146
2596
3605
757
3756
1548
6760
6902
5592
2818
3542
4145
5887
1487
915
6367
7455
203
2650
7212
1937
4142
7004
6384
7483
3813
6419
7558
5788
7850
5063
1115
1409
3471
7997
3247
1145
2920
2539
2480
5939
3718
4858
5946
7824
4847
7962
1895
5198
3655
1730
297
4986
7915
2042
7247
5028
6652
4898
1914
6514
2019
4538
125
4357
3502
5103
5765
5615
7237
2609
3363
3752
149
3719
7447
7268
2452
1125
785
4913
7003
4162
4603
6463
3632
5197
5612
5161
389
6749
3742
5783
1150
5478
1578
3821
5581
6115
4824
4246
5011
3734
5614
2295
2648
7115
7136
7503
7771
6264
2495
5646
1142
573
6969
5695
3200
7267
5904
2614
7361
6742
6859
2990
7033
3871
7636
1244
6637
4053
3162
1947
1299
7456
264
83
757
7093
98
6928
292
3543
7393
2964
7674
5881
3833
529
1887
979
1906
6726
4569
6242
3137
6271
5212
1226
4983
3744
2740
315
4118
6096
6590
7675
3574
3669
4314
7836
2992
2976
1131
775
1647
6235
6676
4986
5541
7367
5202
6260
3253
5900
6503
5532
650
7976
3387
1128
1558
7980
3514
4636
1234
1155
258
7732
6596
2582
6426
4269
4983
6558
3180
7309
169
6318
2888
3720
5194
6404
5844
6112
3912
2193
6804
422
1846
7924
6072
1202
4261
6623
1160
6583
1300
6986
4288
2579
3263
7577
3896
5231
3692
363
6838
4057
200
3280
5120
7242
2779
6856
2197
4113
2506
2375
2640
6742
4095
7235
2126
3251
5424
6380
2977
1320
1542
974
5929
7874
1236
6991
7799
5987
2428
3303
2603
4278
1194
5502
5996
6760
7202
6163
6075
3752
3966
4845
7303
1335
6064
6529
3633
1174
4477
959
4308
5452
7695
7325
4362
7735
5840
3119
4655
3394
2134
2734
7753
4494
3066
16
2677
1261
1545
7089
5595
7303
4461
7556
7440
1690
5337
7119
6894
2411
5667
1101
4341
2629
1889
3286
7131
7986
6513
7398
6465
3931
3955
2878
5373
1196
4228
7448
2569
3682
2097
178
5697
7941
6838
4419
3526
2342
1789
5483
6432
6126
1535
7643
3724
6877
484
5309
6525
171
1245
6217
3831
7223
2798
1262
6086
5255
6585
7588
5506
7653
5960
6240
3712
4868
4155
903
2660
1965
3188
262
4935
1266
1184
6181
2640
2743
6156
6121
2873
3467
7732
6433
7400
7208
3068
7120
1220
2310
2727
4907
7045
7914
3977
1250
3590
1589
3034
7174
2139
28
2969
5328
3826
714
2885
5861
239
4552
2717
7488
2979
6360
4058
2457
7051
3215
5943
1144
1198
5436
6815
6390
1322
2310
4470
699
7913
428
4311
923
7970
3363
6379
5267
1819
3169
6288
7711
5807
5599
5571
6188
3845
6951
3005
5437
435
6985
5677
1719
3161
7278
5946
15
826
5445
2463
7123
6295
4980
5624
7514
6926
2452
4953
3531
468
4626
7129
7429
5785
329
5795
5970
482
5387
1682
2586
7366
2271
1022
2952
306
5131
6385
4605
5890
1054
1069
7193
3008
434
6721
6708
1407
5607
5331
4293
5905
2608
1218
5987
7155
4563
7775
7763
2199
7329
781
5251
3104
4060
7931
2484
7484
7428
1045
1900
5336
4845
4104
6076
6439
6930
2092
2429
543
4603
5037
3126
2745
2127
6034
590
7434
4315
6209
2777
2393
128
5890
1185
5610
1375
1766
1741
2523
4961
3918
5453
854
785
1592
4291
1666
1956
6113
2308
3964
4880
7090
410
6798
7140
3912
4888
7200
5943
4183
5184
6906
5436
2396
3792
273
5693
7414
4511
2368
173
4700
5954
3475
5101
91
7829
6312
5340
3417
6561
6848
7454
4654
2354
3892
1570
2802
2324
5860
6364
6460
3811
7056
2548
3849
3655
5324
3857
2336
2194
3533
4821
2275
7554
4773
1587
2731
7672
6065
4653
6514
4949
2404
7617
129
7553
2334
4829
1891
3438
3742
2514
697
510
2282
3658
1252
6966
3506
2528
919
3846
6377
258
4619
2219
5804
5125
7467
7369
7929
6115
7712
5250
4022
998
1049
1529
1849
2779
2841
6999
6855
4992
2958
2102
5773
5049
925
2550
5840
7974
7172
5696
4770
1985
5737
3383
5168
5858
3625
1543
3232
7783
6188
4795
2050
4671
2529
7861
4569
41
762
7340
2472
6889
7817
3120
7038
6723
978
1774
6611
1163
3269
4539
3485
1311
5019
5649
2611
3161
3587
2809
7877
1048
6929
5386
1216
760
5513
5797
6892
7664
7638
1638
3817
424
7125
4104
7122
7529
5153
5691
4489
1753
7614
3956
275
4345
4213
4556
6786
6408
7220
3690
4486
4724
5982
4216
6091
3348
5364
3854
5886
6226
4410
5415
5610
966
3085
6380
3012
5334
6030
3789
4609
3044
6740
2335
5100
1935
4097
3116
841
4976
3491
4769
7162
1929
6441
3240
5241
6656
30
1279
5057
1874
1789
2787
3166
5180
6816
6628
4741
4977
6893
5736
5533
3201
91
4326
3296
2834
447
5712
7497
76
4878
826
2633
248
6268
5642
5705
6307
2977
1753
4401
3960
7753
7216
5939
3346
7557
4629
1347
516
3445
6740
2615
1405
149
1236
6465
6782
5366
503
4582
5306
1089
7133
3585
400
5215
447
4935
3055
7615
6956
5688
1126
6767
6002
5678
7616
4326
5943
5437
4959
3221
6650
2007
4407
7764
1515
5890
7332
6184
4470
3084
391
5713
1140
6671
2252
5656
5002
6646
2730
7459
905
3125
2327
6367
7427
6860
4880
122
5103
1172
3978
871
2297
982
3296
949
6122
3077
6018
2991
2208
5007
6049
3377
4148
6294
4865
7183
6678
3330
3236
4234
431
4585
2514
3416
534
5847
5596
4547
1180
4873
5274
5512
3388
599
7431
7365
6821
7559
4846
1825
7577
6800
1188
6471
4457
5383
2468
3246
2479
7985
1034
669
2214
3087
5037
4234
3761
1068
4111
3099
3246
7639
7144
565
7582
519
2048
7034
592
7411
4185
4242
4328
4170
4351
1128
67
2822
786
6528
4242
4082
5094
2728
4210
3928
5117
5288
7695
7718
5697
1964
3690
333
4232
7506
7321
680
3950
1899
172
732
1542
4157
2569
1684
3126
3058
1365
1067
2765
1163
2227
6667
1347
2401
6485
6691
2070
4450
944
5711
2136
2201
4106
990
2628
2401
5760
2368
5766
485
2407
2269
6016
1853
532
1300
1686
1859
486
1670
677
3400
7783
6448
5722
7513
6305
5786
1901
3060
1403
464
2769
6494
5177
6975
4934
2522
3884
6620
4020
6875
1957
5817
6157
260
7975
5231
6039
5741
887
362
6478
2114
1535
5621
406
7830
6855
7674
1411
2702
4534
4109
5103
6193
1891
387
5175
3260
109
1358
5633
445
5312
7661
3578
6601
3960
6169
7954
7880
6333
641
7914
3579
426
7853
5322
3756
558
6523
