2376
7425
4865
3396
6096
5944
4952
4664
1663
6997
7711
7063
1901
3573
6563
3312
2396
4748
3369
1920
5418
6573
1106
4617
3700
4073
3544
1375
916
2365
4595
2571
3305
3005
461
1143
1703
3340
3524
2542
2602
2806
4251
7659
2668
825
2734
2678
3283
5297
5239
5464
6941
2196
7366
1907
6369
7143
584
2431
3358
727
4567
2896
1644
682
6113
1041
6476
4294
7296
1353
4081
4224
535
1682
1893
2985
4321
1412
4899
884
957
1524
6277
3945
5510
6668
123
7232
5473
3855
6737
6546
5306
569
1954
6436
7639
3699
3061
7672
4755
2005
6548
2876
6466
3315
3108
3670
7827
7336
4680
1038
464
6308
3394
5754
4844
328
1135
3264
4852
4929
2361
3358
3552
1909
3578
4115
7601
5056
1729
749
4689
3559
7465
1395
5627
5503
6066
6116
5273
1223
5484
7590
2934
4847
7818
3051
5291
7817
4774
1122
1420
4718
3847
5476
3632
4281
5640
545
6398
7062
534
7604
2690
4795
5927
3129
863
2285
2315
5427
2538
7174
6879
3021
6976
4344
5453
5774
5660
7012
6139
5046
1192
3176
7674
5434
1333
527
6507
3493
2638
7464
2174
4667
5495
1865
2565
1509
7947
98
5220
4611
2565
4111
3107
284
1405
1234
1736
7274
201
1462
3826
6082
4976
1064
6237
7445
7398
15
6470
228
7027
4838
2297
6282
2356
7823
548
3614
447
7800
6224
6263
7533
3032
1509
535
7103
7530
3448
6015
6389
3646
2191
4446
2507
7338
1311
6094
4034
5763
6192
3540
5829
2050
1539
3314
6769
2685
29
5748
956
5778
4913
2812
770
5765
1121
6203
3676
3516
6551
7256
4420
32
4914
3321
7075
6676
9
3293
6021
5288
5460
4262
2330
4289
2429
39
5721
5507
1359
7312
3319
2305
7105
7137
4189
4505
997
2835
4173
920
1735
2787
233
2809
6076
2461
4082
50
2889
2394
2045
4292
3647
901
2005
5325
6467
1740
3261
4490
1039
3851
2497
1568
6028
583
1937
3093
4819
513
2174
4636
6420
1462
3308
7822
3230
2249
3477
1973
6146
4035
4316
3565
4411
5005
4023
4861
1373
526
3840
1277
2764
1552
1596
905
485
4846
2688
5878
7827
3639
4181
2020
6
1729
7568
1592
6062
1733
7494
2178
3759
5437
7593
6673
2553
1004
12
762
4351
1878
4349
7069
2746
4584
3468
1433
2624
5443
1240
4152
1823
1963
7894
5496
2133
4280
1700
2402
6630
3537
3461
1092
3125
2025
5089
4967
3519
6037
1430
4299
1481
6861
5799
7676
3821
4818
6748
7777
1234
3405
21
6889
754
7189
6870
66
6928
7414
7390
3699
664
192
4914
6471
613
4639
2225
3280
4393
2183
6854
7267
4792
5740
623
897
3689
2104
3867
5443
7340
6815
5519
1964
5095
5652
2275
2477
5134
3176
3158
7758
2453
1504
5629
4263
244
3976
5831
7284
2660
4187
1344
963
5837
5868
2770
5496
5265
6531
966
4810
7259
5864
7722
7952
5119
3384
679
5686
3835
6489
62
553
1780
3799
709
969
2324
6757
4340
6662
5157
3690
7843
237
6140
7295
7996
5362
668
2218
7039
4163
5447
7182
7740
3049
4130
1196
897
7085
6210
4966
7109
1978
7531
6599
3998
1522
1640
3367
6471
6948
6244
5730
4649
6543
7115
6056
602
2374
1783
5740
6627
2078
2902
2543
2771
6449
5346
7082
6605
679
7784
235
1945
7242
6692
1742
3405
2336
112
7488
103
6096
6241
2014
3538
7845
2481
4115
7149
3667
6851
3480
438
4556
1878
6835
250
2676
850
337
2042
4789
2969
1745
4330
2892
7134
3841
6073
4762
2808
6646
5750
1813
4151
2514
2940
4076
252
208
4025
3226
824
2164
5180
1923
6984
3522
2531
2717
4109
2432
4549
1124
955
415
7528
5102
6760
7860
2057
4112
5759
4038
7991
1878
4643
2171
5256
4685
4848
1279
2689
7725
744
6717
14
4905
6298
7166
819
2349
2793
7083
267
5697
4264
3990
3628
3783
7111
4695
4899
6772
1155
4489
762
7172
51
1432
5023
744
1224
1272
477
1743
3875
2971
6773
3540
6889
6175
6815
5871
2557
4114
4191
4127
764
793
5832
2119
1002
7145
5159
5682
3430
792
5123
345
2098
2470
2395
7364
3349
1170
1782
5777
7733
4370
6023
2571
865
4546
3319
4003
1616
2342
6937
2845
6311
830
3007
6447
596
7131
7010
5550
6826
6867
4378
3974
4380
975
7024
2163
2052
5417
1178
2501
6313
189
2538
6466
2768
3416
6075
1939
6862
6036
1817
1613
3512
4821
866
3918
5179
641
562
4978
1199
2852
2982
7536
6837
253
6010
5253
7981
1652
7698
3864
7996
5322
3987
488
4333
823
604
923
938
4467
7234
3083
4676
6264
7293
507
621
367
7173
4914
5259
3149
5811
7875
3332
7700
6895
2559
5464
751
5531
2949
7600
3845
5377
1814
5519
5240
1890
1678
1522
7034
6035
7465
5821
6824
1219
4311
6313
1956
2335
5376
6069
2021
6034
343
4259
6530
6817
5900
4869
2007
1014
357
4375
4168
5571
547
5183
2176
2902
6879
7502
3067
990
3325
2386
4222
3489
7558
7345
7044
6387
1072
276
3448
4164
1960
3577
4445
3859
3528
6305
4258
5329
5969
588
7592
7677
3766
1645
7848
3657
7974
2847
6541
2777
4053
916
3196
3488
4740
2494
2779
829
6142
1266
7347
3913
3234
3817
4869
3502
5374
7308
1703
298
5302
3806
463
6697
4489
3952
859
2676
6912
5616
5478
191
2825
525
5112
89
841
2438
1707
5934
4798
2090
623
1511
6164
2520
485
3510
1291
4216
5507
2489
4323
3318
6842
1818
2151
948
4205
2932
6175
624
7858
4233
7744
4265
3974
7122
2020
7408
2532
4015
1737
6508
1734
1791
3258
2307
6140
2921
5487
3042
5017
5064
2877
2423
2283
4713
3625
4802
969
200
5276
86
2165
2903
3217
4696
5203
5823
373
549
5323
1843
3731
74
6352
5150
2284
1232
1900
3760
5944
5603
4500
1414
2709
3330
7983
5330
1690
2447
4719
1946
2068
5086
5032
4634
3392
1472
4722
5915
7003
2821
6617
6449
5464
230
5967
4572
5019
3146
257
1683
228
478
3814
4395
4351
529
2556
2854
2846
999
7042
901
155
1515
2
2173
5451
7451
961
2546
7696
4745
6816
7141
5546
1303
7846
7627
2618
362
6429
31
4926
5520
6684
1520
244
4475
6961
4003
5746
6516
6319
5859
4715
1170
1237
6
561
895
7933
2264
1082
2458
1194
1540
2008
7924
7086
6463
6151
7948
1090
5980
673
2814
7760
7141
3448
4029
7865
792
3057
4556
1670
1913
4526
1705
4373
4814
5582
7525
4595
4729
1039
4083
3749
7247
6315
7174
641
4149
4216
5753
671
3372
6344
147
5887
5671
2362
7739
4659
3015
3755
2746
5902
2723
6139
321
5627
921
7916
3139
344
4007
4058
7353
3116
7600
3732
6275
1319
4047
6216
4412
3402
2921
3998
4372
1460
3566
4538
2303
739
1823
2028
7381
6099
715
3099
5002
5133
4950
4994
6164
2185
5057
6295
2952
3094
6165
772
5634
6219
25
716
1937
5471
5882
7861
2469
611
1675
6541
2484
4981
1022
6345
7632
4570
7817
2050
7826
5929
6809
4458
2
724
4269
5298
2134
2877
4145
4006
5999
3584
7364
3237
6438
203
4503
6310
7110
4499
1096
5588
1212
1982
7412
901
2822
6429
7978
6409
1022
6117
1757
5386
5482
2129
1367
1685
7618
903
2736
3343
4149
7462
3900
1672
1541
4919
3214
5870
6119
4840
776
2349
1165
7549
1511
7043
5066
4795
3001
6997
1822
6059
4640
5463
1278
1485
4634
5516
6353
7181
4369
3228
1952
2409
7076
4524
6120
2678
2483
3953
1214
7486
5246
114
7815
5115
6019
312
5851
2089
7078
2118
7027
7523
5804
5664
2416
7624
6307
6868
2022
5447
5869
5148
2603
5139
4748
3594
7767
7672
3794
2986
3812
1088
7384
961
7078
6690
1215
1009
203
7775
696
2503
6169
7984
6407
6627
3517
3974
6973
6461
4955
428
5606
1287
2853
2144
3925
3620
2168
4035
6222
2261
4296
7550
3714
4753
1921
1567
4616
7172
4644
2921
5301
4290
5803
3780
5568
2982
7005
3483
5504
7052
7782
2883
5863
610
5557
3849
5197
7384
101
7762
2418
5516
3450
6730
4348
3552
7592
4490
4903
6311
1196
6799
3216
7578
1016
5499
1232
3416
4678
5006
4554
5678
1562
279
384
2776
1886
4934
4684
6274
408
6328
4861
278
5865
4173
5292
6415
3402
5068
6354
5023
7303
303
5963
5536
2642
7403
6473
1066
2957
1229
7218
656
6476
7466
3201
851
4885
7529
3415
4847
7085
2634
6201
932
6914
7960
4830
980
1489
6941
3478
4761
2815
4673
4977
3069
1056
2528
7499
2671
2648
7840
4435
3727
2250
5099
7158
6894
3296
5695
6957
5835
7360
3699
6001
678
4648
1449
2209
4567
5449
5906
936
5493
830
854
7714
4916
4912
1369
336
3009
5880
5689
7759
4731
434
7995
1335
7354
5778
6637
7986
385
1651
807
5192
7459
4190
6757
1092
7126
2940
6191
6186
7196
7736
7936
3447
43
3175
3245
1879
2626
3118
6505
168
6299
3687
1533
2748
3336
6313
1932
498
4947
4607
7335
727
5085
6380
5010
5820
7721
3209
6768
4481
859
3556
827
3890
4547
5009
7541
3731
6840
5772
6546
1375
174
345
354
2288
6216
1253
3379
6979
7514
735
4764
6012
1941
7808
4763
4376
5887
594
6908
3682
827
522
6248
4093
2483
7012
2889
7306
5066
7108
6650
6785
1512
2282
4016
7010
5219
53
7119
6199
2546
7726
5522
5022
5723
6582
2213
3311
1310
1673
2688
7372
2621
7683
3485
4246
2673
7989
3807
6006
6161
4580
5790
7678
2668
1053
5418
3405
4051
4468
3707
3335
6762
2286
5258
7911
7913
2600
4437
2185
5025
893
5736
7568
3562
7937
265
4239
3059
5834
1180
356
3169
7287
6451
1731
545
5660
4748
4195
3583
3518
3618
4026
5640
412
5304
5755
4796
2789
2175
739
3037
7600
5107
1300
1868
6431
3219
405
3467
1091
6156
3431
548
6182
4847
3726
7012
4983
7210
5387
2686
4361
1253
7815
6027
1528
6448
2746
639
69
6425
2340
3980
4482
83
4472
6559
1471
6174
1225
1142
7794
3840
6290
7067
2142
5744
5594
2820
7548
7070
2602
5499
3927
1664
1796
3984
2791
7621
6213
5755
231
6256
4795
6754
7158
6772
4832
1342
450
112
591
183
961
6291
25
3853
2033
1566
7846
2611
2306
6443
6450
6698
5747
3083
4391
5160
1987
4265
4054
2455
1786
2132
4963
7870
4623
2453
1678
1231
6074
2710
3936
3363
2057
3425
5479
2520
7655
2646
2068
2603
7211
6098
2770
4896
6904
3563
4995
335
3481
4944
3358
3161
4784
5352
4614
4410
7324
158
5636
967
4687
4165
969
4750
6054
7730
1215
7077
6198
6566
819
4756
5841
6333
3601
7471
3730
7521
4875
4948
1801
4494
263
1318
7218
2465
169
7773
3054
7479
7156
3310
2547
5298
2233
538
4933
7229
7232
1524
6537
4706
3805
1902
5920
7754
4276
2810
1045
1305
182
2412
4767
4732
489
1914
5267
7784
4454
652
7972
4753
1009
4522
4479
6804
7521
758
5900
7892
3501
7796
2574
1997
6105
6246
7349
2190
1811
7308
6663
4489
1555
223
932
7594
3434
2600
1333
21
2772
3185
7765
3705
4356
3931
6740
2934
7713
4682
1982
4724
2277
5020
6591
3190
118
4944
7203
6138
6836
6791
7322
6157
7034
6230
5540
7371
2102
5893
1566
2982
4720
1037
505
7610
3397
650
1016
4299
1147
959
7599
6434
3197
1110
5706
3463
4229
3131
6594
1006
3339
4847
387
1663
5143
3111
1779
4046
5316
3537
55
6601
1571
4655
40
4469
2813
5824
4373
7633
4931
2144
1120
3035
6736
7842
7787
7869
5429
5542
6852
4875
2163
2797
5512
599
7211
6615
650
7969
1283
3411
5397
101
4486
3713
6207
3509
2513
7355
3060
6788
4183
3575
1711
6093
3541
3810
5769
4033
7453
4023
6146
7899
7137
5144
7819
6829
4734
3141
4243
3817
1284
1194
7465
6715
5821
4687
4785
1
1473
2089
1992
5559
1574
5930
2240
7715
1211
2074
6379
708
6871
4086
5085
3318
9
7050
261
3224
3874
1497
6074
4442
5382
1544
4501
90
3737
5349
693
7006
1386
7895
6394
2249
476
161
4379
5153
7561
2652
2836
4737
4191
4475
7187
2422
7903
3132
5809
5926
1122
177
3278
1832
7360
2888
6819
4067
5839
7544
7504
7532
4823
2417
3387
2476
4896
6241
5291
4655
142
2246
1187
1799
7183
7308
731
3734
528
4976
1523
810
5732
772
6709
3137
3663
3179
1474
5004
6320
6177
6268
1609
948
1929
6824
6190
3763
1469
777
5986
3069
2555
5603
3238
4465
3214
6801
5702
3342
5204
466
5692
3381
7671
7532
1891
2795
7830
4007
1741
3973
1348
1640
5633
776
363
1667
167
1453
5646
4997
6896
3208
6584
5457
1715
1467
7134
1456
403
7564
6086
4477
4967
5189
2627
5838
4709
6793
2364
2333
4145
1848
7631
6637
1635
3690
6691
7458
1970
7292
4954
4215
5701
7313
7066
3573
2555
2084
4162
588
5524
5083
261
1844
7482
1515
5204
3365
413
2518
5463
4731
7816
6792
6228
94
113
5735
4155
4570
2460
561
3016
2869
495
4545
6761
7380
2029
1988
2801
5353
3038
5550
2529
7734
6442
1279
7779
7251
1378
4434
7561
4413
5828
2923
7545
1142
2439
2037
4012
6384
1855
3530
461
459
5193
6514
7995
1706
6769
4020
6201
720
4229
5032
7889
4862
4943
653
5714
689
893
2243
5880
6800
1073
4256
3694
1651
2546
394
2518
7728
51
6371
2094
2401
2041
1043
2162
455
595
1863
5149
4523
98
3858
7093
5806
5670
6110
1378
1961
949
6593
7339
7209
1699
6731
958
4695
7625
3353
6290
2872
2070
5043
2659
7673
5382
5956
6945
1316
6784
7202
4675
4430
3719
5680
6935
6634
7095
4080
7618
5293
7536
1853
4996
3436
4692
4857
3756
6596
1047
3450
6142
2224
7172
2982
2969
5109
238
1796
7528
2313
3202
4909
6205
4205
7837
6674
5799
2856
285
2494
1032
5407
1679
7736
5579
7080
278
376
3406
3351
1257
33
4164
6714
2421
6163
6668
1558
3161
3237
6960
2797
3527
970
1646
1517
2767
4462
959
3136
4951
4307
1456
346
252
1089
6630
1976
1634
1709
1720
5360
2840
1068
4896
2196
562
2315
2573
3689
905
5399
518
1581
4844
2366
2408
229
6332
2799
6934
4531
7630
7887
5843
5434
1633
7183
1028
2708
3286
5920
4559
6677
1496
6866
5486
119
6564
735
4938
7863
1926
4305
7256
718
1307
7026
5572
5814
364
5863
5923
3946
1119
6462
7297
1212
5682
5231
5752
4841
2048
688
2544
5898
3500
6936
7422
7865
1764
7188
5341
7134
589
4467
198
828
6290
304
2958
6924
6734
4390
1469
3138
4723
3889
3113
636
799
5417
3071
2151
2698
4546
1883
2260
6420
5355
1104
5841
6201
488
1027
5834
7264
5132
186
2632
3827
6757
4715
4148
1633
4430
414
3856
2551
3233
7473
4096
4248
5828
3503
916
2658
2857
1259
1902
3025
7447
4625
4932
1371
2906
1189
4749
2867
3882
5147
7927
3244
2985
4454
5105
5613
2394
7687
1080
5995
6172
1357
463
6225
2750
2725
7552
816
1601
6500
7571
4011
4154
7102
5484
3377
1194
4011
2257
835
1205
4178
6521
5695
6218
52
7990
1790
5141
7236
999
5420
6932
1228
4684
7090
1408
6042
6463
244
2943
6540
4004
3820
1345
1326
2974
912
5966
2303
5099
4697
5570
7228
3953
2932
5380
6076
390
3170
672
3978
2438
2270
7297
5212
4
6028
7789
6414
3119
1425
6399
5072
2694
6888
1155
7320
31
1450
6791
449
3097
4038
6336
2539
4822
3257
2264
6009
2330
2288
115
7521
7019
4980
806
1062
3839
1119
2752
2036
6342
5814
504
5017
1878
6315
2138
160
3595
3831
778
7964
2442
3699
6669
2598
4700
2079
6455
5536
5693
500
1354
7417
3439
5359
1873
2173
1863
5144
4413
345
3843
3982
2366
119
5692
831
456
6911
6627
533
3756
1630
1314
7099
852
2840
7911
3242
7618
5455
945
3303
7426
4487
983
2243
7868
481
4392
5844
5170
7598
6444
6028
5528
3856
7167
7070
5181
4833
4782
6724
7203
6738
1160
466
4557
7629
655
2465
7865
7848
1174
5782
3979
4597
5031
1523
7310
4729
2202
5596
6010
3208
5502
2145
1347
3285
4925
3006
5779
378
990
6794
194
885
3488
5364
6628
50
7082
630
3553
3194
1932
520
3933
7023
5259
5221
5251
660
939
1050
5549
2955
859
2181
1243
5324
6709
6218
4785
4693
5746
7474
4758
5824
3194
288
3969
6551
2539
5375
1134
3055
456
2443
3951
6323
1323
56
6242
567
1915
5827
2699
7920
1612
1472
5618
7532
5691
966
2609
6868
1268
4338
6293
2218
2830
2036
484
1112
7008
6538
2094
2058
2630
2748
3770
605
7838
4278
3998
4015
5607
739
3143
5864
6888
1122
3197
2787
472
6891
6345
58
7481
6292
5724
4277
4534
1199
7720
7829
7822
2127
7039
4895
6563
2895
7816
2949
1324
6520
6151
5894
4230
6387
732
2928
7819
3565
5679
7046
5318
3558
3735
2226
7477
4228
7909
757
6384
3284
2095
2110
4255
438
2691
6365
460
1439
6121
7654
1613
7532
4304
5823
1970
4695
4680
5333
1900
2986
6517
7169
1903
4309
6711
1290
5578
7987
7837
6838
3208
2630
2611
982
1652
5958
1916
1637
5775
2874
1887
6783
2433
2395
935
5839
508
6269
5189
3927
5542
7631
1950
4528
6315
1838
5388
6127
3532
1232
492
7613
2173
324
7142
1214
4535
5690
7525
5744
2257
5030
2386
6158
6370
732
4070
4641
4438
1537
3096
5690
394
7387
4590
5482
711
7293
728
5181
174
5527
2304
1225
500
5481
1580
5262
3270
6077
1220
4108
2253
6964
2853
5963
7237
5059
2490
6336
1997
3741
7125
1194
1000
7670
1034
3587
2217
3107
6509
3476
7870
6332
1867
1805
6884
2375
4361
721
7556
4931
1924
4310
2169
932
4974
3455
4158
3243
2248
4949
2044
2682
7881
1977
3992
7537
2455
5211
7137
447
1041
649
1602
2344
6396
5907
6604
460
4886
4696
4917
798
4799
5961
3437
7125
2761
2629
78
2803
1774
2361
7343
4921
7217
3248
7633
4544
75
1332
3612
2396
4764
2736
3081
7449
3364
7425
803
4105
5645
6562
3111
4330
3396
7349
3716
2928
6654
1074
1171
6086
6687
4158
4272
7765
3509
948
2262
6734
2532
1935
1749
1535
4482
1678
3544
6410
2248
3754
2848
843
4462
4184
6729
4752
2546
1012
4246
1754
3910
2880
174
6040
6958
5456
5356
6896
4066
1189
1697
5593
2810
4287
1002
4776
1154
1798
3061
4711
5280
6881
6482
1112
7041
4833
3334
2134
1696
4936
7997
1151
4671
6719
3014
4440
3604
4975
581
2514
1492
5607
16
1099
7988
5852
7495
4489
6665
5327
3247
288
7624
4408
7403
5894
6309
749
2335
3139
4874
3762
3376
4261
6142
5585
6133
3289
2735
1861
7744
6090
5309
6000
5968
5356
5514
7060
4658
5995
6679
3392
3093
3815
4035
1983
6167
753
7117
6922
1825
4836
2010
6931
5632
7485
4137
6123
6255
7594
1222
6253
4331
7533
5741
6080
4588
5643
405
2359
3228
197
2613
6651
6941
6300
2889
2705
1911
3504
1932
2073
4583
7389
2924
5940
1792
5429
2087
1771
7361
2275
6474
1651
4749
1875
6011
974
148
2908
7122
1343
6939
4454
1492
6120
1414
657
5991
157
1302
4990
7765
6947
5747
1029
1895
7552
7643
6992
5784
1047
7802
2131
3793
2150
3911
484
930
6542
171
3260
2556
2682
821
2520
4676
3515
7600
1997
4325
3308
2264
6414
7773
1973
6899
6209
4718
1064
2596
6331
3071
1246
4023
2674
4637
6494
4516
3900
5731
2016
221
1408
1025
5936
2841
2055
1779
1371
1390
6548
1789
2647
580
1039
7491
3911
3690
110
7504
7263
6832
525
202
123
1923
7484
1765
5587
6276
4150
1242
5430
4922
7107
119
2446
7380
3814
86
4614
189
2393
112
7532
2699
5721
3930
2008
5544
4261
3957
4813
4914
5919
6669
5176
2534
4550
1444
2878
2630
3168
7299
2514
2088
7691
6307
3433
4357
7149
7426
3047
3268
2096
7037
4896
4576
1216
1502
858
897
7940
158
1549
7657
2601
1990
2027
3797
1399
5900
1241
678
4695
7965
2767
2569
842
6974
5619
5935
5789
3724
6577
4886
6284
1288
4291
4271
1640
3715
5032
1783
2608
6757
1101
3549
7432
901
2678
4421
6436
3900
5068
7485
4536
5036
6871
551
3132
1
4638
7091
4172
1083
6291
801
2794
7596
6936
5201
3867
1310
75
3121
7931
1315
382
3900
12
4511
1788
4769
3096
2331
2992
1920
7745
123
779
6407
1068
2700
1925
7386
1480
2649
276
7106
3950
5454
229
20
4645
5087
4528
1843
7831
2187
5512
4497
74
7605
2390
7610
7887
515
3407
5524
3832
4454
73
4090
2071
3085
1562
4800
6311
7156
3410
642
3843
7853
4478
7350
5653
1811
7706
3323
4957
860
2574
2871
4331
6298
1246
2148
446
3344
7065
2835
5450
1034
1980
6639
6235
2433
3652
7380
5775
6651
1438
872
959
923
1244
7039
967
854
984
7219
7615
4636
2446
3612
3991
7877
5742
317
2368
4397
6483
2956
2666
3294
779
7052
4365
4816
5937
523
4231
1463
6579
6772
245
5186
2518
3254
1448
7402
6435
7826
1819
4106
1008
2876
6458
5507
3910
1123
1971
3572
1744
2601
1390
3630
3175
4527
5333
12
5675
3102
7474
7481
1883
1518
4913
5112
4872
1056
6330
1573
335
6008
5662
7242
459
3905
7340
1844
333
1819
7961
4513
1733
2583
6352
5774
3263
3074
6039
2575
1247
1801
4166
3940
205
4491
4495
4580
3899
1929
5962
3794
3335
6327
6558
4802
1745
4158
297
476
1845
5961
7172
6456
5987
5814
2276
845
7999
5276
5427
5325
6440
3304
7025
2797
2737
6904
3361
1238
6268
1775
3048
4054
2198
2670
6144
6944
2274
3032
7815
770
2314
1964
6853
5437
7170
5808
2049
552
6411
1240
5188
7094
7634
7348
3305
2623
3143
5916
2094
5228
4102
2162
1527
643
7238
5133
5422
4755
3133
1664
384
1506
4736
4433
7027
6867
7412
1443
6207
3369
3624
799
1498
3458
5702
7394
5587
3169
2237
3845
4796
4082
7538
806
5450
3685
374
7182
2134
2452
2248
3423
2263
2774
6297
2553
751
2903
3588
3456
5340
4020
1466
2415
6523
6128
291
2696
4519
3072
4246
7897
1574
2683
2853
2376
4084
2188
6220
4912
949
5473
2496
2092
5020
2987
7717
7951
2190
6166
4131
1479
2379
977
6107
5030
5696
6570
1524
7358
7226
2792
2722
1591
6944
3587
3540
916
7527
3106
1710
3332
5848
1743
3099
2529
7410
5790
462
2539
6532
6817
4927
6052
4928
2786
5796
2020
1494
6611
3130
5459
2586
1036
6320
3603
3410
7418
1517
1751
4374
3394
3178
6426
760
6734
2510
3683
3800
7876
4355
1071
1701
3595
1506
1380
5394
1969
6450
6399
880
1587
5526
6022
7508
3705
3890
726
7401
1220
7944
6453
2947
3639
2901
5050
6671
6100
4921
4584
6980
4173
3619
6539
2870
453
2613
3587
2670
236
3423
3394
6578
982
3354
838
1974
3907
4952
4442
65
5373
2241
6709
4029
5639
483
6965
3081
5219
4978
2507
5547
5272
5680
4615
1346
6607
2123
6133
82
4805
6879
7066
6408
6839
2546
4829
4830
4572
4662
3474
2197
5628
2512
5040
1256
1859
4460
2715
7493
6833
1071
2432
6330
6993
4808
3733
538
7395
7842
6973
6101
4349
294
7358
6521
7609
3076
4374
7177
914
3736
7093
6458
1118
4805
3059
3781
5193
6666
2526
2084
696
2683
5379
7412
7754
4301
5539
1033
3539
7465
782
5986
3945
1165
2889
4896
3055
4811
2773
1070
1268
5151
7858
2051
775
7877
1306
3942
3583
8
541
4653
3472
2890
6700
1687
6488
5747
6288
2771
5356
572
5785
5262
2103
7309
787
6051
4919
2673
55
4362
1088
5107
2948
2320
3330
415
1949
4003
2777
5280
4940
6561
2615
3762
7656
552
6113
4666
1440
2607
1513
7791
1336
6794
374
908
6492
2733
6893
7390
1123
7720
7099
7225
6374
1088
6328
2328
2380
7345
5410
4483
2743
7061
7426
4882
229
6019
7516
3982
3958
5723
4049
6634
7383
50
3987
1832
1302
1720
5218
5618
2048
40
3457
2741
653
281
4939
6931
5663
543
4171
4601
7918
2169
2718
322
4847
1297
7888
6155
5137
3760
4946
3718
7660
5103
5217
642
905
6038
5209
5690
1312
2541
1981
2780
6763
2983
846
1872
1076
2581
5673
5650
3079
3923
2710
7761
4375
6290
1903
4535
7041
7771
1030
2771
7273
4423
6975
4743
3442
3391
2072
4983
267
2394
4091
4138
5171
705
5338
755
7487
3814
4594
2632
4206
2007
4284
1068
7336
3084
354
917
2313
1994
2482
7933
6279
4085
4821
145
3300
7789
7108
1376
7283
4618
1789
5620
3224
2681
4208
7527
4806
5486
6405
7555
1596
7189
1980
2047
7551
1528
7522
5650
5517
3868
1568
1824
847
6121
7095
3960
771
7324
2265
7794
1506
1421
7780
4133
2569
1553
6601
638
255
5827
6920
2334
3306
2268
2385
180
914
1078
1028
364
6181
7703
7746
2522
6715
5176
960
5292
3859
5651
1687
7569
2136
5681
5562
6254
6706
5410
68
6611
3934
5063
1877
7046
5988
4003
3227
2673
1854
4114
5273
4872
4365
2392
5648
5249
4797
4374
4744
6744
4923
3194
2965
2265
5162
2804
4351
7821
1784
4979
7702
7817
5456
4195
666
6474
3076
4961
7832
6664
3788
3733
485
4924
4121
3714
5512
5288
2257
2488
1538
6051
1180
1984
723
2670
7677
1940
3953
191
1898
6972
6156
2601
78
5707
1398
5176
889
5904
43
7307
6449
2259
4632
5531
4583
3986
6477
7066
284
1204
5552
4498
5966
2209
5719
6173
469
5348
5706
191
2709
676
5747
3600
3301
1598
3708
488
6207
6314
516
809
6717
3175
1270
6986
7232
2784
2428
4633
656
3286
969
6513
1970
6734
1359
1361
3747
1363
5609
4353
3290
3322
6071
4786
1633
5605
6775
6201
3583
5505
3723
572
6952
1878
6591
5192
2703
6848
2794
4770
4589
6769
6306
3364
7760
4760
4483
2359
5127
2803
2763
1974
1457
5659
5511
4117
3128
4716
5876
1898
4224
4306
7136
3082
4663
3589
3468
5991
2851
7298
3737
1547
3289
5136
2578
5191
3645
6937
3591
5968
1367
7013
7852
5244
1997
7809
1516
6502
6008
376
2010
5554
5644
5402
5722
3302
6832
7531
4235
7944
6426
5012
7032
6552
7229
1860
2205
1033
7392
649
4930
7198
2497
1352
2365
811
3846
1087
1408
5989
4432
1795
1636
7432
3552
4420
5437
1008
7774
3267
1059
5325
7684
4195
2144
3941
6803
6008
1101
3899
7717
1704
2177
373
3094
5727
7895
2785
3340
1782
1388
4690
6126
493
5067
7896
801
6837
4782
3847
1862
1077
6972
5737
4420
5774
6685
5180
4012
3308
6350
6797
410
7384
1229
5268
6056
999
6618
7937
2160
5709
2505
3564
5246
4906
6150
5503
3249
4229
1528
5583
644
6797
5243
1131
5132
5500
2450
22
4296
5323
4050
7983
5210
6153
4999
7910
6158
2953
4026
5013
7573
6304
5888
6767
6223
6168
6732
6311
253
7162
6417
6293
1771
2893
4528
6253
5029
4913
567
2166
4166
368
1169
3220
5762
6911
2245
5427
1682
2842
3805
2422
6930
1612
5839
6878
6813
7246
349
7577
2339
7688
2072
1289
3177
5511
823
2802
6282
806
7486
4796
1954
6753
646
6165
7761
2152
7797
323
5128
7902
3505
5811
6673
7541
542
2013
2438
6148
4236
6250
3676
6987
1735
3415
777
2244
5358
2091
7922
4409
2036
4827
3840
4278
2677
6209
2552
4676
4695
7220
7802
5898
1023
969
3190
2071
3815
5576
6898
5988
2822
5964
7833
1251
1714
6529
5077
2813
3628
5728
7127
3923
426
4641
908
1497
6900
140
2628
4727
7298
7527
2487
358
2791
1348
6940
7669
3380
4203
1290
5645
6470
706
5686
7505
5566
2370
1669
7813
4831
1161
3381
731
241
6021
3212
6517
7302
403
5769
633
6700
454
7010
3923
5076
4751
11
1346
4679
2372
7989
3758
999
1618
4046
7880
4637
1679
2530
6316
694
2729
1654
2854
1702
4742
2250
3313
5122
2305
6479
1567
7792
2973
3524
6818
5211
3871
7621
6857
4205
4247
7674
4940
7165
6708
1427
3245
6827
6242
2453
7150
2653
1317
3561
3643
4619
4956
6714
4158
5576
1978
5790
2141
4778
5672
248
5600
6755
4539
4492
4446
2226
1952
7874
2119
7395
7971
6765
7732
4112
2691
7373
7875
1056
5461
5430
844
4456
4463
3287
2955
4246
2411
1034
188
7475
6548
3740
1495
4959
5325
2160
3218
7918
4512
113
7752
2036
2300
7172
3479
5476
7568
6952
6522
5402
3175
2389
4790
4929
832
3100
3334
6792
1039
5717
6452
2411
6358
1931
7607
269
7885
2069
5359
2438
4515
4747
5143
2758
822
413
617
4413
586
6301
7160
1509
7194
3087
4502
7218
7801
3389
7298
2117
6287
6413
4099
147
6169
6527
354
6240
91
2712
5256
3876
1383
2659
3864
1141
3175
2593
409
1456
7210
4399
6072
5243
2955
1920
7919
7599
2150
28
4011
51
7522
1621
7430
5543
4858
1904
4194
429
6855
2251
4367
7450
6566
7703
5610
1195
5481
3721
2599
6447
3636
523
6415
3061
1834
5727
651
6435
4740
4779
3911
1774
4829
3144
4998
5760
6163
2528
5409
5611
1679
5548
1009
2643
4876
1721
7688
2377
553
1182
219
519
2525
1697
6137
2207
4251
4068
6577
3525
6156
5704
267
3705
5999
6446
4410
4523
4767
