1508
3987
620
5597
6364
3944
3189
3984
6689
4267
700
814
3330
4310
7171
6649
5913
7958
1397
3571
2947
4933
2660
102
4115
6089
3308
377
6753
2620
3673
3157
7123
325
1148
705
3954
7815
5493
5049
4404
4341
5745
5724
2302
5854
5140
3046
16
7735
7898
3607
7188
3983
4480
5341
5466
6659
1292
2982
3154
4146
2716
4416
240
7657
7357
926
5799
5231
4271
7152
4862
1533
5147
6575
260
5315
2639
4570
4456
5126
4277
2143
740
4081
1383
456
6139
1158
5404
924
2571
1705
2699
7728
7477
1313
6477
1961
2731
720
2549
3588
3037
2853
5557
7363
5030
4279
5505
933
4680
6540
7041
2078
2237
6864
5391
2417
5033
7177
4343
1158
1480
4191
6117
3823
1767
7373
7151
5803
7858
348
7455
4622
5468
2166
6236
1836
1542
2820
4896
4367
4220
5247
7658
6876
448
3118
5774
1465
2774
1262
1898
4284
2306
2593
5172
6561
3450
4215
3653
3803
1254
5861
1383
12
6537
907
3204
4810
3491
656
2180
7801
2913
3961
2618
793
2554
3228
7090
1183
7859
7904
2507
3367
4544
6185
3956
1950
6714
4945
5402
5267
7342
320
961
4160
2036
1782
4556
1996
3939
5196
609
3455
2305
7259
3855
4450
2978
6486
4209
1367
2652
5798
3112
2650
7440
6853
7801
6835
1463
2900
6290
6203
5225
5717
2291
4555
2119
3221
2619
7272
2331
4633
6617
809
3271
7454
1786
5600
3966
5475
3114
2013
927
2206
6347
5538
6516
6077
7885
6784
5952
93
6947
6316
479
7873
316
6529
4256
4775
868
3684
2797
3541
1651
3216
6390
6307
4934
4652
1541
125
5841
6120
2755
1911
5481
6325
603
1870
6384
1576
4570
5688
4823
3020
4447
1445
1271
6145
2579
1346
1479
2449
6975
4701
4670
2946
7597
2842
6358
1168
6974
2484
429
5739
2561
2539
313
3644
2766
1740
2261
3653
5346
4693
7816
24
1118
3504
5858
6979
2237
736
3985
3176
5061
4355
7983
195
960
1540
5017
4884
6140
4832
1232
1045
6207
136
7145
7453
1952
5965
5907
5634
319
5583
7085
7366
6390
475
3263
2161
7888
1371
1638
1234
3237
164
2434
5369
928
7133
1930
4872
5748
2970
3742
7833
1215
3213
5318
4206
7053
4695
2844
3612
2649
4478
4700
4831
1704
1683
1222
3824
6465
2477
5212
3345
674
1820
159
3212
910
5384
6232
5041
79
6727
4636
2384
1551
5977
4234
7157
5452
6490
6901
1454
936
1350
4036
1420
2345
91
2125
2355
7048
2316
6829
1474
434
6486
2752
6239
5535
6776
5483
2676
5831
3640
2459
6875
7007
5954
6836
4027
6213
739
7925
2856
608
6373
2137
6358
4267
2754
6863
1073
3298
5562
1314
7308
7235
1057
400
7079
4932
4655
1288
2319
6948
6169
1778
227
3395
6741
6284
6007
5833
7907
7715
3149
1178
5217
1393
7170
2155
656
3499
6076
6658
2600
1719
1454
3117
3002
6746
959
7762
2802
4165
4614
3154
3137
4524
729
1742
1405
1708
2119
5266
980
7118
4721
6140
6727
3254
5867
2805
38
2172
5642
359
458
5004
4248
5849
6109
944
7062
7990
7013
1639
2509
6346
7922
4662
1471
4198
5268
5541
5923
3884
2691
5366
2178
3967
1339
2430
1987
78
4530
2596
4620
4178
4220
2568
4296
4559
7616
3433
7544
4363
4439
7589
1815
4062
4110
5049
3865
2987
4016
6344
610
7675
6171
6041
2837
2787
7317
318
1625
4352
7840
2389
4725
5502
4931
2527
4234
7534
7947
1689
2505
3333
4173
739
1940
2606
4319
5825
2061
3061
4190
3185
5381
754
6036
2440
5410
733
2387
6987
3492
4270
6661
5558
3096
7617
1743
4958
3117
923
4571
6465
6910
6208
1340
537
6237
1295
3071
6711
7460
5592
7368
7780
6912
6473
1774
6910
5680
993
6765
69
2215
6694
4693
2348
312
2966
3601
6513
4941
3165
2959
4871
1265
4886
2306
7293
2092
5005
6662
7323
1302
2644
7774
3592
6876
4110
2210
1258
3150
6018
899
6845
2103
7115
3233
1394
4239
4157
5280
3372
1741
7665
4506
5782
6425
4716
1450
484
167
289
3724
652
418
5310
198
2216
6521
7087
1272
649
6298
6813
5476
5750
2936
7745
5114
175
3950
2819
5287
5125
5166
192
4587
4633
4469
3262
4990
3187
813
1824
6878
2534
1751
3243
3737
7262
5161
7698
6492
7489
4583
6820
7933
667
3722
2209
5787
1316
7098
318
3334
5778
3179
2322
4500
838
6900
6608
6583
2787
6907
3589
6563
2282
6497
2674
1987
919
1169
3343
5111
1032
6105
4124
2094
7230
6798
5019
4020
5906
3282
2354
2824
617
4582
3706
4763
5411
6678
3928
1414
734
4413
4241
4085
3099
1890
6870
4647
5896
3395
3801
3075
5643
4364
3566
7477
7904
1714
3060
7350
2086
4402
2901
5947
2150
4505
4454
4152
271
3052
1143
1197
7973
6032
3921
1050
1717
5762
7498
5334
4416
807
5902
4687
4615
5940
4858
2080
4044
6380
223
6637
2805
6741
4014
2008
3770
6715
1414
3249
1601
4512
7247
7327
2478
4379
2561
7583
1849
3045
1628
7655
681
5809
604
7892
2765
126
1002
6812
5915
1277
5883
5434
6866
7768
1623
7474
7228
5200
5378
7752
2590
1455
331
7598
3089
5370
2880
3105
5338
7425
3208
353
6666
5056
4430
2553
892
6747
1582
7125
4202
346
2420
7613
2815
6460
6345
1243
5102
6009
2341
7493
1460
837
3982
6277
5772
7890
2098
3646
5308
32
848
5180
1276
1920
3006
1464
2194
6005
496
5709
5797
2939
3535
7211
6829
6675
281
3287
7804
5551
4794
2298
1555
6985
1029
6704
1927
7898
588
7808
1162
5034
5750
6813
655
3145
2815
3325
729
1807
994
1013
7720
721
322
3319
3918
5544
2632
4381
1720
6035
7139
3678
6811
6192
1177
6640
6317
112
6864
1332
5609
7505
308
5350
6602
1322
907
4316
4455
7488
638
406
5031
6073
5688
3702
5909
2180
2436
4429
1070
5053
5871
5559
2489
4988
4586
6910
5592
5307
3114
6785
6256
7412
5206
2322
6307
7887
3143
6086
5078
5214
7878
4976
2499
449
5425
3972
6587
5479
957
4631
4668
2848
838
3897
2302
218
6982
4232
2114
2822
2457
4039
1402
7757
5954
4101
3704
3321
2450
205
6976
1122
4885
6003
4543
6890
6244
742
1522
2884
1649
4747
2674
6331
6236
3299
5671
6549
6956
5046
219
5972
3781
525
1491
5393
6184
577
4139
5309
7393
7550
7762
677
6487
4977
425
1477
6180
6373
4081
7819
2369
6390
7547
101
1133
1636
4880
4551
2711
6547
4773
2555
6040
3854
603
654
6207
5692
4965
2675
5513
6393
6216
6049
7927
190
4898
3711
2951
586
4767
1092
1996
4776
5542
7455
4357
7562
5543
1399
3616
7143
4196
6058
201
1694
1621
6812
7197
3371
1850
3951
6655
2427
3200
6645
6504
1764
4642
5523
5903
3730
7563
4863
872
295
4306
5585
7702
5669
5991
7284
1865
7134
4721
5622
7596
6783
6439
5352
7635
2729
2741
6515
6295
6949
5181
6208
5600
562
5871
7867
2946
2940
4864
5510
2221
1260
5936
6278
2102
5069
5971
4660
3496
3367
2869
1712
2324
4945
3160
1170
1454
6465
3962
6957
2262
3216
4929
4028
290
1120
3335
7573
796
790
939
7026
3787
6814
975
6065
5597
1530
1020
5313
760
5207
6365
1867
1607
5405
5656
1379
6461
2500
4395
4318
2064
2096
5238
2045
5015
5730
5733
7174
6205
3841
4399
4136
860
1762
5388
4858
5859
4067
2108
666
3145
2379
2642
5675
7669
4125
299
4477
6201
2643
6917
4554
496
2776
6642
3782
4946
2257
3131
294
5202
6095
3631
52
6898
7808
4641
6750
5044
4021
1253
7368
7185
7736
3165
6689
1841
2874
489
1844
3471
5860
4208
1308
3534
4822
1247
6474
7742
7187
4249
1114
4132
6859
5919
7639
514
1178
2786
1131
3246
546
1269
7798
6965
2125
860
214
7365
7354
927
6203
5110
4097
3410
3343
6417
6577
6658
3703
3685
1289
3165
4588
5740
3554
2563
2530
2590
5155
2013
32
3833
6454
810
7973
6455
7042
3318
1110
1465
375
6369
5825
3476
1063
3048
7229
5512
5557
7385
4397
3236
1556
1942
6803
3562
665
2083
7988
1890
340
932
1449
1953
1722
6233
3807
6991
7004
3337
5232
3998
4213
3511
3801
2711
7239
6304
7111
5626
4628
3232
2377
1173
6961
1657
1369
667
6750
5690
7430
324
5942
7229
5751
6936
5171
1444
4715
7282
4714
5533
6901
2486
3673
1402
6186
1714
6856
1403
3673
4813
7933
6534
4493
7643
5172
4261
2715
4540
4438
4610
4918
3635
5607
1540
3792
7449
1264
5733
1103
2966
3808
44
6720
1712
7621
241
6624
6459
3871
3597
7081
1480
5419
653
630
865
4788
6993
3508
1669
6490
6251
1761
5984
7849
3875
5358
3915
7664
4336
3604
7428
5186
4084
446
6847
5064
2796
6210
1076
4361
4922
611
6056
3904
4225
7503
7484
1439
3700
5295
6774
7103
1332
6627
7431
4974
2586
7315
504
2045
2688
6362
64
3601
3372
2686
3571
1615
7264
6646
1812
296
4524
1656
7620
6840
4223
6571
1063
3975
2641
7756
3046
122
7969
3746
7006
5944
1100
213
1059
628
2184
2387
5802
4707
5447
2264
4937
7032
1897
5428
1733
4213
7018
7029
1291
5683
5230
4261
4612
4757
3983
4573
6047
4970
6441
4188
3101
2334
68
4518
3881
741
1437
25
2168
7364
6126
7891
7211
3391
1440
7934
7003
6280
895
5047
5341
2965
5788
3624
4931
3633
5026
247
788
5100
5277
1584
5092
6735
2458
1087
1887
3229
5343
4000
269
7425
4429
3528
7503
4769
4943
1003
3574
4709
1895
2979
5529
6604
7474
1890
6319
4638
1157
2186
5604
1024
3015
2596
5718
7853
1557
4724
5757
1573
1923
5463
2175
7978
5445
4626
7594
6453
6583
5517
7985
2354
3510
6965
4932
5935
5209
1650
3180
3256
7244
2043
5266
1690
3386
2404
6499
4341
6442
1042
2748
6005
2480
5656
5055
3692
3675
2764
7357
7974
6326
2083
6168
5995
1471
1223
5947
5792
1476
3604
484
2490
1506
7662
6544
5499
2798
1857
5303
1759
4904
4985
206
5296
7006
6993
6733
6939
3650
2347
3819
2253
6512
6383
2360
123
7810
6309
7389
910
2636
2507
3000
336
2665
3783
7117
791
1892
5512
4556
2144
626
2600
394
1969
1190
1692
373
2725
5042
7124
5151
2427
6455
2671
1711
6618
2017
1787
5444
789
7037
1819
3990
4283
2606
5239
5034
3788
6120
2088
6043
1407
7618
7887
786
6057
5310
6591
6420
2386
3969
6255
6028
698
2542
2128
6634
518
4693
22
2972
6913
1607
6382
4745
2207
4548
6959
3705
5657
4117
3019
1873
6613
943
1018
7254
2627
206
355
975
3978
25
241
6410
3979
3494
5911
1482
3870
1400
2868
6666
234
5172
5546
5814
6525
4539
4934
5895
3285
4056
1302
2781
7284
7323
1389
6280
6448
419
3279
3625
4019
7750
5893
4736
3539
41
1063
3941
5401
2860
4532
806
1449
4265
7005
3029
2167
7216
3626
1940
2429
4299
2992
2341
5047
6891
3
6147
1915
2781
4476
7331
5856
6104
4369
34
254
3665
3763
5571
6102
7915
4705
5288
4887
5762
5149
822
5207
2143
887
2794
7479
1804
4414
7870
1756
7272
7402
7061
6383
371
449
5238
7077
5406
2438
5688
7144
7202
1951
3564
3463
6213
2588
6086
1475
5149
2644
7570
3453
1937
3047
5436
6814
1770
4001
6343
4316
5854
6940
3493
2497
1302
3337
4820
7416
2124
227
4748
7885
1134
1428
5329
6740
6974
6083
6503
3407
4908
631
6521
5018
2422
1488
6478
5417
4782
4091
5294
2310
2425
5522
725
3150
5762
4055
7887
6605
4133
59
1325
3656
3983
4228
3753
2905
1754
747
3878
3317
2490
5412
5327
2467
1743
5737
5319
4065
581
7711
7439
6338
2464
2908
2727
3719
242
4094
7242
1930
2729
2001
5792
2779
1225
5126
6845
5790
6067
880
6014
7663
6803
3393
1302
6
3895
4441
3690
5268
4551
140
3833
5692
575
7042
4430
1429
2554
3569
5498
3255
101
5531
331
6081
1083
6574
5107
2689
50
2296
7887
2478
4713
4034
2868
6439
7594
7549
2847
3835
5106
4672
1944
2829
66
5392
4252
2589
1631
475
4924
4782
6244
7938
6306
5366
7517
7898
3168
3566
6832
2838
7867
5237
1192
617
1267
5825
6794
6643
4716
5932
1949
3016
4327
396
5342
2554
1688
522
4265
3864
7953
2121
1646
1306
6477
1287
6930
3728
959
2305
1867
7800
3768
5739
2143
1518
7646
3832
1435
42
1143
4523
3989
679
4070
4534
6195
4900
1343
134
6883
5898
5345
55
7772
3000
6442
307
916
6878
5170
3173
2178
2850
7651
3981
3250
7285
5094
6203
7815
1201
6301
5238
3269
7612
5944
5925
5927
40
6441
3148
1856
7418
7141
6837
2052
4001
7958
5075
7650
955
5463
473
495
4662
7515
1160
509
4638
3488
3745
5646
3469
6908
7636
7268
3818
6968
2907
1188
2437
4080
416
4670
6090
7093
6839
422
7080
7282
5793
1809
7795
5062
6141
3403
303
449
3017
7011
3695
1276
4836
5740
6419
1058
6599
6107
2375
268
4509
3656
2123
6923
7207
6813
2742
7503
5441
7755
6026
3653
3399
2749
5525
2580
968
7989
503
1181
6925
82
1249
1074
3886
423
1544
7780
1981
351
4224
618
1329
4987
7560
6214
2936
7034
5906
6637
461
5694
1291
7550
529
7541
4841
4297
5127
5484
6118
5274
3795
3408
5797
3654
7359
2856
5278
6960
2358
3825
3812
2927
2945
3879
2166
4244
3791
130
6687
6567
5783
1962
5737
2917
6263
5662
6493
1112
1023
7151
1343
7037
2885
6999
3355
4139
3065
1023
93
5822
3701
441
4619
4379
3142
1279
6219
232
4587
1267
685
3169
2555
1815
1425
674
1971
6425
805
3985
2697
3208
5199
5812
3224
5445
6848
1391
5269
6958
7969
6827
2963
2396
7097
3592
2217
1117
6276
6545
1005
583
162
7445
1146
4930
1916
6465
6815
7191
7493
6238
3368
2609
7419
2507
1653
6643
520
915
5075
7309
2758
7900
7464
4712
7579
853
7711
1544
2271
1553
3094
6017
6161
7375
4041
1089
4260
6411
5399
2819
3726
1323
2639
7768
5650
6913
1547
6999
4685
6744
647
2288
5804
7148
3183
1739
3573
1889
3115
7970
1901
6525
3763
2063
4133
3069
6444
6625
4401
2371
4693
4896
1953
319
7573
5509
7696
5512
4408
7453
7555
7861
3427
5201
1595
288
4910
6125
2680
5928
7603
4155
373
6921
6627
7865
3067
7921
838
7914
6880
4660
5233
2381
1785
1880
3394
6666
3358
5882
6593
2118
4807
2189
5392
4022
2833
2321
6116
7782
3619
5655
2125
2883
1076
7832
558
1382
3010
7677
5938
7501
7129
7651
6878
1399
3529
2016
3224
7781
2425
4046
7006
2511
4089
2132
4866
6132
1060
1054
2276
5832
4310
5242
1503
1407
5049
7413
5444
3701
2067
130
258
560
5829
3529
5163
4608
4122
5614
2603
4532
7013
1390
7882
4875
1625
3811
6833
865
498
4427
569
1677
6978
1088
3517
7496
1953
6927
4940
5956
3981
5682
993
6390
1980
4344
1703
1932
5373
4219
5573
2654
2304
3232
6887
4591
7439
4110
3859
6953
1974
560
7791
2954
2035
4077
1260
5892
2425
2192
6110
4078
612
6619
4379
5859
58
6573
2457
4163
1848
6359
2454
7448
5393
2899
5830
7580
2513
2337
4546
5680
2151
3297
4693
2037
4441
979
1737
7936
843
6772
5258
1461
2710
7389
7811
1553
7904
6296
573
4805
4701
1296
946
4677
2855
2341
7171
3145
768
1944
3816
7669
2034
2922
7976
6550
2493
6638
3804
5565
4897
2735
138
3010
6304
4106
3699
6194
1708
5429
7580
5646
4880
3536
3220
4725
1179
1371
3336
5930
3304
116
7323
4008
6740
7339
5743
6480
3051
7843
7705
5135
5064
1981
8
593
7335
1392
2650
4122
5564
4438
393
5502
7278
7235
5213
1137
7694
7772
3158
2580
1522
1602
3196
3632
284
6870
7428
4985
5213
5310
4691
5692
582
1943
2035
4801
4482
6633
2128
3717
7195
3652
3094
6504
1038
5195
166
607
2625
6853
2517
6716
6856
338
12
2348
7987
4208
5514
1688
5635
7173
171
5036
7795
4156
6162
4281
3098
2280
5976
1384
5141
2308
4755
1055
3872
5010
3639
2533
7105
5221
4014
7538
4053
6048
7340
1931
6476
7632
4151
253
6649
4596
6394
4616
5778
1419
7788
4928
5833
763
6942
48
1060
3439
3504
1153
7843
6742
1503
4422
2471
190
4735
4628
1933
1509
3961
1608
5194
360
6952
7670
4621
7797
5041
6991
6061
7078
3567
6300
896
5922
1412
3408
1580
3702
7400
6631
2324
5802
5924
3622
869
4892
4232
3936
6264
3776
2321
7662
3667
4565
1676
5395
2436
5750
494
6021
3608
7411
1477
6311
2244
2413
4752
3554
7673
5025
1021
7039
263
2814
6209
2594
5055
5579
2868
242
4423
2905
6017
5003
3882
2536
2428
4975
2267
945
3031
2029
2481
3607
3821
3125
92
7345
7713
656
6306
5193
1599
2951
3518
2159
2660
4991
5657
2814
5680
2204
4873
6732
1398
745
2804
5354
1323
3592
6450
2646
1057
5404
5781
1241
1324
6075
5329
4144
5348
942
5589
3951
1889
5288
1937
6597
4227
4237
6800
5631
4509
3382
3892
2373
4379
7462
7402
7873
4718
6692
7495
4996
6913
2134
7942
3999
3542
6400
2927
1526
4262
327
4914
1767
5743
4595
4183
7357
361
2519
5226
3184
6006
5871
5774
3062
4990
98
1355
2194
2149
4292
6380
5901
6645
7127
2240
19
4880
3709
6684
3632
3934
7533
6256
1847
5242
6071
4615
3922
4418
3381
7969
4870
3710
6816
1429
3594
4538
6089
5375
4310
4510
7397
127
2573
44
5715
396
3489
2965
6060
5180
7057
7760
7382
981
3328
5360
6301
1710
4855
61
2915
471
1536
4699
5441
7045
5592
3416
3654
4339
1556
7892
1006
6477
3901
47
7033
3225
2718
7284
7805
4061
2503
2723
7504
7624
3958
4637
2520
4959
6655
3966
418
1409
3839
7973
5807
2827
2322
7730
3529
3711
6000
4337
4651
3281
5729
4904
3325
2408
6218
3288
2668
2867
5683
6690
6020
2733
2216
3533
1258
4969
7529
5627
1954
2488
590
5110
6333
2885
1654
7116
5282
4480
5763
5110
4844
385
1420
39
1296
4730
7581
4675
2522
4902
3516
2792
1004
7581
1748
1296
3446
6979
3318
5572
1198
1359
4779
6434
6233
7701
4305
4594
334
220
3304
1293
7751
5541
4866
50
1304
5689
3208
1189
7901
7815
4274
1177
5499
632
831
7137
3851
6132
4400
4791
6459
5761
4575
5481
136
5686
1968
375
4251
5243
3542
7252
3884
1709
6800
2925
7115
1342
2061
7050
876
7130
2896
6794
5853
4913
2429
629
5943
2164
6070
4734
773
7198
5943
4306
561
6138
6364
6915
7127
5663
605
3869
5441
6029
5525
7513
4401
7905
1139
2111
3315
192
1420
1795
5136
2673
7974
1064
2494
1439
2208
930
4880
6532
3074
568
7802
5940
655
1263
1406
2541
1206
7279
2710
3666
2403
2530
7086
6321
5766
2656
4781
6715
1561
2480
3308
6469
5796
5836
5618
5611
2714
18
4658
1481
182
4274
6553
919
1598
7204
2737
2009
5242
2046
3926
5974
5545
6452
4947
4722
4990
4387
6439
6382
6571
3496
1300
5468
88
1733
2525
7487
7436
1264
1234
5719
3605
4569
6854
5708
4366
4480
4635
4639
1901
4461
875
247
7976
7150
6997
4925
4749
1525
2167
5463
1273
241
2184
6692
3194
4785
3557
7498
1374
77
6810
7495
1111
4359
5506
1970
1410
3154
3002
3301
6163
1590
6933
7600
4025
3719
4807
2186
406
642
1006
5952
6240
1143
2734
3458
6561
58
2497
7181
3400
2472
6862
3731
7619
5056
7276
3703
4832
1994
3318
6619
6881
2482
554
7866
1808
1446
553
3434
1266
5059
2698
1164
3202
571
1471
6455
6327
7092
5909
2814
2632
5451
4426
3931
3852
2033
669
5687
7571
3552
1315
3775
3810
4822
5620
5120
347
4949
5155
5258
5680
5911
2298
1038
2479
6243
5522
3713
2735
866
3492
487
3826
1065
381
5690
4015
4146
2001
6707
3325
4221
2213
2239
1137
1494
4569
1445
6459
7231
1076
1483
2934
6954
7617
7739
4490
4520
2390
3772
7117
4839
6342
363
5406
633
7103
334
2903
5707
898
7231
4702
6391
1238
7393
3621
6523
3751
1477
7863
7785
3717
4783
2883
743
93
7398
7289
4852
7516
6224
3027
2711
7592
6451
5084
966
320
2437
7565
6733
7034
4223
586
595
1509
2224
5445
1356
5557
2437
7025
4651
4232
2714
2885
380
7590
921
5055
6015
6104
945
3453
3615
5761
2467
1185
2386
440
3705
4918
4211
6527
6135
4115
4472
7876
6753
3862
683
6489
1083
3753
2302
7723
2387
1773
3025
277
4852
5689
4637
4262
5932
7706
967
1641
1635
2911
2432
5349
2823
7403
1205
3941
4818
2723
2009
3510
6680
4404
186
7850
7577
2765
5319
7087
4981
983
2705
5751
4764
464
1214
539
3521
3835
1397
4053
1973
724
5132
1104
1323
7138
7540
938
4756
5928
3369
7700
3768
653
7736
6058
3354
6545
1727
2519
3810
6362
3793
1616
3992
2775
2341
3133
506
3784
7222
2459
1067
2753
7325
2220
5169
2176
6021
2262
6227
595
3558
5705
4060
4370
6469
4915
3806
4026
6297
5297
1497
3919
2389
3620
7613
6316
5253
598
5003
3785
4974
272
1644
2344
1006
2942
2164
1606
5943
417
5020
1839
1469
4821
2637
7423
452
4095
914
6774
3887
6918
5463
7093
3988
4918
4355
1721
1002
5723
97
4430
423
1099
2744
4668
6339
7299
3753
4795
2551
3787
5312
6777
29
3770
4003
3942
7547
947
2857
3295
5358
6214
3135
1345
3538
1403
25
3616
2865
4245
5615
6208
2845
7926
4509
2902
4029
2495
6548
5543
747
330
6707
6431
3876
497
4682
3953
5966
4673
4814
5817
2622
6747
2479
2260
3977
2053
948
1745
1470
4790
1753
3404
5470
6819
3019
723
6091
6912
5971
7836
2102
910
1335
7672
3044
6038
3651
5080
2506
394
1711
778
3257
5842
5870
6551
3748
6751
7587
4526
781
4432
6132
4024
6762
5202
6954
3051
3716
896
2851
3075
3120
5831
3441
2211
4891
1790
6401
110
4454
1950
383
3574
1992
604
4061
4656
2497
6511
355
2760
7654
7099
5704
3532
5247
4465
2971
2477
5041
6166
4727
3329
5796
7731
7204
1140
3804
3579
5439
1724
4571
6313
6768
4976
4123
735
6084
3479
5654
1280
7214
237
1288
4353
457
6592
6355
5596
4272
2293
1041
4215
5109
5542
4062
6375
7913
1012
1058
3345
193
2823
678
3421
2043
5284
5102
6461
1034
4126
6428
6666
4836
3520
3054
990
6720
2674
7576
7418
2702
134
4419
451
1637
5709
5929
942
1097
4074
5016
467
2420
2689
1659
6980
2575
3261
4170
2032
867
581
2350
4740
6043
7993
3101
1147
5603
4344
5294
3964
2076
1274
1901
36
5163
5337
434
6602
7316
6576
2797
4885
5735
1582
7462
4924
4726
4460
5983
7696
3682
4171
2869
5993
5224
5565
3046
5522
163
2307
7505
3486
1011
6351
7572
1242
4266
63
3429
6965
3774
499
2456
4906
3085
1877
7219
5504
6339
221
3671
5277
5143
7975
6910
1331
3414
455
2202
3665
7867
1421
2808
1792
7221
2447
4227
4369
1456
3840
3645
1150
960
875
3229
1928
5179
3098
7771
6085
1573
23
6005
6455
6011
3697
5707
6227
5651
6003
7531
6397
6056
3626
284
186
6473
7984
1217
3011
4531
2869
3078
653
1987
4993
5087
5934
4671
7190
5564
4461
3629
4410
4363
2823
7951
642
1004
1804
2044
6940
5932
2233
906
5715
5671
6112
2817
2398
4365
1033
1937
6451
3050
256
4893
5024
466
1548
5216
3122
4363
5494
3015
2778
3397
3542
2082
2564
4059
2760
4254
1287
1170
4268
6346
6138
4966
1167
2723
5628
3226
6730
1093
6938
7801
6455
3909
7419
5419
593
6677
4806
3222
5338
2344
5404
2720
2480
4903
331
5013
4088
6296
1997
7391
1157
7235
6841
3964
4534
2767
4599
4134
7215
4066
46
6795
7698
752
1634
2682
3395
5302
895
1562
4757
5312
3827
6551
4860
6536
6151
7178
727
1764
3900
2861
3583
5558
6323
5074
2526
707
1178
6561
7074
5939
3615
1293
5204
383
3242
1172
3839
5585
5691
3827
7101
6497
950
5282
1557
784
7127
7806
5621
4690
5018
1761
6871
730
5561
5951
1083
7193
6197
238
3584
7130
1109
229
3964
7942
1740
2115
3464
222
4729
5119
6531
4276
3762
4633
4483
5248
6024
7218
7363
5119
6283
6986
2272
533
705
3980
4520
6691
1969
5653
6712
1817
4880
7717
3601
5012
6540
2726
2566
7133
2606
1772
1642
995
7445
2003
7827
4767
1266
212
4323
7580
4437
3757
982
4699
6323
6209
271
6852
7043
7262
4423
5573
387
5220
716
1626
4969
227
8
480
6354
7779
324
4805
5172
6369
7532
997
4983
2184
5506
4365
308
650
2964
156
5465
752
1174
6063
7031
6178
3741
159
6538
1169
2124
2956
2156
265
1996
1310
3503
2712
393
6882
5741
6194
2743
964
36
5166
1543
2576
5759
5739
5167
2386
2190
4561
5653
7446
5991
276
452
4045
2148
2380
2977
3800
3279
4938
251
3510
5586
2194
4651
1754
2318
6436
6793
4416
5549
2602
6704
1264
7456
6775
4781
4424
1691
2144
3723
7108
4888
7231
2634
7919
2142
762
7249
1582
520
1823
1601
1149
5606
6324
7117
5304
568
3009
5550
682
1820
3706
7421
2726
4792
2328
50
6311
2361
1389
1878
2251
1779
4328
7739
2227
1352
4267
1185
2360
2035
2209
5182
5306
3433
645
7892
6511
707
6372
7772
451
6912
4602
4789
7197
1880
2902
6863
7779
3411
6322
342
2516
5105
4826
7586
6803
707
6345
5725
4545
2213
7435
4882
1912
5012
6086
6932
3143
5538
7834
6472
3322
1765
3279
3394
2572
1513
7912
1798
1434
7936
1242
1798
7958
4662
5268
6531
5796
7533
1490
7492
7328
5086
5753
5140
46
3349
5699
1728
6176
4187
2127
3909
5078
1315
3420
3847
7794
7000
7506
1035
760
2276
2826
3427
7484
155
1832
3011
4880
6488
7574
5280
2788
3501
6143
211
7168
1429
5679
500
5669
6935
3202
3856
5616
3605
2905
214
2680
4046
1414
2679
47
4423
1699
3035
751
212
4881
7303
2929
4492
4585
1221
3439
2578
2645
795
1327
5922
4116
377
1381
3761
1199
4965
6125
7237
7989
5782
7831
3050
3200
6536
7190
3445
399
7369
7834
2763
122
4230
4789
336
4347
4137
355
5948
2638
4121
6074
5196
7808
2177
6412
4436
6812
3997
1101
3187
7137
2013
3924
3148
945
7586
2616
3839
5198
2847
6306
5633
3500
2742
3590
2241
5836
6703
3761
4593
957
560
6791
6427
2103
3483
1431
6098
7975
2762
1263
7318
2841
1895
3683
6958
2001
6731
1563
3570
5985
4681
4402
4874
4113
7352
7213
1453
1219
5640
4348
2535
944
3711
4407
6714
1423
6557
909
7500
248
7184
3923
7285
6907
2274
2964
7427
7843
4182
6873
6371
1217
2606
7146
1880
1715
7945
3750
6516
4886
1698
7420
154
6121
2491
4732
1746
1799
4274
4927
114
3345
773
5248
5034
3121
5956
6071
7057
1606
7194
2225
7683
4498
4256
6949
3412
1423
4958
4908
6249
7356
4728
7378
6036
6332
418
6956
7831
6249
2136
4102
3947
3982
2604
2704
3208
160
111
6000
6620
6685
399
2423
1044
6699
6187
5068
2227
3781
4385
7614
2575
7497
1284
6501
573
6407
2906
6423
5756
4325
7804
6749
4049
4325
1419
1122
290
3221
1028
5403
5668
7883
2723
6710
1061
5512
7809
7763
6039
1806
1235
4727
1759
7929
164
6181
1107
6919
1908
1324
3495
4520
4199
7990
3488
4323
6494
3119
4265
687
2388
322
53
5512
3076
7598
547
136
5978
5209
5718
603
6240
5492
4576
6089
3217
7761
2730
934
7324
4720
1106
5347
5548
4543
130
3067
804
1464
5905
1102
6035
5321
7433
1993
74
2120
2941
6182
7981
3102
5754
476
5395
3911
4598
2665
2714
3529
4009
6231
5483
2209
7340
912
4533
6987
5241
1933
1348
1381
4071
265
7851
576
7291
7297
7178
1638
3896
5705
1964
7306
4324
6614
6662
452
764
3895
4701
5633
2215
4778
5679
5803
2395
3322
4319
1255
7842
6980
2785
1987
486
2013
7330
5983
6593
3335
5650
3759
7811
3898
501
7591
3406
7573
897
5492
6491
6847
1975
5904
6893
7688
5652
64
4942
5671
1585
4507
709
5952
4731
7841
2112
7648
897
5346
6459
6710
4058
3509
2288
4003
1635
1799
5648
5503
6237
4187
1954
2314
4384
2354
3866
1146
6720
6964
4677
3422
7016
7931
3348
7108
3227
6208
7672
5347
2908
2084
1648
6281
4268
1088
7141
2184
2444
4810
3313
6832
2414
195
6938
7466
404
2214
2315
2359
7812
6198
6360
5017
5486
25
1745
3963
994
7639
7098
3971
3491
1549
59
2446
5186
3690
2671
4806
3615
5775
6160
3967
4030
1516
48
7500
7384
5580
3388
5969
6013
994
550
6616
889
705
3402
1128
4658
7822
3442
378
4838
4643
2559
3393
4479
2620
899
6092
6826
4329
5201
4863
2898
1795
206
2793
4467
1365
1007
2995
6743
1575
3476
7167
2486
7210
4489
7539
101
1924
7589
5097
7061
146
5772
6862
7865
2453
2555
5457
7678
185
4062
24
214
2354
7101
3986
213
1088
109
1117
700
5993
3318
6098
5373
3315
2757
4946
7878
7181
2284
2874
6864
1607
4687
8
5795
4279
2336
3153
597
7555
4714
4397
5991
1670
2149
2034
4948
6084
4689
1937
6807
2370
7999
2413
3348
1745
