6972
1995
1494
5515
1503
2515
6467
4680
5277
2599
4167
1701
5043
3312
1371
2125
2316
3565
2416
2855
7013
4112
2505
2434
3113
388
3152
5562
4340
7211
1789
3266
88
4859
5923
7825
1823
6149
3003
3235
6545
5781
1114
5425
4875
4405
6045
4136
7351
6493
5590
1007
1419
3937
763
3340
3092
4517
235
7557
6372
1412
7339
3717
6209
1713
1909
3723
6998
6041
1029
1932
873
1448
7305
1596
7317
719
1346
5894
7086
5257
5521
6570
7350
6192
1742
2152
5794
5655
1345
1744
7958
2151
5208
3931
7926
462
7588
5560
5439
4260
5347
6759
2304
7808
4187
7634
7774
7600
3253
6014
5090
2868
7464
5599
2796
5201
6719
3209
4656
4108
6851
6885
965
1113
960
7888
2239
7087
2432
313
6689
6527
7850
7578
6795
5063
7654
6011
5935
3115
2906
7802
3178
7370
5723
5016
5977
4741
1431
4179
4448
985
2925
2257
1008
6536
3947
7463
1469
6911
2313
1637
929
1040
3930
7506
6920
6974
5214
7539
1984
6990
424
727
2317
2977
6082
6155
4329
4488
3449
6516
1711
4185
3630
7346
6180
4776
5330
1828
5391
3474
434
4746
4661
1240
6947
5086
4772
5981
222
3356
5772
2982
332
6563
6808
5510
798
2547
5652
2938
4742
1696
5059
7749
7462
3865
7235
6376
1189
3313
5287
2791
2445
6627
5575
1892
5990
4414
733
2872
5859
208
7456
2678
7544
826
6696
6090
7322
6318
4932
1194
6147
1929
7535
4690
4603
545
7052
3810
5397
6271
4622
2675
2191
7337
3727
3228
3753
6335
5519
2433
3940
3387
5221
2601
5248
2718
1541
5503
6666
4997
1903
7938
893
1857
3892
6887
340
7510
500
4161
3388
5100
1919
5767
80
569
5253
1445
4589
7511
3546
1633
1983
3037
6439
5086
3664
3571
3736
1296
720
5314
6123
302
1056
5948
760
3
7768
3677
5135
2785
5903
5172
1278
6080
6481
1021
4686
6224
3161
4788
3050
1579
3290
6557
3504
3520
3455
2190
6022
3120
7470
950
3372
7108
1204
6294
1370
128
7322
1912
6497
6399
3517
5633
7566
693
5396
7969
6169
4216
3951
7408
7081
6873
2503
4976
6255
2245
1286
4505
3271
2918
4709
4778
4751
2482
4564
5788
7969
2534
1088
2327
3902
2211
7755
3588
1418
4307
1188
1425
6473
813
5769
7746
2022
1798
5618
7569
5666
4046
3951
6638
360
1953
1658
5385
4572
5324
3529
5324
4600
7909
7036
2287
2496
255
460
4412
7630
561
336
379
5429
5004
6889
5701
3490
4994
1587
625
5968
7081
3937
4847
4278
2969
5658
2051
7545
7888
1745
5209
738
433
7913
2800
533
4906
7286
6885
1523
5895
5470
6937
6965
180
2962
521
4897
6191
6781
7089
1759
7847
1109
521
1824
2464
7779
5177
284
1200
5426
190
1852
11
2483
6104
7863
7895
3392
4355
3136
475
1312
3835
6264
4496
7424
4016
6787
394
7852
7974
2349
5878
162
4116
6531
3170
1880
7799
962
2840
2117
3278
4690
6794
7605
6701
6661
7341
128
4095
5524
220
3920
2876
4822
73
1302
7957
6574
5131
7470
5796
4918
6530
6657
873
5901
6063
7560
1810
5577
1417
1731
4416
4063
2813
2099
3192
3762
3139
6625
7366
6088
2129
7334
2596
4234
4193
1730
6587
2667
6963
5732
7932
5245
4671
6553
7287
6879
5849
5549
15
388
2152
4728
4989
2208
4732
7873
4942
154
6696
4748
2034
933
3332
3516
6940
7183
2073
2889
1945
3777
3928
5710
657
5806
7105
521
7908
671
7695
6
5379
6848
6975
7956
1417
6191
1696
2412
2666
6931
5996
2502
1441
2830
2655
5824
4234
3983
4871
3448
5598
62
6610
774
1768
3855
5793
165
7391
7924
4704
3206
1626
2190
5951
4893
6816
5378
3999
4783
5436
2739
2810
2536
3732
5198
2724
4365
6567
4983
2679
7761
554
6445
5032
4513
2423
6316
7426
1864
4396
1841
4664
2682
4627
6523
3430
1636
4163
4816
6730
4115
2257
1684
1276
7678
2864
7973
1214
5029
4095
5752
4238
7013
1746
395
2385
5007
4487
4856
4591
6572
1057
4756
408
6896
631
3123
4153
2856
541
32
1144
3441
7980
5508
6563
299
7493
7810
490
3271
3201
250
4462
7172
1909
1643
1258
5459
6139
4382
4733
6875
6897
5750
6838
716
4931
4256
7280
6565
3288
6509
5829
5747
4581
2927
4007
4028
446
1447
2532
4487
6862
3270
4020
379
5137
2243
6110
2914
5659
106
5093
380
896
7599
811
5466
757
3239
7391
6228
4529
2531
2589
7330
937
3605
3963
6934
5042
6099
6673
44
2765
7071
5122
1149
535
5128
5368
3416
4269
6334
397
3792
872
2585
3360
1662
6962
7733
7091
1020
6420
2842
6650
3011
7313
4558
492
3260
5010
3244
308
1884
7889
3683
4713
7626
1458
2936
3701
1641
2348
7198
6312
5425
7063
4674
6555
3829
1253
5925
2293
377
1317
6557
7460
5654
4809
7252
455
6068
5516
4339
7038
3292
2925
4144
2357
7060
6654
6370
3954
82
4282
3919
4363
2897
1511
4751
441
7628
4493
4617
2577
5422
5824
7265
2924
4653
1241
730
1705
1427
2993
696
2588
4759
4800
2936
3326
1912
2641
2990
3635
314
5690
3373
2770
7260
7882
3070
5367
1337
3049
4525
1527
1517
4396
4179
4832
4715
1638
6367
5823
778
4656
1726
7084
3901
3631
2853
849
3060
7495
2892
2098
683
3547
4269
7495
2923
6676
429
6381
6464
1273
2026
3634
3561
3538
302
5634
2776
4714
3750
2584
4330
7708
5775
1652
7726
2210
6669
7057
3034
6353
541
4807
5619
6404
220
866
5363
4533
6169
1064
4106
1577
1632
2233
1291
680
4234
1854
547
5387
4809
35
1799
2698
6700
5431
7805
5799
7624
3620
3207
6719
7529
1196
52
1040
155
6585
7529
7200
1412
7941
3417
6679
4806
2093
5086
5302
15
1635
2243
1856
6767
4762
1841
63
2119
5067
2889
2744
7538
728
3850
1052
1129
6822
5470
6546
7712
5199
6815
533
4542
3649
6600
6633
7655
7590
3083
861
7938
6664
2522
41
940
4774
792
4857
4171
3361
667
7725
77
1904
555
6114
3729
7411
1495
7685
2634
850
7505
7726
4177
4104
2579
1875
7991
5142
2279
1425
1491
2674
7526
7749
3369
148
7461
3072
866
2344
3618
4387
2271
6120
5237
363
4871
7327
4288
2633
459
1488
7674
891
6815
2028
336
7075
4070
4262
3685
4560
5600
2965
6693
4008
4195
7745
7705
2249
5790
6541
1910
3914
826
6480
1882
5534
3685
6881
6989
4217
5962
7637
5949
6012
3660
6807
6738
3332
6809
3263
6913
3232
3205
7262
4728
7960
5806
7412
7287
5805
3737
2058
1798
201
6879
6744
2467
7710
2718
5055
6782
2248
2903
7196
3322
1175
3043
5871
496
1460
7127
278
4264
4290
4874
4340
4188
5633
137
2964
6255
2382
1822
2672
702
1824
6326
2638
6475
7766
7027
7216
3705
4061
88
794
203
1106
6393
5041
1606
5906
3519
7166
545
7321
2612
3221
6942
2757
4343
5037
7278
4919
1734
719
6031
1888
4041
1380
1950
915
2870
7817
7425
393
6905
2327
2811
741
3657
4197
717
6602
3020
3058
7256
329
3487
1086
2220
4757
5060
268
4543
7951
5647
4572
3978
6569
7924
4700
6675
2344
2365
564
6622
6142
4171
4372
4720
95
4719
488
5636
408
4129
4017
685
6897
2523
385
2072
6424
4487
4834
4420
2711
1150
7737
6684
6926
7646
994
4347
7870
6902
5942
3696
574
6628
1272
447
4504
7112
6095
5756
2735
3588
655
4387
6093
6783
1727
4611
1947
4438
1371
6253
2173
98
3806
2311
4177
1054
4234
1089
2633
5817
6109
6518
6772
1703
2089
2779
5131
4359
5252
3017
2367
3015
4102
7557
878
5464
7245
2039
3471
3728
508
7966
4613
2858
3917
7985
897
7106
4134
5977
6218
1361
2887
6736
3200
732
1391
6397
2226
4811
3528
3634
7797
2259
3814
2791
1443
615
5076
5420
4736
6529
7733
2321
1157
1044
7614
7630
5135
4053
2009
5414
6258
5386
350
7879
3069
3092
3419
7053
1067
4997
3684
3348
7270
6635
42
2941
4921
5223
89
2324
3108
1897
6162
2615
3531
1226
6350
4660
5950
744
4813
3445
654
85
1898
3733
6284
3501
4929
4613
3566
2935
1616
4451
3619
536
7027
7274
1776
7770
2356
3212
3499
5618
7473
476
7997
5649
5540
5898
3451
1348
5012
2057
791
3985
7073
607
2282
3402
6096
3361
2919
2156
6981
4417
4436
5469
5101
7860
3861
6354
758
5724
2434
1040
6469
2570
2069
4705
2034
1550
5464
3480
1036
7963
7747
6937
3049
1725
3600
200
7455
1110
1039
2225
1912
5700
639
373
403
7327
5539
1986
229
7963
7914
6421
452
215
6229
1085
1229
991
4437
782
7627
1832
2567
3554
5926
1804
2689
3229
289
3973
619
3826
4672
3234
2045
602
5900
6677
5856
2749
6511
5834
4523
3154
3231
3714
3841
4062
4949
1356
3100
1177
3329
6629
4421
467
1142
4079
3583
7750
1216
6696
1337
4203
3745
3676
7006
23
7961
5810
5729
5363
6449
6263
7954
4259
4299
7044
2632
2533
3847
1163
5392
2888
7960
7809
4813
4938
6253
853
1022
2173
640
2810
4590
3134
7749
5209
7982
6417
3015
1049
7886
709
7843
1682
1551
1759
2812
6833
2737
2489
1395
4687
2025
1438
2392
5711
1469
585
1573
5326
5009
1644
6380
446
4434
649
5770
3382
5942
5222
7479
1669
745
1973
4943
3657
6261
758
3031
7787
6358
1986
6407
2860
2274
4370
6494
4129
6368
2167
5230
7207
5546
5359
3214
6445
4068
1052
7751
7848
7481
1474
7568
4338
5977
5999
7124
3356
7241
6891
7281
4623
6984
3620
248
5506
3031
6424
7015
3525
5114
2737
6875
7433
7389
3234
3403
4753
111
4620
7238
7862
6000
6088
4901
2100
541
2523
4148
5253
21
3089
3334
3529
6621
7617
3379
4543
5836
2380
6734
3616
3153
3474
207
3367
5699
770
6075
2310
6869
3619
4284
6634
2073
3048
3108
4287
7127
885
4020
7572
521
3801
3374
5093
260
7296
7761
6746
4390
266
2142
4672
7201
5901
4016
1190
7987
4787
7460
576
7712
2128
4708
7742
491
3361
1114
3569
5844
5271
7375
3356
5881
1119
5573
6846
5844
472
1981
6913
6804
5956
5599
112
5923
5496
2073
1173
6754
7054
7624
5793
7955
7011
2502
1943
711
4257
2922
2097
2900
5540
1220
6330
2961
5233
4428
6951
7751
258
3016
3604
2946
5607
6611
1630
3871
3832
1398
4782
386
7437
4593
3954
4560
6428
6333
2530
1647
7346
5584
1461
5638
6201
7201
1392
2042
2325
3971
6602
6624
4303
5572
6045
7856
2606
7298
1076
5258
2430
5914
3392
4565
669
7376
5707
689
1809
2330
2079
3301
2722
2275
5285
3953
2002
6765
4758
1951
3278
4585
1503
6829
2404
4843
1585
6650
4345
7586
2594
4152
3416
898
611
4216
2641
7701
3615
6411
3491
2697
2036
3966
7683
1232
6825
6186
6835
7193
4610
7434
255
6583
1978
3036
6080
6809
471
5399
5034
7742
7197
1088
1573
3558
6196
5288
5178
5850
475
1848
6469
4110
4741
7711
7859
6435
6643
6052
6914
6560
1147
6447
7527
2455
4427
4437
978
699
5397
239
177
6372
3133
5089
4660
2975
5590
999
6630
6659
4335
4744
6882
121
2174
4041
801
5139
125
6180
239
435
3077
1077
1636
7310
3817
1489
2612
3892
3027
5661
3721
1964
6322
6166
1261
4627
4220
5045
3856
2310
5168
4934
1170
2489
4840
3345
6895
296
2051
4543
5956
6801
1192
1459
878
45
6435
1989
2190
357
6667
2250
5778
1006
7926
2530
7705
6845
3420
6401
4443
1651
3426
2305
1669
847
4627
2572
2255
2627
1471
1832
5633
4617
3938
811
3489
7563
7022
1142
1384
7200
158
3699
5443
2228
2795
6425
2791
5557
5637
3416
3770
3852
6183
6162
734
6131
2097
5350
2654
5566
6211
608
7417
2410
3118
6718
5936
2683
7502
1563
7094
1715
7693
6120
4058
5156
2693
4908
731
1561
5149
2624
2237
7503
2293
3080
5966
5577
3258
1717
4791
1080
7517
2230
7800
6289
3458
3139
727
6575
7632
569
7626
2808
5312
2657
7405
5672
2087
4204
7059
5531
7652
1814
4917
1542
6949
4115
5952
2326
2433
5323
3191
7348
6609
2090
4494
2214
6168
5424
7306
3222
3955
2308
1459
3220
3824
3863
7363
1553
4466
5970
2983
4109
6338
5193
2450
6901
2914
7031
2176
7617
7750
5614
371
5392
5407
6447
317
7890
6803
5215
4970
1662
2929
4124
6062
6480
6812
1378
1545
663
6112
1212
3134
7321
6473
2466
5138
2413
7286
6030
3740
4985
2822
7809
3164
870
4381
7867
2959
2274
6656
4452
7590
2558
4439
4730
1298
7661
4335
7984
6572
6030
5756
1789
2230
6180
4754
7822
6784
7787
7084
4582
1340
4103
6505
4773
3101
3005
1013
596
3083
5101
6051
5496
4526
1124
1567
6761
7019
5936
4109
5764
3079
1485
921
3299
2252
1323
7244
5263
4224
1919
1164
4340
6450
4431
1107
7144
7489
7388
7400
784
7821
1533
6746
1934
7292
652
5719
1608
3332
5425
300
6108
855
7353
4976
5305
3349
160
6011
7533
3613
4604
4616
4738
5202
7220
192
592
7057
3647
1644
1120
7187
6609
5345
332
814
4330
7899
653
7002
1469
2617
5076
7243
7760
3703
7928
7889
4405
3291
7486
6558
4923
7692
7261
4479
4721
6925
6168
1631
205
5606
3442
6316
616
2023
7264
6793
5552
3157
3503
1807
4705
5626
5198
6970
7463
510
4410
155
2494
3926
2808
562
7315
1856
5155
1297
4631
2591
3311
4739
6221
6909
4663
372
5919
5924
1343
7459
4376
6331
6390
4228
3815
7854
2864
542
950
7957
7117
2899
1215
437
3290
2417
2300
4672
5556
5148
7000
5587
5650
4047
5659
6939
6377
4400
1074
5455
2640
3427
3957
2644
1797
2861
574
5831
6891
4142
5653
6402
904
1391
7381
2991
6465
4772
719
3654
1865
2410
6567
3851
736
4537
7375
2465
4627
2602
3707
5351
4469
5289
1729
2401
2446
5573
1223
5840
7826
3222
4051
2187
84
3041
5103
3121
5663
3962
362
6553
3182
198
4304
6067
7826
1638
6463
917
5288
4014
7754
5748
6726
7574
2338
3646
2971
776
735
5444
6012
2103
3242
6108
1776
1047
4045
1146
1638
4945
6613
1243
5186
1865
3067
948
6450
3482
520
3789
6870
3245
3446
6218
6526
2931
4988
495
3369
7938
3083
2617
3556
3592
5246
7156
3491
5073
3094
5402
1211
2964
2073
6009
6184
7575
1546
3042
4588
4942
4775
3450
5385
3450
2429
2449
6800
6423
4061
3841
7647
4435
5902
6591
289
6307
425
7818
6161
6665
1450
3643
2122
7596
6881
2995
470
7301
139
5905
4274
847
6176
7723
5396
7748
6072
7435
1054
5117
7535
884
7757
5223
4770
3828
561
4355
4786
3422
973
6322
6293
87
5694
6911
5585
1880
6660
4875
7578
5582
5443
3016
1619
4987
835
6691
2205
7378
5001
1041
764
730
4593
7861
3740
3629
3478
138
1052
6586
5097
2112
4358
4484
4623
2956
4168
3966
3474
7827
2924
7607
7979
5696
6250
2801
7735
1623
791
7244
4954
2155
4734
114
5238
39
6093
4973
261
453
7194
6493
6575
2849
790
4738
2246
2280
2931
5479
7122
5762
1791
2923
1031
6143
2020
3528
3340
6368
5071
6898
3613
229
4234
7705
1090
1884
3744
5833
1816
1539
449
2458
1728
711
2302
1667
6461
666
6493
1342
2451
1888
251
6851
6740
6785
7254
7285
6868
5858
2690
6386
4725
1200
2410
6168
6836
420
3623
4904
5985
7791
6282
2200
5234
5684
4443
4087
784
142
2211
3075
4721
3365
2546
86
1640
1583
5907
2909
2185
3309
144
5806
624
3418
313
3030
1817
6620
5025
7910
4029
1602
7937
4855
7838
1075
7459
4257
5586
3724
1109
2574
1646
7557
7193
2461
2771
677
2347
4565
3356
5403
2286
5744
6424
7702
6666
2812
6363
7308
6491
4780
6438
5307
4143
4766
5355
5955
4753
3495
7841
1341
750
3130
5562
7390
862
3979
7411
5860
963
2936
4847
2318
1378
2540
2334
3506
6244
5666
6500
4498
1098
5194
5829
1843
2940
444
682
6119
3154
4874
4733
578
468
7892
7116
5494
2977
302
1530
5974
6623
3107
18
6865
4976
6260
1010
1927
7904
5813
6184
6248
1223
6066
7045
1270
5336
4479
5687
1656
5692
5762
6660
5794
2751
3014
2358
3742
7498
4864
2511
899
5666
2003
1717
1758
6729
6836
7933
1716
4090
5211
4484
2531
1289
4678
4123
6237
6469
4525
2051
6969
1145
2781
5255
1549
2590
6552
2202
1595
7964
7015
6656
609
207
616
4458
582
2239
848
5301
2654
2578
5951
4812
5386
2202
2517
3173
1899
7493
7977
7026
7909
195
770
5419
4334
6818
6595
6861
1942
3848
6654
12
7067
6538
6251
5
194
5748
7095
383
611
3245
6529
5284
874
5647
2504
3528
378
4596
5161
613
7798
5139
2436
5247
7853
3292
6381
889
2303
6477
6976
6927
6991
7542
5158
6016
4217
3016
874
4603
7878
7063
7684
3558
3036
3083
155
1788
4326
901
2326
5716
3423
4087
3260
2678
2415
2109
2806
1333
2663
6372
5598
4173
301
4630
6201
5973
5848
6365
5091
2572
5681
105
1620
7775
3397
3197
4729
1354
3895
517
1348
2575
6701
881
4030
1991
6687
463
6430
752
7657
959
7492
7341
3609
1320
6878
7624
3065
368
888
1809
6355
2752
3004
4548
1230
2837
6834
3419
1122
2562
7339
1044
771
5064
2381
2873
6702
5468
4461
5817
1966
1746
1138
1143
7904
1992
6719
7434
4240
1201
5262
7467
336
1149
3925
4312
2378
704
3232
5954
2375
1319
5452
5837
7659
7429
7734
5800
4683
451
1123
3091
4267
2143
2510
4442
3899
4775
3073
3166
88
630
1483
756
1863
4537
2290
1148
7425
5520
4054
2420
5464
1338
510
2079
7485
5276
5686
5427
5595
4423
4540
7792
459
3861
3842
5922
3133
443
1256
456
1175
1441
6333
6608
4737
827
2144
2730
7673
2009
613
6989
3275
6170
3811
478
5709
3041
7682
1414
5092
1945
7394
6763
5867
1526
5991
4621
2094
2270
3662
1483
6118
1467
7291
529
3857
1500
6113
1162
4830
2211
843
7270
1350
4710
1652
5084
1583
3545
4531
4284
4107
6780
6342
3502
6093
2539
2958
4867
2208
805
2987
5797
6768
7629
4555
5093
549
3397
5569
636
2071
197
4987
2380
411
933
3729
3111
6085
65
6749
6422
2859
1456
1398
4441
667
1662
3959
3105
4547
1283
2508
55
266
1809
545
3929
3399
540
6736
2841
6529
7461
5086
3443
6641
2815
6381
1758
5640
610
5749
7720
2159
1802
7274
3415
4306
4372
7614
6677
4237
812
4755
1971
255
3272
4395
4340
4159
2449
6980
3151
3855
6209
3420
7116
7820
4988
1565
7151
1548
473
7498
4686
5024
6146
5429
2648
4756
1705
3626
4502
1951
5492
5468
4423
1892
1154
4898
2453
5240
2823
1603
6099
5385
1968
2956
5758
3397
3197
474
6730
5685
3003
3907
1044
4933
5556
6011
6711
5378
7458
6196
7644
5096
5203
5956
2564
6552
498
5274
4985
5964
6051
6552
2419
719
7404
4961
847
6710
6687
2459
1327
392
271
452
3439
4251
6875
5362
5977
6515
1281
1042
3204
7455
6850
6782
365
6558
7104
7975
859
3917
6294
5087
3800
3345
4150
4008
66
5970
3667
1278
681
40
6448
4807
1060
7050
672
1000
3262
4986
2793
4315
213
4212
5791
7434
5908
4616
6330
2550
5963
2295
5405
2955
1784
3378
2578
3363
1335
2262
4312
6380
4240
7468
4150
1579
7703
836
7014
3189
6913
2633
4545
695
341
7618
1813
451
7944
7292
3860
6994
1322
2179
4255
5492
7562
4181
4711
4623
1407
927
3807
5848
6156
5120
5423
916
3883
5783
2681
1120
7599
3885
332
7927
3270
7211
3285
4616
5069
4501
2520
6873
6260
2017
5805
4049
66
993
2242
7481
4854
5041
6508
5338
7447
999
5425
1054
7094
5698
3307
6937
6003
4864
6234
1111
7830
2304
7347
4929
4143
3022
5752
3255
2042
6675
1343
902
5105
107
1179
1317
2181
7146
2724
6093
874
6127
2417
2052
4473
3855
1975
7101
7059
7840
7056
3869
3247
7303
7619
6960
6763
571
632
1785
6517
2549
7851
4733
1752
2463
7785
3144
6423
2284
3538
1358
3926
5849
3408
5577
3464
6196
1428
4709
5299
4847
7746
1490
629
1202
1479
6388
3994
5936
912
490
1430
6099
7031
3215
6134
113
3621
2410
7949
2713
952
909
6986
3732
384
1802
5973
529
6501
3645
3034
1584
4262
1246
6549
5454
4388
1615
2650
192
5952
2904
4199
650
4941
147
7501
850
435
5108
1910
4458
933
4961
439
5536
4826
6505
1765
5996
2946
6425
728
4373
3462
4245
6665
3325
1307
5536
476
4299
5280
1022
2654
4126
2881
3006
544
5086
965
6965
4617
7291
7157
6905
1294
6678
6622
3231
3988
1843
6716
5673
2103
1500
90
1933
3465
5138
6217
7958
7753
4654
7687
2718
2902
6029
5154
4042
5596
3011
3359
2229
3708
696
161
441
2383
3440
2838
836
7212
6732
5961
4436
800
4027
4542
6111
1646
4516
2665
5125
2100
1005
7352
5210
2593
5507
798
874
2273
4815
800
473
4376
3047
58
6415
5028
3072
5663
4260
4952
3327
2468
3228
7632
7422
4925
1962
4670
2319
7168
1900
6886
7290
2613
6651
6124
5360
3445
6859
2373
3985
7177
6796
6920
3903
7800
2981
2914
43
6150
1387
3258
745
5116
6939
1373
7453
11
2482
5458
4356
2403
1266
5815
3303
4902
2356
1102
2411
6151
5391
1465
3209
3698
847
5708
2493
4966
1873
1857
1130
272
2962
1950
5158
3200
2640
7125
4955
5247
3196
537
7599
5196
5569
1177
287
4819
5660
6260
7325
2396
4162
1413
3883
5483
1580
2149
7649
6286
6819
4335
5531
413
6334
5608
4529
6930
2190
4152
3402
1972
4137
5287
1499
1599
7467
6904
2540
5840
2135
2747
6285
894
5721
5677
5922
7253
1763
25
2647
2558
1449
4172
5145
6085
2344
6771
4144
1533
5190
2687
3613
7912
3187
7944
1898
3982
3276
6236
2876
5228
5236
4937
2467
5250
5736
7620
1862
473
2126
7066
415
5984
1070
3189
3493
89
2173
3066
3873
1694
6523
7892
4706
367
6802
2518
3932
4725
1683
3152
2398
1065
270
6068
5719
4721
4211
5329
3356
5492
3129
5157
6394
44
7247
7484
2525
144
5150
3374
5665
4969
5954
6796
1370
6658
4232
5083
6272
2930
5840
472
847
4139
505
320
3241
1153
941
33
210
6505
606
5588
3904
6259
4985
3347
1114
6763
7487
7771
5334
1445
199
907
6285
5255
5428
919
6837
7957
1783
6014
3929
7998
7462
2369
1870
3703
7800
2757
1624
364
2254
3802
665
919
3320
4563
2916
7446
3369
1108
6283
3813
1720
5908
1975
343
1950
5463
2158
1550
4807
5519
1242
7630
1536
4259
3977
1601
7944
6965
4893
959
4647
7348
1662
3798
3659
701
2415
4768
3777
7116
1155
6544
4851
5437
5678
4526
2580
5393
4284
1469
7312
6366
4836
5420
844
1294
7415
4603
4938
7656
4434
6133
7614
5115
5392
991
5994
6139
1340
6280
2101
2821
1562
5494
6402
2267
1325
1453
5037
5229
7853
167
7088
3942
1328
2417
1704
609
3486
7618
2861
2502
4316
2588
3620
5326
1533
3418
7509
6453
4089
4116
4223
5408
229
461
4555
6341
7520
5137
1404
7914
6428
6723
3444
6231
7647
2258
5256
5265
3203
6046
209
1157
3942
7362
6156
1535
1049
4432
6149
3612
2503
5051
7235
5680
1548
3853
4333
93
7945
6515
7303
5990
7173
6566
273
1917
5832
3400
514
4299
6226
2002
5244
7872
4412
4676
922
1293
1091
2800
2376
7284
3446
7631
6099
7723
4291
3318
2516
4041
6382
4443
5462
7066
7357
3698
684
7981
4495
2059
4579
7636
4645
7281
1030
5042
655
1328
4339
7202
6162
2846
5416
6602
1889
7414
4933
1071
2766
3987
7352
3829
3332
2707
2942
7523
1662
4961
2364
3400
4865
6612
3977
3333
985
2719
7884
4686
329
4175
1433
1180
3854
683
4740
4179
2330
7415
1573
4082
180
641
1867
2665
4566
6273
175
3906
3012
2024
2271
7938
213
7260
5940
5220
5119
2393
3259
4477
6282
2872
1769
2998
4036
279
4560
3792
4810
1830
7508
5394
2691
7059
845
505
804
6810
5451
6333
3856
7999
3464
384
377
703
2239
7892
5670
4061
4582
4532
6972
2073
809
2425
7350
6527
4627
3456
6931
5505
6423
7302
2702
1224
2859
1423
4470
5509
1782
1485
793
3269
3428
7643
1575
7491
1887
6902
1250
6959
4228
5521
2450
1114
1214
6552
597
1689
1106
3277
6343
5213
3599
3512
6881
3967
1879
5077
336
411
4275
7252
4895
6433
1891
7144
7742
5290
7428
6883
6124
3693
4237
4602
3883
1318
6621
5403
6948
3875
7264
6705
5327
2456
2825
1281
1579
795
945
7033
4122
909
1952
3530
1174
2301
6707
5338
6672
6494
1615
2701
7808
1719
4119
2366
4176
2556
1412
6745
7583
2166
7924
20
7808
166
4690
6009
2065
4930
3827
90
602
1623
6881
40
667
4556
345
3852
3430
4781
3997
5956
4574
505
3444
1319
6307
4112
2640
4904
3001
2413
1473
5360
3764
2521
2744
7533
288
2842
584
4041
3114
3608
3473
4190
3629
2415
7522
7125
6664
7159
5692
4538
851
6702
4907
6511
4510
2198
699
4836
5512
326
1506
5618
2688
6405
50
3222
5123
4735
7857
3608
1287
2096
2001
1054
2628
5255
2647
7742
1016
4830
2372
4285
6436
4799
4980
5101
5338
7843
1085
6306
615
4209
7083
2049
5931
3541
858
249
1779
1473
406
3701
1507
96
1944
6146
957
1139
3968
6546
1753
5960
1097
6978
1235
2162
6591
2623
1008
7912
3774
2983
1850
5218
7099
4643
6118
4726
2908
2959
3152
5448
3646
2321
2785
4352
5199
2681
3988
7532
5635
1965
3641
5539
2474
996
3491
2340
4091
7566
1117
4179
3620
3984
7284
6704
3480
2052
4505
3510
2230
886
3146
4898
2522
1771
4252
4698
3641
6964
811
4121
7895
6566
7001
4380
5030
3959
7548
5875
3094
4202
2705
3191
3417
4573
3883
1346
5732
4760
587
2436
4155
5120
2554
5204
6748
6594
7318
926
4741
2262
658
4610
2071
126
6207
7157
1953
7306
7719
3226
4870
5748
7835
5069
7458
6411
2808
7423
4385
1615
7409
3928
722
918
3327
7775
5563
2687
7842
7915
3046
7252
7789
4626
6168
2215
4972
6541
147
3776
4530
4447
897
7231
6207
5093
3542
1114
1840
6712
2218
6436
4503
4812
7769
388
777
2429
6742
3647
5377
5356
1831
7606
1075
2674
1870
4371
4649
2018
4527
45
3455
3013
69
2393
7178
5119
5438
3309
6074
5134
1921
2496
4542
3196
6621
996
5504
7656
6268
5888
6424
6275
785
1342
5522
3702
4212
201
352
2406
4766
6199
758
81
1164
5683
5856
1279
2163
810
2194
1981
5557
7332
1806
207
4718
6426
1180
4167
4937
7914
4575
7898
5812
2854
6025
2534
7316
7139
6711
6458
982
2445
6428
3648
4407
875
2493
7304
517
5878
2109
3083
2808
7173
2826
5083
7
5935
890
760
2096
1915
6533
5627
7222
6638
1222
4299
2785
5240
1108
1214
5760
1462
4949
5610
2819
1383
910
2818
7100
950
3569
7930
1949
205
5372
6238
6701
3430
4696
275
3730
3988
4311
5812
7356
2237
5828
5857
5712
4956
4458
7207
7326
4838
2442
786
936
2631
2427
7539
1532
6934
5122
5932
7794
1109
7694
3455
550
7993
5933
7522
5530
6841
4974
7164
3887
6404
7596
4267
1408
4307
5556
1925
1546
4168
2622
2939
847
6921
1781
6744
2416
7476
5344
4727
7436
757
7929
6037
3867
287
3435
2752
4667
7919
6944
2554
6559
1669
7579
3823
2388
6271
3697
4679
466
3131
637
4422
3794
2127
2584
1436
985
6727
3506
3828
7671
3285
267
5103
4773
5910
4142
1280
6342
6662
7586
6808
7343
303
4454
1871
1655
5233
2811
6368
7966
6632
645
1005
366
7406
7168
398
7673
1743
4584
1228
426
2456
5095
1536
3529
6713
1482
6486
7243
3512
2664
6589
965
5575
1036
5342
3417
5435
197
3066
3372
737
3871
4216
949
4783
86
7674
1306
1652
2637
2432
7336
5013
2835
7717
7640
6672
1380
1034
6137
2978
6303
1377
5879
5786
4198
3997
5022
2062
6331
1215
6426
6296
2588
703
2430
1984
6806
259
5373
7342
1048
4274
7704
1986
627
2920
3819
5512
5874
3705
3476
3835
4378
7261
2410
1009
1670
7890
1220
2462
3006
5860
3046
4352
4346
4880
6276
2525
1047
2664
5356
2740
4060
7532
5215
4137
309
7351
726
770
3965
2
7784
3688
4363
490
5313
2189
2465
656
3997
3769
6885
3726
3034
4205
7578
594
650
6063
4380
7002
1057
4035
1120
5807
799
2056
5380
1872
2150
3100
3526
5471
483
680
7682
3159
536
3066
630
5922
2627
3948
210
5009
6451
7029
4875
997
5754
4670
6837
4248
3039
2904
1780
5971
7867
5343
5429
6085
3359
468
532
2680
6508
3120
3640
4070
4218
7186
7312
3320
6792
5415
4197
1897
777
6261
4448
1108
1281
2265
5372
3118
3963
1859
703
1174
1742
2605
5782
5631
4706
2700
5702
7335
5489
6534
351
1861
2669
674
4006
601
3505
1992
7409
7813
3877
1881
1659
2434
4043
5401
5230
4126
858
4765
4780
11
7578
7381
4901
3834
6956
5256
4718
4556
1920
3178
6312
4749
6277
5373
2325
7973
7688
6111
4650
3418
1718
7462
969
6308
2743
3590
5707
1576
1492
3475
7141
953
1697
1765
