7363
991
2221
275
6240
4727
2414
2179
6976
7062
5161
1908
6980
3289
3575
3648
6605
5240
1874
2064
1868
6715
3928
6206
5625
3223
1322
5523
1982
557
7131
2784
4393
3535
3867
6011
4518
3748
5128
5896
803
1309
1647
4430
6689
2314
5191
633
3278
5409
2160
6513
679
4672
1657
5226
7523
2563
4101
3413
3138
2814
332
7087
4663
6527
3662
2128
948
2253
3970
1337
1838
3850
540
7371
3376
240
108
3333
5404
6663
170
7373
6414
3109
1869
2346
3496
7403
3947
3566
6566
1638
2349
4818
3111
4301
5394
7490
7358
935
251
5881
7050
1211
5755
1802
4667
7473
6659
7833
3801
4855
3405
7437
4495
5402
7073
548
4839
5730
4405
7480
3720
710
962
5424
5322
7441
3568
7206
3071
4753
2207
2964
1003
3084
3021
5389
2746
691
621
7854
7546
3606
3137
5196
931
4578
3074
3078
3967
7484
4996
202
4934
4475
4299
7324
5080
306
6644
5276
1195
5719
6076
6846
4326
4819
2968
7322
1498
3741
3678
1753
4481
4483
3911
5956
5736
5998
4193
5824
3932
4336
5567
3119
1887
6543
3336
2382
3013
3734
6024
1315
1248
6632
5979
5824
3435
100
4378
3904
4449
7095
3034
54
158
7174
4203
4115
5390
4657
5102
428
6300
7150
4528
6335
7028
6712
4662
1644
2161
5693
2023
6669
3602
123
3559
7862
4708
6976
5474
1601
6987
3659
6492
672
3963
3421
6600
7208
4587
1547
3445
5166
1860
1990
6321
5213
6939
3476
64
2089
1461
1020
2977
5906
3391
5395
5231
6180
1819
4939
5768
3617
2562
6632
1005
3759
5026
3292
6166
2088
1830
2302
1923
5066
7814
637
7994
1779
6224
2439
3573
3367
6460
2069
4067
296
4364
1938
4565
137
1215
2561
2122
6751
3242
5318
844
7360
5497
526
5126
5153
1702
5522
6961
1890
3687
4958
2179
7848
141
615
4214
2500
3341
4372
3596
92
3273
2227
7642
2937
2829
7219
4666
4522
76
697
4543
2142
7074
958
5387
6984
4687
3247
7889
6193
5765
5422
3556
6557
4702
7844
6034
2121
7776
3277
4839
215
5617
7057
2485
4420
1435
868
2790
6582
7214
4633
1480
5680
6858
6923
5440
4231
4866
340
717
2342
3349
4606
7054
244
6849
3299
3507
5068
6256
4436
4980
1566
2208
2631
2961
2758
6449
4364
801
1957
973
4382
3192
4512
3510
7270
1076
5626
6306
2647
567
5812
3656
3700
3606
6707
3500
6023
6853
4102
895
7082
4777
4151
2639
7250
2390
5231
447
3169
2496
1742
5922
7273
605
3200
4726
7906
98
7776
4495
5842
2973
6119
6036
1013
7092
5197
3149
143
48
854
3827
4547
5030
2482
7738
5826
1181
2095
3930
4771
3894
2751
6618
1792
752
5904
2524
1238
2820
4586
1656
5408
6000
6297
7726
420
7602
4457
6361
5631
1507
5296
2443
1296
6365
1442
1378
3758
4652
1137
2237
4269
3129
7015
7086
4306
2340
7035
792
3707
4303
6721
7079
3328
5098
2180
2003
990
814
3797
4474
1323
1719
730
6301
447
3769
3501
1415
4718
5189
7627
1608
2795
6999
2533
5969
5606
2053
5312
6142
4180
5733
6838
4901
6440
324
1476
6979
1232
3648
4339
1391
1601
2027
6482
2534
282
7391
1151
1259
932
5775
7204
6048
1189
1953
7056
7111
5070
4264
375
1341
3110
6050
6127
4137
3175
3738
4146
7108
2909
3595
2199
6541
4142
5374
4959
6242
741
6075
3020
979
7370
2764
2879
1958
6499
5661
2382
3023
2257
3867
3075
7051
7391
7065
1669
2340
3407
3586
4988
273
918
7439
3616
4910
991
3950
5136
4836
3563
7063
6191
3828
2590
4926
3623
4985
5359
6368
547
3106
6530
6334
4934
6351
5112
2031
1511
6798
6905
655
3628
6862
1388
109
3666
7519
1845
1026
1663
168
3875
7337
4559
2569
222
7652
3039
2703
887
372
3002
2918
140
6136
3522
7265
2190
6753
287
1035
2830
5173
3674
1379
3841
5846
3697
435
3225
384
6712
5785
803
1718
1887
7243
4588
3028
5097
6022
7312
1322
5350
549
3270
6726
4751
1738
744
408
4510
5773
749
1172
5521
2984
2896
7636
6111
7747
1153
6726
1792
6911
4120
6596
1628
2200
3181
172
4778
3988
166
5237
917
1353
5776
4928
2896
1948
6133
3100
2289
4584
85
2632
6662
3009
3868
5470
1415
4674
5521
2678
7529
3539
5624
4789
2791
4822
5382
7892
6177
4295
1524
2151
5085
7936
3628
6342
3253
4182
7046
369
1431
6507
5282
4991
821
378
5527
4408
1056
2264
394
6987
5898
663
2834
815
7089
5500
3496
502
6978
7495
7614
1758
3706
7492
2986
6455
2387
766
951
6948
5675
7745
7210
7264
5275
6683
4971
4244
3285
5468
7168
7917
8000
508
1875
5289
4667
1774
4308
6602
2160
1199
6068
2878
3240
5029
5418
6121
239
2943
4598
2393
1293
6928
2845
7424
7270
7048
3029
3252
7940
826
3299
4579
5568
2612
279
6527
688
5504
2299
5692
7124
3039
5971
2239
3367
7564
7407
884
5847
5702
1080
6998
2923
4850
1704
6433
6710
2370
2133
1040
6801
4956
6698
4239
2077
7489
7722
4963
6973
918
1248
7629
4763
5873
4300
2909
7126
458
6525
6920
6193
2982
3285
7951
5010
2512
7839
943
4468
2669
1257
4739
547
1784
569
3318
6261
5709
741
1569
6260
1868
5821
5473
7846
1776
3938
6109
808
2541
1512
5182
3444
3159
292
2704
6157
4609
2468
6893
1127
6723
7678
28
1120
2908
2081
3139
4388
2629
3539
349
6665
1565
3452
5150
2884
1432
545
6591
5531
1058
1632
991
411
4246
5646
7470
106
6384
1053
6408
4367
151
3235
4214
6782
4126
276
2626
322
6660
2373
1261
3709
2023
677
7221
6189
6826
4907
6002
6771
2952
6480
4929
469
6391
7412
6407
5170
3276
5084
4077
1161
4448
1421
5337
6653
3041
3609
7596
393
482
1927
4403
4834
7956
7065
3582
7162
4989
1460
7380
2792
3830
6977
6846
7325
5137
256
3863
2472
5645
1809
7761
7940
536
2813
7116
4784
7884
2464
3029
4298
4186
2973
4031
7666
2888
5269
796
7404
3220
5983
6642
5613
15
2253
1377
5753
2835
6332
6179
1644
3879
665
7364
3370
765
4028
6967
5635
3051
2015
2018
1795
677
7790
4071
3545
810
133
6628
3358
6733
4711
4372
2478
5452
4287
3485
3695
5548
2454
2630
1296
5228
2354
7963
1212
7209
3430
4601
7073
5699
6019
1436
3869
5077
2991
3518
3457
6490
5193
7569
78
195
6861
385
211
1374
515
2295
4768
3354
7536
497
1987
4327
2811
4468
3529
3294
438
509
4244
2141
7456
447
3221
6680
7860
4011
5790
1368
4519
1466
4481
4622
5074
1795
6356
5798
3360
6285
7149
129
6282
7227
2437
7731
7832
4394
7127
2984
5508
3161
6602
6748
6962
1104
4327
6150
7077
4885
2634
5286
563
2965
1707
594
7457
773
5382
1991
7581
5407
1902
6349
5621
7380
2234
5226
927
4674
7932
1351
5951
1374
6486
5318
2186
4187
2911
3933
3358
5562
112
4607
2632
2557
1252
2649
2308
2363
2069
5436
7938
7825
7114
6473
5655
3177
7344
1405
2543
2804
2359
6219
3770
2073
752
771
4436
7660
2914
6829
3811
5865
7987
582
7746
6191
4034
4391
7424
6981
2380
5209
4071
5726
2759
2917
1750
5527
3983
1860
4857
1191
3778
766
18
5525
5242
2948
7651
2570
3959
1286
6261
7348
2943
3691
6372
4667
443
3717
5968
3016
2743
3481
4612
298
856
5165
5546
7827
4009
7293
5911
7806
5781
6298
3379
7341
4164
662
5980
2325
5414
6158
6564
7078
537
2749
1910
4597
5160
4899
6637
3106
869
5648
7196
5728
1830
4352
5692
425
249
6066
4092
6287
2130
5148
2244
6725
7354
4142
5517
3274
74
4169
2590
7859
7910
4741
6768
3585
6993
3155
4982
3220
500
6435
4743
5681
762
2553
5059
3827
2463
1822
5136
7693
6575
4544
71
5810
6475
7888
659
6476
7525
4916
5519
4516
5291
5712
1236
7571
6809
3391
2857
1876
1766
7498
3744
1869
5487
3527
5629
6672
2380
3195
2446
2347
3251
3457
7694
80
801
579
7745
3979
372
5807
2725
7405
2553
837
4035
6700
2132
6367
4122
3668
1716
2633
1080
7087
5768
6944
5732
2101
7704
103
6579
7603
6766
6231
531
1670
2660
6272
581
7581
4675
1147
396
459
5550
3273
2756
3245
371
7005
5458
2097
3100
1050
4089
168
1036
3745
647
4615
1766
4421
6319
5502
6807
1747
2040
4439
3584
7650
7252
5443
930
1054
3180
5641
4597
6935
2568
564
3711
4204
2736
7614
837
7281
2953
7885
5114
6090
7985
1260
506
7770
4924
1546
5385
3127
6211
3977
6902
7942
3335
6623
3212
3670
2818
5192
39
5833
2684
1544
5186
4773
2064
264
3595
6617
109
3250
7868
559
5498
392
7595
5093
7967
3278
1375
1382
4689
1724
7904
1235
1218
5572
1843
6855
6983
7735
6190
6945
6838
5468
1617
3919
7890
5182
1818
2228
1213
5318
5702
1765
5520
1793
1633
4242
3344
4101
3762
491
7136
4570
2860
4187
1863
706
2045
1665
4595
3916
6406
3066
1884
2115
7551
111
3184
3395
369
5340
1652
5598
1157
4251
2693
7859
4679
2600
4318
1719
7195
3912
6904
7127
3156
2114
5106
5756
4255
4976
1295
1462
538
472
5547
683
7143
1647
6634
2076
1693
6310
568
2253
1621
5404
1209
1394
7060
4511
3178
608
7060
3853
4997
5902
7717
6818
5710
2088
963
5400
2972
4910
6431
2606
460
2846
6796
1631
4751
5843
5598
426
3626
5119
1620
2689
1624
3985
5117
4244
3408
5686
6368
2070
2073
4529
3297
4645
5219
1498
4623
3096
4323
1360
7696
1123
3351
4261
910
1413
6239
514
4578
7225
4996
3099
7177
5730
1373
964
2561
2314
4367
5591
3609
607
3396
5618
3062
960
1671
1046
3453
4591
3997
6947
1833
6838
5337
1284
2405
3975
2015
6285
6320
1529
3964
973
6846
6857
742
2115
7007
196
2477
48
4575
7382
3225
6426
3141
3047
7956
5240
1437
4549
6541
5979
1830
3355
6571
2646
558
4764
2604
944
1001
6836
4217
616
4596
1093
773
7122
2496
2888
3128
901
2895
6076
3952
1957
4828
7218
381
4666
5063
7577
2970
1982
3316
6663
1193
7295
2108
1075
7181
643
529
6888
4056
1007
2153
5575
4143
3473
1099
4895
7611
2199
6380
259
3775
6693
655
7671
6040
7041
4802
5314
7635
927
1366
1485
4260
7604
6597
7556
2041
2113
5791
4702
2354
5286
6464
1953
6119
3537
4523
7512
994
4998
2109
5958
2624
6321
4025
7167
7274
1662
5363
4287
238
6335
3204
3541
7645
2143
3234
2762
4860
1822
4080
3895
3908
1546
5083
2125
5088
1344
4154
2112
907
6016
2232
551
6487
4246
7354
5873
6717
1237
1540
4180
7384
4232
7496
1265
2381
3272
3389
5089
4175
3859
3885
1877
2125
5797
3598
4632
5428
7094
3530
6203
4480
201
5671
3069
5557
6212
508
5132
1528
4067
1314
1514
3274
3257
5660
1475
7201
1748
6506
6617
6867
5302
4196
671
2747
1712
5647
4915
7126
2194
5568
1148
4696
6842
4401
742
632
4750
4629
1406
6947
3054
304
5383
1509
4322
4691
4886
3444
6740
4125
5843
2372
5528
2138
947
2468
4776
5844
4391
4383
7046
3396
437
3722
4598
3060
1180
1652
5270
5549
3989
4630
4787
4026
4864
2553
6817
6516
5475
3948
5848
4328
6548
7834
5779
1947
5902
4881
1844
4366
331
6181
990
4411
4824
1415
6080
5894
306
866
1150
5433
4054
2527
2071
7660
2284
185
2504
3714
6907
3109
1271
7052
3459
6594
2672
7430
2298
7904
204
1001
4946
2360
3
5314
1224
1650
1328
7659
2782
2539
378
1807
1111
7900
7734
2475
3307
6966
4175
3734
7860
1182
3074
3303
7479
4117
40
6808
1121
1167
4211
625
1612
6335
5133
5880
3655
1278
4603
5176
1995
5046
6682
516
4361
5190
4580
6658
4010
1061
2523
1472
5923
2380
4833
1675
242
7588
4657
4434
1735
6513
6246
2734
3471
2918
4490
2588
3926
6002
4004
1830
6044
913
7774
3752
4261
7345
2017
4654
5879
7984
7845
6237
6475
3662
4591
14
3893
7493
4481
1399
4014
5162
7553
4611
7042
4211
6811
7702
5247
4146
5575
1650
7093
3915
4616
4504
1160
3568
5753
4849
7076
2113
6716
2561
1626
728
574
4949
4207
2119
7450
5550
1109
5082
4809
4045
6126
3423
5331
3925
4658
4994
2878
5844
7516
4056
2580
6469
6658
548
4557
2569
3216
3065
920
2504
3685
4300
3803
140
6464
1015
4299
2908
1761
6811
7275
3441
4503
6208
2016
6750
7307
3812
2394
3142
7710
2397
2601
7577
1549
1655
1001
2677
2265
950
5373
4321
6809
7394
6315
3479
3981
886
7270
2800
599
1125
400
4524
2764
2924
1626
4018
2619
7336
3117
4843
6385
6653
3041
6762
712
51
1491
4185
2176
2404
1745
2320
6841
3608
818
1058
7169
5898
4252
3148
6697
348
7136
3782
6570
6303
6344
4968
6307
2955
1299
2674
4467
937
542
7785
1960
2229
7785
4884
6089
7145
1544
5393
6416
4052
210
1383
6567
7495
1308
6041
4864
5243
7415
6645
6599
5425
6
1244
74
7033
736
7759
1377
668
6686
5985
7730
7305
1349
3546
182
3718
5075
5143
787
2497
4498
7229
5475
7776
5839
2322
3697
2108
6450
2509
3586
3485
7994
5261
5268
5605
1157
1709
6742
6590
7049
6119
7810
5345
7924
4394
5234
4059
6136
7941
1752
1270
1431
1707
6224
3805
6753
7832
4553
7795
4669
5805
6375
7039
2597
4495
3256
6899
3308
7028
7245
922
6775
3916
4362
4984
2962
193
4915
4505
1708
6906
4384
984
6475
7264
3330
6814
7396
4725
6711
4079
2952
1773
1088
6111
5984
6050
3993
1015
4226
5143
5500
6943
2679
6936
6485
4537
5852
40
3357
6668
1474
191
5799
2062
220
665
6031
5225
5622
7850
3065
7762
7315
1982
34
4212
7477
7437
5766
3592
1403
2352
289
3776
4484
6749
6986
4316
2658
5724
3002
798
6426
3549
611
5362
7902
6815
1608
717
3636
288
3502
2401
1538
483
4946
5426
7632
2129
938
4332
4425
1899
1815
464
1059
6506
3593
2462
1929
1760
2481
3035
1563
4014
7548
7541
3411
3071
6204
3687
2752
323
7834
3832
7673
3081
2436
1272
2961
5971
4505
6480
6334
5504
7585
5891
403
6889
4402
3830
2778
2592
7083
5049
3116
1127
3891
7269
1341
7826
1100
2521
702
4387
5684
6045
1293
636
2052
5209
2066
3592
6441
3222
6885
4210
4956
4606
7386
1685
6424
2942
2881
6669
570
5478
1701
3754
3467
1120
2751
5526
6999
4510
2550
6834
5994
7358
6261
7282
2374
7292
5667
6792
444
191
1616
122
4003
5415
6619
1312
657
6368
344
6088
5996
5155
3581
6697
5834
3585
2785
1499
5053
1342
6031
1063
2183
5433
4344
1506
4506
3201
1303
3033
2061
4875
5785
7809
1641
4766
6643
2280
850
1833
515
5567
6137
1186
1661
6286
6951
2433
5540
2259
4431
653
7205
15
4769
2187
25
6120
340
3530
682
3129
1502
6292
2016
4090
681
5646
5333
7341
6110
5023
744
3365
4698
443
2603
2109
41
5879
5682
7122
764
3127
1237
7949
2782
5158
4897
3966
3889
3460
1666
6548
688
7787
1182
754
5491
2026
3290
3335
1348
264
3379
2479
2299
4968
1098
2441
1453
4102
6180
7085
377
1115
4400
1824
6867
2517
3626
5329
294
4487
7094
609
5922
7792
3895
2468
6040
7039
1975
3843
2577
6583
7778
5416
4741
1439
2106
4370
4403
5351
7133
1559
7000
6081
1125
3689
211
2742
5933
1951
2319
7599
3503
4312
1849
1913
2638
5956
3094
5550
6742
1840
2855
3356
6872
5487
82
7698
6747
7575
3709
1698
2620
7836
6257
1692
3973
4932
1521
4673
1062
4913
368
3301
3153
5186
7297
4993
4044
1105
5295
4995
775
4876
1376
4534
6399
1386
3817
3711
1479
3897
5927
6359
2407
2719
5179
4828
504
7421
4580
1941
2709
1976
651
4501
556
619
3135
4480
2176
3372
7829
6331
1927
5301
7599
820
4459
7675
3939
7515
6739
5706
4222
4369
6446
4210
6231
3035
4610
3585
6446
3642
5434
3551
2347
3628
5734
5554
2049
6308
952
2523
1245
5305
1934
1704
272
2369
7079
3798
4573
7876
2833
4976
1549
6261
7163
4381
6295
7368
5650
2307
348
1062
1597
6865
5374
592
7266
3621
5606
2869
1797
7814
7163
6467
6099
4308
1650
3624
3310
4629
5095
2828
2328
6245
357
6428
3801
2669
2761
82
1112
4152
4209
564
2734
1337
3531
1739
3088
1528
4802
4193
3180
3513
5587
27
2837
5014
4159
7601
944
7406
7597
1640
1298
4453
4668
4835
728
7423
3338
5043
3621
368
1286
1624
6396
7171
1349
6160
165
6243
1422
6432
5996
6340
3721
7409
1995
4959
7852
4884
4554
3430
5421
3273
7487
6518
631
123
5796
7157
3625
5695
6714
6387
4165
3371
5335
5308
998
272
6174
3259
2866
2730
1326
4898
3886
7038
4370
6638
4218
689
6291
3912
1703
5445
3758
2529
5063
5729
4174
5489
890
7299
5971
5111
5199
7872
4655
1980
195
4287
3003
2943
6602
4678
1571
7598
1316
3607
1457
1010
354
83
3124
7663
5641
3193
4145
7592
7041
7709
5818
6878
6829
1427
3785
6022
5056
1019
2817
206
5346
4877
3418
6098
1942
1055
1482
7814
4902
5349
5542
6323
1901
1545
3718
7371
6401
3017
4047
837
3091
2272
7087
6910
5978
180
1030
5351
6312
2420
1722
6417
3832
6674
2457
656
6046
3189
1774
7631
3369
3072
1042
177
6862
4983
797
4420
2548
7177
4486
4186
7539
7735
7780
1957
7819
7312
1015
7008
7824
4103
6471
5360
3191
5883
4029
5269
5503
802
3072
327
2343
1125
3130
6299
5928
2525
1652
3871
5039
6830
3384
7938
817
1908
2225
1745
7353
1460
2680
480
2218
263
628
2847
6685
4853
7037
6364
2862
4912
3547
770
3300
3067
7061
5057
3814
129
2869
1578
7787
2823
204
1283
2763
2519
2178
3017
4312
4544
6335
6105
1014
5292
904
3831
7395
4526
1910
5400
2590
2327
7413
250
1095
2328
5681
3917
1631
4086
3525
1762
4269
4336
5609
5795
3634
3069
7615
3888
5887
4277
2187
4492
4208
3682
2569
3756
4161
5253
3921
3676
6641
4158
6165
3949
6810
4656
3333
2367
6770
6940
1806
2610
1605
6719
4416
6002
4518
6914
5573
721
157
87
6057
2031
6860
4337
994
6583
1807
379
7447
1528
1959
6799
2585
4643
4047
4909
3553
4134
5491
2723
4238
7230
642
1470
1294
5961
3287
7123
3895
2694
1513
942
5893
3947
1587
1445
149
4444
800
4515
949
252
2403
4261
4626
1344
6702
5932
2680
2208
3650
5934
77
1566
1999
6686
3863
4616
6850
6463
1469
5638
4323
2220
1568
3447
47
5161
7965
2632
1663
3776
94
6700
3117
243
2389
442
2019
4273
6958
162
4045
4920
7082
4407
2167
7792
7541
4313
523
561
555
6693
6806
5587
4070
7119
3500
6184
1530
5563
7267
6559
4221
7439
608
5544
5324
5383
3371
1929
4085
6476
7243
5002
3195
2492
6777
840
2448
4054
3667
6940
5629
2369
7930
1005
5824
6841
4377
5136
4952
6362
426
833
1550
3395
2333
1085
4859
2663
811
6982
2452
4377
3835
720
3745
1986
3420
2420
4721
4201
3703
318
6909
5717
2947
2218
716
1003
48
2914
2015
4435
7428
5094
6285
84
2511
1115
259
3106
462
401
7290
6467
7502
5298
4505
6183
7086
2316
729
5532
3368
7379
7894
224
2924
6220
4172
6446
6171
529
7861
3897
1755
7280
3591
4631
5867
5729
4939
7488
85
6327
485
7346
6118
4692
4082
5979
3799
3957
386
7524
6771
4650
4512
4665
5583
688
2627
1537
7175
4362
7873
3129
6270
3058
4024
7344
7273
2182
1255
6584
3487
7611
516
4220
5562
4819
1060
4615
1738
366
2844
273
5427
6208
1862
743
466
4478
1002
118
185
6853
6912
7333
7526
4826
4697
1843
473
5846
6058
1776
3328
1043
3593
3683
6918
293
3493
1300
7002
2400
4585
4311
7872
972
5603
614
7454
791
3763
3073
4737
4978
7419
2390
5238
6377
1547
2795
3688
3056
5374
5912
2773
1050
3762
1563
5006
1063
2062
2977
7476
4841
3962
6836
5668
3144
2908
5964
2272
2368
7258
3170
3476
40
1948
1836
53
4910
4417
235
1571
3888
6475
341
4187
7885
2325
2619
4840
6916
1387
6506
6838
6922
4842
4582
427
698
4161
1965
2625
5087
8000
3475
2029
7216
3448
5366
4619
5559
7004
226
4396
2598
6869
870
5698
1471
3513
886
7433
3084
5261
6076
1832
3084
7328
7674
3183
783
3682
3748
6173
4879
3091
4391
12
7147
6377
4599
3676
2968
2181
2797
2202
625
7586
2128
4643
5272
1845
6660
161
4434
1500
6708
3840
1511
4783
4916
5302
6332
595
3706
4245
1244
7573
7895
1390
4490
7688
2746
4910
1286
3483
5486
4075
2865
5549
497
2817
5279
7840
7626
7404
5646
4302
4430
2199
7176
5900
5068
6267
6872
3628
5889
587
4084
6507
7784
746
634
7547
6505
1611
3628
2851
1479
7272
6943
1264
5111
1338
7317
1061
5848
2927
2845
702
5205
3070
6108
3934
7549
3876
3407
5310
5348
367
7805
6735
4396
6289
7053
6418
1537
6371
944
6937
5161
4131
5163
4363
1671
2089
5798
7663
5691
230
4954
882
5984
7655
337
7928
1754
2564
4916
1032
4557
6686
6460
4458
2956
105
3824
4785
7196
7175
663
283
4455
7421
4025
1745
6253
6866
7468
4169
6063
4557
3004
3378
4053
6102
7294
4743
3709
217
5273
4209
6838
2992
1243
3078
1979
2394
4623
1895
2766
6058
2089
7369
4479
3658
2301
1222
6072
500
4553
6953
6907
2863
3226
2037
6098
3030
1410
613
6408
1717
6974
746
3063
7366
2191
7539
6662
7109
7204
173
3510
768
5587
4212
7348
2426
7279
7622
854
168
3088
1343
2518
527
5760
2715
6728
1570
2513
2071
6532
7161
6560
6540
4841
5895
267
3949
5526
4899
6391
4494
5510
3515
1714
1307
4463
792
2082
3601
1236
1015
55
4370
7972
3589
6985
1502
2398
6449
1445
315
1444
425
1164
4376
1845
7783
1054
5757
7369
5092
2469
1023
3962
4906
1628
6540
2110
5595
6154
2345
5389
7667
5907
4616
2085
1151
737
336
6602
7835
6076
772
975
4209
7596
1144
1681
7235
3800
2244
5672
5386
6331
7050
7041
7198
2434
5662
1279
749
1859
4103
5721
5145
7208
2396
95
4168
3236
4246
1192
1344
3398
3714
5330
3051
2923
6125
7640
4589
6114
4403
6353
1252
5166
7450
7962
7065
4979
6363
5035
1534
5848
2362
5843
4280
6157
5877
41
2870
7875
6912
681
3173
6873
322
2104
3255
1238
3599
1966
2747
5952
3882
3037
2135
489
266
7144
4120
7571
4786
1438
1646
982
1654
7942
7718
2680
6094
3792
4805
3917
4582
7037
6578
2497
4049
3194
2915
183
7293
5932
2247
6989
7170
4684
6950
2646
406
6550
7301
2050
1079
4141
2032
5613
6436
5911
7683
1563
1686
2170
6893
1025
2266
2325
1932
5669
7545
3474
5618
3526
7399
7419
1012
1545
5625
1483
193
104
1974
520
840
6501
16
1957
1599
329
6055
5464
753
1407
6164
3382
2057
5744
7139
6526
154
559
900
7585
2792
3626
4736
5301
357
1516
4239
3966
6874
4698
6465
2366
7821
5694
7731
1233
7274
5639
2885
5649
3249
5727
4859
3154
2501
3014
1122
773
978
4659
100
2709
7361
621
4655
383
6884
5098
6848
4941
7934
1352
5228
2878
3968
5448
7061
3377
4169
90
6984
4611
2557
4353
1494
5590
5535
6740
2237
6340
6900
7065
4534
2006
2118
78
7435
3679
5502
7962
4720
2770
7947
6993
6439
4990
5829
7917
3099
4650
6808
4849
4483
7381
751
7538
2062
5815
5184
6026
3697
4105
5924
4037
1220
6518
6751
4855
4258
2077
298
6877
30
2745
6629
717
3724
7904
612
6825
5141
4696
4969
6520
4492
6106
3015
7236
7959
225
3450
1238
4036
769
3738
5397
6388
3631
1535
4007
1927
203
4601
3039
409
6787
3917
1949
146
2369
5659
184
1627
2038
7742
359
7117
7868
5624
405
6483
4035
7485
2537
7102
5109
7815
3616
1439
5770
2295
6419
3269
631
4086
5287
3132
1586
5871
7353
6124
7293
5048
2586
3315
5690
7413
3345
2531
6906
7298
7331
2795
6385
655
1229
1398
3609
77
7556
1571
4921
2629
4466
2998
7751
2095
4225
7998
182
4876
1275
4151
1017
4132
6306
2594
4152
2825
6320
4896
5835
2924
6750
6517
1816
1072
5213
6180
6737
6552
7902
419
7913
993
147
3920
3995
4495
2082
1352
5701
1259
2840
1760
4382
2245
344
1618
2006
4556
2408
6660
6494
1390
7018
7098
4861
7139
3654
3385
5052
6075
3800
3917
4246
2338
4140
64
6371
7793
6721
651
1500
1985
152
580
6522
2164
3043
2803
6841
5613
7502
4805
7269
1476
6615
330
7061
450
7950
7522
5943
3952
3617
3318
1741
1322
1326
3774
3103
6887
859
5650
1712
2806
2920
5623
1427
2706
2471
1008
7328
4280
6904
5106
5202
872
2651
5731
4181
5957
519
2440
3144
3857
559
3331
922
6953
6812
4839
395
1725
6991
2810
6247
2765
5247
1055
3393
4695
6370
3721
1581
1635
1026
2018
4288
5104
3804
1396
7018
3954
5953
3865
5078
4860
7704
201
6192
4049
5862
6468
1276
3602
7721
3341
2562
6542
5646
4733
7386
5207
429
7126
5873
3406
7223
2181
2705
5199
5844
633
7777
3028
4662
119
2311
4275
7161
7356
4721
1142
658
3137
4137
922
3780
1240
7540
1173
4225
6284
779
2194
7118
1176
3244
662
7009
5133
5654
5188
4700
6179
7170
4209
3058
2433
624
1510
1664
4661
7055
3189
1732
3801
4214
611
3924
5251
7283
4045
2399
3188
7920
6417
5363
2112
135
4019
3746
5748
5674
6780
7182
1034
2051
468
6758
372
3323
5847
6622
2347
5970
4644
829
739
578
140
4598
2466
116
5212
3040
5094
3949
1477
1624
6365
7410
7612
2448
2315
7660
2990
2787
3749
2135
5546
2631
4446
7624
1023
5707
4914
5397
4535
7068
1724
4588
4101
2133
2176
1432
6254
5197
4437
3611
4530
4510
347
6269
611
1594
950
1555
4774
6640
2305
2945
2100
5751
3952
805
3758
3984
5837
2937
1563
1494
7006
3884
4977
391
4805
7161
1306
5103
6463
1345
7431
4896
2005
5216
4641
1653
3956
7656
3794
3992
3657
3838
7088
6126
5419
7670
560
2082
5053
5764
3160
3349
3508
6958
1565
3453
1022
684
320
4881
5325
5531
7417
2113
3347
6313
1854
7783
43
7477
264
5356
1477
3029
877
6745
6271
3374
1312
6752
7298
3007
4519
2756
3947
1686
4072
6012
7119
6469
5558
2930
4404
7950
4945
1063
609
5868
7087
521
6844
3441
5307
6281
3884
6430
7274
1316
7351
7767
7999
4357
3112
695
4529
2567
6520
6514
2938
2769
6991
7863
4761
3400
4322
7254
2839
2554
5473
6245
7536
6716
1826
2571
5704
4901
1734
4477
3676
7084
7352
1903
5963
2904
4622
105
3344
3653
4247
1441
5693
6836
6271
2621
6071
3941
5731
110
4438
5004
5136
6664
2463
4613
4316
4965
1951
7672
5479
1865
7509
2502
6448
5018
4817
4591
5604
6834
4336
7915
2567
7265
857
2461
2082
2374
5170
6071
2301
4826
2434
2530
5244
4686
2705
7953
7688
7642
2040
750
2719
3088
1058
5368
2675
1980
3079
6285
6962
1082
3413
7627
6351
6054
6877
1847
2321
6194
4812
2874
6247
5940
7956
2499
6807
3320
2682
5103
708
2940
2849
4768
2011
1404
6823
2656
6004
2379
7155
7912
7367
1902
6745
1089
2450
6810
601
2579
3778
5586
4938
6725
2698
6172
2694
3755
2746
5623
5390
6753
4931
6783
4314
6030
3915
7699
3005
5184
1089
4556
7622
4090
7695
4060
6069
1808
4661
4029
7682
4388
3167
2135
4543
2166
1848
272
3436
3195
7949
211
3659
6495
5930
4707
3241
5448
7991
1279
4863
3256
4180
5483
3364
161
2534
1984
1312
3582
924
4017
4147
939
2522
7082
6221
2043
4425
2199
497
2545
5623
30
2728
1455
2485
4958
7642
1513
7197
6505
768
4959
4985
5073
3085
1216
6672
5028
3701
4268
7493
7714
3594
7765
6066
3928
4463
1705
937
2397
6872
287
57
4467
5635
3741
6436
2479
6186
7724
2267
6197
958
4531
5103
7359
3522
3631
116
925
4070
5712
5510
7651
5310
1658
2546
6533
6727
3706
7194
397
4429
1197
4195
7685
2174
3489
6795
6262
7172
1868
4593
2323
3075
7801
3366
4310
346
6933
2699
7740
4267
3956
5264
6311
6174
6478
5988
7184
4529
2584
7430
2005
1681
3940
4852
4818
7545
3689
7829
1812
535
7617
3361
3068
6952
377
273
2117
6342
4868
7919
6187
1362
7923
2494
7479
2130
5663
1954
4886
3628
1995
6402
4032
3266
2261
6456
2205
1323
3115
6340
2270
2327
7174
3707
6043
2506
7675
6019
5974
430
5108
7406
1772
7234
7407
5442
6407
6199
6208
5791
6228
4697
6318
1720
1931
7950
7812
1864
1324
1246
2127
7307
6792
2283
3572
6892
2970
7471
7190
544
3739
695
2408
287
2762
1834
4329
6821
892
1951
2896
2586
3284
1111
2444
728
1811
2207
7706
40
6264
462
4082
4229
4470
7293
1020
971
3672
7942
6984
3207
3866
210
7123
2455
6567
1321
3804
2946
6541
7933
2117
4826
3198
4853
7489
7941
6883
5404
2649
7543
152
4828
2811
1733
4984
4991
4033
1532
7711
2079
5095
7737
2366
4254
3975
7118
760
5560
3638
121
1900
