5833
5971
6123
7699
6755
2256
3805
332
4089
7508
2005
6583
6237
5713
6742
1280
2796
5869
944
2215
2088
1871
5743
2968
7036
5415
6197
1513
2695
371
7486
4288
4123
3175
4970
6343
680
5088
7772
3157
4939
7100
5417
455
2260
565
7089
5072
5920
2805
3118
159
7780
5009
3799
7368
1164
5748
6142
2933
4422
7232
2114
7121
5897
3416
1683
7087
984
5438
3332
7088
1355
7309
2413
7755
7615
5281
3592
4051
2861
6398
3720
343
3504
510
1866
4102
6779
7976
4976
1787
5290
4040
1287
5124
4820
5684
1209
7228
1381
3325
1788
7231
4255
4793
1675
5890
3486
6220
4609
6053
4326
6822
5590
2085
3887
3870
5954
6359
825
365
4428
1758
6270
1813
7716
2707
3286
5827
6475
7371
394
1631
5421
7411
5022
6096
2916
5097
6415
2691
5841
1638
5507
2589
1132
3510
2661
4077
7766
4691
3054
5568
5115
6128
2262
5437
1299
2630
3965
3129
4313
2387
495
91
6487
7404
2871
2389
5195
3468
849
2171
4358
6612
700
2855
6329
4467
7803
625
4968
7614
3424
4276
6244
1157
4548
3639
7514
945
5483
233
4028
7454
3821
2571
2207
6935
1728
2374
3103
7363
3556
7290
382
1094
964
6069
848
171
941
6747
185
5898
5238
6817
3290
1929
1999
4022
135
5301
1414
2663
6545
7943
5526
951
5459
327
2753
3155
6647
5285
1847
1740
7323
6106
956
2
6812
5409
3515
4326
6458
7135
5640
6190
206
5917
6976
3884
2343
7683
3402
4946
3158
2621
6042
1390
7112
7926
7380
7682
7771
2066
6651
6381
3094
2594
1510
1234
2380
3229
3803
7282
287
2357
2246
7468
2894
5112
2572
7441
3058
4658
3363
156
6110
1948
5574
1122
4570
1740
3894
7582
7835
2524
7361
4313
5392
2572
1417
5847
3238
3585
497
3087
5205
3812
1733
1938
5748
6094
1547
2795
7813
142
4525
2307
4741
5185
4862
5364
2363
5947
1037
2096
813
4505
3226
6916
6374
933
1220
2431
5076
6176
6429
7366
7913
2914
5104
4866
5877
1414
5511
7609
729
4207
3674
6182
4435
482
6508
3751
21
137
5590
5420
6507
1762
7641
1599
5938
4888
1483
38
3701
1830
1382
1388
3035
5882
4420
1568
4843
5703
1963
6148
1897
6349
4702
2076
2247
1102
2432
3489
806
1377
6165
5265
4438
7427
6870
7520
3147
7809
4573
5047
7200
1778
481
6031
4440
2056
6174
873
3672
4169
7230
2793
4453
6396
1703
2402
7550
1982
7122
3719
6070
59
8
3370
5163
5589
551
682
7839
6319
720
95
1568
2224
7766
2839
1944
3821
662
2354
4167
2834
6715
3833
2923
5766
6108
3066
259
1715
2705
2499
6952
4051
7597
844
5420
1465
527
364
289
2409
2092
3664
7330
2575
1016
4325
315
5253
2934
6280
656
3448
1562
6845
6348
591
1842
1613
2330
7334
1359
4167
6743
3163
7095
68
6124
4878
7666
7325
5777
2974
482
7383
2991
2646
3240
6012
7451
1070
2424
3540
835
3030
2560
5186
7344
1756
2416
2608
16
6664
4602
5509
1768
2896
1449
6749
1714
3542
6655
2759
2915
680
34
1972
1201
7476
5471
558
7762
1156
1772
6140
7205
3171
2223
281
7885
6706
875
3514
6636
6822
1014
5088
2548
7415
4782
3646
4236
1329
3966
5012
5515
6219
5998
5268
4682
2609
461
4632
544
2602
6746
3842
5752
7802
952
1591
3485
6424
5539
6756
4468
1164
4420
1902
6115
1090
5237
5015
724
5906
3517
4054
3381
4665
2755
5823
1108
373
4185
6865
839
5469
6662
3241
302
7014
166
7674
3097
6511
5418
6373
2382
7145
4180
5394
5458
442
2234
1819
2214
7228
7250
2907
2491
7553
6346
4254
5264
608
504
7878
6746
1355
2645
3494
3471
697
7090
7583
251
3581
940
4781
1899
1977
1663
7194
6964
3819
6832
3833
423
7482
2615
2215
2628
7222
3184
1450
6330
5910
6154
2849
4377
5800
7305
3348
7435
1963
4581
6319
6899
2994
1858
2667
6087
5327
6346
2560
5363
6081
1568
6230
6228
844
4811
6176
2844
6308
7509
5799
936
3949
562
3898
501
6182
7229
7712
4137
835
2741
7107
2845
6525
2222
7627
4990
1567
3635
2758
3030
3222
7087
7239
1799
1100
4468
5043
587
5457
7863
4432
7812
5628
3054
3611
2046
37
6959
5811
6591
3437
4794
1056
7335
908
2450
4840
7663
527
7998
4250
3940
1288
7703
6788
5120
418
826
3696
5625
7259
3805
1039
5720
7740
2636
1468
7501
6713
4908
4054
5518
5863
4652
341
6659
4155
3092
5930
2316
2035
3865
4445
6769
2377
2493
7236
4260
6388
4018
7793
888
105
1736
4547
1796
970
4605
5134
5372
5885
7970
6534
7118
4581
5442
3235
2860
2167
7699
873
4066
2422
2580
2037
5197
6046
3904
1058
960
3454
289
1112
1601
241
6317
4999
3833
7859
3694
4446
6217
7976
1362
7192
5082
705
1059
4815
5322
5142
3441
5500
7562
2121
1008
3345
651
3629
505
7548
3899
1013
6748
5158
7174
3048
2458
34
6897
921
2587
7846
7583
5083
7321
5981
4234
2298
2078
2371
130
3238
2811
3148
5706
1769
5635
7453
446
7727
3069
3284
5902
2033
4239
2472
5852
6093
618
402
7179
4292
2686
7057
3501
2837
6792
374
1954
4446
514
6243
6141
5498
802
7157
3800
7290
2098
3919
4005
7555
2240
7618
304
6152
2665
3352
3453
6624
6132
3106
4865
6096
7574
4783
5460
1179
5834
7153
5566
706
2610
6182
5836
7777
944
781
423
6915
1652
2187
4871
2314
6745
3161
945
4932
2746
2971
7103
5328
813
2014
7378
936
3314
4178
4110
4709
7908
7876
7118
161
702
7062
676
2865
1813
7326
5873
1004
5539
3990
310
2897
2199
7914
7458
1798
2375
5239
1531
4206
5590
5515
5383
4198
7358
4789
850
5051
297
3235
124
853
4431
638
1486
6101
6735
1358
7201
1666
5825
6053
5150
5768
4104
842
3917
2346
5000
6986
579
6314
7509
3962
3591
536
404
7939
4620
5929
4788
6347
717
1860
3975
385
229
1048
2299
1564
5843
103
657
3914
5397
1535
2723
1772
5369
6980
6275
838
7475
7628
2243
217
3356
6908
930
3087
4659
3739
2946
5464
7062
7138
3718
1906
1043
2375
5533
7866
5788
4360
1026
5859
7310
973
5510
2549
2809
7135
3835
2174
6052
7499
2386
5456
6388
4995
3875
2881
6253
7846
4673
3082
3584
790
5636
710
2332
6566
318
7126
5825
1180
1004
1811
6986
6245
4427
2060
700
825
5833
7982
1737
818
2052
1375
7033
1387
6438
3975
86
3231
3456
4661
7748
2881
3263
2720
4153
7101
6980
2534
6115
5206
852
4519
1831
7344
5764
5079
3070
194
5114
4347
1894
1219
420
3302
205
7206
7406
6219
1830
4731
5763
2571
4461
1508
7666
5592
3405
7780
3194
48
1551
2959
801
4880
4192
4629
5619
4328
5894
6237
6991
2212
4549
6866
4519
5831
2562
7218
160
4818
743
4184
6689
7845
4716
5818
7358
5298
932
2938
2261
5753
3553
6812
897
1214
6120
2748
6184
1711
6362
3565
5000
2627
6700
3722
649
7996
5015
4642
6465
2548
6672
3431
5630
2721
872
4407
5058
6041
3302
4475
4543
5424
669
1301
6327
5234
7370
131
7167
4740
3424
6197
843
4195
4212
7503
6335
2710
2849
4307
1878
5402
5615
4794
5714
387
2665
1185
2893
3535
2139
890
6767
5507
7151
7552
4925
1265
6309
1152
6670
3107
6246
2381
2908
5024
2776
3383
6898
6883
4823
4467
1838
3575
7551
1812
1459
2143
252
3374
1266
3247
3626
5666
3674
3574
7180
4237
7597
5140
944
7862
6373
3849
874
7844
5628
6100
623
5804
3671
7999
7214
6974
811
2936
7892
4051
5077
1793
7228
2495
1893
6374
4002
1470
1727
5768
2454
2645
3687
3657
1656
2923
1031
1877
626
4399
3011
1041
6757
1596
4926
4640
674
4760
3856
4608
7863
7831
6627
218
6383
4891
5555
4786
2610
7988
3225
285
7830
7377
3152
2237
5743
5301
788
6741
7534
3003
6040
7540
4730
733
7390
5095
797
4951
6022
2807
4873
3276
2732
1700
6134
6463
6339
4947
4328
3207
4867
5947
6859
4408
7340
2208
2402
436
4475
7424
4873
4224
3473
4194
5287
3409
2934
3461
1657
6910
7936
2372
1430
2056
2309
2943
6284
2675
6808
3942
7889
1727
5559
6397
2353
3355
2889
6772
1089
4228
4152
3543
1209
5405
3290
2629
4558
1986
5985
2226
4933
2670
3967
4036
2223
6699
7127
7498
5669
2585
2526
3423
7566
2804
4664
5770
2926
2448
318
1751
4977
2045
1686
687
216
661
4623
4591
476
325
3488
4839
4740
1189
2469
6243
4014
5703
4478
5542
2972
5778
5531
663
7856
2140
1872
3882
662
7730
3536
7943
6614
365
1039
1285
7672
7148
90
4484
2105
4105
135
480
129
6423
5901
3997
2575
3848
5125
6063
1757
7819
4322
1801
5812
6537
7167
5413
6527
4705
2338
3964
5583
7126
2189
4456
584
6359
1353
1932
1611
3079
6178
4337
5645
1797
2656
5680
1210
4582
5345
2178
3286
5148
5849
7416
7427
912
5969
3565
4652
6217
1874
788
7224
1419
3971
1452
3042
6404
3360
2114
1981
4593
4981
7435
1615
200
361
5515
3953
4202
1999
1244
5971
154
7335
3173
1428
517
1052
971
4797
5350
5839
6513
1341
5815
5414
210
5240
1692
1908
4303
4375
4687
6721
4422
5994
1874
6266
6178
7045
673
2577
438
2711
5506
526
1349
2972
6205
7308
7322
5535
5572
222
6997
1544
7806
1983
1775
5327
2483
3776
674
1214
4538
1114
5136
4395
6192
2069
2889
475
120
2664
4249
7934
759
2343
5952
3395
4547
3132
5207
6674
5276
143
5173
7071
4786
1477
4234
4081
5453
1409
1130
3447
3245
4199
4399
3272
1803
4952
2754
6438
5528
4603
258
4744
5059
4536
2064
3175
1810
4012
5125
5133
1721
6352
4848
662
6630
3899
7458
4233
1343
7954
1857
4579
2070
4889
21
1321
6044
7565
2850
2488
4175
2955
149
7640
6930
31
6995
798
4239
4837
1303
6698
5954
6914
546
286
3895
1769
1165
597
7384
3000
6254
7627
5829
5430
3890
3013
6837
4504
2214
6123
1047
5798
1792
2951
2482
208
7345
2533
2518
4371
3374
2596
3622
7580
552
642
7180
6893
2920
5463
5153
2875
1377
5682
323
5462
1730
3916
5991
967
4073
2059
82
1310
4602
127
6497
2391
5043
2440
6930
2166
2475
7759
3049
2449
2795
1457
4126
5656
1035
2837
6241
1338
6142
3917
541
4195
3356
3959
7463
6847
5048
5544
7226
152
5275
5263
6816
4346
2357
1017
4445
6206
2466
4387
5633
7844
6618
6858
4122
885
7406
2148
6580
3660
5786
7210
5827
5871
1359
4461
7868
2906
3550
5592
4669
4363
840
5232
4284
5358
3227
4435
6665
7764
4833
2777
7678
4012
1799
7373
1759
3502
2666
2438
3309
5915
4831
1703
70
6304
2222
3819
6390
7008
615
5831
5641
7685
7519
2196
4842
392
2830
4307
2523
1001
3277
5104
1451
5254
4908
143
3092
5157
138
6496
707
311
2270
5784
488
419
3188
2366
4197
5012
3916
6742
614
5467
3228
5946
3128
1340
3750
6797
5029
3643
600
6367
149
1152
7538
5402
2154
5326
4336
4126
1277
7281
2124
1025
694
7878
6916
2266
1953
4339
1072
6754
4199
3770
1452
2299
1558
4287
7619
7693
2995
5926
7697
1077
51
1584
4021
6541
445
29
7319
3256
5084
4161
1423
1543
2568
1851
2116
3703
2458
2382
4242
4984
2281
7180
1262
6352
6637
4568
498
3600
5095
1487
7344
2181
6757
3161
4401
7838
4337
864
5705
1421
2265
6632
459
3077
3223
6055
2654
838
7865
5260
4062
5745
3804
2385
5529
2153
5708
256
6998
1711
1515
6083
1188
5638
5929
6352
4737
2957
1370
6322
1689
1684
2595
3188
5620
4136
5164
7087
3285
5829
6210
2500
5550
6615
7005
5902
954
3630
1981
3226
940
5362
3176
707
1056
1010
5483
4591
3049
120
6254
6968
1843
7102
2284
6648
7334
2875
2076
1159
4975
4960
2702
123
3506
3207
5184
2596
2148
2334
6403
6133
135
3
3954
6673
3297
2594
5881
4029
1710
6202
215
3112
7355
6099
1863
3193
4155
3252
4219
3442
7378
5758
7071
3634
6131
3643
3996
4778
741
6042
1449
3992
6054
5734
2711
6389
1168
1479
6007
138
7683
2167
2770
3529
6799
3206
633
4645
4957
6616
7276
3827
7615
6813
3976
954
2969
5474
1523
2435
6844
4610
3480
3232
6563
804
5367
2370
2495
7048
7419
858
1691
7997
1960
5925
3136
3456
6409
1500
5090
4814
2489
865
362
152
955
990
6972
737
3232
825
4838
6300
1088
463
1081
1176
7774
87
7446
4342
5691
1062
2505
517
2212
3512
2091
390
145
972
3419
3716
3151
7366
94
610
829
3345
5365
4540
6038
1432
5011
257
6662
2728
5756
5775
1984
5033
4102
7826
1753
6998
4130
6004
2650
7707
4973
7898
6021
631
1314
7631
6876
4467
7981
7950
1037
1514
2729
2552
2952
1519
1034
1920
4626
2738
2352
5480
4594
4941
2728
7095
6603
5650
1752
7361
4934
354
5797
343
6665
7695
376
5756
7856
4852
2889
2988
5117
33
4257
4182
6452
4477
62
63
6781
1947
4560
2696
6383
4316
923
4068
5661
1504
5844
7243
2658
6939
7637
4469
735
4086
3656
5773
2424
1202
5562
6853
5876
3443
3220
2561
5690
7439
1706
5548
290
586
4549
6688
609
4582
2625
1575
1642
1151
7126
7889
6715
1841
3826
1140
5147
492
7604
3639
5878
6032
7237
3549
1335
5453
1326
2792
2301
6845
4863
4333
629
6263
1871
5257
2455
2856
6932
1752
2589
4899
4214
3250
6584
3611
4449
2303
960
1673
6766
4341
2738
410
3413
476
504
5122
5475
4414
3086
6353
2185
7965
2513
4947
636
6327
7578
1426
7300
7030
3687
3554
1299
2408
7977
7918
7245
5686
1040
6449
1066
6781
7512
1395
2366
1080
1414
7644
1362
781
958
6959
3056
7418
1442
2164
581
7135
2701
4440
7556
5225
3297
3921
4343
2157
1564
4165
5283
7324
7792
3755
4870
4891
5120
5176
6846
5564
7007
4487
3544
1456
5567
1683
166
4989
6818
4744
7364
2105
7884
4873
7542
4627
5279
6882
5720
6239
1318
619
791
5643
2594
2476
2232
2005
671
4060
2768
2394
7163
442
1269
2738
4845
5805
3442
6168
7492
277
2313
51
5021
4206
5560
5188
6876
4166
4908
7371
3866
4906
3989
2049
2135
6976
5144
1099
3995
1722
5950
4169
6204
170
4341
4878
3498
1749
4072
2710
4564
4448
5941
7863
1737
6646
1934
2416
7259
470
1399
7018
3299
5703
5373
7185
3094
6418
2056
2224
5077
5416
4183
1791
7103
3141
2688
5448
3149
6461
2139
7283
2325
3033
3293
7673
2931
1179
7113
2060
6386
598
4356
3267
5603
4567
3836
7036
949
4635
1560
4895
6358
5828
1744
3070
1687
4331
4688
5174
1985
6232
4306
1845
7618
5934
7485
5376
310
2954
2939
3857
5067
295
4775
6372
5569
3761
1166
2444
3993
561
5091
4093
5426
5462
5235
6710
1992
3551
2885
5009
1348
7672
3592
5906
2769
4898
7894
2555
6966
1532
3809
3516
3611
42
1870
77
584
5921
4329
3328
97
5630
2578
7426
1329
7181
3443
650
150
6308
1621
163
4971
537
7361
2450
1405
6514
1565
2683
3248
467
4941
6314
5992
809
7047
3909
3964
927
5050
2956
5284
7367
3418
3190
1867
652
2073
1391
1763
3923
4424
2995
3576
6551
5949
3570
3492
2701
5342
5255
325
5256
3766
4889
6609
7145
4780
5976
564
3628
7090
258
2219
1773
4304
3758
5455
3677
7173
1357
7546
1401
7854
4290
6912
422
4149
1692
6815
2729
1342
6775
3964
2398
4418
1041
119
661
7671
3640
352
6280
6948
4616
3110
6206
6225
1492
4163
1277
2229
6076
2221
493
3518
6717
680
903
7320
4696
502
3778
7293
5741
1217
6577
3669
1385
1365
5111
3022
6381
4335
853
5950
3869
7169
2462
203
5553
4371
6441
1936
1325
1713
4378
876
1849
4035
7925
1859
1981
7576
1476
1185
5593
4020
2149
3413
7531
1135
1425
2183
2627
7277
2052
4994
2930
1361
6625
5928
69
649
5861
5400
7326
4139
960
3710
4344
6256
6567
1402
5553
6777
676
3372
1704
7855
5148
623
1089
176
1877
950
7887
7688
3690
1061
357
1075
3971
1970
1077
2992
3470
2102
328
5306
424
4750
1832
4600
7785
3974
2925
1022
2346
846
1904
3582
4051
5380
7828
2559
7071
1706
7530
1213
272
4894
6071
1496
869
1165
881
7359
6888
6693
5370
1254
8000
3180
3338
1389
2041
2455
7782
6785
2436
7425
6297
726
6718
6135
4733
5119
7039
3184
2734
4227
7771
4126
5995
5573
4572
4682
2463
5454
2108
6181
1446
126
6748
3459
2134
1132
2047
4148
2883
2763
7258
3214
7926
4347
7960
286
77
5510
4547
5922
6696
2962
5411
1068
7892
5251
6854
3226
272
6726
2564
2046
2817
1469
779
4673
3007
7465
3014
4261
2261
3114
1549
942
7780
2708
1273
4459
507
6945
7241
1556
4593
5103
5418
4887
531
1687
6169
3859
5235
1582
6061
1381
4259
2692
4601
1776
1948
5240
2699
2929
1464
1232
6032
1098
5974
7751
2736
6235
4780
2293
2026
1365
4548
5093
2321
2748
7247
1046
7161
7151
2664
7805
2603
3104
3574
7895
3725
4789
5238
5366
3147
5931
4143
2771
4714
1806
2565
3894
5042
4969
3870
1771
4207
7851
3441
1590
3527
885
7529
7183
7777
6424
2183
3716
2799
1920
1173
4070
3418
1878
2910
6929
6267
2972
6121
1878
7173
3676
1970
6134
467
7946
7998
2736
4381
2357
1628
3952
6300
6408
6939
6599
6336
4241
1280
5118
4053
4832
3365
3312
2345
3292
3441
1360
2117
5082
7056
6145
1616
4275
5247
6173
3118
7690
425
2786
671
395
738
905
1076
6446
1983
6167
6846
898
1767
604
5797
4962
5924
6872
1680
3796
660
7106
5795
2067
7450
4781
509
4907
2626
2029
420
4737
5492
7279
1091
2815
6875
5289
2812
6224
244
4095
6120
1454
4130
901
4651
4680
5254
1669
4194
6260
340
4140
1690
4965
5695
1026
6063
89
1837
5284
998
1887
2955
5819
2308
5760
5823
6889
5976
7720
5815
3075
2095
1981
1728
6879
3294
5603
735
3556
5533
2701
5131
2318
2171
7482
869
987
5822
6011
3294
6599
2897
1353
918
6652
4427
7437
882
958
3358
5336
6851
3108
6047
4136
5459
4343
1956
3890
1026
1497
7836
4146
7222
152
3530
5773
7192
2834
74
6768
596
703
2173
137
891
6891
7552
2074
5399
4787
4348
759
792
1933
3931
7251
7048
6802
1867
7948
4659
7719
6200
508
779
1955
3630
1160
3209
2225
885
6668
6404
5027
2554
5914
1573
3686
248
4364
2900
3734
2926
3434
6772
6842
6135
3718
7769
685
6019
4325
5916
4665
7774
97
467
4303
326
5981
7133
1713
2601
6031
4075
70
4614
3889
6729
3188
3682
557
3949
852
2898
2785
1973
6757
7319
1508
7985
892
2163
1374
5753
2086
1331
7877
2749
189
7529
5191
106
2221
7590
6492
5993
2393
7871
5611
7199
176
2019
3129
7814
812
6823
4121
1152
7800
1458
5254
3172
771
3370
1312
1251
112
2804
3643
7338
3033
6043
1051
1465
2030
23
7574
7355
7525
3368
7373
1144
2450
2094
7226
1310
1324
1531
3597
1199
7374
3158
7917
5099
5368
2832
7486
7779
4378
1445
7835
7145
5962
4660
6967
7694
6773
3276
3354
94
2465
2815
2645
4222
4636
6066
5272
2744
1631
1248
5202
852
6458
6829
2875
992
3763
4257
5954
7434
5036
4609
6176
2595
5015
2822
3509
5040
7026
4120
6422
2194
2357
5257
1488
3606
739
3628
106
2293
3601
7277
7078
4757
7000
7402
6538
7941
6424
7601
4510
2617
6634
2941
4847
4969
3317
6478
1525
6851
7566
3091
2406
1647
7701
1642
398
6867
5304
7438
3708
6037
269
2461
416
3946
1187
4758
7137
6592
4164
6479
659
3417
2069
2277
658
1846
2462
3194
2827
1854
5995
2544
2273
4603
2433
723
4079
7423
5342
1520
2438
3179
426
6064
6249
1439
7358
6270
2548
2123
6589
5288
4647
4026
1475
6295
3994
7095
6377
1578
5010
5914
5287
3380
7127
7987
1450
4767
5738
6150
4528
4358
5960
4947
274
1208
6164
4821
4485
2349
3383
3681
6831
526
3832
2832
4298
4137
7804
277
7098
5437
2653
7933
934
363
5952
2388
5057
2788
4730
2511
1143
4839
501
3919
5657
2939
191
5245
4693
1102
6471
425
6851
4950
5107
4275
5764
5628
4418
3920
3138
1041
7745
985
2567
6300
6844
3751
5087
912
4028
1409
4853
5157
4969
173
3584
683
776
3383
1109
4208
2403
4624
2235
1804
6816
35
3865
833
6179
5559
3079
729
3686
4022
5910
787
1189
3109
5816
245
5557
495
433
2385
492
4969
6184
528
1634
7431
5531
6526
4264
958
242
7963
549
2502
5632
5154
7839
7427
1754
2893
5342
767
2405
6890
6054
7126
6429
32
1165
1268
7567
4227
4651
7085
480
7281
7133
7129
5477
5900
6849
677
3524
6055
1653
4942
3297
4530
1742
362
163
4692
6605
7025
5876
1613
7129
2968
3737
4353
1530
2280
7737
3619
6610
4697
1170
5631
5104
372
5504
951
6577
5068
6924
141
3104
3688
4787
3215
3253
4032
2478
2723
3621
6568
2817
3360
6994
3949
852
5401
1387
645
5595
1073
3544
256
2444
308
5915
4109
7816
903
5507
6346
4558
1697
6032
1819
671
2397
279
4942
911
2925
4165
1276
1392
7861
4187
5445
1550
6968
7082
3691
6114
1701
5176
2901
3490
4073
2047
6315
5934
100
5764
3499
2555
6290
5607
5913
6331
1795
5615
5768
2098
4608
5016
6884
5691
3240
2013
7548
2121
4706
5711
231
1848
5732
5617
6875
5526
6447
7805
2146
651
5666
6744
97
969
1708
5779
6728
7907
4596
5815
3416
1829
7984
6057
3849
4977
5337
1880
5487
1840
7184
5521
4674
1693
2906
3168
2651
672
1807
2150
1462
379
3048
5475
7073
4570
7952
4900
6282
6492
248
6052
5870
6693
698
551
5513
3055
5123
1003
7909
5817
7582
4639
6444
3869
4209
6998
2856
7363
7346
2315
2447
5548
132
1464
5007
3348
3350
2505
4141
5654
4743
2776
4523
5638
7704
7623
3302
805
3966
5124
2026
3381
2314
7476
4187
718
4386
1509
3752
820
788
2752
6065
6382
1756
7867
6744
7520
2772
4712
7949
882
4713
6365
2395
1983
5382
7521
2874
865
741
1405
5471
5114
2812
1953
1727
6013
544
4885
64
2329
1257
6924
3996
3713
5713
2924
539
15
279
1992
5823
4899
4427
5457
1500
4992
1572
6895
971
5712
3955
2370
4462
7146
801
1290
1339
1457
2275
3643
1431
946
1406
529
2888
5658
2732
6163
3044
6698
3623
2788
1871
6520
4476
435
5708
6272
5226
1567
1652
1148
1701
6115
3673
180
1357
4869
3845
4634
2807
4313
1642
7233
1481
4944
4864
2263
2188
616
2599
2572
3779
4395
3499
4218
5630
4925
7357
3764
7833
2178
1531
2702
453
7357
7587
72
4672
5404
3538
7663
3157
2390
6692
7354
4926
1157
3523
2266
1024
1695
3543
1386
2990
6285
1422
2435
1308
7444
6971
6972
1300
2988
5485
1525
3467
5207
1201
3348
6903
2232
2937
7689
503
6841
227
4168
376
2465
4929
1372
5289
1901
1024
2631
1658
2419
3692
652
3327
1829
2606
912
5333
1231
1975
41
1195
3990
3309
940
4673
5139
2776
5363
4821
5591
5303
1466
5505
2218
4317
903
3077
3868
4466
2015
894
3836
1766
4192
3047
6976
780
1469
7506
1014
1627
5378
7026
4375
3598
3058
2279
2964
4624
4137
4167
1781
4015
3736
6727
3030
7904
449
3971
7734
553
7488
2968
7392
5250
4903
4870
2419
6194
1474
168
7560
2155
5498
5099
3988
1332
2104
7290
3094
6669
4995
6307
3171
5182
7297
7309
4781
2981
3423
230
3910
6244
1316
7864
3322
1526
5002
6897
3067
6876
1829
2780
3570
3974
435
7203
5796
480
7841
6187
594
2477
2105
4942
5711
7784
5670
1857
2937
3577
3644
200
266
5936
5647
6607
7535
621
3938
3604
1149
6456
192
7658
1873
1234
2633
5620
1036
3623
4808
7188
1012
1534
4091
4417
4469
3571
3093
1833
7960
545
2
5890
4308
457
597
6178
987
2767
108
6922
1562
5853
922
461
3199
7224
681
426
7682
5883
4366
5017
2037
4862
6183
781
2776
7107
6842
2565
6599
4001
2723
1009
4721
2553
2731
125
640
3325
6576
5722
6640
720
3272
5324
7813
3746
5447
2712
4585
3273
23
1206
2039
5675
7104
6487
7769
120
5019
1720
5109
3563
2582
549
2162
1249
248
7105
7291
3595
3074
2029
2746
3085
321
5342
6860
7460
5215
1461
5229
998
6222
5470
4678
2945
2735
2135
5248
4075
6693
2275
7296
3027
727
1631
5423
4565
7655
2233
1584
5891
4091
7469
3646
2359
4592
7098
7644
981
1168
5170
6228
3796
6979
7569
5339
5764
3343
1515
7148
1404
6465
3238
2176
3479
6601
474
60
3531
437
6165
2722
6165
7563
6736
2055
3752
2858
4674
2985
603
6024
2175
3587
4417
6255
1965
384
2877
4239
1788
4933
633
1826
7017
5537
2589
6033
6002
6890
2056
1006
3301
1356
7956
4315
5412
7139
7457
1570
4217
6318
7022
1280
5257
3325
3227
1052
2285
2779
352
7077
6880
4926
4127
3336
4471
5748
6471
3897
234
1117
7921
4659
4833
2362
3379
2496
5017
3456
1994
2459
1178
5164
4918
170
1582
1691
4656
947
5792
4039
4655
7395
5302
4564
344
2337
2454
7022
2933
1200
6922
2345
3728
5846
2588
1223
4648
6118
6087
5448
1370
5548
3678
3720
5416
4632
3983
1655
3691
6840
3481
5970
3839
2142
384
3880
2069
393
254
2717
7885
4677
2292
2707
5088
923
5511
625
6171
6622
6610
4806
2614
7294
4159
7082
1338
790
2156
2177
2880
656
6034
6157
2390
2674
7442
3509
6149
7855
6012
7140
1589
2534
5586
4116
7930
496
568
7981
959
1233
6740
7828
213
2232
4613
4185
7008
5610
6804
1866
3822
898
4283
1331
425
1798
2170
554
3518
6085
1580
6656
3577
2394
6687
5559
2708
5055
3147
4853
5324
5493
5695
4840
323
7736
2875
7699
246
5456
6573
189
3584
113
1473
7766
6131
2019
5822
6729
4611
6765
803
4924
1710
5102
7561
657
1273
7593
94
6711
5884
1481
7145
827
708
4778
7179
2322
4721
7119
6384
1485
6096
7
1646
5441
2513
1253
7839
2053
1309
766
3115
2552
4879
2127
3787
3445
5479
181
1830
7820
175
6119
5962
6428
1057
1962
1861
5957
988
7031
879
3744
3193
7917
7320
334
4683
1435
7015
6893
2074
5595
4558
1068
3598
5280
2285
4446
7254
2135
4400
3311
2947
2338
5497
1154
3217
7693
5568
5467
4571
1775
4654
3497
2731
3908
7213
1474
4610
1510
6493
4772
3670
4977
7393
6992
3287
2551
4003
7203
797
417
6883
3
477
2856
4701
4337
1495
2459
4427
6478
3023
4271
5722
3501
5958
3810
967
6157
2085
5912
6982
5674
3084
2435
1818
5409
3284
4054
2098
3182
6026
7756
5367
4754
1813
7174
616
4754
2100
3716
7448
3735
5770
2824
5373
4032
6433
3989
5482
681
7394
5198
4610
2765
1665
2984
2795
7925
133
1998
6062
6616
7893
5771
7943
2444
2180
7619
4737
4733
4555
947
2355
3140
2564
7860
426
1279
6974
3684
1771
870
7474
6078
4038
3415
7363
5256
1868
7070
2678
2465
5285
165
4850
3442
3339
6576
2471
1067
1103
5198
1992
7032
1183
4585
548
3371
4342
2691
3179
4656
783
1102
7655
3413
78
3724
5891
2005
6841
6530
3331
5955
6608
3628
7835
3092
7742
3126
6017
2254
7479
6089
5905
5698
2797
17
328
3870
6294
7250
2922
5749
5715
5235
4326
3172
598
3095
3835
2608
4046
5582
1794
1849
3915
6306
3120
1711
7564
4419
2607
2671
290
7610
641
1528
4028
5938
4815
1006
1730
201
7695
4437
5179
6893
205
3434
1605
6415
1522
4646
7002
3247
5964
2323
3968
7330
2288
3248
2973
5348
6276
850
7006
6302
3952
2216
7111
7806
5521
7558
1696
3161
7307
2747
7343
6050
6980
3599
5652
7725
1562
376
5301
4452
5200
795
110
5664
122
4783
3442
5065
5937
7207
1472
2348
3543
6386
4992
1370
1365
3616
2116
2882
5151
6626
3795
947
2589
5821
1853
3215
7722
1605
7541
183
4368
5902
6357
2140
2762
452
211
6905
5698
1738
2952
1098
6673
2121
3579
1292
7517
3989
7652
1596
2505
648
221
3330
6282
4866
7892
6324
3622
2767
5413
6697
535
7903
6851
3894
258
4447
7232
6614
2987
3285
1394
2399
2678
699
2099
4371
7344
2192
5220
7632
4434
6055
1537
4516
4078
3900
3214
286
7372
1377
4084
2672
1001
7036
5760
6634
7463
6574
4197
3368
1361
5877
6165
2617
2261
6024
789
1233
1234
5257
7116
3980
2493
990
1885
4004
4334
7437
4924
1225
4506
4723
4945
769
1203
3307
4697
7625
772
1254
863
1522
187
4257
5770
5822
3541
6666
3393
1729
5517
4432
6332
4321
5257
1986
3574
1794
6027
2802
1839
288
1289
2235
7637
4841
1795
4886
228
5174
2358
2897
609
2542
5603
6181
1342
635
736
5877
1059
7488
7729
2091
934
1123
954
297
2225
6280
7030
1260
6193
3745
781
2430
1839
5425
2794
3029
3179
2127
5848
7344
1673
4148
6179
5767
1095
6295
1238
5213
441
2163
5384
4927
1538
3259
5069
2268
7791
4142
6747
1930
4354
4659
3872
7776
