3807
3165
3941
1590
6565
921
3052
7489
2590
7599
5167
5696
6776
5777
2886
7557
7189
7944
2766
7659
4015
4271
788
5423
7728
1978
3338
4578
5798
603
6771
345
390
1005
6705
7371
6468
1058
713
7326
5738
5627
5030
7019
5754
2325
6574
5520
7158
2216
1205
4254
5172
6066
5061
350
6213
7948
893
3906
7788
5325
3352
6815
4739
7839
1487
2199
3644
1085
2987
4078
3762
1702
520
7220
4301
7614
667
5183
376
328
4984
2406
7811
296
2905
5329
442
6213
2010
4385
3627
5643
6884
5175
2242
1148
5491
5542
2289
7540
777
848
6781
5441
4550
7517
4573
1918
5305
1418
1666
3483
5014
1865
4788
7071
1906
7991
1982
7532
577
3851
7541
3972
1984
1048
3462
870
6952
5662
7959
381
3151
6547
1569
6614
7289
964
3537
4241
2469
4541
338
7249
63
232
3891
4702
7697
1762
3287
4086
7861
2778
5762
861
5752
6260
5840
1195
1358
1353
1070
3029
5434
6088
6201
1158
6780
4890
2808
7772
4329
7858
2396
6914
3077
716
2509
3024
555
2988
6922
7247
1425
877
3955
5816
6913
4953
4894
3621
4950
4298
4527
2479
5452
7328
6193
2782
1466
3223
5624
3162
5986
5793
4285
3977
3281
405
2918
3008
7109
6790
5000
2850
873
291
4812
5652
7414
2442
7269
1376
134
5911
6067
7244
3835
5762
5715
70
7110
976
6315
7612
881
6076
2710
597
7699
781
764
5264
46
4201
1098
5127
2493
6920
7194
797
4356
3035
4381
5112
5640
6458
4633
5317
1179
4266
4524
3887
998
434
738
2314
5833
3523
4162
5096
1291
7927
5196
5081
5892
1874
3682
7942
184
7038
651
5376
2317
1227
1905
3389
5462
3079
6228
369
6656
2494
1044
2573
3654
399
4584
2252
7004
1632
6631
7196
6385
1591
6571
3492
228
2411
3745
7199
4962
6906
388
7797
766
4674
6970
6316
4054
1561
4853
6047
6716
3254
3035
5514
5901
7848
4298
2813
4370
108
3696
7950
1938
2397
1190
780
3008
1488
742
878
5193
6747
3208
5128
5284
5745
494
6726
3629
1558
5985
1349
5323
6537
4065
2233
1080
5806
5742
6642
5653
5187
2706
1382
148
6265
2343
4988
491
7186
5614
2083
778
7306
100
7079
5377
5109
385
5525
5939
7374
5153
7179
2564
2484
5375
970
1
7663
1176
6542
4957
3491
2820
2497
1799
785
3921
5930
350
6763
3288
7508
6479
6745
6320
7855
1056
3467
1192
1513
2387
4655
1685
6080
3140
5432
1858
1129
4912
3611
1945
3022
6167
3475
7026
6311
3542
5321
6621
3844
4069
1431
1288
7555
1767
6927
2478
1776
3383
386
553
2876
7281
2903
4394
1769
1631
5213
1009
3282
642
6346
833
5902
2082
3336
2241
2505
3354
3812
2101
845
3722
6377
5242
1345
4289
1782
1845
3632
7514
6947
431
5898
1172
793
1013
5615
2592
6234
5046
7062
1692
5306
5384
1284
6109
3607
5686
7151
1595
2481
5456
7912
7652
6466
4827
280
6503
3994
6692
5247
6773
5455
4126
6994
3989
4057
3090
3
3431
1465
2305
2563
617
3918
7106
6867
106
5945
475
6919
4909
7833
3872
2096
6028
238
3282
4965
2265
5434
1397
2468
152
7620
26
5755
7045
3953
1623
4757
7525
3692
1421
164
2763
6876
2266
6877
6533
2976
2707
2233
1496
3294
7305
7270
6089
3228
585
4538
3414
1478
6617
5652
1084
621
7704
772
3135
7440
159
79
3860
3958
3844
5584
3863
6106
7158
5105
3899
3318
2985
1417
6246
955
7930
6480
6023
2241
5089
2745
1812
4785
5041
950
430
7162
2719
7447
5932
4809
3789
7476
5540
5732
3332
5998
6182
4298
6817
1545
1599
5765
298
7345
2189
3695
1981
3688
5
7510
347
3880
3263
5431
4462
1359
7337
6085
2612
6548
4094
2353
3511
7427
7251
2079
680
3744
4212
5041
1242
2260
1187
1974
727
2301
7697
639
5952
1514
2416
2858
6041
7298
2397
6987
4208
7366
4607
5655
783
4888
1176
1486
5417
898
4218
7090
6174
108
6731
3660
1468
2468
1794
6916
7544
528
7344
4912
2160
6073
2411
5582
339
3166
7288
95
3838
1503
5266
6802
3217
7597
5157
1368
3910
803
1591
3225
6384
2748
233
698
1284
1355
3341
6284
6886
6695
5562
3123
7088
812
5380
726
2723
5176
2885
1551
3149
5762
845
1369
1235
4130
957
860
544
1932
6976
1290
5710
4353
7190
7666
1166
423
6085
823
604
7872
7427
6934
6908
6263
2691
2242
6868
5970
2457
3253
3974
6059
2146
361
4960
7645
6472
4094
7433
1651
2568
2154
2704
3658
1153
7825
4389
2023
5155
3622
4613
3747
7013
2200
3958
6794
6143
1174
7143
1088
1833
6991
1413
2428
7793
807
1002
7820
825
738
7035
905
6724
4559
6161
2896
3246
1790
4021
5993
1241
7040
7904
5958
1633
7906
3313
1779
5784
2990
5185
6938
2411
4710
2423
6907
7474
48
2000
1783
3480
4127
7349
198
2464
1459
5477
371
7781
3261
5256
7809
140
3662
3892
5106
7891
7525
6435
2178
2639
4655
7527
462
251
5724
5017
3075
465
3319
61
3938
4345
1395
2724
7251
175
1860
5548
3809
4614
3294
840
1933
3644
4813
5027
2661
865
3449
3033
7855
6635
7015
4038
2215
1355
298
1079
3052
7589
1417
4580
1749
1124
7192
1582
3975
3451
4857
5320
3650
6780
3546
1679
1014
757
6579
4007
1776
3624
2121
4065
6748
1899
3659
270
5183
1556
3588
7865
3896
3267
4112
5274
892
6844
548
7404
3609
4768
2727
3883
2472
4475
592
4388
7512
4845
7398
3192
2464
3860
7016
4410
7668
1818
3153
7916
3445
2493
2732
4875
7953
4610
5503
2848
2152
5103
5085
802
1097
66
1016
2101
6974
6844
2297
5106
3875
6182
3419
2642
1110
7500
1990
3332
1026
48
320
2796
2460
4579
80
6742
7095
4024
2947
1303
4775
345
541
7624
5682
997
7637
3029
1937
6634
5133
129
3742
351
1809
1342
3157
5581
4291
7122
6602
958
1960
5936
1002
4317
7787
357
3750
2595
7156
2450
5408
664
7619
3466
551
7653
3623
2488
2060
730
6423
1130
1943
7168
3054
2602
4889
2804
1851
6182
2912
5237
3382
3672
4040
5321
1322
7155
5371
1036
7608
1885
1363
5171
4720
7360
2644
3363
2183
2671
6581
6053
6219
1111
7359
1859
2937
5281
6296
3174
7289
1252
313
1214
4763
4649
7982
4795
6218
1973
3543
144
940
6470
6463
5253
6946
4848
3895
730
6940
6695
3917
2933
5224
1479
2282
2650
3315
5369
1453
2778
7460
2378
5891
2999
4667
1124
6153
5432
7788
7917
1946
6852
1060
7759
1345
1280
4239
6230
4656
2673
7314
2921
1416
6700
4142
6077
6038
1106
1943
6446
7168
568
6549
2867
1037
135
2330
5605
7044
4266
2399
2171
7672
5062
6679
3968
2965
1016
599
7289
1586
6613
750
5794
1956
6285
4219
1109
774
4239
1538
69
5791
4624
2610
6188
1159
7634
5588
7571
4467
5407
6428
4407
7909
7850
2356
3350
5364
1859
5791
1558
2960
1615
1269
5595
3029
3018
1319
1044
3046
2322
4935
7343
5397
5161
5069
370
3001
5424
7590
6855
3798
4047
3533
5473
6334
382
2440
7983
5189
4195
7635
6290
6215
846
1985
7275
5722
5215
2884
773
5264
6866
6760
3911
7226
3137
1494
7134
3396
3809
7331
7648
410
4320
5458
5375
3645
2921
3942
3135
2292
828
2384
4807
644
7487
3997
308
2760
336
5232
3957
1532
4855
4199
2709
7916
3947
5719
2658
5749
6863
1595
5669
1229
4982
7988
4008
4826
2733
3346
3675
1314
4348
6736
3092
5229
7363
6555
5367
6561
6081
1693
2538
1797
7370
932
4069
601
528
6017
405
1818
6959
698
3866
6010
4517
6216
5967
4232
886
5303
418
3926
6567
304
1103
2414
5081
3315
550
1266
5482
265
7597
5231
4644
361
794
2554
4902
7671
6411
5364
225
7605
5319
7776
6929
3322
754
868
431
2529
5978
5720
1568
1788
3635
7360
3507
2817
7775
2462
1410
4019
2577
4182
3566
3073
1022
7526
1283
810
838
1682
1668
462
6642
5389
4319
1479
6807
602
1262
3299
6214
2160
4397
6858
5129
3429
6361
295
2894
6510
7136
1318
492
6279
2815
5022
4107
4317
1647
3894
2693
5320
5648
3601
7861
258
6319
1644
7978
5386
6737
1026
4688
282
5939
6961
6082
7962
6221
3596
2849
1171
6182
6716
1025
1853
5982
1131
2144
1996
3005
7756
2370
7353
5406
6769
6838
605
5561
2069
1531
867
3897
19
6353
7199
2880
100
5747
5564
1976
5110
1774
785
4068
3571
3685
7965
7326
7148
5853
6231
6274
7262
2468
6161
5262
7113
4933
675
6669
3993
5633
1232
1272
2188
6981
1616
2971
2755
2485
4370
7642
662
3673
4463
4595
1604
985
7580
6258
5152
2272
4
4710
3816
2444
7561
1549
7722
6134
5216
5972
4647
4460
3788
1624
7259
3589
3199
7184
11
2123
3187
5057
177
2562
7002
4616
1489
4927
7594
2253
6332
1037
7241
7979
4402
3106
6341
5853
3430
4053
3920
5491
6849
7894
4427
494
6716
1029
6716
6416
278
4144
6308
1170
3739
5469
7161
7803
1140
6752
6636
5422
666
6873
1714
2679
5671
3077
5879
1354
3260
7083
2388
1059
5406
573
2350
196
2322
3118
3646
6711
6967
3954
6099
218
6202
5316
2264
4718
7883
3391
4230
3932
357
1054
499
5973
149
1623
6770
1065
63
3048
7296
4117
5674
2029
7477
230
4585
814
5934
5059
5196
1988
3086
5104
7327
4559
1526
5263
7414
4897
1318
1097
2011
2279
5860
4788
5127
2145
3801
6832
2095
2185
1732
253
6481
2488
6581
2033
1646
4910
260
158
3926
7172
1572
5964
7202
4725
5816
213
871
6801
7275
5255
3953
5846
5855
7915
2232
6241
6308
3559
1989
7714
1986
2129
7983
4436
5142
3026
561
3061
2029
4628
4608
6974
5071
7613
533
4058
1603
1412
1762
1516
6120
4251
5431
3063
915
1305
5089
5907
6578
934
1340
626
5809
2363
6169
2951
663
2138
3241
748
3603
2375
4237
1827
3
6412
5022
7582
4149
2504
635
4019
2315
1610
5356
3248
4075
469
4331
2863
890
6225
6242
1903
3294
4665
7694
7236
6321
6161
189
7221
2057
2340
6181
6641
3687
2165
4600
1775
2672
4097
3147
4130
1149
2416
6115
4881
5125
7405
5322
7702
4049
1415
3934
5198
5247
3083
980
3840
7674
3807
1689
960
5560
210
784
5836
6094
7493
1698
6661
4408
5562
477
1749
1933
4193
1879
1615
7868
378
7018
1389
78
2171
6117
6838
1536
3491
819
5144
2768
5861
462
5505
5970
7109
1414
4769
3321
4354
7520
178
5997
1623
4165
137
5769
6469
1911
5598
6568
6431
3478
2164
415
7017
1744
3616
4650
3150
1259
5329
1328
5487
6293
7654
5416
2705
1175
4275
7311
5840
2808
375
1962
3851
4691
4832
4505
2156
1832
3015
1328
5120
1048
1238
5848
6112
7317
1313
2413
1725
7686
1065
7666
6625
7258
4925
7458
179
6906
1113
1438
963
2231
2146
7109
431
212
4397
1780
4517
470
3450
3759
5253
1016
4456
2602
3187
5589
5070
7925
5287
484
7468
5275
5632
1379
6113
6986
810
2576
6664
5542
4969
7157
6315
6484
2591
3469
123
2264
3915
2834
5039
5568
1662
3327
5401
2897
3669
618
2421
6032
6429
843
4294
4751
4069
1268
7856
4526
5142
4359
5023
4450
6282
4677
173
389
3678
1721
7819
3838
6002
6306
6503
1851
871
3727
3725
276
5328
1875
7644
1378
1177
6786
4010
2197
1915
1049
2470
4027
1554
5620
1317
4805
77
368
6281
2368
4306
6986
531
3183
6373
5271
150
6757
4299
4216
7768
2352
4084
7420
2529
6213
2136
2913
4997
146
3656
5815
7415
5313
3939
1256
490
4388
1694
7341
7063
7440
649
4318
121
898
5485
2298
1387
3918
4798
936
5649
6202
6311
5511
1844
1808
3602
2321
4388
7214
1808
6805
3271
1589
3721
4170
633
7004
7095
3510
6251
179
5755
3511
1082
4095
7364
2606
3489
3041
5806
4719
6669
4403
1337
3227
7044
4945
129
7580
4355
3780
1555
6502
2081
7015
7116
6673
4786
5371
6329
2081
2118
3218
6465
4295
5577
4524
855
6348
5541
5580
4479
1584
2672
1427
1659
3055
2973
1044
7632
7339
6571
3759
7573
7609
837
2135
1559
785
5421
7964
7023
6244
7802
1080
4977
6315
1776
4682
4050
242
5169
1349
5755
756
7947
1871
6946
5049
5876
4198
105
452
5966
901
3976
7925
811
7548
160
4031
5636
658
6082
1767
4369
7705
6072
3861
2039
4668
1614
4629
6207
321
6252
6206
4570
3444
7165
5978
3506
4919
2503
5559
2211
6428
2426
4380
1597
2234
7940
489
7204
4280
356
863
3172
1085
1589
3288
6987
661
1078
2627
3709
4
5232
6045
7956
6310
4567
4606
755
4521
6291
7414
671
5382
7767
401
4287
2331
7222
1502
7208
1806
7865
108
4543
5022
7234
6163
3204
4599
273
2707
5334
3035
2088
5992
6645
3430
2024
7003
7322
5668
730
6662
7763
7819
526
141
5753
1462
3097
7339
6006
535
2532
6269
7830
7820
553
6163
4868
2835
2185
1515
854
1989
2258
2235
7814
120
5223
7962
4379
4800
739
4307
5480
2019
2269
5909
1954
893
7913
2063
98
5441
944
3858
3448
7015
2463
1449
4279
2114
4804
3464
5519
1294
1659
2597
6216
600
4328
4400
4777
7003
3081
5055
7881
7687
3042
3626
7904
5026
505
5412
5833
854
7155
6590
5347
1617
1691
7335
7203
1807
699
440
4956
5956
6095
7550
3597
5321
7921
1504
7816
222
6883
6246
6341
2275
6693
615
1896
2936
6958
7145
5935
7213
2430
4709
5988
4109
7812
3065
6786
5232
3294
2564
311
3067
6882
1596
3000
963
1412
5787
4363
936
6801
1639
1128
5631
5667
2228
1267
5233
226
2588
3948
3933
4917
3315
2786
5534
4545
7674
6097
5432
6873
2772
4357
2465
3175
2903
700
2426
4149
4875
6080
7580
6072
7905
6435
1044
4792
812
4636
3304
3814
4575
2980
4387
1351
6281
6066
2514
6293
1249
453
1138
4524
2362
6011
7961
6296
5279
7451
6508
5597
3836
4072
6327
4098
1605
1841
2663
4540
7092
1957
2270
6134
7589
1240
1626
3160
5350
1961
4317
2568
7455
7270
2906
7441
5997
4464
3996
7092
4947
6171
2426
6211
3638
4673
7463
3256
2485
6502
7114
1074
1591
7572
2819
1003
6579
6031
6234
4811
5537
3010
1722
4414
1676
4160
6614
5939
7676
6294
3422
4122
2873
3910
2294
1215
5359
7558
3186
1811
6940
6711
5316
5458
5312
4007
283
1140
7780
4935
606
6149
7522
4681
1275
2867
6166
3166
6957
4661
174
7399
6286
434
3345
5047
7971
169
3685
4695
4524
668
7795
1625
3865
2393
2860
2233
4897
5377
3032
7492
1198
7270
7233
4680
3324
7281
3735
6313
6508
5909
2179
5287
7809
258
6289
1346
7933
7720
4858
3366
2431
973
3801
5487
55
5616
4272
637
5338
5164
7518
3969
5380
3775
2807
175
6207
1191
3866
6041
3305
7391
3400
4879
4443
3828
7083
4830
4181
6483
2316
1000
6577
4648
7004
6409
1293
202
4508
2561
6584
4611
6982
1217
1769
3712
2683
5705
5578
4379
5605
7243
6161
3909
4426
6975
4957
3339
5467
193
6687
920
6334
4284
4723
7912
5493
2264
5861
2434
4432
2077
1876
810
4097
5551
4440
638
7862
3540
6232
6717
6801
7768
2043
4835
101
5611
2292
6652
7948
5244
167
6097
7007
1099
3671
5366
3685
3792
6016
284
2622
3791
1792
2682
3118
4253
4370
3638
1091
3129
3484
2244
901
1345
4822
2217
2966
26
6290
7808
1461
7326
5106
6051
3574
4932
4855
1264
1338
4042
4788
2113
7621
4631
2338
7943
2535
7065
751
3459
351
3106
6998
4965
5181
5065
868
5589
6237
2678
7895
4525
2333
3309
328
7522
6590
3793
4767
4543
5051
2167
1830
2711
6497
2937
2917
3154
3421
3807
5668
773
1395
3179
6911
6685
668
2176
1782
6879
2127
1125
4357
1174
1247
4223
7863
2836
3503
6859
6259
4797
4411
3300
3515
1811
1507
1293
7302
2902
4479
5014
2429
6441
1522
6665
162
1728
621
1229
3640
2397
3502
4440
7039
6198
5620
4509
2579
1895
4817
1010
6269
4637
6409
7049
4698
376
5761
5869
1707
741
4304
11
1542
2641
2900
6024
3301
7047
5794
1316
6447
7710
4829
1860
4396
4527
4311
3559
3562
287
7347
6613
1994
3207
6157
7057
1728
7760
1356
2356
261
5060
4968
1443
7629
5308
5157
2498
7892
6081
4116
6713
4868
4134
4077
59
3286
1741
5788
7106
7407
2202
6258
5272
4306
6977
1738
6639
2274
986
1414
7223
5437
5116
6955
479
7548
283
7067
1677
180
7121
6113
6180
7585
668
3968
5600
2556
5497
4851
2338
2946
6614
4542
5030
1269
5774
4746
4700
7227
4423
4104
6573
6968
5530
3618
1439
2296
3535
1280
2601
6516
3323
77
5453
2395
2826
5113
6637
5018
4109
1556
433
3972
5055
972
412
7757
4106
2794
7366
885
4823
3546
7845
5004
7240
2699
2088
5853
1032
7882
120
4126
2559
2030
4656
5802
2731
5834
5862
1609
5317
306
141
7668
1819
1183
7089
6152
723
1578
240
4192
4981
1498
5463
2176
3113
2922
6032
1870
2831
648
3325
3991
1647
6544
4137
1595
3254
2478
7043
2233
2320
1892
412
7090
938
6341
3356
5066
2452
2881
3536
6025
2617
3343
4612
7903
7871
6168
5674
813
1712
5995
1543
5796
694
3941
4500
1644
2800
4275
5947
3218
6215
5991
1125
4163
1901
2310
7386
5277
7158
1856
3269
1372
1720
4645
4715
7536
5118
2460
4052
504
7217
3633
6190
5235
293
1673
5572
743
3516
4104
761
2245
3172
1510
5102
2796
2901
3489
2530
7705
4533
1872
820
5320
5288
3169
563
7683
7156
484
3837
7768
2071
6507
5516
5275
5818
1113
6704
2071
456
6470
3454
7235
3608
3735
3212
3758
3219
7761
2685
4702
6431
2637
3717
7296
3692
375
5620
7775
3881
2886
5984
1506
4778
6036
7721
7978
956
4558
870
6931
1001
2258
2825
5322
7903
657
3971
7738
6724
2406
766
6793
3801
6981
980
5847
1200
1727
4334
2917
7169
5752
5566
2898
1932
6855
5203
613
3530
5816
4664
5249
2209
1101
850
2462
4594
6270
160
1123
2607
4301
7324
1941
6208
4622
7545
3620
7802
6207
5545
4923
7936
7619
3664
2540
3951
4951
4116
178
3288
2837
3146
3109
595
7586
4477
311
4678
1553
485
2990
3867
6841
243
5967
7488
1658
2640
3092
1057
6262
6728
856
339
3895
7272
1501
7440
5901
3337
3664
2833
5647
6816
7978
5103
6244
7030
4225
2838
5602
7497
5075
5593
2359
5977
5687
526
4631
3254
4104
751
5621
2065
169
529
5976
2645
3161
655
7407
5063
3193
5121
4130
4178
1384
5830
6808
4437
2861
3380
1174
2244
6366
1992
7529
2138
7874
7372
7790
6182
6151
4110
6967
1551
4136
1640
4462
927
1291
2317
6387
5124
4315
6809
3395
7485
2338
2577
6488
6152
2284
585
7587
6450
5174
7408
7885
4183
6255
5782
637
1546
7366
7576
1539
5511
4221
1114
6903
372
1802
6696
401
7357
1818
4581
6303
3092
2065
6193
5176
7875
1587
5228
6521
4285
3278
4477
773
7124
5216
918
5745
3959
1140
3570
762
3312
58
971
7040
4017
1789
6607
2740
838
2502
7921
2568
2057
5551
5349
5157
2110
2405
6088
5449
2386
4600
2099
908
4309
640
2098
1732
2684
1616
4944
4705
7459
6730
4271
2574
2185
7800
1012
1029
488
7298
3938
2937
6276
1014
4675
6927
2602
4378
785
2912
1580
7320
256
1552
6048
4492
1462
6537
7760
2689
3745
5851
6298
2788
7647
771
526
4949
1428
6494
7922
954
7769
4467
4618
562
5200
3338
3856
3892
7119
5725
7755
1249
4107
1977
932
6202
6222
6481
5532
3637
3810
6334
6720
6716
6308
4313
5005
7001
6955
7134
6091
6087
7845
3244
2379
602
5917
7539
6951
5642
7459
4688
5245
2352
2602
6114
6935
4724
5927
4012
4974
6643
5104
6949
5197
6890
5472
3679
4502
2818
7307
4122
3822
6988
7062
2107
5448
2189
6720
484
1010
3086
5002
5133
101
183
1972
3378
7979
2089
7123
2001
6083
2019
5914
7128
4622
1348
4279
305
5796
3794
4867
4643
1685
2979
7907
4378
1060
1174
5594
756
4494
4588
2706
7228
6147
2150
7930
513
3605
3690
7392
1752
599
5120
5516
640
5312
816
579
3222
7033
1757
6562
72
4504
5769
3597
660
2013
1175
6205
2072
939
4131
3274
5707
2162
3314
3879
5913
7361
493
5405
5827
581
1931
5141
3844
6232
5649
2475
7646
6305
633
1113
6157
1856
7747
1446
1756
3695
1389
6888
4090
4875
3871
4553
2402
7360
5953
7550
5846
6232
1545
3517
1166
4722
7024
6875
3541
566
368
7416
5807
7481
2662
517
4475
5515
7062
4564
5112
5475
3842
5912
5752
6598
149
2554
7768
7153
3079
6870
52
5943
4770
3942
1619
2355
4226
1405
3962
6240
700
4050
365
5003
197
3526
5859
2374
7923
7313
80
2118
4926
7862
2015
3439
1747
2463
5798
7526
185
2935
6041
4844
2606
1350
4790
3634
2132
3695
4069
462
1308
1367
4573
712
4447
6570
4389
2050
1831
2057
6418
3200
5235
3339
7892
7615
6217
2580
5830
5812
7626
2259
7904
649
3106
3928
3329
2744
726
2353
98
4995
4094
6804
2649
7372
7078
4244
6689
2693
6254
1850
5458
2586
7529
1561
487
4039
2982
1772
4311
164
850
3571
7133
7968
3827
2360
2344
468
4531
2463
5620
6443
476
7285
256
112
3663
2540
872
6026
4980
4787
6517
2126
7423
7594
6237
7114
5154
7185
4137
1244
6370
6276
1527
4855
7944
5582
2145
5044
1210
7600
3296
3085
938
6460
6169
5162
2521
5649
2499
896
679
5531
999
3943
6003
2550
1772
2031
870
5743
2313
5444
1984
2355
3716
7890
1567
1929
2554
6441
5223
695
5036
311
1385
3261
6136
340
2250
4927
42
162
265
6683
148
3193
7354
4538
6707
4762
6399
3565
6143
889
3893
6143
3845
748
1554
7903
4333
475
7197
5826
5410
7864
2299
536
4616
3070
1633
4247
7328
2801
3362
3788
1205
3720
5469
4290
1481
2247
3283
5128
4448
7522
2855
3539
3533
6392
4491
4437
3417
697
6848
5478
386
7029
2908
2757
7263
6352
568
2931
461
7777
1898
1543
2736
5609
2337
6640
352
5629
5037
1707
2734
7211
7705
7173
5721
5182
6521
1291
6017
7970
4449
1352
7382
7082
3633
3101
1014
1341
7395
6071
6434
4447
4687
7942
7738
6181
1424
6422
5573
2020
5900
7270
4565
5499
7805
3607
6204
1803
6598
2430
1225
6859
6704
6425
6390
1358
7534
2999
3540
918
3380
741
1940
1741
3894
2044
1339
1180
6929
5253
6293
5311
2488
7930
826
2304
3940
5415
5225
2671
1956
7281
4796
976
4662
7974
5727
5297
3354
2809
7791
2110
2444
857
2925
2331
5812
3195
5859
1028
4495
2766
982
5109
2073
90
1246
1816
1597
3593
579
6014
371
829
1144
5458
5214
553
219
1041
3215
995
2611
5354
1759
2420
5998
2913
1685
6766
619
2339
3312
1633
4466
485
4297
3151
277
810
6451
2423
7439
6648
5580
3830
5156
6130
585
3853
5204
4773
2751
2618
3079
7327
4666
5594
7222
622
5762
6708
4480
4722
5698
6682
6547
3744
3237
6011
2872
5699
5005
1857
1845
5866
3161
890
6320
1307
2242
2314
2776
3491
2229
7100
1428
3184
3543
4866
3396
1235
1659
5733
3436
5295
1795
820
4609
3084
5579
6963
168
2649
7574
3349
2707
6696
1643
5077
3785
6850
7406
6223
4308
7608
3381
5110
4231
6970
4558
5430
5267
647
5467
3160
155
2792
1454
101
2867
1331
1161
2468
246
1539
6884
7648
2135
7958
4794
5280
1539
3198
7335
3316
6577
6282
7579
2883
7492
380
2065
765
3898
5957
1641
3575
4301
1494
6795
4201
5986
192
1887
6258
1695
3137
576
3624
3074
3025
4001
1711
6202
7387
7305
2731
5276
6588
1851
5731
5655
197
2741
1411
4368
5861
1924
7136
6048
7818
5612
6945
2387
4980
5759
2459
783
1897
7911
4468
4748
3046
4281
6909
1801
7482
2399
1244
93
1941
4574
5982
2010
2001
6652
3270
101
2712
6146
3366
5340
7830
1409
6694
533
6224
5383
2632
464
670
2441
3054
1341
7519
5578
810
2215
4645
2638
732
7901
2292
5407
1214
5802
141
4127
1170
5258
1165
6749
2203
2710
1978
4114
1292
4972
551
7145
256
5682
2965
3668
2083
985
6694
6965
1406
7090
4655
2769
7169
7080
4790
6612
3605
6080
4991
5719
428
5680
5171
3134
4179
5769
5132
1371
5376
258
3930
2672
4224
7453
7589
4569
3505
5627
6061
995
3423
2473
4988
7911
112
882
4481
3789
3624
1308
3146
6527
7545
4636
5176
1715
5787
2956
258
650
5016
6968
3638
2289
332
159
1269
786
4785
7158
6719
209
4504
1707
2041
2151
7060
6124
4075
3005
3145
6723
4581
1852
7327
1231
6566
2689
5321
1310
2356
637
5824
3521
7033
6716
3212
652
5281
6765
5406
5309
1991
2335
3236
3013
3992
6626
2446
865
7363
3285
2064
5197
4448
6387
6099
1031
3340
2218
6816
1735
3493
4646
2915
3064
5757
4235
1795
4536
5155
6223
420
4329
3176
7252
1320
243
4486
4226
4657
6159
3101
7595
6988
2686
4139
7909
2145
6633
3557
980
4513
724
7694
875
4694
1764
7028
5291
706
982
6793
5804
3679
6790
4738
881
4449
3841
4983
1403
6732
6954
7302
7228
5098
7623
6265
1245
2358
2438
3121
1494
4574
119
1881
1514
5086
1153
3444
2487
6635
7216
624
3199
6687
159
2085
4429
6786
1710
1280
4853
6660
3725
7016
5049
3310
5233
3667
7215
3800
2450
4778
1701
7716
1215
3274
572
7558
1745
1843
1122
77
1701
5546
6658
7123
7402
4386
6566
3996
5432
7498
7860
167
1218
4560
2834
4537
842
819
7247
5083
5402
5923
1706
6301
2310
1671
6009
666
1877
5271
272
1746
186
4449
5110
946
7013
7458
3978
5501
2438
5530
5607
2336
1534
7218
5011
548
1555
6248
3896
760
7850
3118
2376
3460
1419
5725
5463
1643
5136
6163
6627
4199
6355
792
3920
4671
6188
200
7222
5380
3451
2992
7350
708
2693
195
3095
6140
3014
701
430
7011
715
2943
6429
6869
6717
999
5005
3986
525
7964
694
334
6188
3583
6726
2146
5551
3722
7081
5933
6218
7485
2066
6745
2240
2548
3471
2214
6227
6370
545
5724
2530
552
4267
5123
5885
3681
448
55
183
42
7158
6810
1826
6041
6690
5260
3487
5354
2924
2339
4808
2506
7893
5611
4353
2367
3151
2021
2618
2750
222
1372
2027
2476
5220
2429
6002
5608
5163
3581
5785
7685
6056
2000
4527
7674
1012
3968
2588
3285
2992
7187
4907
6129
1729
306
7322
7393
6350
7863
7474
7806
762
394
2634
4749
5928
7669
150
7621
4172
6002
3785
6733
2943
6113
5284
1415
2601
5924
389
7201
4332
6406
5942
2291
4459
1805
5076
4842
6641
4002
1307
6834
4943
1145
1188
440
7705
3906
3553
7284
1998
1360
7754
3723
2923
6261
7043
5189
6309
3821
6611
6270
4501
3639
1707
3637
5676
2362
604
5790
5142
3950
6254
5094
4355
6212
5224
5818
7634
3071
5943
4017
1039
4424
6482
4759
7838
4958
2909
6632
6297
6592
7601
7560
5430
5277
7260
238
7417
4937
2353
788
202
6833
1572
4362
682
3456
5242
7619
525
3281
2701
968
6058
7589
3369
1941
1048
6496
5643
6304
5688
7686
4193
3922
2793
3471
3393
7321
7010
3836
298
1674
6086
6433
3851
5017
2954
2174
3733
5406
1002
7913
7735
7211
6304
530
2251
3530
4498
2031
7590
2221
5396
4641
3614
1269
6291
2699
2723
5299
6129
1530
7931
4990
1818
7607
1686
2657
6399
5588
5578
7659
1186
5877
5290
4315
6231
2094
6338
3619
5020
3954
7283
5493
4243
590
90
4030
4553
5138
5223
4722
7083
1565
3214
1411
4662
4641
49
7313
6926
2611
982
7824
3233
3705
47
5327
5834
7299
5912
1168
4619
5801
6651
481
5549
5721
2313
3155
6134
5068
7845
770
7084
1915
564
3220
1383
2385
525
214
4405
2869
6121
6113
3264
6230
1362
2425
3539
541
7159
5085
5777
5745
6670
4261
4053
3982
6526
2463
716
5138
4066
6757
632
1477
6738
6250
1606
3520
3506
1762
793
2945
2838
2228
7170
6258
3148
7724
6874
1369
2539
3758
2290
1196
3380
2419
2465
1122
7039
5945
6193
2027
143
7023
2764
7348
1474
6332
3652
6642
6772
220
7225
1859
3222
4761
5995
5813
1461
5908
7208
3111
2773
317
1686
2789
6155
4895
5094
5517
1629
7917
4460
5195
2480
6710
858
1870
1637
713
3667
2924
5441
2956
1862
5267
3863
3205
3329
6609
32
5431
7752
3660
5446
424
4105
3834
702
2708
3211
6603
1282
857
1874
2174
1633
5736
441
6349
2513
2927
3707
7288
347
4409
5504
4124
3010
3632
4839
5456
5840
2873
6057
4232
5536
3958
6576
2978
5953
1111
4990
3602
288
5122
6442
7878
2103
3749
6614
5943
1978
6050
4718
4024
2612
2046
404
99
5747
4954
368
6045
1301
2455
992
4485
5186
7441
1832
3987
4239
5182
3201
5157
6070
273
4658
2817
1110
3624
5761
232
3401
7612
6059
1120
6125
3937
5435
5226
6787
2805
3742
5717
1414
738
4215
5433
668
1956
1457
7508
337
2306
2847
4831
5489
5392
5996
4853
1477
2470
2709
3255
6949
5074
4223
5845
5254
3707
2670
5317
4258
