6217
5184
4643
1134
2496
3485
6921
3026
2212
429
7338
5447
2566
3717
6233
282
3077
1338
816
3814
7233
5682
4058
3122
3994
4297
3157
6196
455
3994
1219
2374
6945
7602
2469
7411
821
5513
1716
2075
1819
4663
1571
1291
2407
3918
812
1021
4918
5994
7558
3835
3761
7319
7160
2788
7679
1800
4608
3969
5824
6631
1810
1716
5773
314
7268
472
5884
5669
7909
4597
4230
7516
1902
7229
6439
3362
5129
3211
86
2438
5966
3875
6435
3024
2266
1752
1338
4612
1486
3944
2397
5891
5707
2914
6203
2277
4794
1070
1025
5668
6131
3635
6959
4605
4195
7513
3721
6788
2486
3732
1586
5872
6102
372
7811
1999
36
495
2630
2942
1881
1109
7512
5451
7348
5231
3293
2493
4998
6160
7984
4585
1829
5063
2423
2300
237
3437
2004
7163
2521
5596
6102
6191
4971
6061
411
423
924
3174
5200
839
1081
1532
5080
4476
4175
6313
5583
457
2262
6457
5388
3173
1773
7485
3962
5190
3679
7645
5194
927
2962
2364
4084
6225
2365
5420
2069
5025
7225
6267
4946
856
5424
5651
1171
6900
3947
3521
6105
5622
963
2430
5970
7321
3402
683
2263
226
5929
6354
89
5207
1672
2947
3595
6079
4952
4594
7103
33
5415
4460
657
147
2983
6904
7199
7297
4273
56
3837
1346
869
5145
3943
4626
5650
3329
3688
5447
921
3617
2966
3303
1389
7116
2005
6262
5884
556
1154
1263
6713
5672
6793
4902
7513
4170
7196
3883
7786
7323
5639
6871
74
180
1087
554
7659
1206
73
5053
7275
2835
3053
4466
132
4516
2136
6793
1821
1896
90
3073
2522
6639
2204
7122
2146
2174
216
4292
2265
3601
700
6182
2827
7408
3533
1679
4303
7102
2418
3985
7589
3528
6949
4738
5090
3224
71
7441
3123
5854
5474
472
4836
3476
4504
5386
905
5562
3238
4842
1446
1360
2464
7517
7811
7537
2030
7634
4872
5930
5452
1670
1451
4485
7057
5928
4186
4650
6648
5853
6578
2837
6173
2657
5393
1554
438
2961
3262
2608
4129
2910
7508
458
7889
1522
3085
7949
1737
3294
6885
7599
3620
2351
469
2203
3855
2910
6538
7188
6994
1705
5799
2713
3997
1359
5504
6284
1934
7285
4184
1980
2392
5487
2786
680
1243
3446
4735
2462
4754
1536
2145
3779
3046
1133
2319
4749
4630
6247
4882
3155
2706
2351
3347
3028
4984
5811
4126
4807
591
500
7154
7532
1187
5107
2816
2301
1940
6317
3096
6874
2811
1059
4289
3811
7795
6879
6319
5237
6630
6421
6231
5372
6441
3217
1100
1479
5058
2680
1022
7101
3788
1058
2267
3437
7667
7329
297
5900
7109
3178
1273
3796
7805
7149
4529
3225
274
2394
7608
1991
5570
914
740
6091
4042
3128
1198
4893
1860
758
64
4439
3521
2736
2504
6025
7497
6682
606
1992
3627
1410
6389
2841
7205
7962
7823
4278
6891
6906
1695
5596
6608
4009
4563
4424
6950
560
3715
6306
4446
7894
890
6612
6974
2887
4449
1518
2314
1590
6398
5960
1615
1975
6517
1676
551
687
928
5065
6804
6243
6822
4797
1235
2989
410
7032
1733
6045
2740
7789
335
6922
3405
1390
4847
6395
4380
3913
4039
2388
3691
4038
7979
5533
2260
593
6668
2029
5714
4290
5076
5260
7236
5450
776
6820
7322
5744
569
5169
1314
3314
5140
3574
425
1417
2592
1650
1137
4879
2517
6838
4438
2893
4987
3509
7429
3707
462
6683
1987
2359
7880
6407
5227
490
7859
2276
4216
2568
649
7215
2751
1134
4181
3907
2536
6844
6544
1335
203
2216
7187
4816
1341
1467
2150
5087
3847
4951
5177
7486
6081
1630
4445
438
2371
5634
3707
6620
5207
1912
2125
1550
7960
4438
2349
561
4538
7573
4078
6165
3123
2233
3631
7596
496
1796
7651
2349
7981
2784
7013
3813
18
7462
40
2433
5280
5699
6546
4733
3313
5473
2963
647
7165
1725
1321
6596
4546
5211
2810
7020
5160
498
2687
3439
3820
4971
7318
7838
669
1400
7045
5555
2589
1934
2443
1543
865
5541
2970
862
733
4063
2858
7501
2925
5408
6792
5607
6083
5471
4744
2277
4927
3138
499
3117
6217
6145
2295
3843
2152
5650
3767
2310
1802
3665
5893
2717
4668
1658
4651
168
779
2799
656
3160
2224
1932
6078
3529
2282
2842
4464
496
7432
800
6322
346
2041
1265
1596
4282
5818
1191
4340
1305
5944
1077
5879
5464
7974
4078
2774
340
5593
2516
5595
2845
1374
3444
7123
7047
7020
5215
3974
2953
1195
7899
7893
1150
4623
2014
7851
7430
5950
2457
7448
141
6841
1374
3679
2624
3244
3808
6456
1592
2541
6610
6535
1338
3014
967
5657
4895
5528
5645
2714
3581
6125
3118
3549
6205
2505
7455
7238
6050
717
3605
3614
384
2542
84
3664
1881
5469
7581
2381
7815
6496
2382
6579
2167
6168
6647
5267
1499
2052
7666
3055
7046
3293
4295
5828
3198
3260
3810
5362
7558
5111
6862
7107
6425
7624
3416
7816
7183
2490
1250
5032
504
440
1524
5029
3847
3565
4492
6565
5470
3934
2742
2650
3676
4288
2686
6815
535
534
5173
5823
4857
7652
2407
6130
1605
3428
3666
3623
6661
36
2330
7171
2983
4672
2849
1578
3144
1945
6230
5447
2756
1093
2970
6297
76
988
5456
6448
4641
2993
7968
2339
2950
573
6411
4669
2560
2408
2339
4362
5478
4362
4704
2101
1707
3997
879
7809
4377
6119
6811
2503
1736
4426
7228
326
205
6561
1775
2435
4812
2916
515
627
7058
4424
257
7894
7898
2378
867
5144
4558
7496
2840
1858
2006
1048
3079
7026
4776
2624
1335
6942
1065
4021
6267
6510
819
6429
995
1280
249
1406
533
5205
5394
854
2047
94
2628
2584
3344
5061
3680
596
5114
1501
1319
3667
3740
3269
4147
1585
6802
5964
433
6765
7736
7227
6504
7486
7810
1941
2835
6872
5225
1558
1085
6323
1350
761
2206
5086
2357
1687
4497
7779
4064
5090
6660
3708
3630
4082
6295
2640
408
6498
1250
4939
7050
2010
5890
3050
1946
1863
1862
1605
2167
852
7702
7499
1465
4782
6091
6337
333
3734
623
5121
1882
3391
3888
6710
2
5087
6080
6998
3278
158
2676
4572
2220
3809
1838
1620
5624
5387
654
3945
2898
2870
418
442
7402
1722
1114
3055
4421
7264
1338
3075
2250
3807
3312
5314
7858
2588
3032
4482
7460
2001
1090
5222
5527
4302
6028
2006
3812
7085
7856
2750
5582
3748
3859
2357
1882
6769
5653
1991
3847
5666
4932
5251
410
6926
77
5966
7491
4811
4907
2604
4722
7549
3043
6848
3193
6361
1239
5303
2617
4880
3291
281
3911
3738
7717
915
465
3455
4986
6692
7823
3632
1523
1719
3955
4084
7348
7395
839
6556
3928
4600
7329
3665
4803
7402
7818
1952
6839
753
2112
109
1715
4030
5306
3035
7540
7987
2383
6720
803
3975
259
2125
5769
972
2696
4757
7837
5814
6430
1710
7282
4170
1024
1086
3548
1393
4533
7881
5423
7098
7994
7519
1486
4922
4743
4801
3851
696
3153
3448
5549
4392
3277
7912
1565
7396
827
6265
2083
7411
632
5993
7197
6125
2389
1905
3034
5780
495
3965
1338
5550
4491
1701
4387
2888
862
346
5512
319
6826
3029
2303
373
716
6694
5460
1705
6240
7157
7321
3966
3708
6940
3036
7196
7708
1983
4261
3690
3884
6034
6464
3406
265
2310
565
4009
2728
3980
3864
7778
2490
3245
5883
2426
4924
6937
2703
5444
4526
7551
7377
1435
4844
5911
4135
4367
43
4151
7032
7427
2773
2703
15
2524
5728
6460
2457
892
5387
6761
3008
3734
3934
7386
4799
3227
1540
6934
7790
7904
6318
2201
7891
7960
115
7954
2958
3225
6768
2976
2032
491
6707
3426
3307
2373
3693
4265
3255
3511
708
758
1177
5043
7936
1477
122
1849
4106
7621
7325
4456
3987
2539
3909
6266
1730
3030
5545
7726
3423
7376
5553
3846
3201
6696
1113
6595
4361
5240
4519
5131
1020
487
7165
1596
7472
6797
390
7938
2171
4991
3675
3592
4193
4922
6434
7147
5776
3837
6142
1578
6554
3424
7552
5770
2171
3724
4712
4741
6736
4188
6541
7335
6704
4151
962
4619
1928
6792
3004
3048
818
562
7030
1447
4127
397
5308
984
5172
2945
1735
3418
1641
3525
4161
7111
7127
7147
6904
4244
2942
7108
4175
3048
4677
6651
4183
3267
7368
7104
1292
1671
3620
5137
3365
7728
2105
5034
5443
7300
4592
6053
1458
750
7188
4917
7470
110
4076
6108
3817
3333
643
5452
3038
1250
3674
7049
4274
3870
4395
2266
1287
7978
4411
3017
2385
6773
4248
3263
3612
6642
6565
1767
4906
7509
2965
7815
7205
510
7597
3357
7133
3206
1856
2227
930
4914
3975
7076
722
1452
5683
7866
6349
161
2830
5859
2166
5350
459
6163
2060
5485
4718
2706
537
5816
6166
3655
1056
1231
5382
5363
4050
6968
1475
7961
7876
7140
3060
1760
3849
1131
1230
71
5683
2367
5827
4400
445
342
121
3086
3733
946
6941
3914
6907
7636
2385
3877
1263
5522
5633
349
6260
4636
1292
144
347
2492
5318
865
1004
6065
6535
1330
3067
1902
2555
5651
7638
4496
5159
7222
6178
3573
5030
6225
6744
4245
1655
2416
387
3568
6443
2812
4717
3869
5536
1515
717
330
5025
1402
6091
2069
2770
2348
3500
1937
6743
5415
2623
1619
1718
2353
7856
315
2809
2761
1784
6242
5514
7770
1558
7302
3751
4100
5659
4362
4752
3592
7545
5345
6306
1414
3124
2316
4936
6375
4450
3725
2960
7158
3336
1995
2622
5798
3995
5550
7471
7562
5713
2100
2974
4008
497
841
15
3288
2185
5902
2763
4043
5404
4556
4830
2356
898
7315
2927
2754
715
446
3425
7884
395
468
4177
5120
1465
1809
713
2012
616
1912
1358
6238
5122
2749
2297
4396
7746
7657
1032
469
3161
2529
817
7020
6844
7058
4240
319
630
3864
7160
5228
1776
6282
5553
1582
1194
5560
619
7301
6480
219
1441
2953
7147
7057
3484
37
1250
6444
3816
4605
7504
1028
4763
5728
4173
3022
815
3595
7040
6310
4521
2297
7244
4821
3683
592
2153
5745
2444
4751
7029
6462
2217
4053
1547
1793
6132
105
7632
2811
5658
6241
6567
1732
7658
5471
2049
4739
3653
3467
3942
743
4916
2839
6750
708
1625
311
6433
3913
6772
2007
2452
6298
4219
6299
1235
2010
2841
932
2158
3123
6284
3506
2656
4479
3386
4725
3613
4855
3762
3880
1820
3611
5866
3984
7266
2504
2171
626
2428
3255
6627
1548
7189
5558
373
6516
3240
7870
1778
681
5669
7665
3507
5007
3464
3468
2260
6687
811
3236
2265
1838
3959
7793
7342
5297
7791
6426
2961
219
2506
399
982
1885
5381
4163
7818
5276
4233
7425
640
3495
1640
7040
7535
2087
6841
2823
4503
4935
3573
7920
3665
7688
6977
186
4615
5492
3745
4962
2949
5998
5061
742
6897
5518
7615
6508
3104
4237
2840
7971
2865
5210
6265
6555
366
2734
405
6556
5786
2142
430
5012
138
7627
1546
5407
2694
2938
6860
1716
6707
3228
6367
6838
2983
6586
5042
3115
2359
4045
7653
3251
1976
1837
4993
5034
4518
4253
4198
3847
5718
2292
6442
4264
5083
6827
2295
7761
7992
2074
1606
3362
5058
5772
2440
3163
175
6656
1863
1466
7212
1402
6365
6576
5437
410
7589
2857
2758
4276
1594
6090
1351
920
1388
6738
2893
1212
7432
6302
2054
2038
1138
6681
3739
1422
7025
6372
224
7143
1598
3157
4283
4510
3762
5348
2317
877
204
7043
7843
1782
4395
3758
5627
7647
6986
6165
5945
3132
1391
4995
3754
1567
7777
4908
3298
3442
7098
6992
3993
3806
905
5951
7218
7127
3208
5760
7775
6764
4780
545
3855
7805
5722
7537
4182
4232
6587
5975
5449
5209
7626
2542
6005
7885
2890
6061
1805
1950
6607
5537
3589
6748
2658
533
7922
2575
7401
3425
2863
5811
3679
7370
446
2761
6781
7800
1652
1186
5005
7441
5576
6095
1986
50
5631
4383
1611
2159
3445
4586
3131
3191
308
6839
6881
3310
6541
6693
2017
6537
1081
6888
4352
1884
7963
1064
411
2300
1943
1569
192
6989
2371
6603
3954
6624
5509
679
7734
4812
2509
6790
7419
304
5638
3567
3212
4457
4925
2295
73
7912
1159
855
4032
4063
6041
5216
3992
3715
6031
1960
606
4834
7747
2326
6173
5077
6933
2704
2239
1112
2230
4847
5430
2632
7066
732
2599
6645
2993
4687
4756
5474
6863
3249
575
4118
1851
6844
456
723
5176
733
3979
4178
1406
7173
5882
1981
2833
3427
4866
4947
2166
5552
2772
4143
1676
3544
7021
6612
430
5216
2390
5505
7904
5205
7925
1146
218
5126
4340
5291
1952
6933
74
6239
143
7072
6103
1959
6252
1119
6114
773
2039
2340
4932
6653
5873
4507
7326
5337
3512
4821
349
211
6712
6185
7756
6338
4144
462
777
2423
4631
4931
7688
402
7166
4113
5440
5663
386
1669
5797
3506
1379
2766
2344
2661
3091
3091
4916
977
1924
478
5827
7775
6371
5766
6047
7607
3501
5418
5461
3667
7461
3656
1300
868
6777
6715
5296
2449
2011
7117
2736
4855
1925
7359
2469
3703
3232
2100
1027
3891
5816
7131
4848
1343
7796
829
3270
3703
943
5951
3452
6081
5504
688
5726
4693
6684
6777
3903
4747
1369
7024
6820
3866
3765
3500
5298
2089
2544
5001
2537
961
1693
6919
6473
4220
929
5417
6125
4133
6226
2214
1682
1265
4166
257
5301
2479
4378
4470
4999
1297
2
2399
5822
7873
3303
3833
6515
1856
2627
7322
7232
5279
3281
6185
5990
2761
1816
223
1432
7687
4374
6721
260
1655
722
3020
731
7000
6295
5145
5857
7845
344
7385
4965
1442
7927
4113
288
3462
4136
6733
5161
5784
2221
7583
1567
170
1409
1837
4118
1599
5062
6963
4859
5146
2820
5886
3630
3412
3845
6832
625
3947
2980
2145
5838
977
5106
3785
463
7317
5135
6978
2264
3490
6643
5171
7273
6635
7135
1665
7187
2809
7814
5934
2604
4246
4495
7084
7498
1686
6861
1241
2900
1319
3405
5130
1296
5548
958
5128
6167
4078
2894
7933
7353
6956
2995
2061
5845
7952
7643
2479
3799
4729
1025
4611
3974
3896
2563
2786
468
5392
6973
6647
1698
107
1828
3221
4528
2900
4844
6978
5004
1908
6340
979
4580
7602
2084
5821
7731
2062
5611
4721
958
5471
667
2051
4288
477
3871
754
3973
145
7729
1511
3004
5829
98
5539
2142
1811
4757
6334
3193
6187
578
6677
3101
4060
818
7376
2945
2830
7656
5324
5690
7562
594
1767
2781
260
5407
7229
84
5254
494
145
3002
3701
7591
2481
1012
7917
1978
7050
4697
6931
3771
454
5482
416
6141
1105
4152
4953
5268
6588
2120
2815
7759
6517
4446
5715
3294
1705
2352
3286
4340
4742
2471
277
394
3632
7489
3349
3914
7241
1246
6808
5608
6186
5108
1377
85
6867
541
1699
316
7937
5001
6428
7641
3223
2897
5956
6269
2597
676
2979
3351
3776
2743
2902
4639
1547
5791
3917
3337
1052
4082
799
7522
4273
3943
610
6819
6546
6867
1651
1617
5577
2086
2353
6084
5541
6256
1552
6826
4289
3933
6075
7305
6294
3570
6055
7508
7257
5392
5284
5096
7536
2828
600
6534
3458
4816
4384
4493
1303
5328
7564
4684
2089
3585
5307
2227
5815
3676
2895
1142
3678
401
4927
5959
7361
4420
7531
7532
7637
1048
3608
5809
7226
6832
3871
1424
4563
1596
5093
2564
1495
3072
7003
6332
5942
395
7061
3194
4039
3982
594
6384
3552
7614
5523
2383
1769
4844
926
3488
429
2717
6355
1515
5022
1636
6971
1241
197
5860
7958
6835
7562
4981
1092
437
232
7703
7489
696
1288
3694
6763
2201
2455
7217
1416
387
435
957
7299
5877
6374
6473
4597
7738
2024
1940
4983
6540
6248
5219
5009
2242
291
2904
7017
1176
4669
7756
4494
3428
4283
1318
6261
5701
980
2870
500
1996
6628
1248
96
3405
1770
2645
6629
6533
259
917
1756
6923
2384
3697
6556
5699
4293
1156
461
4584
2679
6439
6187
272
710
3997
1838
7218
5830
6906
755
4473
2322
5531
1550
803
4376
1952
6591
7334
6508
2748
4668
1202
4485
1264
3878
5924
1987
2843
3321
3213
2131
7717
6948
910
6717
1874
6239
5321
3696
1784
7777
1894
4221
184
5299
2877
2705
5269
6492
5416
7661
5436
6656
4062
7582
7257
5157
5231
6423
4732
5255
4525
3430
7567
7309
4689
3310
2209
2469
368
5025
5622
6005
3071
5525
7303
7388
4156
536
4824
1563
7776
5940
6112
1640
1524
4191
575
6814
7617
2603
7782
7241
971
1234
3191
4352
7778
2784
1894
4697
3255
7718
612
6637
3019
1774
3194
7428
90
1788
7166
7197
2911
1576
210
4148
7138
4507
6603
4507
4435
7811
4414
6270
5293
3818
925
545
3182
1973
4633
6091
1607
3865
1141
398
298
916
7136
236
6295
561
1014
3254
4221
5790
6550
4270
3393
56
613
2541
937
2475
4882
3588
237
3584
359
1061
855
3886
5447
5013
4081
3358
4166
2583
5065
3451
6997
325
6560
2356
6082
2572
5339
7697
1220
3985
2894
7549
4658
1499
1741
1789
494
2990
5498
4216
6460
5051
5150
4097
895
677
5823
2158
4806
1569
7152
2286
4185
7910
1598
44
4646
6199
6563
2702
2406
3979
3449
4116
6686
3714
5298
7045
37
1231
1285
7787
1601
4544
2762
5729
943
5454
5495
5146
252
5219
102
5148
7872
3088
594
544
6131
4521
4336
3962
164
7658
7195
7461
4586
3324
2421
797
7133
4511
840
6295
954
5778
5173
6731
5852
1814
7947
3329
6459
4932
5983
5066
6329
6291
284
2205
6840
6455
7360
3388
5437
5799
2767
2178
7582
7229
4509
3530
6613
5960
4375
66
7401
71
6894
3104
7155
6807
2017
5243
5910
6635
2029
2822
4551
1881
4384
1582
7101
869
1131
5653
5716
4078
624
4203
2465
6426
304
5519
250
4779
1942
400
6817
6020
359
1491
849
6823
7482
3827
6637
2916
2005
6611
3519
942
5728
7624
7953
5160
4679
3997
2280
5774
1326
1397
7161
5714
3500
822
5513
2000
2678
7260
3190
6653
4977
2235
2080
4968
6774
2638
3687
5980
6402
225
4572
2908
4278
5374
3036
341
5736
6324
4485
978
5244
2899
6154
6223
2738
5928
4930
6387
5484
7225
760
6132
6286
4625
1632
4411
6513
809
4803
4658
1164
7549
5220
6023
63
3670
4485
193
2397
3237
4140
6535
7158
2326
2523
3459
6768
7878
434
2790
3833
7558
915
5984
4463
2479
5105
3732
1064
1338
6008
3056
1328
7234
5130
183
7359
2463
1209
1985
4494
4989
5754
3945
4091
3101
3691
7489
3535
7178
1940
6070
4730
393
1305
4950
3941
5214
5824
2346
1436
4036
890
7096
3592
2839
6266
959
2165
6509
7030
4046
4824
4644
3032
3112
7642
515
7129
1972
1774
1553
1192
6882
5338
1511
5681
5096
3027
1666
5726
1356
3695
4067
3045
2144
1830
1311
7446
6302
5730
4611
7569
4737
2116
5900
998
2266
5909
1731
4622
3614
2492
2323
2467
2333
7994
5822
2985
6039
3275
3302
713
2215
5066
1616
7770
7150
2032
3708
1703
6400
4935
4665
4584
5446
5793
4222
5746
3823
3984
5729
5738
4695
46
3625
1886
6200
1072
6970
2181
3705
2635
841
799
4904
2453
744
2271
6831
7423
6260
7693
1328
6422
7763
2471
3414
5829
39
1838
2186
2563
4137
3153
225
2725
1583
2621
6512
6370
6825
5199
2503
7635
7753
247
3917
6991
2628
2074
3237
7943
1222
2708
4330
1170
7959
6514
2515
2908
6093
7994
4738
5220
7149
44
6336
128
2672
3714
5583
5253
3418
3947
3807
6654
2282
200
4266
3793
4505
3557
6474
2720
1897
2228
3058
4929
2749
7823
6555
1146
3349
6306
3125
5884
3233
3073
6813
6918
1933
2327
7996
5973
3037
3308
5894
7660
4683
1114
2814
4602
2235
2410
7970
904
7094
6729
3199
153
4297
2109
4555
4434
176
7701
4025
3659
7668
4495
6301
4230
1247
3862
236
7531
5499
3147
7127
12
4518
6909
6492
1283
3168
4421
6629
258
2206
3102
5469
1542
3685
2041
5074
3181
5025
5436
3565
1063
6110
1923
2339
6162
943
3527
7454
5884
3204
2106
7745
2569
3086
4040
3033
4305
7
4416
7687
7365
5419
7753
7493
2668
1008
2746
7618
7283
5028
1825
3144
3281
3737
717
28
5808
6524
6477
627
4679
4807
1564
4328
376
3213
2079
3579
1000
5015
2808
1716
2741
7452
5668
958
5605
3576
5597
906
360
7804
1603
31
4572
4206
3554
7825
3249
5552
5906
4693
747
4691
2139
2471
4559
872
3725
4344
906
3821
648
1196
5770
1193
7805
1276
1406
4444
3921
3883
2403
7932
7828
3388
6595
6118
6284
3994
117
3048
7391
519
6905
1693
118
7423
5413
2305
1244
3872
3737
2948
4804
4721
4202
3084
7428
7115
5489
3729
1892
1154
4481
11
2663
306
4692
5602
4560
2313
3210
1116
3578
4209
5025
537
2335
5722
856
5880
6743
2738
1776
3263
3824
5216
1156
3629
422
7418
7489
2272
3150
7239
1852
5301
3342
3890
6239
4223
1513
4636
3744
6662
4590
4686
5145
6691
1532
1569
2936
668
2344
7269
7237
6348
2931
1550
3580
2230
7246
3425
3357
799
5744
3608
1105
4136
209
3867
1975
6395
205
5327
6810
7096
4414
7188
4192
1078
2598
990
4105
2935
3098
3682
2045
5992
1262
3054
7485
6402
7211
5300
45
4890
5359
5105
885
389
3843
5061
3847
23
969
4363
2865
4202
1524
4564
6708
2809
7786
3093
667
1211
5084
6297
2525
2072
409
2307
2459
2518
4237
7173
2365
5629
125
1700
3375
4094
6772
1792
1870
3962
5850
1006
1319
6288
326
5725
1851
3115
337
4410
2606
2387
7403
7230
99
3090
3976
5860
4457
699
4041
3648
105
7540
6917
2151
1946
7228
6890
7985
7679
987
7045
2419
4217
6998
2713
4146
396
6352
4591
205
6853
3145
335
1913
3452
3415
6186
2290
6265
5470
1255
1214
1877
5204
5545
4355
7919
5464
5452
7127
2542
5448
2486
7951
2989
7262
2107
1103
3574
4453
2487
7907
7297
5270
6143
2717
4014
7024
2421
1970
5931
5445
3542
5547
2989
7317
4709
4039
837
5828
4354
1714
1851
1313
4088
5699
3706
1663
4821
5209
1298
6846
6912
5890
7340
521
7098
2393
7662
6981
7441
3163
5577
3496
7812
1950
3503
3195
7196
7712
7982
4600
4316
2396
1343
4874
1662
3993
2486
110
1556
2663
4192
1704
4625
3710
4407
2213
3720
1970
5642
6256
6181
6537
2196
5293
7354
1745
1719
5199
1119
4212
3731
2270
400
4327
4275
2798
603
6150
3154
5629
1711
6520
4155
1276
319
2151
5044
6453
5433
3759
1068
4199
6750
5735
2263
5025
3030
5720
2405
4500
2103
7552
213
4828
7664
6439
150
1640
3501
4282
6304
7042
5772
20
3133
5308
6276
5579
7440
3694
788
7585
6383
14
3218
3420
7833
6256
6075
5167
3454
5701
7324
460
3575
6029
3022
5394
3505
4805
5332
5171
6455
1412
6633
3321
17
1120
6294
7214
7151
7841
7450
2380
7253
2706
5370
7397
6178
419
6193
1952
987
4314
6481
5485
2949
4718
3316
833
7646
5157
4571
1751
5121
5705
726
4681
1154
7904
6477
1458
1338
4875
7128
1465
832
7330
2611
2397
329
5326
3403
6221
7255
5078
7462
5280
526
1830
2341
7598
5008
760
1396
5724
1224
4307
3889
7605
2848
4994
300
837
6283
2082
7191
7532
4229
7423
6702
2530
3516
3080
3637
3612
65
7420
3528
7950
1263
6279
5163
2863
3747
1311
4018
1744
7472
3111
3431
3938
3724
4446
3331
5270
7030
6662
2768
6424
226
1627
3011
5061
4710
1061
2312
1908
796
6354
5277
4485
3544
3873
5928
3433
5486
3411
7328
705
5252
6352
7714
2015
98
7188
5483
2193
2726
19
3585
7701
5585
1590
694
2401
1526
6233
1760
1660
1307
4947
4993
3790
6404
2769
7304
3353
2328
3500
2491
3561
1340
6818
5107
4382
7572
2066
4915
7616
7497
2395
7
3067
1106
907
2513
4696
2455
3587
2387
3809
3041
5494
3318
7248
1326
4244
4526
7796
5851
4543
3060
5358
1543
7801
4898
5086
1109
5818
7318
2729
41
1991
6892
4629
7906
2886
6455
5003
4959
2790
5054
1159
3547
5171
875
1586
4769
7383
6196
6572
7969
7462
6060
6033
1435
7124
1192
3300
7845
3610
7458
4996
357
6203
3038
7186
6204
7069
5262
1008
833
1129
6980
989
3174
7924
2351
7457
4116
2742
6958
2454
3258
4294
3576
2782
2726
4222
747
2440
711
7376
7507
1859
722
6347
1276
5656
2871
721
2841
7947
7990
279
652
3062
1132
635
7864
5506
6146
6640
5491
7147
2699
6122
3761
7055
854
1350
4347
5001
3370
1798
4170
7233
5108
3162
905
1249
3115
6187
1611
1113
4345
1805
3560
6029
7129
7894
1343
7666
5976
702
5983
5800
2450
4073
4804
605
6165
5606
5475
7370
5787
3518
4133
4840
6075
5385
3207
839
3210
130
4009
1930
7946
1717
2917
2768
5811
7855
2372
1299
6352
738
1318
2479
697
663
177
4870
1787
5661
3986
229
2145
1034
96
7495
3609
4830
626
119
2092
6472
1360
514
3361
963
3396
1339
3
6769
4004
2439
5081
667
2915
187
3800
3616
1976
6482
4904
1836
6999
4614
5079
7703
5158
331
2095
209
1300
1624
5793
592
7808
3974
5961
5048
7929
391
5871
1017
6327
761
3205
6995
478
3144
7484
947
760
296
412
870
5895
7225
4530
1838
7624
1558
7775
7135
358
348
578
5825
4541
2904
2595
2441
6464
7061
1416
7308
4989
6326
1520
7736
3006
6205
405
5583
5746
6661
2555
7542
1626
3990
5022
6736
880
4373
7088
7814
1340
558
7142
1944
6424
5295
5636
49
6647
4117
4953
1491
6544
3011
1698
4886
2035
6881
7364
2683
4113
2272
5788
4922
1023
7736
7916
7578
2201
5303
1443
2424
3457
1394
4434
50
4291
4444
3590
6050
122
852
4542
4707
4112
298
7964
1784
7865
7309
5569
5464
7389
2026
3334
7902
7430
6114
2443
6403
2410
3333
1793
3462
1382
4451
1470
3181
4856
7181
7019
1241
1761
274
2100
4142
3483
7125
5665
2360
962
7643
2615
3724
3110
404
5760
4648
5139
5042
2807
821
2899
5387
2138
2754
4628
800
7202
5880
1952
6990
6317
3742
6539
1146
5868
5213
5914
4491
323
4698
4799
3412
1974
7726
2586
649
6212
2569
5635
7817
1435
2376
7724
5175
259
4528
7257
6162
3625
3720
1489
1618
4324
7799
4312
10
3911
5334
3361
3
4752
5883
1887
1653
848
3862
4544
3227
6630
710
1475
126
7271
623
6124
2756
6935
6167
5247
4710
2745
3476
3508
4744
2221
100
4632
1734
7630
654
577
3116
4489
2507
7292
3281
4714
209
3169
6691
5680
1107
6249
964
677
4007
7393
600
345
5649
7773
5550
2394
5590
2081
3898
1305
4595
1030
2665
4520
6372
2545
4533
932
3343
7908
5386
2704
7610
5870
2156
6037
1254
5527
6988
1549
6657
5713
372
6591
3926
368
1774
490
6217
1856
840
2062
3813
2156
4481
3419
5879
7530
371
5945
2847
5554
412
1759
6303
7437
2660
6193
5731
7028
1960
2113
3123
1870
5717
6928
5225
4037
515
3312
7995
4965
5665
908
4963
3808
5050
5616
3383
968
2785
943
3309
1053
6073
7271
2218
2262
1241
6563
959
1128
7269
3890
3617
1228
5955
4828
6306
3004
115
488
424
1591
7319
1393
4025
1737
6994
5431
7055
5778
739
6012
2229
564
7872
2933
310
2411
5489
582
980
7955
7526
3884
5607
5804
5423
4130
5376
7337
2742
3994
7955
6807
329
4992
4803
7612
1277
5609
305
1690
6050
2669
7918
1365
2084
2841
373
5320
4492
6416
5366
6871
307
1440
806
2273
1927
4564
1688
113
7542
2672
5283
3583
3554
2895
3414
301
2113
2722
2176
5531
7539
1438
5387
6636
6218
5838
3926
7905
5302
7863
2309
7122
1797
2615
6706
393
4423
3462
186
5757
1823
3298
4193
4970
7343
4702
4247
5934
5282
7762
3995
894
2767
3674
3983
3700
6641
7139
5238
1684
3644
2376
7438
5291
3900
2441
6041
302
4137
6921
7987
1428
3408
1750
7463
2340
290
2547
722
2213
5153
5452
7405
5407
3930
480
5308
6441
4430
822
7508
5076
235
1138
2924
5396
2794
7429
5017
4747
7059
2605
4674
6094
946
7928
1067
2961
7135
1693
3784
6966
7453
1023
4337
2723
4890
6250
5687
5249
2578
4175
4350
2868
4945
3212
7312
5640
6552
1620
5181
6615
459
4034
1582
5324
1377
5645
3702
7384
2266
1893
7698
421
4371
4885
2035
3223
4864
83
7589
6037
6317
6317
2689
6742
4953
7940
633
4801
1533
4574
5355
7414
7545
3193
3215
417
7955
7566
6782
5741
6459
593
2671
5141
467
7148
3078
1136
4514
6054
881
5648
2264
2286
7365
2127
2030
3881
2025
4657
1031
5648
5534
7317
322
1701
3145
1707
7071
4379
7646
7814
4419
6887
1437
5431
2166
6202
5107
2459
6607
7072
7162
5814
1914
4667
3960
3242
6532
3795
1585
958
4433
4549
2719
1923
2709
5073
4120
2072
5430
7661
5546
6368
503
2052
5020
2608
1815
2677
4856
3604
4802
5034
3401
430
5356
7324
1052
1780
702
2882
4085
3565
1127
7662
1319
2556
2828
6405
704
680
7654
648
2976
3812
492
2201
4494
5913
7339
4724
2922
6847
3343
7052
1440
6806
773
5480
2175
6412
3758
6794
1856
3986
4043
1736
323
6339
6822
1973
7467
5639
97
3649
3701
3724
1501
7214
1911
7685
1727
48
