927
1360
4541
3559
893
894
5445
2166
4661
3672
7448
813
6324
4795
1816
1526
6976
772
747
105
1313
6978
1419
6277
3522
3969
3446
6270
173
1318
5312
1705
2313
7584
4369
2552
2580
1589
4123
5452
3595
2568
7307
5015
1857
504
2100
387
1341
6178
2502
2957
6696
5339
7748
2110
4912
5566
3563
6311
6099
4963
264
7915
5064
4368
300
4465
4866
6929
7366
2211
2522
486
6849
6265
73
3379
6813
1954
1961
1894
1004
528
520
6977
4079
2675
2038
1782
1254
271
1460
3696
5997
7356
765
5722
936
1208
4243
2769
6331
5390
5039
7459
3028
7527
207
4687
4917
6110
4294
5440
2647
2722
6217
2861
7737
5364
5406
3214
5831
7335
1801
5727
7900
7846
6085
3560
3343
2208
7874
4047
4249
7759
4620
6297
2074
7883
7454
4496
6945
5568
4892
3264
6
5352
3593
439
1536
3274
3206
7801
492
5983
7816
2084
235
571
7170
4458
2833
5113
2304
4456
3940
967
5677
3650
6894
2821
7890
7381
4960
6885
307
2911
1372
6866
2798
2818
6851
6183
3041
2786
4661
1558
4660
5521
251
1678
1815
1161
2208
5438
5359
6768
4460
2739
3584
1706
7425
846
6205
375
301
1115
4256
6842
4150
1419
2096
1234
2863
5662
7163
7276
1305
7714
112
1059
4461
6575
3656
6043
5374
3002
4711
7401
3237
1478
2836
6582
4541
1138
150
2772
1319
7538
7133
3544
2631
93
2952
894
7847
721
71
7073
2575
6001
3321
5629
5003
3603
7692
3043
1887
37
3844
942
7856
6733
6672
4993
1640
4494
2742
793
3470
3900
6444
4992
6184
2927
3675
2037
174
6519
2960
6330
853
1330
1950
3901
5875
1154
6942
4509
4833
5392
1514
4556
2027
7663
1746
3535
6492
2013
4339
5064
2735
2781
1923
6327
4316
7642
19
7868
6307
501
3293
2041
6705
2155
3353
673
6747
6839
5957
2863
1104
3421
5377
2647
2554
6399
4876
4243
2203
4899
5444
4980
7074
3981
6470
6905
5477
2929
6271
2157
4230
5667
3448
1238
3912
3251
4834
2356
2683
2864
3619
6196
249
6756
6282
2347
7770
6698
1301
3518
5335
7427
4450
6500
6627
3597
4744
77
7978
189
4343
5827
5940
5121
6698
1907
3314
7624
156
817
6379
4757
2734
1940
1961
2939
4610
4865
2422
6716
2669
4284
6256
236
3137
7714
4007
3032
4661
39
3850
5924
3172
5215
537
4492
2229
5328
4361
6986
2940
1395
7608
85
515
5483
5575
374
3543
2663
4775
7195
151
2442
4167
1021
189
7402
862
6212
4069
231
6345
1885
4068
4530
1460
5374
7680
7546
5151
3311
5400
2834
5870
5408
7226
3908
7472
1716
3505
606
416
313
2434
2021
5603
7885
4025
3179
1472
1755
5305
4337
6678
1442
5544
1858
375
2689
4375
7326
4759
6381
7059
3524
7990
6830
356
1915
3339
3428
4231
6251
222
1954
3957
5311
6509
7834
2549
7733
5688
1600
7013
1975
2583
7615
7426
5450
2821
3372
3826
3140
54
97
618
6134
959
6432
4868
7858
3723
3267
425
3040
6523
7109
5274
6552
7220
6478
3439
5097
1691
5477
4593
5296
7974
4344
5958
7218
1199
6287
3690
6610
1096
3312
4478
527
3827
2465
982
6655
420
970
878
741
7575
4251
6486
6135
712
2404
4742
7790
3251
4244
7257
2723
1449
595
4386
6297
2922
7466
6395
1033
861
7252
5
7388
2850
4024
241
2775
7668
7649
6181
2169
6464
4027
5
1408
6968
4922
6695
1446
3385
4974
4091
6640
7477
2108
3802
2372
874
1055
3916
7264
1499
2306
7087
5015
2174
3784
5804
3560
7881
470
2334
3653
7945
5734
6258
2536
359
1049
1998
1978
2773
7114
1733
1808
2465
7335
5812
1398
5734
7595
3003
5034
5764
7452
4156
2604
768
4885
6336
4412
2263
5225
7841
192
2579
1744
59
3120
7678
6685
6640
1585
101
6558
387
6993
1758
3084
2490
6692
2699
50
415
570
3906
4570
4955
7958
3435
4000
3106
1547
4039
4843
6800
4385
7271
7715
6909
3210
6689
3698
6627
3423
7172
86
1275
1294
6563
3772
5339
312
3549
7934
3646
2281
4261
2314
4057
7841
7862
844
5876
5551
4200
5657
5005
5691
6824
2010
452
3448
5078
5954
3413
3333
1258
6370
5722
5051
6849
1260
5878
2701
2034
5590
2665
486
3899
3864
6729
6171
1250
5318
7687
6380
5200
4261
3505
2552
2055
7210
3899
4360
6071
6468
5838
5244
5657
3110
3121
288
7918
4932
3959
6490
1678
1723
5843
3471
1152
1912
3673
295
6355
2867
7379
6497
3978
3149
65
4039
2444
1828
6713
876
1861
3190
7756
1794
6812
909
738
1842
4197
2337
6915
2619
5165
5232
6972
4320
324
6969
4286
1157
2250
7234
3914
4038
3572
1547
3453
2799
7869
1868
1656
5529
6908
4271
1706
1481
2394
4339
6050
5824
3261
7650
5698
4900
76
6171
1749
6053
2286
3292
727
6856
4541
6685
3583
112
4524
7384
2698
1744
6392
2977
2310
5952
6863
6678
6484
2396
3470
6121
980
7075
3871
7661
294
6960
6130
7609
168
639
325
6686
2592
5387
2317
4808
6626
3515
159
6203
6393
7715
1992
5555
1761
7642
4815
7118
6762
2381
2793
1781
2298
5276
4079
6698
6506
1574
2613
3404
2746
4644
5884
5675
5051
5569
1592
4781
3618
6758
4556
896
3970
2189
3907
329
846
5587
2446
401
2737
6524
7938
5534
5879
6980
4281
1175
4579
6551
3250
183
6333
2811
5384
505
2238
4250
6532
3256
7707
7650
5130
2870
5737
889
7555
2216
3123
3302
464
6251
941
6807
2906
1597
3577
1505
4500
3103
130
2062
1356
3948
7484
1893
7594
2202
3255
3505
5260
6680
2285
7761
2725
1254
1392
2148
1620
6339
469
4790
2025
7266
3415
536
5193
4689
3504
5293
5067
131
5477
1253
4788
1159
3137
2602
7507
1777
5091
2621
5393
7182
3275
6493
6230
5076
6142
7406
3393
272
1104
345
4382
7385
6876
7836
7485
1429
6186
6712
2204
4029
7541
486
5551
7269
573
3050
3652
1025
5212
5018
6952
1719
4072
5567
1418
3340
3922
6685
2519
7777
1803
6954
5062
4900
1269
138
4239
5239
790
4906
984
7762
243
2725
3383
40
1215
3983
6667
2626
5867
4913
4123
3687
4890
5892
7341
6098
5241
3245
3175
345
7968
334
5696
3120
2990
5017
3496
3267
3840
3877
3916
4216
7603
1684
4451
6003
5058
1871
7232
182
3214
4085
1462
2200
4604
4122
466
1193
4623
4475
4091
3113
1091
2770
1643
6295
5636
6108
1615
6641
608
1514
5444
6305
6047
1944
3461
3324
88
1425
6302
2779
2694
5456
2661
1939
6800
1658
931
4116
6070
359
2444
7104
4793
2658
4408
2662
3239
7955
4599
2960
6729
321
1329
1630
2494
6326
2222
767
6673
4748
81
5784
6740
7852
3904
7503
5825
7582
2697
4133
4845
5704
1647
3574
6137
5936
2682
7897
4755
3961
5940
5117
6796
7421
3442
2361
20
1238
781
1096
3855
7565
4689
4924
7424
6281
4090
915
5865
5761
32
47
2053
5665
281
7851
312
6609
4276
530
656
404
3428
2435
6651
515
2879
4819
3424
4706
6226
2171
5584
2853
919
3154
7610
54
6812
6753
1052
4259
2324
7819
7975
3578
6250
4508
7485
1049
4206
710
1136
5816
6986
2869
4682
5520
7188
3085
936
2058
4135
5821
4491
5130
340
4440
2205
3950
5428
2395
4869
874
3583
5184
5681
6039
42
4830
6612
3944
4264
2928
7571
5430
5787
2526
6450
5014
4394
6205
3852
7853
3462
6348
4185
1346
5843
2895
7816
7440
690
2723
1267
6730
4640
2956
3875
5738
117
2722
4472
7973
7133
3043
1395
5004
5920
1797
5035
7089
5317
7627
7646
2764
3100
4239
4636
2508
1180
5346
486
5407
1140
3811
3293
4132
3362
1040
5345
6684
113
484
2169
7535
2763
1075
7824
95
2483
6267
4917
7957
2570
7248
1392
1762
114
2494
665
821
6961
5608
1853
3999
299
5269
1710
1692
5308
6338
903
5090
2918
2961
2462
511
386
3456
4991
4774
5420
5718
7834
1191
4730
866
3667
1647
5304
4849
866
28
4675
412
3849
7609
1519
3500
4918
4679
7857
3344
3914
5216
2993
6799
4514
5473
4493
5537
5511
6969
2122
5203
942
5172
4412
180
1740
4804
7052
271
2460
6113
180
4696
173
3875
7312
7454
5942
6118
3961
5494
678
606
1059
4031
2510
6346
1420
4721
2981
3312
3137
464
987
1671
3027
4629
3775
5554
7361
2517
7278
3477
7640
6247
3060
7341
1453
6287
4023
7234
578
7029
6928
3775
1835
1762
3555
4789
642
4071
5925
5621
6725
646
1427
983
7702
1727
1574
5463
5889
3498
424
6414
5206
3204
5752
4330
7548
1830
5590
1466
7509
2028
4147
5302
1390
5015
4001
100
6352
6564
841
7173
4052
5050
2065
3011
1640
2517
6210
3413
6279
3685
367
4592
127
6122
7948
798
4742
6978
6260
4212
3330
5295
6965
69
2926
6203
7639
4673
5034
614
2762
729
6075
6095
315
7023
7682
1770
2557
1451
4703
7298
981
1357
7699
1166
6389
7758
2603
6978
7253
405
7321
4702
5745
5103
2679
300
4292
3710
954
4529
2153
6338
2382
2134
4749
5707
5665
280
2856
11
7331
4470
3060
4446
6876
5388
7708
215
3651
4701
1553
3153
3420
2443
4879
980
5757
1864
315
3116
4076
6272
4219
2342
1707
7677
1722
215
449
4814
1651
2082
5405
5565
1481
5940
4350
4337
4207
6495
155
2369
3235
2533
2556
589
1015
4723
5163
7099
6051
171
1521
6287
412
1498
1145
3719
2592
7346
6632
165
6102
294
6832
5408
2678
2309
7830
1915
1206
7264
6152
4439
5796
5516
731
7739
5854
3524
5584
4371
4244
7441
205
7042
7705
1251
2390
4733
6113
1526
983
77
4998
1480
3618
7345
1909
2102
806
4185
2896
5445
6593
1381
3156
1126
5348
7207
2395
3203
645
7648
5343
250
1905
4151
6018
1444
804
1593
7295
4280
4616
6281
230
4619
5026
3860
271
1162
7797
2216
3495
3004
6027
5896
1063
6626
1143
2173
4379
5250
3806
6671
5804
6357
3622
2707
7610
3069
3185
7084
4591
6601
348
5253
881
4086
7261
3025
6136
4689
6602
321
6884
6556
6031
6142
707
6381
5149
6611
7409
228
6858
5723
2802
2801
5536
3602
2059
2844
6585
2726
5028
7299
3029
502
931
2090
3362
4959
5718
3018
5347
1979
6741
74
3393
3997
4662
266
4175
4888
458
6176
6445
1081
1206
3760
2810
1531
2189
3848
2598
1890
1082
5926
1692
6373
1274
132
2762
4037
6991
2089
6378
5768
3221
2963
4054
5316
6658
4006
4040
621
7876
5186
1252
155
6114
434
5777
3317
4371
1731
1950
2782
184
1608
6046
6620
1606
7011
5849
65
6031
5251
6342
298
7905
712
649
4967
4718
4445
4494
2088
3796
4382
5882
5420
7939
5683
5473
4662
2819
7771
6464
6587
2391
3460
2316
3794
5203
2504
1828
2817
1416
7592
3689
3304
4259
6597
7233
1302
1305
6540
2104
2185
1715
2381
6248
4828
1205
2538
2059
261
1894
1584
5210
6674
2652
6945
6800
3019
729
5556
5514
4524
1044
7138
7359
812
7053
3965
7878
418
7319
1874
2528
3232
886
3570
1612
1528
5929
6897
1250
495
668
3125
4066
3867
7082
5845
3608
7337
3298
5831
7347
3770
509
4628
2865
1656
2702
3784
1338
7940
6642
6698
885
2357
2669
1439
4163
5333
7626
2141
2134
4615
1831
1939
2844
1022
7159
3975
6429
6991
4340
3503
6003
1678
1793
3960
7779
1916
2133
2619
5616
58
3196
6400
6197
4787
1643
7131
7642
844
527
1099
565
4125
1701
863
1450
3058
929
5742
488
5462
2283
6406
363
5577
5609
5222
6254
7853
4472
4704
3087
2399
1963
1826
3079
2668
7131
7236
782
5311
2962
7174
7411
3345
39
5476
7268
86
1276
4477
4583
5151
2197
6996
6470
5226
7796
528
838
5180
2597
7429
4515
7069
4072
4485
7753
7294
5382
3412
5997
5129
5785
6716
939
2986
6671
384
1870
5672
2965
7346
6130
4574
5875
1345
2772
3902
4158
1395
2346
6119
7255
5885
6625
6517
7482
2064
2797
3138
7272
2052
2478
4569
629
4494
3461
2540
2104
4996
6996
7586
3548
2407
4473
6265
2255
4671
6108
722
7152
5922
3201
5374
5574
7324
6452
5910
7937
6223
7277
167
4147
3909
7194
2473
1513
1761
1960
5007
48
2755
6569
240
1497
5991
120
1534
7195
7712
200
4447
1608
1984
5731
7093
3592
2111
2910
3953
5586
6134
6064
6925
6628
4485
7588
7934
2223
7745
6622
6803
1289
5087
1676
812
4593
237
1768
521
5173
5541
4357
7849
1094
2165
5080
3006
5582
2402
3524
7507
5855
2241
511
1454
3402
1374
6827
6583
1317
321
5049
6174
1701
6845
937
4223
1109
1537
5822
4782
4352
2941
2936
1734
3243
3237
4646
513
7510
2514
5791
6956
4908
820
328
958
5844
3921
5291
1119
5585
5310
401
1527
680
7693
4629
4666
2845
7521
6784
2880
140
7772
6466
612
5946
7003
7130
2775
5766
6528
7391
763
2559
4113
5490
33
6049
2200
4316
7531
2364
5816
6513
7590
5229
4750
3573
4424
7591
2123
4826
3026
4377
5936
5263
7923
3909
3222
4492
5262
1629
3643
6896
2037
4297
5515
3408
5228
462
5465
6307
1108
4491
6212
3212
2207
672
6792
4107
1239
836
978
2847
720
7674
407
4389
5919
7163
7806
7597
3176
243
3931
5566
2059
6603
6843
7008
873
1928
7377
4921
3603
7833
5807
3926
2604
6687
3980
2735
7166
7493
3521
1088
5643
5961
2663
5182
64
246
6841
2921
1921
7059
7416
5222
5616
5852
4621
1011
1559
4775
6567
5821
2363
2618
5246
156
2514
7996
2483
5251
2150
4735
7245
4396
5276
3089
7122
4126
2419
5666
567
4405
7464
5846
2890
7978
2175
4229
2857
7572
7434
5440
6837
5462
7856
3828
1915
1010
2842
3552
6893
2101
1792
640
6604
3426
5091
4407
7378
2016
3783
239
7974
3667
362
1324
4943
6666
5512
4500
1801
5501
5850
5734
7770
1839
262
3828
4992
204
1116
6005
4338
7015
2953
7157
5717
2536
4511
4286
7861
2539
443
3265
345
7450
2624
4481
4261
1210
6326
2267
7338
2400
5891
840
4103
2147
1419
2803
6275
2658
3359
7472
1915
7893
75
7707
5268
1385
872
7322
3196
6690
867
5928
2087
591
2219
5177
6716
4357
88
6191
3108
1352
546
6777
7305
3234
543
4231
13
1769
3824
1465
427
5131
3719
6101
4004
975
987
3266
1083
1686
7801
2658
1877
2001
5967
3084
3976
3698
6440
5631
5439
7287
4872
2181
153
4296
6060
5937
6608
2211
7431
4770
1363
7894
1319
3486
3242
1489
555
5455
298
7368
7957
6832
7789
6153
6750
4620
7412
5769
5895
1968
4287
2370
7405
4067
1064
891
1649
3227
4389
1100
1321
4262
1746
2661
650
2236
384
7094
5189
5702
1356
1256
3464
7163
1362
7129
7885
5391
1966
2185
5409
6800
5361
2524
457
2769
4342
7480
473
2647
1499
5404
2111
5385
481
3897
2589
515
592
7138
1010
5728
4106
911
6441
1391
5562
992
6093
956
3331
2955
6605
7130
3607
6378
5519
1952
1272
2990
4251
335
812
4851
4158
1552
5197
6271
4128
5750
1552
5388
3238
1791
1154
3943
3368
3506
3684
3649
5159
3135
1506
1307
6573
716
3805
1543
5953
3890
5705
5037
1998
7826
3789
1236
1655
7096
6545
6559
4655
6203
2582
7445
5629
1574
956
7858
5502
1861
1820
2300
1984
2582
993
5280
5315
706
3106
4286
4969
2995
6541
6173
3749
2570
3779
3657
7364
6448
6490
4661
168
639
5036
1439
683
4467
3687
7338
4369
6923
6847
3717
7926
2996
6862
6711
4149
908
2681
1210
2242
1628
2275
1445
4313
1284
6954
7187
3663
6799
206
3275
1519
1878
3409
4615
2283
2587
4055
2677
6369
7188
4486
2712
7471
7160
2765
1516
4530
2518
3229
4935
3859
5613
2520
4522
1307
7738
2325
2503
4190
6542
2727
1610
649
2711
6091
3219
6763
5930
2063
2950
5416
1056
4743
236
2841
7360
3750
7905
4454
7009
1589
3210
2580
4123
5422
5836
936
5239
3657
5759
2279
4746
1935
6657
2271
1042
5787
7421
5363
3723
4483
4912
2106
2070
7419
3315
5012
1261
4782
3297
3329
6963
4855
6464
6560
4491
3527
1252
7761
4950
711
726
2489
107
7113
1230
7113
6456
3582
2960
5539
5465
2747
6024
351
5277
3988
4238
3950
1724
1207
3361
7643
2340
5100
3843
5041
6646
5959
487
856
1554
982
1000
1079
3973
5120
3672
12
4107
669
3707
6226
6680
227
7352
5026
5437
3327
6210
6604
4691
7580
3083
2510
6577
3037
2203
5390
1021
2768
4276
4951
6902
7644
6905
4244
1543
5051
6606
3744
4647
1752
5383
6163
1545
5585
6683
4589
2607
6003
2816
2700
1597
1269
186
3399
1627
5144
6875
3280
5454
5023
140
1812
1236
4340
6616
5604
2147
4048
7066
4487
5572
6241
7562
5868
1485
1849
1792
6631
2262
5784
7204
2395
4028
818
3285
7179
2012
7043
233
2889
4579
6003
7838
5031
5894
7467
902
7051
1122
3300
5112
961
7448
4834
3273
1761
2981
7932
7820
1325
7386
7015
7643
4632
5774
7632
1744
6617
2943
418
3290
2033
4205
720
3120
4769
2704
7461
5295
4539
7307
1878
4550
6143
3691
7938
3254
6845
5007
6716
6729
4378
6832
191
61
4550
5016
7522
7121
3269
1253
1180
1106
3825
6062
901
3919
4263
2696
2387
3273
4956
4379
4707
1045
1103
6465
632
1409
5475
1386
4811
3848
4298
3257
985
5445
7339
730
1875
5008
3006
4031
3255
5550
4403
2112
2498
1871
580
2933
6450
3358
992
5795
6632
6579
407
7866
6881
1664
7789
4415
3589
7230
5969
24
4432
7413
3768
2982
7155
5456
2892
5522
4123
7593
4218
5371
3657
216
1358
5667
2167
6208
3344
4850
4708
2935
3887
3181
7138
4137
270
6751
2168
5039
6581
2153
1004
5434
473
3289
1633
4334
6252
6493
1788
4321
469
7614
4821
1940
931
5110
1179
1947
13
514
2427
3261
3676
6833
1193
659
5977
945
1782
135
7607
6669
5544
6418
373
251
1740
7593
1992
985
6363
2578
805
7482
6280
1395
5620
7093
432
1506
6139
3313
6653
1098
7724
6679
4096
5528
3719
425
5991
5981
7974
5124
3694
516
7440
3037
953
4416
1211
7536
4600
986
1902
3633
5580
2049
1091
4216
2149
3954
6551
5531
2155
2823
6223
4118
2604
489
3604
4621
6190
3315
3813
1625
7310
874
5029
791
1189
1553
5641
1280
3806
5700
2143
7898
7156
4374
3001
3145
3333
4873
5906
2014
6783
2773
5382
7169
3375
5644
763
1335
7479
2110
357
4571
2271
2705
6166
7478
7915
2143
4072
6649
54
7093
3536
3934
2186
2596
931
4275
4272
7398
146
7519
725
3806
5405
1010
5507
3210
2773
7470
6502
98
7202
6451
6967
2785
6524
7271
396
110
5476
2308
4991
7174
5218
5563
4925
4660
136
557
4916
216
123
5822
708
4728
4336
5026
2104
1867
4646
4660
3389
703
7323
3125
3042
4541
7341
2529
6907
3542
5776
1263
388
7181
194
74
5705
6023
2306
3325
6386
2605
4309
4516
5702
4005
941
5067
1842
298
5488
808
6783
5730
5798
4955
4785
5678
257
2495
5477
5405
2336
6201
7081
3286
7254
1952
3246
4956
4848
228
3789
6138
114
7155
7998
5925
3434
7389
4777
4939
6656
5929
5452
2393
851
3405
5327
2721
3584
1636
7920
5330
7138
4867
7588
2426
717
4976
5416
3555
979
4562
7828
386
5343
1758
1847
2717
1848
928
4482
677
4361
3945
509
505
5374
5651
7621
3417
7524
1426
4880
3887
75
5125
2949
6311
5610
966
3340
3878
1691
3484
2246
1053
2782
7421
5665
5045
7479
625
7770
5627
3924
4411
7732
2753
7762
4638
5859
7718
803
7872
2673
1358
7255
1811
7880
7592
61
2455
1628
7185
7582
1175
2056
2060
1002
3654
6950
4211
6213
6510
6241
7384
1513
4083
2387
6077
3081
1635
3222
7999
3527
6710
5333
5719
7194
6992
1389
2679
3015
5488
1469
6719
1293
268
554
7521
2533
1526
4677
5554
2582
7526
5770
5953
4561
2163
5512
1675
7756
2035
5041
2089
4663
2091
841
961
5453
752
3630
1732
3305
1632
6596
1412
5011
3555
3575
4067
6571
4705
511
2357
4056
2831
1269
2991
218
6845
7382
6884
6616
7354
2349
7107
3182
617
487
3899
4850
4694
1331
2300
4449
3126
6002
1520
7797
7123
6794
6725
1489
3288
7383
3609
3862
2022
5581
6776
5100
1382
1395
3918
5588
3433
4538
4370
7878
3139
2421
4467
6873
4937
4067
4824
5090
7289
7259
4233
6162
1451
6860
3829
7036
3566
3631
6362
2119
4442
3489
1751
7844
5291
4049
1162
2055
3496
2796
7579
2406
3665
3985
1554
1779
830
4758
6738
5859
2008
1606
7998
2987
5155
7275
3879
1193
7795
7198
7579
6970
7702
625
6347
4785
6268
833
7046
4271
6937
5572
844
4337
4014
4793
4564
2035
7459
7184
683
6950
891
3784
3333
580
73
5707
4952
4723
7010
6583
7990
2937
5741
917
675
4982
2010
381
643
4232
1961
4662
6476
2399
2957
7496
4784
5688
5974
6827
1745
6362
5050
6001
7705
4601
6352
7987
5482
1234
1170
3261
675
6094
1248
4440
4849
1888
4918
3015
5391
4157
1157
3094
6649
4387
5883
5935
2848
2254
541
4728
3003
2765
5327
4450
2779
7020
1461
1829
896
5117
916
791
7437
6738
773
4640
746
737
6992
7014
1218
6704
4277
2172
541
3868
6822
2604
3051
2249
2796
1898
4281
657
4279
4110
5237
1874
4765
883
4368
1505
6017
1876
4578
3251
5406
3196
5685
4314
4468
231
5119
3180
7264
3654
3911
3876
3948
43
869
5638
2205
7599
7638
6088
7722
340
257
1282
7957
2705
2739
4959
1239
2722
2808
2941
7684
1818
376
2653
7991
6069
3564
4148
7768
3628
2285
1871
1817
161
4593
1708
4877
2831
7647
2989
2835
3892
5887
995
4481
7092
596
2647
2633
6041
1648
4580
5579
6615
5608
6778
3864
7762
605
894
6629
2594
3850
2340
6917
4883
5166
6215
6381
839
4288
6511
2535
7645
4545
4867
5124
56
7748
4603
6965
812
6005
5104
7020
6841
1001
6319
5813
2944
256
1481
486
3734
2681
555
1573
1026
1524
4382
7273
967
202
4840
5010
1983
933
990
2700
3066
68
3546
4581
1981
4567
1851
4224
7217
307
5640
4891
606
1802
5329
145
3559
2205
4256
2483
2394
838
656
1213
6074
3780
511
2040
5171
3928
2503
5371
3579
187
6240
5352
3640
3756
968
7165
7663
6648
6705
5487
4567
2790
580
211
1800
7533
209
2190
7046
7051
3000
5552
1570
784
7015
516
773
713
676
4827
2867
5431
2365
4691
4516
5460
599
4126
7033
3161
5901
1833
5948
351
7847
4540
1695
3439
4064
3156
5409
4915
1759
4907
5375
1256
1673
7204
5985
3585
4673
4674
6353
6392
6735
4551
1739
1145
203
3796
5281
2840
1845
7733
132
1827
1384
4457
1695
6646
1909
1985
7017
7018
7025
6465
6740
4880
39
5671
5369
2853
7127
2442
497
1946
7897
7119
973
3016
5604
2769
4189
73
2874
5269
3038
7091
7587
1893
3242
2623
6000
2843
2464
5356
1164
4180
7505
2169
907
2928
3892
3298
6343
1890
7618
5037
7320
7514
1828
6038
7961
5462
5025
5505
4278
6887
4733
3243
2503
7860
7530
1337
6924
5091
6647
120
400
6003
6736
3773
7742
3298
5801
6911
6813
3950
1401
3080
5254
906
531
5519
1190
4672
7639
6249
789
1530
2570
1121
5888
1985
7490
5907
4430
392
2644
175
1332
3439
2201
7704
6179
1870
1777
7944
4061
261
2922
3440
3188
7380
1114
3015
6646
809
6278
873
5634
3700
6459
7743
543
3438
6007
4626
2977
999
6906
7947
166
4860
6712
6052
7023
3969
3833
440
70
36
3124
7787
3795
1609
1329
217
2032
4644
5604
3386
1985
3414
5458
5970
5321
1838
3298
1562
6666
656
5076
2061
455
3432
2920
1115
2029
7073
5712
1401
7827
2551
1816
1149
1459
4373
1267
212
6041
3120
4656
6018
5742
5429
4807
1634
6869
3517
590
1087
328
2285
6700
4630
3032
5314
6362
7109
282
2523
486
3717
295
5368
4960
2449
3787
2575
644
3288
6402
755
1092
1534
1697
2439
1768
6027
3705
2435
2861
2096
5769
6600
199
5468
7211
5381
3088
2308
2611
6175
2497
7008
4241
4410
6490
3044
4630
6162
1446
2538
2525
5110
3507
6471
2389
3645
3444
5538
3589
1817
305
1185
1103
2274
5394
979
3004
3056
375
4496
675
7668
2166
2148
3181
2129
3200
4991
3399
1712
1618
6332
2065
6837
4623
5356
6035
1840
7877
7843
7704
255
6291
5925
2683
3446
5279
4505
3996
2814
5738
3544
4281
3901
7518
5007
4250
5001
2326
7020
6254
6228
1641
1935
5054
7770
4238
6716
6099
192
2609
5831
5307
7379
5221
4446
700
6981
4739
1694
2953
3381
3374
7943
1442
3438
1728
3882
702
5340
1074
4153
2597
1293
6253
3348
7865
392
3442
7333
2786
4524
4600
4939
7025
7445
4177
3065
6548
7132
5630
501
4486
4140
4685
236
4804
3345
324
2925
2624
6013
4256
3039
5392
6516
1514
6318
2755
7929
6143
1385
7630
3653
1992
409
6708
1433
2374
2616
6489
1555
463
3571
3274
308
7184
6192
6068
7114
5218
6911
1761
243
886
5096
6586
6176
63
7059
17
5392
6203
4881
5156
4882
5474
1099
387
2783
6822
4838
1259
3877
2731
2607
5853
4576
5675
7121
11
3201
1986
7728
6964
5091
3912
4397
7516
5041
5446
14
5033
380
6583
6072
4936
4153
7270
509
4526
4103
3624
4773
1669
4290
1733
4305
6977
669
3436
5918
2614
5088
5294
7804
1171
367
4495
4258
6872
7083
2180
3463
4339
820
6184
2199
3512
7971
1912
6022
3839
4322
5292
1879
4324
3818
118
3151
4840
8
7941
7549
6958
7541
5543
4453
148
6042
7756
4437
2640
4074
3869
2866
6622
3003
2883
1330
1893
453
737
7245
6063
6406
4918
5171
92
4976
1333
7622
6531
5241
344
5200
75
6764
2568
62
7116
4264
5240
7753
7857
4928
7613
6148
5610
5346
1142
2099
3085
2319
3097
1454
2116
2771
2709
7474
1820
4429
7559
7756
350
6590
6122
4949
6742
2918
2684
1602
6585
5896
4060
5208
6821
5686
1041
2603
3044
2407
754
1871
7119
7794
4720
5157
7684
889
3796
3255
7794
47
4888
617
3588
3764
431
5209
7652
4028
2463
4614
1972
2546
5936
3856
7595
1592
7957
6808
7498
7063
6717
7767
3533
6750
4766
5880
3706
2597
1654
5017
797
5770
1875
7681
7943
6530
4369
4358
7207
4484
2857
7645
5776
7669
849
7104
3049
6661
4306
5986
4671
7318
2658
7731
7711
2617
3037
5900
1015
4763
4873
1292
784
2238
2184
3019
1759
386
1669
2147
7334
354
2971
4297
3193
816
4913
1620
591
4446
525
7013
3679
984
5011
2316
7321
3248
6445
3773
1266
7954
2250
4156
3046
6540
1998
855
1303
3804
6289
5336
1668
3486
6725
5666
5740
7794
3205
3025
7524
3396
7326
4173
3892
6994
4583
7791
5231
6404
6106
563
3169
5431
5859
1576
1656
6478
7741
405
3192
270
863
3869
7979
4548
5593
4119
6818
6188
6164
7693
6256
6856
3429
1321
1920
4063
6379
6582
3145
3327
6530
7281
4517
1337
2472
5036
3642
3543
4001
4778
4820
1193
3063
3501
1255
267
5746
2630
7554
5283
365
5910
6429
7527
54
482
5582
2039
6226
5611
1230
5851
1912
4003
5152
5515
1926
2389
3347
4866
6927
5150
3992
4532
3468
3485
185
618
2835
1889
3751
5061
617
5130
539
3413
4978
3296
7297
122
1350
3454
6305
6762
5339
2695
3617
850
948
3057
5554
5721
4596
3262
6156
4995
177
6526
2785
4687
3260
1488
2340
4527
7468
6223
6191
3578
235
3851
3151
6402
4386
3908
2667
12
7068
3010
1823
4314
5491
4838
725
1237
2085
1092
7884
1818
4009
6832
6593
6118
7762
7981
6669
2110
3509
474
3332
815
808
4268
311
5835
3904
3305
773
2631
614
6132
2687
2588
2194
1740
6266
6769
6220
6965
6203
2145
1479
3276
3018
3585
2244
5430
6847
6218
6435
5740
2603
1622
7276
2971
5050
1914
4091
3377
5277
866
4355
5763
5405
4222
4482
7751
1847
1450
5040
6523
1757
6268
501
2055
5859
4436
6831
961
2046
7823
3013
7705
1741
3144
6606
3770
306
1450
3658
7666
1654
7700
1745
3913
1678
7950
3815
3055
2876
1107
1821
2069
6474
2782
5314
390
3500
2228
4875
1690
2990
6834
1350
1307
5921
1779
19
5686
4947
971
2804
6656
2324
4971
6778
827
2826
1075
7761
2851
3874
4284
4689
5408
3047
1068
5819
7474
2345
1334
4047
1659
4982
7364
5151
1375
2519
7534
4257
7106
5656
6275
5965
4066
6233
213
6922
2300
6457
6912
1654
5610
3599
464
3636
899
220
7634
4185
2234
4722
1245
1021
2676
2062
1141
2641
4468
2480
7044
3855
2091
5472
6193
6006
6808
3749
862
3457
1406
1097
6000
7697
7810
2098
3548
5708
4208
4669
1716
1757
848
7091
316
6699
3550
2774
3804
2363
6001
3391
1892
3065
5031
7281
4162
6961
3822
3974
5336
2036
3564
7637
4321
2750
5345
2999
5266
113
1122
3637
3070
5769
411
3741
4480
2123
7747
6473
2950
2032
1316
3775
5022
2036
5522
5438
6753
2208
7956
1879
1968
3551
1406
7067
6857
7091
4513
5684
3123
5803
2701
114
7989
4249
2851
7740
4561
2791
4967
5008
