3823
4580
5617
5386
2696
293
3162
3375
1100
3204
1851
358
1759
2310
7105
7047
7324
7326
5729
7682
2748
462
6734
28
3009
4258
5935
3414
1694
3263
610
7959
1599
1021
7270
1716
4638
6226
7024
6090
7710
7550
1615
7109
4025
14
4164
4861
1450
2146
5072
3348
3383
5673
5284
6473
5587
1150
7727
4901
4707
212
5964
4896
1366
2438
3687
1111
3278
4614
7897
4278
2138
3294
2658
7074
6723
724
1885
3307
3672
7883
7115
6141
4400
6217
6180
6554
6186
212
437
3109
4433
4501
6557
6512
1051
3106
7382
7380
5830
2604
1407
4161
4808
4141
4219
281
522
4907
502
982
606
7508
2049
1743
5274
307
7267
539
7978
5318
4138
5188
6486
2504
7657
5178
7071
2113
6914
892
4358
5118
2611
4689
3581
7169
2668
1151
57
2368
5486
4777
931
2990
181
7869
4709
4170
4764
3276
2312
1092
6673
5601
1866
1500
5729
1082
2880
4876
7543
4966
1961
2374
4164
2366
340
4571
3213
5243
5394
3986
428
7362
6741
4614
7912
7249
305
4200
2480
5834
1401
2081
6897
2115
6436
3413
3340
460
5582
4558
3460
1351
7481
5163
607
7273
4480
463
2898
5569
5095
7929
1912
6783
1560
3829
2518
4634
2988
3317
3855
4967
328
3187
5358
1641
1424
1074
2224
5054
5657
782
44
6010
3034
3353
6165
7499
5099
5973
2841
4954
6849
1492
3533
7456
1584
5995
7220
7940
3136
565
3802
5566
2675
2301
3203
3444
5136
6054
5039
3688
6550
5638
7024
7456
3995
6280
4138
1820
6444
1046
6404
6699
6638
3343
4939
2274
4827
6797
3262
3031
514
2144
6210
473
2885
3642
7109
109
6307
7299
1532
4593
3608
3211
1788
2496
5842
5004
875
4225
6166
3138
485
2959
7429
768
7640
229
7435
6197
7298
1944
363
2725
4243
3033
6301
5536
2368
3886
3023
3112
7872
430
5848
7923
4417
7068
1850
4961
6911
989
1614
567
4786
1738
4825
4543
6137
2490
6886
6600
5472
4777
6
6543
1694
3661
3260
4286
2662
1707
18
6884
4957
292
5047
5073
2349
7106
3667
4007
3112
1052
372
6187
6811
506
2826
1557
2652
6483
5546
7709
1696
3720
3025
1614
1449
5067
7218
189
6821
5979
3317
7147
3205
3895
2709
7613
6914
1547
3550
5069
597
5463
554
1580
5697
1930
6566
5338
2113
1471
5116
80
7134
1717
4538
2156
2530
5991
5598
352
5775
4821
6883
852
1638
3529
4680
3989
88
4629
3304
5912
4230
7018
4125
279
7875
3047
5441
1373
1712
247
207
7667
6465
5752
7819
1002
7981
4330
5468
1706
3211
5298
2176
411
5524
7554
6420
5658
6972
569
4108
1091
4500
6929
2262
2671
7742
1923
228
3835
1190
3211
5595
3028
1296
4304
3621
354
23
1791
6671
1540
527
344
1465
6669
6653
5378
1365
1986
1073
6609
3479
226
638
6085
7278
605
5222
124
6466
76
2261
5684
1265
6237
4372
489
628
3551
7271
1705
4992
4537
1268
6653
5486
7081
5880
310
6557
1600
7980
4822
7068
6981
4138
5902
4311
918
26
4863
5912
7544
258
1095
375
2939
1460
2224
5651
7402
6585
5163
4565
891
6397
7030
5067
6242
6365
4252
6751
4980
4958
167
7080
6530
4030
1652
7112
2619
1331
6870
7923
1290
7653
6497
6881
5200
394
1842
3719
3808
7146
5455
7331
1442
76
4792
3229
2435
2754
3275
7210
2469
2212
894
122
3060
5489
4246
5575
4414
2464
2038
3911
4207
2751
5354
747
1656
3021
4718
6306
7668
3781
36
2547
3401
3741
4614
4317
4074
7785
3146
1286
1802
6759
2687
1580
284
2555
1013
5310
2415
4143
3208
3062
158
2753
5832
412
2637
6352
5514
3441
2401
5025
7430
4210
2683
5606
460
6053
4551
2789
2645
7788
6021
796
2559
5153
5093
6558
1809
7151
4995
2606
2576
3122
466
3864
1016
6203
6558
1885
5809
7386
2514
2451
1648
1031
3587
4503
1268
3441
3205
969
7099
4465
3444
4903
4047
4886
2107
5138
6535
7030
1794
1419
784
1651
6719
3228
7653
2904
6416
5274
6462
6890
6257
466
7848
3771
7110
542
6793
3752
4634
6499
7168
1093
813
2612
2908
6838
4946
838
3548
1107
634
5264
2061
6986
3793
526
4511
5030
245
5134
7360
741
4602
911
6146
3337
6690
1183
7072
6021
3797
6471
3807
5699
7741
5405
1687
2230
5923
4298
5050
6378
1519
6118
5113
1941
3831
6427
5561
389
4501
5616
1158
1834
5615
5680
5932
4487
6610
3638
1803
1660
3335
857
7741
1915
5262
3068
5962
3621
3241
6934
5551
4258
3561
763
4761
6167
1679
7569
742
3200
1475
1118
920
1436
4951
778
2814
1461
4171
497
592
257
3566
3711
7643
2609
4460
6250
608
4268
3643
3550
5231
3388
3387
2502
4398
2282
5364
1918
761
1032
7441
7020
798
5164
2396
3137
1985
4246
6132
5779
5912
3924
5689
2967
3579
1268
883
1433
6958
1262
3878
421
676
3018
5645
4303
1849
3138
1574
4082
5578
2110
4357
3037
4653
2930
3516
1698
4916
7597
7219
4350
3391
5510
7243
7728
646
5149
2967
65
3233
4972
132
4765
5841
6746
4669
2884
4144
4456
7093
7621
3734
2520
481
449
4681
2694
6773
332
3604
878
2467
4095
4422
3188
1958
4391
6097
4677
3373
4641
5277
4026
4580
7098
2720
2320
7969
4092
908
1803
2880
1556
6811
2665
1772
6443
721
6461
6337
4509
3027
4816
180
6483
4105
1541
7137
4766
7633
6044
4995
7395
5501
446
1913
7046
2090
4246
3169
1202
4834
4385
170
1134
2268
532
2311
1985
2386
7900
603
5068
723
3709
844
3149
2499
2705
537
6109
6039
6787
5640
7074
6546
7836
3205
2161
1087
7926
1926
7014
6353
5561
1512
7585
4552
4621
3276
3783
1614
6568
4684
5368
2140
7773
5557
4129
5197
5631
5361
1613
2662
6154
4692
3652
4900
4903
1335
7914
5019
7203
5102
2994
7507
3529
1139
2724
1622
571
3102
4691
6395
6549
6631
2025
6306
1787
4273
4824
3607
1897
2187
5285
6063
4680
5125
5134
5995
1950
4382
2882
2421
7721
6805
5439
2552
2222
7065
514
2870
3110
5118
3619
6347
6636
6960
4863
3331
6950
5292
2339
3731
5571
504
3523
63
2784
3182
2141
5556
2754
2267
6805
2757
707
4170
3542
4177
5405
1912
5551
5356
922
4146
284
777
4412
4107
3530
5621
457
1785
2075
1526
4815
4273
1390
717
3797
1783
6665
163
1606
355
5622
3550
4212
5261
1521
5452
1217
453
6923
1726
1503
2894
2460
2201
6218
6900
1958
2347
7366
585
5039
1881
1684
6723
989
26
4347
1349
2242
5835
5184
3098
1978
4393
2842
2009
862
853
2837
781
5815
4600
4162
2366
1985
3421
4851
3570
7761
3518
7862
837
5707
1499
4851
2067
4226
5544
2885
3161
3966
5030
5874
7655
3667
6990
5714
6273
7213
7209
7711
5854
3833
6367
5795
7242
1237
6237
660
5424
2708
6079
2406
709
6062
6909
7513
834
7328
6940
3957
7438
2194
973
7805
7013
21
179
3759
4326
3354
1859
5993
3264
7806
2086
2662
1935
5701
7632
1405
3327
3833
6268
240
7170
4622
4776
7167
1990
4373
3769
1431
7639
6268
7996
4243
4014
4059
2924
5495
4567
1319
1617
6406
7719
2770
1889
1278
5520
6813
2211
3925
6593
7628
4912
7663
1290
7887
6863
3328
578
2614
3584
862
615
2460
7048
4183
5098
7099
1050
5616
4580
4106
6059
4883
3310
7559
5697
6574
3831
4062
6361
2644
6091
7659
3299
1133
1192
412
7434
6276
5457
6796
5768
1543
4024
2544
2928
5682
880
1514
3898
4935
421
2144
4942
981
1528
5610
7285
7664
3449
4784
4840
7742
5945
805
6582
1515
1972
6498
6088
693
2571
3018
3379
2639
4039
2998
1254
4107
1775
4859
71
3620
4024
2940
5694
3437
1964
213
2667
7726
4595
4152
2077
1960
6920
7295
5167
79
6936
2120
4675
2393
1066
3698
1708
6172
2523
4087
5452
3654
6707
6398
6567
2472
1836
7065
5743
4138
5395
6116
1862
7622
6644
3785
1998
875
1201
557
5199
1202
7157
5337
1738
1429
905
2396
2902
6261
2650
4329
3722
4715
228
5652
2231
6825
3132
4697
1886
1730
4689
2325
81
1454
2959
2839
7157
3809
941
3203
3660
119
2836
468
3962
117
7099
6553
5484
7754
5261
4174
3243
1426
577
2104
2664
244
902
1635
6861
6803
5680
605
3429
6624
940
3974
6556
4310
5880
6426
2162
6579
3258
4966
7755
2659
154
3059
5898
20
3924
5809
7942
7391
3289
6485
363
6071
2928
7425
6034
5096
3607
6322
7999
5121
5749
2386
5149
6246
2106
6264
4328
645
4167
2889
4499
2589
7025
7304
2622
4774
1022
1337
235
3095
1491
1756
2500
7968
7431
5204
4180
2016
7171
1628
2786
5666
1878
7122
522
616
4827
7474
6590
7162
7852
536
5546
1497
1028
1308
2033
7184
3386
1958
5130
276
78
3713
541
4434
5655
4375
6347
949
3639
28
7106
2228
1263
145
6314
1783
6537
4322
6106
2972
2277
5850
7186
6559
1520
201
7
4657
6125
2620
5772
2859
167
4576
2297
7848
2218
7113
7850
411
2834
2658
5019
3373
3129
2802
3228
1143
1462
789
7168
6694
869
7844
2804
7889
6104
2592
3346
5482
6486
3314
5724
5853
3461
5101
3077
4282
2723
5748
1681
7939
3341
3382
1194
7389
5302
5145
6149
1175
5540
4597
3529
1155
2856
4880
5794
6361
5977
4649
5229
884
204
7472
6127
2538
6777
5007
4112
2854
6045
1762
5034
3241
5222
7852
651
891
5198
257
2198
401
808
674
4871
4555
235
7754
5084
3100
1146
4456
4091
3774
1398
3282
3987
6915
148
6546
7674
6612
2828
5954
5821
7490
3340
3538
5091
5165
6297
5316
1210
5465
2123
247
975
1195
2032
215
1937
7017
119
2641
4227
2348
6526
5573
5598
6898
5408
1475
5080
7006
5605
4933
399
6447
3579
5226
2456
4483
2077
2958
3646
6330
6355
3580
3179
3355
5488
1506
5509
2035
6858
3070
777
908
7868
6767
5674
6828
5307
1919
7346
3280
359
4432
1999
2086
2964
4114
7031
90
4431
1864
6634
1059
362
6061
138
983
815
3869
1027
5961
5530
3651
3596
5431
2620
1205
3637
7760
1139
4164
4584
244
3135
5762
3252
2828
878
68
3543
5520
6592
445
555
3509
373
1113
1825
3068
3811
7443
5858
7500
6217
7906
2172
2905
1080
4693
2711
6067
20
738
2701
950
7219
3168
2958
5374
3171
1295
7835
6442
7390
7001
4588
1106
2435
4263
4580
6071
5970
6685
720
5582
1336
5311
5194
5347
4202
2778
610
3992
693
219
1316
554
4455
1085
3525
5947
3382
2520
4476
2776
1506
1396
555
5979
5355
7455
1027
5943
7930
489
398
7291
6692
2
2537
2484
2641
3701
1840
6641
2374
1650
4850
6206
5130
7377
6958
5213
5209
5423
1142
5717
555
1049
4456
4757
4954
6433
2264
4097
7652
1120
532
1303
4196
453
5371
7918
7535
7008
4099
7751
4151
756
2615
1593
7505
5770
5010
6971
1882
92
2335
5753
6687
1816
1412
4170
3240
7574
2778
7860
5771
2285
1518
3848
4021
6086
6588
5126
3282
4214
6211
7935
7195
472
1809
3934
420
5391
630
7677
884
2942
7902
7589
6979
5297
5304
6108
3629
271
1755
3458
374
3011
4633
6697
1943
436
2345
7281
7550
2157
5928
5489
837
5056
5666
5037
3501
5148
634
5781
6085
6592
570
7597
5371
2771
7046
7427
982
2475
4879
4176
4797
3229
989
306
506
1405
506
1753
5421
100
6890
4434
4630
1343
3707
4874
4171
2484
6854
7215
6859
7549
3066
2954
1310
5425
184
3596
1467
3456
1747
5841
2677
1858
328
5257
639
369
3593
300
1102
1036
2783
5228
6410
3032
1207
4055
28
5773
812
7554
6275
5408
2616
3650
1898
6262
7081
3225
7674
7573
3709
835
5806
1620
4939
6188
4803
1498
7606
61
6660
4103
2576
6325
350
1261
3974
99
1465
822
6890
2671
4392
6061
1071
1607
1748
2774
7777
4455
2350
5735
1620
2809
6604
4757
1271
5802
2616
3298
4007
7176
7978
1844
7493
3678
4771
4375
3670
3330
3848
2439
4304
3692
218
7654
7399
7652
1407
226
3328
4768
3079
5057
5780
5707
4855
3050
4117
7267
7120
7837
7631
499
5871
6610
386
2742
3005
416
2812
67
290
7631
5091
1976
5732
7990
4789
6573
5465
6116
4488
3220
4462
1149
1264
4229
6109
22
5182
7961
6577
4245
4920
4182
2804
7262
6412
3085
5192
5204
940
6213
4579
626
7411
1278
5892
2196
4812
7318
1152
5743
7241
7
169
2403
2296
7923
6207
3794
4369
2089
6824
4406
2827
4158
3665
524
6999
4028
7327
4078
212
1416
3305
1679
1334
2386
5134
6686
6414
5051
670
4930
5449
4169
879
2227
5872
2227
494
496
2248
4623
5872
3229
318
72
7709
4802
6202
1757
5547
6551
3193
5051
2539
555
2328
6354
4653
6761
7969
3565
554
648
1065
4784
2471
3091
449
7456
3712
933
4276
4960
4057
5277
6548
3328
1849
960
5771
531
698
4395
6462
7531
884
2288
1690
817
825
5515
504
4321
4644
5249
3228
2582
7185
819
5364
1421
1321
3529
3386
613
6221
2866
5000
3046
5306
4455
5117
3403
7902
2057
865
7290
6935
7654
4014
1503
1288
5126
7804
42
7123
385
1893
5843
4855
2220
5656
3050
5006
1074
3805
2601
3850
7808
1832
317
3354
1876
1238
6374
3251
1824
3697
2702
2677
924
1543
2601
5153
1336
1949
1937
830
6371
3809
2404
3216
4446
3686
5209
782
7618
3472
458
6902
650
3506
1670
1158
7960
7069
4082
2416
1563
4358
5197
7922
6895
5657
2105
3750
3694
3349
2071
6354
4877
7710
7842
3540
6572
333
6487
6218
3632
6142
307
3637
6391
7508
4372
7533
5075
5623
1980
4387
7557
3009
1730
2419
4068
5231
5515
5084
26
7378
1017
1057
7332
2306
942
4608
7824
1530
2062
1264
2648
1669
4018
4013
5157
6625
3096
2723
4991
5688
42
3229
7212
6475
7337
6682
6929
4775
747
5225
6868
5573
6358
4791
1907
4832
4436
1028
2981
4853
2346
5410
1311
5451
5005
3561
435
303
2009
5824
4925
4823
5430
7483
3301
847
4273
5954
5262
848
7427
5346
5890
6645
6213
7850
843
5840
2704
6198
2811
1531
5212
6060
1362
1249
3797
4001
4253
1073
1112
1690
4303
3511
5804
7381
7772
3551
7323
2855
761
3954
5401
5110
264
6519
7871
1739
3019
7790
2567
7996
4552
4469
3889
4114
188
7024
1226
362
2683
6698
5099
6595
6791
4066
2046
2956
5094
5879
3374
6693
7818
6062
989
2387
7442
5203
26
4764
3693
5313
7216
2310
332
3825
1428
7363
2273
7345
7119
2994
2648
7221
3209
1845
1749
3136
5906
7026
5220
3714
4069
5779
3606
4738
7666
5367
2270
2143
1292
4269
7422
4759
2347
4519
4851
3451
3616
2557
3830
6095
3538
224
1614
6074
4213
1118
2796
1300
5807
1407
1665
592
868
5235
1410
999
6636
2998
1369
3744
7671
7994
6100
6833
3663
1650
1114
3289
6322
2732
1491
2171
7126
2648
5627
467
4764
5234
6098
4709
301
74
5728
2167
637
1755
7426
4958
4643
1011
4535
5586
4534
4400
5742
2639
896
1905
2588
2398
826
5464
5080
4555
3829
7519
7722
6186
4282
3820
5371
3421
851
928
61
640
3953
7330
2762
4763
203
859
3110
4034
2270
6959
3657
626
1496
4724
2800
7999
5032
5027
1294
7959
4620
1616
5961
6197
2266
1100
5353
2134
6215
6609
4444
3922
1192
6691
1685
4820
4039
5423
2668
1832
5065
7119
699
5045
5661
4473
5194
6607
666
141
3030
410
4579
2751
4699
2242
2428
6825
4275
3930
7791
5082
3666
3192
4522
662
1006
6992
2897
4199
2258
7066
6305
4115
5136
2341
6203
4189
5045
1693
5628
7185
3496
2112
2294
2953
2129
195
5603
3291
901
7634
1209
4710
1632
352
3498
5629
5415
6474
5241
4919
1371
1113
5694
2768
6735
3226
605
5370
15
4318
3955
7765
7678
4729
2242
7298
6956
6907
378
2399
5590
6618
6314
1589
4538
752
3785
3837
1289
1419
2912
1484
1212
4472
6625
1689
4454
2626
1209
4960
1380
6745
4366
5060
4076
4748
3601
7136
5893
5668
7078
1651
109
7403
5327
495
4289
3904
5624
3378
1668
2460
3119
6072
391
1713
3181
2857
4077
1275
5612
4986
5577
3519
5163
5541
2078
7905
7454
2527
1020
6518
1005
204
7116
7441
4853
4626
7313
180
2864
6518
5731
2312
3049
6682
5145
6393
3595
6476
4308
7172
896
6185
46
5434
2233
4012
6605
7776
1394
3092
3011
1266
5276
7679
1149
3093
7130
2687
7240
7136
1426
7764
6870
5926
7049
701
1784
1003
1130
573
715
6976
1027
608
7227
4978
185
3625
6323
7723
4447
4361
138
1064
4080
6779
7628
5567
7287
4010
1054
717
6776
5719
2988
2943
2171
1514
4484
7058
3962
5641
727
6495
5616
3151
2467
5293
3696
6958
7316
5325
1468
3527
205
58
6785
7515
6356
2595
5633
3605
6202
4530
1471
6118
6685
4220
2681
1655
1127
1301
1490
3489
2317
1202
2800
2568
4768
1580
645
1510
369
4927
2378
1766
6574
3712
4493
7750
2763
6189
3481
1217
6191
4762
3521
6998
3079
3082
1450
5853
1819
6810
619
2796
944
4636
2487
3559
7953
2217
6323
7078
5508
3106
588
1046
5989
123
3697
7824
3132
6028
7826
4985
2881
7412
5328
4594
1462
5641
4829
6156
550
4105
3767
7466
2433
7640
6801
5687
6073
2968
2822
4984
100
5401
6481
3452
2561
7421
4350
2901
2188
1914
540
5268
5755
2871
4024
5539
7097
2473
5612
4586
5420
7232
3740
3932
5286
6528
956
4172
5515
7466
5898
5498
2281
2377
3367
7464
4197
723
4788
3462
517
7536
3105
81
5916
1020
1678
4502
2706
5181
6625
4060
2688
2139
6777
6447
2737
6651
2924
3352
3643
1410
5340
4763
7041
2881
795
749
7518
938
4500
7518
4652
2710
7841
2131
4380
3944
211
4639
3221
696
4278
7475
101
1334
995
1907
9
5792
5540
6150
2740
4252
7197
7412
752
7760
3913
438
5911
7298
1548
7303
65
7520
2305
5978
5270
7157
5276
6899
2992
2804
2285
1908
4034
5037
7115
4193
378
719
3724
6895
7989
1259
7675
1525
264
1442
5462
6491
1257
5499
2970
2707
1782
2174
3342
5562
3086
6526
7894
1096
3760
6894
4252
6389
3773
4085
6353
387
6121
6836
1858
4998
3683
6136
3277
2482
7989
3475
7181
321
7972
7143
2564
568
4783
3413
3228
5805
1870
2073
7800
6652
6548
188
5043
2097
1113
2974
3251
1784
2062
3561
3244
6572
331
4897
7457
5847
6676
7401
3333
880
2629
4297
1051
3188
5080
4628
6870
3153
1905
4457
3099
300
58
1444
3037
1
7542
7222
7932
4037
5363
197
4320
175
388
1832
5381
387
4960
7137
4250
7502
7486
3444
5889
6084
7324
4262
2860
3905
111
3661
4445
989
5635
2047
1621
6230
7879
1401
2637
4739
5526
1137
5379
6548
815
6337
4209
5035
7979
7156
3361
1712
4456
4350
733
6078
3
1224
2481
4331
1918
3702
7372
6195
65
1757
7202
4671
3593
7256
2151
7307
3426
3030
1634
5270
97
3101
5909
3707
4391
1281
7732
7016
3862
3770
2292
4295
1456
1748
2235
1335
6883
1772
2103
7421
6358
6489
3389
686
7889
5199
3797
7762
3755
6431
2005
580
715
142
6503
6669
1816
6941
4745
3489
4326
497
1739
1768
2216
6574
424
2979
73
1570
3013
2619
1615
4626
1025
5813
2397
3728
4673
1952
1502
2558
4290
3778
7288
4524
3470
1576
1500
771
140
1702
7469
5004
5648
5076
4633
2771
4393
1597
7683
6387
7858
959
1602
2951
622
5847
7331
6949
3852
5965
3446
7333
461
96
7420
6984
5343
5524
759
3520
7405
7768
6194
4359
3288
1570
1551
3478
855
1138
1542
1628
5895
677
3546
2060
3505
1552
4609
1459
3939
916
6114
4425
7092
1094
2388
7633
1625
1001
4137
6822
2148
1026
7115
2658
351
281
3109
2050
3885
515
1711
379
5569
7165
4285
4306
5829
4731
349
7061
1473
7405
5865
3569
1587
4285
3229
6043
519
6409
7250
4061
6338
385
103
2510
6495
4591
1801
3218
7537
1409
56
3930
4787
3220
2257
2008
5774
2633
2816
6902
6159
2854
1953
5521
6508
7659
1271
3960
7393
6185
3735
4727
7588
4734
2136
940
3582
4996
4497
878
7463
2856
4390
4135
738
7987
1133
7929
1847
7132
4345
6743
5966
7800
310
7026
5614
555
6552
134
1341
1066
5199
7027
6426
1556
4257
3154
5071
2860
7982
7704
4810
6089
7568
6589
2459
4327
5996
6036
7133
6618
6362
1311
806
6079
1078
4411
4886
6282
2245
2565
7556
621
1237
2545
2775
2716
816
6664
2716
7821
1557
7621
1154
7773
5107
4312
3547
5552
7607
2372
42
1655
6432
7959
2723
2503
7542
4813
250
2931
849
2732
4187
7052
5001
3376
454
5123
2205
7242
5267
7791
6408
4259
133
837
7699
6940
7640
2918
7998
6981
2659
6944
6177
5357
1181
5023
6478
2017
7434
1449
6354
894
6165
1270
866
5832
118
7503
2221
5866
994
176
5530
4835
3411
2219
6892
4544
2501
5369
2912
2323
4598
3299
7373
682
4644
7106
1005
2642
6749
2940
7601
2501
3438
5718
5920
2159
5911
89
3759
6520
934
1131
7127
4943
2838
2581
4984
3385
2750
4364
1839
4595
6087
329
7494
2515
1812
2351
270
855
5924
7097
4584
3054
4527
1199
916
2208
5650
6512
1409
7203
4303
2999
7589
5952
6271
6100
7614
970
3095
7385
840
2433
940
1502
3228
6970
396
3716
6978
3143
4313
2682
6174
3765
6051
5825
1669
7601
6714
410
142
4408
6840
2265
398
3992
1794
6097
6033
5427
5591
2993
5793
1213
1687
6830
7037
3555
607
5442
2853
3279
4685
891
156
6714
1534
2996
6079
5708
4263
4906
6711
1703
3455
2308
5450
2884
452
3071
357
6175
2411
6129
2405
6962
4780
880
1302
1112
5763
275
546
596
1340
3248
1088
2637
6193
3994
1521
1003
7206
3571
7191
7975
2276
1936
5811
3692
7979
7773
834
962
1128
3226
1029
1107
2926
1335
4555
3770
2154
217
4329
5178
672
3608
1237
5716
3142
2609
3352
3194
3327
7853
7412
5596
2725
7088
725
4396
7742
3859
2227
150
5032
7359
7214
3140
1073
3044
5112
1218
6322
7604
5977
5026
5582
4958
4773
1318
5385
1623
3759
3601
1606
7780
1300
4319
6325
5021
7132
3761
7285
7844
893
2957
7811
2790
1446
880
66
4676
6928
2718
3054
4164
3695
3858
72
2043
691
7386
2138
2165
6880
7991
6460
7791
920
6575
1073
7996
617
6084
4618
7452
3513
1825
7637
7261
5489
521
3896
267
7006
7107
271
2313
441
1841
5209
5317
3072
7863
7903
160
7813
6127
1925
5408
6060
6894
1239
1971
2424
5198
4727
6785
4538
4977
1777
6724
825
6186
7758
7648
5663
6949
2804
6956
7958
6412
6913
2140
7171
2256
7599
3416
2765
6904
1754
2323
2823
4216
1761
1807
1027
7983
4359
6968
805
3321
459
2987
5214
2673
2223
5056
7144
226
5762
7039
2544
2486
3553
3729
708
526
7182
7897
1141
3100
4762
3965
4572
5518
3261
6925
5984
4860
106
4722
1941
1113
618
1080
1121
3517
2909
672
1274
7945
7311
6367
458
1182
3430
883
4140
6048
1014
7776
4950
4672
82
4680
6520
6431
5088
7318
7445
5588
767
3719
1022
2558
36
315
1121
2642
4133
3435
3994
3767
2431
841
4186
3225
4768
6277
5947
2140
1444
5801
2072
1577
7212
6478
355
549
6266
4272
5531
4350
2328
6981
4697
4670
3375
133
6933
495
5100
928
5350
4644
7620
7131
2351
857
5807
7627
7112
5492
5265
1426
173
5449
5025
5644
1909
5105
452
3146
6126
5427
1163
2813
4784
1486
5246
612
6290
5522
4308
5210
5895
290
1793
3922
3094
7176
5365
6838
4372
2645
141
1806
6390
7288
2068
4457
3375
2747
6873
4531
7877
6669
6260
673
3786
351
5297
481
3318
996
7708
591
3696
7188
2145
1760
2355
4296
3664
7195
5223
2184
228
4669
5676
106
1954
4060
4824
6953
5128
7550
7643
3085
1488
5357
3699
2641
3834
2528
4402
6729
6123
7750
5908
4918
5352
6621
3160
4181
3531
6786
5815
4889
5949
4457
7648
3134
1215
6572
4377
1971
7652
3600
2620
2089
288
1723
6975
5648
1517
2648
6521
4311
4631
7730
3128
3558
5325
2279
5531
2381
5852
3588
7096
2510
5848
4529
7300
6939
1732
3895
174
1717
2018
5303
7603
1670
7568
3354
3077
6109
384
5672
1302
7368
4194
245
4989
1395
7707
7121
73
250
7795
6378
3625
3936
2365
1513
3273
5355
1250
2203
5746
2237
5930
5573
1416
4050
178
824
4108
7595
6750
7713
3623
2033
2792
7653
6543
3607
6834
3200
1886
1040
5105
7152
2848
3030
1490
4241
5839
2105
4703
4374
5617
775
2135
3010
600
2612
4120
5035
480
4084
1221
3290
7749
6575
7330
5345
2632
7003
1820
3887
2337
6397
6821
6432
6939
780
6663
2398
1614
4828
5268
4791
2649
4175
998
4687
1638
5609
5070
1217
6607
1518
3372
5436
7788
2739
3298
7352
5654
1689
3616
2027
2698
1174
5508
3288
2808
7199
902
5640
2680
6325
5230
864
610
5162
4741
5267
5485
2686
6089
3860
2699
6835
2237
5656
2181
3362
598
6273
2031
3607
6702
7315
7971
3392
5890
3915
1127
6458
836
3705
2789
2896
5103
3083
1510
5817
3229
7719
6462
1931
5878
5005
5585
1347
2498
1536
5942
5845
1297
2968
7373
1426
4447
6364
7686
4458
6850
5237
6131
193
6028
2088
7501
64
2285
7800
4290
4233
7760
3954
827
4705
7219
2171
5826
7093
364
1496
4321
5903
3616
7140
3679
455
5138
6680
686
7655
3774
2055
3198
1285
6152
2833
4413
3264
344
5508
697
681
6674
132
6587
726
2604
5696
25
7926
6957
7944
5750
707
4786
6084
4047
1915
5518
4606
1409
1340
1161
4564
3456
6931
233
3884
2027
1420
5638
7244
5011
1094
7701
2846
1362
5957
3170
6070
5404
6089
3288
4185
601
3934
5816
7002
5736
5436
6447
5769
31
4484
4662
1909
846
1875
7899
4888
3795
3852
2105
832
4514
6935
5567
6930
3293
2298
3140
2875
596
6476
3145
7906
4672
31
940
3305
5881
3152
3326
3206
4810
3869
3906
6908
7289
3467
5629
372
3025
138
800
3594
6677
4345
7487
832
3206
1022
2875
5617
4800
1459
7234
6952
320
7809
7474
3774
2734
2820
4778
5540
7860
4717
3354
865
166
7169
2450
7491
5117
7540
265
7084
3447
4059
5504
1047
7015
5240
6924
2395
4403
2102
4482
3356
5267
192
6312
5838
7511
4021
5544
1805
3781
2581
3600
4194
5908
4890
4755
7907
6763
4115
190
7188
1909
203
3121
6213
2785
6407
7654
70
3144
3001
4784
5787
1782
6890
7108
2096
1397
1196
7000
6513
1854
5143
3252
7386
3522
2724
6081
3892
4169
6342
2354
7230
1006
6859
6255
723
7802
1097
1238
3655
6168
3359
7022
992
7352
2368
6193
5321
2080
3993
1731
716
2298
860
426
2250
4065
4716
6498
7417
5278
6620
3019
5135
6963
6392
4112
2084
5397
6460
1808
4861
649
1740
6496
7611
6339
1763
6578
2301
7807
4114
2014
504
4619
1738
5664
1746
7547
5884
6418
7151
6798
2794
3711
531
1565
1745
5329
3430
1069
5315
614
5089
3353
7008
5963
1861
5837
569
6575
2314
128
2445
3682
6883
5556
80
1874
7057
3729
7421
7517
3833
4358
6546
6378
360
670
4273
4708
4013
5702
4176
3697
7936
5247
7966
5446
3555
5313
3323
2078
2496
4036
5047
1437
7533
343
4991
7540
2059
391
1324
7782
476
2347
1726
2522
1241
2995
5738
3438
3540
4855
13
1980
6119
340
4936
7590
3304
2828
4909
3149
3864
4880
1906
2532
3824
5980
7729
1443
7891
583
299
2963
6226
7548
2234
1132
7605
3615
842
6151
3201
7279
2527
1026
379
1040
7185
2290
4018
588
1319
3385
1510
3966
7482
3543
7702
5064
1434
7455
2200
909
7479
6846
5837
7412
5640
4109
3745
312
6037
5682
7810
4857
3847
988
7603
467
4020
6534
6003
6614
4598
3218
3688
4439
6302
7037
554
2852
6269
5476
2751
886
4341
4068
5691
359
4797
6447
477
2967
4206
4798
172
4581
470
3561
806
2467
857
2605
7922
3606
7187
5704
7355
6794
4854
5594
5166
5625
1062
3610
6694
474
7028
5907
3434
389
2476
2422
3201
3553
3226
739
6725
7602
2717
807
5124
2118
3295
1427
6393
4487
4188
7494
7567
1378
7767
5871
3161
3321
7758
1907
5951
2520
7082
4291
2608
6093
1720
7314
5287
1588
1005
678
6580
7175
1100
1095
1445
7696
3860
6383
5607
1810
5945
5636
5596
3580
4897
4747
5264
1847
3747
7510
2160
4365
2194
3931
2366
2633
3405
7209
2784
129
7968
7393
3821
3574
7483
6067
4266
278
4322
5030
2491
3138
7388
5858
5697
1794
5332
4179
1469
3550
5579
3463
7429
5381
4752
814
2268
3092
932
25
6254
7211
5474
1107
3863
2314
1050
5331
6145
1325
916
7975
6336
7096
4517
1475
3636
7882
3581
5621
6598
2650
7064
6567
1531
1459
4944
1284
715
1937
7535
1160
4071
73
7805
1498
2454
5728
7892
1399
3431
4060
7282
7959
6694
2740
6575
1187
5360
6626
2865
5038
4683
164
898
3209
6429
4384
3760
2739
7099
3497
7513
5484
2945
2344
5634
1308
4266
4425
3345
4896
5722
6281
6687
