781
5251
6337
3627
2582
3905
3342
5713
5888
13
7900
1642
5487
6386
313
387
978
732
373
4515
7748
2825
3143
1532
3642
1168
4599
7916
7916
8
3149
3025
7686
4592
7878
549
5179
3076
2897
3940
3231
630
1885
1422
4517
954
7654
3188
1491
1326
3855
6287
4163
6399
3632
2112
6402
7159
2360
7919
5110
2051
7466
5346
3658
5335
692
7192
7250
7939
2759
7078
4120
5248
1052
4467
3709
7046
2396
3569
6868
656
4897
6601
4970
890
167
2469
1461
2425
4714
965
6651
482
3851
7273
6067
6745
4323
4619
3715
41
6763
4790
228
4930
7829
1435
2327
2322
5440
7184
7767
2130
4795
5652
3739
6074
633
4931
3229
2321
3724
7750
2361
5817
3740
3926
3408
3389
7378
6303
3293
7816
240
3324
657
2815
4061
2225
5208
4872
645
3574
794
7247
4773
2001
5623
4339
6892
4117
5223
483
2064
2085
1181
4718
3169
5772
6908
906
4924
72
4963
945
7796
2529
753
3358
5102
760
2807
7419
5133
4468
2724
7941
5995
1239
1023
989
496
3721
1202
4860
562
2053
7774
1788
4202
2050
7261
7024
6042
5033
826
27
6048
6139
2575
368
5050
7627
4788
6983
4993
1548
5448
6144
716
4538
6288
1043
6226
1528
3884
3533
4410
3143
2637
7182
7016
5431
1375
3550
2001
314
4811
1096
3773
103
7710
3644
3472
4408
1953
2886
3118
6090
3470
2083
4182
6092
4598
130
5767
5631
5426
3568
5909
7167
2548
2608
282
1445
2625
535
2326
6323
6103
2027
7245
629
7736
604
5255
5823
2343
658
5381
4779
1608
7011
3286
5437
6111
2701
5952
1808
6635
7429
6341
7484
5684
3965
6476
3584
4709
2324
468
6651
364
6367
3256
3683
4021
4608
3448
2839
6322
4842
2982
7833
6402
4343
7592
6227
3811
1377
4512
6244
329
3974
3644
5874
4706
3855
4853
7266
3064
566
4252
65
7208
4333
4526
1421
7294
5347
4697
4397
5118
5356
6594
7397
3283
1308
5012
581
478
433
3804
1772
4857
5277
6398
12
5129
6154
932
4278
1294
635
2657
2960
2262
3271
7285
750
4450
1119
7955
3931
2342
5820
5164
6276
149
4450
4332
7804
3867
1672
3276
642
2104
6540
4810
3888
923
7109
2707
3449
3413
7001
3556
7206
5680
6151
4467
2494
523
6723
1135
6841
5554
599
4329
3844
278
2180
745
256
176
4620
4549
1361
1357
4113
3687
2265
1434
1971
4125
7956
3556
3760
7675
1758
2344
1213
2124
3562
3766
6134
7093
7004
1339
3987
3634
2121
1678
5898
4112
1670
403
511
4213
139
3429
6917
2943
7793
6171
3202
6524
1560
1007
4553
4167
7960
1553
3689
6922
2234
5256
6750
4595
447
3581
7970
3862
6629
7233
2265
6489
7392
7169
2518
2735
4984
4132
4703
3802
5635
1605
7736
7550
6708
5078
3798
2962
1673
811
5788
4419
4706
646
470
1755
45
5811
381
606
5164
6770
3205
2964
1850
734
7449
6250
7084
2201
5285
4483
448
6916
595
6018
73
5767
2631
2924
1725
3203
6524
3523
3837
5002
633
1917
7928
6234
2517
1498
4586
5773
2789
383
4401
3452
5748
7600
3182
4737
4543
3255
402
6508
4205
2073
3878
1308
7628
5252
7367
6672
6103
7772
1431
4530
6663
5511
7153
3395
4237
4264
2573
5624
3215
2362
7748
3438
958
1403
3787
7696
3671
522
3056
4568
1259
5036
5813
1934
5187
21
7570
3868
1886
6790
7545
2575
2109
2644
7582
3175
2747
2447
4550
7166
1989
3574
3260
185
7410
5305
5963
5015
3473
4379
7630
2169
3399
1662
33
5209
3421
1781
2760
5837
3390
4531
5456
5609
4193
1334
1088
3415
5621
1601
2655
5635
7030
3904
2481
4584
260
5384
3778
7211
6759
2506
7581
4728
7066
1410
2607
4390
1057
6031
85
7818
4888
7426
305
3317
5728
7115
6261
3132
4959
1618
6180
573
1120
7464
1321
5617
1304
3078
7703
4305
5101
540
6345
3057
2910
3485
6320
3416
2899
427
1983
3043
6007
2837
2391
3142
6820
7152
7986
5088
5653
5441
5221
2216
7692
3530
142
3107
5365
3940
2068
3280
520
4089
1833
3624
2329
5926
7040
7415
6825
790
22
7707
7527
4165
4252
1857
7907
1779
6510
6812
6635
7730
3297
4199
4725
1784
2979
7584
1882
5225
2268
7536
3685
6937
1535
3663
3991
7113
5006
6665
4442
1063
4750
3645
431
7895
7474
2788
2648
4642
5235
6629
5746
1602
117
2211
7772
4831
1325
3770
2354
6740
3806
2109
6829
5909
2003
90
3697
6935
5185
2176
5780
1185
2173
6782
6664
5853
2606
505
1480
1671
7347
6722
729
7740
3179
7238
6809
3436
2916
553
1308
3877
6961
3941
4160
4554
4790
7066
333
3784
4973
5031
2448
5493
1525
3340
4895
4861
5979
1213
4911
1258
262
7558
1779
3518
6329
1674
5140
3512
4834
4019
7204
3892
6750
5279
6141
1388
7539
6323
920
7666
6168
4999
6425
2916
1739
6598
4637
1173
3053
3435
482
7828
1843
4817
3404
1377
4351
6888
2570
4564
1931
5707
3314
2457
2106
6360
5932
1584
4459
3999
2115
7246
4774
2703
3865
3943
6670
3096
3270
4423
6467
7100
7792
4227
2113
7371
1876
3366
440
5204
1104
7319
2110
6743
7721
141
1159
450
4285
2889
517
6784
2649
608
4346
4048
3766
1254
1294
76
3067
4391
3719
6755
6580
3290
6560
187
4584
5396
5047
2569
2511
6398
1630
4498
5472
7429
947
7413
1272
1622
2489
4476
1519
3857
6373
3213
3929
1281
7309
4952
3355
6146
6479
5700
4932
4206
7003
2745
5759
7792
6439
1101
5911
3690
200
2480
3334
4009
3837
7242
4371
2722
7757
792
4002
4012
3358
7105
3118
2024
6437
4975
7718
3397
4493
3505
2025
1300
6323
27
6264
3842
856
4518
7108
6856
5824
5713
1520
6328
1664
6591
5220
7151
1871
1032
4350
6993
3235
5714
1784
5791
972
5660
7945
5050
7896
5622
662
3480
2314
6650
378
7110
492
1087
7131
5441
3273
7418
971
1973
295
2924
3688
4203
5538
3576
5512
2311
214
5876
3513
1106
4867
4123
6126
7963
6466
6332
5570
5194
5752
7749
5286
2334
5865
8000
7017
1772
7962
5195
127
6910
6681
7292
6562
7129
4864
6978
115
5738
713
4225
1703
5498
7454
5569
5651
7885
7522
2105
445
3786
3738
5098
6604
2063
7229
5334
7866
1869
180
4399
2586
1941
4211
2231
3237
3603
3727
3033
7312
3352
7451
4447
6944
2931
3865
199
7630
1652
3987
3969
6433
7520
6264
6577
3223
3398
3874
6706
2187
7433
996
4692
1460
6585
7227
6060
4808
2773
7049
5676
5131
6757
3688
7080
6518
2877
4032
2916
7969
3367
1537
6666
4908
1468
762
3465
6408
7711
2723
6887
5643
4609
2625
5947
7472
664
616
4943
2538
7823
4864
7101
6250
4126
2449
1673
6400
848
3159
6968
448
5341
6603
1881
4823
4077
7593
151
4235
4878
3785
3532
60
7914
7318
3717
6965
6748
7118
929
1575
6705
3699
3609
7022
2591
7287
5084
3300
3254
3765
5197
5764
530
5557
2456
4941
2803
176
2104
3217
86
2792
3934
5512
3296
1903
4719
2879
621
5724
411
7574
407
7032
4755
516
67
186
2110
6889
6031
7511
5060
6326
2511
4726
6783
5858
2659
2282
2628
1090
2254
1305
576
1319
4960
1777
6087
1895
577
7928
7430
626
7661
5516
3735
6991
5326
1084
3688
2285
2013
7448
2130
6923
3457
4271
4161
1411
2340
2934
7730
732
857
7385
355
3782
7069
7262
4758
5576
7798
6126
2642
937
4260
386
6069
626
6753
2158
6361
5022
2495
6553
875
1493
4835
3891
4070
5071
2589
3246
7844
3949
3458
7715
4420
5345
6535
4647
1115
6884
6583
7804
2802
4174
278
4219
425
5377
720
7800
4017
3459
7437
4119
2101
6741
5376
7370
4223
5139
3052
6460
2329
1224
6156
3945
6729
5190
6630
3044
2415
237
1384
5944
4588
2940
5315
6334
7855
5910
6889
5649
4948
2418
4466
4072
2296
7783
4860
4830
1529
627
4981
3167
2462
5617
4829
7204
1731
7444
7241
4229
4139
4766
4023
1669
3765
2822
1340
2699
7202
1692
2004
3623
4303
6149
7934
7735
1175
4709
5669
1828
4607
5308
7013
3889
6240
5136
4935
2415
6616
4514
1468
3889
5051
7062
3057
3109
4385
4085
1162
324
2538
1594
4143
6722
6413
6491
5685
3500
7711
3126
2575
5231
6344
6179
2374
4206
7542
6249
7043
4448
7611
3578
96
7405
7009
4920
7711
6045
1027
5274
1265
4020
7875
4714
7208
4924
4761
957
5427
2622
6549
5877
6343
6693
5271
6060
4092
6146
4783
1607
3722
5696
5538
4906
3619
1337
7186
1002
3742
4834
4960
5002
653
4764
2866
2988
1890
5806
2260
2320
4787
1332
3564
2772
3755
5910
2420
3858
5595
4731
2322
5874
414
7124
3294
6242
835
6942
1844
7549
5471
3299
1425
5256
2635
6789
1710
4891
3840
2952
7933
7690
1626
1147
5992
190
6461
3631
1548
1526
7599
4474
2950
5112
957
6054
2029
2950
7672
4655
41
2999
4971
4638
950
7544
1777
4056
6974
334
5688
1571
7162
4649
7305
6229
4198
6846
5210
6453
7530
1739
905
6317
7720
4379
1303
7818
3946
2809
2371
953
4374
5505
7956
153
862
7479
553
4583
7067
6489
1260
3967
173
1493
805
6888
7880
2764
7089
2497
4788
2094
1113
1779
689
1156
4781
1899
2519
7009
7421
6451
5896
6247
4280
989
372
7137
4234
5265
2284
6127
5843
7075
3148
4096
4280
6994
1942
5171
3305
199
2280
1157
1307
1047
5447
3785
7302
51
6153
4682
7197
4934
7125
3720
458
3326
1957
5434
1161
3382
1503
6405
7157
826
2227
3259
6749
5519
4795
4899
5649
1662
4386
813
2819
1085
3285
1203
2276
3823
963
6063
593
2384
6780
7138
542
3696
6508
3627
1509
1025
2259
7535
4285
466
4623
7212
2958
2861
1182
5
2361
2330
885
197
2316
1577
2061
449
5016
117
2515
4338
2714
3150
5046
5069
7537
7657
1407
4287
628
3045
7608
6470
3556
1890
5863
4062
3004
6823
6767
3069
1670
7860
3200
410
1036
494
1972
7010
508
3071
311
5240
989
6549
2927
5021
3119
7706
1329
1935
5639
1837
6863
2759
2672
5209
1838
3472
583
4959
6288
7836
5936
6932
7602
601
1916
7951
2440
3474
3895
2127
2241
612
3366
7535
6528
2018
4171
7260
393
1417
4768
5937
1925
662
3201
1735
6670
4411
3811
6378
6981
4482
179
5032
2574
7851
1044
2467
7497
4853
5121
6905
2538
6922
6646
7885
6150
2112
6035
3035
5283
163
1458
1019
1322
2733
2888
6685
1450
6059
2752
722
3604
3867
5580
6423
7649
6352
5480
4048
7530
5534
6856
5981
1828
637
5520
7350
2883
1572
1964
3392
7231
6756
4049
1086
5482
5674
6408
6281
1234
4276
5176
7778
4387
7291
1041
3642
6142
1756
6487
1797
1441
500
4143
6931
2960
3897
5198
5321
5256
1961
5868
6273
3031
246
7563
2412
4401
2156
2326
758
1677
1843
3658
3752
915
4595
7962
5913
2651
4934
5664
6940
3396
5399
1179
4140
4003
3665
5163
5151
1166
3684
5576
5564
3941
1579
5747
6025
2645
5270
2061
1368
3761
1978
3489
7116
4201
4975
5716
2516
3373
4161
7929
7053
1147
1752
7799
5262
4251
2203
6075
6461
4735
1512
3193
7836
2087
1821
759
1206
3555
7055
5641
1177
4710
1544
7647
343
492
6312
767
2281
3199
2243
7394
6035
5419
4217
5068
1433
4962
2286
6716
3622
990
1786
3044
6243
5028
3997
1999
6021
1158
5177
4530
5660
4053
3077
6267
847
2545
1168
2319
5355
1085
6767
5669
4689
7823
6809
4747
7272
4107
4514
2949
5143
5392
2024
2783
5799
5571
680
4203
4055
2294
7832
2957
888
342
706
4639
753
6685
3646
7967
2962
7414
1891
1752
5392
4413
5974
3344
1393
400
2333
6034
7987
6880
5249
3300
3124
1711
4917
7557
6569
1773
6174
6266
2598
1536
452
1130
872
6938
2465
661
7533
2340
7919
1413
4255
2182
2818
300
7934
2415
1466
4314
280
3362
2911
6162
4141
484
6040
5508
3673
721
4394
2367
5977
2722
7865
1170
5620
6233
2570
1445
3443
753
5348
1526
7564
5843
6636
7995
280
7983
2789
3853
5194
6412
701
7173
5877
5444
5303
2244
839
7764
3410
6506
3856
725
4728
5936
3626
3445
424
4003
2669
7759
2631
4401
6573
2384
4603
2252
5602
7024
5897
2023
4925
1153
567
1590
5497
7003
6794
6785
7264
4006
4354
5415
1208
1169
4306
806
7537
6537
1593
7547
5728
6191
5367
6673
718
6404
7700
5510
3195
5329
6702
7522
42
1043
5585
1300
275
7635
2899
6843
6246
6089
7812
25
6263
2366
2475
7257
7900
5869
5656
3116
2846
4025
519
6740
7272
5697
229
7110
5893
3509
195
155
204
4187
861
7099
3425
7437
3078
7764
2723
5167
735
7434
4503
845
4913
866
1489
4575
5864
4154
2168
1143
2882
6134
361
6255
5230
3989
4472
4374
1433
3877
1182
3852
6433
4750
563
7957
4869
1699
1992
5292
2644
5989
6678
4458
2002
685
1233
2129
5407
7997
5177
5353
853
7588
6096
6136
7742
6859
5072
7555
2734
4814
6028
1429
7848
4275
896
2927
5963
4373
3563
6951
1626
7238
2403
6534
866
2986
3700
2649
7584
2447
6181
2082
3175
2210
3694
4813
6953
3484
653
4189
328
3954
6348
2639
4755
5468
716
7253
4061
518
3441
5359
4435
4337
3077
5820
7530
5500
7135
3844
3366
5147
442
3170
6540
1400
5585
6274
1491
6613
6826
2773
6513
3947
4169
265
6285
2166
6531
3573
5605
998
1107
6876
5869
1529
1834
467
6161
1694
5152
1093
5530
1480
4176
2488
3842
7990
5714
2327
3829
491
1147
4165
367
1281
5911
1559
7280
5685
1862
5219
5866
2322
4258
7582
3290
7803
2963
7025
793
1330
1798
2495
5018
4980
6866
6515
7421
3633
466
4812
2851
7824
2133
2942
6038
678
2253
2503
1481
4234
3832
2574
3772
1935
6932
5207
6446
4919
3132
4376
5307
695
1906
947
6738
5228
4139
1397
6842
6335
7482
2717
6941
6757
3244
6960
4836
3100
6207
707
1882
4184
3302
4980
2428
4440
7594
981
5781
1746
1265
2385
7398
20
64
7405
6584
341
5382
3783
5032
6147
6725
2559
4608
2656
2628
2295
813
2334
4041
4278
7922
258
4992
4783
4641
4004
6585
5927
6379
7779
4347
5034
2197
4795
6760
2463
3019
5278
4939
4566
6500
473
4636
6204
2329
6270
3291
7672
2499
5871
3935
7785
6420
1314
3150
1236
4849
3597
6085
215
7282
7941
1453
880
5641
1890
192
4273
904
1709
3598
4925
7861
1836
7715
480
5792
3209
154
3785
3149
311
1437
7680
1393
7381
6759
7353
3596
1058
3263
2489
7522
5626
3456
346
3309
7013
4654
3091
6656
2707
838
2400
7839
531
5102
898
4634
6503
6846
7535
7371
3422
3596
6989
1556
7341
6269
3237
5939
4854
823
339
1882
1802
5060
3616
472
2456
4028
7889
6471
7409
1900
7136
3357
4545
3954
2585
2642
6631
7460
2626
2561
1709
1518
2107
5276
1563
1170
3518
6391
1324
6771
703
6818
6477
3906
3716
1057
3819
4734
5296
6737
6613
7555
6232
5185
5775
7701
2997
1271
5144
4910
4561
5493
3123
4613
6742
5390
1176
1125
617
4225
5971
2556
2435
7018
5547
2464
7795
1910
4345
523
5805
3479
3264
7408
2283
6861
1447
7551
2197
2833
4837
5217
949
3533
6175
77
6300
6463
6904
5114
37
1689
1357
2055
6528
5836
6344
1252
3085
2903
964
5623
1553
7126
1895
4356
1670
5934
6280
4172
1647
4039
7770
7424
4583
5174
4892
4940
4216
4076
3810
4189
621
2872
400
7917
4916
7374
4802
5715
1741
525
7321
6119
4142
3206
1885
1469
5355
5123
18
7129
1382
3346
5317
1750
7873
2131
4608
1912
6862
7319
311
7848
6640
6930
2312
2005
4106
2136
183
1900
7540
6362
3861
5504
2356
5512
935
4548
1016
6745
7441
290
465
4722
7130
5442
5555
7492
6034
862
7491
5187
7624
1620
1644
6731
5375
2016
3566
5202
2360
7713
4004
3334
1571
2523
5637
3132
5500
6094
1380
5695
2024
3846
4939
6930
1691
7919
2432
2990
5652
2856
6966
7514
4443
6110
2988
2086
5941
2779
2098
4431
4712
7672
4038
7399
410
3518
5428
7908
270
2400
3822
572
3830
3979
927
3600
3193
4625
2325
5979
978
3339
4152
2111
7196
7888
5675
2437
7548
4248
3233
1308
5406
2368
7714
4247
1314
5030
303
7039
7939
652
2066
1926
7005
5203
7480
4595
3740
817
7269
3486
1517
1062
7777
714
6455
7502
2784
2619
4049
3702
7606
2467
1767
6526
6882
871
4365
5466
4796
7039
5325
6476
7587
255
7871
1315
2244
7279
6063
537
7974
7918
837
5599
3493
5229
4003
3407
2687
7905
6133
1226
4359
7709
6087
1107
2803
517
5229
1622
3427
6981
112
5567
7172
6018
6387
27
2393
4575
942
6895
4768
744
1369
1904
7972
800
4817
568
1700
288
6440
2394
352
5304
5128
2592
250
3731
73
6790
427
778
2059
7366
6873
368
5629
6497
2322
5737
1390
7500
243
503
6573
491
1040
5776
1997
711
5802
53
3000
5602
3369
7494
2244
3010
7471
6285
3151
3866
1206
983
2452
505
1792
7918
8
3545
5043
7111
209
5511
6132
1133
7145
5773
2888
2862
2959
843
7422
6524
151
2672
7160
427
962
4531
7447
4191
46
1169
4619
6697
4556
6089
6709
7383
3791
4531
1774
815
5053
5910
5149
577
7528
2678
2316
1496
3
4866
7556
5841
6433
729
2242
5716
7447
5537
1019
3843
3274
5660
7718
5896
2080
619
6687
4979
164
6631
6279
1465
6584
3637
252
1773
959
2436
1603
2866
7648
6325
4092
2441
4493
3625
5084
5943
1492
7109
849
5968
715
4366
5260
6899
2794
7980
1303
5231
2967
7877
2544
1079
3824
7476
4724
5513
1532
5613
7515
7792
6707
3216
4111
3658
2659
17
2088
3592
4795
894
3369
5389
6571
6186
5704
6888
7302
3331
3444
6898
1785
7127
2905
7296
6866
3297
1372
342
597
2653
2975
5750
7812
378
7811
5470
1491
1278
6679
2298
5495
4578
3099
2441
7265
245
6177
2971
1643
7876
6548
7442
1128
1553
4135
2076
3409
3605
1583
7651
1628
4652
4097
1094
3955
3580
7787
2324
4604
5999
5951
2551
308
6430
4192
1640
7833
4633
694
5648
4277
5922
1877
7630
1809
6973
581
7132
2868
5140
936
4774
2427
3802
1394
7838
573
3807
6647
550
1066
6672
6498
2498
2542
4970
7709
1874
1412
1127
2787
2791
3745
335
4637
7989
5260
7411
382
532
5688
6692
1218
679
3874
5776
115
3159
695
3782
3494
4445
4665
4664
7931
6207
605
5897
7022
2980
4555
3264
1923
2865
6142
6392
176
6986
6231
2140
2571
193
5300
7362
1153
1414
7056
3343
4506
7305
5060
4148
897
5533
3306
3693
5528
7095
722
3054
1114
6407
4514
4168
791
4180
7284
4417
4630
2620
5073
3363
6057
3855
1092
6948
1756
222
2761
7341
2019
1370
1495
4260
4510
5419
7399
2622
1746
5829
3262
4540
7178
4993
523
2191
7890
26
2720
2957
395
5987
3038
2476
4576
6130
3964
1196
978
6695
6447
1507
1948
3061
3085
3159
3369
6125
5063
7972
3149
1506
7514
6043
2241
6848
212
4330
1409
396
2388
2045
277
1081
586
1808
2172
595
1005
3777
7615
173
4155
443
526
2201
4598
1596
2999
2987
7117
3169
5944
2369
6330
6871
2950
1857
3341
7285
2264
1850
4166
6781
1553
2489
1633
3853
7122
5362
5214
7158
923
462
4976
2755
7120
4989
4797
6705
3878
4078
4270
5514
2630
4073
7758
308
436
1897
5122
3416
2501
2444
2048
4000
4112
2794
5491
5643
3478
3114
2976
131
3689
7909
127
86
85
5167
480
4931
1492
1023
1936
901
4420
5346
6548
7065
3707
1755
3212
7497
6620
3405
2079
2203
3188
3668
7580
2413
7590
5267
2172
4734
3542
1936
6394
6280
1981
2875
6209
2266
3837
5204
7856
1262
5850
2699
3783
1577
3618
7647
5240
707
1602
4624
7059
1656
5438
517
6880
1009
4291
3916
3977
2026
580
3202
4719
4690
7417
1915
7432
5049
5024
387
5415
7198
6313
7758
6646
4341
5896
5968
2946
6612
4900
7000
165
80
1215
729
6610
517
2284
695
5081
303
7419
6502
1025
5000
4662
6384
6576
3764
4826
3683
2142
2523
6080
689
6388
5556
3774
6720
5000
215
7449
7500
7910
7968
7620
2922
5518
4678
5371
289
6433
399
6609
2388
6200
5942
4982
1351
3750
4750
4374
2995
6077
7441
5101
5341
4071
7305
7279
6508
6733
2790
5184
7439
4563
7546
4031
6722
7808
5972
5238
3897
6424
1310
1569
2083
3787
613
6317
2095
5887
363
1318
7208
5476
1759
3219
4489
208
4139
1441
1182
4890
5114
3268
3340
888
1007
443
2364
5244
6668
3993
366
4519
676
1427
3329
2590
4504
1598
4730
7781
2617
2516
234
6968
7381
3779
1794
108
7979
837
6017
2775
5901
2513
5888
2473
7673
6836
1002
4532
6790
7947
3561
1910
2432
5950
2041
1487
6427
3111
3847
1114
4269
79
6033
5847
4954
6184
3719
6605
5268
6540
7706
3238
6101
7879
325
4878
5480
7312
5328
1222
7940
7823
6433
4709
783
1942
1138
6271
3098
5254
5315
7118
5279
140
3019
3484
2147
3170
7442
3426
2237
4957
1733
5663
1230
3002
3902
4333
1123
1682
4479
1439
3027
3649
7721
5552
5882
821
6219
7554
3264
3954
3232
2384
3914
3608
4831
5302
4573
5351
3516
317
4335
2993
4250
5112
4244
3324
380
4008
5049
2885
3849
1002
6433
1239
3181
3635
2479
4753
1953
7257
1054
6670
5871
6094
4041
6795
2756
3999
6702
6934
6914
4707
1167
5378
4005
270
5931
2658
294
390
4179
7823
2841
3034
1867
4750
386
1344
4708
869
3711
3835
7417
7644
5587
835
6818
805
993
5034
6876
2791
7198
5770
6401
4235
2398
4004
886
5678
1669
6423
1786
6429
2439
7764
4418
7638
5260
7816
4623
3055
2944
163
2499
6036
3159
6234
743
6102
1663
2345
7016
2494
6494
3222
1613
3657
5080
7715
5474
6172
3806
3519
2493
7775
2452
4159
585
6972
7656
5866
2370
5848
4706
2754
5205
5092
3318
7697
6221
2222
2335
6526
2470
7551
2044
3950
4277
3717
68
7848
4018
5365
3019
4596
5710
6392
6573
3690
2861
1829
4258
649
1810
4448
4451
6974
3725
4213
7998
4791
5299
1862
291
1019
6189
404
5966
7158
1817
1035
6023
1151
4033
930
7232
3089
7034
5045
394
4419
1130
2362
6562
5246
1478
642
5276
7356
5071
4074
4825
7578
6186
1042
6882
4783
3124
5506
4431
7032
7570
3579
6570
3524
1602
726
4131
3022
6779
4177
6304
6700
4695
7443
5930
4982
79
3850
4003
2181
2130
6908
5135
5168
4918
7898
7778
5809
6910
6268
5174
1449
5498
2695
347
7100
7261
1603
6668
6632
115
7497
4179
4122
5275
6051
5031
3625
1770
506
1363
596
7400
7717
6880
7916
4140
43
6774
7937
3081
385
7902
2275
2734
3756
4597
6672
6691
6317
5172
3453
1199
1658
6744
6656
4195
3178
3522
392
7542
6035
5477
5720
1440
6193
485
3467
7235
3326
3736
925
282
7987
3215
2365
6233
2658
5792
4693
3773
5111
5569
5690
2259
3041
506
4303
75
4606
5786
7562
7295
4536
6709
2103
2276
3492
4749
7359
365
4021
5630
5310
2735
1003
5673
7669
5101
4434
1565
4448
4017
7377
2233
4377
1671
5014
4157
7765
499
2463
555
1719
4399
4394
4879
7865
101
4145
2045
3655
579
199
3714
5969
3695
5816
7817
5960
1347
4712
5899
985
6850
1894
7075
3379
1621
6981
4953
5580
6618
2179
455
6283
3473
5747
6990
43
2761
6954
4104
1368
227
614
395
4545
4718
411
7820
3537
6158
1234
1133
7799
2711
846
1868
4452
7585
7556
4386
2482
513
3109
4235
7069
3487
5752
4651
2234
1798
1302
1263
7220
481
1416
6458
1078
4901
6436
4941
2631
699
562
5088
4057
4395
5605
6554
2474
4037
3523
2756
6779
7026
2528
6062
200
7328
7557
707
5710
4146
3703
652
3023
5354
6801
145
6973
6496
4778
4447
3611
5677
2909
5362
6006
4454
662
1748
44
59
6660
5667
2702
3982
7803
1298
4219
2280
1900
885
5555
56
2101
5826
7992
4029
3008
4330
3040
5321
5811
3857
3871
5630
2413
7797
4347
123
4581
3612
5800
1173
715
4892
5378
7995
5061
7003
1800
5865
450
1881
6954
3439
5729
6163
3650
7330
6345
4037
2932
6532
2830
5934
1651
1992
4957
3430
104
4073
2871
4954
6324
7627
7245
7067
1270
1703
565
409
4756
7394
5034
1893
2946
1952
4121
7960
7893
969
570
7255
2602
6779
2344
1274
6530
5170
6678
4544
1616
6733
1015
7745
3620
2892
6239
3076
2848
831
3951
1428
2244
4159
7109
4117
5383
5689
4457
803
5582
594
7249
2495
858
1812
4043
4350
4644
576
310
5183
3471
1354
5556
5022
1273
7093
5974
4906
3022
4746
4486
4455
3256
2101
2422
4704
5706
5304
668
1124
3589
4462
4121
1772
3450
414
3728
3522
386
5662
7077
6396
6669
1329
1993
1048
4157
54
1354
7998
4042
6941
7910
404
6239
2606
7910
1429
1814
983
4666
3727
4402
4418
7384
6963
5266
5079
6470
4573
2007
4183
6269
847
7949
1497
848
311
3156
6114
7842
6024
4405
7585
7033
5638
2933
3313
2381
5708
6876
6908
6173
1840
2705
7387
7383
914
3976
2451
1679
3680
4908
5663
89
4008
3279
3622
6191
2677
7998
925
3649
2266
282
402
5486
4390
4940
2987
454
3604
385
85
582
881
5114
6856
6553
6748
6740
3245
1818
2360
7400
2486
6727
5426
7198
6166
2418
7751
4083
5060
5989
5164
686
4026
669
4624
2265
6980
1268
4949
5636
1380
6988
3221
7962
3328
1981
2231
5542
5673
7899
2632
6629
1390
5616
1646
1749
3149
2118
1812
3885
3299
1805
1705
7723
5018
5280
5926
5454
7140
7416
2807
7800
778
794
2867
7079
2364
673
2011
3445
6167
3728
4904
2631
3328
6183
6735
5819
4186
7575
4253
3124
6472
7726
3249
1519
7023
3345
5648
2406
5652
1652
7840
1641
140
4400
5032
7550
2259
3272
5107
4190
749
2052
379
1561
4757
6077
4357
1581
670
4539
2539
1506
1191
2752
615
4434
599
6921
2986
4307
1824
748
7801
1706
6026
629
5207
306
3335
656
5249
6469
5396
7962
5939
4848
356
516
1465
2967
7803
1766
5077
7515
3952
1089
2006
5673
5741
589
2566
6943
6848
5356
183
5128
4519
6934
7237
7875
5066
2441
4339
1058
6618
5311
40
2612
2438
5395
2542
4456
1271
7423
3768
6825
6553
4673
4346
7959
175
2888
4818
1726
902
992
283
4382
2665
7469
7985
4668
5738
2063
4512
6583
3101
2448
6707
841
4525
6332
3102
7069
270
7239
205
136
772
6399
3707
6840
6015
5684
1303
3279
4904
5202
4380
6146
5799
5423
7235
5823
467
6313
5799
4527
4769
4447
4733
4233
2414
2797
3845
2854
5324
3735
7211
6871
3329
4784
94
4589
3497
7780
2187
2709
4507
2949
4013
3360
4756
31
6440
3424
5597
3878
7535
7735
4766
5388
6947
3715
6212
6170
3196
4877
1385
1028
1055
2574
2534
5730
458
7477
3538
536
6385
4584
7673
7612
569
3028
1927
3837
2146
1479
6542
3491
4812
753
3210
1073
172
3053
7727
539
3719
6262
2920
3345
4124
5387
3286
6060
3773
4003
5806
919
7718
4678
4614
7711
4736
645
4188
7391
7728
2511
4077
100
5583
3015
1521
4640
1331
2325
6647
4543
2045
849
589
2261
5949
7925
1319
3943
536
1814
4036
6633
5986
6218
4302
5079
5144
1496
6788
5019
4704
7666
7044
7049
7682
6715
4818
4696
5066
1946
5227
6170
4254
2984
2745
309
5729
1362
6181
5149
4731
595
1595
4335
6277
6580
6388
7223
3708
3595
6221
3303
1286
2650
838
2502
5376
2029
442
1873
6544
7300
4867
5984
7095
7192
2587
314
2798
865
2005
7204
1303
7997
3652
4034
3183
6276
2014
3828
1046
4212
2990
290
2678
611
5894
5406
3840
6486
5413
7437
6569
4770
3845
5498
1052
6042
7804
1517
3190
4095
4033
3565
3745
4570
2066
1046
4818
1172
199
2064
4521
6417
615
2902
2553
5169
6995
886
7202
4004
1210
5686
882
2284
4785
667
7314
20
2131
7384
647
3900
4585
612
2117
2329
5452
3814
4133
2478
5698
65
3666
7714
1453
3465
757
6117
6893
2343
3880
7213
938
2260
7848
2146
5444
7639
1115
2121
3784
1102
6992
4735
1565
274
1020
5296
983
2416
5874
4070
5249
7981
4335
4884
7466
6665
3453
6825
7951
5207
5774
6665
4194
5283
5349
3974
2677
7874
4666
386
7865
1904
2871
2966
108
971
6907
3130
177
595
6452
7513
729
4972
756
7583
6966
4008
3498
5347
4189
2111
7301
6507
346
2234
1175
1657
6442
3505
1977
7095
6777
3324
6684
772
4883
2112
3617
5943
4332
2706
2412
1529
6272
2672
422
2011
2081
1390
3402
2383
6775
7592
6293
887
6693
1056
191
5770
827
6265
5129
4329
119
2627
3796
7191
293
2974
3504
7647
7487
3172
7646
1386
5803
7131
7265
6262
2612
3536
3575
553
5790
6947
1178
5587
1169
38
139
5320
7242
1852
6334
6675
5956
3645
6312
2126
6633
6488
3873
2674
3993
1777
5553
6729
6231
1494
7281
7269
7500
7051
6340
3671
2107
5101
4701
7313
3823
6482
2845
2957
7665
1640
2558
2441
4578
5271
7072
2094
1872
