3602
7
6747
4393
792
703
1247
668
832
236
1889
5990
5750
5099
841
3846
5494
7353
6712
1428
121
2880
3961
3571
372
3111
3504
1108
3958
7248
4785
2951
2443
268
7865
5453
177
5935
2022
3220
5813
5156
5564
7144
3240
7239
4024
2226
408
2235
1371
2122
3127
6395
47
3216
891
6086
7931
3945
7075
5475
5356
5818
7703
5170
4290
3697
624
6139
4996
6778
7235
2345
5614
3846
1088
6541
210
1447
2448
860
7042
5988
1253
5163
4414
1050
1218
4889
7165
7044
6122
934
2802
3299
3283
5528
3021
1362
345
2175
2972
7336
4581
2553
2373
972
1721
3113
5705
6017
1574
3969
5493
6044
3788
2216
1116
2574
3607
149
6617
6447
5500
7799
6213
1741
1559
3856
1412
6477
4277
2155
4387
1482
4543
2728
6131
7639
2405
6927
1604
2364
6020
7856
6211
7757
3804
7492
2932
4022
4849
2218
3277
7787
5326
7166
3824
2661
6353
4611
311
7996
1723
1791
5014
865
326
3067
5799
7355
1808
5943
3974
6385
6082
2579
6410
2587
3815
2673
196
334
5204
4716
7462
3545
428
5676
1418
2033
5471
4048
3317
4784
5245
5505
7190
3048
137
5529
5410
3218
6516
1118
4228
7664
800
5831
2343
7468
4644
111
1498
6281
1495
7254
2150
1202
7312
5682
7561
1624
5769
268
4904
7934
5962
3156
6023
5366
1814
6283
72
776
3915
7403
7799
1271
31
1252
747
2776
2305
3449
5083
3211
900
6997
2543
5078
289
621
4862
2454
1865
1981
2068
5264
5137
1994
671
6481
5602
728
3522
5076
3302
191
1316
863
971
4034
4303
7955
700
1780
5288
708
6406
4023
5626
769
6933
1415
20
6655
7501
6480
4855
7177
434
2556
6849
4916
350
6560
7078
2005
5397
4853
2048
3897
6073
5830
4288
7052
3537
5449
7864
3422
5132
6016
5780
6338
7132
7475
2703
5151
6914
5960
6115
3062
7089
5082
4446
6191
1247
4709
4266
5246
4499
748
7941
1650
1355
3115
1834
1681
881
374
65
3283
7802
3642
7645
349
6952
2897
6521
373
4204
4814
6270
6158
1004
2624
1758
4450
4867
2400
1707
1790
1537
7242
4052
4154
976
6757
1802
7952
4033
602
4552
4124
509
3666
2032
3240
6990
7706
4687
48
5589
3976
3480
6433
441
1814
7597
5864
1972
5066
4519
5215
7690
3258
171
7100
2413
2011
1159
6413
82
481
5636
7494
6298
4150
3245
5502
7913
4593
6244
516
979
4527
2629
1980
5361
3590
7687
6714
2812
4579
6476
3719
834
3215
580
2801
327
5341
5645
4382
5325
1604
6664
2478
4834
4749
5131
5385
4876
4341
6718
7944
3235
4990
4669
65
772
5892
6348
1377
371
2937
498
4034
7402
805
6508
1541
3665
496
2465
779
4188
2601
6480
5630
4281
903
7539
108
2411
1846
1427
3643
6248
3646
3115
3983
4277
765
7382
1171
280
1268
6843
4934
626
6488
2939
4096
1478
7035
4350
1476
6935
2051
6038
6623
4644
4384
1535
6132
6372
4496
5255
6336
6067
3848
5178
1833
3404
7603
4239
5941
6738
7562
7525
3688
6924
6435
1587
3088
5435
3043
1506
3468
2716
5349
2613
5139
1551
6748
443
363
5679
3580
4928
7919
1740
1086
7866
600
3325
3917
4925
6255
75
6753
955
5604
721
3028
3034
7066
1545
5810
4761
4083
5887
7316
1237
7655
4047
1818
7615
1049
6316
714
5553
4752
461
1010
2816
1536
6354
6443
6775
7706
4153
3716
2984
7562
3675
1509
4366
4643
6006
1783
6050
5747
6716
3724
3019
6826
2214
5537
1312
4873
109
6078
1817
4502
6523
6097
4564
5874
3301
1776
5119
174
4036
452
4739
1219
751
6604
652
3380
4534
4263
6903
5971
5491
1784
4831
3300
6384
852
3196
1058
4281
6018
7108
5027
3574
3731
2046
2726
2643
6245
6821
7325
6339
4106
359
3336
4053
1279
7670
4215
6237
1678
6210
3631
2662
3933
3929
77
3983
1204
4771
3432
5417
6701
2383
6517
1252
303
3103
4653
2568
4181
4171
7803
2211
2395
114
7724
3040
3694
565
2517
6283
2992
7084
2326
4893
1796
1628
3186
6546
6274
794
3682
6642
910
4062
4686
7924
1152
1612
1939
1866
5525
2033
7966
468
5085
1850
5075
1164
2488
4021
5585
180
1744
2842
7382
1274
5845
1862
5375
5916
7379
4188
1528
2856
4085
985
1405
6010
2431
5438
5233
4301
3122
4948
6210
1936
2981
2091
2238
3086
5338
6802
7431
7715
5509
1887
6437
6386
3081
1545
5494
4312
2309
6268
265
638
1306
3212
3415
598
6153
1245
2701
4436
7083
583
4265
509
6237
4441
4612
525
2853
5255
2594
4015
2056
5111
4202
4921
7652
7613
4003
2456
3969
4163
131
4426
2360
4092
1037
1833
7319
2577
7850
4074
973
4132
5423
2709
7478
6104
1900
6288
2984
3546
2745
6019
4685
3636
3802
3023
7571
4605
6336
3001
7688
7858
6492
7632
7779
7501
5570
7554
1253
1385
6167
2777
2936
6586
4025
335
374
4692
5473
2096
4794
2201
813
2794
4964
5487
2425
1988
5675
5291
4431
7747
5872
5307
1872
6554
1450
707
5328
4526
2126
3504
2251
4334
2718
3827
3773
2647
274
6812
4217
5834
2145
5982
2506
2946
675
1906
2147
118
266
7795
1236
1891
7025
1333
424
4452
847
7011
776
3355
1864
5552
2814
4166
4258
287
3761
5710
7182
1399
1094
149
1969
4410
6670
6181
6848
6105
4302
2170
3020
7416
5395
1688
2103
699
418
299
2797
1458
3178
2486
3783
1983
82
3736
1888
4626
2466
2514
635
6481
4224
2212
5089
1813
2691
6103
3727
7907
1469
6843
2016
6367
6352
4179
2545
7814
3060
4942
872
6464
7928
1793
6566
1408
4476
4388
497
6144
3897
3820
1882
7819
5466
4734
4752
2927
6704
3542
3988
1690
1229
7886
5087
7762
3871
3170
2696
5172
6767
6326
5954
5334
5498
5089
7617
3055
6484
836
7672
2974
7753
5277
3073
5737
734
2041
4150
6536
7219
1665
6671
4962
6678
6233
3127
5642
1312
6346
3940
1480
3929
4460
3183
4469
5555
6386
4008
2109
2642
1163
2013
6007
4134
3071
4850
278
5625
2935
7214
7095
759
626
7504
6449
6841
7935
7059
5116
3154
2384
3662
3568
2656
2372
1350
2478
5634
5414
2157
561
188
928
6274
6193
6642
1568
6022
650
458
689
6746
1374
256
5689
7186
7083
4400
2284
7951
5403
2038
3375
3101
5396
6091
7418
1998
5405
7978
1534
7787
5282
7889
1920
5965
665
1730
3779
545
6286
2851
4261
1302
6326
5953
6001
6522
6436
3281
3244
1643
3301
7540
539
7712
2857
461
7922
50
337
5728
119
1315
2575
5401
7538
3649
7854
7605
5704
5991
3146
1235
352
3845
5745
5985
4687
5983
2345
296
403
1020
4352
3125
3133
3562
5733
5982
4604
7957
1347
4722
2515
3074
4834
2899
2169
3980
4123
4407
1280
5639
2074
2720
6215
7177
1759
5078
1106
813
1063
2609
5745
7084
127
3427
4503
498
198
3581
2389
1949
6780
6367
1975
3809
5199
1258
6446
6084
3160
1713
627
2851
5052
5269
3473
733
2859
4509
4525
2021
2292
7739
4182
6448
5800
5728
2562
5859
6860
1801
1509
100
1779
4323
2736
4420
6085
702
7936
2612
5156
245
2623
3213
6040
4481
3065
1700
3653
3373
1353
5369
1562
6190
4686
4634
2217
1539
2345
7631
6024
4227
2994
2952
6554
6682
3448
2189
7835
6493
4486
6918
3828
5972
4666
5798
5897
5280
2664
266
3526
3501
708
4000
4359
4730
821
1128
7730
1902
5414
6992
7769
7789
5986
80
238
7444
4753
881
5207
4912
6542
2000
40
1848
6059
2043
6668
6021
247
6535
938
4104
5906
5025
6491
5399
3132
1394
5492
5925
4115
7370
3403
7804
1421
2739
337
3501
3963
6044
7014
2427
7617
1080
4244
5976
4732
1455
5317
5899
1965
3434
7028
4880
1075
4777
355
1396
4421
5381
1277
7977
5472
4318
5055
3497
6035
2318
5459
3908
7132
3228
534
1419
6589
3633
4191
6816
3856
7882
7848
7627
4347
4270
4320
3952
1220
4793
4488
2733
7087
89
7303
5511
66
2670
7772
2200
1437
7508
387
7492
3570
2022
5616
4991
844
6883
7947
7147
1063
3153
4432
7386
7034
1917
6271
4106
305
2199
701
3671
1778
2816
400
6147
768
6107
5349
7937
902
6931
7073
709
1780
6478
6944
7492
2901
4093
1298
3763
381
6122
2016
1517
7243
4173
1059
7816
790
4624
3715
6013
6870
4848
5028
6271
6891
2519
6773
4564
2175
5576
7964
1002
7719
2063
2906
5717
4367
782
6358
7055
3441
149
3163
4677
5837
2231
6341
6524
4914
5893
2723
5800
962
6105
7554
4874
6936
2339
4854
6203
522
3750
6987
473
1897
1968
4136
3678
4180
4588
6500
3082
1828
6898
7262
7103
4618
470
3833
592
5129
3485
2236
2391
3780
2769
7849
1923
3179
3986
6915
6776
4424
1527
7349
7558
7888
7664
3254
2546
7285
6343
5163
6351
4730
6392
1978
2834
6216
248
2345
6658
5214
2605
3069
4522
6186
478
5974
4176
5638
2106
965
3801
4343
1300
3455
3659
6598
2520
7114
7251
1796
5842
2971
1737
4488
2562
1235
7867
861
554
999
3490
6660
7375
2156
6063
5907
3162
5338
2900
6106
6764
5126
335
1491
2514
6073
5159
6804
3493
167
2957
7055
37
1941
6496
4760
4586
4139
3473
7904
5828
7124
4223
1105
462
5864
7285
7798
689
6639
3595
1417
3911
7821
4714
7795
1483
160
3343
7475
1484
2830
2862
4696
1140
7682
6529
7794
6615
5601
6833
3965
3198
5891
5555
6107
3999
1445
3413
4775
4880
1778
4028
3780
2553
3615
1394
428
4372
1017
40
2621
5622
3603
5040
4848
5989
3439
3411
5388
6935
3568
7423
5422
2445
5055
6469
6363
5332
2304
4216
1875
7111
4459
6885
2221
6257
3401
458
2869
208
6059
5136
7706
613
4279
5047
7230
2017
712
7581
1661
4704
5234
6868
6095
3153
6589
5266
3522
2811
4406
5258
919
5823
4925
1732
451
2301
6674
4003
6609
844
4662
4386
669
7703
5966
5863
2009
2484
5994
2837
2811
2606
5644
356
1096
5415
5065
1437
4738
594
5532
349
6762
7429
6274
913
2369
1842
4510
5390
2674
2473
1151
861
7782
3858
2561
7952
6371
5821
590
4964
364
7346
3683
4426
1761
6776
371
2094
2936
1088
6006
5267
5500
6990
6513
391
7641
7261
2390
4263
6648
3569
4458
1579
6327
6293
7605
3436
847
3517
2221
165
7043
578
4276
3832
1646
6483
5130
4220
7669
5541
7203
433
2729
4187
7590
3716
6226
21
1978
4228
3626
7039
5654
4834
4802
7610
2337
4286
4470
6682
217
2596
1552
5497
2551
1184
2732
6642
2150
6112
660
200
7876
7523
6359
7002
2976
6814
1183
1519
3486
7462
613
3537
7426
1317
2931
7209
5432
816
4143
6115
516
6864
7079
7006
4823
1592
5064
1289
5173
2431
872
5806
6630
3342
934
2037
826
176
7439
6692
3368
3393
657
649
1195
6170
6855
3763
6828
7793
71
6603
7093
6079
4127
1307
3276
3463
7398
4174
1887
4176
5742
1226
5486
706
2585
640
2720
1007
6028
5754
4425
3620
7045
2304
5985
4853
6659
4378
7126
74
927
949
6466
7025
5708
7524
7023
6726
3067
5700
7026
7983
4240
7934
7887
4720
4304
2784
7993
7819
6511
978
7176
1727
18
5281
3975
5750
3599
6154
5726
3973
5372
7770
4364
509
3505
5082
6647
6183
6303
6994
1612
6235
6732
449
7531
1352
2288
4194
2551
1640
1864
3022
1971
5652
2926
2956
1193
5867
7482
7161
4645
4302
7522
510
7189
2509
6499
4248
6719
768
3766
3578
5793
3906
7506
2471
758
2706
6600
535
1907
1200
3323
3774
7870
5748
5344
5323
2584
4213
4760
2496
6571
2403
7692
7673
3684
2700
2408
6183
6116
2259
6593
6513
2658
533
1322
482
1123
2011
7228
7701
7916
2311
643
4423
7534
1123
7997
3663
4416
1502
90
2897
3466
896
7325
2246
1520
1487
6866
2628
4463
2991
4245
913
3003
7668
4034
7717
3184
5472
5630
7283
5544
4151
5996
2104
1491
1293
2244
6710
4874
7683
7692
7866
7521
1223
2382
1291
1116
7856
1168
1306
5977
1921
2183
4933
3619
788
4421
5388
7339
6157
7198
1455
2371
291
4241
2178
1317
3976
7449
1077
2281
3222
4829
3688
3073
7912
5317
6738
3713
3421
266
999
7292
6446
900
7320
2942
1842
378
7566
7786
3899
2805
3747
842
1928
2701
2464
4754
7175
3605
3713
2029
3527
4267
7158
7504
1849
2194
2955
98
6977
4287
1425
2887
2926
7296
1078
6777
3055
7401
6047
4673
395
2673
5492
5785
6788
6446
6427
7889
7830
2686
3930
6482
1885
5229
4136
1190
2867
3824
3078
6495
7268
1861
3783
6412
3896
2734
7033
5425
529
2713
6464
7399
4007
4292
4452
1232
920
4053
1706
4146
6330
1233
4204
6173
3001
7448
596
867
4199
4474
5722
5584
5120
7929
2466
1895
835
4241
2012
4435
5801
3464
4915
5135
7012
2893
6621
6116
2770
6984
7419
7473
5311
4072
7973
1984
6221
3730
3578
1799
1613
2434
187
5923
591
3415
3746
3815
6730
7888
1016
698
6100
1423
2996
4714
2519
2572
1677
5884
3800
7670
2960
6380
6480
5592
5025
2942
2688
3009
7591
1440
3210
6060
2640
7097
163
5104
2041
7156
347
2864
1303
4257
4100
2257
4108
7706
1452
2564
5240
848
3798
3633
2752
5525
1216
1293
2022
5194
4928
2499
1529
2955
3757
1255
646
233
4866
7381
5151
4889
998
3087
609
4420
460
4847
4446
5545
6718
2837
337
4057
6346
623
7556
461
7236
2431
2314
1065
5061
6285
1673
3983
7423
834
4440
4544
587
102
6657
1643
4963
1651
3110
7622
1470
6514
7529
6758
3286
6981
3459
4504
4890
2002
6928
701
2616
3787
555
6786
4595
4704
5418
6839
1543
5924
29
7570
4213
2970
6025
1610
6866
7403
3506
3836
6018
2934
2363
641
313
5653
4946
4836
1176
4144
2913
2480
407
1615
4140
7593
6376
616
7784
3673
3466
589
1434
4559
3997
4848
293
5302
5502
6319
5225
6511
993
6723
6256
1324
4408
2974
3027
5316
4547
3551
4359
501
4548
970
2618
1960
3895
465
3898
4938
4679
4932
5347
4306
4272
1129
6273
4984
2883
5656
1244
7290
2353
6873
5680
3191
6193
6849
4703
2528
159
7729
4119
1178
4639
6180
2642
1600
7545
7333
7567
5065
2494
5825
6053
1260
3730
2410
4240
7856
4163
2587
1144
5135
7400
2517
3413
5790
7720
4777
7023
3768
2052
6405
980
465
5947
6387
3293
3426
6677
7966
6420
6980
2789
7157
5135
7980
3646
2378
6038
2826
2990
1581
4907
7278
7771
4560
7635
5808
1287
4198
739
2113
7813
7900
5508
4143
2818
545
3385
6418
2162
7233
5079
7878
3737
4610
7584
1610
2042
143
3754
6612
6998
1935
5891
4559
7153
7839
6250
7166
4216
2755
4669
2284
6145
4668
3530
6062
4705
55
7482
2362
5479
1074
4447
6009
7631
3569
733
2640
6101
5861
6311
4791
4002
4126
7982
6639
6259
373
5664
4989
7528
4384
7380
3897
1928
7971
5712
2722
1366
3390
5738
1286
6027
5359
1738
5912
5881
7085
2551
2741
6540
4768
5568
2795
3813
7740
6443
5559
1569
3245
6432
3651
4828
3188
7658
2170
71
323
7180
7432
879
1062
6405
1006
6120
217
3214
3244
4504
7381
2059
318
6135
1503
2799
2314
6178
7562
3921
4491
3291
6294
4505
1647
234
2710
7036
5627
6056
7213
5620
248
7628
4247
4742
1700
7353
1782
4762
773
7031
6314
3742
6621
2473
4524
6583
384
6505
4302
5890
2984
801
4000
149
5561
3368
6434
3682
4573
1694
3889
32
7213
5634
7004
5606
5598
5062
733
7323
6944
2884
7392
2514
4422
3663
5011
979
4473
5593
6773
7375
4401
3590
6608
2527
59
1658
7555
5630
2433
1675
7219
249
4860
791
62
352
6423
1537
5448
1046
5770
4221
4412
942
2193
3291
2967
4144
3535
2465
7758
6073
3056
3905
933
3938
183
4648
4070
7514
3695
2446
1080
260
6525
4275
3248
5202
6798
4281
7642
2266
4418
2417
201
7102
7389
5210
48
3253
1706
6562
1392
1536
248
5747
1525
7943
2052
5954
6065
588
1251
4064
6646
3135
626
1385
7459
5083
2772
4562
6115
3599
2998
251
5894
6
3525
4079
1063
3247
5512
3061
6738
5414
5556
7141
6662
3023
7609
7605
5626
7657
7999
4002
1074
1613
184
7305
2515
7845
4677
1978
5532
1354
355
4607
2538
1645
1717
1718
7236
1309
807
3975
5759
931
6306
2911
4136
1501
2631
1338
1381
2621
6790
1520
7912
2420
7929
1848
7317
7953
3942
7405
3645
2432
2733
1492
6325
791
4218
4169
4733
5008
7703
2951
1198
2903
3129
5871
7714
7225
3770
5017
181
2191
5647
6294
5707
1241
5604
679
1421
4911
6128
4013
2687
5768
1166
2031
2517
837
6098
6303
2257
6258
4803
4202
6547
433
7854
7925
3250
5310
3451
1878
41
4285
7430
3890
891
5781
6056
6140
3081
5414
1751
3814
6134
4177
4064
2387
2227
2146
2720
4619
1978
2446
1909
3232
2638
478
1289
1855
2448
5678
369
2152
4495
5733
6213
7095
1258
5422
714
7130
1050
5009
6387
404
315
705
51
6759
5448
2151
6980
1318
1474
4438
3558
1397
5199
1366
2264
5876
5100
4798
2943
125
1138
6484
5960
3936
3388
424
2651
5813
7944
2856
2280
7845
144
540
2838
2014
5228
3369
2245
7053
3637
2239
1001
4048
737
1
7508
5122
2970
4955
4214
3285
2512
5719
4040
6542
6282
5520
4419
1442
947
7283
3133
2529
5940
1324
4129
4207
7261
8000
5666
5756
1065
1260
1760
5609
6951
5930
119
5742
3177
860
5726
6677
7909
7546
2573
2233
4827
7466
2743
7450
72
4575
7366
3341
2209
1503
2345
6408
6605
6613
3709
553
451
2968
7409
2033
7017
320
4140
858
74
6943
4486
6800
4138
3325
787
6646
5046
6279
1260
266
1081
7417
2916
7220
194
2927
1355
5734
6281
2389
4263
5241
7103
3188
6497
5129
3923
1437
5929
1402
6733
6112
821
1605
4814
758
4361
2666
2668
4854
4915
6171
5707
227
410
5000
6256
3063
7559
5065
5154
7139
3125
7865
1804
6083
115
7054
5715
6617
558
7376
1878
1699
4143
4402
3334
7032
3557
3163
1795
1780
2978
6307
6866
538
256
5768
5929
3473
3765
2338
2821
7860
3570
4407
7467
4320
2733
7992
7703
6748
4744
7377
2249
455
7987
6802
852
7282
2535
494
6618
1499
6242
7535
5314
7679
7333
7373
1120
259
2643
746
2966
3498
5128
6398
5515
3389
4221
2978
1184
781
1212
7245
808
7230
4778
7327
5927
5591
4050
3543
1753
3716
7974
3842
5757
1365
6073
2300
189
7230
2309
135
6880
7330
924
2556
7114
410
3261
5386
3110
3975
6117
4078
7728
5427
2144
1427
5461
4700
7370
1755
4789
5735
661
6698
2639
2173
4393
1647
1743
2905
4941
2870
6363
3762
4815
2733
800
7190
7962
2502
4574
7622
339
7941
1605
2301
2341
6106
1840
3622
4093
3093
6526
980
2035
3151
7369
1493
44
835
5872
17
3370
4416
6789
1134
5122
5917
142
6233
2595
3719
5236
5966
211
6120
1559
6403
5024
1313
1197
4344
3079
6836
2117
7840
6340
3790
2857
2102
4443
5419
95
3687
637
5413
2331
7468
1032
6257
1415
6467
4476
3362
7239
5406
371
5449
3018
5700
7377
638
323
4334
6504
4034
3160
3105
882
5376
4487
4341
752
3232
1933
7176
1406
5016
677
467
496
1165
5620
6860
813
607
6585
5106
7800
3530
7281
3443
506
5870
6149
4969
6898
5205
2937
3316
2527
7236
6811
3285
7195
5582
7109
6484
4761
6836
5501
1845
3736
7900
40
5142
5081
4221
5886
1430
4910
7929
7740
5965
1635
4412
1236
3068
5880
5390
6828
2343
6586
5728
2362
6240
6629
5346
7194
3502
6119
3678
1812
6474
6625
1428
7210
799
4353
3417
4831
7286
1914
1547
6918
7481
7881
3635
3763
5015
5188
331
1846
3882
5544
603
49
3451
2028
7369
7711
3503
6324
2468
3258
4493
918
3284
6310
2907
1506
5469
4542
7724
4588
7373
5326
369
4971
5048
99
1692
3196
141
7107
2009
6084
7762
6141
7028
7169
3833
2718
4993
5821
7531
6641
7492
6685
1652
4119
1531
2648
4580
2250
6491
3080
862
2583
7240
3589
1573
6086
3100
7604
6436
6357
6638
3491
5063
5273
1355
4914
587
37
59
2336
6000
3253
2794
1870
4069
7687
7678
796
5308
6256
3764
2695
4199
3374
3360
3488
7411
7235
6065
5037
3707
3268
7101
1981
2051
1957
6938
4814
6305
812
2310
3616
6540
5200
2684
7300
4080
7292
517
7485
6688
1624
4855
7032
3747
2723
4279
1523
982
899
560
160
5955
1521
88
6763
2187
3428
2110
3880
5284
2590
3489
7418
6882
4517
5219
5986
7680
225
6237
6224
6459
6866
693
3503
1979
5363
4535
5800
68
6433
6646
6199
1774
7338
5476
3660
7202
7866
3589
4536
5354
2086
416
90
2518
4367
3725
5938
2542
6885
4867
5770
3829
4800
1899
4686
4223
3101
618
975
4404
7845
7525
5095
694
3038
2826
3486
3145
7428
4920
1768
1328
2862
1226
3185
5501
1897
2500
3955
4440
4332
5464
409
1076
6590
5196
1379
4459
1498
3929
3899
1347
5295
6472
5586
4127
7913
2231
622
577
5781
3840
598
2819
4858
638
7763
345
6595
1723
7838
3210
5055
462
217
2497
271
3712
7445
7963
178
969
5966
631
7319
5637
3959
7077
2319
3982
1723
1610
3750
7599
3381
6625
573
7727
5322
4718
4482
7217
7514
4839
1594
2779
2654
771
2471
601
5029
4033
7402
2119
3686
3574
1521
1893
5319
409
3092
1882
5924
3415
3783
7456
5745
6844
4218
7754
1808
2971
3417
5236
2149
1145
2798
1995
4041
1252
1324
3101
7857
2039
7286
5643
3018
1859
7413
7062
2504
4641
2506
6980
4442
7864
3674
4321
47
1510
802
3254
2769
2282
7276
2332
568
2234
4087
7023
6572
4398
6468
7439
5496
7223
1376
1002
5627
7738
742
6637
7472
2576
4787
3553
3582
2846
7653
6343
5095
3882
1142
7920
7983
2134
3291
2882
6083
3365
5593
860
7553
3661
6819
2656
1841
3873
4657
7079
4538
2657
1789
3004
6193
7356
1193
4070
1784
1715
6632
1472
2608
7024
2512
7183
5624
6923
5887
2813
2073
1639
7435
1069
4797
5773
1421
7120
3081
1982
6683
3652
3835
6751
7887
525
7537
2726
5377
6983
3230
4783
4961
878
1706
4725
4428
1252
5557
432
6437
2420
5465
6249
6066
4434
3781
1651
4000
2974
2933
5127
1992
5370
5684
397
6946
5284
4420
1769
4330
29
1812
7315
5459
4821
2362
2782
2372
1099
3969
4335
2848
7095
2324
2386
3301
7702
4906
3889
2889
2692
5208
3884
1180
6
4357
2752
4355
31
2246
6942
7300
1129
4146
7997
551
4889
7244
6403
1009
6994
3619
5687
259
259
5358
6798
2653
7652
5381
3375
788
1843
7520
2027
2630
3156
1456
4247
5661
5385
7550
7765
7762
7708
5705
3120
782
6572
4824
3674
1548
2460
3726
7324
6028
6222
5595
2272
3784
5355
3470
5162
5397
6048
2154
7441
5809
1117
7560
3550
2754
4457
6449
282
891
2593
3965
6145
4971
2938
2252
6875
7104
4191
3077
6819
4231
7753
1194
1575
3089
6955
6085
5782
6015
6857
6744
2160
7719
230
2110
4605
5806
5904
3562
3567
7796
164
5155
1659
47
6902
624
3517
3241
4788
4134
7405
958
4861
3708
4470
7627
3691
6748
7612
97
5259
4700
4746
5039
2441
5644
2838
6215
543
7384
3008
5723
6407
1840
4220
5768
3214
7091
5693
2157
2612
5674
5985
1494
5872
6884
1270
2951
3638
2405
2437
7938
993
4862
6622
2017
989
3259
3307
5693
796
4763
192
4179
5990
3222
1390
1582
3974
7792
5090
5032
2032
7051
5602
3952
439
857
558
3161
2878
5821
5474
7513
7577
379
4164
6620
6649
2436
4723
2572
2569
6408
6538
6358
4175
1283
1032
274
847
1964
4830
3600
4603
2410
7144
4080
2605
5122
5994
4177
4261
863
4225
7112
5107
5797
1125
7628
6801
7314
7049
4975
6311
6291
866
3534
4169
1554
6404
7904
1319
7016
1276
5898
2309
5909
6594
4042
6369
4857
6659
3955
5777
4415
6426
6644
6784
7001
3625
380
7528
4820
2396
5189
420
565
7219
1343
6254
4521
3062
4221
1502
5518
1380
7824
2472
384
3968
7425
6404
4630
6229
4
7660
2851
6036
2172
1865
7035
3896
2524
6279
1008
7957
6195
1913
1458
6925
1314
29
1877
720
7250
5900
6758
4123
779
3491
243
593
6621
4411
1061
2829
7075
5045
4279
5359
2240
7036
6199
6834
102
3955
4530
3539
5674
4516
1501
5578
2381
7608
4819
644
3887
6212
3642
7922
7488
6198
5967
7604
2007
6978
3201
6591
6590
4720
5425
2965
6122
2368
5471
7657
4644
7897
5501
3708
5932
64
1631
4736
3881
3281
2542
4973
7014
394
3233
2078
2055
7680
216
2394
1744
5220
6142
1303
4298
5277
191
2753
5825
6983
2472
6628
7574
3839
1721
1219
790
3452
6354
3981
4835
1884
3142
3881
4060
5413
1923
6494
3700
5320
2938
7666
4915
6599
2761
6568
627
3584
2773
1837
5510
493
2356
3849
7876
6907
113
7298
2959
2381
5344
7357
6382
6890
5583
800
899
2180
5036
5693
658
1239
7934
4670
6586
602
7973
1438
95
3207
1911
485
5285
787
6459
7345
1066
3969
7780
2939
30
4367
7337
5148
6605
5756
5157
7785
5753
7249
1190
6486
5532
1842
5280
5010
2810
2965
7092
3307
4594
3808
1168
252
7134
1608
3007
5398
178
6473
2840
566
5825
7665
4283
1277
5819
2569
5039
937
6222
5500
3567
1010
3884
440
6283
4802
6301
632
6959
2744
808
2806
2540
6120
1411
6881
2862
94
4088
5218
402
7287
1195
6182
3104
1635
7824
6376
2359
4706
5110
1443
5796
2155
5998
6084
1809
7965
4709
7084
3404
7551
1937
2056
1704
1971
5618
3258
4464
1306
2660
7828
5638
883
6036
5605
4045
3308
100
4294
458
1133
5788
7537
1437
5950
2818
1304
1499
6767
583
1488
573
3483
6845
953
2904
5005
7910
7957
5500
281
3776
7587
7923
5741
3635
5835
5272
4989
3740
2131
6433
1475
1129
5760
2285
6965
753
1295
1361
3478
4399
6830
6328
7906
6193
3504
5774
6041
7113
3524
1888
1206
2525
2072
7332
2288
4634
291
2962
6374
7981
7351
811
3047
1915
3408
5033
222
4888
1012
2608
6014
488
7416
92
6375
4587
3585
3507
3666
6036
6990
7729
6558
4056
2343
2215
4133
7261
6595
2591
5559
316
7981
2982
7569
3394
5590
3538
1547
2499
944
2247
1220
3728
798
4683
5195
6661
4070
4247
235
623
7498
5937
6185
407
307
2940
1114
5895
2638
4626
1055
1093
1803
1840
5879
1681
3875
1735
5893
7169
7685
6049
6195
1310
6119
7027
7343
1770
1787
4097
2317
7970
6345
6787
7352
5650
4171
1309
2727
5238
5041
6414
5627
5327
509
6294
5460
4723
2272
791
424
4503
7672
2295
1942
3848
5481
6267
1457
2080
5813
3224
860
7403
7331
4798
7857
1181
1929
3816
3562
4734
6475
3619
2502
2198
7139
5752
846
7101
1422
5977
226
6192
4425
6575
6649
5745
1937
3005
6578
7656
721
911
7756
217
7242
688
1471
6515
5041
643
6455
1219
7619
352
4827
7003
4553
2794
4665
6654
2490
5079
5899
5848
6605
7213
1222
7883
1301
5818
6986
7584
4490
2573
4615
1198
5982
334
7011
3130
3305
1127
2142
5302
4583
6742
2414
6043
3309
3515
3863
7417
7468
1153
6814
7675
4863
6010
5639
2786
5822
5077
7146
1697
6532
6639
6984
2262
2715
609
6000
7652
1495
4565
3645
1718
4711
7608
3878
4817
6887
6402
257
5391
7821
845
6442
6158
3610
577
2949
4209
2928
7837
2265
6502
3
2455
5559
4745
2152
3691
1785
4051
7728
2217
3042
4332
2226
3495
1450
3193
1547
7636
293
4329
7276
6230
3620
7814
3606
1455
4712
748
7059
2117
2262
275
1549
3558
3876
3344
4571
1883
2000
2156
362
1204
7692
3639
782
1541
1015
2293
5751
4881
4493
1850
6938
3177
2
1023
6811
3537
7521
1525
4991
76
4882
6802
4130
4063
186
7421
5389
2425
7297
7093
6872
6632
5902
345
7403
4463
2022
5507
5136
2634
7674
6298
4517
246
3613
2879
7280
4004
2854
330
4638
1634
6521
1300
5894
3251
2227
2104
4922
5840
2596
1651
2811
4343
7876
4561
32
3201
5445
7957
5351
1387
3504
6217
2711
1966
7563
1671
6202
353
1053
3296
102
638
4380
1179
1991
4693
6162
3138
5075
7192
7898
6859
7177
5631
5539
1620
458
6312
1936
678
3158
3679
4377
2570
3966
1069
7270
6307
2290
7761
3372
1606
7204
1729
6504
5586
1416
3728
2105
59
7399
5974
7385
877
142
5197
3872
7641
4337
4126
919
125
1317
3370
2704
5540
5744
3595
3336
5381
6904
4042
1175
667
7993
356
2299
6763
3972
5126
4734
3696
3926
2007
7692
4946
7359
5628
22
7212
3684
2626
773
1158
1733
2040
7965
2756
5530
4444
3433
1814
930
928
3052
545
1804
2363
3863
1150
5940
3259
5472
2247
2646
7655
6303
7458
2660
1937
6768
405
7349
2427
4961
7351
2560
6989
7978
7682
1224
305
1082
3585
4160
3849
6188
6361
7189
4021
643
2054
1538
1838
7641
2140
6473
5403
6460
1732
66
5627
3473
2507
7768
1123
1047
1897
1961
7113
1767
6174
3205
145
4102
5173
2626
2833
6701
2444
2763
6770
884
