3861
4079
2520
4663
7539
3170
5263
3867
3085
6434
3328
2502
7528
1266
924
5902
450
1532
4113
7398
1887
1958
2043
2704
2477
2505
969
2796
1308
6139
137
4401
5065
6609
249
2255
7890
3174
4155
4218
6764
6517
7567
1780
7756
670
2562
2955
3085
1340
6234
398
3986
1029
7588
6524
6832
4048
3528
6515
4602
2533
6038
1758
6631
7021
821
4933
475
1143
7513
6847
1760
7523
3444
5857
3994
7718
213
5075
1761
6213
405
7983
2985
5933
6407
3765
140
6394
5651
4355
5160
6342
25
4674
6902
4405
6140
2439
5080
7730
1400
17
5525
4804
5487
6255
1265
4840
4927
4741
5429
5784
5001
7713
7321
5387
5056
2138
7440
5752
6303
5028
5114
4940
2138
1839
6936
2484
683
3812
6199
223
5366
3857
5673
7442
2541
1030
4286
3524
1522
2804
7347
2867
3899
4408
4833
2150
3070
6644
4186
6383
4737
227
1811
2511
5698
6440
5910
2703
5019
3977
7240
868
1478
534
6736
4964
7737
3737
3105
4048
2604
1110
2131
3167
4845
6420
6757
449
1476
1322
7849
7026
5625
6611
6865
965
1562
353
7060
6368
5793
3095
3139
537
2345
7323
7248
7095
1423
3482
69
6221
2712
146
5218
5226
5946
5248
415
7902
3188
1218
2296
3518
3442
3844
2458
7524
1798
1585
6378
5555
7717
931
3167
2413
7882
4841
5272
1226
4643
2858
2730
3953
1358
4761
1467
323
6798
5919
6827
4632
1208
3443
854
2626
338
1417
5664
6303
7822
2310
1429
6119
7993
3781
3688
264
7084
1985
159
5246
6877
5516
1792
7729
7543
7999
6845
7643
7857
5841
6634
2450
3935
5292
7042
6331
3883
5512
6461
5424
6714
1019
5567
6716
5731
6014
258
4829
1006
7631
4738
6956
6137
3589
3427
159
2921
6479
4344
1250
182
3176
3403
5820
2126
3364
2792
1135
3043
3220
3098
7852
7706
7608
2123
1122
3295
5630
4192
680
137
3573
5424
4103
5689
4954
5864
7541
1641
1925
4253
6607
6379
5213
6106
3038
1483
3671
7117
753
6023
1880
5220
2507
6842
2767
7974
6463
5436
5357
6722
7182
5849
4354
6578
3917
3792
7738
1584
7446
4039
3895
2543
2893
4563
127
7277
2328
174
6370
4470
6313
3083
7297
2605
6138
1685
1033
4886
3697
2864
4829
5061
3180
7898
7834
3684
753
6829
7002
5166
1060
439
1744
2279
679
6919
1742
2604
872
4475
5198
5732
7614
7227
1900
3385
6635
7475
447
6855
364
2455
258
1852
2418
195
6584
7974
3574
3102
5674
6577
2877
5362
7637
5734
4091
3801
5179
2590
5825
6105
1087
2692
4164
271
238
5864
1413
7834
7806
5042
4798
2860
980
3522
1656
6363
920
5262
7095
6571
3105
4164
1023
4999
3607
1683
3285
2808
301
4862
2522
1272
2646
6272
3498
5288
585
2615
4012
2420
799
7995
3500
4997
3383
2257
5112
7228
229
933
3133
1774
2811
6157
654
6447
5536
1598
7391
992
1885
475
1022
6685
3690
7636
7741
6217
2910
49
7775
6710
7336
2550
57
3468
1823
321
907
5445
3834
3943
985
4266
4955
4839
98
4978
1543
2251
51
634
4192
3466
5429
945
422
7356
3110
5548
6922
3406
3530
7066
7609
4309
2990
4386
2062
3237
6102
4329
6514
402
5702
2504
7558
6979
6526
5983
4359
1733
922
1328
4625
6799
4012
702
3336
5310
5440
6559
1661
6331
4239
5963
4863
2082
1952
3775
6839
6527
7804
3950
4365
6790
4683
4956
943
7183
176
1596
3562
3060
3216
5896
5256
1101
7639
1723
5342
3235
3224
6927
3026
932
5367
3626
2556
7651
5467
5060
3326
3924
2432
5139
3617
5034
5105
4477
4459
4529
1600
6498
5319
2362
2375
2329
5413
7728
6301
4414
600
43
2855
7955
6553
6744
4263
2509
5622
3865
1121
4918
2555
2320
3978
4805
561
487
3174
4524
4655
6408
2694
2773
5898
3148
1184
4504
7764
3887
7924
19
5961
6280
3216
3941
2065
2904
4151
1811
319
166
6399
5311
5571
6406
5153
5626
7502
7663
7924
5038
3734
2048
618
55
7595
4746
1513
3326
6295
3265
3584
181
3324
7997
2105
5048
2666
2938
5461
4604
4658
1599
6691
1634
558
3072
7598
5788
4515
4750
560
7549
6007
3639
3751
7826
2811
7675
1329
947
6528
3120
1750
757
3133
7651
1260
7747
5234
5127
316
7596
4908
6694
132
3436
4957
456
2046
6879
3442
801
318
3419
3746
5614
6083
5832
3357
197
869
1173
1352
7502
6755
3266
3550
2665
5926
7225
6194
3724
6581
3725
5757
4878
860
2645
7306
3502
860
4564
6398
599
5168
7484
1737
3765
5980
208
1594
4614
1838
7994
5449
383
6567
2312
320
965
1173
4968
4354
5304
532
4039
3860
6134
3178
630
4699
1375
7037
1430
6571
2539
5259
1270
7152
4508
7068
7960
3190
4713
1007
1783
2067
3612
5566
774
487
3750
5173
1513
7935
749
2054
5858
1221
551
7873
6478
6964
3855
2585
3685
933
6181
5887
2899
4449
3200
414
518
3422
2210
4875
3845
2250
4617
490
4286
1501
5182
1402
1241
4077
2050
3012
2037
6748
4544
1231
4599
2746
7594
4197
2266
7019
7393
182
3607
1729
7532
1202
2520
4899
7400
3840
6037
5422
4642
5823
6978
5436
4988
6519
3392
5022
7374
6293
1718
6175
164
610
5230
1538
6172
6349
7286
825
1091
1517
6018
585
6080
7910
7231
3747
5925
3582
2332
7342
6209
1482
6816
4792
2160
3840
6669
629
1437
391
467
5679
4420
2762
78
6823
3780
5132
3476
7899
6578
1232
5854
4809
3339
3529
6515
3779
4892
3970
4050
7822
6672
4106
5673
2967
5824
7332
6992
7853
4107
7471
1128
6855
7800
533
7543
678
2449
3944
136
4226
3295
377
5991
2572
5697
6416
205
3609
211
6130
2635
1978
4430
5544
5666
6301
4792
4280
5089
845
5125
2817
2968
2838
1921
4137
7634
1672
5128
5443
5738
7244
2001
4491
1385
69
270
2863
3293
1451
6856
7351
5308
6877
2042
938
7456
6979
1992
105
2131
4016
5939
7755
3067
761
4168
5909
6497
7901
221
311
2889
2280
4472
3880
808
6649
5566
875
5899
5444
7322
4835
4270
3657
4747
3719
651
3648
2633
2430
172
2863
2125
3876
5250
6094
3183
461
1505
5367
635
4263
721
6592
7920
4331
3904
3339
2396
421
5226
5101
2086
7500
7011
7310
2367
6335
4016
7159
4312
3860
4538
7158
6080
1580
6840
857
1320
364
5218
2675
231
6201
3674
6771
833
5443
5971
5254
6781
6036
7065
1215
4990
5645
3257
2539
7777
7322
6470
1671
3567
4449
6075
2397
5718
5602
5232
48
436
6342
3274
1965
2760
276
378
741
3923
7278
5943
4596
4458
1934
266
3787
3242
7561
3922
3073
4112
1936
5682
5760
2874
1628
2375
15
6005
6835
7304
1312
6575
7497
6653
929
6617
2294
4076
1590
3503
6799
6921
454
7817
4990
7539
1959
7536
6035
7673
1362
250
4709
6647
4803
1280
3956
6143
290
3782
1213
7031
1670
3751
188
4331
6630
6937
4854
939
6381
6369
3752
6125
151
4935
3721
29
2640
3498
4638
2187
1081
5413
152
6973
1127
370
6853
5621
2399
3019
4061
5539
144
1723
6382
7441
7208
1395
7161
406
7618
3038
7885
1790
7469
7462
1590
6623
3614
1802
6842
4978
7191
4270
5994
2169
1767
6839
4928
6025
6922
4327
4823
6917
4650
471
4114
1560
2220
1373
4286
5403
1233
1155
6396
2365
5148
7150
497
1477
895
3498
393
4385
4800
2188
318
2102
7116
1206
2301
7866
6172
5656
1025
5469
4932
1319
3626
5768
7060
5434
6508
4388
4779
5475
4593
6795
3093
5912
4485
3192
1848
4030
1257
359
6413
7129
7529
3037
4854
318
5113
132
656
3887
4118
2214
7791
7398
7629
4232
2889
6652
949
7838
6726
816
4937
4489
7478
3869
6896
3994
6004
514
3268
1627
7470
6468
191
2311
7571
4143
7190
4617
1468
1221
2676
1827
773
3454
1299
3583
3238
4782
6050
3069
7535
2215
1517
3989
2926
2502
7330
5559
6999
1395
4903
4448
7056
96
1794
5925
1449
6537
3626
716
2436
272
4945
3588
6039
2549
2412
6013
7269
4359
367
1978
1978
245
4171
281
4056
918
7357
7192
7561
822
3570
612
2054
745
244
6436
1479
3789
2910
104
4699
907
4123
6841
5751
7879
2333
2594
1642
1227
1172
1539
1485
6892
1173
4813
5378
4352
2387
1135
1317
5991
1995
1954
1809
5430
5150
7238
7317
7177
5568
7614
1000
1576
1913
1333
621
7952
7348
3359
1795
7256
5182
5922
1066
5043
4140
2571
1152
5728
6967
5336
2552
7083
5394
4415
637
5601
4449
6107
5492
1104
4114
70
6930
2424
191
6329
919
1446
2672
7417
6038
1337
6468
5692
4928
4878
6276
5580
7165
7552
3747
6769
5161
4314
3443
5048
3599
1127
5797
2423
2619
4795
6513
4418
7299
415
7663
7046
4575
6328
5867
7856
7616
2485
5337
2380
3944
5309
6570
2370
1848
5438
2607
3022
5893
2139
2167
3535
5377
3093
720
5906
6
5042
1054
6639
7993
3950
6386
2136
5543
1428
4006
369
6133
4908
4447
393
4144
688
896
302
964
3264
1205
4379
5673
1265
3027
4329
6830
312
3550
5252
106
6397
4681
77
5969
3302
5516
963
3778
5343
4787
585
4764
6752
2970
2919
3231
4624
4711
7575
6441
490
1410
38
7457
2724
5419
4604
7186
4590
6349
6541
1025
1935
5300
5892
4478
5820
559
6714
5862
6165
375
7548
4523
5378
2639
1198
920
5551
195
2930
4069
3653
6912
119
4892
4757
2615
3335
7982
1188
6682
6580
311
1683
1179
2445
1855
2268
5274
5742
2978
2609
5258
5885
2052
3444
5187
1596
1247
5006
7280
5247
2360
6071
3976
574
6940
7885
5450
7809
30
1376
4607
4515
1423
1889
6656
214
4916
7619
1497
2349
3703
4147
3819
4797
7511
7700
785
2922
2263
5943
1087
472
2705
6010
2276
6396
29
4884
7788
1743
5322
5047
3463
6743
4722
4584
125
2088
3763
1271
3051
3732
6102
7253
2680
5309
3964
3950
6467
3636
7194
3684
6621
2540
826
7200
828
5639
4623
3019
4818
3909
3264
2512
6633
7896
5318
3991
2663
105
3808
6746
4568
2009
1413
6207
1169
2765
4651
5044
72
5934
626
7135
3926
6483
5380
3493
2882
3068
60
4645
7495
785
4779
4735
1340
5914
6628
1594
4081
5006
2949
6619
1533
1189
808
6160
6484
862
2455
1637
4050
7970
3438
3744
5714
2372
2107
5060
2889
6747
6694
3445
4215
7679
7138
1041
812
2130
3709
5052
1923
1272
7887
2909
7906
3669
4912
2366
4107
78
523
3566
4746
2135
6227
7419
1644
2913
3554
3833
3605
5851
2144
3782
4197
3452
3963
6742
1012
5872
2918
61
4408
2075
7028
6184
7593
1355
6831
1783
3092
4044
2714
5501
6034
1402
7773
1194
1958
3558
2876
4658
5059
5998
3615
4183
1032
1933
3687
4204
866
7212
6147
1409
318
2371
6363
2822
3687
3857
6256
1904
2399
7818
2732
3626
3514
7497
5141
4599
803
2644
5632
5967
6612
7013
3675
5428
3814
6653
6069
5947
1230
1746
3041
3175
2367
6105
5595
2974
5624
1833
5036
6839
542
4478
6942
3395
1784
870
5896
5604
1645
290
517
7564
7599
841
738
2775
5766
1447
3123
2442
2440
4148
978
128
5368
6263
5050
6726
7752
2459
4772
7622
3140
1202
245
2279
5599
3714
2117
7470
2738
7564
825
5359
1510
4981
1450
94
7045
4441
5709
2371
7017
4879
6858
23
3868
5737
6075
1721
6961
249
6239
928
7325
2439
4155
6418
1540
6008
2955
1782
2210
2723
4585
2286
2679
6956
2835
884
1256
4843
2731
6409
3896
7980
7860
3832
545
4197
4463
3086
45
6886
6772
3122
7415
7517
2622
2416
2649
2538
1725
5318
6953
765
5960
7230
4319
5697
5427
490
3341
5435
6290
1020
7859
6206
7741
7140
5890
2478
2480
3658
5942
6422
1436
6482
3488
3772
3160
5123
2008
1925
3493
3339
7088
406
3480
1759
3425
643
5041
682
6833
2675
3303
609
6195
6910
6897
5866
5002
2992
2872
2027
910
6532
7488
4606
257
2391
7719
11
3496
533
1980
2319
5351
2103
1113
7193
3982
2172
7433
7337
6095
6768
2897
7814
23
6123
3752
2798
1084
6394
261
2277
5552
1713
4373
3871
7852
1557
5141
5413
1528
3548
2652
1299
6518
5980
7950
4766
2646
4288
186
3732
3395
5026
5913
1655
6502
7153
6469
986
4634
7594
3737
4065
7190
495
3908
6917
2064
2259
4977
2732
3435
1160
2664
3162
2129
3710
3395
7277
4127
3043
1259
3891
4018
6529
5284
5637
4529
5927
5361
7516
5747
1590
3596
6549
7314
2586
7233
6415
1879
7854
2707
3426
5144
7165
3292
926
5259
6621
2977
1110
4806
7915
7776
7836
2449
979
2215
3688
3951
341
2359
2480
5885
4641
538
7372
5590
3730
3349
169
3658
4596
5031
7046
6787
7136
6746
4702
4745
6112
4512
6691
319
6124
7701
5759
1381
3404
7265
522
681
7314
6872
1697
5570
2170
5546
418
4206
4265
7794
5265
1497
6848
3524
563
1779
4673
1022
3436
5551
3823
4402
1943
5167
2833
313
7827
160
3606
1427
2402
3580
785
2428
5669
7642
1511
3266
7140
598
5483
2894
7886
3135
4294
7167
945
4398
1571
5629
7722
117
2382
5755
2130
4783
5321
2400
216
3471
7736
3440
2709
2169
340
2645
2372
2111
3510
2075
5518
3408
3252
2190
5278
3334
740
1711
3807
7314
4475
266
3414
2447
5783
7888
5473
2230
428
5701
5910
2888
4096
1276
3472
6350
1746
2862
3413
2342
561
2545
3348
4472
2503
7511
6121
1710
4438
2774
5702
5374
5618
1706
3378
5578
5429
3425
5156
3464
1678
1715
3970
1764
4842
7653
239
6609
4950
1935
4813
1714
5839
2736
4287
3150
4285
2235
4515
5552
7991
1044
7922
5192
4909
4017
6864
1417
1450
7401
6248
3884
3124
428
1586
3780
3033
1266
7184
59
5264
1453
6826
6575
6826
4030
3905
6713
1553
4119
5915
3198
4662
3257
6604
1577
1099
1656
2071
4732
1484
6386
4139
7783
3804
4565
2682
2554
253
6177
131
5155
2586
3595
3177
2907
1859
5491
1128
4901
4483
5685
5313
1334
7932
1132
1666
4849
4474
235
5617
2498
1151
6451
7234
7422
277
6925
1463
1632
2075
4854
3557
7739
5144
4782
2225
2667
3842
3736
5486
7453
1404
866
4848
5391
478
5242
1170
4180
6841
6132
4611
6546
4639
4559
3814
4218
6120
1597
6312
2992
7315
7859
6880
5858
2138
1805
4671
594
2102
2474
7407
1665
1689
1373
2461
1363
5542
4613
4969
2014
4016
3084
3481
7061
2566
6803
2795
6347
86
6507
3947
7070
6152
6160
5756
4267
2672
7266
6882
6395
3907
3231
7121
6400
6779
7707
1559
2652
917
79
6308
3959
6401
7298
5505
2208
742
2761
5670
7997
5959
2955
3414
5194
3144
6426
1355
7189
1349
5144
1144
6608
206
2571
2213
3954
1103
5883
6698
539
7655
3391
2067
2276
2871
7760
6580
7081
2723
3815
5151
2075
2362
4456
373
2981
421
7855
2684
6427
402
7860
2308
5846
4286
2569
3895
5512
4917
5875
2448
6862
3846
5822
5107
3282
6417
7441
1461
2951
7022
1175
2761
3467
5036
6816
3096
5717
4115
6628
6519
5321
27
194
1237
7061
2595
6854
3189
4695
1261
6198
2528
1698
5925
6567
3528
1430
1871
4546
5833
7642
3879
7083
4165
708
7561
3969
5724
2393
1990
6944
6322
3947
662
1370
7517
832
1260
4011
904
2155
3388
6127
3498
5778
6079
4593
1136
4666
5328
1584
7431
586
4250
2585
1985
3576
7172
4186
4154
5899
1968
644
24
7955
3880
2292
7656
4661
4497
2992
5019
755
5488
2191
4211
7128
2014
5230
4641
5936
1271
825
764
4836
2330
589
6858
1261
4952
4070
6198
6967
5136
5974
1189
5896
6015
3902
6500
3875
3594
626
6872
3578
5927
1766
5683
1524
7082
6640
814
5649
539
2981
3825
3431
7830
2952
1550
7489
1283
5224
7444
1891
3671
7875
62
3974
2258
6849
6900
1490
1041
6861
1216
2452
3214
7100
7490
6749
1016
4033
1248
3860
5757
2294
7403
4717
5171
7392
1347
5996
457
7702
7937
3253
5688
68
318
3775
4291
5073
3331
610
2068
1581
1325
7623
6931
1967
5424
4545
269
205
2142
5903
6885
6489
1043
1562
2598
4877
1205
3413
4953
1890
3172
4336
1038
6072
640
1064
832
5218
2903
931
1360
1827
5546
4933
7178
7288
7890
1396
2867
861
6572
892
3076
4958
5366
2547
3809
6363
4979
6831
6621
2725
3124
6497
2177
4065
1186
3100
7170
7937
901
1523
129
7749
1706
5846
51
125
6535
3670
3355
3548
2349
3758
7413
4294
3532
1196
5778
4460
4902
7023
6065
4874
7942
4415
6730
7246
2756
726
3860
4840
6382
5679
448
3180
7154
2648
3618
445
2168
4160
1797
4097
913
2835
5289
18
2794
1154
7246
6515
7769
2640
6900
6892
3097
2904
5733
4087
389
2622
2567
4160
6690
2172
3961
1652
4105
4105
3237
7298
400
6954
1989
6279
4759
509
2653
2293
5229
1440
5166
6883
20
5479
5207
6367
7182
4543
2019
1307
2745
2828
5473
1280
4888
1445
1840
3267
7851
223
1636
3
4618
4424
4257
7590
3424
2618
3910
7825
7721
7958
6893
1928
7393
4121
2876
6016
6423
81
2188
2220
5366
5646
1264
440
2621
120
6133
5052
5612
4829
2436
1812
703
2758
4021
3706
1241
4033
6881
1990
5827
3275
3185
3757
873
5425
2956
5382
7484
157
1972
6097
5347
7667
2586
7797
5094
1903
2860
4053
6497
3674
7730
7384
3286
7857
6380
2394
4222
6118
432
7716
3051
438
3680
6435
2961
4337
6571
1678
6298
7262
6870
3375
6313
3453
5823
2516
4553
2761
5323
4949
43
6163
4765
2965
5057
1298
5161
5161
5585
4031
390
3568
1853
3191
1827
1716
3608
2849
5089
2827
5999
3855
2518
7365
4300
6048
3247
7513
1174
5190
3455
7257
326
2677
1442
2229
4649
779
7911
4169
7831
2830
3875
7020
2895
4152
4506
4990
5968
3984
6261
5522
2680
5086
1576
482
6743
3829
4673
3252
7509
7783
1681
5085
7848
4712
4293
2064
5372
5158
7080
4873
7884
5398
3837
1984
1924
1759
997
4866
1002
1947
7819
888
2256
2283
3128
1455
4039
5041
1868
4778
7731
267
5467
7056
7801
7601
7402
41
1257
5562
2700
4478
6736
2320
7720
2861
5611
5211
508
7444
7506
5366
4899
1236
5454
1669
7712
4321
5337
6941
1013
2844
757
5090
4548
4888
7965
6785
5015
4103
3045
3914
7714
7679
3757
7117
4259
4560
7934
1867
5082
1543
6036
594
6511
7041
6385
3563
3682
6536
2806
5763
3838
2639
7807
1674
847
872
7833
568
6558
5373
770
7870
5084
3588
7730
3960
3580
3304
1931
2579
4676
6502
6246
487
5031
3579
3204
2138
7220
4219
5841
5365
804
2966
1487
7699
3743
4747
6834
5671
1053
4819
7593
1982
422
4878
1542
2955
1839
5071
2183
2429
7243
7164
7529
4443
6322
2563
4379
2594
2410
914
7573
4121
3761
5235
3699
1222
6924
1199
6064
4787
5495
5274
272
1193
1588
210
6380
5223
6097
6407
7691
4521
7752
4095
4835
6628
5819
1584
871
7823
693
914
5900
6169
6434
4516
4208
3570
2300
4269
3627
1439
6385
3328
5181
5682
5149
7645
204
1911
7458
2298
7210
2885
4970
5546
1680
1299
1227
5260
6000
7905
4804
3467
3548
5752
3386
1840
5065
7492
6972
2434
6609
5468
67
5750
2879
1225
3944
3227
5332
7902
397
3494
4440
4778
492
1200
6655
4264
5227
4396
4586
2200
3887
1574
7608
7294
7419
823
268
7804
6933
7905
2838
591
1891
4065
1556
5102
3033
5667
74
6079
4235
870
1807
2676
71
4029
1598
6409
3128
5201
5324
7570
1043
3654
6068
4193
327
5926
656
3310
254
5887
4210
279
3487
2397
1895
6480
2913
5085
7657
1596
2829
1167
7678
1487
5486
1897
2263
907
1268
7191
7967
6793
4989
7650
5923
5870
4376
4681
5268
6015
3160
4907
5705
3416
2078
3223
2601
5165
7137
5920
2173
1323
3544
271
5530
1192
4587
2281
6848
359
7268
220
331
1959
3135
6709
432
4257
3082
947
6012
5669
3172
3654
833
1187
6322
208
1737
1569
4589
2213
1282
6879
5519
7115
6472
5402
4351
3448
1896
1367
7923
1646
4170
7279
3420
4209
5120
6336
1572
3138
7152
3278
4335
2453
1968
2011
1575
3296
865
4724
2994
3322
2430
864
4755
4638
2543
6893
2419
7539
1163
1490
975
1977
2256
1613
7080
6039
1064
5948
252
5506
6589
2748
6817
3047
7000
2252
309
5414
7022
3934
6269
224
634
4256
6181
672
3798
4201
4965
3849
4850
7417
4692
5138
5094
6798
2208
4183
2711
5425
1398
6449
7258
5733
4016
3412
194
5952
6251
5919
6236
5595
2732
7921
2499
6635
5681
5014
5307
1882
356
1959
3677
780
6009
4661
3621
5291
3860
3633
3799
4537
1232
4063
4546
3794
5801
5249
6226
6606
6216
1727
5674
5314
3221
4824
437
30
5028
2546
7021
2412
866
5903
6437
4409
7204
6368
1001
6628
542
7637
318
7123
1709
3960
4900
6507
7525
2624
2084
4489
3995
1719
6046
155
7201
7438
809
4601
1288
4075
1333
5934
7978
3536
4160
49
6188
1509
1773
1014
6217
6687
5666
6161
6345
2301
4627
1068
4406
5428
378
6334
1442
1808
5792
7714
1152
5803
2467
7072
1451
7127
6268
2071
6971
2446
7793
2923
1472
6720
677
355
138
3217
3435
7134
4457
5720
4084
5917
4969
2072
4190
6028
5098
3223
6358
3073
3653
6283
2474
216
6293
5879
1757
5182
4706
7248
1709
4977
6008
7693
1268
889
72
4875
4950
4712
1200
1060
1672
5848
515
5134
3210
3975
2570
3688
2132
7168
6537
638
1230
3648
705
7887
6943
2248
1224
4417
2811
3925
7969
5878
5801
1629
1556
6182
6264
1258
5694
587
7698
6116
7761
3012
6528
6893
4474
7353
4236
368
3299
1514
1813
7006
159
7576
7140
7962
3086
5811
7504
7137
3329
6305
875
1350
4118
3783
5134
1062
1131
6559
3598
4383
2649
7399
2046
92
2536
7843
4540
5108
1033
5726
7765
5097
2646
6551
3130
965
7597
1611
7534
2746
1909
3786
4299
1004
4240
2692
2170
2604
3788
1934
3513
7878
4770
7690
2232
426
4808
4483
3924
2654
928
4978
2536
2046
1545
5022
6668
1761
3075
1773
3946
6537
3818
4916
105
4730
6287
7868
1674
5404
432
252
4148
6783
7945
4292
728
4315
5712
3396
442
1863
1278
4411
7035
6262
7519
5721
5571
3502
3487
7399
1027
7634
6115
3286
1051
4883
6931
3280
5282
1746
2082
2948
1938
2431
7074
4166
1454
6282
7253
2799
1695
3236
6495
2374
629
5095
761
7661
5343
1427
3381
3201
4154
6607
4095
6995
581
952
6186
6760
4033
5099
3510
468
398
826
2131
7106
5153
6103
7027
5506
5307
5415
1855
3672
1839
2687
5329
7965
7943
3771
5562
1457
6066
3217
3243
6790
3434
6111
5636
7080
6709
4169
6616
2702
1942
5390
3724
2062
2251
1517
1960
3410
3947
4004
1947
512
1321
1571
6417
1935
3209
7850
3331
227
1901
6457
650
6062
5044
4837
7128
1002
3687
7848
5367
6700
4172
1905
1113
3688
1640
288
5826
7990
7296
226
3561
4814
5521
5444
239
4294
630
5788
878
4072
809
3816
4957
2738
7468
4100
6310
4373
3221
510
1089
5833
7667
394
2934
5035
5051
2946
5363
5878
4519
5516
2408
4402
5248
2906
4245
1987
366
6000
1112
2366
3809
5905
2337
3901
6726
2412
3102
4683
6336
2535
6337
3415
1940
7035
5422
1564
4462
5550
3565
437
2702
7285
7050
546
2232
4049
903
5364
4360
2364
4625
1479
1471
4630
796
5240
4765
5734
6780
3007
2266
5628
4766
321
3198
5134
5067
4160
3658
5348
1916
2778
5151
1631
6093
4648
2071
5486
94
2771
6399
6405
5392
6082
4274
1141
2115
5502
6986
5182
1216
7951
1735
3700
6616
3583
1178
7011
7098
1728
7010
7272
3717
7763
5513
7767
769
3247
4556
6366
6643
4180
1226
909
4195
4491
2526
3888
7094
4457
2591
7818
2823
5656
3341
4041
2585
2252
6352
4815
5489
5299
2984
720
3134
4032
4601
5891
7966
775
3704
3681
7072
4509
5504
6234
7215
6753
4525
4257
6658
3398
1214
1968
5870
5660
4959
1085
3622
5849
3576
692
5550
2128
1662
6088
6485
4620
6243
4787
6008
4788
3322
2716
2148
2279
839
272
2187
5026
1243
1016
503
1814
581
2968
6590
1611
2598
3319
7694
4634
6768
2828
4335
4593
4818
4582
4043
7806
799
2209
7777
977
1932
3384
7680
1841
7120
5502
4416
2264
4557
1607
1094
5177
675
7600
254
2955
6715
5771
3142
904
5473
7456
6317
286
122
7107
7889
6592
867
5753
7266
3831
819
2254
5282
575
3751
6609
4796
7742
3755
2680
4384
6913
6529
2653
6976
4013
5454
7400
2490
400
6872
3118
74
1020
3686
3809
5947
5095
5186
6525
4189
6977
7046
7767
2597
3493
4551
6455
3757
1557
6882
1537
6874
1311
4748
2634
5503
7650
6640
6648
2575
382
2028
6815
4271
4845
6350
3516
5868
796
7448
1354
893
2850
107
2903
7594
7113
6067
861
3369
3604
1523
7094
152
639
7785
7816
1110
5512
2543
1804
5228
2004
3175
3052
1201
1711
6509
2023
6675
3823
7340
4671
371
943
4504
7245
267
858
7682
327
7596
7183
6696
1850
6883
927
4753
718
5158
3601
4594
1540
5087
445
4010
922
6373
3194
322
5136
4283
5179
86
4442
2173
3660
2052
3552
7322
1349
2536
2946
1705
6409
1116
3054
7012
6126
109
3385
1536
2788
5738
1223
5660
4771
1193
2506
2904
3881
7148
7237
6394
3042
2861
6974
6061
1643
7966
2770
2082
7362
6842
7058
6835
797
6837
7654
5288
4671
5582
3908
5698
101
5295
6800
6179
1569
4147
540
5283
5383
2962
6907
4560
4039
3345
6416
3123
5123
6191
839
2104
3795
7819
792
7833
7114
6911
6878
3672
832
4346
6549
1415
7472
362
3567
1226
7156
152
2700
2009
4331
614
4429
7101
2262
1006
1480
7331
3132
4911
1356
4867
6
5297
5500
1389
784
1743
2857
5114
4417
2142
606
6813
1171
4839
2813
4531
175
419
5193
2304
304
3005
4992
2982
5683
1491
6327
6462
4759
6524
6936
6875
4908
7640
5339
2454
1383
576
4252
2234
3090
3035
1444
6594
1362
3908
4292
2429
5124
4159
4846
3238
4855
387
5794
1629
4144
7368
2396
7276
2536
6022
3657
1488
6172
7668
5947
405
6235
634
5386
2996
536
5095
6401
759
3610
7827
4983
3025
6158
1434
3162
7879
4074
1973
6576
3527
3594
1098
7184
7
2544
1343
4871
6009
3920
5913
901
3954
1858
5254
3996
19
6281
1536
222
1210
7058
7129
1970
6402
1712
4404
2601
5881
486
7415
4933
3770
7344
5742
6916
2748
5146
5330
7833
3683
7908
4629
5483
3674
1162
756
6378
7397
6393
3834
5077
282
2734
7805
7035
7628
2505
5534
2623
1585
724
3653
3515
3320
3563
2278
2672
5260
5515
4075
2781
1689
3094
2420
6678
6510
6387
6252
1812
6135
3702
6422
3594
3243
3328
2809
7502
810
4199
7625
2687
697
2708
5806
5804
4502
2487
5358
2765
2392
1524
7331
7974
5474
3870
575
4507
1949
2068
6892
4824
4642
1774
485
3771
2598
2157
7037
7758
1724
3480
2624
4460
313
530
6280
6570
2615
6579
2771
6047
7738
1750
5984
509
2525
3765
2493
1813
6161
5487
6916
2671
1224
3875
5060
1078
5423
32
6136
1638
1006
6181
7770
1669
2691
2702
2898
1160
4212
6521
7299
1265
3964
5757
1462
1319
4631
7217
1631
2409
6750
1092
55
892
753
805
30
5436
4037
3274
7406
205
3220
6292
4388
2038
3888
7672
3574
6849
4677
971
6932
5749
7851
660
1509
255
2724
3221
7986
3186
7292
6143
5161
7062
3663
5032
6240
4878
397
4733
2202
3088
175
4564
2232
679
3912
1831
6017
2586
4890
6975
7931
4374
5561
5375
3768
2347
2232
1853
6856
5626
1429
990
2243
1420
5652
2734
6615
3247
1005
6428
3064
7462
1230
4022
456
4384
3477
5337
5846
6555
3789
3338
3822
207
6156
2450
3256
5551
3729
3174
6891
7030
2259
70
1355
1664
7221
2920
6376
7074
5743
7573
275
3009
5094
7621
397
3911
3326
4907
5716
454
937
7902
2457
6971
5797
7606
7676
869
7630
335
5178
2317
7752
5817
736
1184
7481
3811
4802
5904
791
4824
7685
5649
7012
4451
2269
6248
6580
5636
5903
1670
5318
5316
4597
7484
3872
1956
4222
4778
1562
7357
860
2929
7787
6189
6107
4450
3104
6407
6340
4735
1838
6200
5920
2321
6490
1392
7882
522
2871
3729
3149
5445
7552
1440
6264
7382
7675
7480
6436
2554
3157
4171
7254
5504
6652
5987
5238
585
395
5911
4334
3546
7053
5301
2917
5298
2935
28
6053
7949
7953
3729
1412
6063
3306
812
6088
6485
4770
6104
2167
1359
4233
3436
7644
7535
4807
5231
896
2550
4991
246
2264
3428
5777
3145
3659
3724
3751
6931
4593
4126
3699
5412
7999
901
237
6581
938
6195
4993
1898
3821
4273
2108
3756
275
5873
5223
3945
2095
1612
2062
2686
4120
104
3621
2740
265
1749
1128
1604
4985
6141
1739
6687
6964
7862
4870
4031
6512
5582
7250
4150
2359
7178
5004
5905
4372
1536
1560
2291
7271
2364
1565
2036
1968
6564
6066
7091
3490
5575
2268
5617
7195
4249
6204
1597
2276
3252
2257
6586
5062
3244
1497
3452
2441
6297
3261
4934
