6627
360
4259
3227
5813
4569
6177
5200
4154
4204
6289
301
3950
1155
2266
6564
1700
4547
104
3981
1795
322
5593
1039
2497
6272
4778
7672
7388
1241
131
2296
2856
3553
2548
3298
341
6609
6391
6477
5224
2230
4720
5345
1334
6068
497
3907
7805
5498
5841
1221
7918
1610
569
3608
3904
180
861
1715
2157
4043
1766
486
745
2534
3265
7458
6878
5660
5197
3975
5220
1
2701
211
4482
2354
1952
7609
6886
7071
5888
3323
6487
6788
4513
628
3035
6594
4823
3594
4889
3069
1607
6093
7116
18
4058
3273
3837
6806
7596
7587
5506
339
282
6429
3574
873
6756
5008
5006
4681
5763
1984
5369
4538
4434
2254
211
438
6303
3337
7405
3506
7307
3004
6692
3480
1459
4918
4097
4379
533
5754
3752
7131
83
4642
1781
7481
5124
6031
2731
6779
210
6473
1888
7743
2752
6107
3363
2366
6033
7553
4476
5050
6520
5981
2931
5439
367
981
1983
6412
6658
7822
6544
5816
3362
7811
7432
7577
5383
6541
2806
465
165
5117
4051
3781
1774
72
1991
7337
3406
5471
5308
7605
7083
2610
7810
2636
6140
343
1639
6288
1296
4671
6132
7818
1013
6564
3922
7849
5424
1762
6889
1137
4154
5707
4006
6426
3530
4182
6369
4099
7768
5420
6498
7649
461
377
3572
2739
5742
2615
7623
119
6132
5606
838
7693
6314
1943
5915
7788
982
5362
3290
3277
7109
3029
3216
208
3223
1180
3069
2947
3329
7429
5107
6585
6173
5423
4421
6538
3728
5031
4268
7851
2328
7377
5166
3394
5397
3729
2347
2871
952
2593
2673
7111
902
2766
6190
275
3072
5119
5815
3658
3178
7997
4471
5695
5976
6716
7956
1445
7811
1398
4685
1724
7178
4586
3372
648
6141
4232
5463
4039
4427
6747
185
2045
4891
3725
5625
2854
5448
2356
6297
4237
2002
4330
3413
5414
3985
6215
1343
166
492
182
5444
5144
6136
5694
2534
1302
5479
3865
4852
7000
5468
1544
624
2706
6231
4410
7029
4784
7837
102
2928
186
4936
7917
1514
1546
4781
6266
5052
6890
6760
3933
829
7670
4965
687
6666
7540
2108
3577
6215
7344
3742
2978
2563
7693
3160
2305
762
3414
2211
1176
6968
3628
7197
545
182
556
1624
2133
990
1520
645
7440
7980
5260
5210
4598
5721
1662
3012
7070
155
1263
7683
5595
2650
1131
6620
3665
2436
7613
3578
5965
43
6303
1686
2226
6414
2033
6632
5139
1741
4751
2480
1329
3369
5879
529
5129
7096
1758
7522
5605
298
4496
302
3115
1662
2161
2476
7715
879
5477
5513
4159
1131
1685
1762
3406
4953
6247
3657
7154
7928
1797
1615
6978
5473
7482
3218
2123
4098
5779
1508
5556
7534
4942
4904
548
6027
2181
1377
7402
7326
1020
4226
2949
2620
4194
6879
6974
4646
2933
974
728
7328
1509
2507
845
5806
1738
3281
5126
7404
3992
2094
640
2579
7835
2061
712
759
5167
1666
245
7242
1154
4529
2240
81
6699
4339
1931
5341
5264
6371
2385
640
2833
2462
3976
5105
6709
5457
4363
2349
4355
121
752
3260
1676
214
5667
6011
3720
6890
532
4358
3111
6608
403
4275
1013
3894
1791
1014
3223
1951
4405
660
800
3753
4807
4782
2108
2300
5153
857
2306
1523
7805
7169
6006
5148
4099
1769
4806
5313
344
7139
317
2497
4254
2188
730
136
3843
3064
7162
3543
4212
5643
4288
4882
5997
5048
6752
69
3775
1209
2526
5791
394
1504
4614
4189
7684
3382
6525
2424
5724
5249
4840
6087
79
5624
4900
6076
569
5687
73
4123
4
2450
5671
6531
6687
7274
4665
2067
4243
1741
2764
5398
6051
6882
2864
2266
4695
7930
6278
7761
453
5901
3775
7632
176
5887
5380
6650
6197
5261
4820
3512
1454
4074
6081
6803
1241
557
1561
5426
5145
2354
6555
1786
7626
4050
6717
3556
6773
7959
5698
3092
3008
3753
5715
3929
3210
259
4152
7981
1589
1771
4733
7097
5020
864
6139
3393
3003
6689
3043
4005
2984
3005
847
6060
861
6020
827
376
7826
732
6711
3252
5838
6022
1453
6881
4460
5987
7419
758
3089
3634
7739
2917
3250
5644
3871
4806
3707
2885
3867
7660
3974
637
6439
1043
7100
2818
778
1403
331
3758
1238
3989
18
1339
5237
3845
1812
2887
403
4240
5038
231
441
391
6699
1195
456
1641
1590
7264
3139
1445
4309
4837
1837
2937
4222
6460
2612
3519
3370
3885
1527
6331
989
3024
5910
2193
2634
4895
3079
2852
1636
5854
3618
6515
393
3303
7688
397
6945
5397
440
2047
101
1055
4690
1053
6332
5677
224
2286
5699
2210
5001
836
7229
7771
3079
5780
719
3510
2118
2643
7349
2183
7061
6437
4108
7143
366
632
2860
3022
5864
1129
1459
6730
3983
6712
6260
1589
663
30
6211
6993
3803
1172
1913
7183
1418
6353
5608
6041
709
1179
887
556
124
3209
6262
50
1889
6069
3597
6639
1417
918
6609
7322
5119
2531
273
5758
382
730
3351
88
7896
4464
1174
764
582
3215
1016
6105
399
4735
868
1491
1124
569
2545
4669
2178
889
2307
7407
5405
5424
7594
6270
7129
7922
5505
6373
2252
896
3491
5122
778
2073
579
3323
2706
7615
3022
2012
6242
4079
4491
7094
4195
4051
2851
5811
7403
2651
7634
5643
4718
6321
1436
2978
4512
2280
865
550
6597
5568
2635
1569
3993
7142
6438
7127
1104
766
1542
6448
3778
3054
1758
7404
2944
4722
6859
853
7768
614
7721
3613
3472
1590
2582
7656
1059
1065
6074
2447
4078
6921
2115
621
2207
7167
6204
4226
3610
3973
4395
4337
2369
6851
7061
2323
5676
7554
1335
4455
6074
4373
2597
1357
3882
7052
2609
3336
5847
4170
3001
2646
2414
3283
4994
5790
6668
3321
6448
3163
7098
385
7166
6045
6728
3419
7819
7825
6387
5138
1421
1650
6840
2927
6701
3983
5187
2713
3785
2641
4981
3482
2498
7956
4804
6751
6099
563
311
3644
7264
1080
1058
3035
7815
5127
5467
2835
614
4198
2824
6726
7063
2678
6197
7126
5312
5155
5185
5069
268
4619
7181
1424
4623
213
5429
2660
1333
7988
1639
2138
5794
7865
3849
7881
2415
1507
4695
5541
1410
6457
7670
7076
7364
185
2499
7681
4332
4829
1387
4021
5906
4211
5226
5382
6287
4280
4009
3938
5849
5037
4790
7875
3788
6979
1793
2442
6062
111
3331
3745
4829
6379
7517
4406
2419
6404
7249
7617
1350
4362
4959
2910
7015
1795
7871
4608
5860
5652
2793
2260
2465
4906
3993
3785
3789
2346
1235
6141
5895
631
6799
7011
3673
7669
144
6638
4962
3086
6075
4154
3791
4494
134
1765
6065
410
2834
5853
22
529
722
4485
3709
1238
5783
490
3089
515
7548
3519
6673
4911
3652
33
2186
5133
4750
1061
3129
3461
6800
6401
122
5493
7163
6950
3461
250
1728
6851
4380
1190
7410
6507
5334
6808
6426
6771
6008
2683
2260
4148
6619
5456
5833
3571
4989
2858
5296
7967
5840
2840
7591
2790
4034
5403
1653
3972
1323
6009
814
6073
4571
2657
4426
7921
1936
6797
1549
7599
4723
922
1433
5658
1942
2174
5759
4697
980
7664
6612
4922
2002
4095
4076
1824
3654
3741
6960
1767
3756
5786
2339
7294
648
3916
5252
3596
766
7463
4848
891
662
3913
2927
5652
7969
4018
1134
6895
681
1245
6633
7891
4491
478
799
6617
698
1188
4267
953
2629
3318
3068
1512
5957
5528
4975
7140
2191
4616
5283
6312
3382
3755
3236
61
5982
4027
7742
7675
5713
6221
3726
5852
2066
1965
5453
7078
221
4728
2386
3339
3402
7716
5133
3493
1627
1999
1029
4869
6639
6176
415
384
6067
7465
3759
536
2560
2266
3852
1520
2170
3713
6760
1344
1454
756
7304
5051
6003
2764
7054
3866
3829
7577
4280
1428
3335
3839
4549
2351
53
1082
6124
2356
6580
7183
7280
1050
5016
939
2813
3761
7948
7228
484
1471
3238
166
7375
5344
5077
7862
3004
7488
7485
1098
3767
7117
3404
5800
4804
2868
6470
4840
2668
1632
7984
7066
5802
4888
450
5602
1641
6983
5279
5232
2574
156
125
3859
7553
7187
5567
5182
7769
2289
1405
3724
6564
1331
4293
855
7243
3623
7386
5586
876
7496
914
7573
3586
7384
7638
5256
4715
4608
5374
2483
320
2656
361
6812
1417
6977
1364
3062
3634
2549
4381
6929
4538
3416
2742
6475
1004
781
7178
576
6056
4951
2071
923
7614
3460
6137
6427
401
4702
3583
1741
6159
6656
7015
841
5612
2273
7777
1918
7026
1187
2220
3949
7371
89
3188
1750
2109
4528
3962
5584
2288
1090
4620
6973
4482
4647
5898
7130
6676
7262
2800
4333
3120
4067
2963
2873
5836
4496
6908
590
92
639
7849
49
1655
3009
3705
279
5696
663
7341
6643
4142
4607
6366
2540
6752
117
3935
7252
5541
4066
961
7911
7276
5886
5998
4192
7430
5148
1122
90
3884
981
1573
2278
3274
5192
7268
7949
1877
1625
5567
7477
7198
7187
7725
6669
5072
2050
3703
7483
6493
5315
5782
3557
5751
1294
2236
7752
4580
7417
4873
7953
5010
3712
5510
602
2479
3108
188
651
55
2190
572
3654
6292
6630
4411
5954
1648
3575
4317
2345
437
2082
611
2477
5581
2558
1298
6070
4509
5970
5123
7640
1313
3684
3669
6439
1735
5194
7090
6911
5836
128
4709
2164
4817
1228
3651
4009
1083
7856
6785
2791
3090
4883
7692
463
1605
826
2686
7555
4570
263
5022
6417
3289
7150
288
7699
1603
5666
4210
1988
7688
5982
1103
1506
1963
233
2221
246
2992
72
4044
585
1526
5669
3956
389
4124
7842
5576
1794
6465
5354
7821
2038
7440
2426
5919
1443
7123
5578
5042
245
6603
6142
1167
3778
6524
5108
2688
6505
6683
1084
1803
7038
2357
1870
7103
211
164
3872
5515
6164
2575
2166
2473
5851
2831
4914
4389
2816
276
4862
5476
3182
5412
704
7955
7052
6833
6434
7950
4103
2740
567
6917
3648
1147
6691
7587
3404
284
2865
6966
7704
7915
7795
4888
5959
6515
4498
2306
7137
7728
6410
3735
5239
2694
1012
2584
6596
5396
4590
7359
7108
7041
7434
5559
3981
6057
1262
3108
982
3847
2431
3113
3074
5721
4897
4131
4417
950
7511
4337
5810
1098
7690
1883
4658
5062
3498
397
5405
6067
7027
1315
6189
2285
3016
6003
6582
2204
2388
513
1525
7196
1193
4097
4602
5123
575
5964
5346
7698
6522
7512
2725
7651
333
177
7905
6054
5466
6463
3275
5468
3544
5536
7620
7275
385
6301
4519
6711
4075
6180
4765
6533
6963
516
642
7772
1326
3863
5520
2596
3891
4163
6630
2899
292
7316
3215
2454
7321
3855
4346
5524
3953
4755
6205
7573
4095
6024
7050
6072
5718
6655
6020
336
933
3576
7104
5767
801
1169
6858
5949
7771
3086
7633
1020
2735
3723
6214
482
2222
2103
4531
179
6734
5746
1528
6134
5223
6101
7905
4375
6117
7904
6839
7026
5704
2949
5699
4427
1768
3290
3043
1310
6065
2249
4983
4582
3356
3514
2168
7331
3689
2349
6023
4485
4609
1080
3287
1328
5514
3203
4704
7133
3413
378
5787
2753
5575
5291
3090
463
4395
3276
574
1408
3807
7425
1615
4741
6847
7162
174
2517
6531
5894
4766
6161
1884
1613
6004
1523
3740
905
2747
5722
1139
3440
4136
615
1572
4889
1985
2042
5654
1540
2285
399
2695
2820
4672
6358
1724
3701
2071
3357
5022
2237
2494
3738
2288
2321
4324
5823
6753
4306
6562
6799
1091
4873
6946
482
7888
3243
5661
4665
7266
5250
1005
1910
4574
7975
5702
2541
4465
7526
4151
4417
2620
6685
4576
6279
4794
3328
5885
2169
7463
2549
2448
1858
5811
6769
2045
3495
5696
5859
3617
4528
3073
4740
2856
4924
1663
3989
4141
7263
7018
6877
1490
7964
98
4457
1025
3317
3837
3241
6495
4711
61
4850
5718
2880
7334
7510
3224
6660
4524
6087
805
6566
196
5224
4706
7090
6606
3782
4801
34
1552
4383
7028
5629
1230
1362
1858
4916
6208
6217
2435
1126
7070
4171
487
7470
6688
3254
3705
5223
3062
1903
5417
3857
7983
2589
1732
6042
1739
5342
7931
5023
7826
7598
7185
360
702
848
5236
324
7996
4286
2290
2079
5819
5655
2889
4431
7012
6922
3970
6930
703
6337
7757
5170
5589
4019
4719
4150
5027
5327
6610
747
6966
7739
1426
5313
1118
7624
3898
2692
6858
6654
4311
5490
4888
2268
1012
512
7215
5792
357
3439
7153
5936
5419
3532
7542
1288
2284
1689
7948
7475
3459
1872
6949
7446
3509
5417
5397
5895
4414
660
1164
4798
390
3399
2552
7966
7330
7307
6765
3404
1547
5036
6802
1942
6932
4591
3087
7364
796
567
6473
3351
167
5330
6741
2691
1215
1515
7363
4399
3433
5902
4790
4748
5309
6537
157
1351
5332
7173
5427
6449
1992
2270
5827
4273
2843
470
7909
662
2444
3900
7496
513
4949
6776
281
4976
6735
575
2379
6379
5570
4814
4652
7214
2538
1282
1351
7316
7611
3706
6034
7793
7222
3602
4913
7522
3603
6709
5965
5643
5047
2740
2958
1123
1142
1051
6625
6067
5072
3065
6928
6855
7098
2693
760
603
3404
7413
1052
1249
5305
4401
957
108
6107
3525
2727
3171
6960
4619
7853
3766
5070
3677
256
2836
6717
4540
1078
4283
1203
6564
4621
6854
4588
4415
6792
932
5273
6393
5453
7187
6184
2207
1605
5033
7695
4527
1063
7364
6868
937
7286
1474
6740
4688
2213
1031
4272
3469
4282
1376
6678
4347
6573
6343
828
5352
1140
6661
3641
6155
1090
5145
954
6910
5666
3604
882
7115
5591
6493
7870
1313
5655
2356
1327
1998
2055
3607
4937
4251
6498
1934
2330
2954
5267
1218
6530
2672
5215
7040
7639
1705
4568
4982
1134
5032
6681
6538
7912
7423
4336
7448
802
3457
7938
3681
928
448
4086
3243
2624
2270
3126
7634
3499
7297
5332
5564
2562
906
1499
673
5410
2569
3355
7535
7555
5817
3769
5558
3409
1398
5333
6458
552
7119
7013
7518
1374
958
5648
3055
2477
1327
2294
4358
7913
5269
138
2146
2308
7414
5247
600
9
5559
4970
2532
1150
2529
595
7596
7073
1148
3840
7108
3768
2964
7864
4916
1365
5711
7926
7057
6020
616
1676
3114
5765
3977
4840
2739
7182
6693
6378
802
1882
1236
7208
7606
7403
4379
1016
1432
988
7086
6098
5157
259
3623
3929
6991
6435
6696
2433
5981
7850
5834
3453
5979
7282
7618
2117
2294
3834
2642
5544
1936
6544
7441
4142
4934
744
6579
6760
279
705
3474
2660
4509
7436
276
5545
2347
2813
3898
6097
7401
607
4118
641
1769
4335
1276
5391
3282
7893
4079
1178
7766
3224
4563
4527
1786
3642
5924
7639
6472
1448
1923
336
3728
301
6793
7537
1450
6068
1177
1785
1217
6956
3789
5494
2449
1884
2802
2901
2956
6401
418
980
6289
6209
1844
7952
1592
1130
6185
3794
7996
3239
7044
421
3228
6425
4109
3391
5482
2334
911
7713
6869
7272
2250
2345
884
733
2192
5224
4839
5866
2931
1282
7965
6124
1359
3822
4637
4750
7167
5956
3427
7885
3483
7672
2593
2399
7065
3609
3254
4019
151
5069
2189
7158
6888
5771
3330
2962
4372
5516
5318
474
5328
6984
364
856
268
4334
4789
4740
3105
2346
530
4266
1041
7976
683
1705
7002
4044
4697
7988
3253
6588
7764
6693
6655
5869
5683
3851
6974
6113
7644
6537
202
2581
4490
3085
7552
2391
6724
1031
4315
2684
3670
1887
6359
4
1856
2825
4679
2431
3771
2705
4881
2613
224
3219
7779
2738
953
2957
77
7130
4601
6819
5129
7915
4180
7431
3444
7273
5660
6507
1262
4853
3386
7996
1864
2827
5060
5640
7624
1814
6644
4479
7221
1596
2896
2479
1543
6507
7217
3328
3167
1389
1841
6199
2696
1263
7252
1857
736
7415
659
4455
7147
6565
7610
4174
3075
7310
206
138
2475
7855
2720
3942
7757
6386
4388
626
7014
7489
2316
6947
4989
3294
7693
1744
7644
5619
2958
7360
7967
6051
6291
7442
2768
2982
7861
789
955
2529
6223
857
5123
642
3139
1389
3761
3781
4346
7855
1195
573
2823
3041
2324
6118
3971
4861
7637
5520
6702
109
4055
3165
467
4146
4539
6531
6338
1378
3287
2799
7780
4175
6481
6941
1677
582
5090
2354
6510
1503
3621
6511
6084
7553
3190
7695
3379
1548
2170
1062
12
3862
1213
4872
7294
7592
6071
5853
5586
1025
1306
1931
1788
4269
4908
5580
4615
5611
7700
5140
6308
6288
7612
6582
808
1981
858
3489
7911
3922
7325
6919
7247
884
1294
955
1497
7317
1713
6661
1118
730
1512
1423
3810
1886
7927
2655
6250
6545
5692
2527
1884
4579
6772
977
5123
4276
1318
1498
4218
2570
506
4645
1082
7317
7992
7082
6041
2453
2843
2816
590
934
897
1861
2040
6309
5801
5114
2919
3802
6838
5225
2704
1974
4867
4991
5530
892
7209
3570
719
5947
7434
1154
5810
1355
2469
5307
1461
425
6633
6476
2229
1758
3601
6180
6178
4441
7416
5460
6456
3284
1671
6539
7968
4282
6035
4997
5692
2548
7415
3932
5520
4327
1853
7984
6501
5461
5526
7274
4098
6711
3222
3699
3725
6724
2812
1255
6525
7459
1665
7862
2217
4397
5341
1153
7288
854
140
1507
4961
778
3865
7429
1647
3106
4452
7126
2468
4454
3104
5872
1016
7673
2131
5566
1039
2184
5480
2056
4863
7749
2572
3822
3168
5359
3337
1535
6776
4856
7294
5722
7867
2999
2346
1679
7854
460
3291
5813
2728
1543
2478
1667
26
1025
3375
7533
5573
4926
6073
6375
3060
609
734
4724
12
4851
2941
3451
6040
4996
983
5727
5730
40
349
5081
2912
3796
5648
6892
3235
1174
1951
1050
817
3259
2326
15
4388
7612
7767
3500
5994
6266
5734
503
6967
3338
2187
1199
6827
963
154
2951
1858
7734
2734
2829
3110
6068
5721
4018
6105
1307
936
6428
7445
4555
6294
6267
4582
5060
4295
2989
6264
5439
5599
113
5036
6007
7158
611
4904
1742
3445
3719
7027
2385
6761
5310
2969
7582
5120
4071
3860
5665
5739
5304
1218
7444
2512
7345
5652
7222
5489
1491
1260
1558
7905
6106
3142
983
7772
5499
2662
5743
1921
2515
4935
3721
556
2282
2407
7160
5217
1037
4954
7059
5045
6818
2178
2971
7839
3102
37
3199
7555
2416
446
4096
3940
5286
3117
2250
3483
7647
4167
1025
1584
3645
5281
7422
2094
2537
6826
4381
1587
7578
5185
5036
2140
7778
6462
850
1521
2147
3702
3821
4067
3758
3619
6975
5646
1960
5678
5733
4254
3791
5125
3711
4990
5874
2953
5730
5933
5025
2666
7993
6123
159
3720
413
4609
2610
5654
6837
3051
6828
4841
6014
2794
5626
3623
7498
5117
6823
5169
5734
4858
5776
3497
1137
7421
7238
5485
1352
4206
2758
4842
1091
3983
1168
144
6018
3346
7049
693
884
6722
2799
125
571
2214
118
3564
4253
6156
6215
3176
2238
3258
4711
5451
7795
5314
2050
1991
2504
7554
397
1945
7066
5720
3625
7789
1631
1592
6761
2064
6919
2292
6904
1835
2896
4711
5829
4277
7978
6586
4327
5934
3707
1517
7022
3149
175
5985
7096
1100
695
277
1796
7504
3470
7164
3110
6162
630
4879
6113
5486
1704
5150
5518
451
6980
5914
5849
2726
7963
7556
40
7483
1283
6122
1745
2480
457
688
4791
7513
6189
5132
224
41
1395
181
7459
1414
7982
7574
1774
6785
3027
676
1374
3387
4825
1430
6588
837
7970
4338
7039
95
152
5331
270
1480
7831
4582
1114
3218
5464
6208
7043
1873
4222
1115
6565
6860
1444
708
4682
6977
1192
1282
3953
3706
7960
1926
7679
3284
3433
7994
6676
2218
6147
2649
2741
5973
7377
5561
886
7500
3957
771
1049
2674
2487
2027
6659
2794
965
1678
3316
5261
5994
2175
3840
808
1305
2395
1786
4548
2838
3824
2512
2468
5258
3998
4574
2180
3663
18
5823
5400
4779
6985
4956
7499
1990
4589
2610
1089
5856
2281
5473
3324
305
1739
6996
897
7096
2806
6779
5010
3271
4915
7438
7214
5551
587
1991
5297
5555
1840
230
3727
4594
7778
3394
5554
5601
7812
4738
3850
5764
1385
570
7631
6379
1294
2560
6708
1550
6926
4189
7233
803
2059
5728
1446
440
17
4738
4717
7175
7593
4970
7097
3772
1945
737
2057
2268
4619
84
2644
2657
230
5669
6696
4901
4909
1005
5594
2241
1665
7483
5687
936
699
4117
47
7479
2099
6069
3621
3245
3604
4883
7663
1185
4576
2272
6261
3697
6099
4283
6959
82
6664
878
7228
234
3617
2378
6392
1201
901
1533
7500
7126
2218
7396
347
2778
6878
1420
3044
834
4833
424
6884
2753
4798
3778
2806
7376
6565
5677
3452
7068
4751
7991
7015
2043
2186
5939
5124
4805
3003
5736
1822
770
5720
4100
7141
801
4388
3701
4800
267
3823
3774
6741
6053
1761
183
4595
1121
1544
3439
2131
4781
4543
3504
2262
332
1812
1970
4339
141
1898
4890
2735
4901
4403
3258
4785
708
4099
6648
2595
2450
1552
7337
3685
785
4981
2425
5888
1197
5028
4996
1725
7488
4194
7039
1498
6712
3803
925
1620
6292
5808
3334
475
2628
7750
4744
2356
3805
155
6793
4511
7408
5051
1642
7383
5854
1392
2664
2133
5201
7489
5521
3378
2319
1468
5232
1343
7698
5845
6679
7937
7418
7937
7596
6368
634
4353
3949
4429
6453
6051
4179
6291
3611
7192
3221
2474
4184
4049
5895
3920
5822
1963
4226
7781
5468
5042
7274
1840
1752
682
3666
1942
975
3011
5986
2139
5167
7987
2275
2991
6749
869
4212
7543
7191
1747
1560
7713
7232
6015
6116
6828
6961
7677
7795
3810
4742
3435
1287
110
1099
4090
3278
2594
2316
6405
4083
7631
4162
7762
7390
1270
272
2685
3360
2051
7687
4805
5955
451
6538
32
1760
1625
2676
6456
1274
2419
4056
2872
4333
283
6820
1673
6497
112
3996
4822
3901
3331
2474
3668
552
5988
7632
5791
7523
4793
1881
5124
7858
7016
5707
7196
5811
623
7870
3599
5718
6687
6176
5845
4251
4327
350
1972
7194
4888
5118
1504
3550
1982
6333
5354
5555
3207
5821
5913
5230
1927
352
904
5603
2729
1403
4527
3540
397
1057
3346
4875
1206
3690
3331
1995
2188
4788
7490
6305
5945
828
5120
5151
689
5373
983
74
2311
2958
1264
6057
5520
2359
5011
836
4049
298
2389
6692
6557
7847
4108
2814
4443
7550
4689
6033
6001
6200
5984
3260
1199
3427
6721
1155
1568
3973
3991
7378
6261
1551
2305
673
3593
5548
5848
817
5457
5659
7212
489
4931
5343
2645
7967
752
1083
2035
1833
2083
4834
3217
5940
2630
2893
5328
6634
2305
3292
898
2150
3838
4356
6100
1534
284
1902
3304
7116
7407
6190
4322
5991
988
6026
4882
1291
3266
2263
885
7433
145
6527
5961
1763
1091
4882
2232
1925
4939
5285
5318
1076
6987
7932
1370
3480
2954
900
6413
7283
1162
1189
7944
7953
5808
3999
1095
6404
2864
2663
4046
4904
7647
4046
5290
7860
1572
7694
2963
1046
5840
5834
7078
2931
458
2300
7839
1048
6097
7700
5382
7481
6015
7389
7712
2701
1734
1725
7495
5153
3059
6646
7690
1808
3740
1511
5797
2727
7259
6561
7247
6573
4304
2035
4278
312
2676
6615
513
3305
5700
3847
5748
7182
4978
6267
4019
5525
340
6579
6225
4592
2702
4075
4412
6334
4600
6225
3672
3687
7029
5225
4263
4534
5636
5430
5159
1386
3590
6374
6540
2340
1391
2223
2072
4830
3978
6547
939
1546
6521
5716
6094
1942
6872
2837
947
7153
4484
623
6304
6037
1445
4530
5657
256
4379
7278
1534
7660
7205
3612
123
7281
6102
156
5133
5521
5018
1919
3324
4538
3030
3335
5483
1232
3468
7277
2859
4487
353
7875
1057
3069
3108
4590
5204
4888
5610
4729
2473
1500
2589
7787
3234
6357
7209
2744
1122
4668
1599
7800
5109
6709
5984
52
6322
2297
6962
6419
5430
1328
7299
4179
505
6780
1360
3942
4176
4383
5093
1571
1850
7462
1857
5779
6007
6840
5765
5437
1533
7404
919
975
7504
1299
1094
1100
5688
1871
1396
7631
7521
1013
863
6424
846
1033
7837
6003
402
5844
5604
2777
3755
1896
3264
3533
2878
5497
5641
2143
3660
2547
2528
7066
824
967
3988
6487
657
2316
811
2251
2466
7809
3534
7003
3946
7295
2614
1979
3239
7809
5621
7822
1419
7250
4198
2942
6857
1036
6953
3443
3656
1938
7514
1429
2963
4050
4431
7420
2251
7470
6242
1953
1732
686
1812
4199
3973
2197
3831
2898
1474
4221
4301
3599
3940
3040
6455
4819
7710
4776
2435
6058
2492
5747
3698
1397
425
6616
7361
1240
4618
4610
7448
5411
7042
6111
430
4329
4633
2825
3473
7765
6742
5757
4829
5948
5399
6387
1542
2625
1894
4985
5088
975
2237
2943
6681
4789
4568
2522
3586
3447
4410
4312
7410
7972
7087
4379
1621
551
3457
975
7073
1427
7878
4897
5407
3792
358
7200
6661
2575
3524
6993
1261
5359
6304
2169
6573
2868
1385
7637
708
3914
6244
3706
5404
4914
3071
6070
5980
7723
2276
4364
6677
1914
6506
3647
7082
2760
7098
4646
814
5750
29
2310
7853
528
6083
7624
2891
6813
1075
1791
1583
2637
857
1599
7230
412
4808
3509
7476
2608
4543
1627
7795
5181
5154
984
5791
5602
111
299
5095
4610
6527
6214
5030
6501
5392
5625
585
4075
1219
417
6532
6482
930
1724
2372
7349
7270
5260
7235
7052
7688
6256
5537
2311
2020
4848
3026
7483
7817
7666
3975
1486
7949
3345
111
6891
2673
1940
7348
6384
2622
6909
4531
4713
937
3810
3320
3773
2516
1355
1537
3600
1542
1263
1609
412
7041
2354
2664
2921
314
3725
2307
217
3536
1512
338
4008
1736
1901
4062
4747
7255
7464
3324
1953
467
6468
6269
5545
7629
7091
3549
461
3909
4060
1198
7958
3486
7040
7330
3978
1271
2523
5783
6036
1581
7891
1561
4752
4211
5816
4894
6849
5503
1311
141
2693
5697
1105
2175
6355
4567
7508
900
3362
7945
7753
7818
1772
1421
1972
2170
3795
590
3860
7573
1940
2342
1973
7273
7086
6984
121
2297
6676
1757
6114
563
2338
4103
1880
3458
2377
1340
1680
680
7514
2704
1238
488
6581
2740
2631
2591
5503
2760
3785
6406
6862
840
4212
6219
3223
2192
2607
79
1686
4932
6671
6104
2200
4074
3223
772
609
749
6587
634
6341
748
3734
5028
5329
2115
3390
6210
6419
4005
7036
4958
4323
3305
6548
109
7228
4181
1680
4954
1396
9
3547
5133
1848
2763
4187
4936
2089
5016
7720
4046
6954
4610
7254
7052
686
7916
6020
1542
7587
4231
4206
3601
4909
6539
5155
6333
6571
3869
2931
4790
3049
2540
1157
74
1659
7572
4653
5410
624
4034
7264
1294
680
1410
5859
4765
792
684
6235
7569
6488
4332
7339
3505
6198
178
7111
3853
436
2891
2234
5549
1660
2099
3204
5921
923
4223
2765
6590
6991
7464
2971
4580
241
2872
5645
6284
5851
1208
3232
6718
1164
4856
4787
6287
6671
2482
518
5534
3327
1732
2773
4047
7782
7205
7887
7489
7033
3032
4521
1755
537
7727
4307
7518
5968
348
6833
3182
6342
2840
5163
2053
5985
2819
3848
107
3996
3700
4804
7947
453
7454
1077
7322
6847
4477
4934
3143
4391
545
1884
7245
2627
6371
664
4228
7
2343
551
3272
6195
1524
2392
6188
4948
6385
4801
201
1115
1425
4354
2086
6631
2657
418
3669
4342
4638
7011
4065
3531
1192
2110
6366
2954
4425
6806
1787
464
5646
4133
1643
7898
496
3708
7787
1046
3796
5124
4902
1668
6866
5281
6129
2785
6093
633
7367
2971
363
2995
3701
1246
5370
5061
3362
3636
2236
1269
7489
4919
7280
7134
5540
2998
6007
3602
1009
160
6012
4510
5325
6715
5100
7510
7315
3190
7854
2315
7870
1514
7163
851
4371
5033
7310
725
6828
21
4142
216
7882
4301
7505
6370
4205
760
1925
5105
431
2199
1283
5995
652
784
7595
461
6477
6171
7715
719
121
2646
4327
7941
4544
4677
7287
3909
2326
6975
3693
2977
2457
5231
6621
743
4574
1354
6874
4187
7236
4977
2163
7517
5442
6482
3967
5971
152
1498
856
7567
7532
2809
3303
2872
6271
212
6935
5404
436
5294
939
1752
2963
6144
3072
3984
2703
6676
7108
6464
2625
965
2137
3927
6835
1954
5653
1899
1660
5514
1774
1270
1577
4158
2964
6887
3504
1326
6636
802
4757
7790
2931
4461
3337
7502
3437
6783
4459
944
7438
7864
7085
1851
7118
690
5372
1217
5358
2728
7942
7183
4295
4054
2487
2644
929
7561
3011
536
706
1651
1850
5237
3423
30
422
5527
7127
4168
2586
3350
2601
5436
6511
2066
3111
5431
931
5679
6923
7936
1914
7232
5554
4033
753
7294
1493
1696
412
1068
4044
5859
814
5569
4827
7662
2396
7693
7104
5044
1398
3813
2456
6829
1853
4436
4191
5493
5240
7448
5556
4956
1454
7759
466
3262
7826
547
7546
1522
7146
3673
3602
3373
203
5882
5954
1459
538
4534
891
7533
242
2881
4063
2507
7863
4171
2285
4338
2004
1478
502
6045
3382
5387
17
4107
5215
3221
2009
4050
7846
132
692
2852
209
7795
3319
4397
4563
6452
4758
1273
3113
7695
6542
432
4065
6796
5901
3701
5986
6320
6061
4211
853
23
3176
7706
2749
5136
6483
943
1720
4694
4096
3657
2374
3979
725
2939
913
195
4389
6108
756
3060
7509
765
7908
4492
1353
5119
7554
228
5136
7460
2553
