158
6872
7331
4104
7023
6418
3169
4477
554
6568
3339
830
2363
4758
4808
2356
976
1588
984
5266
449
4465
1667
6422
6067
2304
5155
2995
6782
3963
6854
1462
635
4596
7242
7157
6805
1904
7870
1691
1918
7293
2549
2486
7289
3696
7494
1112
5500
7581
5778
4421
1869
6431
981
1702
3259
6248
7081
5182
4235
421
6632
6197
6954
7414
289
4959
1277
662
1377
303
6054
868
127
7815
4672
1251
7809
119
441
2347
3561
2428
1835
3256
5761
115
7036
2230
4659
1640
7963
5281
424
4309
3516
7999
3080
4128
1740
4142
4984
7088
6861
2368
5389
4249
5517
5168
5826
6191
2817
4628
7507
59
4411
5043
5925
6107
7040
1278
5740
1896
5023
5692
7822
1175
3875
5749
7556
4861
4305
4775
2336
5673
4454
467
5509
5403
3594
5744
2540
1959
4572
3831
154
784
4023
833
2109
7275
2884
3001
4424
5732
1437
1228
6401
1225
2587
5854
1105
4370
7182
592
3234
4277
829
1434
4377
1936
2793
4855
1107
6445
3760
7004
4601
7643
4719
4140
2473
6216
5159
4496
6444
6123
401
4492
4573
5312
2043
4486
7579
6827
4434
2875
6100
6579
3009
3156
5405
7703
5383
3545
3077
4948
184
5716
215
5725
6337
4044
4868
5664
829
1947
4798
368
3332
1737
6146
159
4863
1103
7149
3534
1644
5003
2940
7380
1976
2862
7112
3333
4548
4068
2797
5653
4967
7275
4984
3224
2167
927
1448
1188
2980
5083
4368
5310
2171
4099
5728
3830
1629
7371
1672
523
5395
2160
1564
2991
6881
6847
4919
5275
3911
4748
3381
5235
6606
4323
6348
5722
3344
5959
2726
4666
612
3753
1994
369
7554
6086
941
3360
6790
5162
1361
1301
1240
5454
7287
2330
860
1370
998
1455
5101
1977
1002
1222
945
6228
3589
527
2430
1982
4858
1390
1896
6333
3172
6826
6421
1028
7639
6165
7041
4679
7691
4924
521
1837
3743
312
4470
3231
2171
6641
1773
786
7760
634
1817
3947
2759
4659
5984
6061
4349
7017
421
6411
6691
5683
4661
7064
3775
5840
5011
116
2402
7068
3887
7817
6081
3514
4537
2550
7355
1699
165
3906
1342
7547
3776
2283
3416
2538
2298
780
1204
3408
1903
2186
434
548
614
7174
4290
6586
3519
3609
3224
5890
218
1470
5648
7075
2662
811
1273
6384
3415
1220
3007
2438
4597
5894
6823
7460
7722
6162
7207
4870
3828
6606
1698
16
521
29
4955
833
1282
6688
3055
2792
6319
1152
5899
3705
6351
7238
2556
3051
7977
7364
4978
4756
2551
1530
5664
6147
442
174
4580
6587
7445
7217
4375
3550
2403
2793
3893
6217
4282
1116
4908
5541
4674
1683
4657
3391
4662
5390
109
4274
4660
6677
6132
5257
6817
416
468
5823
3562
4693
5841
7613
6518
6310
5712
7102
2292
4096
5510
4802
773
5713
5136
7325
4766
284
3484
3352
7195
3657
5009
7468
4793
4473
4837
3823
6861
3852
1974
2753
6579
4298
4289
4579
3379
1338
1034
7534
6160
6663
291
1471
218
1348
6679
7833
6130
1715
17
6419
1408
5994
7364
6168
2757
2411
5113
389
2135
6294
6353
7056
1402
1122
2432
4387
5552
3258
6642
2472
6870
3519
4280
2653
4036
6298
1602
6186
686
1380
2108
7423
5609
4168
1608
3565
999
4009
3866
5090
2978
1361
7324
1035
3499
3594
528
5809
718
4907
6071
1641
2330
4198
3295
2048
7186
5182
501
122
7965
7445
4236
2734
171
7419
7680
7213
3803
6261
246
3604
888
4538
4088
2395
5538
3576
1973
1039
2915
198
2405
1381
122
7361
27
1967
3266
3183
5250
6786
3316
1747
6421
6727
4720
2666
1767
6246
6609
18
7131
7744
2108
687
3684
5562
6230
2283
6368
6283
4799
6978
2554
1988
7374
3368
6130
7907
3107
7379
2159
526
1810
1554
1705
6498
2957
1163
6018
5896
4757
2036
1064
5055
7005
7420
2272
3232
371
4913
6270
1727
2554
2081
6891
4325
7364
1965
7616
3323
2443
7313
672
7311
2260
4261
5857
4742
4746
4433
7799
3360
7291
2787
5853
1012
1854
4645
6626
7484
6228
2
4244
4242
2505
7447
6990
4366
965
6508
5060
2158
5135
2071
7694
6914
6148
3808
3924
5877
3198
5162
2429
660
2941
1052
5306
3604
5068
6609
6534
7757
1727
1226
1109
2911
6557
3049
710
4220
2989
5324
7454
493
3436
4252
2992
3484
6631
4833
195
2321
4692
4417
2526
5736
907
2415
5378
3902
1999
3843
7648
1960
26
5119
704
862
3049
710
4536
735
3186
2884
5519
6811
6418
3260
3213
4178
4376
738
3281
4114
7134
4851
2790
627
844
3791
4450
6856
5044
40
4342
2302
1150
4802
6965
6825
4036
1905
5821
2444
6133
5567
2514
60
486
6295
2379
4440
4020
7700
3516
2821
3640
3032
4317
6891
2344
1989
3271
2252
3516
5017
7067
4085
6168
1813
6468
6491
6556
5353
5179
6163
2157
5312
1897
2059
4162
6797
6673
966
3366
5378
163
7866
6133
5069
6462
3665
7795
5447
3465
5017
1384
1907
3724
7408
7509
3957
7218
4824
5458
2611
4216
2993
3226
6498
6100
2068
3803
3097
7852
1366
671
6199
5053
6129
7559
642
102
135
225
531
2656
3585
746
7104
1652
2280
6559
2900
1820
4840
5485
6280
2772
2861
7879
1163
5481
211
1580
7352
6698
554
6221
1864
2093
2945
2532
3566
2343
3505
7259
6752
838
6887
6112
1866
4535
6915
7134
2997
7223
3546
1240
6949
4087
2405
1225
4090
5565
1994
4105
1816
3428
2657
2815
3773
6918
2439
1258
3101
7265
4649
4548
1511
1098
7026
1500
3854
4597
1609
4490
5770
5463
3960
4221
2138
5865
4163
5033
3986
5034
476
1643
2572
4357
6253
6342
3076
7814
1339
6023
1192
418
2839
3630
7770
3072
6868
2605
5199
5617
5746
1749
3355
4302
5884
7625
3784
2127
4663
3510
874
4524
7946
3486
1983
2971
3652
7156
3744
4178
956
2725
3902
5325
1506
809
2081
4509
4636
7418
7388
3778
426
7662
4808
7438
6642
6101
3357
6938
4115
7419
767
588
5944
4851
6404
6058
6529
4406
1270
812
3547
7981
2212
7662
6665
2333
5543
7673
5935
2517
5529
7417
4973
6146
1416
4215
6757
1925
7063
4630
6935
7212
1162
1959
3945
7721
3099
532
4517
6770
3958
2159
2125
3092
1626
299
5266
2170
226
6584
2330
7696
5957
3141
865
6887
3469
7023
7188
6823
7918
2898
5804
7309
3688
6139
58
3626
7817
7570
2966
7743
3509
1725
7149
6487
95
6924
860
2876
1556
6983
3348
3553
1904
1613
6688
5842
4582
7705
3905
6185
7076
6951
3697
1841
5331
7813
5534
4447
2066
4054
3494
1583
1378
752
3169
2834
397
2835
6188
1924
3402
7876
5947
4160
6420
400
7523
2526
1645
678
28
1035
4006
7342
4866
6381
3571
2781
1208
2593
5532
7009
7354
1943
3709
3808
4289
4874
2179
3916
3518
1840
1070
6422
3539
7296
6526
1158
3218
1492
6877
2663
419
189
5982
6086
1137
2427
2974
3226
609
6940
4835
1765
2715
2918
2245
2408
2154
6457
4760
3069
4542
7588
5227
5596
1591
3692
7210
950
1511
7457
2721
1457
5633
6420
3228
1657
7464
6571
7493
3981
4466
4044
1425
7613
1747
7615
1042
4901
3788
6202
5592
7195
855
425
2021
2978
3190
3583
1805
6687
5807
6873
1126
456
5774
2587
3252
468
4821
6674
4010
4140
871
4988
7600
575
2510
6370
2503
6638
5395
1850
4109
1034
5124
5687
2560
3820
7518
3903
1996
7238
2488
6783
6248
4891
3940
7794
4036
4745
2399
276
7845
3156
1435
3083
926
3755
2794
7761
2016
6388
6789
3940
7676
2861
1935
2536
4849
3866
360
6089
2865
6745
5086
4640
5596
5189
6811
2160
5572
7134
6203
4426
6795
7483
7960
7709
6198
7717
3245
5689
2929
6459
16
1268
4786
1372
221
809
3425
7073
1906
3113
1685
3872
4370
2706
6841
1636
2359
2739
4463
776
343
498
1627
6777
2056
3047
7268
2063
2631
4247
4537
7316
4245
5773
7739
7838
4169
3898
4749
6868
6491
7838
6707
3734
7603
6572
2794
5884
4983
4719
3150
3344
270
1982
7012
3638
2801
4065
6768
4112
6371
7041
2794
3311
7931
7200
7751
748
7556
2000
2004
5305
2174
423
233
4872
3672
5820
2557
7468
2155
2287
1061
311
3496
3784
4767
2215
5291
5946
2250
3064
7041
6524
7292
1766
6826
2651
4830
7902
565
265
3549
6918
6058
5292
3289
6600
119
2455
7127
7659
5254
1516
986
7897
2318
2510
4874
5274
2316
3307
5306
986
3365
6618
3761
7755
3893
7456
5252
1641
490
2156
2169
278
3179
4702
748
2114
5661
7032
3459
4221
6254
6384
7676
3419
6082
5291
5965
1520
1120
7742
6978
4299
4914
5862
1867
7562
5299
3108
888
1608
6155
1404
2612
5801
2364
4060
3862
5784
5558
7952
7745
5637
6668
3323
1707
748
4387
3745
5329
2947
7869
7981
4365
7071
6211
6357
797
4195
1624
5954
3553
2221
2197
2517
2382
7048
4010
1830
7133
2115
4077
7972
1616
6768
5242
243
4138
7700
7312
3409
7447
4828
3767
1852
2258
4274
1549
290
1161
5606
3767
1912
2589
7490
3018
3845
5951
3178
5273
2268
5487
6773
4997
139
4980
5515
1110
2680
866
3660
507
94
2723
1256
4786
3260
3893
4950
3561
302
7251
463
7713
6829
7547
1163
5579
7696
5491
5476
3399
7146
2640
3806
6035
1618
1451
50
2270
7358
5274
7411
2417
2312
7312
1067
4017
7725
257
3272
5215
2375
5855
6793
6481
7127
4122
1706
4609
6445
6447
4512
4484
106
6100
5337
6627
6955
7707
1093
356
1896
7079
2203
4013
802
5766
5104
3401
5393
886
7989
2156
870
3614
1845
1998
2669
3684
6088
6432
4318
7148
5243
3056
1948
7427
3841
5167
7356
2575
5000
842
7191
2573
516
3552
439
7197
383
1562
4026
1792
6146
1951
881
400
1381
5905
6930
6614
4544
6146
5886
4886
4376
1695
5407
2218
7836
5919
5419
4272
2504
546
977
1880
263
5915
7424
2094
2848
7880
6499
7089
6769
1744
3618
367
31
2677
56
5963
6979
6294
6637
5453
2548
7785
1466
378
2819
1426
3668
875
3593
6928
407
2165
5999
1231
4285
6993
7566
334
6383
3847
5689
5868
6640
191
4319
2731
5970
2160
1632
5655
4066
3569
1976
6698
4626
5551
5807
6438
1860
7526
5323
4366
488
3526
3771
7652
2976
1065
7413
1601
3634
3292
1027
7065
7100
200
5294
6649
2637
6482
4670
4620
7920
397
5631
4989
4963
2446
5904
2232
4148
412
2474
283
5355
7425
2833
4323
6411
6244
7045
3408
3987
7457
562
3464
5458
3952
855
2831
5638
4830
2585
4101
3404
4388
4700
1954
7922
538
3596
623
7095
313
7827
2833
6478
146
1045
6621
1183
4183
3440
6319
2715
1801
4868
828
7403
2618
2610
463
7643
1777
2542
7287
1601
4392
2146
2564
3915
3299
3565
791
3834
3817
5091
1417
819
568
7206
3509
502
1775
4181
269
7945
5598
1197
424
5262
2330
2171
5989
4810
4487
274
5927
3838
4213
3680
5237
6116
3892
6155
2506
6239
5972
6318
4184
6536
5766
3628
4559
6889
7410
1770
2960
7956
2564
5881
5799
3062
199
3892
4524
5372
6294
7105
2617
519
1153
6741
4071
2333
5468
2657
3840
739
1570
6773
275
413
2464
1626
3993
350
1099
966
5960
4861
79
2714
7417
1741
5459
4539
7387
4947
681
898
6769
3762
7295
5311
4975
1014
3347
290
7615
833
560
648
6643
757
553
2521
3432
1870
3984
4556
1270
4014
5710
6459
6410
3460
6296
24
4854
570
3687
2495
1881
7987
2412
4283
3992
2699
3811
3306
7128
7597
5785
7592
6912
6168
5237
5169
532
5817
1410
6645
5468
7227
2747
613
5818
5660
3062
7653
4425
4141
86
466
7014
7256
3786
1226
7801
5703
5397
2142
7104
1977
1132
7047
7981
7769
4155
3644
274
3481
5783
1436
4327
6110
3012
1776
3105
4274
2141
3331
4271
7257
5382
4446
1676
7670
425
5144
7049
524
256
2164
4543
408
2850
6998
7009
5090
7188
1026
3817
1754
5951
7972
3490
675
1617
3352
263
649
1705
6377
728
2072
7156
2114
1100
5812
57
1413
5178
1704
4729
2922
6102
6536
1852
7383
5544
2307
7136
4662
6995
1242
6954
4691
707
1258
6884
1255
5309
3858
780
82
1567
2421
4599
7123
1845
5026
7514
3567
2708
6255
5924
7036
294
5117
7088
411
7180
1710
3658
3874
6781
4533
4619
7106
2189
5411
4020
1318
3254
4494
5112
1340
3712
1150
3999
2187
6097
7658
4849
6142
4101
4705
1
7922
3613
2455
1236
3785
7186
194
2066
6238
55
7563
5056
4163
5106
2652
409
5753
2228
2182
1652
5079
3337
1645
6816
4550
5258
5380
2206
1935
855
5573
5745
6621
383
4247
5291
6938
155
6708
1477
4165
5055
1004
4372
7564
5293
3058
1043
868
6084
7614
4816
7245
5410
6993
7761
3116
2688
6257
2238
1954
4331
5755
7610
3983
1792
7065
1190
1666
5230
5788
2952
98
2496
3904
3131
1969
190
7870
5405
783
3100
4164
2815
3706
7819
6899
7507
6549
165
2618
6811
7300
24
4428
2278
6924
6709
4838
1389
1962
2852
6804
7914
1816
2011
6295
5573
5070
5828
6253
4664
4877
1709
2500
4497
1510
1065
4444
2173
2066
5370
6308
806
5324
7402
4639
6576
6807
4519
6502
1623
7491
4164
5055
3007
4117
354
1256
4610
2396
6868
1348
4200
1293
6752
6996
2087
2588
12
1800
7857
7381
6163
3868
1097
3855
3213
6536
2849
3571
7932
2745
6611
5644
5089
4895
4382
3026
4300
17
3014
6031
6281
2008
2157
6908
2924
6274
7930
6298
1311
6397
3716
2613
2173
866
7149
1766
4735
564
5237
59
2311
3284
2310
3470
5884
3984
1888
6287
6777
7781
758
7340
6566
5987
6520
7075
4924
2155
530
6062
3006
1488
2903
5919
4990
5863
7761
5657
4859
306
4977
4143
1876
4375
3584
2271
2027
3039
6537
1696
5749
7160
3073
6196
4292
4426
3602
2334
5066
6427
4473
2334
6409
161
1540
4614
7420
7339
3904
4311
1739
7170
4360
1783
6865
1110
392
3380
7540
2084
1508
5622
1525
5274
533
1305
2837
6115
3968
3861
6253
6487
270
1154
7087
2856
307
4342
628
5280
2406
3412
4329
2627
1020
6400
7908
6986
6546
3488
1751
2688
417
6765
5700
3692
2578
6900
5216
2553
7419
6181
7954
4182
6837
3045
3093
604
1397
969
2451
4623
3015
6638
285
4786
79
5754
2569
2843
2050
4797
5236
6695
3797
2543
1514
7562
3676
6019
4785
3444
2235
4756
3456
5673
604
879
5329
3015
699
5534
677
6819
809
7848
4151
1865
2029
1115
4138
2800
1172
6069
4804
6737
5535
5097
5765
5939
6308
1926
252
4375
1559
4615
3119
1275
3314
3087
7733
1372
4638
7540
2651
6102
2851
5645
2871
6197
2809
7554
4170
3849
1217
3156
953
4146
3021
3092
7587
6945
389
7586
7141
1436
3481
5701
2655
172
5337
6937
7312
581
7865
3108
6477
3560
3772
4443
207
7182
3551
6351
6754
1302
853
309
6725
5727
6772
5828
3323
1908
7112
5563
1839
5415
6786
2560
6621
4240
1205
2464
7976
7277
6106
6211
5041
7914
4680
3347
7190
1267
1308
5397
788
4625
6391
585
341
1588
2597
2704
2618
6575
2135
1463
4972
7807
6118
6724
4676
1184
2812
4867
3833
763
7742
7687
6550
6587
4756
3033
393
6498
7458
6556
5359
5517
4089
7412
2923
5578
1408
6652
7647
2586
275
2473
3767
4835
5894
2222
112
2215
5944
4749
4062
5883
6926
1286
4358
3694
98
5915
3690
2860
7471
3069
395
49
4979
2988
1574
6443
7065
4921
1240
5767
612
202
144
4334
2622
6667
6626
1521
3679
613
155
6554
2097
1479
5680
5701
994
1781
5917
2182
299
6154
2795
7820
3173
6645
1053
2605
7950
6332
6878
5929
723
7408
7406
5508
3488
4602
7663
4073
7786
1631
2476
2364
1173
7436
4468
6083
1080
6141
2234
186
6253
1440
2271
2379
5242
1605
2229
6422
5979
4480
4226
130
3813
261
2570
1308
2446
3972
944
4993
7153
811
1783
5661
3010
85
185
1248
2522
5361
2789
4336
7510
6185
6729
4360
683
3942
909
4264
6171
4920
4606
3244
4109
248
6025
2572
4239
2733
4144
3654
5432
7206
1015
3290
7813
20
831
2126
1675
566
5101
1555
7672
2701
4564
2284
247
2768
3505
2839
2089
2440
5456
1941
3162
301
6109
3501
2344
3804
7293
1815
2775
2539
7481
7709
4709
1275
5067
2995
4987
559
176
5565
2881
4688
7774
2059
207
2882
1332
5917
6372
1746
4787
4342
3336
4975
2132
3306
1739
2984
6483
949
3723
5425
205
754
4771
1602
5788
1824
4533
5690
5385
5532
4710
1502
2760
1488
2237
838
988
7501
7668
2477
2690
503
4687
3558
7608
1921
6817
1014
2556
2435
2267
3580
1378
2629
5162
5280
1987
890
3186
5212
5322
1618
6648
5151
6885
7201
7788
2392
2055
5405
5103
5350
4022
3337
6249
4350
7474
7322
6156
7149
1813
5789
1454
2403
4079
4804
948
3649
4252
1352
6604
6888
2716
653
5668
1394
6475
5573
5211
39
5322
3107
2990
885
6001
3640
3936
7377
6115
5080
1221
7466
805
5884
6945
6125
6725
4787
7461
1787
7704
12
1435
1147
94
5378
1106
563
6217
2414
4876
2721
6579
819
7292
6890
4630
7021
3131
6491
6922
4391
821
6685
4682
5639
7420
3709
7700
2089
5906
868
7796
1844
1865
1879
1070
7570
7384
6230
2687
647
5736
374
7300
7236
2551
7845
766
7230
5138
5548
2984
6873
4104
6035
4585
6032
7257
1331
6982
1575
2863
2304
5541
2704
5994
4012
5242
4580
483
3915
6072
6782
7467
885
421
3182
2166
2681
4160
1886
6532
3694
3405
3659
5015
3830
5159
6775
3158
5596
2647
4246
6435
2398
2966
1220
3752
5881
4167
1136
2068
5421
1507
3527
1357
2774
4649
3601
877
4801
6530
4318
3705
4699
7492
5624
7699
3524
3585
6352
709
2461
4272
7778
2645
7817
6861
7857
5312
2910
6049
2469
4679
4163
5981
2408
6375
1813
4970
5377
3217
6749
7803
4938
4543
5678
311
2780
3337
4456
5154
839
6152
623
1106
7288
1887
4324
6906
1798
3711
4923
4402
1791
997
2064
5047
4000
6454
2033
617
5234
7341
4951
5575
5527
4624
235
2490
1530
2804
5305
2675
4559
2632
3619
372
4043
7696
254
6892
3459
5741
7634
3063
2169
3314
6965
530
4533
4421
2536
1826
6126
4928
4426
7191
5367
7541
7200
7039
6300
5240
6421
3132
6982
4996
3467
6196
1325
1434
1430
3926
6370
1165
7909
5932
7426
2539
4810
4259
4487
7413
2915
3462
5842
5587
2205
4285
1349
5677
4212
1469
5484
5766
5064
5076
5616
7838
6689
7981
6765
6578
366
6985
1397
1702
1358
5514
7065
7720
7396
1410
4788
6371
2395
2431
1831
6255
4952
410
1551
2474
1841
1710
4603
3883
5012
7554
1597
2923
6095
2908
6361
3867
74
3790
664
2743
4696
2909
5879
4173
5860
3820
5899
3250
7172
4158
1640
7272
3385
6529
1429
709
2583
313
1171
4820
1794
3259
1609
2124
1853
2893
1240
758
448
7107
3823
5690
402
2026
59
2574
7017
1212
5329
7445
946
2735
4034
5063
6638
5871
5796
3899
5972
2375
4635
6803
7689
7322
1781
5979
3184
4109
4864
3238
6532
1365
2132
2601
233
567
3359
5311
6053
3000
4780
1528
3493
6599
5679
3972
4448
4390
4426
7396
6057
4768
4375
6145
416
2512
2944
5088
7253
6203
4840
2670
7728
6832
6341
4229
2534
3153
1796
900
1057
4597
2793
6378
5544
415
6242
6232
2459
2891
614
965
2931
4261
5689
1395
7665
4054
3904
3837
2609
4880
516
2904
7673
6219
5968
3790
710
3964
3549
4858
7153
801
840
4263
4723
6548
7297
5193
4723
3961
5888
7140
5145
6204
4797
7147
5163
2649
3108
6031
2385
2225
6026
3707
4021
3899
4983
4171
4376
5029
503
891
1906
7186
2970
7363
6912
4863
5767
4257
6990
3906
6188
7064
1894
7640
3964
3337
6711
7215
6242
4625
950
6667
2989
7729
5134
7910
1757
6998
6891
3253
1211
1071
5324
5496
2349
5646
4340
1671
2628
3223
175
7222
836
3880
3937
6279
5011
7422
7030
6224
6129
4174
4146
1021
3140
835
4156
2768
7421
4731
5003
198
7658
553
7851
3234
3502
6743
36
4076
1964
7808
2578
6589
2106
1753
2247
4924
1526
6864
2444
5810
175
7695
2319
1388
5942
7851
2282
2553
1641
1715
2509
4312
7267
1425
3272
4301
3847
5330
3088
6172
5268
3863
2970
1697
5572
7622
7843
4777
5221
4408
3190
2197
6880
6363
3688
708
6775
2701
7038
2253
6452
1001
1726
972
231
3944
442
4808
2791
79
39
1437
3925
5514
2444
3207
4108
4721
3258
7941
1883
3582
7412
3101
4868
4584
2066
4137
666
271
7465
3700
6836
5122
2023
3431
7607
3555
2461
2554
2592
6356
6589
2939
1528
4865
5222
4253
364
3007
6814
6090
961
4639
5842
1408
5398
3467
7866
7009
7129
5117
1166
4289
6195
2916
4057
4186
5747
4914
6365
479
5926
5484
245
2868
4303
487
1736
2502
6462
5278
2283
5143
3443
6550
636
2810
904
7427
7374
1644
5099
3683
5068
1729
4635
3237
5821
1924
1516
2178
4999
6430
4629
904
3970
1682
3050
597
4520
979
3424
6801
365
6354
5451
213
7483
4752
1927
7911
1182
7933
2884
3917
762
3660
233
5359
2189
5986
5877
3696
6584
6001
1768
685
192
5063
7736
6907
5904
6884
310
4165
7276
1878
5558
4480
6247
2903
3873
3660
3160
1152
3587
2041
4794
3592
1980
4053
6354
3930
803
5556
3803
3049
7551
4593
485
7056
3034
1901
3218
2938
1924
4539
7261
6426
1411
6325
1778
3760
1949
1032
6461
2852
110
1196
92
2409
257
1535
2228
7423
6639
7925
2125
1673
1474
4680
3426
701
6769
1551
5745
7327
6696
706
3068
2066
3000
7805
4285
392
4172
3467
6589
7934
1181
991
186
412
3769
870
3499
35
2442
5048
7006
930
6378
6806
196
901
2702
7470
2252
2773
2492
1871
654
3866
5992
5921
3065
3249
5110
4041
7849
259
730
3868
1236
6631
7593
3629
6353
6162
3452
2576
7966
1780
672
119
5403
145
1205
2654
5424
1472
1110
2415
1070
1471
629
6545
5716
1547
3729
7011
4506
2548
6977
3987
2859
725
6674
4759
7387
7069
1011
7051
3533
1805
3227
6849
7487
168
3689
2530
2136
276
7654
2498
6243
3867
4432
4396
4254
859
6965
3453
2049
5639
3572
6145
3202
3548
808
4133
1099
6294
1524
2675
1
4309
6989
1731
3557
3070
2466
210
5770
1823
3323
5744
4579
195
2352
7370
3177
4490
2416
2128
2580
1739
4822
7130
674
2055
5270
4157
3376
516
3955
38
1154
6481
1530
1347
519
1250
1480
4520
3950
5709
2794
3903
1727
7838
1729
6526
245
7159
5000
6039
3749
3470
133
7818
3591
2985
2336
4432
2180
7164
7659
6658
3217
2895
7216
6227
7751
4622
2227
3004
4669
4830
5245
449
6979
6036
2443
4112
65
927
5494
4654
7014
4671
7509
6080
2942
3668
3156
5747
5131
6957
1643
4032
6412
5794
5714
7943
5125
1620
4639
7512
7317
1280
5523
460
6877
658
722
6483
4922
5176
7886
7132
7336
320
6459
5470
3777
3626
5982
5898
7957
4800
2500
7225
5059
6174
5925
2762
594
714
4230
739
3484
1220
4372
3101
2956
71
431
3429
684
7231
6833
6089
3243
6670
6860
3865
682
6457
3114
5141
4725
7216
7482
1885
605
5369
2405
1041
2989
3686
6730
315
7231
6426
530
729
4905
5744
6764
3623
3611
6429
3674
5330
2990
6751
2259
3647
3287
4136
4752
5272
2662
7665
4302
6069
6044
5693
3508
5205
4155
448
6577
1538
1740
631
7263
2615
3289
5904
143
6938
6634
2835
2582
5969
4655
3435
1062
1013
4051
144
1368
6388
3391
1475
2752
2052
3559
2046
671
4985
2472
4015
4497
323
7713
713
5664
2787
5692
7384
7070
1820
2018
1177
1629
2654
5839
383
6134
3902
5797
3331
2929
3043
1089
5112
7925
1715
517
3590
6354
7720
1555
3203
6328
4377
474
4256
3292
2680
6103
212
1949
5163
4441
2267
4693
6787
2673
7025
7430
3774
6877
559
1917
1439
6930
4796
7626
5936
5422
6229
7659
7891
5698
6711
2301
336
2058
3299
1504
35
1873
4298
7261
971
7908
4160
6262
5507
4774
5004
7603
2622
1170
5958
2812
6392
6656
569
4188
2507
5602
7217
2564
7645
4593
6207
429
702
3921
8000
2288
1069
5204
4372
6720
6222
3065
7698
6153
6102
372
7287
3321
4195
1125
6517
6647
6672
5465
3335
2715
4423
1005
6411
4775
1399
1680
2142
2635
1269
2342
5975
4456
3031
6096
2694
1714
1303
4971
81
910
5413
7180
7247
3970
7193
6680
6163
2494
5249
4729
6791
4602
4083
6552
690
1023
3140
6885
3980
6493
4694
456
1171
6458
3228
5325
3574
662
2040
4667
1876
828
7
3824
6340
5533
7576
5143
1176
3880
2465
2373
7021
2358
1732
2074
2690
1568
4667
2417
3224
7770
5107
1936
3214
5041
2546
5596
4162
6149
2875
6105
5930
7200
5806
4336
1904
3288
469
6980
1230
1278
1215
609
7392
4338
1673
1854
4028
2546
5782
6303
6297
6319
506
4560
2834
7403
815
2085
3383
2988
6230
2216
4657
6581
4748
5849
5532
2833
4376
3358
2989
4074
4699
6104
5150
5015
15
3265
2668
4055
7363
1512
416
7304
4974
5006
2755
3830
2075
658
5038
5987
3483
5363
974
1984
6072
7430
6388
2614
5798
3141
4394
3253
3278
2675
5482
830
7173
3733
1402
3367
7004
6778
1688
748
3223
276
2021
3520
2600
7020
5324
2542
2557
1705
7995
7913
1275
6166
4647
1257
4921
259
4640
7535
919
886
2508
2705
1148
1207
344
6347
4305
5164
3497
5368
5992
5449
5996
1703
1356
3783
2544
7418
6935
5518
5222
3877
3923
3993
6383
4864
2973
4159
6512
6836
2238
1994
4523
5926
588
7430
425
2259
4536
758
1567
3718
4124
12
1730
6369
6453
6581
3159
3933
5535
409
716
676
5734
7094
3059
3947
1995
206
4978
7405
4456
6457
4100
6117
238
5219
3
6101
6914
3040
6236
1987
5476
5589
1963
1709
1713
4095
465
4422
7102
16
797
3372
7404
2397
3082
5578
7362
249
7344
6582
1396
5772
352
1010
6222
7872
4649
717
4155
7751
2748
7045
333
2698
5723
5419
874
792
2920
4401
748
1836
1590
5949
3949
3591
6291
6663
3766
2602
5652
3297
1685
7839
4189
7577
3926
4806
3179
1180
6897
104
6277
6245
6643
6065
1638
3466
6847
5441
6714
4846
3934
5949
3801
5941
7415
7522
4970
2412
585
47
1651
6180
3260
4511
1167
3271
2172
2241
5673
4723
7757
5639
6325
4199
4668
6035
6117
2355
1771
7272
4609
7123
7807
3422
4588
7174
6591
1568
3349
5278
2786
6369
5960
494
1911
4445
3217
7249
2014
2505
1069
4956
4123
2955
5592
4450
6416
2329
3945
3231
7539
3003
5141
7110
4858
1304
458
1397
1955
5851
698
918
5448
4822
4892
6530
7149
4960
5167
7653
5365
1070
6938
7169
3932
4890
4249
471
6692
4878
2797
6198
2847
3105
1413
499
3164
3963
7009
1638
3283
1772
5334
5435
1169
840
6047
6195
7226
5523
5784
5981
5296
2824
7402
5629
3164
5058
6334
2357
902
499
7712
3070
6521
4370
2164
3366
4160
4414
5724
6769
6678
387
7152
279
3197
7443
5797
3550
3540
5880
991
5099
4551
1302
507
5916
2844
4913
7509
5151
3366
5634
703
2988
5272
4087
3847
5640
7219
1
3442
2327
2182
1875
7588
1227
4092
1401
3168
6664
465
7834
228
7437
3289
6490
7698
7558
5715
3990
2794
4278
4755
6337
2218
6891
3785
6538
5862
6655
2954
7384
5602
526
66
6605
7131
3372
2442
2910
1614
357
3689
3660
7112
4832
3421
513
6908
387
3151
4815
5529
7162
3412
2238
1168
3850
4239
5902
2509
3998
3043
2341
7842
3530
4417
5422
2995
741
5720
273
4293
3447
15
975
7145
4608
5391
7736
181
545
7865
2774
7162
4754
4024
4432
1664
5613
1699
1532
5749
5532
7591
5228
5239
7318
61
6126
4472
5825
2858
3500
7097
3163
2956
690
1539
2913
1644
2907
2805
21
3706
654
1129
1688
3904
6772
4132
4326
4121
5073
3841
2905
6682
123
7379
478
7590
4400
4335
6924
2271
6918
5421
1458
978
3114
1684
7064
6808
4862
6500
7601
1602
5962
1711
825
4272
2000
3778
5247
4766
3509
6131
129
606
6147
913
6996
468
1030
4601
547
4013
1768
1141
97
5879
3573
4150
2582
6113
3885
7601
6631
7646
7453
5124
5698
1487
3850
5369
2116
396
2062
4624
3891
5852
715
5621
4647
5648
3145
7603
2859
1559
6607
5264
4531
3525
5879
4578
1947
2924
6866
3187
645
4053
828
7400
6562
3067
2848
3926
7673
4739
3023
1847
3784
2859
5396
7438
4428
5686
7748
3005
3426
3959
7027
7147
6267
6330
6877
2521
3320
7927
966
1069
726
1962
150
4443
297
6728
5336
1531
3382
465
4980
6878
6066
6637
5091
1126
1001
5511
2876
1243
4477
6673
161
744
5401
3492
491
2676
2769
1356
1269
5846
1870
4837
5782
237
7191
5314
1487
5191
4309
1172
4143
4580
4007
7825
6312
4528
3710
4499
219
6479
2493
1061
1644
4722
4337
3082
2239
910
5813
4795
4065
241
324
4790
3183
4235
155
6674
810
7295
6143
220
487
768
3498
4261
5871
2238
6241
6743
1388
1
