2364
107
652
2577
2821
5432
4789
6975
7338
6068
3245
7749
5000
491
7190
6124
5373
4810
4965
4475
292
4945
3736
1286
502
915
5602
5850
5270
3637
2560
94
6786
5785
461
4882
2213
5040
6889
6983
1556
3668
6703
1020
642
3067
504
4347
1152
3775
7605
788
2379
5563
6359
1138
1174
5752
5755
408
5560
5172
5157
2721
3185
4526
5094
2839
6523
2568
7093
6100
6231
5135
6817
3777
1645
4615
1652
4288
7951
6753
6165
3484
6354
5652
1091
2895
191
1297
6322
5845
7347
2917
2069
127
3634
4251
7517
3779
4778
5342
5441
3290
4789
3293
5081
2440
3407
5343
5893
3335
1590
3763
2300
2661
6299
219
5146
540
7800
5395
2241
4945
6708
4544
2570
4501
2371
4658
5143
2239
3070
7450
7125
814
545
5230
5890
3061
7960
6304
7867
5558
4161
5661
5100
6212
6513
7323
544
2969
1523
4252
7539
7074
4758
3074
4035
5167
4720
2697
2315
225
7924
7529
4623
6395
5844
2355
2521
4727
2953
2231
2982
365
4042
3088
6999
3149
5182
748
7884
5429
3265
4005
6462
6375
16
3042
5635
3835
1509
5192
5330
6412
1895
7998
3629
6966
673
1835
7926
4335
5982
1348
2677
2679
788
907
6904
7051
7715
3208
3113
7948
4843
4749
4904
7598
7285
1859
1311
2870
196
1530
3030
2508
6156
3735
5835
3357
6451
5316
4799
2711
1867
3929
3483
6243
2424
3117
2260
1697
4867
5000
1482
4572
4264
1281
4664
7002
6055
6349
3183
6807
2636
4650
7187
258
7707
2610
2343
1050
6452
607
2111
549
7287
6307
7501
3470
7041
5137
3632
5745
1969
3254
4281
5413
3912
1578
392
4371
3640
356
2555
4743
4709
1902
735
5952
5924
4488
4086
3427
7793
1167
7719
966
1939
7236
1719
2033
893
7818
7805
3320
7704
5812
1829
267
1584
5407
1656
7422
5061
510
1501
5188
6337
231
725
6784
1914
4508
6982
3159
4800
5119
1681
7599
6354
5445
3831
6086
3700
1703
1728
1200
6978
5969
2501
2096
1050
5088
1333
7187
1401
7229
1056
3220
3323
2379
1766
6895
904
2066
2119
2560
5722
7457
1195
5921
4429
5245
7752
4830
3686
3577
4518
812
1904
924
2770
5512
1650
4005
7305
229
5055
5435
2018
2697
828
5297
7071
4821
1717
1275
2997
4402
5696
1235
2276
482
746
5633
6519
5623
879
632
596
6800
834
2774
128
3219
6528
7474
5785
4234
4117
2881
4651
6920
3653
7946
2748
7975
7524
3715
3444
52
1972
5425
1166
2874
5970
7018
6932
4232
2534
2793
112
3713
7745
2931
2952
7257
921
5444
3953
2184
5001
2230
6126
6929
2475
7974
4426
1605
956
158
1540
7033
1393
6771
4930
999
7228
5840
5697
4852
2769
3956
3712
7724
5955
2622
6812
7526
406
5266
2646
3070
5681
5190
837
5748
1945
128
6534
6151
3340
504
4117
6667
6641
6746
7116
2913
491
2022
6573
6314
5528
151
367
341
3506
5041
1027
7508
5599
4106
7166
7463
6271
3861
6865
5498
6254
1936
4266
2632
7568
330
1905
3644
6577
2612
1469
48
204
1293
6026
2318
6928
582
2656
7233
5261
6229
2046
5294
995
5128
6072
7318
2094
5964
2965
7501
955
6656
4183
5793
7237
6307
5653
5375
5953
1081
5463
4412
2062
1825
1538
2004
6518
5906
1679
4460
7731
1048
591
264
4074
4168
3002
3409
6878
7692
4302
1459
4096
7514
1715
3507
5140
4402
1258
5928
3141
2463
2407
3990
7636
5878
3190
1332
6463
3400
1676
2354
1835
2585
2149
7438
6675
4570
2144
2875
222
1764
4082
7668
1085
5175
1093
4606
2753
206
2116
4207
7707
6386
825
3964
6208
6966
4512
1047
994
6261
23
5083
3303
5109
5508
6833
6518
1367
2135
3137
1676
6028
5779
3993
6466
904
3066
4217
742
6529
1166
4817
6017
7316
2629
7950
5402
6701
6113
4887
3102
242
6255
1196
5968
369
795
3206
2186
707
2748
5269
1973
3420
6723
4381
3609
4577
2723
7917
1754
53
2251
552
2393
1916
4025
3639
4556
403
1178
3984
1246
488
344
1978
2801
4885
4375
7363
3074
1210
3609
3479
6530
561
4136
3858
7557
5198
4274
2716
2857
61
955
2685
3511
2016
5413
4363
3584
5747
3250
3298
217
2383
1020
6275
5091
3149
2727
5171
5459
695
3945
4239
252
97
1994
4314
2439
5562
1982
2325
5094
6068
5391
5518
3315
1683
563
7800
4714
4651
2507
3312
4071
3321
6151
4035
5870
1388
30
7466
941
5752
5337
6607
3451
4828
10
5492
2219
2351
7413
6645
4545
6800
2897
4680
4705
2841
5173
6639
5805
754
5451
2257
5493
7168
1427
4572
7473
4511
2809
1597
7545
2059
1889
321
3711
4420
1639
6059
7933
4159
5151
690
3992
3845
7561
4643
6470
152
1509
5866
3782
5488
3115
3211
4128
7093
4700
7228
148
3197
21
7115
2085
3023
5979
6276
3107
6480
6870
3051
2443
2985
7180
3611
5689
5657
6363
7391
4775
3223
7583
4318
4287
4162
5444
7401
2720
1844
4675
7880
2749
2113
7534
433
7855
5568
4160
5177
120
4672
957
7802
5917
6738
7884
2438
667
1934
3506
5960
2330
3153
905
6670
7781
848
7615
7070
7514
2372
3096
7518
3891
4295
7559
445
6745
2347
3066
7501
7594
1691
520
1784
2064
3258
5188
2177
2728
3831
3042
5880
3370
2491
742
6680
699
2507
3049
4484
7623
2130
3947
7732
3725
5899
1671
6981
1766
5799
751
183
2207
7088
2254
3873
231
7486
5397
2802
5444
5341
1061
7078
3068
1669
555
3766
433
6052
617
5976
6683
2832
496
3883
3841
7226
3531
1552
7731
7354
4517
4813
3744
6406
1918
5246
3094
1620
3316
7221
5415
3415
2575
2850
553
1076
4686
7085
2893
2114
6434
7151
6332
4221
7635
7140
589
7973
1021
5162
473
3273
7587
1506
2150
4815
835
2219
7701
7839
7399
1916
1159
5614
6576
5622
2629
2188
868
7443
7816
2417
1219
6302
7763
3352
588
6097
3056
3647
7817
496
3256
7834
987
1484
2458
2051
7028
6066
2589
3749
6583
1525
7565
3855
7141
1437
2348
4281
1088
5371
2534
1887
550
3887
3013
355
7972
824
2065
6903
3890
5067
5955
3090
2833
3809
7992
3268
7875
1274
6894
6310
6026
5852
6466
1133
1698
2225
1758
7553
5397
1802
3388
7305
1297
6265
7090
885
5906
4743
318
2134
4904
7685
6556
732
3992
1685
3378
1849
5306
4454
2370
7920
889
626
6888
2639
3638
1214
6211
6527
5979
6111
2863
4584
217
4596
4579
6285
6053
7145
3018
695
7992
6871
1864
1851
1746
5087
1534
1600
1638
3518
1400
6777
4572
4481
4154
3859
5430
7240
1303
443
2397
3773
986
783
2985
2964
1300
6006
2265
4763
4479
7593
5190
3629
6867
3237
7474
6978
1254
2059
3013
216
6602
3512
7806
7744
4573
7813
5499
4122
4759
2308
3081
6081
2889
2798
7388
147
4131
1464
6334
4730
7012
5294
172
2005
6951
265
5314
6171
6399
7685
1500
6717
271
6673
6237
548
768
6830
3375
1878
6965
5570
3410
4328
492
1029
5855
5023
7014
7561
7288
996
6992
405
4584
7546
4982
4999
5748
7035
1278
856
6121
7288
5447
6370
970
2338
7180
1175
2331
5414
7398
6605
7062
4278
1606
2542
4816
1455
5249
4416
6552
2624
3056
361
6310
7388
6308
2939
1684
7516
7798
2944
4891
4298
291
740
7521
6531
5293
6709
357
1239
5942
4673
7137
120
120
157
64
2678
1770
5470
6180
4156
5187
4345
5616
4390
5373
7978
2484
3756
1059
3852
6940
3684
6800
2561
1144
4931
2090
1060
766
6359
1433
2374
5145
2959
6579
5122
4564
5387
1578
3810
7867
7481
5022
7907
2651
3938
5105
7927
2168
5667
507
3866
1115
372
6583
4093
1873
864
5256
1156
3187
7053
7347
6861
7355
2246
4139
5401
354
2557
253
1475
277
2749
812
2378
6338
1855
2034
1533
7654
4546
5973
4853
5287
3616
5027
6443
949
2789
2774
3042
3972
7817
4615
1789
4756
3894
7270
3131
948
1059
6466
7967
3536
6595
7102
2158
1111
1643
3279
1418
868
5901
18
3022
3993
4123
4824
1644
25
2767
5291
7872
3949
2256
1732
6082
6513
2443
3388
1042
1501
41
2414
2354
3317
6770
4794
5860
4687
1721
6318
6008
7889
4168
3553
2236
7958
7510
2292
4236
1641
5971
60
5564
1744
6903
7592
7030
427
2509
5484
7702
6947
1727
6799
6199
2056
4012
6843
7671
6358
7682
1559
3847
5698
7271
4077
5444
3292
6607
1263
5437
7468
3314
7571
5103
3790
125
3807
6367
7197
5893
2341
1249
1023
234
3656
7783
4973
1131
7639
3125
4835
431
6739
2114
4271
10
3372
1749
1679
7875
3345
6307
4541
3704
2892
1996
46
2024
5647
5452
3687
1788
3567
5017
280
4297
4209
2782
1773
1102
4642
1296
1550
1784
5786
5213
3713
7095
5840
7578
4457
6600
7025
2943
3376
7781
6092
1213
5757
3856
6543
4521
5511
5720
6117
5424
6995
6871
296
4717
1166
5452
2129
4538
5274
759
2573
6200
1685
7470
2863
7955
5785
2085
4641
4107
1789
5055
6256
6987
2462
1529
2889
5251
5909
5463
1541
6880
4792
3988
2604
7060
7228
788
1892
3635
2085
7188
1233
525
5716
7754
6593
5927
4399
203
376
2721
3798
7356
6196
2428
4099
3561
6807
2212
7286
7979
6345
272
3060
5634
3067
6128
501
907
7336
5559
6722
7577
6923
5436
4872
4272
5181
1002
5289
3652
5960
4499
6138
7112
7717
7870
5086
4667
5733
3887
6472
7918
3241
569
6787
4990
113
4015
5732
6857
3371
250
1520
4915
3186
2069
4403
4521
7760
568
7581
5600
7482
989
7610
468
338
5077
1377
7371
2894
2352
685
5836
1344
3094
1076
21
7249
3007
7192
590
5569
2155
2322
906
6682
6605
3663
5500
683
6788
6563
5782
3077
1557
1583
7357
5032
1345
1970
881
5761
6888
913
3541
7580
797
7782
2866
7119
5898
848
1279
5975
7017
652
1145
5573
6180
6032
3127
3989
3357
5753
6413
1578
1382
4087
4540
2757
781
319
3644
1432
3824
5843
1749
5308
3385
6948
1666
3465
5190
5957
7492
6351
5151
4736
4203
4741
5108
5104
2774
3533
2311
2119
6296
5224
3703
6180
3875
375
2846
7220
498
5229
2258
5532
5288
2832
7785
385
6765
5888
6159
4432
2942
6631
6969
6131
179
7957
3426
1255
7036
1303
5719
800
342
4779
2627
6591
5861
826
4765
3104
1511
7143
759
32
3119
4483
5717
1312
1017
4304
4788
2142
2039
5991
3501
2142
333
3009
5543
1174
4320
702
7108
3078
1564
2747
6399
5666
6024
2288
4372
1585
7683
4952
4844
4254
1786
7773
3357
4508
3199
6310
5157
3339
4027
1436
3619
2350
657
16
7988
3403
2853
6470
3289
5683
7328
4196
1466
4255
7719
6149
3103
5414
4210
7958
5242
4402
7587
7421
6171
4876
3704
7578
6165
7170
5225
534
4019
7063
2425
6770
3927
2191
3315
4434
4550
5937
7640
4325
7618
6786
5076
2386
1004
3479
3707
233
432
2186
3804
6245
1321
6090
7146
404
1326
4565
2114
6843
1190
4342
2645
1745
3427
1293
6858
1656
7664
7017
843
5492
4790
7238
2020
6804
7463
2629
4762
5993
590
4121
4976
4483
5143
197
604
7391
969
4190
5646
755
6605
6798
7138
6811
5892
1458
1589
4483
3738
5205
110
4287
1024
5934
6823
210
6400
705
4225
3836
2297
5567
7345
841
380
1191
5157
6449
6628
7361
1180
4862
5230
7913
7381
7348
7100
5528
159
7690
748
7673
6913
4006
6272
7678
5005
3143
1824
3046
3604
7406
6765
1745
2883
4581
2561
5137
3228
3802
4467
5638
7183
468
3912
901
7107
3326
1051
6913
1891
7888
1543
2668
1811
2362
6992
2147
6688
4622
4448
5401
111
3173
6038
4759
5776
3352
7544
130
1610
6693
6441
4465
1007
1805
7967
5449
5416
1601
5469
6880
1203
2965
6876
569
5318
4805
7450
256
6390
6928
3427
2207
82
4637
7256
7241
4897
3040
1635
7493
7846
5420
7503
4242
10
3941
2259
4474
2074
7753
238
5155
5621
1384
3036
7882
979
4832
3229
2630
2623
2954
2847
4572
2968
6993
2664
4901
7251
1694
4675
5974
5707
2433
6959
7892
4504
1555
2848
2936
967
3517
2861
2251
5637
7026
3300
2157
4906
3969
7709
4934
1170
4935
6225
6491
2343
6654
6209
846
3947
3571
7700
6541
5175
501
265
1533
7687
7660
5771
5515
7233
947
389
5988
3988
2156
2407
5621
7366
6961
1361
2648
6277
7203
1595
5732
2519
7836
6723
2189
1758
942
6203
5778
1147
7032
7253
6848
7997
2548
3434
3887
2109
3960
3060
7926
5912
3516
2010
6455
1380
7929
91
1931
7370
5536
5422
4599
1775
3907
7260
2162
3914
3146
1743
7298
5958
6696
4511
5623
2887
537
6663
6323
614
3548
676
2784
6296
7344
2173
6415
6676
6415
1201
4676
5658
2834
7763
3246
3304
6731
2957
5907
4286
2674
3501
5177
7467
7502
7592
4040
7101
4497
7756
2482
7671
6138
3444
7018
3822
3862
6215
3026
583
2811
5975
6083
642
6730
1435
6681
5972
624
4811
6475
7789
5991
558
7675
1577
642
4692
5417
577
6360
1114
7752
1531
1004
1072
292
400
390
7332
4614
2591
2402
5186
1744
358
2870
5988
5675
2958
4171
5091
5001
2970
1605
7319
5776
2433
531
923
2581
3708
7055
4981
1152
1394
1595
7557
5132
2583
6655
1972
4687
5354
7086
3291
553
7989
7279
2824
7720
6646
1778
6334
1769
4290
3828
5647
6589
3723
3150
3475
7369
4972
6224
2344
1534
4705
4564
3166
1646
3846
2461
6600
56
6566
2542
6655
6585
270
6943
989
7275
4316
2187
6098
6805
7657
1232
182
1805
4734
7509
4751
2407
2843
6429
2201
2017
5046
972
6020
2928
3855
466
2192
4251
3052
2164
3731
5991
1074
4293
6180
607
226
1582
7092
6811
1380
3372
806
1604
1283
2811
5211
1603
1782
4351
2479
5970
4980
3022
2006
1547
4484
5035
4443
6027
3633
1750
3798
3332
4957
117
2057
5888
6528
6539
3990
194
7833
6155
2635
1226
1089
2661
7349
4418
2780
6170
4176
2959
445
5622
5806
6978
2220
3949
7096
4969
4081
7783
7767
2573
3878
1646
7098
494
1976
7537
4345
3551
1219
3712
5172
7327
7691
90
83
4293
4800
1560
5254
1267
2385
750
5581
3100
2365
2467
7956
5963
63
5138
954
3173
1148
1365
322
6037
7757
7290
2290
1967
3815
4045
7759
7082
285
3248
627
2013
5330
946
3189
639
3064
1936
4663
7443
4903
2072
7716
5464
5649
165
5129
1908
2495
6062
3885
5331
1562
2190
460
7860
6703
4310
122
5910
4443
1014
3080
405
7672
4459
1249
5748
6112
6539
3213
3428
2835
6036
1547
3774
2033
6790
4254
1437
7863
5358
297
7185
1080
7932
1025
84
4326
1314
7080
2111
824
2572
2259
7335
7497
4897
4146
5911
3541
837
4804
3773
5328
6438
4194
3614
2067
5106
5234
7191
5606
4532
1184
7516
7527
6285
7092
6414
7245
3369
1153
5337
1573
7438
3063
5621
739
1320
5295
3501
3422
7691
7518
5277
212
3209
901
1941
903
3630
227
7537
2602
2424
6800
4610
713
2895
6434
3752
5123
1658
1213
7905
3665
5635
5739
3292
656
2137
5443
2591
3705
7080
2166
384
381
4696
1625
368
4488
483
1878
6237
1721
6144
3754
584
6543
4018
3281
60
18
4545
3540
6183
2949
7789
3967
4943
4855
519
2116
2664
455
534
2363
6353
2742
2470
4406
501
2319
3754
2056
1723
1409
7588
1753
4204
5741
4257
5486
2545
3511
5641
1619
1173
2632
64
6418
4878
6438
556
1724
5243
6346
5805
428
7799
5675
6277
3486
6388
6486
5039
721
763
5189
3699
2705
117
3939
1662
823
3650
5144
2624
1814
5499
1330
527
6033
4425
359
1068
1515
1789
1655
6282
556
952
1202
2929
4776
4929
5841
2428
6924
719
5194
1579
1914
6338
2889
3301
1343
7638
6204
3907
4628
1757
998
864
4883
5901
5980
6232
4957
244
7241
5243
315
6980
5752
3150
3791
6301
7321
5690
4304
579
2326
5875
1824
4698
7670
5888
1154
208
5464
1083
7391
4323
4294
2793
5569
971
5247
5417
5736
946
7922
5567
4013
5370
518
5764
7688
2404
5755
4776
6562
5414
3238
127
3011
1158
3443
4341
7689
274
6464
7969
4263
1959
3401
6126
832
6809
841
5172
7848
4328
7260
2933
6464
460
6554
3584
409
1222
4777
4167
901
6883
5422
6604
7892
3864
4411
3810
1708
6673
7482
2781
114
3100
6991
2266
2803
6626
5770
29
6533
1530
4877
3255
5816
4374
6336
3655
3278
405
582
1877
4224
6868
5479
2490
1090
7030
5879
2037
7608
6144
1785
1830
5583
4851
4581
79
4575
6320
5142
6625
3024
7364
2676
3933
2182
2676
3558
4746
6629
2114
2176
3613
3836
6937
3629
2757
70
1957
4788
209
7108
2639
4983
803
1013
7227
2640
5523
6050
6358
7721
2048
6512
961
2184
7485
1302
7973
7507
6755
7104
3909
559
3452
857
43
6791
5385
204
6774
1435
2847
2641
3156
2652
1232
6737
260
3380
4209
7930
3726
5288
5399
4137
2612
3775
3419
2592
222
4820
758
3339
3750
3621
2842
6074
1556
3881
6727
2071
698
5526
4882
5168
1091
2590
2384
2097
586
938
3563
4638
232
133
6858
7496
1384
5103
2283
4456
2499
553
2720
3886
7583
5402
1018
7370
1431
6399
2475
96
7290
3869
2172
5091
3202
6105
5643
2209
1323
3323
7767
4953
1649
7616
5913
7692
6111
3195
2778
7886
6127
7637
1894
6559
92
3440
625
7195
7156
7448
7918
4791
961
4778
538
7445
1582
4423
956
6944
3249
5207
5223
6284
3803
4850
5746
6906
1378
3374
7600
2039
2410
6274
2697
6872
6465
1623
5127
3152
2083
7246
2431
1663
7605
3425
7632
1236
252
1177
2335
7074
3367
982
7948
5579
2336
643
5806
6753
2779
7933
5563
897
1395
2622
978
5262
5897
208
1039
3760
5429
4672
7216
4320
734
6490
3724
2634
2395
4020
1397
2004
5704
4328
3488
3953
2313
1337
2471
3769
4984
3465
6760
2894
3212
3820
5261
2704
1412
5146
1137
31
6443
6293
2393
4982
653
4428
7139
2010
2780
5372
7089
815
1707
5117
7092
6774
1516
2571
2918
6574
4402
4666
3801
158
4583
7446
3331
7459
7303
3970
2642
2590
2583
2188
2314
2830
2474
5122
4776
3629
5600
1209
3628
6556
4809
4728
3330
284
6294
5913
6019
3901
327
6594
4643
7217
3644
2401
1343
795
7432
4028
1048
2592
7184
4834
5432
914
3080
4229
1316
3708
1478
4179
2249
469
6628
1740
3344
87
6768
1368
3870
3029
149
5832
4160
1881
6689
5467
6445
5811
4910
2076
940
809
3666
6014
4694
2094
736
3291
3036
5707
2617
4178
7371
2734
5270
6066
3528
6324
7708
2207
2142
240
1504
4346
6355
2222
4717
1255
3346
1569
840
4300
736
502
1485
2229
684
1605
2671
5345
1404
1558
7105
573
6600
4557
6756
2841
1792
1089
313
1551
1536
3858
6721
6945
5019
589
6584
7090
7015
2645
3
366
4274
564
3626
6279
2701
6353
849
7355
7546
6194
2314
2136
1284
4159
2775
6209
4003
7322
6400
5691
5177
1596
5441
2563
334
3010
4296
5181
3791
1007
6223
7330
7931
7179
747
6215
1267
6861
1022
5753
7388
3689
6942
82
4339
6081
709
6181
2255
276
5101
4656
5911
755
4148
1294
7592
939
7094
4814
7296
5711
3799
6867
7133
6544
4736
6462
5947
1415
2401
3743
83
6127
4764
4229
4544
3384
3422
7950
4929
7038
6955
5651
2427
299
5554
7998
5533
7320
4355
3383
2855
5642
5647
3963
208
7669
4679
2502
3184
5930
6973
7896
5575
7166
4958
7796
6018
4525
2625
6895
1050
3551
4311
6834
4089
5813
2066
5633
193
6916
4802
6921
3887
2321
563
7819
3961
5760
1780
2466
462
7291
5017
1136
7561
5122
3559
7848
7817
3560
1242
1142
5550
930
1405
5398
6471
3167
1071
7393
4949
2496
6484
6697
5152
1299
7746
982
5797
4967
1625
801
1039
6255
488
7307
6438
7921
7199
5640
1431
6715
4948
6948
5410
1280
62
7823
1328
2615
3314
1104
6691
947
5974
1977
4700
5677
1005
6525
746
4014
352
6366
3565
5281
3763
3256
1990
2428
3809
4580
1632
1780
4747
1173
2879
2098
5053
3937
2128
3645
677
2609
1341
7054
7483
5892
5161
2071
6187
7510
5071
5575
4183
5305
5821
4843
824
5534
6801
7830
2917
3128
3553
986
6247
4347
3614
7710
4445
2586
4261
7004
1257
419
7712
4740
4395
2236
1687
2627
3186
6712
905
711
3948
5580
5186
335
50
7827
1064
6184
2093
322
4356
2326
5888
215
5684
2952
4580
4455
3563
5028
7201
6732
1410
1786
729
1540
4764
7599
2526
6549
7880
7534
884
3463
4033
1118
2431
2838
4973
7735
7051
6383
7058
3852
495
7281
4829
880
366
2400
544
6293
6906
6104
1348
3672
7535
4413
6754
3381
3574
4959
3784
7807
318
1431
5718
6042
6613
1036
6572
7613
823
4633
6567
379
5855
6939
3460
3996
4969
2745
5355
4024
1382
6905
2332
7430
4573
1459
4863
3001
3154
6506
7547
2182
5484
4758
699
3026
1079
6210
533
1968
1234
4965
6996
2245
1963
4628
1754
114
6021
2837
6892
5695
1029
2105
5174
1876
5847
1351
5315
7852
7770
3439
4632
186
4801
4625
3358
5767
4649
3986
6753
7341
3892
7596
5549
3227
5819
6050
286
5175
7645
2329
7101
1059
3927
7868
5325
2870
5923
6667
610
5558
3643
7994
5969
4118
558
1616
6251
6642
5324
6197
6473
5955
7143
7369
5819
3833
5147
6817
3867
3517
2588
157
2669
7324
7505
7629
5420
5068
2808
4275
2085
3512
787
5859
2817
268
7139
1787
894
7729
7736
1642
5881
665
2280
3674
6723
6886
3611
4239
7757
7040
7548
1591
2109
2738
4882
3453
1293
6770
6999
2231
2104
4506
7192
2793
7941
5920
632
7703
4189
6165
2670
7762
3014
683
4292
6073
7627
7670
7783
3721
4158
1244
5948
1486
4248
141
5407
7505
1754
413
6861
3082
2837
1630
834
7669
4510
7118
5364
1299
6112
7812
7537
6903
1832
919
5224
21
6856
4366
5677
3185
4776
177
4534
1792
5657
573
3775
5654
3157
5248
7583
3541
4922
7139
2125
7403
4685
5606
7044
716
305
1540
1832
5210
88
3112
2426
3905
1258
1279
1947
2260
1324
5985
627
1214
1305
2605
6022
5177
235
7245
7147
4081
6797
5360
1614
2084
1687
4268
5080
6833
7062
5921
437
4675
3372
2289
621
5101
3562
289
6535
907
5956
1815
884
7242
7469
7163
6054
7226
890
4334
82
7303
7049
4507
7621
2627
298
420
1518
3178
5617
5898
6253
3750
3873
4477
6606
1633
6185
4427
4436
1230
1071
2191
3784
5773
3712
6575
2946
6189
844
7976
5552
772
1638
3019
1156
6333
1085
7958
6335
4533
1821
2821
885
6162
3681
5455
3896
2987
3175
2429
1188
5015
992
3874
6181
6830
1024
4864
6557
4401
4522
3348
6873
3468
7473
4050
4175
2905
395
7265
2038
796
6071
2811
7929
6461
2837
1210
2667
4942
4218
4695
3288
6051
3466
4278
100
6504
506
7263
1491
6655
7089
5321
149
7521
969
3340
283
782
5000
2062
7192
5763
4589
7940
5463
4005
849
4298
7660
583
5776
3275
5200
7355
5753
7505
7602
6489
2492
657
6478
5084
3570
4347
4794
2832
7547
6730
5210
3067
2869
6190
7445
7094
2564
618
534
7110
819
6931
7787
4450
7982
7830
3059
7675
7474
1093
7996
6969
1907
5615
6144
814
278
7517
4943
2661
7142
2766
3286
5517
5386
4426
4096
349
1423
3604
3268
5180
5765
5598
6435
1342
1490
6990
3156
3553
6709
193
3003
3514
7564
6583
5402
2996
6226
2634
2514
575
5432
7676
3221
907
1252
5326
1510
7620
2775
3486
4782
4388
6834
2254
2398
4769
7946
179
7352
7539
17
6014
6600
3556
1973
1923
1292
3037
337
6830
4989
360
437
2798
4614
7062
7474
6797
4573
334
1366
7658
5649
5708
1371
3935
4404
3940
2445
2322
2190
5289
5948
146
3624
6047
773
6719
669
337
10
7332
2946
4236
2430
7109
940
2741
167
4874
5191
3179
593
602
2421
4532
7378
2631
7009
6449
4411
1144
7417
3385
6866
3364
6287
6094
7506
2917
6683
7111
2291
5209
7688
7450
5824
1770
6972
6965
6325
5898
2487
206
3230
7755
2567
5007
1407
2738
5616
736
2821
6220
3307
5736
3486
5864
3778
6948
4103
507
1802
2610
2042
2397
4103
4935
3463
2731
6278
1260
7343
789
6506
2379
718
2488
596
2873
2572
3571
7881
7251
2000
5020
5096
2119
7944
5802
4791
594
6993
5298
6589
5411
6338
5972
814
1445
5351
3652
743
7867
5123
7909
4478
2965
172
6648
871
1376
5723
4457
1508
2304
886
2276
3498
5982
4856
6732
7578
4955
3300
536
1083
7452
1597
4192
4432
2724
3019
5385
5893
7390
2026
1007
3858
7468
7012
7921
2550
3123
1843
4079
1343
2634
7061
7021
2358
1224
4651
1199
7374
7079
4548
1055
5630
6978
6205
3484
6922
4339
1380
1216
3842
4791
2
6812
1287
1684
3650
3658
6463
4352
2113
5472
3723
7914
3859
115
4027
3541
5781
5065
2415
4666
4258
5134
2386
4434
4368
3247
3371
6038
7474
6301
7647
7578
2164
1443
1946
2634
1880
2674
6006
3873
2635
3747
7479
3851
1553
3476
4855
2621
5372
1083
2291
743
2870
1502
1085
5451
3943
4325
3265
7676
618
1571
522
335
1244
6669
4296
4947
6705
1426
6143
2574
3737
3577
2649
417
825
1830
551
2348
517
303
5435
2241
4862
3327
353
7337
6558
4717
7163
3334
3452
4170
3695
7071
5761
3975
6896
4793
587
259
2357
5164
6189
6687
768
4227
1443
1661
831
910
4319
3587
5563
5565
7316
7376
1739
7081
3317
4155
3455
5662
8
4991
626
7477
4116
2126
4911
5118
1385
3918
6463
5527
2854
2594
2795
6246
856
6573
5444
7055
3261
6361
7673
1582
7182
7429
7591
2743
4926
2943
4406
2850
339
1187
6132
6672
2849
6100
4719
7934
210
4560
6803
1964
7177
2098
1152
6294
2076
3354
1132
4805
6589
6515
4686
6025
6168
1144
6216
7966
6979
2337
4612
755
6293
2945
6349
1365
4613
5567
1510
743
6414
2970
349
3692
6623
1437
5479
7144
5826
770
7325
1132
2256
10
883
7173
233
2193
4488
6599
4026
5119
2548
6408
647
1822
7682
6031
2216
6429
7043
3105
6263
3099
6406
5289
138
2286
1801
581
752
5939
5936
7159
4869
7453
3091
202
3362
1613
6850
1708
2824
7317
1065
4779
1927
7735
5619
128
6225
4814
7519
5520
4782
2951
2720
2468
4880
2149
3276
2572
273
6700
6392
336
3122
463
351
3647
3817
2408
2387
6942
2547
4749
5911
5328
5177
6029
5681
5273
6313
1642
5949
1639
5876
1037
3366
1173
5293
7469
3112
1458
5564
575
6779
601
4755
808
1800
6927
5956
849
7744
3190
7641
2383
1990
1606
2057
4805
2187
117
5556
687
6008
2266
3820
5663
4416
3614
5429
7022
2658
4574
5146
377
7830
3042
4650
7060
6609
6809
4521
3234
1790
7812
1038
6645
5997
6959
1503
7390
6869
4565
7651
3146
6494
389
4653
4184
2201
2830
975
7645
3385
29
3032
4158
2198
6572
5514
7191
3690
429
7604
1925
5934
2266
7298
1226
2446
2876
1311
4830
6750
7648
5281
3433
5991
1830
5284
3246
3817
5526
7680
6285
5996
2615
4609
4343
2260
2829
858
5782
734
5663
7397
4659
3012
7540
7675
3443
7217
85
2562
1419
4109
5319
7750
7324
6355
5131
243
109
3966
4397
5705
1933
3638
4208
306
991
3507
7468
839
7270
3620
1767
7919
540
5328
5374
4610
7376
6267
2356
3382
2917
1538
5129
4536
1743
6434
4537
5472
5303
6261
6613
4860
4134
4136
2579
969
5727
3439
4240
7067
419
7547
7812
1314
594
6867
3230
5176
4823
4012
2872
2475
3817
3476
5784
5102
2733
5070
6616
520
1468
4548
428
5283
3865
1131
5434
3596
2223
4589
779
617
5779
934
7150
7218
5350
4449
4412
5157
5893
967
6425
6618
3733
1881
685
3493
2019
1412
2974
1878
7845
2105
6557
3674
7026
7237
4460
5912
4909
5004
6243
4060
7661
4739
698
6814
5720
2099
7808
2190
315
3688
5728
4846
5493
5223
686
3284
4802
3629
886
6981
110
52
1967
985
7402
4976
3508
4209
1941
3060
5393
3939
3134
7038
6617
74
7247
6691
5136
7220
4213
977
1640
2651
3868
2648
4735
7084
3908
3682
6754
4660
7529
860
2330
3303
3214
2400
3764
5606
4669
3850
4754
4206
6913
2795
5666
7549
3443
6748
5998
3545
6620
7273
4160
7532
5504
5424
4028
700
3414
1813
3424
2742
3851
7993
2690
5857
7770
6352
7771
4330
3547
3886
3267
1752
5954
7600
164
3619
6701
6151
2658
3379
6479
5219
2778
2698
494
7638
3510
3202
1277
4633
7968
6249
4142
7217
215
7667
5968
4628
1590
6583
36
6519
4611
7221
2217
3327
800
3593
3513
7212
2274
3612
7579
2708
7281
3381
1779
2057
3625
3834
854
1700
4312
6170
1087
2848
4055
7242
920
4846
6176
3689
1644
1855
1980
7566
1258
2093
2678
5200
5987
821
2341
634
7085
5738
3401
4729
7013
6211
7969
242
910
4121
3476
7851
574
76
6266
47
7762
5532
981
408
1647
5056
6997
5244
4917
3767
59
7944
1182
3429
607
1353
695
3786
935
3035
910
2508
5731
866
2385
152
4083
4862
3330
4098
2399
