7353
3471
4691
5479
491
4080
1457
2355
7542
4855
3436
1299
2244
2407
6276
2729
3905
8
3244
3401
5193
1408
3444
6454
7277
3186
5491
211
4211
5712
5979
5222
5705
7533
7604
2897
5667
5522
6314
4057
7841
2505
2089
4710
669
5530
5089
191
7131
3994
6164
6901
1265
648
5510
6916
5052
1150
4879
4249
1575
1038
2958
7710
473
7533
5675
5870
3223
3555
4631
6143
2702
7978
57
2950
13
4510
7932
7538
5757
3995
70
247
1784
6807
272
6593
7767
1758
4321
1120
2033
2049
227
264
6263
819
2768
5684
6829
3614
4363
7892
272
1077
3344
6132
5920
1073
3046
3517
5178
6025
6835
2254
6344
881
3148
1786
7760
7768
5867
1528
4150
251
2357
2842
6876
1656
1135
3363
6190
6657
7945
3596
4099
5401
663
1417
3423
4813
2125
4031
5761
4148
2713
79
1020
7244
6265
110
7646
7500
7345
2645
1740
434
2683
5769
3372
5680
4128
3773
3340
3197
6515
4680
3800
6046
5334
4869
3251
2647
2558
1613
7165
6382
5671
4613
3104
1879
4262
5762
5934
295
3494
653
1309
4832
695
1563
523
1828
927
6406
5891
72
3228
585
7570
2447
870
4486
1737
5056
819
396
6314
4519
626
4058
1607
7745
6341
1459
4928
850
4336
7699
4232
7546
2747
4508
4831
7852
623
1660
1507
462
2633
4815
1224
1570
6160
7284
5402
7364
5947
246
1997
131
4647
849
7861
7673
1242
96
5345
44
2204
6007
5743
774
1106
5420
1995
1551
5519
1542
2238
4455
1033
4956
802
3568
7873
61
3828
6262
1964
1660
5532
6559
1989
5795
4640
5279
1361
7733
7588
3750
1918
122
6345
1290
1997
5446
244
1400
3291
7263
6055
6048
7279
521
7021
5892
1355
3472
1339
5855
6621
93
2227
5332
94
42
7393
1799
7718
5988
3372
4162
5120
2530
4058
7431
2816
2781
236
7357
1467
6882
6748
5542
1734
7185
1472
3055
5944
1681
2267
6810
2062
2879
2759
1239
1423
5119
2843
4662
3234
5683
840
834
4944
5509
2725
7923
3504
6684
2753
3747
1842
4506
5643
7227
2189
6247
6971
6420
3419
5787
2218
7337
7868
4136
5434
6407
5051
2097
1010
3591
5076
1167
912
6025
5344
7947
836
6184
7364
4100
1765
4154
2546
4712
61
2498
3633
5288
3829
5531
1969
1592
122
5498
1079
3723
855
81
3800
4132
7806
4221
2815
933
3962
1278
4641
3884
7767
6420
6690
6732
5213
7235
876
3652
1535
4309
1426
3657
773
5428
3774
4922
4558
3163
5983
7323
6991
1456
582
5776
1656
4
6570
1705
6169
5030
2546
1245
5075
165
1180
4676
3493
1150
2021
4793
962
463
1232
2306
3259
596
339
3489
3123
5381
3108
3919
889
3222
4717
5468
870
4383
7804
5251
4502
4548
5947
4248
76
4894
3620
4859
5044
6826
6691
2529
7692
588
2367
2033
56
5607
5838
1804
879
239
4393
189
4841
6728
6398
1399
6361
6691
2602
1522
3569
5809
7866
7078
902
1496
2605
7437
7533
7415
3086
3624
112
1048
3810
2569
5808
7214
3246
7781
5166
7629
7133
4438
2869
4886
2895
7010
6182
60
1144
5663
4311
677
1798
5473
3374
3526
7036
6656
4023
4714
5897
6213
2432
3967
4616
4875
2369
2263
1080
5950
5804
4304
4700
1749
7630
4370
5182
7639
7743
425
7253
1618
2585
5181
2172
3446
6881
2829
529
3634
4839
2721
5190
3151
1712
4001
5796
3628
2338
5792
5622
1058
6407
3409
2839
4991
1414
5308
402
7168
4453
4521
6098
5366
1574
6877
632
3888
6186
433
4226
4549
2008
7514
4177
5888
6458
6742
886
472
2023
4832
4430
2995
2628
2432
2865
7299
2265
4280
4565
1987
7095
519
6368
6182
268
2947
5549
224
5338
6497
2677
6443
4036
906
4629
5308
168
6899
4499
1816
1094
4127
3668
3692
2720
468
5642
1536
3799
4976
1565
3197
6962
4549
4454
1793
5304
1495
3431
3880
119
508
5492
7191
1351
289
5167
6107
4790
3784
3447
777
4689
712
4768
1410
930
2086
802
788
4703
4445
1337
7561
4190
4418
6868
1589
5564
2461
878
7282
6784
3125
6648
2356
3029
2121
6623
2508
5609
988
4742
5456
2902
3483
7660
3008
4324
4626
34
270
4550
2227
7828
3251
4467
6959
1740
6010
3268
4532
5426
6321
536
5011
3604
3570
1917
6421
927
5000
2379
1972
7817
5387
4926
3498
427
1623
3528
3939
6113
887
2184
429
5136
3011
1627
2013
6690
347
3915
1622
6292
100
747
2240
6262
5490
5276
3148
3134
5548
1691
2604
5257
6076
7491
408
2871
2154
3331
3466
5000
163
3265
3646
1112
2549
521
5546
3917
6847
7220
740
2897
2377
927
7941
5395
369
5585
3718
1322
6496
4267
4868
964
4579
6259
4960
4480
4520
5249
1528
6860
205
3427
1001
7295
7733
654
2673
3418
2556
2397
991
50
189
7616
7018
3409
4036
2094
5792
2043
5873
7186
4078
195
6069
2558
4957
6281
7725
6569
2795
183
1919
223
106
146
5675
156
6506
6536
4228
743
7630
3921
6707
3462
4360
3449
7098
5602
2073
5233
3888
1386
7219
1981
409
4486
5091
6223
2782
6463
6422
129
7115
4864
4372
440
3484
5203
4563
7174
4892
6785
5436
6531
1258
8
6933
538
7029
6304
4035
2614
7783
6252
6874
7627
1520
4425
6660
3921
4212
6078
5847
5276
5880
6139
160
6732
6109
4583
7495
5653
4314
7706
7044
5739
2331
1284
453
1384
5057
3754
3541
6585
3006
3777
5242
7861
6787
3583
1677
4954
5251
4170
3808
6876
5726
3726
2242
4065
7127
170
6233
7083
1355
3062
197
1005
4588
2017
3703
609
70
3654
5536
5487
5033
6973
6290
4503
6996
2476
1903
6732
5152
3375
890
1419
5509
3214
5702
3667
4146
2451
5243
5655
3105
1863
3931
2323
2970
3885
6298
844
5675
3340
1568
1954
918
7917
7749
7825
6738
5016
2560
1931
1761
2141
3281
775
1886
3159
4492
2477
3250
2476
3949
2098
1231
7134
5206
3423
7621
5163
4576
2918
3060
7380
7649
5224
4151
893
5998
1402
523
2315
5229
6829
6678
62
2036
4552
6458
5011
1940
3269
32
2766
3149
3418
7849
1670
2656
4105
6166
196
7701
2906
3314
2720
1145
4855
7489
2846
6917
7170
6662
2399
6578
6056
6236
2276
2446
2557
4055
2636
5831
6803
6697
6347
7546
2720
6209
6133
4632
7544
2731
2531
5945
6385
2337
5571
501
1058
1738
3515
6665
3219
1292
1615
1518
6087
7503
2229
3340
3354
6497
5638
4469
5794
334
6590
6554
2219
1973
7778
2292
877
1927
3251
4655
6058
2176
1387
7054
2949
5678
3025
6635
1408
421
2767
5012
3761
7455
1059
2232
5240
114
7654
1055
554
7470
1414
964
6066
5275
465
6487
279
1516
4140
4964
2587
713
7102
2840
3557
4881
199
3153
4013
2857
3955
1062
5287
7921
6604
94
4023
1058
7856
4871
1239
1857
6322
1371
4392
4050
5939
5051
1634
2637
5439
6958
2857
7690
5215
4172
3009
6098
6903
4208
4566
6160
5523
715
5660
6560
4903
4664
974
1796
3348
705
6068
5276
2285
5774
2105
6221
7412
7475
3527
5646
3458
3016
4315
4382
7115
6485
4562
5177
4316
3251
4857
2144
2355
4219
919
6866
5311
4130
5474
6806
4244
4647
7978
4486
3919
1187
7778
6284
3288
3166
3702
4975
2247
5971
2655
7026
4431
3810
6720
7112
1529
7732
7016
5274
2797
2945
628
2175
7687
5801
7830
2839
5801
7696
6616
6305
5647
4119
6541
5568
1782
7539
2271
1941
3017
6338
5814
2699
6001
2600
6806
1146
3573
5912
951
4658
4710
444
7060
2427
7985
3577
6235
2836
3685
210
2427
2984
5854
7662
5721
963
499
3335
2612
3762
7099
7405
4261
1271
7018
7134
2442
68
4769
6924
4446
1973
815
1226
3778
5818
6701
2185
2922
891
7861
6690
1614
4557
3528
7459
1501
5743
7396
5718
2086
2800
6671
1116
884
6723
7798
6185
2632
3248
5751
6015
2956
2680
890
4603
3689
7600
1657
2141
508
5089
1867
7489
4278
5265
1688
3601
7903
1724
3612
4143
6306
1713
4322
5878
5716
4080
2620
7907
5481
4081
7228
1852
7508
7561
2693
832
2007
6544
6540
366
6262
4648
2121
7428
5093
5039
411
7979
1660
7630
207
7721
6502
4646
7861
5755
7877
3079
2596
5151
7334
6836
1445
4859
4149
2308
302
6027
4086
2559
5483
3320
2583
702
6551
5415
377
385
5158
2340
155
3926
4439
7228
461
5416
2259
5375
1148
4679
996
1959
4645
7093
6186
4761
1568
856
1332
6441
6954
3231
6715
4062
765
95
5806
614
2656
3241
2323
7487
3330
4038
6418
5065
4486
3021
7132
3257
3828
2858
7786
4432
429
7093
5695
3929
1336
6702
3303
7332
6308
4173
1230
4326
5990
5903
2390
1166
5536
997
5603
4642
6729
2184
5421
6244
5309
1251
3939
3376
6542
3169
5838
170
730
6487
4843
4108
316
6873
4341
5741
3662
6854
4319
1525
1538
3183
317
1770
970
5406
85
4963
3679
1942
431
3623
6785
786
6351
7765
2220
1460
4874
5093
679
7179
3628
7699
5355
1303
522
3103
6019
1431
7056
770
68
7338
6980
548
7483
2809
2833
2756
6192
3512
6217
1157
1902
7505
241
1979
7147
7880
276
7370
6275
6481
7462
4328
2338
5259
1673
2148
2131
1794
4220
6413
6356
1414
5257
1243
7880
6709
660
2186
5110
681
712
6424
6654
5460
779
5995
4403
4034
854
7403
676
150
3299
1377
3239
6944
215
2255
3552
2022
7241
1900
5937
6534
974
4205
4065
924
4031
6887
1464
5802
5164
1801
2302
1569
979
1221
5834
5411
1905
988
4890
7373
5597
2616
6765
2403
3248
6272
877
1537
7964
3090
6300
1791
7260
4420
3923
886
2925
110
1948
1027
640
3582
5940
7456
5998
5744
1839
863
968
4150
566
3214
4528
1829
180
2855
5134
595
7358
4497
1950
1618
2365
4918
2246
3635
1766
197
4185
3565
4981
280
5759
5650
7655
3694
2437
465
2716
2203
1739
3595
6346
775
2799
2839
947
4521
5377
2323
7298
1010
641
7629
7830
7011
4453
2914
4312
5001
783
5648
1278
1248
4437
2475
5821
6445
1034
7703
1705
3975
5409
7260
4610
3816
104
4517
7261
5859
5414
4678
118
4338
6525
6832
3779
3445
1993
154
1585
1520
7837
6262
2556
2679
812
4333
3100
5406
2091
5867
7395
1919
7254
6685
2608
2958
3182
7721
2290
4165
4873
3344
124
3738
5877
987
59
1991
1949
4945
2772
5080
4778
5039
3126
4999
918
5725
6241
7225
6083
1378
881
1916
6118
6446
2503
6978
7538
3416
6060
3793
2079
5515
953
3816
1434
5379
6437
245
6711
798
1895
7164
3488
378
664
3400
766
2611
2155
344
288
4871
2278
3961
18
27
5040
2491
3914
7251
4409
1005
1767
5586
672
7317
5284
2421
6080
3776
5102
5417
2379
1209
5594
7611
3162
7024
2354
5443
2950
5753
4907
5441
4258
3807
1769
6696
4277
1519
4585
6133
369
3576
5564
483
5448
1209
115
7435
4691
4481
7712
6961
4778
7826
1224
2125
6920
303
147
4292
5649
6231
2175
6002
2170
7744
5736
2435
5196
3658
7750
4521
4417
7619
2883
111
6909
7492
7375
392
1368
4797
4840
5587
4229
4784
2179
6477
7147
1456
5023
4898
1008
7508
5366
7921
7958
5144
3475
7699
2976
4533
4498
3462
3381
4088
3951
2622
3793
123
3689
2240
2914
2343
4874
1605
5553
3980
2906
1981
1430
3316
7869
7079
7540
2175
5569
7318
717
3189
3402
961
237
3453
4027
3088
7556
1190
104
6494
3887
956
1927
1175
596
1452
1111
3414
4175
1753
5682
4540
4782
1191
5947
3614
1662
8000
1573
2812
3799
35
5262
1624
2385
4762
7859
1574
1059
243
4836
7565
3981
439
7315
1354
6460
3928
1292
7807
961
433
2656
3851
965
1593
7892
269
6858
6637
2175
4778
5228
5356
6332
7412
7192
4152
1402
2323
2156
720
3219
7120
6906
4124
4546
6304
6202
1406
7286
2789
5484
6109
6913
5643
2883
7216
6899
3505
6801
1545
4310
5488
5878
4766
4973
3402
5357
2463
5588
4201
5877
988
7209
6358
3360
3901
4684
5327
5271
7633
5671
3650
3108
5483
5136
7885
5705
16
5073
1502
5288
4085
2940
4039
3599
4183
3868
2811
2986
2619
6193
6582
2619
4428
1587
2063
3814
923
3202
2618
827
4529
5670
3675
7372
2158
3238
5466
2397
6572
6144
3402
2941
5722
3703
1786
6034
3470
7457
3458
5454
645
2231
4307
5684
4682
2873
7242
6420
5373
5894
3372
3334
1798
3273
1126
2142
7837
7078
5049
5351
146
4422
4514
998
2355
81
486
4806
1814
6015
7868
5301
7223
3268
7111
82
5125
7983
1893
3391
3679
4537
2569
1315
5878
5572
7714
1342
2126
165
5295
5994
3658
2857
6869
3359
4629
5384
2853
7887
1482
643
5373
5191
1921
985
7121
2203
1685
4016
6042
7732
7766
6336
4583
2364
4019
2737
3940
5080
186
4406
6449
2176
1342
5311
2652
401
1430
5385
5137
6290
569
282
1797
3545
1175
1712
4522
7557
4169
1299
1028
5715
1639
2503
2470
6529
1121
3032
1220
736
4469
3812
6341
861
1273
3375
3070
2845
633
2050
5927
6956
2102
3696
1366
3332
6168
1461
6905
4130
4696
7697
3290
2943
73
4172
3059
5430
5369
6303
2893
5118
121
330
3943
5769
3262
7905
27
3460
264
4739
3258
162
7122
2773
4551
7355
2473
2228
6614
5432
1365
7705
1747
7746
3282
2966
5945
777
7301
2563
3060
2312
1263
6710
126
7248
3335
5695
3591
3494
1995
1246
5472
2757
1029
211
5463
1524
3431
3456
6171
2008
6635
1855
6006
3316
3860
2601
6786
7087
4429
2102
1793
5390
1937
621
464
4930
6079
4089
1293
2937
4709
3320
913
7
7085
5124
1040
2822
7458
4923
512
5590
270
7864
7751
5466
7479
6309
5882
386
3626
6253
1814
677
3830
159
7073
996
1726
3036
969
1080
310
6930
2927
5689
5059
1369
1524
2441
5656
2374
5853
3428
6052
405
1479
6587
1871
1539
6700
4742
1818
5658
6372
4327
6078
7169
2293
6048
2707
1300
5239
1962
4967
7605
4689
4448
645
2219
6114
6755
2732
5039
1259
2664
2032
6466
6968
5905
215
3161
5773
3320
3815
6310
6043
6637
4729
52
3312
4098
6277
903
1376
2606
330
4246
6690
2582
2228
4208
6684
231
5047
3080
5035
818
4561
3792
1328
6316
1942
425
364
2200
2539
446
773
7361
3799
6919
7673
78
4296
745
682
3726
2587
7640
1026
5099
5576
2928
5195
1438
3556
1383
6823
3152
7648
1578
6398
6724
7417
274
5039
3855
5832
5082
191
5818
5514
5620
2167
6178
3392
5448
4712
7888
3401
629
7476
5929
7735
2342
5257
7020
3070
488
798
2465
1856
5652
5017
3912
405
5196
6243
7356
6350
7024
2299
1515
2160
6211
3718
2630
2045
6403
5757
2083
3954
2654
1394
7025
1325
7796
2728
1397
5394
5531
1955
899
1152
684
2211
593
5872
7368
5807
7131
1389
7790
3860
7198
2986
4272
4599
522
561
2744
6026
3587
3635
3815
4889
6458
470
5133
4961
1045
5186
307
5224
5186
4867
7815
5881
6582
2299
7204
4276
4901
1024
2717
2016
449
5056
2949
1291
5394
2529
3571
715
3809
2306
7665
3367
1703
470
720
1519
7962
1614
4233
5191
1290
2224
5209
6722
2483
3505
7487
7958
5169
3213
1177
6645
5708
1864
2330
4793
7173
7653
3185
50
6311
4806
1898
7627
2185
6700
5610
1178
4073
5935
4179
1534
793
3631
6780
5149
6420
6365
5276
3176
3912
1713
6346
2948
7348
1067
6119
4427
2601
3773
3061
2167
2106
3340
4373
2079
1972
774
5352
594
5466
2287
905
5442
7643
5053
5793
7466
5129
6125
3974
193
3364
4395
224
7773
1123
4249
2160
7410
2883
5765
7728
6998
6229
3239
7095
4186
4430
5347
758
5454
2379
4516
3566
4610
5734
4763
6896
4830
2479
6018
5156
3313
1516
48
6089
3588
1484
982
937
120
3407
4510
2591
3285
3176
7152
968
2672
7181
7881
1134
608
6361
4774
2305
7641
2029
7464
6793
7650
5649
5536
5344
7700
5910
4374
4501
5147
2483
6892
6198
2667
2995
475
1550
5294
4041
5384
3714
5510
3785
6029
3624
1135
1835
919
6253
3301
167
5678
7000
7117
7392
6790
2148
3328
2475
4508
7647
6540
538
5510
5288
6525
1166
707
5039
2601
3516
367
2315
2638
2728
7977
754
1343
1092
2333
1125
7671
7553
1283
4853
2094
6301
5728
3140
609
2586
6184
4034
5065
471
2083
6367
5459
1372
3244
4503
1216
3497
7380
1352
988
333
2232
4132
325
5737
6875
994
2848
2132
7271
3154
5018
5715
108
309
3759
2260
3578
6498
4292
6284
5972
6476
3081
1218
6
6247
5657
4310
4067
6812
1718
6218
2313
1475
3272
4691
4872
7275
170
2356
1428
4989
3459
7106
21
7443
6542
6506
2952
4217
2231
4988
3310
394
7469
4309
5622
3875
572
5187
3266
7301
1541
1558
4573
505
5844
6448
4431
4611
2809
2030
1486
3727
2112
3764
481
7701
5888
4735
4790
7503
421
5570
4185
3880
4017
7253
7514
1135
246
2546
6088
7955
1710
1238
4472
3596
2678
6193
2688
1239
6572
1635
1950
2047
103
6445
3841
6635
3372
7572
4179
5227
513
926
6802
759
836
4073
2097
5122
2845
3968
1476
1193
3078
4378
4773
632
1927
6577
5855
1463
6202
3282
7200
4416
4754
4957
279
4529
3908
6588
7965
7659
7062
1085
486
6343
6521
6902
5218
3624
259
5614
4304
7570
2056
3566
1915
2907
1659
3337
4347
2508
2079
2483
6487
1402
134
2418
5543
2148
508
6598
4564
7817
4274
1842
2602
6730
3156
2275
1261
3212
4421
5999
4745
3526
3200
3527
7736
673
795
1111
1627
3783
6689
4508
4533
4361
3018
6017
6708
6674
3078
7111
4676
2342
347
6363
6166
7371
4306
7272
2326
67
7506
7475
5388
4157
995
2282
6555
2755
1793
6215
4034
6361
351
6365
5297
380
2057
4937
4044
6850
1267
4444
1988
5980
7378
7976
5452
2059
3670
3093
3819
353
4836
3020
6631
3259
5631
2194
4708
1085
6301
7199
7307
4477
1233
6048
3892
848
2380
816
5460
4826
4631
6616
1982
679
5007
2403
2702
4904
3851
4660
984
2423
2948
152
232
7000
2964
1818
1583
3668
4860
4317
2667
2924
7393
4998
948
3498
2826
5736
5836
1463
3600
6501
2437
5502
6069
6635
7969
5164
4273
1550
6989
6761
1463
6135
6822
4225
6559
5239
1189
7989
7402
1913
4725
3468
3123
2956
5378
1378
5340
7198
4642
3249
4777
631
517
3368
7174
6693
1651
6609
1166
7204
1289
725
2548
4877
1371
7602
3079
6879
2496
6478
6779
4230
6658
4839
4390
3908
5684
6147
1624
6897
6242
1789
6452
4117
1175
2438
3897
7217
2108
591
4054
3476
5018
7269
3582
7094
6057
858
36
6880
6004
40
382
1334
6186
6432
6549
1598
311
1330
2568
3789
35
6944
7598
4277
4488
5859
3898
7891
2368
5626
5648
6514
1314
3153
5601
1189
4313
6116
5216
5254
4046
7916
3865
7631
5909
1720
7581
2630
6084
6720
966
7211
7281
734
6858
4135
257
7542
5963
2448
510
2264
730
513
261
1518
2737
3719
6466
1368
2975
5808
454
6055
1925
2061
7036
194
3694
1295
6928
3157
6457
7098
2823
6535
5677
4449
964
5062
7680
700
3364
5484
5607
3634
3617
3735
403
3501
1053
3023
4082
7516
6321
2872
2292
6346
4250
1350
5031
6829
3847
4333
3712
2384
7370
2334
4256
3048
7002
6391
6017
5871
7004
2735
3589
2527
3140
4015
3798
4745
7525
5539
6483
4521
799
5714
329
7023
7928
7243
292
6303
6156
7034
4707
3983
5742
5472
1945
7462
6585
795
4271
3164
7890
1219
535
7425
626
56
6677
2589
7851
4911
6028
256
5526
1832
3177
5800
7257
2927
4692
3069
1298
7066
5039
3072
1202
7246
3052
1723
4393
1502
530
5658
955
725
3665
4833
6021
1693
3405
5959
5432
3408
2426
7918
5854
5399
5721
4918
5735
6087
7187
6960
4980
5379
5589
4726
4041
6671
5068
7874
7896
3960
6987
4911
5392
5916
7275
7049
725
393
1776
5271
4455
332
5030
4059
916
3024
4520
1228
865
986
2463
5353
31
4841
2395
7306
5143
5753
6953
5888
3520
7399
6753
480
7352
774
6161
2896
1140
4707
3033
1324
6171
4220
7311
3863
7330
637
5371
2116
289
2664
2326
5637
4084
7226
6944
4119
3557
5230
3254
6794
4141
901
5612
4419
2242
1358
1830
7368
4681
2598
2764
3850
7327
6187
4664
934
1689
4621
3307
373
3562
3500
343
2763
2658
2567
3750
5788
4437
2644
4126
6533
1284
6528
5286
7129
1325
2904
3678
1329
5903
3182
6939
2343
6916
5005
6355
6112
2259
5329
5518
7617
6479
990
7294
2568
6163
7001
7823
7602
3731
4836
2015
1206
3705
5410
6600
3428
1400
7594
2854
2957
7573
7786
143
6659
696
400
2106
3400
4373
3292
312
2183
7219
5202
7218
149
555
502
4407
5238
6330
4453
1627
7800
6103
6910
3924
2555
7262
3793
2692
5994
3764
6337
1714
7665
3753
786
3816
4551
4127
7063
7767
70
4937
1668
1476
7207
327
541
7538
6664
3811
2351
614
5227
544
6493
1232
4609
4974
4573
2965
2743
7596
3414
5569
2326
4684
4474
626
565
899
2110
2760
3762
5185
1874
4323
7427
1998
7822
897
5809
4383
5875
4427
4714
3223
2842
3183
3040
6467
4640
6780
4704
63
7710
1657
2914
2744
4472
7225
6067
6412
676
7212
7460
7582
182
844
6422
1481
1519
7574
4246
4521
601
6873
4590
781
2738
5055
5769
854
66
5228
3791
7446
151
7407
332
1650
5086
6079
2279
1459
1017
948
4970
1302
1049
7035
1401
4862
1097
4866
2183
3683
4666
5652
2404
5595
886
7890
1837
2299
3749
3264
5795
7892
2523
6028
7127
7808
2373
1653
4987
3139
6685
6506
6064
4444
4919
1377
1920
7676
7297
6311
7616
3707
1470
7804
4530
2733
1010
7170
2048
3537
819
1961
1088
131
6125
4303
3689
2133
1141
6648
439
4850
6479
2838
4480
5238
7434
7976
6664
798
2391
564
1185
2860
5713
7544
3131
5284
4039
139
3029
6880
7819
5172
1275
3823
4658
5126
234
4522
6722
1275
7253
502
1356
2266
3295
7214
3106
4106
845
2550
4804
4658
6912
762
921
5646
680
3717
6843
5197
6749
5057
7125
581
4418
1718
4326
4383
7324
3532
3001
221
1709
5506
6456
4853
3047
3997
1361
4582
4500
580
6170
2044
1111
1044
4092
6779
7619
3638
1175
4437
2231
5415
4065
5426
431
500
6536
6767
848
7443
1340
6320
2677
4159
5593
4728
2330
6963
4226
2592
1319
4294
2175
3983
1026
3970
5615
3776
373
511
5080
3152
411
7124
5869
5617
3614
3656
2389
7320
3484
4328
6628
4311
6936
1827
2532
6354
7762
1400
5984
1081
4211
2924
6488
3729
325
3906
2933
5222
5629
3961
2799
7937
3637
1272
6965
90
3265
16
2695
1078
1396
6715
2533
1818
2469
3611
7168
6132
5155
7694
4879
4118
7885
5929
6158
2836
222
7990
7075
4798
3892
7682
7438
2729
7194
5855
6207
2958
5481
4391
3929
7525
3628
4156
588
6678
1886
7658
613
3188
385
3458
7802
1576
4323
3494
1956
1584
1926
2964
5166
7895
3929
3669
7442
5092
4646
7618
4828
5658
6914
1990
1015
1262
3604
231
1674
2011
731
5420
7412
7798
861
3961
5887
5567
3541
4969
5665
6893
5754
7244
6182
7632
7599
5606
5088
7088
1391
5449
5097
270
7708
7684
5371
6169
6710
1893
5285
6238
1228
2298
2093
4716
5270
7076
6940
5805
3278
4499
7848
6111
4197
2041
8000
5737
5468
1372
5918
1163
1271
142
1098
3376
5920
6188
4184
6935
2947
338
5519
3527
7465
2330
4044
6093
4686
7908
488
3911
4454
5643
5487
7504
7373
532
180
2154
4526
3253
1794
7398
1553
3711
7368
7739
7967
6021
609
2244
6117
5175
898
3080
3366
4381
7033
4216
4955
1866
6239
5637
3925
7800
6584
921
2443
5254
6537
4557
551
4097
4577
7806
1662
5313
5639
3171
7958
3306
5428
1177
6794
5914
3307
4438
4605
5337
1402
2788
3792
6302
4038
7308
707
3631
6136
1158
6260
7104
5708
1973
3085
4350
5097
4059
7572
254
2071
5599
7609
1991
4864
3180
541
3482
5784
6000
3442
6331
7144
2944
4475
804
7626
6970
1847
2919
4559
4283
3203
1567
3626
3842
792
5942
4715
269
7012
6393
325
5583
1171
7615
7455
998
2720
4883
5184
2229
876
4103
4894
4411
2065
7625
4954
6964
5148
349
4649
570
652
5591
7753
7561
7102
5281
7947
5019
4734
5175
74
1342
4714
2019
7019
2273
3086
7786
2422
7174
968
6812
1072
5174
123
7218
1898
2382
4458
6380
1294
3481
5852
2242
4091
5804
3345
7038
782
2435
1288
5212
6204
1204
2765
6452
6972
2055
2279
3747
6245
3805
7058
5075
7475
400
7443
4288
5112
3623
5908
5728
6109
3886
5125
3772
5173
114
976
1110
4295
1256
1151
1104
7798
7035
5458
6710
6927
298
879
3278
3540
5271
891
5214
5688
7313
1701
7435
4906
3645
3059
7535
559
6854
2318
756
1823
4689
1986
5426
7234
4288
38
5567
7920
3562
2642
7812
7191
5849
7082
948
7855
5732
5324
5950
7758
204
1637
5483
3331
2721
2859
4979
6510
2108
5503
3375
6301
6219
4283
5772
4270
2585
1202
6742
892
5134
1146
5694
3065
5892
5333
3166
1979
7059
1908
5212
3011
3321
7742
3766
3826
7805
7688
2886
4344
6829
4112
6394
2025
4580
282
7515
6715
3461
5401
3150
6204
3459
7390
2470
1036
7854
6417
5609
3831
2850
3226
4927
2093
2074
6015
5226
3460
6825
1281
1289
7993
3021
2158
7741
1703
2848
3170
2897
4756
4779
5952
785
5236
4631
6939
1964
3975
6103
6246
4627
4913
1431
5387
4405
2605
2656
7082
5040
2681
1511
576
98
3468
7883
5353
5439
2541
5022
3754
5778
887
467
2285
6004
1487
7590
4775
7649
7265
634
1111
2768
3860
2130
3115
5787
3638
2781
949
7282
1149
3426
3841
1649
1759
5969
973
5006
4265
3694
6985
2748
387
4797
111
2421
437
2130
4849
4347
2753
350
1704
7595
2173
1257
6330
2356
4775
5465
6615
5874
7614
7679
4453
2031
2499
3529
4144
5393
7154
3014
1993
3837
3140
1394
1599
4675
7494
492
4810
3092
1744
1212
6721
5202
5933
4227
7118
1094
2254
1494
5164
272
6944
103
2991
3233
4628
7416
5088
2241
6702
4341
7576
256
1145
6792
908
4020
6013
2684
5495
6963
4267
1668
959
4001
5583
4556
2498
6677
5779
4314
824
3667
4542
1432
3243
2803
6813
5796
6922
6145
6397
3046
3167
636
5954
501
4870
2935
7922
3587
2496
2367
5215
7809
1730
6479
2491
5799
7372
2431
672
5364
4470
4071
325
6694
6585
6884
7731
431
4574
7910
4697
2052
3032
660
4200
4232
888
2487
6341
4849
7077
2566
4260
7526
5551
264
1140
6371
7300
6789
4615
6599
4813
7156
2154
5145
7782
4918
2437
6486
4656
4001
5154
7011
3656
6348
4574
3310
1437
661
412
4414
5577
3665
2275
5473
3408
6311
6345
848
2491
1963
4062
306
6346
3622
4313
994
5121
4239
3159
3698
1539
4633
1568
5339
3564
2818
6084
3321
3313
7594
7889
7492
5236
3500
3411
3389
12
4873
7472
1755
1985
5824
1992
7561
4213
37
2831
4168
3445
4032
5357
2399
6703
5054
5888
6090
5730
4844
7375
7345
2126
6319
1044
4108
6406
1315
6801
3041
7682
1617
1298
7106
3696
2989
1749
1760
1762
803
6460
1784
3553
796
7396
7523
7001
5446
5233
2246
3648
7562
4644
3952
843
47
1390
7930
5415
2494
3131
5510
4124
7964
3421
4691
7412
3565
3416
6052
1850
7179
5525
6643
511
5611
623
1550
5686
1698
667
706
3136
5222
5897
789
5760
5464
1012
1270
2915
5294
4131
2471
6044
292
3451
2218
6690
6293
6197
2090
7216
4500
5258
6551
7664
978
2008
7744
6200
260
5814
1132
4029
3178
5058
7667
4835
470
3479
6378
1835
1139
1942
3568
7045
2142
3424
4195
3595
7691
7438
5451
1891
3038
4394
7115
5489
2618
443
2721
4866
2166
2341
6507
4232
1204
7751
7095
3002
2582
4550
6820
7283
4619
4763
731
7426
3422
2496
1692
6977
1227
2341
1536
1055
1670
7290
930
4877
5043
2747
6069
7712
5905
3093
5214
7128
3438
3956
6330
2370
3857
5757
3146
4355
1933
1892
6237
351
6284
7083
134
6677
3035
4704
7897
2259
7326
2520
6859
5750
5755
4299
877
3672
3504
6230
1912
6456
4438
4980
3184
5322
6775
1654
3802
3803
3324
1460
2912
495
7565
2886
4854
2269
7413
1644
4883
1743
3512
2457
7955
1246
3682
1682
1657
6693
4916
4991
3299
6231
4404
4903
2260
3371
2448
905
7070
4924
4465
7125
3146
1958
6817
3603
5741
5062
6816
5302
6869
167
3897
5360
5755
5623
2322
1845
3868
806
4271
6661
7868
4473
6473
5839
7898
739
6046
3183
2267
2141
2784
904
95
1320
1437
5190
5392
1573
5714
1284
1275
3002
2671
5569
4175
6941
7700
7908
3126
6717
1383
2632
3092
7279
1534
5806
1638
2252
3185
3748
6266
4058
1122
5270
7050
2197
1103
1419
164
3837
6876
681
145
7085
3379
5954
4286
4008
7791
116
4733
943
2131
3970
371
478
1932
4698
2504
7798
3461
7064
1250
4460
2643
2793
5615
4298
2775
2437
5426
384
7367
1743
5918
286
2111
6034
4702
1436
1053
