4155
21
6314
5007
122
2246
6096
5048
5086
624
7164
1202
3639
4188
7954
6524
128
4828
1764
762
179
4838
5059
6310
5769
5498
5235
5390
5994
3638
7059
7921
4554
4941
1497
1569
1031
7742
1661
2178
1335
2643
4860
254
7789
2773
313
1843
4062
1496
4871
3504
2479
2130
6645
85
3064
3020
4879
1136
1666
2779
5660
4785
2065
2107
4160
2680
1172
2528
2075
6805
1346
392
3666
2292
3544
1398
3360
4256
4451
5384
7979
5800
1107
2873
5249
5292
7876
3327
2739
1531
58
1463
1110
933
3094
2056
5904
6438
945
6122
1654
4484
2392
1663
2192
4397
4706
366
1407
6780
14
6544
4879
2532
2880
4342
5891
6426
1827
3020
942
4284
2014
6352
3396
3274
1766
3889
6848
3688
7984
1986
3982
3741
2863
4323
5847
4955
6205
4672
5094
5078
4697
4772
1724
4604
7852
743
7853
4436
7692
4920
4762
7348
3597
7220
5331
3051
2558
6340
4101
7611
4214
4295
853
4919
5468
1809
2921
3163
2660
903
7724
221
4745
743
7053
5692
4079
3092
3797
73
1339
4307
7458
3233
473
1505
4894
3015
1305
1293
3897
5825
7826
4562
2956
4779
6150
2603
4481
7796
132
2939
7270
4297
1607
817
6529
1304
6551
7313
5518
5824
4557
4532
958
7306
5252
5875
4415
7895
1732
2372
6545
5043
5493
4460
7967
7952
3259
1330
417
1388
3938
5318
7154
2759
2779
6316
2150
6033
3266
5816
4839
343
6580
4541
174
878
5778
3498
5112
1369
3165
6060
3748
2989
3445
4883
5033
6324
2904
4765
2045
725
652
7052
6528
7924
2808
3570
7915
4992
4387
941
4706
1428
6739
660
116
3843
4088
1450
1767
5618
4633
6552
7140
600
2016
891
2267
4312
4337
1131
6143
993
2719
7095
4973
5856
1300
2049
4091
4493
2329
5799
1015
5040
7924
4332
4263
5867
3469
1458
1886
4496
7884
43
7004
1485
6227
5123
6049
7679
1730
3118
3934
46
5901
2661
1630
4710
1681
888
4591
2708
446
6066
3595
755
6452
4594
948
1582
5314
1878
1889
6722
335
4479
834
999
6948
4345
3443
4102
4338
2329
6171
3902
3890
2063
2616
1167
1760
5629
4607
4513
7622
7412
204
3460
1040
6290
371
3230
5072
6142
2062
292
6206
2525
7928
4399
350
135
6282
4089
3246
7933
362
4414
1002
6083
4626
6875
7811
315
1952
2631
7350
5092
998
349
5421
6056
5343
6207
227
725
211
7060
4692
3228
2154
1182
3455
6807
3181
3881
4855
1060
3174
1684
3157
3865
2005
7209
2978
7862
3501
3745
2589
3676
2614
5107
4104
6002
3790
1840
2439
6320
3325
1554
4038
2815
1429
2742
3563
3828
5375
7719
5875
4087
522
2432
3131
1812
7756
4954
4463
7812
1216
1230
7226
3340
1534
4756
7020
158
2212
5069
1331
3746
128
4456
2797
1017
7446
6069
2988
7853
1830
4281
1719
3667
6064
4440
5129
7347
7510
6512
2309
4997
11
7630
2130
6182
6953
3364
6149
6387
4696
3606
2530
1097
2383
408
2727
6810
1059
7459
5390
3148
1249
5766
1759
4655
1055
805
613
3142
4932
919
3440
6416
2535
5278
943
5252
2182
5587
139
2335
1389
7711
6728
3898
4659
6053
1042
3911
2832
7174
6673
436
6540
4202
3406
4235
7659
6641
1357
3299
4767
4921
3267
7567
4306
4922
6405
1428
3828
6377
3540
6369
689
6594
686
1933
6185
6302
3463
3364
3531
4283
481
1667
3324
6870
669
6529
6584
4481
7056
760
4932
5903
5034
6251
7342
768
4898
432
3217
1575
3134
3596
6027
1481
2513
1113
4528
4518
6760
4206
522
4268
3539
4567
1750
2740
1324
7893
4214
2262
3340
7631
5204
272
7052
7748
3250
3175
6362
2048
7267
3187
1656
4095
601
1505
4497
5558
6777
6182
7428
6782
3436
6307
2272
7583
6931
6934
7479
5431
2990
4554
5824
7954
4970
4650
1336
5374
5638
7960
2157
5630
788
4614
1235
4374
6212
5113
4762
2234
6372
6757
3166
7989
1467
6084
3250
4033
6035
4172
498
89
3642
1690
1574
6484
1101
4992
6041
130
1069
4784
1580
1448
7330
696
5628
7128
6549
339
7374
5093
5877
4903
7480
840
2243
7220
4108
395
4487
5792
1387
5914
4573
6235
6940
754
629
3792
5733
4754
190
2107
2776
6911
6752
3622
4403
7883
7696
2371
6247
5559
4375
3478
7333
655
7679
3107
4619
6705
7225
7792
6756
1557
7651
4787
1068
6851
7805
7010
4580
2332
983
6026
2429
5902
7376
3025
2467
325
2857
4901
3243
1371
6732
1583
5273
7485
6360
3794
5611
6012
3469
7204
5672
4957
7400
5808
4421
417
7285
7049
1681
1443
3913
6956
18
2565
3445
6960
2012
2732
4360
4225
1362
293
4139
6811
7336
361
4655
1581
3170
5267
3173
3630
3924
1723
3146
3742
7651
7932
6528
3472
4432
2708
965
6316
6575
3724
7747
6929
1224
6613
2877
863
610
6144
686
6491
89
2320
2025
7682
5157
5364
2952
4294
2960
5246
526
2766
1119
5390
2946
6679
5997
2702
7329
1119
554
846
5769
3235
6902
1523
6759
3351
3971
793
6443
6676
5086
2561
7818
4414
4282
55
6937
2162
7059
3773
5781
1189
1916
2614
2545
2709
6470
4042
4118
1893
6774
4835
4847
118
6178
2356
7810
7951
1023
6418
2232
5254
3657
7705
7733
3358
2622
1936
5584
3207
43
6195
5946
5920
4660
4927
3424
1309
1459
4262
7335
7461
4632
4288
705
1950
7184
6850
4315
6430
7282
7147
5679
4833
3086
7434
1990
752
1315
3425
3640
7179
7772
128
7497
5869
6615
4876
1342
603
6773
5857
610
911
5417
124
1982
3068
5993
1498
2587
297
3409
7285
242
2031
2279
5102
2519
4542
2329
5739
1074
5859
4741
1858
4924
977
3760
173
3675
1942
2957
1976
7804
6438
2453
780
3759
272
7706
3298
7124
5643
5911
7945
7566
6792
2284
3628
7174
5467
3046
2259
4724
167
3211
263
6405
5783
2586
5118
7577
5952
6060
5776
7143
7176
2957
2171
7528
2444
136
2092
7414
2537
7126
6002
4194
3471
1765
7584
6105
1274
3494
3368
109
812
752
4931
2196
6431
7158
7422
4355
6177
6167
4925
1944
3743
2845
5013
2210
7546
6483
3447
6382
5604
1765
5191
1331
2970
2815
3689
5396
1017
5662
4381
5862
127
3292
7544
7029
3706
5485
1833
7283
5417
2808
3978
1908
2953
495
735
1737
3772
455
1185
6673
3975
1144
5478
6632
3190
1003
6913
4725
4234
7818
2945
1038
3562
2045
4711
6094
6353
5065
4842
548
5831
1282
7088
2495
6277
4913
2179
3399
6069
7738
7655
4370
4247
5703
2045
7761
7082
2376
3142
2333
3386
278
409
2359
514
825
476
5224
4515
3094
7616
3672
2532
4349
6073
1767
2681
286
5841
2721
2048
5490
7635
2508
876
2360
3683
4674
7778
2684
7357
4597
2821
496
6440
7281
7179
150
2733
3255
1963
3429
7089
6440
4912
7517
2080
3526
6544
1704
942
1059
2489
2160
2788
6442
2615
7319
3991
6186
6800
4091
3879
4400
6
4631
4706
4792
2763
2105
3193
5712
6334
6377
4812
6013
413
1186
2388
4674
2849
3158
3953
7903
867
1557
3663
1789
7897
7687
5820
2590
4240
7668
3539
6324
1399
6715
1793
5389
7666
3928
7976
1894
2318
432
1072
6253
7654
4622
5807
1270
2586
5187
3185
271
2827
3365
6700
832
2878
2732
3039
4837
803
363
164
2292
4055
6581
973
4819
1477
4528
5251
2196
2210
1355
2009
4322
6342
5386
5846
1289
5194
2491
5858
6982
3216
5640
2249
468
1338
4922
5114
7224
1750
5276
526
513
5351
1800
690
7039
2329
4628
2441
6009
6458
5838
5050
228
6051
1876
6499
4839
3265
5162
3609
2580
7858
5331
90
3130
6738
827
4648
3945
2867
5229
5564
7782
1267
600
6179
627
3692
1853
2041
7632
4914
7949
7433
7524
7179
16
4137
2019
4542
2573
3246
2992
7631
3770
2677
5064
172
5865
6286
3658
3175
702
4448
3065
956
792
5055
6757
6088
1496
298
1614
2437
3105
7504
6495
4097
4027
7540
812
1120
4548
4973
1135
5014
6825
1262
6529
4868
670
4515
2322
4845
7884
2226
7524
3190
2689
5632
3132
3856
2848
849
6219
5029
5223
739
938
4596
3095
2208
5286
7415
4119
1258
566
3617
7166
713
4470
7340
7960
6972
3256
5265
6430
2640
7937
6764
7102
4181
1239
6979
1088
3409
3028
2787
1215
5138
73
3761
5325
4406
6202
7955
3605
4059
6238
444
7611
4961
353
5904
6013
2613
1468
6403
2142
285
1164
7156
1041
3165
5835
3358
963
5039
3204
2774
464
7388
6560
5789
5457
3323
2748
634
7226
573
2454
5806
2633
1194
5522
2557
3706
1420
6181
7310
1755
5111
6724
3173
3567
495
4382
2208
5546
3475
3815
7294
1946
641
1054
3047
4417
1746
4119
2064
4899
4754
1949
6448
829
4539
7810
3736
3410
3410
5753
5843
4784
4459
4110
242
6223
5876
1711
5791
7092
3609
696
4990
5554
7468
5582
5248
5548
4655
7425
414
5136
4380
5724
7017
3945
6489
1780
5761
7303
6467
6144
7148
5201
5631
7020
996
6908
7926
4019
5781
6335
6191
5793
2752
4781
4432
7738
4091
7820
5257
7703
6088
4911
1056
4996
693
6578
4638
6435
3275
6382
974
5407
166
5443
655
172
2228
6037
2746
6278
1271
2703
4670
32
5931
7174
4915
4893
1912
615
3731
1685
2631
4273
1986
342
5855
5396
995
2500
3601
928
686
5088
1634
3934
7809
3318
2504
6135
6830
262
7182
4424
7424
7546
6465
4913
6118
4129
5585
1219
7609
6196
497
6818
563
3681
6365
5226
31
3196
5737
328
6586
419
416
6641
2618
1244
4291
900
1422
7478
2856
192
1110
4943
2883
2730
3823
5032
5815
5036
306
1478
4693
3665
6765
134
507
652
1358
784
4026
6390
283
2700
440
1085
72
4282
1315
4451
5192
534
1362
6876
3678
808
1962
7147
3193
773
4936
7923
7665
5451
4148
7686
5539
1901
3933
3025
3194
4943
6721
5333
4301
4914
4721
1228
3371
5619
7221
3164
2499
5619
6077
5674
9
1105
550
4851
3618
6548
1499
797
6400
3906
1571
7449
5954
7542
7700
5381
2633
3912
1108
6349
6005
4936
7155
3475
7837
3290
1419
4326
3919
5072
1629
3739
4066
6670
7030
2228
3109
7533
6534
4556
7439
4491
988
356
2237
7193
2890
1525
870
2285
1654
1090
4747
207
5185
4667
4063
4897
5059
5082
7680
3501
3002
7680
5715
6714
6520
3966
5048
560
1448
4690
7096
950
1089
7542
3202
294
3865
5563
3767
5572
7102
1226
5248
2090
1493
1082
2913
7368
6098
6307
7115
3561
3673
1323
2916
6114
951
5852
7501
4485
3747
833
6732
5795
4424
4223
6027
2425
3148
3272
6840
4664
4892
6957
2544
7456
6697
1131
4735
3183
1618
6750
7439
5081
5976
2225
3754
7104
2852
3056
431
4551
119
1766
4662
3625
2097
7690
715
121
7061
5313
1075
928
3980
6946
4741
608
4557
5184
1713
41
2453
3990
7102
3106
3239
5606
5925
2048
5006
3667
1405
1063
7841
6004
6985
1298
4599
5863
6428
2458
924
7245
388
7139
5060
4069
7907
657
4519
7472
329
1355
6977
1578
522
7948
1425
4466
3663
6162
6832
6082
250
1298
4655
387
451
3456
1489
773
4502
1318
2532
4440
3099
7005
6294
5292
3855
398
2801
3355
921
6477
5810
6326
3664
7825
2387
6722
2461
5960
766
4646
1305
1963
85
3387
7888
3707
7694
5032
1089
3006
4633
2152
3827
1341
824
4449
3257
850
3562
1477
2822
5205
6555
1136
7814
453
6494
1045
2647
5794
6887
5619
6994
2910
4923
4948
5786
2634
7144
6482
1684
6535
7062
7833
7964
2134
1524
6225
3810
1942
2764
2177
5651
7444
1098
484
5830
4832
7383
3386
3119
2383
150
6160
3894
5847
4079
4507
6535
4728
3916
3389
368
3633
5639
6147
14
2298
1522
4645
4523
2462
5380
4887
605
5298
5258
1509
1170
7166
1354
1738
5169
966
6951
255
7886
1813
4001
5936
6517
7948
6217
4724
6271
1110
3145
1132
5913
3878
4142
597
104
481
1432
3743
7610
7019
4001
5303
3883
4640
5032
5368
1532
3931
3816
961
5087
5474
781
2543
2385
3002
3498
1377
5144
4702
2987
600
4249
1967
7614
1669
769
7741
2619
1740
1249
6117
2245
5234
3148
1134
533
3721
2725
7557
1651
4224
7127
4362
3590
7277
2134
3140
2221
1481
7918
5044
4861
3117
654
4467
2585
6710
4072
7501
4756
785
2452
6434
3981
4915
2803
1017
1388
607
6184
2828
1458
6350
7974
1785
7553
1614
7255
2306
6245
4926
7625
3144
5164
6482
2939
2622
943
3598
1740
3924
1677
6701
4181
5091
7383
3993
7737
4838
7238
2470
3966
5223
1203
2181
3094
1355
6452
7774
6238
4499
3490
4988
3843
1990
7340
5214
6248
5788
6392
36
3784
2856
6734
4580
3156
607
7472
1873
7744
4874
578
7072
206
5493
5928
7144
1404
3647
4464
2262
4733
35
2955
6206
5067
462
7730
7309
825
5332
4381
5514
7220
7892
1756
896
3729
57
332
6747
3701
4562
3148
568
5933
863
7529
3743
1236
76
531
5985
7053
1302
1670
4368
112
1421
1246
1239
7546
3277
2882
4134
1271
4630
2978
6706
2939
2997
1499
436
5926
1032
7099
176
4112
2875
3269
1323
7614
892
61
6247
4556
1073
4565
7194
2991
3504
2464
7558
191
3784
6615
2235
3664
4241
5233
5079
6207
175
4986
7795
6005
948
3600
4317
6898
3511
3092
6801
370
3568
7487
3419
3111
5141
163
3630
2562
6822
3185
898
2272
4355
5552
7084
5224
696
2587
4892
6130
5863
4229
4772
3605
6149
1247
6391
2735
3390
1544
2757
7609
2351
435
794
2681
5281
6242
6420
3757
7410
7623
4261
1110
6457
4774
1100
1155
1482
215
4227
892
5669
6365
6076
2849
949
4414
5206
4706
4261
5730
522
3985
4671
4810
6808
4195
4093
37
4346
5269
7434
4161
5683
4312
6680
7571
170
687
4241
5540
472
7178
1621
4942
5995
4276
803
4835
3438
2129
4537
2052
690
345
142
193
5847
7824
5041
918
443
7779
7208
3940
3860
710
7297
3467
4192
1337
6020
1510
2155
2470
6677
3216
6633
2343
4113
3766
5306
7954
1089
4743
5518
6750
7370
4774
1450
6964
4907
7397
5787
4118
4832
3567
4744
2199
1064
6786
558
1889
2167
7893
7321
5311
2761
4594
1504
2061
1478
490
3289
7698
6329
5361
3734
5756
3261
2816
2076
4654
214
6597
2473
986
3172
5430
5545
3294
1605
4391
470
6993
4003
3352
6720
6463
6911
1311
4386
4474
4301
1816
407
5737
2629
4244
2051
842
3569
1681
7532
7413
294
5269
6376
7641
3039
3014
463
750
3718
3419
412
2398
6691
1810
7832
1214
272
1416
1623
6508
3516
4756
4013
995
2886
360
889
182
4492
1506
3459
1114
179
1354
6105
6258
5165
5318
928
3956
7655
6077
4993
6819
3697
721
4628
3891
7871
1423
1449
7128
2216
2464
3689
3575
4678
3393
5279
4759
7368
7774
2801
6344
3706
1190
4370
5312
3938
5791
6636
3036
4192
246
4896
2411
7784
1940
7452
609
4347
7088
6762
6768
5230
1952
2323
7035
2568
1116
7024
5701
971
3870
3091
802
5367
4688
4638
4729
3087
6157
7300
5612
2685
1061
3358
6137
544
1942
6543
4591
2279
4792
7893
2171
3171
1520
7345
3786
7188
2525
7494
6705
1056
5574
2317
17
3819
6568
4426
2976
3364
4080
3150
3498
2781
4212
6992
4940
5240
7228
6661
5728
2106
1406
6593
3653
944
322
7675
4907
454
5446
1419
705
3029
4693
1834
4380
3228
6616
6988
7472
6225
6089
6404
4139
3374
4407
7837
3169
5330
5628
156
3033
2584
3619
3090
5963
6230
4949
6182
3223
1847
3683
3861
2329
5392
5610
5856
7035
5223
941
6594
7386
3432
7149
5258
6569
2755
7579
2235
847
5253
6957
3910
2920
1993
6796
7272
2581
3577
2520
6567
202
6232
3055
5619
1253
3327
6368
6251
4869
5631
7496
7900
3867
713
6054
4907
6405
6402
1600
2200
4442
807
286
5925
6525
3042
2660
1845
3397
7760
2341
2692
2973
3325
1513
4392
5742
4746
6485
2221
4142
6988
1871
1783
6813
1237
6531
6200
4102
6718
2273
69
7647
2064
6591
2497
4307
185
6262
5967
7888
7735
7982
5378
227
5714
3763
1288
6763
7274
7111
6984
3787
110
49
5487
269
7631
1973
295
2865
2441
3969
2492
4939
6274
6319
7968
2963
840
5150
5719
1046
1698
5343
3255
7238
7476
7354
1522
6926
609
4699
1846
2087
577
3059
4220
2456
4635
5651
1765
5813
2561
2975
6789
3538
6890
3958
3689
441
3665
2319
6542
6550
3285
6307
5256
3797
3544
30
2794
7558
4840
5435
7624
6101
3034
1589
7175
2357
7520
1295
1792
680
1722
1689
381
1233
385
2483
5370
3037
1133
3613
2355
3783
151
5974
3675
5088
1919
4000
1293
6739
7349
4150
7106
780
6587
4859
1430
7227
5865
4603
5611
7819
2478
4118
3869
7918
1379
3946
2885
7730
1326
4643
3336
7823
1709
5017
1071
4518
6867
5063
7910
6346
6049
7041
6880
4092
1681
856
952
7155
938
2607
3932
5469
4983
4260
4183
7772
3001
188
6108
3670
2223
2134
5710
6728
3561
1386
3400
7944
2696
5950
1583
7741
2113
1398
6855
2273
2547
945
1114
6910
2533
5168
7357
7964
2132
3601
3657
3468
7381
7795
5092
7165
3613
2437
778
6811
5746
3294
7330
1160
4253
6059
7813
2863
5421
6759
6570
1425
3746
2989
7853
2412
1553
6678
4565
268
4413
6100
3159
881
7556
6745
1450
3199
220
3079
7392
7110
4704
1884
7117
3514
4497
5843
3853
459
6209
7240
2898
1119
425
6723
6279
1388
4014
3017
4612
6180
7841
3015
5490
705
2205
5682
907
4922
6085
1945
2948
1990
7548
3729
6404
710
2436
6670
2714
1306
2082
1407
7908
6329
753
7157
7370
2552
3782
3806
6980
3740
3366
2165
6945
1358
2913
1564
5130
1746
5120
5273
6908
416
6460
2852
5746
2193
7288
3943
6060
2995
4611
505
6731
1648
2314
5719
4993
2279
1285
2295
7148
3886
3333
7809
4372
2066
3724
3460
4033
7560
3521
859
1379
1783
805
5576
7581
2553
5720
1843
4783
7230
5186
6167
6165
1456
5240
4824
2242
4671
492
5111
5216
165
6009
6963
5539
5377
7997
5202
1856
504
22
575
2794
6667
1542
6493
3776
300
1893
5716
7887
3319
5057
6046
4238
4484
1565
195
2536
1721
6775
3686
2438
947
5265
5506
5715
5389
2379
5141
3272
5390
6865
4804
2160
164
1261
834
714
7490
7959
41
6545
5200
5678
3541
5174
5981
3185
5194
4565
4012
3647
6006
6692
138
2231
1158
5070
2458
626
3494
384
2964
480
5922
5986
7816
1991
6487
5539
2398
3832
5061
2278
1904
4145
4736
4100
6672
1637
1117
123
2038
266
880
1528
3964
3491
4852
4437
5570
4600
7200
1491
7180
2529
1887
5942
3387
7521
3628
3592
4714
5798
5321
5738
3850
482
4607
7692
2964
496
4551
2786
3824
2092
6873
6544
7131
761
7804
5464
365
7884
5885
1946
5920
2663
299
6736
3828
898
143
334
7509
5977
4531
6789
948
4693
2800
7969
1411
4193
4066
7779
1726
5387
4813
3840
1086
7001
1232
1654
4772
5415
5039
2517
4797
3637
3917
5385
6491
7650
7852
5389
2368
3045
4533
3390
2370
4865
2398
3087
7257
4187
4653
2121
1266
1704
2282
4478
1354
3777
535
1834
5292
239
110
1662
7177
694
6147
7111
619
7449
477
1167
1926
835
5570
2550
2097
489
1005
6770
1576
6491
5241
2453
5228
7708
5827
5694
1558
6510
3602
340
1416
2963
3485
5850
4419
631
1434
3006
6751
2335
2031
4141
6930
54
3926
6286
1079
5197
6549
7120
6071
647
2252
2819
1081
189
6925
7906
7641
4301
1178
7705
4681
3171
7364
4576
631
125
4635
6403
6614
1029
604
3263
871
6962
2982
4096
5266
2883
2092
7120
6649
4848
6770
1770
5615
4489
3537
5694
2349
1576
3283
6206
5470
5516
6680
4187
603
5245
2610
3784
1487
6857
5094
7472
6186
57
2647
5378
1201
4322
3593
4717
2257
4298
714
5012
4321
2463
6020
6273
3753
827
1542
4747
5164
6120
1115
4814
139
7934
3282
4417
6027
7790
2223
4398
3554
7311
7585
3951
2274
7436
2717
3206
7812
2178
2819
6723
2509
7869
1223
4387
3204
1455
7395
5821
765
3477
4056
6253
2201
6091
1325
2983
2838
3862
7017
1148
7655
1433
7909
5580
5434
292
1685
7789
5072
5612
7396
7476
5941
3683
7053
7538
4885
3147
5309
7459
6760
1525
7336
7321
7766
2703
6437
7798
2177
3389
2832
4449
2991
3458
2547
5656
3543
6325
5961
7691
6200
4290
6801
6615
1623
4217
1216
1420
6447
6381
7741
4155
6217
6626
3109
3055
4545
3604
1904
4145
2411
225
2710
6441
6152
2708
2267
2869
7377
4838
7667
4343
3013
6226
1837
5938
4747
787
1116
5054
5817
3109
2578
6529
3276
7158
7157
6876
2135
679
6221
3505
1185
4313
164
7798
4186
2908
5393
1071
1964
3477
6996
1677
2898
4846
7379
7889
2616
5926
2918
4881
2719
653
146
5768
2856
7041
763
6192
1841
4596
2777
2074
1486
4583
1728
6327
2078
6711
307
2825
1263
169
952
2691
666
5115
6602
4192
2669
279
5069
1812
4366
6772
4229
3201
3127
4517
2974
3300
7019
6682
567
3033
804
1445
6032
6364
4511
2758
4957
3577
4375
1704
359
6640
2597
5651
1734
5052
7681
3044
7662
1275
5620
6587
304
5484
1556
1493
2949
4667
4201
5159
3450
3157
2700
7376
4704
7097
1068
5300
1156
7292
6097
1542
822
3577
4643
3808
3809
7807
5772
2427
357
6707
3663
3868
675
799
7210
2579
667
2368
5277
2640
4723
2770
6264
1601
4955
6171
6321
4305
2968
7089
7050
469
5131
4364
6329
870
2540
6657
5264
7506
6918
6222
4177
6854
6998
7564
7457
7826
6016
232
5696
7425
7910
7753
7609
4433
3631
6393
5614
2769
4073
5624
4804
878
3684
71
845
1164
1829
314
5676
3012
4717
681
224
751
835
2423
5135
7107
1069
5839
1712
7223
5072
2718
2480
1693
7615
7808
4617
5016
4948
5305
5091
3633
1294
7592
3758
3993
1469
635
4935
5843
335
7243
5116
4979
3978
2422
5741
2820
4441
478
381
1744
4542
6802
1185
1123
7254
3893
4926
5532
1950
4239
2876
292
5507
1947
5129
4569
2561
5289
6381
5361
2685
2843
1242
7059
6075
2490
5346
3234
3996
1070
2827
4565
6000
5462
3336
832
4652
2948
5907
6969
1607
3652
2979
1918
2529
5625
3825
2942
4827
35
3033
1315
213
7124
5571
5403
5211
5502
473
3096
5179
7077
3115
6781
3581
6205
7499
5602
6356
4406
7457
1481
2547
5168
394
6986
4250
5913
7721
1352
1718
613
110
5046
3413
2713
5665
5192
975
3914
7312
5056
1117
6161
6973
6617
7034
1123
60
2592
226
2482
4026
7905
7751
3988
4021
4734
1275
5009
2833
7651
2265
3929
4858
3747
5601
4721
7750
189
6768
2336
5332
7718
6977
2427
3191
2552
7665
2268
995
4394
628
2995
6480
2407
3600
376
3843
380
3339
609
1288
7121
689
7569
2423
302
7939
7284
6160
3974
350
1266
5440
2640
1188
784
7401
5279
6152
4020
2226
1959
7206
5320
3406
4843
904
3044
1390
2917
7844
7936
2879
3840
4124
6682
6137
7658
4290
3715
4081
1079
2718
852
3631
909
683
3717
4469
857
25
7659
650
6427
7686
7358
5917
1693
331
7675
7089
1404
3720
1665
1519
6575
5111
1866
4625
1656
5110
7508
2716
6755
6892
1756
6993
6788
2078
7056
1365
4468
6295
2072
3798
7476
1549
7497
1473
369
6903
4281
4911
2933
3201
718
541
1462
6897
1853
2173
3609
2541
7380
3289
3871
13
555
2597
6808
1670
3501
2046
94
188
826
7283
1325
6513
575
152
1072
662
4404
18
3629
5722
1164
3495
2293
5168
4459
5425
4871
5244
3276
1036
2082
3923
2583
4432
2700
1644
7369
2145
5325
1776
6888
2138
2628
7322
5374
1055
3454
6635
7017
6134
1786
3403
188
4121
5040
6625
3578
5869
4935
1906
93
5587
3570
1202
7768
1877
6621
415
4623
5692
4082
1240
3155
6407
5214
7842
2115
7145
7031
2815
5783
2256
7395
1820
4057
7776
970
5339
7902
3122
595
7340
316
279
7946
2010
6560
6521
3573
5791
5894
5455
5635
2044
4859
4299
7214
5899
2332
7195
2889
5132
969
6028
4309
1935
1492
7059
672
1322
38
5384
4676
483
231
357
3480
2059
619
6517
3369
1604
4290
5011
4989
5740
7708
173
3297
204
4231
1564
7156
7804
1894
7544
6718
2435
6362
6256
3448
4972
4010
7819
7983
4638
8000
6531
7346
518
3207
4097
6786
4959
367
30
7765
2829
862
6412
7247
784
7329
4086
5103
3664
2785
5770
3344
5088
1943
5798
133
2396
3372
6790
2344
1599
900
3781
5725
2837
2095
68
7202
220
1138
1266
3850
5811
3954
3159
5529
7851
5687
5838
1276
1437
2534
2154
6485
898
7818
3892
5835
4861
6207
6392
7801
4571
2267
593
4557
1894
6931
5747
1993
7546
7291
5037
760
963
6468
918
6587
5957
2889
2467
2604
1561
1830
2320
3538
5118
1732
6222
3224
2715
7290
5527
1310
2269
1986
6914
4408
6259
7328
3019
5711
1895
4300
4828
1707
6325
2000
2757
2432
813
2650
4484
4716
6828
5454
2483
2355
3820
209
1055
7082
3417
1707
1686
7310
6030
355
6239
4942
3591
6298
1384
3366
5699
840
6966
268
2661
5384
3903
6797
6398
3337
5313
4411
4285
7513
5424
943
6846
2088
4580
2595
5889
5478
1215
6159
5931
5229
1960
6663
4612
7626
1850
4545
5944
7773
6958
433
7029
7795
3332
6850
3695
1905
2095
7925
1040
2216
7932
1583
3412
2558
3437
7745
1439
2994
7880
1572
1679
1543
4576
4745
594
1992
4113
6164
1220
1262
7671
4349
1425
7405
2809
7570
5939
4322
1384
99
7987
5237
2964
5785
2773
5602
1214
3591
3922
5680
4915
7931
7814
3213
3196
5471
5577
321
7982
5985
6816
5359
5199
5594
6740
6602
4750
894
954
6031
5012
249
1487
5273
1317
2338
3335
7252
2599
2269
3741
6551
427
6133
5872
6268
3028
4605
4840
6936
3190
1580
7817
73
3566
7008
3435
5197
2949
3373
6186
4567
3665
508
592
4005
2214
2781
1310
7778
6093
916
3118
5309
4883
7518
3654
520
2928
2014
7818
6363
4642
5629
740
6378
1923
4422
7114
1547
3142
896
3516
1149
561
453
3727
4445
4665
6549
6802
100
2187
4042
6438
7559
18
2320
1240
4006
6969
4554
715
4941
785
5423
6325
5161
5141
5779
7674
6547
5442
5759
740
1365
5900
3773
5634
1882
3020
5366
547
7465
2136
5733
840
3227
5243
954
6481
3715
242
3800
1675
6419
7314
7261
1501
1064
2933
4769
4935
336
2556
7188
2407
4279
4126
925
5937
1965
7977
6596
6666
1345
7675
7024
5993
5761
5931
4075
456
5853
4686
2521
7762
5916
521
5761
5945
550
5241
5149
4913
2938
809
5741
4561
4175
5317
4809
6010
1073
3239
3292
417
7668
3664
6103
3254
1391
1869
1193
2665
7615
5885
353
6772
5099
7826
1277
6154
5706
5419
2859
2938
5555
7998
5973
3335
6665
271
5699
6251
4655
7591
4604
235
522
3362
2635
2260
7325
348
968
6782
4321
7709
3640
2241
1907
6753
6925
881
1251
1424
5077
2546
7088
5459
5981
1830
7296
3921
1117
6352
6028
6442
4159
4334
3866
2177
1624
1548
6813
7001
1649
5684
1790
3549
6573
3781
4792
828
6470
7067
4029
5827
2492
4535
3784
2791
2303
691
698
1536
2920
6541
2353
4308
6701
5226
6441
6114
6168
6623
3695
4429
1098
6442
898
6194
4233
6090
129
1129
672
2002
6448
1271
6652
6321
6658
5140
6081
943
1823
1369
7086
1793
2830
2336
5670
5007
7378
1324
6548
768
7862
2914
3451
5856
6466
4228
105
5228
6278
4599
2559
5947
5834
58
706
172
1438
4221
5097
2506
7291
3074
1023
2351
294
3108
5973
3764
7670
6649
2747
4267
5598
3596
6799
2041
4749
4285
4503
2233
2292
4007
3219
7617
3645
1166
1543
1468
7872
5644
5296
4681
5467
682
5219
6106
7346
639
1667
4932
5399
3429
5069
2674
1990
2868
4695
1741
6506
4214
4397
231
2573
4230
3969
6301
5774
7257
6650
7228
7315
2027
5376
503
329
1858
2476
7540
4250
5545
5037
486
5171
1232
3673
1938
4838
5592
5149
4073
2760
6730
97
2329
577
2630
7350
7673
1141
4536
2667
5456
3081
2748
818
3216
1421
4720
1832
594
92
7
1527
7184
666
2745
1351
4717
5366
600
114
7749
5007
382
5500
7080
2935
6361
5487
181
7680
3855
4409
4310
2149
4321
3683
2511
1369
5223
4556
2297
2838
1405
1348
2756
2345
2931
4393
3798
1311
5878
3332
3977
3081
5885
4467
3026
1061
4422
2583
811
5918
4457
1436
2574
7310
4466
1955
5910
6503
1176
2956
7656
1858
219
3140
5156
4759
5900
7302
7610
2755
4570
4165
2523
4600
5873
323
916
6273
3836
7993
7830
787
2506
4274
1402
4981
32
5450
6612
1847
4721
3109
5533
7510
1114
2801
3698
6928
4953
5640
721
198
6861
1700
5197
4106
3439
6897
4676
2619
3716
396
1763
834
7882
1204
2823
6936
40
978
2782
6564
3053
5044
2181
2772
3355
7244
1035
2535
2476
883
3470
6334
3295
2552
2497
6369
160
5852
7443
4741
4545
1727
6435
6995
741
6480
7395
524
5669
6255
1161
