6895
2165
4944
3236
2506
7913
6227
2902
1677
1944
85
1263
1736
1813
3227
4159
3879
3591
3633
2256
6232
1243
5065
938
2497
3924
2713
4857
1083
994
3134
4664
4976
5637
6459
6131
2890
7789
875
3351
5795
4722
1377
7955
2724
478
2042
3547
5546
1178
7930
5140
345
5568
454
6117
6262
7085
7663
6137
3035
904
3478
2583
3430
2051
6439
51
1193
3415
3548
7884
679
4597
26
2608
6499
4542
6064
6929
2919
3732
3055
3790
314
670
4716
336
5496
499
6696
5812
7579
7789
6096
6095
2524
1213
548
3453
5272
7703
2369
2504
4656
1893
6122
3140
5367
4762
7978
4552
4433
7993
243
7713
3242
3090
6805
2990
2925
4291
4893
2877
2788
55
3757
1280
3975
1917
3123
540
7874
2791
6377
1754
1305
1900
4751
42
7658
5625
346
2393
1439
6444
7599
3384
609
4927
4330
1193
2903
1841
2086
6242
2936
3371
3295
1045
6406
6104
2308
2634
1418
5820
830
2997
1028
7225
1427
6162
6276
2810
1115
4254
3614
2295
923
7702
4774
3500
7068
3453
3538
7637
450
1118
2235
4471
3005
226
6780
3216
344
3163
3763
1481
3803
4116
7200
1028
6923
7079
4671
7770
7298
5011
3677
5665
4547
3332
4307
1010
2528
3921
2996
7664
143
6656
2507
4697
3652
2814
5567
1471
5118
2248
5846
223
2314
1410
6761
2767
7891
1297
2896
524
3407
6300
7310
6031
1637
611
6122
3593
5843
2627
2364
4423
1097
1188
4387
7108
6244
976
23
5460
7830
7006
3819
3663
6560
5257
4973
4177
3596
5155
911
3203
6821
450
4326
6566
4665
6911
3260
3473
5005
5405
1232
4348
7471
5064
4407
1209
5213
5505
1914
6908
1294
2255
5597
3880
4293
504
751
6603
578
6431
3484
1045
2664
3840
5824
114
41
7332
7652
3739
4677
5824
5932
2519
5328
6876
546
500
7630
3364
683
7225
2238
3834
6670
3420
7361
1811
1211
4363
7684
1611
3290
3884
6153
5998
7463
4181
4497
7501
6198
3458
2479
6018
3871
4075
565
6110
6487
219
4117
7694
1222
3227
5998
1150
2776
3352
1895
1632
7258
1062
2991
3583
6925
83
4265
3347
1012
5516
1378
548
1812
5915
1929
1412
3199
1673
7207
3690
7351
3611
2264
3388
7455
2894
2715
2600
6921
2249
5801
5407
2287
2902
4555
794
179
1116
1306
3672
1657
4593
7607
3097
3013
2185
5803
128
4169
5789
4766
6213
2774
6827
666
7838
6545
7087
5840
5418
7143
5091
2091
7062
5288
4697
6514
2184
813
7383
1762
1203
7898
670
5256
3919
4610
3403
5239
2810
5750
4569
2031
1966
7179
5657
5205
4003
6110
5382
6852
4801
299
2430
6737
5668
1889
5711
3518
6437
1282
2460
3284
7345
6570
2294
2576
4332
7376
4846
7883
3425
1634
3272
3272
5662
3175
2349
3008
209
4177
2637
1573
5487
3451
5363
4153
3099
6615
4150
1764
5750
5895
2000
621
4890
7538
6310
6362
5380
7019
298
561
4517
3499
537
1971
5292
7568
1199
1735
3000
1754
6244
3428
2931
5076
3732
3514
6763
7236
3934
6300
6621
789
2140
5985
36
3627
5332
1828
7364
312
2760
4742
7550
2071
4176
2221
3143
5751
5642
6398
4809
2439
9
4539
4161
776
2213
1164
1191
1072
5826
2401
1562
2867
1823
7697
2493
3197
7108
5378
1341
4969
3691
2469
7087
2552
1343
5217
733
207
1630
2830
3834
6179
1574
7497
7035
2612
925
3463
1692
6323
6847
3536
6300
2658
1049
5395
1698
7446
1233
5490
776
4293
1705
4664
4248
4613
3250
5023
591
4892
6230
6509
504
3495
7912
6543
2315
349
5267
3439
6645
6717
4624
7883
4438
2805
2948
4584
1110
1291
7925
4430
544
5830
2699
5899
7067
3566
5022
3955
2569
6924
4399
4838
6353
6588
6684
6639
3075
3992
909
3073
573
1806
7774
5672
3716
4632
7709
5921
5106
4168
4182
3735
3415
4491
7872
4035
5885
4280
7441
4299
35
6425
2751
4927
3115
1849
1049
3852
3758
4132
6626
1593
5748
3689
7503
2680
4296
1006
1133
1145
7099
4435
392
569
6274
5537
5135
5602
3997
7286
2978
1309
7586
239
6786
6157
7133
524
2095
7088
5411
3905
5945
5009
758
515
6013
3080
6585
6795
7336
4730
763
2717
2615
4204
5770
4195
6595
3150
6334
5928
7251
4330
3268
2455
5366
7427
3368
7659
4327
4144
1590
2184
2697
5417
1887
1915
7469
3023
4173
2419
7819
6498
93
5480
666
239
1942
3898
7889
5602
5606
78
3906
1858
4267
1421
2750
7275
2604
3939
2153
1880
6211
2411
6492
2224
7222
2452
3283
7023
5064
3572
4208
4279
1923
105
492
7370
7298
6409
1954
7497
3963
7738
529
7582
5529
7654
4973
5987
5369
4798
5326
5592
1380
3391
7321
5491
1321
3574
2956
1473
1340
6126
7375
5561
4737
5353
4848
1613
3420
6493
916
7767
5495
493
6053
4715
6599
5073
4111
4291
4531
955
4197
540
2749
2900
1410
367
3707
179
3984
7718
7690
420
7176
6550
5462
4148
4172
1648
1609
136
5410
2482
7160
5634
5435
845
828
3419
4657
5305
4257
2974
1592
1698
241
4880
5334
6363
4634
5986
4745
7489
843
5542
4915
2405
864
6778
7238
7090
5800
3517
3502
3591
419
1584
841
4933
2733
4158
6012
1234
4043
2436
1910
7150
5717
7828
1641
2872
1939
7085
1814
7543
1313
6330
4727
1450
4260
6222
2665
1004
7362
2955
1380
1554
992
3080
5763
2895
7806
7562
4645
3935
2799
6964
1250
4171
6902
2507
5228
147
6075
377
2725
4291
3407
5156
1047
6274
3649
4382
6649
418
4811
2964
147
6493
5182
2764
3242
987
3192
2623
3699
4069
5017
1626
1461
2922
3422
5141
6081
979
99
5021
7064
4334
3717
1563
3897
6905
5148
6012
3492
6910
303
2035
3008
5543
7111
6367
1044
6790
1890
3205
1194
2356
3472
3287
1166
2073
571
1937
754
3979
2323
462
4902
4823
4992
1617
3760
1187
5472
712
7105
1727
385
5214
6495
6117
6097
5834
6173
6984
640
2702
313
2338
6690
1762
5138
525
2037
1261
3417
3873
7306
2111
5729
1623
5838
7724
5928
5270
995
3396
5937
1799
311
6100
7895
7396
4062
7074
5816
2341
6225
7678
713
3940
6082
1937
2600
439
1432
3538
7979
7172
241
809
3075
3572
6125
7030
6678
7232
3659
4952
7077
6436
4
145
3917
1649
1757
6477
435
7322
3805
6384
4104
7423
5545
4526
7783
4848
3455
4639
6147
217
1504
4427
707
2114
6746
5971
3946
6249
4875
124
3894
986
7086
1357
1385
1222
2989
3930
4886
3145
2764
3585
2047
5247
7914
220
3963
2680
5517
6871
2729
3893
5827
940
5723
6852
1997
2800
4604
4294
6963
5630
1980
6253
5732
2055
1437
3659
3678
3548
3245
6885
1204
5148
2486
5997
2131
5570
4349
5603
7073
6168
3352
4731
3766
365
7952
3150
4558
2024
69
7542
6891
1723
7237
1275
4997
6740
4289
5827
501
6744
2731
4412
6900
3270
5945
5368
2394
5509
503
7419
4959
4289
4245
2824
3653
924
7044
4932
4453
5098
49
7954
7928
6814
2871
3751
7639
889
4353
778
6546
1637
453
5867
3683
3576
5899
1477
6635
6076
4468
1960
1932
5524
2508
4097
135
6255
4448
3619
2188
440
2301
1683
1361
2684
823
2398
2087
691
6384
6909
145
5516
2390
927
77
6358
6238
5934
5016
1147
270
4318
5857
4751
7775
6307
1694
5627
4939
120
1936
5699
4647
5241
7984
7662
687
277
3254
5324
4355
10
5919
4334
5050
6886
742
5664
5347
1938
378
421
5451
6537
5138
5108
7788
4910
6139
2396
6521
2107
5823
4472
6211
2927
3166
2459
7918
1028
1845
5965
6214
4299
2656
6164
1708
1721
4030
3486
586
1624
127
45
1809
5426
3259
858
4289
2859
4955
4682
2300
3810
7798
6054
4361
3231
5508
428
5399
6811
1420
5809
993
2646
6729
7474
895
964
3957
6681
6998
7392
7844
702
4982
2917
4400
1438
4422
726
6079
4630
5598
5502
7045
2113
7925
1528
6617
6299
5373
2762
5725
2673
5878
7197
1739
3288
6694
2230
3933
3341
7203
2288
7278
5574
3048
6941
5066
1174
7645
7810
2131
5428
6845
2220
6904
6257
6435
1831
1740
808
6575
1466
6072
4827
7866
7532
6185
5858
4893
199
975
2937
293
6545
1789
1942
3498
7354
109
5406
1415
4474
2979
2966
1579
3913
4286
3828
2006
2321
6383
5427
2789
6682
6147
4636
989
1955
7807
71
158
4058
6036
4724
2652
4213
6495
1756
7896
3200
4416
6830
2349
6259
3009
3286
1527
4785
5466
6146
796
2030
2733
5845
1739
6391
1508
1746
1590
4670
3104
827
6778
5389
5100
7743
328
6124
7428
1809
7856
3306
7819
5650
6358
4928
3972
985
6063
1025
4353
5166
5503
2351
2137
859
4954
4593
462
5228
6937
6585
999
1985
7684
4786
762
5803
1254
5674
3696
2322
3107
3766
2171
7328
594
1316
3690
1322
322
1460
5903
749
2616
7795
2455
6280
7714
3105
4440
1191
1083
6207
1969
5175
4823
513
440
4043
1849
3321
2310
3181
7671
5381
1497
1374
3025
279
5187
702
105
1589
2498
2589
1005
4752
6042
7957
5432
5912
871
3909
2375
6380
780
1808
7972
659
2560
1048
2261
7607
1660
2005
7798
2673
503
1407
2672
6390
2017
2077
4971
4512
1595
20
7511
3568
905
6197
3947
1549
5784
3015
2122
79
886
1893
4803
2963
4866
3491
4828
5967
1106
3640
1379
6083
5893
3120
1948
5979
4503
3639
7272
4892
4295
488
1774
6083
1914
2145
2331
1394
683
6853
7895
3770
1684
1501
7707
3398
3515
4210
6387
1692
7544
6606
2881
3885
7033
3643
7823
1394
827
2810
4408
1870
1895
6762
5863
5481
2901
7132
7650
4371
973
3494
6606
7053
6843
1993
1199
7099
6472
5366
3169
6843
2221
5430
5294
7636
537
5237
1646
3124
6772
363
5041
895
2950
3242
7112
2389
3054
2234
3870
1210
862
7731
5225
6603
5017
2262
3457
4656
69
6704
1667
3561
3870
5608
597
3549
3782
6300
2440
6407
1165
6971
6142
3305
1542
1300
7044
1444
5583
7057
5843
4634
7153
3694
6694
2905
383
6920
5644
3734
6974
505
3080
888
7842
4055
5333
7324
5007
3900
7756
314
1703
2905
1878
5410
6740
2700
1265
1448
2256
7911
3955
5353
6713
2493
3807
3129
507
2117
764
4469
7742
6097
6115
6967
90
7912
3369
1775
2410
7821
6060
4636
7712
951
600
369
7635
1701
5496
6883
5789
5063
7028
7033
5894
5973
7286
390
4266
6387
3297
6502
4880
6533
5126
3690
33
379
7194
1441
7267
3830
4224
71
2309
6376
5095
4946
4859
3660
3224
5516
4255
7840
7834
1454
1104
6928
3840
2025
5002
7615
5217
7939
3402
6699
5496
7630
738
7263
4278
7681
2627
1162
1049
1541
1132
3571
1252
5341
5660
1987
3880
3125
333
6302
5044
2880
7529
130
190
2584
2161
2098
7647
3399
4612
953
1387
3921
2676
383
3456
5460
6201
6513
4505
5498
6721
1808
7691
6227
4843
4022
7189
4132
6938
2770
2780
5186
4008
5146
7768
2875
3947
3877
6608
3290
5385
7862
3485
7584
4243
1633
1132
4909
542
6300
2185
1092
3493
1664
6332
6972
3196
399
6637
7083
4391
1365
1097
3583
353
242
4647
3868
7268
3644
778
1448
4478
3228
7612
5299
1300
7251
3628
2242
2623
963
1294
7436
4534
3247
4298
7143
2793
1351
2017
341
2717
5669
779
1921
6346
7112
6278
1330
516
470
7078
3161
6186
7384
2631
434
3102
5534
7441
3294
5171
4789
2477
5440
3360
7198
790
4079
3614
7558
1052
3674
1282
6275
4770
7745
7681
2615
2383
7182
3973
357
7146
70
961
7465
4056
6567
3939
6071
3433
1801
6636
3776
7519
2746
1561
7116
6399
2118
278
5223
2033
7770
4025
5778
7824
7530
5719
6779
6825
7210
445
1916
1139
1621
5468
4890
5188
2055
2601
1713
7138
4993
732
4244
6360
3874
1269
3450
1452
2304
5385
3536
3750
4272
6890
5714
751
417
7134
5433
2187
2769
4583
2502
7677
6393
4134
236
6430
5572
7075
3202
4767
7261
1799
455
4383
7028
2209
2149
1241
4589
3929
195
82
5797
3791
4730
7315
2802
1903
575
5603
3359
7320
2223
3167
1117
3658
1649
7110
7082
2745
4350
4234
2233
5152
1382
5230
2022
2913
3288
470
655
7669
333
6644
7282
4953
5362
1734
7556
5085
7702
7311
3152
7998
1379
3376
7618
5831
508
5656
1399
779
4922
5625
4579
7616
446
5068
1434
4532
1957
6847
6414
5917
6794
7738
5972
6734
7057
5786
6794
7781
7885
3911
5530
7316
7916
1815
7104
4471
1499
4089
5528
7174
7862
6208
138
3021
1600
4148
6384
4442
4890
6422
194
5549
1718
6793
662
15
42
1274
2834
945
7664
3002
1508
445
6069
7307
2539
4981
487
6557
930
7043
6504
4775
55
589
3822
3608
3017
3985
6270
5882
3944
6787
823
1733
5308
7966
5960
6463
844
6328
2274
3352
2346
5458
1064
6437
1843
5216
3792
5804
5335
3878
2778
6892
7381
1041
4959
165
2571
6738
3840
4488
916
6429
2029
63
3306
2102
2629
2122
801
3003
7926
1148
7818
6681
2763
2278
5526
5248
116
5798
4282
5673
4090
7658
7281
2635
1449
1075
7679
4152
5447
3472
285
6626
3471
7300
3034
1636
4388
3125
4320
2841
2421
1142
1336
4663
1118
6615
7816
4186
5000
5061
37
3227
6923
6764
5987
2622
207
7166
3477
7886
5206
6491
6505
2337
6426
4035
4457
6293
5723
2754
6502
6116
6234
5908
7457
1016
5069
269
566
6479
7819
7439
7273
4683
2199
4447
1088
7671
7344
170
4572
7685
2822
2251
7412
3842
5860
2395
7751
6068
4289
2579
2948
831
4996
2368
607
5231
3228
6252
5810
4894
1988
1554
5770
3789
3117
3344
3721
6785
7968
2527
4716
5244
7074
7769
2163
7037
1329
1112
3937
3822
3092
1243
4081
4792
7817
501
5286
3771
6500
4397
2611
3839
7630
6932
3883
7514
5820
5122
2382
6877
361
2893
5224
5425
36
3704
3226
7870
1844
7454
6886
1187
3554
568
1210
5020
7715
1608
2207
208
2337
6163
7077
5672
7752
4627
1121
6082
3349
7445
4237
4661
7730
7736
3272
3144
3873
477
2999
1151
1776
3717
4407
4563
2268
3093
5003
6102
3351
7072
1157
3547
5467
2766
4130
3474
886
931
6143
2910
483
6810
6914
2279
3488
985
2130
2881
1828
193
6121
7689
3540
7058
6485
5089
6234
6551
2412
414
5746
5261
278
5200
7668
4780
3734
2720
974
252
6167
3438
452
538
6612
2450
2466
3809
2680
7818
7046
2580
3411
1209
6974
1947
4750
640
3790
7983
2798
7629
7254
6701
4096
3622
1891
5794
4866
4615
4104
7958
3337
4075
2352
53
819
6763
3911
5820
1990
5471
6751
4578
6339
6788
2984
1793
1034
2342
6745
2099
7754
4894
3210
6499
7968
3131
7792
2047
1512
6964
2573
751
7065
669
6392
1447
4643
6572
620
1836
4148
2471
368
2864
4753
3213
4016
3143
5798
2145
2495
3622
6529
431
3196
6414
2884
121
6499
6481
6250
5142
1011
7727
5954
4154
6831
159
956
7068
6374
160
7826
2648
6257
1368
2540
4406
544
6810
2542
2859
5263
1041
4210
910
2785
2770
3201
5980
5935
2531
7664
7881
1140
802
5834
7653
2464
4726
7091
29
6765
240
6177
2020
1172
4912
6188
2504
4606
7315
4662
1642
6628
6360
159
3396
5967
7836
2436
6707
1474
3260
1051
3685
2028
1320
4028
3131
4103
329
773
3234
815
3541
51
1333
4757
4088
7605
1930
5303
7411
6917
4284
7392
5053
2412
3553
5282
383
4416
6393
3204
2601
286
276
6324
2176
2245
6086
7193
1999
1347
6149
7155
1908
4667
4348
3588
7456
3750
1981
4029
705
1367
5838
6419
4360
2425
1862
5773
618
924
5124
2993
5788
5801
7742
1337
872
7334
3615
2716
293
5036
5236
6975
2116
7653
2857
3648
7350
2945
783
5565
3205
211
799
404
5948
994
3286
6659
4802
2944
6156
6782
2647
6022
1137
1862
4397
3087
1598
4150
5988
7738
3430
7982
6312
6694
5528
1755
7026
1593
6921
7329
5277
7581
1062
7816
6166
2961
2941
5368
4218
1264
1077
4427
2792
2098
6060
4235
1930
3590
7246
463
537
674
5195
3560
1711
3327
126
6455
2218
2978
2355
1566
6031
2388
4826
6026
1951
1754
7766
3085
85
97
3703
5943
3038
7344
6818
6491
3692
2744
643
754
7419
1839
2918
6245
4214
6952
6051
5597
4374
168
5565
4501
343
281
3241
6595
1192
1463
3387
3594
7140
6925
7122
2907
560
6923
5173
6121
5466
6966
3948
5071
1524
1683
6341
5819
2500
1217
2654
5469
1040
7931
5744
5667
5481
1145
1492
2024
949
4832
4344
1755
402
3233
4709
811
3674
7439
3466
535
68
5548
1756
5693
1323
7835
1050
6004
2148
1849
5231
4696
5477
3373
2220
4272
3565
4673
7215
6844
5376
7728
5012
1940
1426
3804
4574
3510
594
6177
6312
6812
1290
773
4034
1382
6449
3673
4229
1146
6636
264
1722
668
87
2043
3318
1963
1533
5959
5604
1540
6454
3920
7651
670
4692
1655
4101
1825
2935
861
5450
1850
6140
5931
270
1799
5689
2675
2751
1926
5001
3086
6800
689
6092
5526
7865
2984
609
7243
3741
929
6257
2866
5348
3311
7394
7431
2275
1466
6607
4582
2163
288
631
5969
1419
4668
3635
1189
109
1827
6721
5999
2904
5056
6920
4521
4634
5074
2552
7980
1564
2039
713
6471
6022
3967
7456
6245
6506
1956
3535
5851
776
2906
3585
3632
7769
1767
4427
6406
6186
3061
1415
7261
1942
6183
5624
2490
410
5194
1476
1750
6863
2533
1818
5067
6630
3246
2766
1768
5398
4056
438
2324
6853
6169
1950
5177
1025
6712
2253
58
2986
5413
6358
2109
878
6282
3209
1313
2845
5994
4042
4190
7461
5824
1780
7955
3050
226
4275
2792
6220
4195
7742
2001
5672
5735
1833
2630
2364
3924
2801
5853
3905
7735
5951
5872
1413
7832
4696
5170
5919
465
1746
3411
1903
2154
6386
1763
3812
6870
4863
3501
3476
5907
3425
5351
6368
5108
7734
7568
7058
2889
670
16
2505
1137
7638
6473
1939
6276
2309
6185
2582
3950
7013
5097
7148
260
3176
42
6090
5629
6715
6195
6439
6637
2687
617
3161
566
2504
5127
6431
2626
5073
7289
6894
5006
3839
3017
1650
5596
3605
788
3981
7415
3214
7014
6180
4536
7828
4067
3398
5219
1366
2330
1939
7589
7856
5052
6136
2017
2242
3571
5990
4070
7135
5268
3024
3561
7998
528
652
7893
5924
1798
1630
7941
1551
2439
253
2442
7753
7604
1983
5848
4121
5220
5906
3316
645
1663
7644
2338
7646
7304
1421
6761
2005
4721
1653
144
5337
1617
3072
5098
5217
866
6991
336
563
2921
1401
7957
3113
6984
2531
7003
3701
867
6714
5755
317
2670
7997
1936
4237
6433
1201
5873
7021
6799
2510
1160
6832
2662
2832
4885
3428
7862
7123
1437
548
5063
328
1690
5211
176
7924
4051
6848
762
6351
3975
162
3943
6602
3624
4649
4694
6106
3281
5506
3205
7582
7531
5704
1039
3943
6
2277
2253
7169
6939
3670
6312
1692
615
2648
589
5806
2147
1300
4961
2926
2088
3211
5525
4898
4206
7930
6463
3771
4991
6200
3804
6224
260
4804
3162
6374
1670
4131
1961
6180
38
842
3342
2991
4148
5775
1713
6888
731
5383
2830
7500
4670
3531
1241
2472
1733
4714
1333
6819
7033
620
1633
5123
2340
1398
3752
1600
4001
7747
5873
6196
5821
3626
7775
3523
1820
5084
192
6334
335
5120
4371
281
5137
7525
6825
4512
7797
6010
4897
867
7420
1068
4874
907
1205
666
7773
3681
483
7890
5728
4243
5415
4153
5057
6338
7511
6435
7904
2514
211
2504
6864
6980
7925
1467
7816
4350
7856
1841
6059
6172
1774
2992
7194
3453
6578
1934
241
2298
5876
4137
5355
7894
7514
4766
3106
7993
7322
6053
6888
6344
3736
7536
4929
1121
360
6092
7484
1822
2544
4060
5928
6307
2753
5779
4302
2482
562
3778
6620
3794
4773
4545
7308
2192
4273
3485
4600
4892
5422
1945
4848
5968
2238
7152
5354
4401
5701
5667
4661
6364
1139
1204
5077
3727
265
5245
1281
3806
7441
5932
5876
3340
42
1420
2312
790
5853
7581
6653
1685
887
4580
4387
873
4098
5955
5008
6549
6891
4716
750
3527
6187
4312
6102
604
3157
5855
4562
34
7590
5083
4805
1203
3834
3121
2498
2904
4697
4955
4488
1307
5317
3557
7589
255
5664
5034
1698
3004
1535
3221
5617
7621
494
6653
2702
1577
894
4484
5020
1683
4400
3770
2535
5571
4885
4600
1804
7892
7443
2151
3255
139
7033
2205
6647
2663
1490
7011
302
4056
2036
1256
6358
4546
153
5144
2737
4730
672
1641
516
446
4235
196
5518
2888
2357
2814
1089
6684
2829
3123
717
5101
2331
7096
4087
1012
7705
3635
907
6589
6007
4517
4351
7770
5971
3726
3263
1497
6092
7070
4657
5131
2090
6026
594
55
2907
315
3355
327
5984
7040
4216
91
4786
5578
758
1425
7322
1134
2394
2108
5477
1635
1813
4383
104
5890
2848
2080
5132
5919
783
1843
5105
6896
3491
4082
4984
3689
3495
6448
4354
6782
7019
1557
6535
1776
5784
2472
2959
4261
2441
2236
5618
3778
5101
2084
1060
1209
6722
4733
1544
6208
6796
6520
5720
3604
5303
2141
737
7282
7944
450
3724
3499
4328
548
7367
4811
1586
1377
5324
7552
4187
7178
846
256
3888
5766
5332
3073
2550
7942
5642
241
2878
5187
2864
5577
7444
7347
5718
4464
1705
3263
7128
5022
3769
1290
5002
3245
5213
2295
7315
954
2591
5409
3594
724
887
7382
3647
5044
6412
1588
2802
2166
5685
3359
7307
1737
1057
3497
2953
7819
6413
7679
5402
3429
6315
392
1159
5048
4640
1741
5571
3491
2861
1795
5969
181
2237
2967
972
2342
2037
4471
1047
3478
4378
5444
656
5674
1742
4887
4017
1932
87
5352
6489
956
6176
3171
7437
5343
1945
6917
2314
2553
6077
2856
7395
5865
6226
5302
844
5198
3028
4385
6727
3568
429
1682
654
4084
3218
6294
4820
5570
4074
888
7337
544
6966
6873
141
3358
3316
5454
3773
6083
2417
3891
2888
1469
7010
548
5849
7268
5597
2226
6696
5169
5011
7681
6874
3634
526
6317
37
5528
4789
2315
6963
6643
7542
6106
7212
4266
2227
6932
7157
4841
7339
705
7645
657
6152
1152
1435
6913
4820
4465
4129
4768
2676
3743
3745
6502
7602
7381
559
7357
4253
5898
659
2079
1176
493
7497
2229
1806
1084
873
2244
904
2121
714
2643
7774
1937
6800
7125
4476
1401
3041
390
4691
4040
1190
3602
7187
4470
2243
3879
6240
2061
5263
1809
1495
4060
750
3667
3238
5436
6425
7657
2822
2464
6028
3517
2106
3940
5477
4001
4723
1892
7448
4563
4468
442
2674
4348
5200
6059
3389
5455
3667
5467
1057
851
7580
7274
3210
1006
5882
5123
2778
4886
582
1819
6375
4937
4781
2331
5664
7396
3399
3572
3643
3347
1538
7033
5316
1630
2443
3900
4030
2357
7479
1742
5415
1887
6106
14
1971
6023
2934
6866
3350
7774
2933
1203
1530
4182
6532
5072
482
2357
4673
6584
7347
4325
746
6300
973
7295
6324
6474
3078
1979
7062
7661
4080
1191
3087
5230
966
6134
432
2070
2415
1596
7508
4021
4000
1468
7579
7191
7684
427
6478
7029
1317
2799
3067
2657
3410
4505
4544
1174
4493
1713
7210
5362
2516
5740
3325
4157
5995
7129
7202
3650
1643
7112
4481
1200
6644
2266
7129
4529
7479
5366
1060
182
8
1951
3831
3843
1248
1204
871
3522
2981
1455
2500
5097
7300
6507
7478
2374
6836
3773
2707
5045
4490
5504
1332
6530
7954
2017
6973
1428
7525
887
6488
3636
4555
5050
5431
3972
3519
6934
2206
1550
1572
6653
3607
6842
872
7982
4549
4926
4772
6774
17
2089
2870
67
5816
6993
812
773
1950
26
2940
7012
4041
5564
5647
214
6206
6760
6037
4530
5031
3771
4280
3606
6921
1600
4668
202
1001
5188
1388
5824
5168
6017
5172
6156
817
52
5376
2766
833
1577
6345
4769
6603
1494
4462
2058
1853
6231
3681
5098
5827
4314
2474
1912
6260
3995
6993
1469
2819
4673
435
294
1991
3035
96
58
1884
6390
2248
5154
866
1596
766
810
2864
5753
7745
7375
5543
2349
5529
4331
6563
3288
935
3513
2719
7063
5299
6914
4327
7141
3392
7261
1429
1249
5845
4783
374
1400
2974
5949
864
5503
5881
6911
1014
2491
672
4452
6611
7780
2324
4542
7718
4654
4863
7716
7822
6207
442
2989
1075
2297
7888
1495
1758
6770
2940
6878
2423
3415
6806
4237
1232
4566
1009
6928
4983
5174
6783
1904
1556
362
4568
280
7977
7841
6038
2921
7095
2596
2456
7921
1138
4712
5560
1184
806
6860
1503
5977
5140
4962
6073
3752
1038
872
6687
4255
5013
6736
1561
337
7120
6112
3606
2359
3748
2198
7739
3286
1333
3774
7569
1487
2710
3719
720
858
1288
3999
4354
2530
6296
154
6197
7862
431
2633
7181
7908
7258
3624
6572
5220
6776
1706
4252
4030
6549
4101
1714
4010
199
1726
5513
7377
4344
118
3240
2780
4327
7917
6396
6774
2837
4442
3990
4414
3220
780
2195
7776
3045
3114
423
943
4885
4781
7931
537
319
92
5290
4983
2029
7783
4510
5429
7171
799
6986
4935
805
7399
1059
4257
5597
1960
1928
747
2524
6652
3909
2673
6977
3142
2225
6711
4351
4509
1492
5547
4351
1525
3303
4694
7771
5838
5384
1077
5314
6372
5151
3862
431
373
3631
3067
1151
7274
5917
4720
920
1347
708
3765
2774
7943
2019
516
4353
6230
7422
2210
4551
7097
7341
1299
11
5620
7807
5462
6080
3535
4279
5708
1080
949
4960
5084
2096
5523
5825
6930
5123
7846
7592
4141
7138
602
5290
3976
7834
3419
3445
2453
6018
1719
5966
5329
4160
5548
7924
4391
921
2776
6500
6577
3540
4275
6986
6910
5854
2932
1224
7021
6682
1768
1234
1983
7317
3086
6798
4508
549
2224
2302
7363
939
949
5572
6849
6853
7404
6881
3642
5100
6376
809
1764
6831
3409
2339
6192
1452
1590
6995
5339
2826
4262
4168
2630
7765
2703
6491
1407
1664
1467
2130
5302
4934
5883
2986
6159
460
873
1304
2284
6211
7519
7006
2821
6686
7235
3847
2855
2686
1442
1623
2449
5163
1219
6317
1486
6402
2377
7040
6443
6401
758
729
5773
7491
3127
4035
495
7896
1989
5880
7210
3822
7794
55
1145
6947
1593
7442
2958
1597
289
1099
3860
3433
2515
6487
531
6920
6868
1806
7629
4260
443
6389
1970
905
5362
5323
7782
1336
3882
1357
1961
2136
3681
7754
637
2335
4303
5197
1380
3989
4140
915
4185
5201
104
5183
4542
5360
6621
7481
5230
2389
6616
7430
4682
5483
3478
753
3896
2066
793
7647
7009
5793
3022
3014
7398
1260
7580
3716
1415
5436
797
2405
4298
5191
4605
3046
744
3330
5995
6086
2628
2420
6896
1486
6753
5599
3731
7289
6026
3630
4434
1775
4476
7088
4990
1267
7484
4130
7420
6867
7575
7127
6910
797
7457
2762
453
461
2698
252
6027
1312
6643
6929
7340
4324
6454
529
1252
2447
4966
2810
1655
5069
7513
5454
5899
5917
7324
7626
4068
7294
2631
61
223
3318
186
1907
2970
4809
3121
5655
534
6879
2925
6487
5890
118
3502
4403
7769
2263
5792
7928
2478
1987
3194
3236
3300
7473
1655
364
2455
2980
127
6163
578
5035
3387
5305
1101
1444
2898
1471
6668
7296
3662
4868
2506
3510
3867
7437
4399
2582
6897
1908
3435
4384
5588
5107
5787
3606
7739
7835
4621
6243
4810
5337
7761
6683
3814
2725
6987
7399
7332
1510
3956
2815
2152
6363
5963
7718
7307
3091
5940
5748
5753
2291
1123
6602
1697
3190
4790
6136
4648
3544
6718
985
4134
1496
5161
3458
3056
5289
7715
4095
5072
7538
1436
2177
6984
1197
3445
4055
3024
4585
735
2895
3493
2122
493
6866
2850
7899
3445
5457
4123
3798
3298
564
256
3262
5914
7162
5577
6863
3978
6693
38
1070
3353
6456
4092
6572
6849
5812
7699
3280
7976
7418
2579
3863
1218
2161
6282
4984
4455
6369
4107
3309
702
1895
5870
3212
877
5109
1974
1873
7222
6655
5681
734
3676
5723
6419
526
3012
5495
3936
5555
893
7723
7687
174
927
5240
3999
7039
7162
6410
1820
3257
1881
740
4988
5
651
7278
6068
5957
3254
359
2887
3114
1558
4836
2590
2956
3412
7980
5488
3092
4799
7675
141
34
2717
4327
3399
7636
7326
6524
2944
5172
2340
2579
2348
7648
2942
1689
1217
5554
3095
3965
628
2666
3987
4341
7248
2736
1094
6538
5644
2134
7687
3966
461
5005
1322
6317
4399
1244
2801
2010
2247
3144
7409
4216
1375
7844
6283
5032
3313
6312
685
4253
2827
2615
415
1093
2811
5550
1504
4053
2331
2340
1090
3893
7673
7168
5016
5127
166
7624
6357
847
3922
2836
5852
647
2266
6040
1951
7295
6747
6931
7566
1212
3933
3823
5108
5196
5588
5978
3034
2020
3469
7946
6725
6943
2669
4490
4111
7858
3264
6330
2740
1548
357
3492
4214
1254
722
7092
6243
7631
2751
5507
1769
5485
1280
2982
3353
4076
6947
1293
5462
3994
49
1181
1233
1247
3772
6231
2688
7767
4548
4031
3407
2903
6002
747
711
531
7563
6570
3672
555
1149
7596
5915
3992
4258
6494
4825
5147
6600
6320
599
1800
6855
6201
7451
