6526
7434
2380
1252
3465
5338
7068
7546
7899
1926
4215
4554
5909
2588
5637
6121
6241
3159
487
533
2031
3601
6308
3472
4397
7537
160
4043
1806
1770
5371
7082
1171
143
6314
4147
1400
3702
5485
279
5890
3319
1997
7023
6014
6739
5578
6051
3359
1655
6978
1019
468
1091
833
1319
249
1307
3985
7451
92
186
3273
6773
341
944
599
2948
4592
3684
3809
4035
4764
4093
2957
7129
6113
974
6625
6117
5867
6628
514
3685
5487
2928
4823
1398
2991
2543
4646
4817
142
6197
751
2132
4611
3634
6586
3578
1292
4937
5456
4562
214
7733
4127
1620
6651
2394
3098
1182
1475
5847
3531
5333
2234
4803
4796
3172
7309
7225
2496
1093
2679
463
6936
53
3079
3202
3277
7383
7816
647
758
3076
7749
7080
5474
5524
4140
7113
3122
4719
6559
3182
2837
6794
7897
2195
1420
1888
1418
1718
4109
6307
7439
2415
346
2671
3316
3039
6235
419
3794
7743
2670
1108
2575
3889
3060
3279
6827
1995
4751
709
6598
1842
5057
3692
1269
352
236
907
2973
4640
2556
7380
4721
7787
3490
2266
6720
740
4826
4209
6815
4475
5402
7447
4597
2312
3863
1634
4046
1584
6318
6181
5420
1898
532
3434
6527
6503
5124
1720
5950
1973
6100
3257
3614
7005
120
7922
5548
2151
6728
5445
4291
6666
1524
1048
4881
6135
1269
251
5438
2251
2070
1032
1746
7864
2554
1676
1577
5131
3015
1935
4771
4911
3116
1271
1309
6355
4626
5589
3381
5903
3237
3368
7093
1811
849
4149
447
2037
5125
5484
4297
2046
5773
2017
3854
1689
7563
3219
4719
1655
1726
3798
933
7222
1435
1719
5166
5814
1261
4948
3070
7945
825
368
116
1128
2072
7995
6159
5821
4270
1646
5229
3543
4685
1905
4506
3296
4059
6486
587
5727
6774
6151
5507
645
5179
5853
6407
2821
4263
1434
955
3171
775
7383
2680
4015
6000
6786
2749
3490
2510
6669
6094
2126
3583
7199
4801
5342
2096
2865
5981
7832
780
7778
489
3817
3508
161
3654
7801
4973
1302
5525
4717
7625
171
4916
2715
5824
1538
4703
3486
1507
5030
6474
652
2539
6918
3399
3528
7867
4269
1360
3381
6431
4129
2351
5466
2245
7029
49
3624
6558
2669
4
5027
430
7176
7052
6096
2354
5722
1620
555
2508
4928
7065
5581
1430
5780
4551
333
6204
7507
1856
2540
1876
2372
2397
7679
1558
4908
2297
4198
4289
2445
7397
2024
6263
5080
3615
6665
2063
7764
4778
5069
3984
1021
1240
6856
7852
1143
3238
3221
1118
1693
1833
950
6515
6544
4542
1299
7233
359
991
4276
6481
3472
3161
1955
1679
5974
1374
4343
3655
5066
335
5889
1108
1411
3872
797
911
392
18
3319
6867
6526
1986
1204
4284
5195
1164
4807
4357
7668
3022
4253
5414
7915
4994
3940
3350
6790
5564
2180
7166
7921
5833
5695
7100
7129
3023
2622
1493
1191
6917
1420
833
5767
3753
1907
7366
3727
2203
2636
6515
6405
7198
3516
6958
5034
1170
3125
3413
1459
4450
4349
4682
7225
6530
5271
5545
6906
1139
7572
2509
4042
4403
2652
3908
4740
3562
2768
1155
1284
4165
3463
263
35
7859
7629
1389
2075
5511
6778
7748
1104
1969
4265
4107
7305
1521
3027
1730
6064
1809
3698
5538
4336
7274
3352
4509
2237
5077
6573
1630
3791
665
1406
1035
1218
5414
2286
4365
7098
4994
7183
5203
1390
5069
7802
5999
4609
6809
6857
1196
4582
705
6208
3877
6413
139
2739
2345
3796
2868
194
3371
3650
2741
191
273
400
5971
7772
1454
7102
7065
5684
330
3241
1229
2082
5029
4028
6881
5118
654
1652
6068
3595
7535
6039
2852
2887
7562
4056
6318
2408
4070
236
3874
3704
282
5130
3641
5914
556
2562
5998
5146
2962
1074
294
6820
1190
1673
527
6358
6639
3033
4265
5104
2789
3147
633
5049
960
2958
2707
7593
7058
3631
1471
4855
6114
3124
4426
93
3243
573
3639
1825
5848
4268
4848
4815
5673
1384
1710
6106
3572
6631
2346
6397
1968
5143
109
3234
298
3878
5422
1226
6009
3774
7627
2833
3671
5789
1518
4714
5959
3085
4967
5276
2692
3652
4591
1321
5586
4981
814
1006
1701
3409
7978
711
7948
1891
1619
6124
3364
6248
7464
6670
4308
6334
4026
251
5393
5228
4451
4776
3379
4380
6709
3728
1215
4361
101
4171
6462
7363
1148
3425
1490
3879
341
1012
2373
1958
6887
4337
2674
1820
6368
2449
3425
314
3133
3700
4440
6105
4846
1995
1787
5202
3649
2513
4237
3490
5457
7002
6939
1714
7131
3808
6206
7047
5544
7675
5665
6428
4710
3513
7861
1167
454
1782
3149
553
6834
4674
885
4640
2423
4400
1169
2065
3382
635
18
287
5401
1735
2514
7002
466
7818
3712
5915
563
1190
4363
2948
4676
130
2563
5146
3604
2038
5053
5670
1217
5846
503
7934
3152
3633
7166
3092
1528
7965
6790
1886
4931
1685
4649
1597
1949
7091
1959
282
4039
6792
2604
5943
937
5897
7207
6887
2394
2222
2059
1883
7482
7989
4216
5771
7229
1719
4416
3265
435
6998
6098
3411
2864
1261
6608
7016
1004
4145
1574
789
6468
7084
4712
6096
2238
1616
5310
1459
3025
4665
6364
7561
2299
5896
2916
6207
2361
7707
3672
6012
1524
5616
2161
5760
5489
5463
4712
6347
2533
7049
2276
199
1257
5357
3940
7546
7837
2238
1150
4127
4473
646
4475
5990
3971
1703
3823
5212
7320
4766
4981
5747
5872
3333
3430
1954
4009
7148
5594
3480
1648
6508
4182
1849
6256
1894
6459
968
2664
6334
1931
1343
3386
1163
5550
1929
7599
2545
3565
6381
2784
1972
6347
2326
5376
2460
1866
3969
6868
5223
7002
910
3369
4073
2923
7871
282
5877
3925
5629
2624
7843
4480
5592
4200
4335
3279
1709
7633
4380
3939
1510
1564
3079
6591
6328
3427
1782
4361
6821
4297
3026
4378
7593
3843
5813
3863
932
1422
1912
1123
2957
6966
365
192
3028
7883
7446
4722
4484
5524
6405
1212
4983
7482
5096
4516
1615
7330
4280
3549
5486
1484
5392
5312
2969
6549
2560
6339
6909
7590
7721
1296
3389
4692
1831
2418
7188
7273
3522
3125
5785
7241
2592
4224
1498
7829
3913
6493
735
5712
3834
6737
7900
5112
5397
346
1849
7102
1982
2731
5530
625
2091
7597
422
2951
7852
2010
3433
7274
6251
1134
7500
93
5268
3818
1670
7802
489
2718
128
7152
6547
3527
134
4322
6649
4068
218
6514
1724
6405
7942
4038
6223
7556
640
2358
3141
7599
1466
2806
5439
2543
2657
4720
636
4383
5125
891
1358
7076
6674
3291
1189
2811
2872
1198
955
2465
7773
4624
3981
6765
5615
1694
2724
2984
873
1879
4732
1989
7297
1713
2888
2446
3005
235
3622
617
486
1335
7663
5570
4121
1545
4677
4752
3681
2026
5057
4924
5711
210
912
4007
5753
240
365
6145
4355
6347
5729
2832
333
7517
7869
4764
3384
5125
1131
1633
3711
5231
656
6752
5246
7252
115
901
4818
765
188
6537
7302
5317
3204
7025
3622
4008
6016
5081
3640
2479
6614
1371
6242
4031
1757
5918
6027
874
7627
5476
6239
6320
3680
5174
36
5625
5307
3656
1708
3457
663
278
1670
2992
208
7203
1031
679
5779
547
7464
6058
433
1644
7953
5529
3534
1278
3347
5806
4985
2735
6123
7455
5219
2701
4330
3411
5453
692
5126
4770
7550
3651
1748
6895
3613
3966
275
628
4682
7973
1915
4508
7363
4118
1752
2142
6653
100
3938
7284
6949
1789
6254
6459
1355
1533
4403
6900
1439
5649
5614
6075
5682
4406
366
5053
3910
2916
6171
7011
1003
680
436
2273
3503
2672
6590
7807
3927
3025
3492
7675
6962
1755
3744
6598
6558
6233
7508
6076
3850
7733
3147
3600
526
2393
33
2740
4202
3835
7991
327
4797
1199
1413
4013
5258
2002
3016
7579
1423
2369
4185
667
325
4183
456
1607
1167
2956
4464
3635
5364
6416
2605
5816
7618
1579
7233
1829
5332
6663
5028
7926
7808
4039
7115
6753
7749
2932
7159
2265
6786
6204
4780
7635
6633
1325
5154
1204
5962
1227
2727
4675
5708
3884
1285
1025
958
5308
5728
6797
5177
3365
4667
3643
2314
1412
632
2152
5681
1370
3927
2185
4000
3025
6584
5089
4427
3941
5178
6375
4206
2775
3309
2842
251
695
6661
2697
1449
7637
6345
702
875
7328
4352
3858
550
6909
7920
7071
639
2813
5971
2985
4886
3251
1711
4214
7502
5265
5309
4635
6322
6416
7518
1163
2144
6625
565
4477
1594
5353
3922
6356
2778
4244
6236
5415
7969
4801
4575
3190
2884
3290
1330
2874
671
4420
6131
177
1118
5734
2077
5749
93
4038
4534
6263
343
7253
7459
3845
739
3398
2692
6342
2049
5942
7132
968
5114
6253
4035
2254
741
883
7763
4761
7501
2208
2335
6211
3839
1344
2603
7975
6567
2334
1702
2349
5726
5560
3372
1996
6659
1093
6700
4715
7814
3371
7544
5872
1013
1753
4983
3480
2873
2148
5691
3679
935
7655
1949
3829
4086
5557
517
4487
6836
3687
1944
6383
7437
255
534
7155
1548
106
7922
2758
4045
7950
2589
7463
5618
4453
5726
2932
1067
1188
7166
5778
6254
5986
1964
4459
5957
6706
2931
1234
2166
7102
862
1625
506
1012
7989
50
5999
1668
4121
7940
5874
7386
3743
2586
4443
6624
5143
7325
3089
741
2628
3693
523
2264
1973
3997
521
7381
7953
6217
3983
1339
4769
6075
6650
7495
7268
1616
59
752
6139
6276
5504
7062
6540
6739
2328
5259
7019
5462
6290
7878
1620
533
2997
2685
662
7103
3833
893
6334
3504
3583
3834
86
3506
5953
6912
5538
5656
1140
1157
58
783
2960
2489
3290
2576
7577
5497
6858
6854
1619
5265
1649
175
3835
1273
6816
3755
2627
4138
1385
2001
7080
1717
4007
959
2313
7786
6546
88
3535
6303
3907
4605
796
5002
5022
3952
6594
5945
5549
2630
5476
6574
7308
3671
5768
4185
7595
3077
7143
808
1918
1848
5254
7476
7403
6490
3555
7934
3286
3729
209
5672
1851
3351
1514
5437
4881
6677
3052
5821
172
1764
4803
6541
5053
238
5350
4401
6200
6921
5448
3637
7416
1858
1309
618
350
1453
4763
5247
4091
3572
4425
6114
1755
904
4700
5462
3290
7314
1842
5055
3598
3006
7470
2114
5653
5320
2556
7745
5413
6898
3244
7282
3643
4344
4055
4210
6704
7957
5285
4581
480
714
3942
1961
1635
2159
5804
7558
4089
5314
6418
6463
1392
2945
2452
4849
7716
6070
617
3695
7015
2679
5990
6382
2662
1511
882
6991
2540
5549
4941
1576
7798
2075
2395
4601
1223
4997
2717
3803
1747
919
2934
4227
7164
2634
2336
2694
498
7341
5374
7111
7886
4290
6639
7214
5026
7815
4809
2767
4746
7097
2112
351
5092
1329
6676
6932
4176
1854
6342
7132
64
87
6435
7171
4953
7083
3036
826
138
688
7659
3320
774
6801
744
1318
5153
601
954
7098
6957
6029
6768
4871
6861
5641
4341
1368
6497
6202
2757
2718
1491
2334
1101
3503
1942
4947
536
6137
520
2014
6256
299
758
686
4115
4918
6055
5841
1410
6151
4159
4187
6351
5170
3430
3545
6837
363
2546
4003
7557
1837
1421
4649
2303
693
6214
1701
3648
2304
3122
7905
2269
5919
1270
3701
7722
7228
5902
7529
2098
5411
1852
398
4596
2645
3972
5912
1684
6548
4323
6956
2255
6461
1652
2804
1418
5821
4800
4101
506
3016
6218
2016
7493
7931
1800
245
3366
2961
6533
4433
4166
5874
7182
2237
311
1149
1382
4874
4362
7492
5824
1278
7935
3356
1514
3466
422
3246
2627
4103
4447
3423
7716
3082
4461
3667
3984
5356
3779
3104
3307
487
1373
5974
4401
4677
5472
1559
360
7140
4906
1897
5753
6255
5108
6853
4479
5411
1311
7931
1447
4415
4186
2462
2123
7145
1447
4069
4835
3503
5751
387
275
836
1919
6015
2718
3589
3884
713
4971
7807
6034
5642
4070
3161
2600
2861
7120
3290
397
3629
2000
7368
3644
3723
7312
4059
5262
2021
1734
4709
797
4801
1685
83
3751
3642
1730
6610
7522
838
2086
894
4593
6284
2730
5143
6792
1461
5150
2266
6220
1582
5052
326
7545
5193
6476
6395
1012
1121
6375
7704
368
4081
6711
7777
957
2651
7084
3624
1741
3750
4516
6603
446
1197
4864
6933
4958
4114
6817
2309
6583
4380
4984
6688
136
2481
4236
7743
4367
6766
6544
7622
731
3520
1285
3788
6545
1698
3734
6389
6740
4609
2509
903
1112
2593
6732
2820
3721
5369
2462
1014
6165
5780
2767
2567
27
579
3220
2081
4472
3717
3260
6289
1215
3821
672
6822
5068
3681
1361
5023
5563
6356
5743
1017
366
5051
1709
6454
3776
6069
4104
4177
3247
4374
2969
2650
3043
2866
1781
5218
3561
923
4177
3317
4662
6959
7758
5534
1420
803
6430
5390
3235
3462
6892
1307
6578
1284
3399
2086
593
4501
1472
4596
593
5445
2016
1281
2018
6568
6846
3016
3410
6673
7510
124
6529
6158
7439
2828
6205
4753
4838
5164
691
5314
1011
1051
2507
6260
6023
2373
324
4393
2463
3853
1027
2318
434
6979
1791
6187
2132
7427
6955
5382
3769
371
3001
3313
5952
2300
273
286
107
4835
4200
5276
6350
4523
5713
3303
6189
6291
6946
858
1823
5242
7088
7988
1587
5310
1286
2664
1143
7686
6784
5857
5640
7299
6220
514
3369
3724
4485
6449
6662
5249
6446
6953
5361
713
6651
1822
3847
521
1940
5197
4452
6536
4455
2072
5230
2112
1200
4066
7954
624
5084
374
4502
6518
6433
1831
5498
6761
437
5155
5991
3469
572
6987
4911
6479
1686
1842
1404
3961
3285
2969
3164
2388
5294
251
1098
7215
2077
2890
598
6881
7966
7097
6703
7936
7642
7192
1544
3861
4295
5146
1196
807
6853
2324
2542
1615
6671
7779
5021
5205
1976
3657
2275
6095
11
6632
2829
4420
6033
4420
6096
2059
911
2578
5663
1418
4453
91
1140
5623
6840
2496
5477
6084
6304
6541
1383
5129
6382
7922
1653
4835
2203
3717
4993
7525
7570
3028
265
7182
6386
2095
5297
4019
5269
6499
538
6476
3366
1974
5603
5733
2053
1785
79
7177
548
1436
3662
4037
4900
7874
2180
1976
6794
5600
84
1119
2767
5160
61
6136
4029
5350
2564
2424
1206
1151
974
4954
3342
7621
4018
7727
978
3650
1779
56
5431
1659
247
6576
2585
133
5992
7367
656
6524
6471
913
5328
4799
2523
5289
730
5695
7626
3458
4286
1942
4166
3044
6366
4246
6959
2515
2646
3273
3568
5995
2921
4672
4228
7083
4240
7225
6367
4697
4581
4029
7991
5130
5633
7381
1739
6632
1149
6059
324
2707
5972
5676
6484
3122
7069
191
5006
3505
1323
1818
7102
2518
2532
6644
5153
5967
712
2537
7744
3961
1029
4723
3471
1671
494
2566
2351
4153
2552
5057
2005
2995
7029
1243
3968
7930
684
5642
1849
4852
4720
5117
6647
6247
5239
2937
92
3386
6933
6548
7093
4469
7090
2185
4362
520
4127
2085
7570
2609
1812
397
2038
4035
1662
3007
1809
4420
4543
1828
2949
7679
4797
2772
1228
3114
5357
1087
5454
2983
3479
4723
2112
2554
4389
5691
2372
7714
1737
1009
4098
201
1778
6310
1727
5889
2806
3862
1730
2744
3749
3229
1389
2861
4745
5808
5328
4224
2875
2116
6768
5448
5833
5735
3318
2042
4604
1844
2628
3108
4490
1816
2743
5503
97
1618
5174
4253
3824
3006
2300
2442
3279
6234
1658
4786
6348
4857
5972
680
3644
642
4810
622
3988
1714
3860
6641
5513
2174
7069
2337
4501
7981
7713
3552
7584
333
3016
595
1065
6663
6011
6498
5476
4689
5719
5513
5174
3376
2529
4548
6002
2277
4357
1140
1860
4027
3006
7876
5465
3873
3241
2907
2294
6940
6195
2895
872
5299
226
2962
1508
1458
3021
2516
3443
2054
2704
1784
1367
1813
3678
7969
715
819
222
7198
6480
6198
1326
3525
6369
971
5568
3308
5899
4979
2823
2235
2558
5357
3632
5368
6254
2583
6719
7211
5732
2882
7815
475
661
4736
5407
472
864
4623
7138
4175
5417
5055
887
2725
5867
3348
1358
2177
6376
2745
6418
3796
6130
5807
7743
4376
4739
3405
4895
5207
4758
851
3589
4737
4574
144
3197
7040
2319
4451
1038
4432
2491
4650
4271
1515
3304
685
744
1634
1056
3289
7002
3088
6186
4968
7761
3184
3510
2347
2618
2962
6635
146
1941
4513
6061
3606
4657
10
6477
1784
4093
7169
1559
2183
5143
3809
1922
6447
3471
3746
584
756
2537
394
7269
7439
5863
638
3346
1964
3421
1983
2566
3336
2366
2914
3854
2483
3094
4296
3638
3724
4024
521
4020
2689
5992
3375
5214
732
1790
4056
1147
4507
5362
2000
5958
4455
532
5261
1478
6510
3385
293
202
5354
6233
5179
7305
2403
5691
5375
6219
1948
4984
6718
1915
2386
7023
4508
3805
6649
4733
6208
6738
6148
6328
6144
5643
4513
495
5001
3469
6238
246
3048
2422
7942
1266
2241
6139
566
2355
1695
1488
1177
2969
2960
6132
7562
7139
2126
2495
5447
1500
254
2768
5807
4154
3602
3591
7622
843
5633
1348
6825
617
7060
5639
5703
870
6544
300
3567
5938
947
6557
1853
1349
5340
5794
6098
1909
3627
4207
6438
1044
3609
4626
5297
3510
5426
600
6118
3159
825
4108
7587
3622
4838
3041
3548
1255
6314
3794
1269
1289
2075
3792
654
2994
3469
6087
4880
7967
6550
1039
1669
2176
2323
149
5077
4022
7697
3752
5116
3578
7489
4361
5591
1468
6521
6165
5744
4689
7009
684
5234
1096
3540
562
4107
3965
4049
3533
1120
3319
3907
2733
3971
3307
3682
6347
2257
6783
7797
295
3321
770
6198
3960
276
5260
6546
3698
6036
1959
176
3500
5160
6841
1582
4622
6490
6636
1379
3318
7756
4567
1531
2841
365
3873
5274
2361
688
2353
3601
7932
5464
4489
4885
6511
3016
3400
863
4985
5643
4961
6175
7448
2862
7547
2279
3744
5435
1115
4251
6194
3603
5094
2118
5374
513
349
5411
3301
1310
1101
1200
3159
2550
1372
7512
6506
7408
4218
5381
1306
7630
2324
5095
7988
1787
1934
6516
5499
5493
5274
3703
3898
7347
7612
692
2184
6261
5052
6388
7641
2404
4964
2715
2978
5445
6768
3532
3783
7846
2080
4322
5709
7661
7816
4395
74
4930
1002
2213
647
5709
1084
5265
3053
1982
2468
3422
2045
1488
5675
4969
6284
2932
4817
5464
6747
4599
3985
5939
1701
1151
2018
351
5661
2338
6819
3719
1462
4249
5117
4322
6110
438
1609
5236
3985
5685
5483
5346
4735
2539
3955
2387
2191
4192
2537
4248
5024
6285
3017
4491
4996
7773
246
4921
5580
295
500
3313
7558
2996
4641
3119
6872
3618
4750
4372
6871
248
4745
15
746
1698
7415
6563
7200
4268
1911
2458
6794
3153
3314
6984
6190
2971
3901
1828
5985
5283
3707
189
4352
4490
7795
1792
7907
4986
1011
5611
1044
2995
3914
3604
1066
5289
6821
6623
6513
3205
2410
6138
4913
3872
5995
4571
6323
6970
6013
1745
4282
7323
4145
2768
4260
3143
5941
7399
1126
7185
2534
1726
3982
340
989
260
2630
4409
5626
5947
4651
3809
618
4714
5926
3688
79
3671
5112
740
842
7284
534
2431
503
4313
5397
7243
6047
330
5711
2679
6535
7327
948
2728
4897
7482
6221
140
7294
1706
3235
7158
2385
1424
3315
1394
2846
1510
7446
5767
6881
7318
4876
5010
3819
7465
3634
5134
591
7669
2126
659
3859
4353
6190
733
6440
3712
4894
6181
2111
7210
6333
129
2709
2435
1492
2484
6506
3729
6879
370
6806
7177
821
3664
5142
6665
2407
7559
3512
4429
5073
4852
4182
3476
202
7317
6127
3734
7375
2561
7857
7333
4608
3892
2317
3226
3214
3908
6180
447
1043
6137
5283
5574
2065
6338
4771
7776
7944
2464
3502
4033
4494
1033
6784
6060
2046
455
698
87
2075
496
4277
2606
491
6309
3343
2663
7091
6668
2627
1460
6917
5401
6652
4009
116
989
4637
6766
6476
5885
5138
3473
3821
1862
7875
6114
7329
4182
7201
7876
7501
7290
1995
5529
5782
7883
3864
5922
5484
1395
7302
7054
2937
1306
2472
280
6846
7339
1047
3434
3659
292
7008
6596
7238
6638
5360
5820
7850
985
4024
6833
80
716
2418
1091
4382
5625
7997
1034
5
4248
1598
1422
5311
420
1122
949
6209
1713
7698
1991
7495
4154
3176
1574
4919
5091
510
2536
6175
650
5292
2865
403
3373
3858
1216
7757
5263
4002
211
6020
583
7346
2445
348
1396
5666
4061
7975
4794
1034
2690
2965
694
3923
4915
3814
2724
2147
6433
5180
1838
5157
7186
3492
4241
998
2519
1154
4610
7892
3389
6566
6937
5214
2119
4060
946
4075
1942
1516
712
6245
1826
2429
1537
2298
5135
5852
2164
5440
3393
3279
3612
316
3047
7336
1350
1331
3015
7041
4324
7274
3864
4714
5900
5070
749
2782
482
5303
4337
2542
4586
7764
3361
5403
371
1841
2453
7026
6554
7116
7158
3417
5175
7953
2794
832
4483
6923
2788
7167
7827
7067
112
1217
7102
5263
6554
1417
1750
3812
6096
3781
4191
5083
1785
3732
2734
7626
3083
6301
7376
4156
7204
4560
4227
2484
4288
4820
4438
5702
1082
3235
7605
6851
6609
7056
4021
4647
436
6084
7340
3649
2617
3338
4399
67
7449
4349
7070
3636
7156
705
4756
1744
1068
5456
2192
1496
4234
5386
4810
514
3636
4608
1531
2425
3459
2656
4703
568
4493
4179
2714
6516
4799
4958
3076
4905
5466
6432
2178
6964
5927
5426
5789
1309
6936
6204
3102
1546
7901
5219
273
2669
5125
2230
2379
6604
2708
5558
2193
664
2861
6828
5592
1739
6839
2815
5616
2044
799
5961
3661
2378
324
5005
1735
3583
2397
540
2579
7212
1891
7388
5694
7936
111
815
7377
6952
4594
3741
6661
2947
345
3964
768
4163
4012
2286
4432
3055
4500
6553
7577
5430
3413
3827
3811
7469
5609
1524
1287
7603
1350
7981
4841
5843
4865
7219
429
5151
6813
1549
3936
5891
2004
5317
416
412
7600
11
7198
595
4173
4876
2792
6191
6469
1938
3545
6674
4024
348
1093
6372
7195
3972
3223
6957
7980
5674
4393
6785
4544
5710
1328
148
1724
4573
7116
2258
2076
6870
7277
6125
804
6693
3915
3729
4770
2780
7525
2558
3216
6504
1000
3115
938
5509
2096
7974
4566
7495
1313
5915
6523
5129
3478
6223
3704
7509
6933
2881
5406
5739
6021
2159
322
2703
1040
3620
2375
3539
4431
2422
7523
3088
3608
5681
7748
4059
2563
2656
1838
6975
5487
1288
750
6347
727
1758
5828
387
87
5217
3023
1938
998
4822
1696
1321
4250
2423
1196
4239
3726
5275
5505
3087
141
672
3099
1712
5575
2747
2807
4900
7556
2137
147
5248
1449
2162
5981
3492
524
5940
2354
6857
3825
1638
4063
822
6490
5886
892
7591
3555
5635
4738
7690
5674
1110
5804
805
6016
5727
4426
3076
5893
3592
4895
3329
2749
6623
1272
6609
4618
3859
7809
3359
1648
4053
7087
1520
170
6508
2854
2236
5944
1492
7872
1532
1041
3742
4431
1776
7774
3212
5366
655
2977
7918
1908
2434
3532
2946
3655
5717
7032
3116
2725
2492
4204
222
950
856
4485
5699
6808
86
1250
865
5896
4962
7542
3682
6936
2539
5284
251
7714
2710
6411
5907
1094
7262
3676
541
7456
6235
4634
1975
2261
5239
5890
4282
2407
6083
1576
6720
4583
2362
1967
596
7830
5311
5677
1370
838
2120
7554
1341
3586
201
6944
1912
1171
5556
3827
838
7838
5780
805
2152
4800
5575
4828
541
7525
119
97
3061
7236
3655
4715
4013
2971
69
321
6801
1963
6703
4563
1589
6859
5139
7372
4611
2138
5334
7112
7180
5457
3017
3073
7210
3707
7343
5867
7761
967
2503
3488
5405
1768
3311
7943
5926
3052
611
4004
1272
3177
5154
1115
6608
673
6452
4096
6830
2009
4765
7866
4026
2323
7998
3337
7278
1437
4044
4590
2132
2979
1651
2344
6795
359
1077
1669
5575
7008
5591
6924
4147
4072
729
5660
3089
611
713
6219
6171
186
1634
2527
7970
1432
1103
5742
1449
7176
4191
521
1703
1121
3584
5981
1556
1902
4485
3431
4939
1519
6390
3959
5614
3826
5410
5715
7336
3247
6864
3382
7733
1077
5819
2110
1062
3589
7419
3955
5903
6806
2856
349
4300
6950
6263
398
1458
4339
2154
728
5310
7234
4406
2680
2304
1509
896
5084
1994
6814
4084
4853
3226
6339
2164
755
1967
6077
1670
1335
4875
2927
7698
116
4946
5925
7350
1089
4801
102
3483
7938
2775
6466
3254
1478
2978
5752
7317
214
882
7151
232
6875
1414
3680
2043
2092
1274
5019
1217
1307
2954
2088
5253
7324
4207
7870
5971
6817
3902
1997
4638
2134
4585
6573
1730
1552
2953
1528
2301
5430
3471
3128
7611
2743
2926
3449
996
1289
171
5814
6151
6788
7366
4021
423
5534
2627
5992
5943
6527
1467
4960
6748
525
3911
4927
5643
5069
4773
6473
550
6387
5428
6276
3923
2284
200
7217
7167
2161
4500
765
7155
7588
6390
558
4361
7878
1625
5178
7072
1939
7246
1129
1078
539
5117
3273
4839
4490
4801
3161
6252
350
5992
7207
4958
4485
3121
7882
6214
2703
1141
1030
856
4047
7296
7682
7992
7960
3809
2588
245
6491
3412
4689
7332
6437
5197
6403
1036
3759
7461
3324
1367
6502
6590
4051
6596
5093
4357
6230
6952
7268
5337
6254
2746
4005
1754
2082
3594
6455
907
481
2671
1575
2335
4038
6428
6160
3996
7429
7243
5341
4934
5403
7204
1616
995
1458
7778
1721
2430
6718
6288
2245
2555
4561
7757
1728
2550
5573
6621
5546
2694
6185
3590
6885
2999
3689
4551
5125
531
1035
7660
3823
7105
6476
5660
7894
4752
5211
4046
7916
2515
2053
1246
4745
4606
4537
503
5416
4220
4230
5188
6262
3063
7258
4497
697
1524
4691
3544
132
303
3770
2186
7463
7686
7367
7793
3261
1096
2554
56
3806
4397
2121
6517
6034
98
1832
7623
935
816
4816
1430
4430
7792
7271
1673
6465
1934
4929
533
2562
5148
2801
672
2909
6281
243
4309
6752
2007
3368
294
6216
6556
2773
6206
7424
3678
1584
2142
6751
2519
6564
7677
518
5427
6641
2309
95
4900
5577
7008
5843
7956
5997
3619
2009
4188
4236
279
3961
2681
2187
5339
6592
1844
6508
1850
6994
2699
3904
3671
1120
7937
6661
2575
7482
6297
211
6488
7958
24
7404
2872
5468
5235
6808
7424
188
44
5445
297
5849
3429
3816
3352
474
7049
4585
922
211
3059
1690
3939
7666
1595
5634
2435
5642
5623
6328
7058
5555
270
5364
6908
2014
6941
6760
2110
242
2335
6692
2125
7693
661
3296
7357
1980
452
3371
1293
7834
215
6431
2222
1615
961
5862
4033
2663
4489
4978
2245
604
5170
7200
5176
5330
6512
4964
3497
665
461
2913
3532
2724
3580
7206
6019
3513
3111
7354
5020
2024
2923
4868
925
6117
5039
5736
5672
7902
1272
3456
6765
4983
4677
783
2414
1331
3701
4797
1325
843
1227
6289
1289
3714
2313
4294
2591
6476
6816
6156
2884
3950
3310
2455
6856
3047
613
1312
5446
6765
5911
6209
2883
6548
7643
2065
2876
7316
6289
7983
3210
2094
5489
2378
1212
4778
2657
2726
1502
350
2115
5897
7639
7499
3608
5301
4159
2191
1387
6249
7243
7528
3173
1448
3446
6462
3179
3764
4899
6580
3186
14
7133
2275
7819
7255
5870
7784
7981
798
3168
6881
2617
627
808
6944
6931
5018
680
5043
4710
4726
971
7600
1654
3372
6158
6119
2125
5024
1695
3141
2605
3574
4920
7180
4131
2036
2142
6950
6273
2434
5011
4186
4812
7171
2800
1467
3188
6665
4354
2876
7267
7033
5330
7389
4636
5617
5941
2957
4767
4064
2509
6478
2849
2119
1639
5188
2552
1608
2794
2398
7571
213
1832
525
2990
1748
5420
6992
7926
1696
1605
3849
7216
4144
4005
5203
3210
4222
3697
1965
617
2299
2918
5034
7144
534
3212
405
7951
3422
3274
3461
2665
2939
2514
7349
3385
1377
5039
3572
2047
2732
539
5745
1142
757
4376
2179
271
251
2988
961
6671
4984
6308
3778
3361
4400
6293
532
354
3511
6233
3325
5715
7276
5483
1472
6926
5753
6097
5326
2221
2708
7309
7643
3775
6272
2877
1220
1890
896
797
4835
3065
3431
4542
3464
6527
3281
1421
783
5369
2133
499
7356
5297
7109
5150
4239
6659
7567
5304
2377
4805
658
7201
1578
3333
4959
5427
286
3037
1149
1259
3809
4758
5895
7738
7549
4289
3408
4590
3328
6399
2810
7385
297
4678
1181
745
1434
2994
1918
629
6531
4837
6332
5279
1670
7974
4958
5200
2261
2128
4797
871
1335
4362
5423
6549
7504
6124
108
5080
5403
2380
3597
7347
6669
7293
501
222
3488
7402
6172
4683
4765
3320
7100
453
7142
5528
7767
2126
699
1604
3238
2601
389
2180
731
5260
3045
1607
6378
7993
1541
4540
148
4421
3824
6729
5020
5504
7377
2820
6169
642
4284
2223
7288
4922
2681
4348
4802
785
3942
2776
1626
791
456
4006
4699
2006
2531
3794
6476
1359
7532
452
2916
7970
2278
6036
3208
2600
4891
2639
6883
7079
2522
6473
3896
5902
1554
2564
2461
4889
7993
1168
4444
3006
762
821
523
7082
6385
7558
6082
4417
3516
5784
1918
3831
2821
2531
1942
7664
2406
4236
5598
747
3538
1882
4329
6052
1965
4566
6765
3503
2219
3212
2034
6842
7280
5304
5943
3591
1403
5380
3663
5594
4923
4329
