1610
6062
2123
6806
2092
2908
2305
2336
1770
3346
4842
748
4942
1492
7800
6244
2682
7370
6605
4165
2954
3229
4286
695
4007
6287
6754
3252
481
1051
7331
3316
2442
725
3668
4441
681
7005
6055
2119
3294
1074
2865
2149
5576
843
3920
7921
1250
5865
311
4549
7375
348
7114
1425
5748
73
2422
2792
2837
7624
924
4703
2549
5065
641
3470
6226
4312
202
6610
5037
2614
5124
3507
1182
6428
7636
2804
7197
1968
5087
5498
3259
3353
4672
2450
1067
1228
564
4555
2710
4539
3954
4002
1167
2053
6398
1439
1697
530
4610
5179
7826
6141
3783
2400
832
6165
4052
5051
3960
4436
2376
4838
5674
7999
2732
6185
6495
7041
1180
5449
1848
2094
7285
4000
7587
2543
422
59
7895
1792
7548
4023
5021
238
2710
3270
3668
2848
2475
3598
564
2030
3275
3465
2273
5892
862
829
1294
723
3588
1557
485
2187
861
2128
1512
5848
5923
5397
2419
3006
5319
4422
3664
4858
7422
138
1153
1430
1971
4507
6612
4364
7346
6165
3864
100
5016
1122
1576
5199
6540
1524
2276
5060
4574
5793
4136
6265
4421
4383
2017
2976
463
2543
4205
5012
7679
7200
2819
1200
539
2242
3088
6607
2825
2834
1063
4417
2571
7734
3020
5224
2526
1200
6814
1003
5064
5598
4928
7254
5181
5896
4128
4907
4401
4268
4571
1336
7254
7915
4387
5533
4025
7325
5342
697
7421
5029
4722
6796
3815
7459
3489
7814
3993
2220
5722
7946
796
154
5531
3693
6559
3570
6038
3678
4868
7120
1667
4009
4377
5560
2505
7090
3425
2594
3218
5044
4355
1217
2149
7630
1429
5317
2884
5491
5653
2699
6071
3661
5490
3777
5047
2219
68
6558
1504
2143
6032
4826
5014
2893
4502
1553
3228
1631
5923
5219
2859
4017
5027
567
6306
4410
7812
6732
7471
6288
2572
6109
5305
7180
7114
6833
6446
577
2311
4671
5528
4003
4386
2161
5167
4084
3704
2793
467
7058
7004
1942
5320
7992
2653
1830
5158
7736
6684
4204
2628
3710
4
4413
5474
6623
5612
7740
6008
4557
4869
5767
1525
3296
162
5843
2065
460
1863
7589
3
1809
2350
169
3375
4157
7476
1504
3421
7359
2017
7305
3249
4655
7624
5942
531
3010
5248
2927
3977
5686
89
2298
2228
266
3065
6463
4629
3976
2999
1157
7412
1812
858
7867
6449
4078
4770
5115
7127
705
1870
556
1607
5664
1194
5748
2699
4325
1910
3980
2534
2988
5706
7035
5815
4118
2444
1141
1709
2356
1032
4809
4024
2250
6981
1998
4282
1625
1266
5170
3324
597
4474
7665
7195
4893
3875
1018
5912
3083
2223
4481
2064
7965
2051
6393
1926
7299
7484
4015
1572
2379
615
2444
4682
1706
4281
7605
5755
6994
937
7574
1175
4755
7912
833
7947
1066
7964
5736
2496
7407
651
2079
2490
5564
1697
1615
4928
5432
2356
40
795
1607
7136
5148
5876
3919
1853
7344
7435
7927
1658
6976
6732
5888
5931
1456
344
6321
4539
5753
447
4619
2527
4303
5425
7818
7304
3161
5897
7308
2899
2578
5516
5758
2521
6000
4412
4658
290
6885
1846
5811
3040
7919
1905
1061
7585
3942
4235
779
2628
78
2127
4929
1771
5236
1075
3228
6776
7731
2769
3602
1256
7594
6991
6299
7904
2239
183
1144
3255
4352
4807
1858
7941
6981
6064
2462
3997
2331
5516
5163
3812
79
5503
984
5525
7112
6344
2132
5498
1835
2800
6712
3154
6129
3474
457
1624
2139
3654
320
1203
5419
3657
6032
4939
2536
776
4049
6210
7721
508
5848
6538
2428
7925
1810
4694
5817
3536
1392
3160
6416
2764
1791
1244
7465
7898
3277
205
1471
1331
2561
6388
5491
3625
7122
4552
29
3801
4972
2919
1662
6515
2534
4631
2645
3243
5178
2380
3884
2822
2345
7533
3128
7431
1497
6911
304
3044
4300
6437
1824
7528
2307
6537
4066
2201
4018
2092
5737
1830
7818
5054
943
2159
4358
2771
7461
1306
4449
7374
1365
766
5828
286
2565
26
7014
1442
7868
7588
7398
1411
357
199
4594
3785
3058
6199
3430
2577
7915
3705
6417
2934
3125
6476
6890
5009
3799
7541
5622
1328
1637
1967
7250
1441
7603
4158
4868
3277
1235
1192
3702
877
3747
350
1381
2840
2847
7493
713
6485
653
5115
5307
2954
591
1297
1968
6929
2330
2480
5097
7227
7073
7004
1689
6965
657
5750
7057
448
5214
2208
6486
6265
2967
4488
1198
1143
6389
2758
4435
5553
434
725
7238
7509
5138
3925
2410
6874
3901
7730
2959
7919
24
7900
947
14
1411
7896
3237
5356
4685
7417
4205
6671
1696
1544
6588
2829
2104
6152
5946
2026
5758
7865
5894
2905
1380
6529
6629
5447
4165
5743
5622
5441
6498
1195
7858
1473
3959
7319
7620
4523
5095
1372
4268
4344
7244
6051
3424
5146
2374
687
2170
2611
3548
2829
6992
685
643
4892
7636
5447
2527
4812
7434
6750
5904
2721
1738
5444
2838
675
1540
6813
1666
1873
5889
814
3348
2586
7358
7245
6010
5293
2119
7500
794
5654
485
5039
5244
1598
5891
4270
4927
7292
269
634
4329
6077
2752
189
3022
7358
1464
5212
7275
3404
54
7847
93
2470
7418
4360
1435
6071
1784
4970
4959
3703
4606
1005
1333
7239
7398
7270
2080
2306
3226
6671
4310
6484
2145
7136
5851
6905
5275
3855
7402
4974
5195
2179
940
2937
6369
2656
3349
7884
4207
5280
3192
1103
3842
7385
1261
5036
2682
3540
905
5448
5478
5944
7666
3432
6643
5001
2185
4006
522
2977
4606
211
573
7033
2550
5367
3256
4952
6389
76
2015
5757
6927
7618
2758
4253
6703
813
3264
5331
1693
5994
5288
4460
34
2577
2151
6589
6226
1360
1904
3759
6079
588
5215
7732
7171
4255
439
4585
117
114
6030
1792
7914
7275
6720
5036
5009
732
5886
5748
2494
2964
6423
3335
4527
1089
5315
5278
1974
1642
6337
2382
2456
4343
172
1841
5211
7557
4939
7931
1694
3368
1363
3707
6868
7722
2493
289
3643
811
5827
4990
4347
5791
805
3365
4677
4540
6577
2588
6855
2084
2534
3091
4345
3436
575
2882
6522
4110
6916
413
5620
5676
702
7671
7924
432
1036
4711
1255
7033
5036
7188
1322
7423
5559
4304
6021
347
7114
153
3832
2509
226
5006
2561
4904
6320
6086
6353
3993
3691
4237
333
7401
7818
5414
1823
1426
6070
1221
2380
6349
480
6908
3389
1483
6094
370
4873
5611
3360
267
2984
7891
1847
7867
5775
5680
5245
6833
7093
3941
6352
6196
4914
2219
4033
852
6465
3756
1297
6277
1598
3160
3208
4779
289
2566
3231
2096
6748
4126
6431
4650
4789
6096
6980
477
3081
1046
7783
6652
5302
715
2917
800
7295
7381
7844
6354
6615
7099
3778
156
4095
783
341
1557
7311
5800
6953
5267
6351
5976
1353
144
1602
912
6446
2929
7924
4721
6060
5501
2618
4590
7751
5843
1080
5256
1582
566
1002
4256
692
657
5641
6324
3427
3802
7946
3397
7934
7528
1258
5988
5123
7213
4849
6971
6617
281
3286
2861
3972
526
2843
1848
7966
3327
5657
19
322
6189
4858
3109
3895
4626
2412
1714
499
5279
3958
4841
7658
5012
1874
5662
5107
7
7697
1270
2730
559
4574
4849
1882
7602
3027
6000
7223
108
525
569
2107
4729
1553
7865
3888
1785
4771
4145
7160
4789
7985
3062
4402
7668
1179
3425
4922
466
7690
3053
3169
7933
6276
7347
2455
596
2472
7637
4029
2210
6635
4575
7651
5798
6325
4850
7615
5738
3643
7034
3184
2056
3516
176
1162
3930
3478
7413
4904
6364
5946
2162
3493
941
4459
1822
1708
1532
2754
1173
1407
5627
4981
1572
2340
2893
5398
999
4735
3882
7264
643
4383
2163
7214
853
5087
3792
804
668
2534
1284
5092
7849
4636
3931
4709
218
4024
3573
7714
6379
6177
7619
1655
1966
4973
5977
2908
726
1173
1789
317
6745
4116
3452
2464
3490
7500
5908
7096
3375
4145
4882
2187
3558
4267
1696
1982
4225
460
833
2001
3708
4363
2372
6081
7061
7333
3454
7995
2601
2813
6309
4955
3650
3416
4760
6597
103
6673
1376
2747
7176
7924
4419
6940
3009
4149
3484
7159
7356
7331
706
6799
2966
5947
1408
3051
2664
473
2833
7384
6368
6481
6146
5312
4589
2693
6488
2770
4385
5983
2042
4484
3644
2286
6166
6060
1915
345
2536
7504
7846
4437
5550
47
2388
2314
3553
7096
3603
1497
3813
2447
4827
3590
2391
4120
426
5838
6557
221
5476
2588
2881
357
5520
7967
1075
2108
7082
4363
6393
2394
7117
2757
7358
1279
2908
6652
2222
5920
6274
3196
4967
1384
5557
6165
1843
2476
5000
1469
1529
4383
3541
596
2288
4521
3076
2896
2670
3917
3688
672
994
5847
4307
1461
5112
2122
6134
2069
5999
5699
283
5487
6671
6891
2797
1788
103
4427
167
7504
613
19
2792
7931
2914
3929
7539
5632
3711
5870
3547
3409
6996
5320
5362
3021
1013
1726
5177
7511
6504
922
402
313
6275
3492
6877
3347
3978
7585
4302
201
3275
375
2094
1462
2495
929
1470
5750
4546
372
4624
5620
7788
3794
5595
91
1568
5784
4125
7638
4813
6178
3984
1297
2517
4021
7091
2657
6063
5916
361
3469
4095
4478
5267
1531
5165
3661
742
1470
4877
5676
6950
7790
2839
4694
152
670
2329
1904
7437
316
3246
7942
6646
177
3846
50
4333
6487
1816
283
4285
4925
5408
5103
1076
3505
3736
3101
7837
4638
3851
6588
1634
7764
7823
5718
3101
1162
21
2500
5506
5785
7755
7431
3966
2780
4313
7860
4052
4330
3247
731
2400
3511
1673
6410
1217
1303
3584
6853
7616
4834
5477
1396
3307
2920
2575
7991
2226
4438
7443
5882
7140
6827
7757
7281
6251
6739
4699
1289
3623
3082
3950
7972
2919
2181
2215
1460
4079
2616
443
7758
1521
5655
2984
7627
5103
655
6265
6339
798
1344
3033
5329
165
3229
529
1486
3407
6397
3920
5122
7063
3897
4484
279
1183
207
7796
7347
188
2291
4196
1926
5737
1086
7703
3978
6018
2341
4564
7914
5069
1701
6841
4305
1
1871
618
1601
1149
1477
5740
1876
6252
278
6439
6112
4260
1590
4473
4348
430
6897
1883
4461
714
2884
6175
6215
1166
7248
956
5356
5884
3644
3265
280
1784
5475
4896
3909
6403
3510
4802
2334
642
5643
896
1497
2397
6256
7171
4828
5148
4363
5029
1618
3683
326
6230
4322
5331
935
3187
2367
1393
2869
1605
6380
3356
3169
6875
4733
1675
4555
2320
3850
1291
6458
4592
3971
957
723
3102
2241
7202
6091
5528
2793
6664
3979
3935
1645
2194
7109
3617
3009
4504
6842
6384
2027
7160
879
3157
5280
2069
7449
5388
7113
1182
4044
1942
271
7446
1589
4291
7988
2539
1159
6857
6216
2512
6911
401
3048
2730
3755
2559
1569
3467
7009
101
5403
4452
594
4675
6529
3867
5567
2996
1245
3979
3840
5241
2727
2291
6250
1652
277
6217
1036
1194
794
7188
7887
4921
5160
7472
138
1303
341
6531
2676
6507
5712
2690
4243
6096
5933
7676
3775
2202
294
3538
6666
6050
2760
2770
1248
126
4006
3408
7621
169
1003
5737
7950
7590
4673
2223
4167
7738
7289
7171
1711
6831
977
5091
3491
5496
1225
2094
43
97
7395
5073
7208
1226
1793
5101
6359
4135
5625
456
4400
1863
341
3194
5781
3036
6662
757
1650
3460
1784
2225
6643
2795
7844
2168
906
2690
1773
874
1835
4656
7600
4185
3676
3281
1275
2534
7725
608
2365
5243
6684
7119
206
7567
1259
3809
2828
6197
2387
6541
2696
536
4062
4332
2367
3751
6799
217
7026
6930
3276
7912
2371
7720
4920
4040
3942
5427
7908
2556
7566
1073
2944
3835
3045
7157
3219
5078
7509
7052
4581
6768
755
6095
5137
7672
3559
5559
4889
7760
1856
7977
7814
6373
5534
1628
6828
4829
4703
7733
5745
866
3222
1743
3627
7194
6529
5371
3693
1583
5838
2131
4797
5380
6304
5715
6961
1757
3115
2220
3092
3560
1518
3559
1659
3226
2520
7929
1715
3088
4904
6659
6793
2754
7788
7763
6934
916
4807
5509
7033
3534
6637
3055
6581
2036
6432
749
1577
5503
6513
4905
7827
6090
3384
3352
4892
4586
3182
6383
543
4492
3697
5561
6033
701
6141
4986
382
7284
6760
736
879
2379
1271
1543
3146
7354
1866
7100
4722
5418
5790
7037
1909
7993
1606
5661
2732
7526
477
7088
423
3407
2350
4837
6668
5919
3550
3101
941
5289
4844
757
3576
6125
7290
5109
7598
4722
1936
5927
4092
7541
3365
7093
6435
7998
4876
5633
6968
3420
6132
5865
6430
5350
6380
173
5413
7719
2749
5801
233
1091
4471
7354
6194
671
7076
348
2363
6355
1417
679
1329
684
6973
5787
7889
5657
2519
4847
5727
7078
5143
2663
6300
7372
4844
3216
6603
1528
4117
6344
2696
3466
2425
5207
2265
3085
7117
4912
5075
4582
1453
4582
6455
54
4446
5994
5599
2534
6767
6878
3619
4405
2856
4259
4411
5424
6352
4878
4587
4454
4993
7882
2412
6706
5387
4038
562
5521
2215
4701
3881
567
2655
6871
4293
1703
5806
7110
4464
6940
1278
5459
5455
4399
5242
3448
5126
850
4705
2600
4581
1743
522
1120
787
4749
6348
7024
2921
4095
3253
3536
4300
2121
5268
3719
7075
6875
3165
5811
2542
6191
6089
6489
5441
5036
6351
5426
6153
1974
3707
5074
7796
3417
7943
3158
1868
6808
4777
3774
2562
3950
6926
5816
4548
2785
4105
625
4829
2296
4598
1708
112
3876
2558
4335
2446
6371
6939
4445
7502
1689
2655
1315
19
5085
7854
1652
3791
2429
1828
4517
501
6569
65
4198
365
7313
2510
2492
4995
7761
718
2024
7941
2300
6866
7057
1729
4391
745
7168
6116
7133
3934
1396
5966
4646
7115
4380
714
4153
2557
2718
2690
7616
5573
4047
6282
4808
6173
3060
4093
7630
1024
391
1518
7224
1176
5419
6315
6983
978
2625
4644
3490
3292
7241
4479
1462
3976
6257
4799
6432
2517
3583
815
2370
2149
7710
3927
7124
1167
5995
5948
297
3872
4812
7927
422
5839
1017
6770
2565
2118
5168
7814
3558
2718
7348
4958
1272
5938
7746
5326
4449
2129
5161
3337
993
6639
5672
4397
2525
6295
3889
7476
779
4092
3874
7435
6705
5448
3769
2092
1719
101
7424
3697
7246
4799
4840
6360
5307
6970
2434
1594
794
6835
46
5085
6741
511
4797
6633
5003
7954
2344
1152
934
1045
6398
1318
2469
7833
1844
3082
7393
4652
2849
3422
3813
723
423
6453
840
7705
7655
7262
1588
7342
136
2617
3000
7433
2100
2845
7200
7819
4159
7912
1751
7310
7958
6842
4001
5452
2587
7185
5401
7172
728
5836
4264
5894
6349
543
7203
5308
4137
343
219
7857
5294
5945
5724
4386
6437
2246
2782
7172
2414
5810
5724
2716
6434
3580
4196
1030
7714
3318
4668
3803
466
6992
2109
4154
817
2466
2386
3546
4809
6306
5204
7363
1714
2662
6076
6957
893
493
3724
6550
1851
913
1918
687
5293
5102
6367
4752
1692
1063
4919
3696
6893
448
1532
1235
7941
7057
3237
1634
1355
7757
2151
7643
1315
6801
6511
4790
5435
7155
1027
3610
2922
1329
2503
2556
5193
4849
1253
2410
2307
8
3251
301
152
4601
3187
240
7278
3681
602
7475
177
3730
3899
3644
2551
4065
1432
2945
4968
630
6161
4272
2146
6782
4597
5684
713
5421
4730
2757
775
3550
451
7547
3638
1101
3657
7175
1609
6358
3173
2373
4948
1284
26
4224
5690
6621
7156
5964
3161
3467
3014
1348
2227
1994
4460
389
6411
5783
3925
6580
702
6253
3025
1951
4981
1848
5548
5052
2983
6201
1115
3533
5227
2613
1974
1994
5037
127
1948
1815
5856
4216
7253
1998
5110
4919
4667
1990
659
3999
2212
3798
7238
4921
4192
710
4450
3855
5177
2043
1630
406
2786
2938
6062
4729
3924
4447
3592
1727
3323
1195
2973
4208
6759
5260
1055
3101
6458
994
4903
2879
5458
5013
2068
2536
5951
1859
7337
593
18
1106
6860
7507
3661
4854
2054
1542
6190
3619
2443
7197
522
6029
7532
117
1932
4472
340
4862
2279
4136
1815
5393
4005
4281
1401
5285
2326
5194
7765
3159
7573
4311
3084
5902
6237
6631
6818
6839
935
1476
4065
4781
2744
109
3086
1667
4821
5510
3452
6429
5694
4307
2989
6512
6377
5014
5624
1458
3600
1073
6960
3842
3368
4696
2088
6662
4299
7021
6864
1961
1325
3370
7254
4746
6265
2055
5556
1526
5174
2382
2782
739
1568
3350
5286
5015
7744
4767
4165
2545
7584
196
1924
3577
5682
1460
5111
7361
1212
5983
3893
6905
1090
623
2479
6093
2082
6032
5817
3266
3840
2846
4864
1064
4692
1161
4934
3097
3645
7248
2770
7800
1980
6716
6320
4719
175
3864
3811
4194
868
6726
7924
7312
3271
6779
399
4578
1228
2710
2783
6709
6674
867
6569
3682
5565
3460
4997
2838
632
6745
5243
3615
2548
5638
5500
7702
2367
2675
4015
3299
7046
5700
5947
3760
540
6197
1570
2748
1280
1146
5230
4672
4350
2623
6772
4422
7215
7464
3505
6277
4675
1829
2360
4801
2520
6024
5830
5712
1937
6607
7948
884
6474
4939
3146
6422
5041
5597
6518
3724
3607
2897
2428
6525
6564
5289
6813
7112
7073
7207
4717
2217
2414
4062
3693
6739
5678
507
5631
1566
433
3569
4781
2920
5401
5617
1993
2976
3436
5002
2376
7026
1165
2728
6145
2047
5819
4753
852
6882
3537
3617
6164
6054
416
5238
4760
7904
1558
4040
7747
5057
1752
1603
1821
1189
1825
108
4950
2145
6283
4139
1096
548
2198
2724
2806
4334
2128
7846
5889
4899
4594
4530
3986
4045
2642
4888
7582
5403
1728
4133
2997
7016
5098
2169
92
6216
3086
4326
7147
766
864
5259
1022
4119
4947
965
6078
2241
6107
5290
4719
6152
4196
1638
5947
2036
4754
2042
6410
6605
2982
6227
1827
2321
5652
7007
2335
7175
1479
6926
3081
6868
6554
4427
7832
4023
2157
3648
4592
6745
6063
7391
7903
6443
1937
5619
2402
5250
2019
3325
6946
6983
6845
5828
3064
6551
6928
4188
393
621
1467
7695
14
1207
7640
517
3077
2450
371
7018
5637
3881
6644
7474
1039
77
1156
2078
2046
6139
5801
7623
2625
2077
3138
5892
7346
6680
1256
1301
6532
193
6515
7044
474
5068
1757
641
5409
7750
7104
7420
1500
1376
3466
3337
1586
6792
5959
262
629
2034
3162
1540
6904
4859
3741
6919
3071
599
3686
2157
3505
4869
6833
4236
1858
4805
122
5751
5661
5696
1172
306
602
7585
7487
5067
3617
5083
2174
7519
5126
3636
312
3873
2737
354
1208
7829
2285
1526
5535
794
5752
403
867
1486
5345
3073
4662
7249
457
6174
1061
3936
2940
3794
6856
315
3104
2631
2070
1695
3946
4934
1100
5862
1980
2672
768
5725
6510
253
4497
2517
3968
5376
4452
5125
4805
3112
1247
7993
5791
7643
3033
7008
1595
2018
5392
4592
6195
5202
1284
1346
1860
5261
3176
6585
3498
648
7551
6633
3518
2450
6050
4100
5329
6557
4334
7349
6351
4437
7600
1755
2271
2802
1427
606
5889
3431
3240
2695
7378
5583
5104
80
4146
7425
6685
3315
7240
2701
6770
6391
2980
6418
4650
3311
1819
3805
1250
6671
2715
703
3059
7818
7866
6087
680
2735
105
1827
5823
5701
6392
5144
2784
889
6750
6057
1115
5866
6652
5477
3359
3325
4756
7919
7300
5143
6762
4513
4486
5256
5202
3763
5140
7933
7531
7513
6903
154
3653
6572
860
7483
3767
894
2535
2883
471
239
5556
3607
1965
2721
3701
2888
5113
1776
8
6319
6558
5870
6483
5283
520
5278
3989
7637
698
7743
4482
4967
4760
1883
5931
4078
472
2302
2681
361
719
6392
61
6878
7344
2746
6656
329
3957
4850
293
1502
782
1524
4052
7157
778
583
5142
788
6828
5103
859
7626
6079
7841
3644
2375
2869
6516
3595
7805
1992
5837
4272
2677
5416
2636
577
4097
1923
1491
2266
2261
713
1772
3922
6261
688
2493
6475
3547
776
4436
1446
6145
862
7031
2216
4174
3354
6158
619
1237
5731
1195
5178
3572
358
5899
2953
2051
2151
890
6799
837
3373
5259
7156
2457
465
914
3097
7066
4894
2462
943
7009
2445
6994
959
7984
5187
1283
2401
2249
1226
4752
1374
5046
6755
1944
7335
5157
6408
1022
793
6448
2495
6796
7565
6848
2345
6861
4319
413
4871
4370
4013
4162
3195
5383
5141
7749
619
6621
6274
2600
1009
2613
6783
4198
4741
1800
151
2973
1097
6096
6848
905
4266
2509
5028
5045
3090
6234
5707
2179
1112
3429
1400
6477
3626
1419
1612
5086
4053
6737
141
6808
4601
3016
1303
4623
4506
5829
6081
5586
7497
7794
1668
1249
5713
2058
384
7130
6301
2487
1078
2269
485
7116
1532
7688
7511
7418
7430
7028
5667
2856
6461
2752
7237
1776
5336
2966
4693
5998
6017
2794
864
1841
2388
5639
1818
7689
588
1710
1145
6615
5946
6085
7554
1893
6073
29
759
5071
1088
1550
4196
2021
610
1749
3044
7851
7904
3108
6615
356
6661
7394
5972
306
2514
4356
2364
198
70
5696
2580
489
7464
3890
3496
5598
5000
4467
4527
734
1049
4354
3917
2048
24
4341
3761
2626
2224
6713
6352
2562
4328
5387
7679
4761
772
2757
4525
2723
3485
4295
5472
6925
4761
6815
1489
5130
1891
411
1286
1771
479
6979
3997
4178
4651
4001
7573
5849
2705
70
1712
1028
3645
3613
3860
6725
3140
1547
6673
789
4709
4389
7593
1328
1471
5437
901
3993
6474
6516
148
4690
4829
7624
5736
7994
5019
6206
3951
7907
774
3329
7666
1426
6675
6974
1425
265
1277
2092
6936
5355
4697
189
4902
1228
5237
6514
4861
6721
4844
4941
3710
5778
3048
1539
857
3087
5174
4041
2478
6613
68
5484
4536
7920
1651
1482
522
5210
1907
7845
767
7748
5876
6605
5884
6306
5325
4709
4953
695
2330
4744
7325
4369
1537
2371
3638
511
983
3035
4363
7794
3408
4396
4575
7478
2080
462
5737
1888
126
7646
5890
1618
7995
7167
7436
6528
6199
4906
2909
7734
5026
5619
2118
4668
4108
5036
2789
3981
3797
7564
7577
1494
2140
2175
3835
7441
5109
2695
6164
129
1369
3913
1554
7113
115
7544
2445
6883
5261
3534
2564
3871
7411
2277
2438
3610
7115
1537
1102
1325
6776
1241
3608
4533
3600
1980
3430
1744
3068
7117
637
5164
132
1836
1587
837
4934
1511
1483
3791
2399
7437
2308
2046
3536
4101
6380
3829
6382
2679
6896
5669
5596
4787
7926
1795
5948
6760
4768
6191
397
983
4078
5528
302
6994
1673
6365
1235
3812
2116
6717
3262
1626
2153
3735
4889
3231
2658
5829
7985
2356
2270
4997
7612
2223
1699
5746
2954
5919
1604
7566
4930
6134
4991
3659
2592
4098
7062
7857
4832
1003
3807
1840
2323
2391
38
4711
3970
2122
3789
1052
3678
6808
7197
3813
6246
5963
7963
7979
7575
4371
6351
7557
4524
6628
800
7360
6236
394
3167
160
520
6468
4941
3282
3212
7004
2123
5237
201
1688
6811
5325
7157
6848
5539
945
96
3516
1133
6432
2384
5519
3942
6714
198
5288
3843
3303
5204
2358
3626
7108
2684
1561
6134
137
1389
4819
1738
4620
1039
6436
2514
6716
2008
1930
1056
3906
6751
7443
5568
1796
7056
6391
4770
7913
4850
6284
7517
442
6215
7649
4863
2879
102
527
3933
4691
6952
5802
7757
7820
6667
646
435
3789
3500
5712
4600
2194
4365
2181
2873
3406
7615
4428
4352
590
2033
6075
3281
5934
302
7069
2389
7855
7152
408
1970
5949
378
4371
4353
806
3099
2127
465
1881
749
7460
3301
2487
6294
1271
6091
6299
3980
4386
5826
7423
4661
259
6881
5832
1238
7079
5300
1914
5809
4548
2086
4403
2357
1813
7877
2599
3698
6636
7099
7705
4746
7888
4765
4837
5581
7407
1445
6066
2123
1654
1631
5593
2947
974
3914
1544
4909
3083
4014
229
2949
6749
234
730
7262
693
775
7567
4294
3730
5546
4670
5781
3336
41
4006
5689
5916
290
494
5784
2364
2298
7130
7950
2077
2023
4446
3718
1237
6774
7981
5244
2660
6523
3314
6673
2499
436
2322
6971
3672
3810
6771
1164
996
3979
785
1628
7293
3659
5568
4981
6639
5386
6133
5077
3355
3974
3724
1797
3724
5703
4290
1305
7438
5196
993
7247
2008
4103
5054
1393
3524
5976
4783
1889
990
5028
4167
4259
4952
1591
5674
704
5643
2097
1925
6112
777
7526
2696
7981
498
3734
1945
7702
6994
3237
2358
858
5758
3204
912
7196
6979
6958
4633
3973
4625
2944
2015
7414
7366
4617
4622
5095
6084
226
6179
6690
3960
2362
5955
5731
3143
7346
3599
5265
2183
6739
6092
2460
7274
6408
5416
4743
7110
5256
3271
3481
2453
468
7165
446
1189
7234
5224
1050
4201
2788
1597
693
1798
4861
5623
6767
5781
5469
6671
2196
6794
3683
6334
2778
5224
2563
827
5389
1431
2963
5419
412
170
5171
3399
4131
3664
2060
3508
7712
6227
2095
6429
1660
5810
5163
6307
7466
2480
6032
4596
1203
4865
7472
5057
5447
2609
1088
570
2468
2584
6134
7827
580
883
4856
1293
7824
510
2263
4035
6585
4856
6736
6368
3133
4429
5708
3766
6434
3614
1756
6204
4600
211
7584
2789
388
7659
1679
5184
2576
1169
1089
130
5034
834
7988
2587
5108
4856
1956
712
7724
3287
4789
4043
1876
215
675
6959
7333
3082
7347
1910
4650
2372
5117
4259
7045
2898
3341
7532
3069
5431
4550
2153
80
1109
813
6427
5523
4798
4295
5074
3201
4632
804
6237
3351
6730
6008
7745
1917
2803
2231
5777
1442
4110
6334
783
1559
297
6932
4794
717
4687
6143
4561
1096
7255
5133
5808
4393
7208
2282
2454
7796
6186
3667
2913
4474
4032
1861
2258
5882
6907
5535
6026
7261
5244
986
446
5698
4772
7095
5153
1242
1237
3246
789
3217
130
3347
4830
7150
2269
3221
134
3483
6825
926
3102
7444
3937
1563
6848
3232
1953
6586
5617
8
4769
6057
5851
1371
7184
6776
5509
4703
2541
1536
7423
7866
1984
1838
2826
6587
2627
7293
7026
3995
1976
4162
6055
2455
4559
3202
1962
1388
2039
1913
7685
3254
3293
7424
1207
6819
278
6344
2682
1446
3661
1976
4001
1784
426
5740
4422
3840
3142
105
3898
2234
4963
6326
6566
2893
600
6078
7784
6813
7555
3073
1453
4682
1628
7640
6677
1244
4795
1513
5980
3348
7439
5754
2771
797
7555
900
5498
5381
7431
1624
970
54
7650
6344
6249
7023
3634
1781
3575
801
715
1605
194
3555
4724
630
929
3636
7911
7136
2003
6911
1098
7362
7609
2645
5437
4227
7476
2125
6639
6318
4574
6832
4175
6660
5188
3639
3658
3065
6614
1351
5074
3848
6533
439
3673
819
2414
3851
6136
2756
3610
7118
4938
6475
499
2422
1169
8000
3895
1836
1120
6026
1086
4309
1088
7913
3661
1855
5794
1165
3063
1401
739
950
1875
1150
3155
7199
7687
30
1835
3558
476
1551
5867
5287
859
4760
1465
2769
895
2151
4744
6257
6956
7066
5655
895
3317
3730
3930
6088
1483
4563
2335
82
3939
1707
4931
4249
1473
7532
97
2903
6325
5994
884
5780
2706
4542
453
7983
7151
6085
5653
6426
7506
5753
5597
2149
7417
2222
351
6210
5256
2553
2820
978
3541
882
934
1908
826
441
933
7697
5850
2603
1923
1185
5813
4815
6892
2081
1997
2005
622
3810
2337
3844
2027
7856
708
4212
7430
446
2555
7862
4720
2658
3571
2381
7519
1290
4706
4995
7732
1353
3374
4822
2109
6071
1849
2171
1222
2890
241
583
1079
2106
5470
5983
3970
6144
5019
1812
4728
7117
3540
4392
5840
5113
7120
6592
4827
5688
2889
1143
6893
5519
7353
4038
606
3907
7765
46
7917
7177
7390
3269
2359
873
1690
5566
4604
2604
2029
4783
727
757
4222
5876
3276
2072
2635
6600
2385
259
6105
3342
5904
452
6631
5394
2910
2439
2443
6295
6114
3947
2756
6788
6098
4980
3073
4452
7139
4455
6934
3589
6266
4577
5465
2749
6113
1099
5317
7903
2721
2450
5583
6872
5673
4465
5507
7242
7537
6882
4608
4941
5389
6547
653
6386
2146
5182
2867
4867
1026
3781
2489
2519
975
508
5996
5993
3958
1998
6809
5185
2589
3806
2413
7004
4504
7806
440
774
1694
7176
3545
688
1133
732
3138
4530
7805
2827
5914
3976
4996
3096
2058
796
7987
5735
717
2447
67
2881
6819
5203
1223
7861
5862
4283
7836
6258
2987
1119
2456
4195
5918
1332
4169
5799
2938
3725
1041
1172
5504
7278
823
5811
5443
6270
4656
7833
2849
5850
3410
7368
1724
7789
1036
3064
70
982
3357
2546
4554
7368
6917
3764
1996
6318
310
3800
2503
6961
64
2294
2053
6895
3510
2797
6752
1047
463
1192
304
6931
6455
4
1904
3390
4980
4055
1818
5993
4086
425
4059
1471
2350
1253
5393
7112
7389
4521
442
5113
4871
7144
4218
5264
4016
1890
4863
2016
2272
158
2993
6777
888
4165
303
4661
5251
1843
7200
2000
6749
3233
5585
1009
1624
7933
5317
1949
6579
6602
7274
7043
2579
2502
3406
1789
7301
6685
5659
4760
6842
7627
4886
4477
1515
2941
5528
291
6147
2262
2648
3882
308
6312
3750
6878
6548
4976
5311
4228
4223
1650
7740
2037
28
2563
799
1126
6600
2322
7084
6228
7279
6037
3653
7373
3566
2115
64
3950
453
6283
6303
4619
3919
1183
1731
800
3414
4856
914
1751
265
