1872
4952
7303
4967
3142
4132
81
6930
4965
5243
6614
4785
4387
7991
3297
237
6171
898
296
4002
6420
3654
344
74
744
7867
7517
2371
5043
2171
1907
2698
7806
6598
2398
640
5491
1560
5941
410
5676
6262
390
5808
5037
7629
3624
1782
967
6978
4376
6493
1759
3179
6993
6410
6092
607
7404
1357
4245
816
3910
2982
6128
5814
6755
5059
5965
4717
7652
3318
7921
7154
5416
1074
1068
6468
1651
7348
4358
5299
2083
5829
2577
783
70
1745
7905
505
6438
5708
5243
5727
3276
6140
4528
7440
50
6307
7460
3934
7800
3933
833
4309
6700
7523
2118
1588
3353
5907
6136
807
6587
2413
52
4792
3956
3486
732
5763
533
3648
2350
1317
2297
4342
1483
4031
7265
446
4522
1804
4965
2533
1818
534
3300
4010
710
2931
2761
5183
3638
1018
7205
5447
1923
2698
4183
7245
1746
54
3646
4510
5273
5011
5683
6872
5765
4454
47
6164
5155
2235
4216
6022
2089
1115
7398
6879
4933
5256
3564
2259
1696
4256
661
7761
333
4994
7718
3896
1801
4713
2598
2427
5238
2272
2775
7218
271
7299
6346
4749
6889
1163
4299
6467
5895
2983
4326
7979
7535
5325
7901
310
903
2683
2677
2127
5444
4441
2789
7037
430
1472
2284
4506
1750
810
4716
6320
593
7560
7739
7927
287
3585
3523
3601
4988
1271
7650
105
5676
858
4303
4205
5399
7560
2018
5180
7420
7091
7152
6083
5356
508
2004
1719
2346
421
6619
3343
3754
4934
5202
7400
5723
3072
592
4738
647
1848
7573
5247
4592
3267
3420
1856
4326
6642
3632
1602
4358
6673
7455
3209
249
5926
5542
2640
4039
1714
5189
2883
272
6525
5593
6991
643
965
4884
4365
5036
109
6271
5525
5225
4881
6001
1901
7194
4248
7667
7460
4570
7555
4645
5670
2007
4368
7761
7281
1029
1745
3700
836
1371
5799
1005
2626
443
2156
7491
4753
1768
1714
5388
3959
1610
2586
6300
1947
4747
615
3575
4580
619
664
7615
5137
1068
404
6115
6890
3244
1391
6212
1481
4948
4715
1716
6269
1181
5367
4587
5127
4223
3508
7406
457
7743
2004
4156
4194
4930
7446
1107
5876
2209
5752
7035
920
3829
7487
6376
293
97
2294
685
7951
2124
5150
6308
2691
2114
4562
5804
5456
215
5730
5044
630
577
4810
3951
7515
7604
2837
7086
7383
764
83
5807
6184
4886
7167
443
4371
3895
2860
4105
5912
1080
593
6016
7948
6113
7010
6302
727
3582
5233
5059
364
3864
7362
1202
2460
1833
6074
5245
2594
1430
2034
7764
3556
5548
5316
5112
5438
6708
7020
6533
2220
1450
5951
1840
4415
2758
5893
506
2112
1289
4093
3096
1924
7969
1007
2648
1770
2463
577
3881
1694
1311
4923
7910
5569
6707
7392
4766
4108
2879
4979
354
3668
5105
4623
2809
6638
2694
6193
6984
1198
4371
2091
6962
3763
5458
1596
985
7892
2166
2658
1158
5036
2419
5080
952
854
6211
2695
1776
1915
805
5959
4038
1425
7144
3835
7947
796
1768
703
6276
4809
7491
4177
4056
4759
6743
965
711
274
7800
4083
4837
4692
4900
6716
5557
4593
6376
1270
1474
6150
1809
4347
6900
2598
1179
6600
3909
5518
5969
7832
889
2061
855
5093
7950
3037
247
1293
2483
930
5426
1039
7634
3381
1289
2418
6475
5236
193
3453
4374
1419
117
4170
7305
3299
2212
1317
7994
3389
1768
5116
823
2606
6477
6913
2710
6283
3220
1485
3534
2637
3686
56
5010
7818
90
2740
1090
6961
7693
808
1220
2961
4375
2819
7938
5388
7559
6531
6981
2763
6226
7733
7652
1040
3086
7905
1768
5034
3367
6910
1036
3952
4175
2290
6685
6346
7140
7472
4674
311
7207
7078
5746
3735
7416
2237
1399
5699
2407
4888
4981
4221
6257
4751
4980
4073
1434
2933
160
5135
5876
5791
6746
6958
2704
3855
2707
6686
2182
6702
7824
4530
5152
3498
3328
689
1549
3116
1346
2952
7943
2475
4062
5643
557
990
4277
4420
767
6111
4396
1050
6116
2504
671
2447
7411
3925
3930
6077
2009
4266
7802
1272
1258
1092
7021
6065
4093
4836
2811
319
1733
7732
181
119
3779
730
7253
5286
5089
7520
6519
6773
1012
7259
216
7109
1043
3761
7063
5752
6846
895
4166
2666
925
1877
7336
6767
1297
7047
5135
7237
7413
7042
3898
4255
1040
7713
7083
7785
964
7269
761
4352
954
4326
7461
4203
3581
4619
7967
4006
2514
1232
7578
2126
5669
5452
402
1461
3027
255
1296
7701
5792
3247
5684
7048
4913
6424
4441
583
1545
587
7713
7831
7698
1089
69
7825
4139
288
2837
2563
6147
4177
218
1024
6476
7404
4921
3702
426
6227
7817
1095
4384
3365
1011
7223
730
1351
3516
4794
191
4134
2373
1125
2510
1529
6587
2899
2836
2349
3187
5444
7304
7431
4038
7512
7729
4470
1447
5848
1401
1902
4639
1287
3474
83
2452
366
5569
6877
7032
4933
5038
7496
3093
1515
537
5822
3082
5915
4706
6848
1232
1202
7666
7868
7059
2253
7307
7776
3395
7844
6417
1266
533
3557
6869
4309
1646
4408
4154
76
5627
7333
904
1070
6296
3278
3102
244
759
6542
475
5617
6050
2154
3481
490
4140
6336
1066
4651
6531
2200
1632
4055
5592
5709
7816
6811
3298
97
7093
1813
6527
1981
7246
4555
2130
7653
5671
826
7465
6999
3162
7779
3324
7398
7172
4735
2587
5934
3021
6892
3235
2389
3738
1558
6196
90
5847
5351
3957
4335
1115
7434
3484
681
7024
5897
4023
6449
1938
6720
2244
6529
4618
1847
6254
190
4051
5315
6815
6011
5545
7615
7260
4213
7640
3963
4947
4463
3045
4093
4682
402
3512
615
3588
1182
3634
6203
4413
4595
2064
5399
1497
3942
4994
269
894
3211
4389
81
6400
3187
6155
280
2205
2090
1762
5904
472
7246
4758
7340
39
6417
2643
3296
4156
4771
5946
507
682
4286
1646
4364
5249
2407
6099
6119
1432
4661
3627
3042
4875
1338
3921
1322
5804
414
7962
895
3318
946
2572
6888
2803
6707
6353
3074
7426
2352
5869
2165
5516
909
868
4470
4708
89
5266
3654
7146
4702
4468
2537
6587
6288
4875
3525
2902
5497
4727
1771
638
7444
7592
1738
2315
1630
5243
834
3692
5633
906
2218
5450
2731
4566
3173
4198
1714
4420
10
5549
1506
4276
6419
5359
6254
2033
6086
6756
6593
6980
2281
757
1112
525
3224
6710
4041
2337
6545
6641
2206
6172
2555
6249
6712
5644
7729
4947
5490
6558
1437
378
7377
502
1290
5027
5592
4599
3678
2647
2563
7308
1902
1337
3708
2133
7680
1024
5368
128
4295
287
6935
5479
3784
7633
7080
2537
2410
1762
964
4112
2264
5175
823
4165
1827
6647
6766
2371
6370
5892
4907
2553
1707
1178
3648
2934
5326
6619
6694
7769
4680
23
7528
4463
5067
1356
5537
5850
6412
6392
4009
5125
1269
7276
682
5661
1364
1223
3277
7992
2
6599
3548
7515
2845
3020
4602
3785
7796
7445
1497
6374
4215
5158
7852
7531
1702
1357
4428
3605
4622
1805
5421
4974
4487
4586
3610
4354
142
6578
2861
2467
3312
2022
3440
6695
5458
6518
561
7071
5144
3782
3162
7288
7115
2668
6184
1484
2321
5853
16
5838
5288
6289
672
750
6308
3626
2691
3952
901
3429
6688
1114
165
307
6758
2803
69
4195
7999
584
3231
4986
705
3943
6287
4861
1715
3720
6616
6610
7894
4343
2480
1061
6923
2272
506
5016
408
4099
4283
4174
1633
4516
5975
5308
3123
2641
1879
2260
2338
6011
2397
600
2434
124
5858
7159
1792
2713
5385
4955
5447
4032
4708
2101
1367
1260
3082
3715
6541
4420
6754
4423
5524
3714
5958
1864
6832
5677
6051
923
6385
3506
7360
26
7547
2429
120
66
3937
4695
6912
3125
4352
2188
235
4280
2427
7946
5114
5523
4936
476
2698
4406
3564
2877
2743
3396
7706
257
7294
1211
958
6164
3849
3546
7095
6481
385
3041
548
2526
727
4583
6115
6685
7516
1234
6284
3163
1500
3410
3519
625
6084
1063
4796
1593
5438
4729
855
5784
4976
4659
3194
2148
6104
7825
6724
3606
525
523
758
6571
3783
7711
2761
5678
3187
2938
3840
4464
1940
6763
2872
5507
5824
4139
5092
3104
2672
7568
2991
3619
4235
6463
1906
658
1183
6203
2742
4309
2088
3864
960
2770
2571
5012
5612
2337
68
4684
4509
4135
4102
4364
1097
1153
7895
5738
3324
1282
1080
1662
4678
5718
668
3711
2657
2655
5774
4558
3789
7942
2580
6477
1481
4981
513
4745
5891
6923
2930
3569
7215
4548
1663
5057
7662
1459
6271
6040
375
4268
4556
6446
4712
6614
5413
5238
6934
4894
2531
6998
7626
5625
6994
7678
1899
5114
459
7353
3232
1258
1689
4717
1686
4719
4570
6779
2105
7832
4369
6736
110
4604
3208
7023
7745
4780
3749
7972
4391
4759
5646
5118
6798
5935
80
3380
48
3679
3324
1065
3198
4680
3613
3516
911
3998
181
7516
2504
2370
3431
3408
1234
4315
6208
578
7655
6248
2457
2164
6420
4153
7438
7314
6321
296
4675
6222
4977
5736
4289
924
946
352
7906
2115
6325
5705
2169
2491
817
7332
4077
6249
1796
6469
1538
7245
3388
2331
44
1151
7995
440
1858
589
3870
2600
6791
1267
1366
557
3657
2309
7770
4007
6067
2679
4775
1834
7768
2900
6584
801
5024
4311
571
4329
3284
4260
5513
1519
4237
5963
2209
581
1053
769
3883
949
2597
6849
2748
3896
5537
1066
7579
4747
3744
2894
4528
6697
4505
3354
7536
3681
4319
3930
7877
1827
122
1628
2134
7569
6895
7317
5369
4286
7006
4294
1466
1354
1314
534
1225
5280
5318
6261
2627
2084
7555
5570
6484
3403
5806
7196
2610
1641
3246
1470
2551
7485
3133
425
4011
2243
1495
7089
2183
2292
271
2013
6692
4945
3608
7371
2091
5558
7755
6123
2907
6534
4184
5365
5437
6431
5191
2203
1402
5460
3975
7329
843
4176
3596
6765
283
4241
286
173
5626
2671
6038
2164
6434
4801
6496
8000
7965
5238
1391
5545
4721
4781
3536
4094
7181
3692
6513
696
6552
4794
2069
7414
2501
2176
2174
4845
1687
5753
7002
3780
1650
2701
1112
5740
1301
7514
5885
3730
6444
341
3141
7035
2898
5466
2632
4329
547
7458
6759
2698
233
5098
5185
6809
2670
4626
4864
5616
7498
2653
3127
3445
4097
3788
7649
578
918
6395
1237
7066
6753
5279
3999
111
94
7544
7598
867
4829
7522
598
1887
4540
3285
5206
7529
5958
2892
6201
1516
2036
166
5166
4988
3945
1658
2131
5851
1415
5688
2430
7216
1558
5514
4142
1164
2161
4078
7291
5299
6863
3173
3733
7954
3494
5663
7375
1037
7610
7826
2446
6808
6091
1871
3812
7956
7265
1333
6295
1269
969
7993
1640
5074
822
2129
3306
5420
802
2390
3436
4516
3600
1186
4664
7973
7894
1662
4360
5129
4085
4719
160
372
1039
3276
7033
1634
714
5426
7344
2626
3804
289
2701
3415
789
5699
7684
3956
3483
1795
5287
3896
2911
1673
5097
2437
4338
7335
4281
1770
5412
4110
2874
4714
6225
6858
6210
7940
7970
5430
943
5306
5990
1427
1894
280
2145
3186
3174
1298
7542
1631
6714
7128
132
6470
6009
3994
3894
4721
4428
3376
5073
7609
4728
1568
3592
6413
4757
4534
5390
904
5804
6121
2237
1686
4859
3557
4309
5367
3523
6097
3825
740
5345
5846
3887
5661
1272
3917
734
6075
406
1287
391
2080
5358
325
5431
1277
1969
742
278
6243
3727
6517
4015
7341
4148
2832
3007
6114
3574
3516
4771
7791
6240
2340
6843
1867
6576
6997
3686
7090
3204
6679
1293
6032
3437
7054
5999
4832
7753
3280
5436
3729
6633
1851
7038
5983
5304
6421
813
4993
1859
27
96
4331
455
349
4469
5459
3844
4966
350
3251
3123
585
3680
4717
6507
3038
2984
1319
3608
4792
6160
1855
951
2371
6285
1714
431
6002
4399
7056
5146
3969
5548
5567
3373
7367
5043
4976
808
7431
2468
6442
2976
4368
1136
5971
6749
4743
4224
5179
74
706
6183
4413
3083
5526
7431
6072
5901
7695
7980
7480
1515
908
2243
2939
2710
6579
6489
1811
5985
5401
605
2504
1690
792
5992
1619
3739
2648
722
2982
365
424
1838
4825
5621
6762
6161
1381
200
6786
2504
148
3279
7953
5505
2217
4939
2501
4202
6124
1899
3785
3665
6732
3542
7338
4469
2254
6829
2720
1480
1601
6591
527
841
3668
7915
1769
3876
3970
772
5477
7056
4763
3271
7467
7602
1860
541
167
4793
5962
5723
5965
4889
5123
3169
6379
4985
6444
7775
2076
1256
248
1772
3624
3303
7575
2521
7543
7534
865
5622
4086
1646
4523
3847
7007
6735
5997
6629
3685
630
6612
3384
3287
7824
2525
390
5585
6765
6286
6405
5942
2906
884
4816
2425
3874
7854
5559
452
1737
3966
890
879
6974
2882
3058
3005
4705
6238
41
4215
2454
5028
2961
6149
4033
6386
6760
5414
3594
2397
1169
5017
5605
363
4729
4777
6021
5587
7828
6048
6892
5264
531
7382
2018
2358
1034
3465
6678
3960
4497
6474
3478
1047
4260
6149
140
5130
7942
2091
1071
197
7224
2089
1754
5081
3415
3529
6406
2265
5023
6956
7977
4521
4168
3572
6567
5329
7702
853
2802
671
5510
515
4082
6290
5389
1380
1131
1856
692
6304
2009
4452
7261
549
2558
4535
468
3147
7461
7860
7389
7412
4354
1795
91
5288
6822
2398
3679
865
3703
679
1441
3998
7326
2040
6128
4496
1047
7550
3659
5912
5984
1741
4554
3985
1915
205
165
7277
1415
2711
7245
7225
146
6339
960
2501
7056
847
5299
6867
3601
5263
7171
5118
2159
1626
1392
5751
5082
5535
715
1067
6993
813
6725
5934
5865
2004
3617
1860
6795
5484
7536
6241
1316
5004
7670
1048
7727
3684
828
3524
7496
1899
3696
1362
1719
2737
5988
3823
7074
6819
5404
6233
5883
7673
2901
7947
2498
7934
3211
5966
492
1193
771
3307
5861
4542
4626
4823
4797
4264
2966
4349
4886
7892
3268
7237
7221
208
2977
7459
451
3930
6418
2873
6887
6557
4643
6149
6058
6671
748
148
7669
3985
7066
7581
7244
5070
173
3904
451
46
3962
4571
3433
4609
281
4223
3636
2806
4461
1125
3043
1593
4921
2618
6705
2224
4510
1113
5639
3089
4280
3808
6410
5698
2770
5383
3383
3953
5504
4451
3646
1871
6083
3026
6487
1651
6202
7403
7317
6390
742
4621
7320
4279
4486
5380
4459
499
509
6469
3372
3643
212
5437
7410
2802
1753
3203
1840
4728
1119
5996
7805
5458
2026
3590
5751
769
4881
545
6103
1028
6100
2529
5037
313
3386
866
6140
3298
7825
4517
241
6182
1253
2633
506
1647
2815
1195
5343
409
2953
132
2637
4937
3765
45
3990
6236
4346
3189
1969
2666
1376
761
902
3046
4576
3555
4245
3457
1815
478
4866
4950
4436
1147
7249
5812
1204
6604
6001
202
1470
7189
2652
1892
193
784
1793
3737
2574
5658
7069
6942
2706
4164
3967
6774
530
7238
2051
4771
2146
7542
219
2934
639
7624
5379
7628
941
3530
3420
7482
6951
6849
3683
5507
24
4121
5055
3741
5686
6480
5271
3562
1625
1140
7974
543
4844
610
5634
822
2995
488
5220
2150
3794
2260
7861
2591
2076
2806
1598
914
5414
875
3617
6868
4509
2256
4197
6583
2868
2074
7237
1452
7187
1481
7415
2819
7120
6720
5462
6786
32
3916
2755
4179
2965
4331
977
1017
1979
2143
3642
3671
2812
3479
6288
7198
3634
3565
6019
1379
7731
2558
6723
6071
5003
5381
497
88
7694
7884
1303
5987
843
4534
2004
1440
1065
3711
2696
4776
121
1139
1815
1296
1158
7119
1156
3395
3229
1666
3018
2909
2689
4942
3215
4453
4280
3347
2012
1994
412
6953
973
691
6217
6276
4631
7580
6467
7537
6134
2724
3350
1877
4336
391
5150
1818
6917
5502
903
7717
1895
5052
3452
5033
2121
2526
6838
1245
6201
6378
5567
3114
2554
7428
4699
6730
7489
5710
5
2487
1738
1368
6346
7400
6912
2819
40
5418
7483
5395
1256
1859
7693
3855
5362
5168
7179
2652
5070
3109
5541
1922
4375
1445
1473
301
6270
419
1343
5283
6041
2332
190
4683
3289
1360
1782
435
5837
2276
820
2716
8000
6731
882
2336
704
6948
5928
5925
3632
6975
1994
1010
5869
6251
4136
7436
2515
2784
3439
3439
614
4923
6326
215
7762
2124
4174
3099
2861
2984
6550
5073
4626
1317
5440
2546
7496
3820
350
4550
498
7930
3391
2304
749
3957
2828
7845
3635
2322
5752
661
7660
2673
2278
863
3384
4066
1221
3790
4748
704
3254
171
4726
1253
5231
705
4942
5023
3262
296
5927
1265
4666
2548
2258
653
5869
1038
5907
6601
1345
6367
4275
7085
6213
5310
3939
7353
6683
6475
3647
5190
2374
3338
260
2822
2026
3211
4561
7759
5772
2274
2357
5822
1340
2259
7072
7386
3366
5901
3458
1595
6339
367
5345
6619
310
2148
1730
527
6302
1901
4585
5624
6841
5007
4117
5887
5232
253
4391
5400
884
129
2043
3472
6458
1545
4973
245
2168
127
4903
3178
6249
4773
6521
2951
2365
5820
1503
871
7518
2766
14
3827
1528
4217
2379
1025
231
620
165
6525
7026
1499
1610
1915
1514
7090
4440
4646
4827
7483
1792
261
1469
3550
1166
2269
3619
743
1358
514
5524
2672
7150
5843
3400
5779
7205
2939
42
5146
6415
6515
142
1720
3041
2132
4344
5287
450
5687
534
2048
3760
2023
7761
370
4659
2294
5636
216
6936
2034
5301
2506
3736
6326
4967
3231
2722
4606
4233
6413
5750
1204
3331
2027
1142
7544
4133
5293
2721
7050
256
418
1665
3864
717
7712
2065
3757
6252
2594
2084
7521
6026
4006
7432
1254
995
6651
751
675
6681
3312
4653
6175
7193
1255
5513
2974
5249
2544
5453
4624
3353
6427
5618
4358
4325
4139
7187
5690
586
307
4510
6773
488
4346
4076
1351
761
6156
1100
7750
7787
3588
5487
5838
3960
7629
1427
303
1863
2916
6326
1328
517
4274
3476
5055
1603
3974
7838
1587
3166
2314
3570
6861
3792
4961
3396
2814
4969
433
3275
1289
3234
5689
722
5256
5149
5481
6650
261
5816
2262
5242
6301
7843
5924
3562
6558
1322
1962
7445
6216
2373
4904
7547
5783
4687
2185
7084
668
205
4140
7258
4723
4974
3270
7297
2300
4163
3259
973
100
3481
1655
6954
7418
131
3146
4128
3871
3841
6070
5834
5312
3566
2256
5405
631
1897
6408
196
6041
7868
7057
4583
2375
7412
5508
7997
5840
6537
2891
3835
7120
1383
981
3935
2380
4301
5764
1681
5475
1326
5710
1724
5250
1970
5151
692
5767
7534
1649
4042
154
4741
4994
2079
6985
1797
647
2581
5495
6652
6732
1752
57
2785
1886
6672
6382
1432
4410
3526
6635
3680
1579
4583
1285
7996
1878
1672
4996
5023
6448
4589
6914
6220
5565
6800
5502
6974
4331
1180
5219
90
7399
5610
7574
7273
4723
6602
4932
6899
492
7288
2591
7311
2838
5732
3486
3723
2623
4050
787
6778
812
1359
690
799
1863
4997
6232
1819
220
6504
6511
7924
2127
1392
1644
997
691
7860
6744
1186
5159
7315
7510
539
4403
1087
4765
7542
5341
3271
3336
7892
4864
6066
621
7548
1949
4047
688
4743
1867
955
783
5546
5490
1027
5275
1966
4424
664
7178
6817
6351
7025
2979
3016
3979
3555
4429
3091
5188
7266
4217
3356
5845
4536
4645
3452
447
2445
2333
3270
6913
336
4909
4918
7000
3262
7725
1272
5304
3669
3378
7139
4610
3784
2706
1810
1194
4403
3093
4709
4274
5854
260
3820
6924
4512
4226
4893
4348
5387
24
832
215
6524
2691
1840
4828
7819
5644
3524
4790
3301
4573
2099
1751
3528
6846
3519
5439
4679
1417
868
298
4193
5586
2674
665
7372
5820
5428
1843
5081
5944
1335
3211
1247
3413
3725
6674
4501
3425
38
7753
1171
4089
7138
3693
3791
1396
3321
7676
271
3332
6707
1184
5813
7384
6927
1830
5910
3196
1676
2670
2026
2276
6552
99
3508
7973
4482
327
2059
6789
2480
398
5100
6534
1635
2820
5900
1321
842
2996
422
7896
642
7795
4894
7508
3161
7197
5597
5353
2454
6418
5489
6595
6826
3864
5459
1759
4782
5624
3201
820
5576
2421
1227
7615
4228
5047
7852
5959
4500
1426
5281
2867
484
7822
2365
7544
6841
2447
72
6144
2430
817
7691
5263
4780
4386
2427
4405
4743
5133
6425
6458
4814
6668
6416
5643
7426
3586
7774
3354
2388
5161
3552
5974
3945
4353
6532
1846
5346
7792
5249
6206
6902
5122
1389
4494
1618
995
2900
5266
6878
2918
6836
7620
1742
7815
7565
3687
4505
733
3826
2230
349
7704
2000
306
2661
5435
5723
4379
1326
2032
4335
4773
489
3496
6213
183
6368
4090
746
6099
285
5107
3288
5261
596
6546
6163
6478
4621
4390
5818
4228
6473
1139
6972
538
5265
2469
6074
2109
30
2123
3792
6840
1651
6181
4591
6814
699
479
3590
395
2393
4564
1379
2236
5575
6816
7980
4668
6172
4438
6142
3800
221
1154
6411
1176
7372
7292
1467
2043
330
6399
7608
1398
4693
212
2812
7210
5716
2881
649
2158
7688
601
2011
4671
5218
5146
5221
4445
7880
6849
6912
5325
7511
11
5922
5722
4858
1123
1938
6590
3854
6355
3454
2388
5544
653
5660
2351
3293
7270
4895
1215
734
676
5871
3274
6874
1737
6064
1680
136
3742
5236
3833
7063
5772
75
1901
7589
2358
3586
3134
3652
223
5485
2832
2709
1175
4502
2476
7119
7215
1620
5914
7500
5146
2666
7131
1209
187
5171
7044
594
6263
1073
1681
3663
3474
6498
7553
5128
908
4074
1525
6515
2515
6795
341
1955
7904
223
4915
1215
7067
5301
6990
6476
6295
1042
1144
2782
6354
3068
3626
4438
3319
4153
5161
1502
3894
3436
7217
1207
6251
2113
5650
6380
7516
6512
4441
2678
1857
1006
6060
2615
4658
4603
2676
595
3449
2310
1916
3082
816
4132
904
6252
6527
4145
1832
2752
1896
2601
527
2756
7360
6114
6476
6367
5166
6089
5536
6376
6586
2182
2973
4328
6080
7129
3950
1619
4332
6387
1723
6834
7917
6445
3594
7648
5762
3714
7978
7356
1053
3850
7467
5581
272
1214
477
1773
7020
3527
5180
5977
480
7219
1132
3761
4480
4378
2330
3121
6546
837
7381
7437
6087
2591
648
5925
4530
2873
4114
1006
6891
2517
3321
4288
6196
2424
3292
5140
6498
5047
4572
3998
5823
339
2934
1158
2982
3595
852
678
6360
3971
3117
1973
6276
7063
7721
1526
451
4861
5414
935
4194
2423
1669
3082
3676
1521
6115
4891
5018
697
5563
3651
605
3222
2584
6087
1782
6850
7512
118
1983
3507
6201
24
1582
3382
7986
7784
2370
6163
3040
2241
395
5987
4944
387
3126
4198
6103
3576
1072
2512
2713
5289
5689
6348
7443
4031
4502
6071
1273
4621
3217
1551
7722
1795
3604
1422
6741
77
5637
5749
4932
4268
2746
2302
5366
5005
7844
4695
3256
7019
4122
2468
6960
4745
6868
7160
4012
693
6584
7463
708
4659
2738
1402
6927
6810
6958
2640
91
1778
474
1991
4454
4385
4956
5857
6519
463
6999
2819
2472
1574
4970
6334
3898
5645
1867
7706
152
6303
5102
6839
2665
2682
546
781
4969
1506
276
4031
1384
4882
4222
3023
5895
1648
5546
7
7108
2174
5275
246
7950
2840
7861
3768
2860
273
6854
2631
6104
3
3686
4750
5591
4908
5870
1361
3734
2528
44
7384
6762
320
6523
6182
2727
2246
6411
1939
212
4571
5077
4321
7539
5315
4581
7979
6496
3699
2434
4464
2361
5754
5951
4314
287
2703
3803
208
6428
7332
2629
7183
3606
4644
654
6435
589
4900
1713
3758
5219
6200
2810
4518
2058
2341
2149
3098
3065
500
7779
3939
7233
3830
2214
6384
4389
3195
4301
5212
1011
5619
146
3338
7831
6249
2358
965
3432
5233
158
1142
2411
7604
2771
2280
3437
3213
716
1859
1435
6091
6163
3214
1005
6590
2060
7860
2263
4668
3772
6834
3438
7846
5237
4881
7656
4194
6976
1905
3238
2532
6118
7048
2096
98
6005
5750
2849
3914
2157
6251
5013
6488
2374
2998
6583
4406
325
2658
118
6802
114
5907
738
6265
4179
7398
4427
4672
6517
7015
4864
1558
2998
4634
7525
1317
7592
846
3509
3384
497
3441
2800
6042
7518
4284
1949
6980
5015
1740
3255
3362
4780
2054
5655
3720
4231
6690
2455
6382
5988
3879
1417
6590
4592
3633
6105
6470
5445
4729
5442
4875
6367
4350
2770
7198
3874
1700
3587
98
6332
4433
5225
3155
3521
7989
7491
1791
1116
5574
4954
2166
5660
7456
7339
6206
6232
1619
920
6326
3230
6359
6101
7725
1431
3399
36
5025
7283
7225
2134
2848
2064
5692
7848
7555
2896
5859
1270
5884
1280
5618
64
6628
7974
3413
6625
6592
275
1214
7681
5318
2641
3250
2025
5434
636
4281
2206
6509
7064
2168
5585
5146
7559
7935
3500
7738
7126
1717
1340
1868
647
790
7436
1018
7249
682
7175
5610
713
4204
5630
7491
3578
3956
2105
6402
94
5236
6485
3944
950
5957
7237
3354
7500
2287
2869
455
3084
2121
4984
5656
1582
6926
4207
1015
3029
7857
4114
3039
1021
2519
6948
6235
855
898
912
523
748
4756
5978
4817
654
1867
3872
63
601
4582
5282
6697
7992
1633
6509
1164
1654
2049
803
1135
6855
7662
4364
6626
5837
1328
2550
6123
4011
1875
3934
417
6915
5294
7842
874
3236
2663
1326
6749
5460
7242
5033
6563
6620
268
4233
2612
2196
3293
1717
6863
507
7881
3187
1747
5557
6872
279
7311
24
4775
3725
679
7379
3811
687
248
7757
2356
2349
5802
4042
1346
7335
1724
6898
83
5467
5684
1299
454
2184
6390
6279
7410
4929
4503
7422
7011
2975
2214
5298
3529
6651
5352
2180
254
7351
1855
6308
3070
5002
3713
3679
857
1186
1030
2391
4192
55
5584
7267
3987
2349
3228
5798
5779
6023
1790
1900
6617
950
4376
6992
5231
4784
6423
5458
5274
2102
4082
4457
2631
3990
4461
7069
381
4303
5240
5759
3298
4529
7887
5962
6011
1650
5974
4222
3435
6087
4916
1007
3241
3156
6585
2213
2182
6539
4042
17
1805
6248
1880
6898
3670
1548
2910
3240
5244
6689
2291
2710
6982
4082
1040
5082
6180
7353
4607
1421
1458
1493
4558
1310
7787
3734
2049
7998
2246
4708
4817
7869
3424
471
5029
1968
6471
4971
1012
1532
7349
6982
297
1964
2020
5636
578
5318
1531
5692
818
3946
2280
3951
7935
2279
6994
7360
7819
4759
6639
4805
1150
7491
6707
5115
7766
5173
7945
5346
4212
5964
537
4862
3808
7176
1597
4331
5621
4003
4349
7310
3506
1032
1042
1069
2631
1314
6605
4999
2070
208
2251
7791
2229
1173
2800
803
6579
2000
1554
754
6475
2036
471
5382
2565
7522
5336
5977
5325
2771
1
4839
5612
5394
7074
700
2432
5117
403
6256
2459
7315
2630
4271
1850
6785
6628
959
5525
3935
572
6574
4182
1998
5460
3136
3489
1854
6155
6097
3209
2359
6768
2703
4172
1780
4620
5990
1418
4461
1968
3669
5634
1653
2899
3292
1771
3253
231
6944
5914
7563
7583
587
5296
5674
904
5685
1263
7104
2786
3948
5074
6373
1155
1740
5810
1104
3912
4440
6812
1426
6441
7288
7951
4240
1725
6206
6748
1482
286
3234
2502
4403
5422
2581
7470
3671
6148
3323
2289
5511
2694
1713
1556
3474
1642
2455
4459
3980
2651
7413
4842
2281
853
3252
334
4321
3186
6020
7059
5680
204
3684
7409
5438
3731
1752
5241
1861
2753
2854
5273
5330
3594
6027
3887
1723
4859
4617
3809
6342
2867
6742
596
931
4106
1459
7130
2293
2797
2615
6751
3158
2849
1235
1543
4166
5332
1037
370
889
5503
5820
498
4600
5682
3985
373
5980
6306
2950
4064
1971
5371
2605
554
336
1773
7977
2448
1130
481
443
5105
7485
319
1994
1005
7038
6603
1693
102
513
2230
3111
5366
5007
862
4917
5997
1939
7361
3200
3670
2629
287
6033
2110
3195
6036
7733
4528
1167
7546
1921
285
102
2417
3553
7168
1122
2229
1115
7177
3135
6254
2142
4783
4950
4959
4098
3915
3569
4163
7062
5048
682
7227
1622
6190
6360
4554
279
5969
1620
1584
688
708
4812
4380
4655
3803
3141
160
3570
5991
5058
1715
5345
3451
697
4171
2507
2422
1028
1977
3302
3313
5961
577
2177
4082
3214
3600
607
5666
7059
7181
3264
2088
2916
7835
3506
7105
2788
2262
7981
597
285
5747
5172
6042
5741
2362
4857
6147
2332
3370
539
7857
819
6305
657
2917
4392
7787
5887
705
2967
2795
1832
3263
1272
5661
4071
6338
7405
3223
6223
5815
5349
219
6399
2344
3525
4870
4900
2758
5825
5160
7226
5165
485
5701
2282
4171
7036
5721
1181
6128
4297
3704
6319
5789
7508
7710
6752
239
136
526
3629
5529
7621
2657
3746
574
5297
448
4541
1664
82
3159
4137
5624
2608
7600
2757
6581
3105
5747
4650
5388
5463
1883
542
6307
4024
2324
7205
6253
481
7958
256
5893
6831
5945
3834
6460
1639
1680
18
4837
4651
7935
7995
2336
2537
387
3005
350
6947
5091
1385
4808
7625
2493
3882
6747
924
939
3496
1867
1033
510
2176
1330
7103
7634
7252
6519
4509
2043
6077
2549
3377
4436
2535
2542
1232
5946
6639
6948
6243
4578
620
6215
1223
2563
1501
26
7765
2868
1274
5781
