581
1841
4686
2483
5452
7580
5038
7799
1212
1401
7155
5551
6963
3441
7864
6463
3330
6314
1712
7943
1758
7356
6073
3687
1291
4600
4584
6155
3212
4171
4363
7142
1620
6562
2770
5555
6673
4801
5335
5295
362
2954
628
179
6246
6195
5391
1081
517
5637
207
4081
5455
4582
7315
3443
7196
3826
1296
6431
3990
194
3847
7330
7683
3476
6999
300
7273
3774
7239
1136
2811
151
2096
4788
4439
1514
7140
3371
2297
3778
6816
7706
1120
513
5495
7931
7122
7355
7598
526
7440
1788
5605
7922
7606
989
3443
7250
1167
2579
4293
3645
7095
2344
4559
7415
820
4186
1854
161
496
5257
435
2198
2159
6881
3513
5657
4219
4376
5903
2218
4196
1653
4824
7194
3811
536
4095
2671
6403
4559
1678
824
7694
2199
6187
5097
3568
2344
7063
3891
5218
4097
1837
1933
3151
7803
221
3272
4006
7059
1049
3051
4777
3134
2343
3670
6210
6023
449
5905
972
4733
1885
6714
5142
6594
588
2236
2616
6703
7762
7098
5855
4571
3551
818
2037
533
6883
5571
3280
765
7443
806
3364
7126
1909
4687
5581
1789
6959
7353
2182
1946
2729
7920
3989
5260
3168
4729
1861
1394
7088
5754
6180
1902
5904
5548
560
5962
5438
1541
1400
7627
2728
7000
2448
7867
6351
927
5991
3995
1726
5112
4096
5768
1919
715
117
2901
103
3173
2783
7982
5113
2627
1321
5903
5549
6559
2645
1221
6071
7987
2139
2746
4419
392
7868
1931
4343
5331
1113
2743
1071
4987
7678
10
2395
4491
7276
1954
1376
3619
4459
2598
3587
1800
3517
4006
4256
6695
4566
4990
7233
1348
3736
4119
2006
4508
2868
2857
3445
5573
5841
3889
6192
1968
2538
7563
4142
4574
4274
3250
2319
4078
7901
6319
3095
5693
5127
2658
222
577
723
2500
6410
4010
1454
2203
7179
5026
939
3172
3154
3071
7317
1317
2422
5639
3617
2020
4501
5787
5855
6987
3218
5600
5350
3204
3578
5214
7844
1422
2338
4275
4113
3443
1223
6494
4699
1884
3750
1573
4729
1804
5274
4892
3868
6109
2396
5947
2160
3719
7331
136
1295
231
389
1329
3507
2427
5945
7008
4125
1956
4318
6535
5894
3301
4387
2412
2125
5230
7008
3293
7374
5830
3657
532
2751
6455
7775
1057
1120
5572
3306
5860
1884
1363
7562
4373
2970
7707
5762
840
4377
6567
7151
588
5134
5396
4500
5358
4189
4096
6087
1713
4338
1045
1663
7377
7234
4608
1549
3903
3110
3216
2910
4943
5421
2007
437
2125
3895
399
7904
6320
4616
3879
7597
2675
4019
4545
2682
6323
1331
2510
2554
5647
946
7237
4762
679
1770
210
6804
5714
1206
4064
5173
987
436
5007
1635
2140
672
1072
2461
6821
3750
2665
5365
6572
6216
4696
5631
4197
7860
2988
5025
1616
1870
540
2456
4320
5083
154
3123
505
6323
2041
6599
5007
3934
1227
394
3923
2280
744
340
2892
2364
1693
7966
6179
6236
671
1912
7613
3092
5594
4732
258
1322
6896
7017
6532
3270
6504
2985
6632
1788
82
7951
7090
6217
3151
5121
3237
7054
3631
6325
2105
709
6428
5733
5834
6017
3195
3617
7905
5450
6587
7846
6174
7
6293
5881
1289
130
3919
7966
4577
1146
5564
102
641
3830
5506
6230
115
5025
2504
2818
3126
3272
70
6602
4574
1949
7061
2687
1528
5350
1820
758
3310
1744
4842
815
1608
325
4148
2170
2153
6986
6016
4213
1217
2003
7771
6134
1920
1197
6265
1913
2989
2709
2206
4339
1813
2345
7800
6686
6133
736
155
3946
7391
3050
4592
6646
4360
1101
1007
6085
6372
316
4991
1582
3526
2809
3066
977
82
3996
7383
4079
3149
6386
5704
6292
2839
7085
7248
5913
2601
637
4111
3503
1117
1814
1283
2694
3507
2777
5969
7938
7281
1959
2738
5217
5821
5375
6101
4402
7024
13
4418
5757
4283
5614
4578
4510
6812
6400
4218
7233
606
4243
966
7805
2020
5551
337
6681
5251
7313
297
2404
6843
2764
5404
5638
474
3303
5836
6743
6225
3546
1943
7067
5720
1020
621
2499
5442
7715
5205
7356
997
4029
5327
2223
5038
5270
3424
3488
4655
6433
5725
7479
5441
2701
7977
2106
2051
6134
3835
6754
4652
7000
7687
2352
4273
1839
2280
694
4389
7479
213
3925
3951
4779
923
855
1894
1401
2449
2194
2369
3564
7700
5646
2024
3693
5737
7012
3328
950
6669
1377
5367
2130
6291
1160
6496
1132
1429
1009
1053
1522
1154
7525
1044
7103
68
7080
2834
6525
7172
61
1133
5447
2114
5720
799
5693
624
1077
6817
1692
7912
4455
7638
5359
4907
5139
4065
5807
5513
3256
4962
2500
7404
3144
7602
2152
6010
5517
3413
3958
695
6898
5109
6459
7771
1475
2635
5721
2156
6063
4116
5632
213
605
1174
4416
612
7246
6191
2342
3095
2391
2377
7178
131
5762
4799
2202
4996
6548
427
1265
7732
6413
1641
5295
7155
4610
3003
2703
4548
6758
1268
174
5859
3803
6666
3636
2647
891
2655
3429
812
3917
1685
1648
6867
7332
7521
3716
6904
5484
7511
6268
5515
3298
4147
2128
5683
4511
3544
5899
6456
5456
7572
7096
1912
5612
352
3102
1348
1355
1176
6851
7713
1852
3759
4438
6896
1786
6970
6143
5610
6747
938
1929
5839
1240
1877
8
6282
2360
3913
1850
1949
111
4472
2798
4745
707
961
326
112
6569
5012
7866
2950
5111
580
2611
468
6
6748
7970
3075
6158
2679
2886
6720
6898
2382
6960
2675
7572
3791
2810
3359
4235
4745
5290
3549
6872
3263
6466
2024
5974
6822
879
2355
2529
4801
5036
2582
7523
7592
2754
3939
4346
5048
5488
5205
7684
464
6068
7255
5732
402
341
6714
7781
1271
7808
2303
7288
130
6597
4972
5266
5777
7693
4362
3259
2475
803
2855
2096
2649
4402
5208
7570
7097
3058
7864
2788
7779
306
6048
3792
1583
726
471
6243
5950
6769
777
569
5300
3122
4319
3596
7434
4132
6512
7108
4330
5971
2650
1393
7721
3218
6994
233
6680
5803
2933
5531
4116
6520
7845
7336
987
2993
550
2415
4881
4194
2630
2703
6799
3869
6744
2202
524
2286
4711
3746
2315
5138
7525
1925
7679
4005
4771
4823
2307
4792
450
3261
1749
1626
1187
750
2090
4501
6820
6417
2358
6180
64
6160
3294
2065
4174
5925
4309
2200
458
5016
6744
7577
69
4678
260
1132
2166
2982
5828
3743
337
5630
5603
574
1172
1781
4579
7033
7854
6708
379
6453
1371
5650
2121
5435
5383
2761
7307
6030
5764
6972
319
2493
2214
3036
4250
6170
7177
7931
2105
7191
3711
2584
2892
108
2527
3389
6563
3817
1207
5257
7285
5908
1341
1658
4746
5130
2611
7701
3324
3322
5470
4340
5171
2976
5192
4466
6166
1116
1536
5977
6218
1094
7700
5010
7223
3566
1397
982
2547
495
5487
1288
819
5156
7787
1771
7615
4765
4549
4276
3260
463
7528
7487
2510
4647
6369
5309
6170
3349
3804
242
6853
3297
7323
1698
7849
6621
5273
2358
5264
6173
6693
4714
2837
4137
6029
2890
67
5356
5317
6960
7508
4110
3852
7208
7062
6541
1540
6943
628
7195
3549
7286
6632
5605
4389
969
2830
3262
3039
6516
1430
3172
4471
197
6892
1318
4785
3251
1852
66
3701
6237
2612
720
2340
2968
6857
2334
7133
2077
1802
7030
5811
598
1324
5280
4889
3294
3837
7541
7886
3622
446
693
6290
4454
1335
5532
1429
2110
237
3128
6336
6658
3879
2762
6544
2132
5448
2419
2949
4350
449
5677
5093
6617
2491
6157
3949
3784
1877
4700
5345
6790
6407
5470
4953
2261
3769
3298
2382
3266
3790
4555
3273
2308
1190
5238
6553
5602
622
1894
5625
1897
2777
4441
1970
38
6767
664
7704
814
3913
3284
2108
584
1724
1558
3350
4803
5421
3978
1122
477
2981
924
2063
1718
4718
6950
6275
4383
2071
110
4396
7939
2127
2498
2574
5059
869
2202
3251
3761
1775
7016
5106
4096
183
3599
2930
7383
4609
6536
5849
1233
7584
4757
5038
5521
1498
3127
3747
5182
1118
7483
1376
6978
1863
5268
2441
1513
2517
7281
3589
2010
5966
4491
7354
3360
4980
3755
7167
6300
7093
7940
799
5707
1874
7007
2116
1043
5878
1919
7599
1810
2585
7507
3235
3676
6701
7024
4601
875
1235
4384
2291
6271
4620
5595
6302
6879
1922
3271
6046
7919
2281
5936
5767
4427
3155
5873
7922
3417
6250
2899
6535
940
3766
4212
1477
179
3566
424
6215
4244
2627
590
7983
3352
6934
2647
3364
7225
1395
5544
3743
2777
5252
686
36
3756
1232
7042
3938
7019
4179
3266
4765
2343
1657
3098
2226
5377
6007
4841
6165
3994
1715
1156
1760
2112
6606
4669
5643
2940
2666
5331
7965
6144
3750
7745
3637
3840
3070
3074
346
7438
4704
2949
7402
4398
5432
5430
6544
960
7258
6707
3551
7560
2750
4143
6459
4408
5779
6293
7756
7267
6241
3068
4680
5002
7430
6404
6966
7549
6677
2854
5533
7921
1720
6723
3459
2242
2766
4797
112
1318
4866
484
736
783
3618
2335
3170
7176
5941
2985
7176
3349
6604
3948
5526
4821
5338
5051
5497
335
6433
7404
6834
3525
2498
1884
786
2571
5306
1033
5659
2008
7946
7785
6333
1675
7849
1681
5806
4374
1676
415
5077
45
3945
900
492
4078
2933
708
7344
4649
494
6068
5665
1748
5380
5304
2639
3222
9
5382
1977
912
4189
6848
1590
6241
3083
4315
979
5706
3682
7179
2533
4162
4880
1258
7287
6297
3543
525
7066
2283
4709
6307
7124
3216
1689
4044
7999
312
5933
397
6927
1879
6140
6723
7304
2177
7832
7653
2934
114
1303
6678
4707
7922
142
959
2014
1880
2403
5951
3625
3832
6326
1904
3647
5497
3115
1163
4613
2317
4660
2003
5345
4897
3181
7673
7018
7856
526
7221
813
6415
2546
2215
873
2533
6834
3750
7068
4121
7965
697
2999
7880
6853
226
5126
2914
6582
5626
3244
3983
4277
4603
659
2993
3800
605
2015
6609
2284
567
5029
7066
7246
6932
3175
310
4967
3217
1727
1
7905
5373
3964
1606
405
4057
5532
2075
2665
2738
4469
4422
6080
1187
854
6473
3587
2390
6766
1415
6898
6509
7886
760
1010
4462
5581
7391
2348
4465
5205
5436
5113
1267
5598
5520
1109
3560
5324
4105
7175
2299
1403
7653
4157
3799
394
1274
917
5610
6937
1229
6124
3856
3765
1975
6933
379
7489
4526
2990
1833
3990
3492
7066
3025
7471
7431
2165
4614
5342
7985
5515
6640
2755
6655
3081
3251
3003
2644
6441
1020
1461
6215
4049
6609
1211
1296
5150
1507
6548
1900
2659
6422
3133
5923
355
637
5651
5147
4637
1957
4260
7596
3403
1662
5183
751
1088
4769
4963
1791
5204
5805
6492
1824
4906
7808
588
6226
7252
7648
5062
4218
3979
6861
1861
3820
7157
4526
2933
4258
3840
5561
6078
4352
4159
5494
6224
2528
312
6476
1595
7006
6395
5570
2421
1290
3078
2345
7823
5653
2274
5098
758
210
2228
80
1386
2108
5454
557
3073
5611
6253
4729
1055
7380
3107
2308
1940
913
5727
1469
2563
3142
6462
2312
1177
5656
7546
4057
3879
6217
5785
6536
5839
4726
7339
6979
4129
1643
7179
6953
2851
735
3763
1655
638
2163
1938
6988
7511
2906
1114
6365
909
6239
3597
6085
6692
6409
7827
6775
6416
5804
6176
6980
5193
812
6916
4982
794
5266
1997
7673
6048
1064
4724
7361
6457
6117
1876
6210
5895
7960
385
1299
1305
7184
6078
5624
1711
32
3047
7030
3031
691
3591
1872
4533
4281
6127
2580
4836
427
1460
2024
4222
3118
3935
6055
536
2723
157
3886
7654
2335
6540
6422
4179
3455
2931
595
2282
1202
6002
3523
3453
4472
7389
3246
51
7458
189
2922
707
2032
7632
6019
6385
3719
6585
3269
2741
6400
5025
4120
6560
2734
3097
2943
2484
5937
7461
5955
5508
1483
2356
3857
5436
3786
2315
701
5377
5919
1742
5262
5086
5285
7080
7965
5581
7693
6593
582
6603
4227
1935
2939
5729
6016
7309
2235
6047
925
1085
932
6062
5062
3412
6124
6313
3381
7547
4837
6121
4090
5739
1563
4968
7498
7414
2490
3220
3484
4496
1677
6428
7632
2737
5447
4354
2487
3406
4084
832
5928
5351
6932
6978
13
5041
7178
279
1431
211
5704
1725
7691
2425
1414
3399
5647
1768
2653
2130
2631
243
5930
5821
2609
6259
2434
1816
3044
401
4010
297
5103
1424
7741
947
6602
7386
6562
911
3810
6781
5669
4289
1293
6497
6011
5260
259
957
1614
6022
5529
204
242
4885
6419
2697
6375
561
4065
4079
3688
918
5699
2845
3875
1946
3456
550
4480
318
6058
4962
2818
6996
1922
845
1331
6006
1213
6077
7458
2843
5389
3854
1935
6238
7503
7572
4857
4413
3001
499
7255
7345
976
3921
1776
2820
2426
3118
7473
839
1369
4082
5963
6665
5122
4454
2547
6497
6440
6820
2339
7242
5177
6921
2255
2518
2667
2997
3858
1309
6749
2455
3089
5698
4052
3305
5983
3817
2820
543
141
3818
3718
3741
7503
7825
2732
4532
7741
7712
893
4778
2386
276
6684
1145
5550
3792
4174
4023
6908
6052
6272
7550
7315
6251
21
2857
5025
3414
5658
3140
6466
7395
2040
707
2049
1830
1675
4642
7095
1907
2229
7018
1500
5116
6726
4653
7764
1799
7363
1119
7148
2858
5074
6179
2989
6661
409
1721
2378
3831
3905
106
6697
3227
6962
649
3253
6867
1205
191
1148
678
321
1866
5854
4092
1021
7331
1973
4628
181
6020
1841
6859
5149
3572
3527
3830
7079
641
2735
4744
1813
6218
7091
1579
4598
1291
3076
6501
1247
4187
5469
5446
1207
4499
7093
7608
7266
7063
5260
4130
2786
6190
7933
1561
7813
3899
6559
2700
1385
3240
7858
5260
6471
2542
6773
4274
1296
2822
689
4695
452
304
3893
725
5622
5052
1950
3539
3322
2455
991
4243
1130
4327
7564
2638
4302
578
5902
6858
894
5748
5565
1905
4192
1190
4802
2245
326
6593
2672
4317
2555
7030
2197
248
3525
6443
5987
7804
7507
7410
1736
7588
3845
2933
5864
2879
5469
4449
6438
1612
6278
3935
6818
2537
2826
6536
4487
80
7832
397
3079
2439
1494
1514
1365
1601
6067
5895
506
4930
3806
4118
3941
258
6440
1293
7993
5286
3731
7301
5907
7414
2636
6679
2720
5559
3479
2426
6743
7736
4966
6667
3448
6969
4233
6278
7320
5935
2841
5793
653
3519
6082
1221
1582
5752
1579
3344
4986
6580
6448
6331
4750
3126
1844
841
3929
4669
7215
3797
7592
3656
3462
702
4190
6403
692
1770
1485
3409
3672
572
1081
7025
6415
3904
1861
3799
2777
627
854
6976
6565
4811
6534
6437
6115
7839
7928
3999
3424
6761
4775
4163
4453
6963
549
1532
6417
6594
1154
3310
3661
1810
3489
3592
1979
2047
402
5370
2704
3713
1815
5882
7041
5086
6288
2709
3931
3182
7450
7153
7126
3456
2131
3297
6132
5995
5006
1080
5635
865
418
4649
2918
791
7767
5822
3527
4859
3369
2895
6257
1079
5713
7564
4180
7784
1772
459
3662
765
2937
3952
6389
3185
3730
6745
743
7931
2201
6130
4516
6405
3571
511
3255
1293
7704
332
5288
5969
1543
2631
4725
5656
5359
6803
2146
6638
2357
3508
2623
2114
6995
471
4687
4339
2726
1360
3742
5774
1430
1237
1739
3695
7629
6581
7478
5435
2991
3319
5923
4796
1142
3229
1187
3750
2553
7647
6073
4406
2311
489
2961
6065
7707
6695
7485
5115
1052
7714
7447
7729
6745
571
3415
101
7864
4063
1945
5085
6008
1067
7422
3066
3787
4391
5486
568
5743
5098
833
6597
220
4886
5398
7044
7834
1275
6974
5573
1442
2108
4405
2002
4043
7878
4136
3961
696
3204
4723
133
4679
1246
7427
7130
6170
6812
4695
3876
5993
5756
3016
5306
309
7759
787
6993
1151
1473
2289
1586
4503
6655
1538
5948
767
5331
66
5706
4372
2918
7261
409
2041
6392
3160
4380
2194
4601
5677
2575
1916
919
2294
1475
5465
2590
6910
2709
7339
6392
9
1114
1355
6683
4871
3262
1661
2183
2954
7650
6121
2436
1535
862
1276
1185
2688
6410
6904
4926
4483
6265
525
3437
6675
6621
2420
200
2274
4997
7077
516
4544
4216
5717
5366
3212
6886
6660
3890
6672
7078
2559
4472
5497
5592
3316
5443
4554
5566
2272
3300
3022
6803
2775
7072
845
7013
7216
4291
310
4591
2521
4349
7401
3651
4327
4641
36
6058
765
2393
836
4199
4489
5867
6498
6108
1628
4557
6823
5490
2428
7736
6624
3488
1711
238
7500
1565
2997
5683
1610
7542
6852
5315
4696
1673
2728
5735
3693
5221
3244
4292
2682
6023
4905
5925
211
7558
1247
3229
5965
3542
3732
2353
4154
2510
2605
341
1877
2509
6879
4807
4739
4560
2372
3317
435
7718
5064
3139
2704
6160
4789
95
7647
551
4439
6178
6335
4562
3868
6646
3606
5768
6593
2384
6143
5745
4000
6349
5806
3159
7396
6099
7504
4124
392
7424
7279
1505
2890
6118
544
2872
7402
2035
5987
2782
4182
1757
1678
1898
3667
5483
5869
7538
1704
3161
6630
5058
3518
70
7597
1371
4097
111
5811
104
1091
7619
4641
579
3631
1370
1636
818
4122
2292
2076
6418
5992
4053
6748
1453
6366
6794
5069
6698
2563
2112
3956
6225
6821
3783
2324
1104
5643
7500
5934
2958
5161
7776
7697
1642
7653
983
4084
2304
491
2276
6538
6464
3152
1179
6163
5545
1579
4411
4330
6242
2482
5398
4381
1825
1349
651
797
5742
1887
4472
4360
2913
1014
1117
3515
7777
5778
3860
2173
5579
2493
7442
4048
249
5969
7361
4608
1885
6942
3699
1700
6517
3570
1247
1076
6937
2360
5820
6959
1167
2730
5795
3950
1596
3530
7999
1850
3608
7477
7136
6952
3714
6838
3304
2985
5589
3679
2690
934
5264
5471
2130
5838
5917
1425
867
4742
1477
1868
4850
3121
4872
3450
2761
7897
2910
7655
2430
5441
1368
6684
6872
1057
5813
218
4460
5698
1372
631
5481
3112
5845
6796
2444
115
1914
5480
5482
6337
883
3527
3538
972
571
1973
5301
3915
4579
1801
665
6348
2257
2190
7298
134
1911
5322
7933
3353
5718
197
3602
6198
3663
1638
480
335
1372
5438
3656
6783
6230
2323
1078
7905
1223
7788
843
140
626
3130
1746
3554
3837
1277
1050
6655
3809
2545
7924
1
1327
3881
1808
3578
2754
6927
324
1824
7699
2551
1738
2688
3832
2160
5853
1375
7274
108
5424
6975
5200
2983
3185
4483
4002
1048
82
3879
5605
4122
2382
849
1010
3280
1827
3827
3183
7187
3201
3750
2809
5720
7888
4357
14
7490
1747
5776
568
3284
2739
7527
2154
648
6449
4616
6319
4725
4619
357
25
1597
1036
2195
4280
6141
6131
4030
2888
909
4613
6363
5852
5059
6164
1811
3189
2120
2975
6756
7131
3754
6037
1073
7788
929
138
1564
4719
6851
3648
1443
7102
5396
361
2845
7312
6641
4641
7816
1688
1343
525
762
470
2700
5135
5068
2052
7382
4821
7625
7771
1116
4289
7807
5787
7454
4198
1986
7962
6365
3127
2356
3850
3383
1443
4779
7519
3095
2515
2956
7646
1569
4061
761
7555
5766
6327
2338
5277
5653
3231
726
7470
1776
2333
3608
18
5646
4756
2875
606
6545
1127
1989
1575
5547
3569
424
7247
2837
5902
6080
6581
1527
3314
7546
899
2240
3648
2873
1433
5723
5792
2851
7426
4324
1646
2289
1447
3536
6352
7523
5942
1030
1072
4653
7523
3487
4531
6306
3418
3860
1759
1342
215
4300
6070
3437
749
5308
978
5492
7515
3853
2424
5836
6336
2056
2181
7325
4245
4527
5335
1366
5813
3393
12
5134
6983
2356
7171
4461
3679
742
6386
1476
1814
5737
1287
3955
6019
4721
7722
2028
3623
2729
6482
6318
586
2254
4480
6495
1293
571
7364
6859
2862
5078
6126
451
2546
1082
5920
5464
1905
409
4882
7859
2294
3090
1715
1789
4835
2353
6688
28
5559
3808
5671
7632
6670
3130
1702
7535
860
5635
2791
357
5398
5215
6197
6542
4233
4908
5747
3194
6223
3993
2485
6380
4116
1768
6740
7733
1047
1174
6245
7353
385
328
487
636
1988
5513
3070
3889
7915
3370
4677
484
190
5197
5540
1010
2744
2399
458
3465
1657
5371
1419
917
4300
4301
1572
1563
2443
1095
7370
737
6980
6972
1772
967
3883
1569
7132
6686
4427
464
6304
2718
4775
5438
5853
1261
5384
270
6691
3688
4796
411
373
671
3062
1318
3458
1481
1522
4158
4807
6694
2947
6645
2236
3208
5605
4524
3029
3031
7997
6673
2325
405
6412
7203
2525
1111
5687
2669
7856
6279
4396
6598
668
7045
4926
7302
7656
177
736
3676
6315
160
7778
6038
1467
7357
4177
7825
5350
1317
1789
7694
6767
2105
2323
4501
5996
6461
6518
3266
5706
193
7700
310
7673
3633
4331
5737
783
7868
1950
2069
5718
1711
3552
633
5494
3047
6049
4119
2836
5349
839
1980
4567
1265
3953
1535
4144
3087
6805
1383
7861
7918
3141
6279
1349
6616
2704
30
3661
825
1777
6925
2412
4073
858
4139
7832
5404
1701
6911
7076
7901
2235
111
2720
4565
5132
4698
5289
4782
3786
5173
3994
596
1012
5852
3683
3021
2611
5523
1987
7505
6980
6117
5694
5021
6804
7789
7330
3701
1028
7356
2321
2025
4120
6647
4074
7732
2616
7167
2273
6637
5128
1998
5087
3550
4520
5870
7661
6096
5933
40
1715
4382
282
7423
2088
1724
2336
4519
2704
2163
5315
6088
6082
5887
1207
4271
7338
2868
1453
6168
139
2292
3070
7432
3285
3096
4544
2
7098
1266
3077
6668
4883
5787
3396
3872
2502
531
5147
5204
7902
1800
4748
6918
5664
4826
7937
80
3163
1404
7369
7966
3960
7232
7977
4940
1336
7967
838
1197
1428
5889
4324
2999
7899
5343
2830
2466
220
5871
3309
1667
2100
2780
70
470
4768
1280
7555
7127
7123
1431
1135
7389
5707
2868
5775
2801
1346
1539
5790
7849
4169
5959
3871
300
7506
1096
4469
1473
4764
5170
2929
4429
7316
6463
6015
7456
5034
6075
6436
6612
4262
5826
124
2252
4167
6129
4380
5261
7991
4915
1271
1608
6539
676
7480
880
3076
662
6890
1935
5909
7251
6361
6801
3536
7766
4011
1886
7577
771
481
7334
3331
6283
1890
4509
3216
1235
5376
1013
7661
2358
1163
815
6604
1107
3390
4727
4182
1790
2125
5782
2109
6710
6161
398
5668
2835
2425
1944
436
5002
100
5613
7993
5945
404
209
3311
6720
3171
3176
344
2580
7374
2280
1896
5395
5979
1177
407
5380
5526
4645
6323
719
4753
4382
7314
4223
5546
4465
72
5806
520
2261
5991
2921
4991
7677
2133
2771
6504
4774
6465
526
1153
6509
2830
4379
2094
5706
5584
930
3030
7858
7141
2848
6436
4318
3439
1505
4791
3421
869
4537
5093
2484
7417
4299
7489
3830
5570
7255
5700
5789
361
4653
4573
7720
352
911
7411
7198
4881
106
5018
183
6251
6758
2411
5224
4610
3931
4462
7056
5719
5735
1306
1716
2812
7797
6613
3151
1415
3095
4766
6638
949
7098
1773
3060
6805
5433
7316
3867
6505
3752
7788
1047
638
912
4739
369
4943
5917
5168
1033
6068
1790
3063
1407
4461
5685
4942
5289
132
3829
44
2885
1775
716
4948
1731
1203
253
4287
4807
5428
852
6145
5595
3266
7287
3016
3953
2200
4560
4529
2728
503
3527
5140
4066
7348
7609
4446
1489
3604
3715
661
1589
5534
6580
911
294
137
2788
7223
6960
6287
2448
2128
1037
3871
341
7109
2100
7087
285
4266
5541
3949
497
2727
558
461
1129
7425
2977
1006
2060
799
2160
3687
958
2713
2362
7558
6335
1766
4651
7288
4238
1536
4773
1564
4985
4460
5623
5642
2890
4984
3950
541
7666
2884
7914
5375
2755
6409
29
988
6912
3638
576
6240
7888
2993
193
4256
2879
2676
7734
7124
18
5719
7356
7758
3378
4263
3541
6863
6791
1714
787
7276
4443
4215
7314
4643
246
803
599
7041
1172
2510
4269
7411
7004
1101
7376
2956
7729
3483
7987
395
3042
1808
4656
3672
2575
6212
3161
1421
2926
3471
4848
518
6860
483
7152
6823
5887
942
4105
3318
4318
5518
891
4911
7966
1102
1977
2329
2485
5176
7957
4217
1697
5448
5002
6917
6566
3593
4896
6609
83
2223
1910
4765
2829
3027
4882
1580
2095
6484
3402
5959
1246
6585
6705
1814
6488
2593
2545
1966
2757
7130
2805
5120
2077
5799
3317
4843
6860
7594
2028
5299
6180
4479
2847
5146
508
1438
4552
2864
5995
2563
2460
753
306
2242
5659
588
7465
3853
274
1160
4416
1121
6780
2341
136
912
7229
6608
6226
7858
4402
3552
5601
7496
4343
1046
879
6693
7384
4741
3855
2805
4483
2460
4353
3974
825
4407
7999
7754
1447
2055
544
966
7074
506
3279
708
1334
1323
3604
6845
2697
1837
153
7892
992
4281
1893
6451
267
5359
1636
5545
2040
3228
3757
294
4602
1073
1841
5261
1628
5017
2963
5900
1598
6271
112
1944
6471
7940
5117
7826
7098
5605
3265
1337
4775
515
3993
4042
1575
289
359
1938
7628
4650
1436
5805
998
5142
3176
6529
4529
5674
3524
5025
1099
5130
589
4841
5827
1118
6653
1060
4295
1520
443
6133
1294
3421
70
3615
5073
1725
287
5668
1168
5280
4459
5160
7471
4238
1785
768
5529
2964
4766
7877
3087
6989
1574
5954
5643
6765
5985
6301
4492
2856
7452
6440
1881
3581
5298
3422
1624
5230
185
6144
1134
5482
7862
5557
62
1509
3631
5819
5272
233
3818
6202
2791
4327
368
6525
5929
1746
2429
2436
84
1805
2619
3342
3253
2684
3724
7607
5461
4659
6896
834
7714
7095
6482
6217
4997
793
4389
2500
1385
123
7267
1362
875
7988
3482
3417
7961
857
4129
7496
5727
5423
4367
3701
5839
2005
3563
825
1810
3667
1810
4949
1803
7492
6351
4548
3803
5700
5230
5975
215
2613
2356
59
1657
1940
5272
6315
2117
1908
3104
1256
99
695
4342
115
7909
2882
863
7648
2995
1055
1213
2618
331
5101
7964
4183
5671
2164
926
1037
7429
5976
4840
5001
1492
3592
177
4032
4760
6435
2742
1107
6271
1887
7038
284
3841
6568
5658
3510
5652
1927
7181
2122
425
7024
7602
1113
277
2314
4259
5152
7008
2424
3366
5085
2761
3346
6201
730
5872
994
6752
4545
3101
5575
1369
5431
4599
7409
2488
5703
5910
530
6673
2913
7372
570
3320
794
7446
6775
7528
2235
7740
3015
6621
6653
6881
4769
6001
4107
791
1100
4765
5464
4162
7463
6092
979
1740
3738
3506
5259
7836
484
3989
1490
7236
1543
240
123
962
1593
3608
4979
3578
3144
844
2343
6672
1884
3768
2255
2404
2865
907
2742
2726
1548
5549
2245
5804
377
2297
5276
6850
5870
1001
4104
4053
747
6806
6077
4688
1727
7109
2838
1042
468
6526
1421
6212
1427
2911
3544
981
3841
7859
1975
6132
1108
2336
7082
2557
4764
4141
3143
6216
2020
1979
1135
3884
2931
4058
1340
1147
6687
5465
5091
7200
5127
7300
6567
3366
6318
2244
3021
2710
2426
3808
1590
6586
7374
4615
4516
7908
5995
1333
7720
1633
1509
5036
2235
6364
3628
7482
2959
6027
699
7175
5264
810
3999
4507
6882
1917
6233
6640
3681
3646
2754
4592
2675
7373
3865
7110
3497
5607
4903
3832
4686
2095
2499
2966
7215
7690
753
3464
7641
3235
4111
1048
4427
4015
6092
6197
7970
2006
1604
2903
6855
7076
4814
1468
1086
1354
503
5754
2031
2301
4760
4685
6827
5319
5115
2786
6351
1892
1217
2686
7270
4271
2251
7213
3987
4474
6579
5417
2855
3635
7246
6536
2923
5072
3096
6868
5769
3397
4070
5913
5548
1249
2810
3789
5910
3455
2716
3633
5394
4637
1596
2139
7588
2095
6117
2781
6480
7695
4806
6834
1233
4348
147
4520
4761
2326
5593
1011
5986
3101
6555
7250
6670
2995
3898
3539
1210
5289
4707
4611
5756
1414
5445
3237
7324
1410
528
974
6011
891
5879
3374
6950
2742
2913
7421
980
1388
7738
6796
3339
3767
925
7262
531
1549
7223
1931
153
1721
1517
7700
5578
2458
7128
7279
6905
4521
7274
6594
6226
7757
6309
7364
1888
4146
7851
4935
3422
4038
7448
2555
5028
4151
1066
2790
7217
4040
4376
814
2967
840
756
3462
1276
1129
219
7971
2504
7611
6266
7889
6666
5856
4584
4019
1236
4298
6495
4874
7413
7688
4455
906
5562
2307
5466
4804
7663
1510
5544
1620
4345
5479
7460
7356
7896
3766
7680
7475
2831
7843
278
7681
1098
2614
7144
2685
4066
2882
331
1715
3888
1827
4681
2049
6313
3963
7926
4931
4047
4489
3254
2743
1522
7084
5588
2159
6869
5379
2896
2010
6599
4479
4772
7653
7349
3451
4318
1221
45
4668
3526
5484
7326
6502
7459
3144
1216
524
850
1559
3888
869
7516
3081
5996
5117
5456
5031
3032
6019
748
3952
5772
2157
6160
2063
5257
1301
7109
109
199
1150
7054
6935
4919
2000
3618
2066
4026
1865
2497
3947
2698
1041
6099
1015
2642
4669
3074
6147
7988
6160
6833
1073
2066
3486
1286
5444
1559
5428
187
7326
5123
4208
134
4870
5525
3984
5957
1306
1250
5588
2158
4503
7809
2367
6386
15
3101
1448
6778
4829
1520
6418
1915
1869
3883
1381
2165
6412
1752
4975
4753
1994
7176
7390
5135
4943
4437
3477
5151
7782
2417
4222
2508
5069
3160
2190
654
6328
2667
1560
1618
4060
6086
2878
5988
6592
2804
149
5829
5347
4350
1508
5580
1446
7211
