1428
3452
4326
1449
2618
5640
1643
5983
1326
4551
599
3843
1392
1147
2509
521
2895
3010
4350
6534
4000
6841
7750
7414
6266
5026
7090
645
181
6215
1096
5413
7986
6624
2477
6070
46
7411
6367
6974
5618
3963
717
7391
7160
6380
5246
2826
7464
2773
1904
563
728
1875
6549
6657
7200
1857
372
1131
1742
7942
6603
5787
1063
6749
4124
7049
714
7599
4468
5373
428
156
2892
7090
1181
6466
2593
4149
1110
1414
6193
4699
3404
1351
2983
1789
7990
1667
2439
6020
2145
6845
3079
829
1704
1274
1205
1677
7652
2285
2038
2616
7185
7049
6438
6506
2423
2225
4703
2319
679
6439
6507
7045
438
6868
42
6556
2029
5789
6140
7278
7328
1601
6430
3719
2416
3745
3327
5543
1984
1293
1929
7820
5381
4041
2770
2525
1450
5368
3280
2944
4201
7515
7664
4636
6915
1528
4115
6518
7023
1807
2384
4767
5234
6523
1952
6304
2781
1349
3377
2070
4861
5677
2428
3508
1945
3223
2244
6170
2151
7140
3020
7677
3426
6845
6578
5718
2102
3956
3005
330
6177
2205
5397
214
2664
4236
6692
2303
6136
7452
4652
6319
7697
7351
1182
6598
4495
4951
7617
5101
3413
1413
7673
3330
7403
4842
200
695
2219
7227
259
4535
1824
7442
6165
4806
3127
5496
3997
6648
58
2424
5252
250
6142
5896
5979
3783
4122
5753
7678
2
4880
4947
6153
5634
6253
2244
802
5113
4289
5238
2794
1435
602
7828
7107
6941
2679
4006
2842
2907
5031
535
6164
194
6369
688
25
1190
7513
913
7933
5440
6267
5049
3276
2617
3009
6235
751
3876
751
5519
2357
4729
4006
253
3979
7867
5964
5932
6268
2970
6769
2159
5363
7990
371
4807
5466
2505
4122
7959
21
4781
5210
6513
808
5266
2071
6126
2468
902
6898
3567
57
3087
2680
6153
1817
5338
6430
1260
2276
5560
1405
5588
5344
7199
4795
5589
2085
2132
6071
974
1936
6869
197
7563
2862
6083
184
507
6576
1524
4708
5722
6436
7767
3341
1414
6542
2678
6119
64
2779
3319
5598
310
1500
2219
3126
3312
1976
5763
3646
4952
2246
4471
5009
6880
3283
3784
395
572
7340
5957
4292
7877
4143
274
5745
3501
684
7067
6659
2746
6651
7952
840
4054
5733
5158
367
7939
4497
5432
6290
6310
4940
838
6437
2571
2405
2769
456
4987
6403
405
1299
1189
4411
3914
6970
5805
5111
852
7038
7463
297
3977
7119
6420
4217
4762
1076
7534
5623
6808
3047
690
5773
2546
3591
5069
2400
7098
5051
6256
2813
242
200
1665
5034
937
629
6434
4897
944
4201
2606
3886
336
5561
5764
6263
1290
2261
6092
5072
5544
2790
3534
753
5805
1188
6528
6579
6939
4165
499
2394
5008
1435
6839
5834
6655
2834
2371
1671
5095
7670
5864
6779
3732
2972
5677
5566
6567
1155
1316
7779
7122
2426
1689
5113
6940
3182
2861
269
396
6657
6935
1926
1376
5844
4193
2393
6384
7450
483
1922
7100
545
5106
293
3882
7370
3608
1084
629
6659
4227
7599
3575
6979
4072
5261
3463
6412
6335
7159
5655
5461
6653
1247
3260
4067
6801
1876
4092
4460
2711
635
5613
4669
3036
5023
2341
1411
6207
275
6718
1647
6139
7216
5602
775
5652
5191
6034
3123
4252
1001
3439
3491
494
978
4077
6168
3383
1423
7536
5995
1152
7659
1048
7431
611
2090
2233
1455
5985
696
6138
3065
3200
594
992
5740
5492
6358
719
5455
4417
3405
709
528
6149
3563
339
527
7259
6314
7126
7203
7726
1200
2551
2107
7341
6930
694
3483
2514
4108
7927
3066
1613
1835
4285
2816
4902
1676
1383
1002
669
1501
6881
6405
6538
1887
2215
4190
1684
33
2769
5128
7171
7926
6471
2948
5615
7565
6713
3883
6525
5063
6041
3941
4650
1843
7700
220
5833
3433
2555
353
5755
1443
1280
1791
5260
2603
3954
3740
3401
1043
7329
7946
1147
5499
7035
7961
1513
5080
1604
7209
7225
6854
7851
2026
1738
4208
1484
3587
492
4175
3619
3415
144
7778
3258
1575
6013
4233
7098
7362
6645
7089
6950
798
2427
3366
2807
5422
3117
5141
3945
7024
4713
3039
5411
5457
3428
5189
451
5013
1246
6470
702
5287
4415
7598
648
6867
1514
2051
6354
2657
642
2719
1233
5178
6654
749
7162
6640
3053
6182
4977
4277
1539
1815
3785
1922
1709
3540
3987
2096
6563
6942
411
3315
5963
6969
4600
3311
1615
7637
2068
6483
5449
3589
1233
3918
3336
2251
137
3130
297
1646
3398
7078
6905
272
5200
3856
4710
5198
5985
3286
7355
6144
2572
5783
3614
6309
5578
4539
2068
3795
3668
4920
4305
1206
225
4860
643
4635
7681
2561
3846
3196
5736
7276
3543
5848
170
416
6982
4239
5668
5814
2248
7716
1935
4970
3816
4327
2529
4417
3728
1801
4376
6024
5284
4597
2978
2722
1080
1335
259
5608
2200
6398
1270
44
2473
4177
1375
6
6942
7565
4575
6241
4718
6025
7454
6565
2954
7269
7668
3738
1158
4143
4972
6952
6137
1707
7310
3592
4160
760
703
6903
3720
6666
7491
1669
3629
1306
1955
3389
4199
4744
6915
5843
6189
4309
5636
6752
3653
6803
7162
1649
3104
4116
7449
3381
6605
5966
7540
4174
1823
6397
6127
2700
5435
1267
1157
5677
4323
3876
6135
5460
5523
3407
1160
2745
7789
5167
4583
543
2802
3225
4749
6286
1442
706
195
1805
340
6348
2613
3351
1722
2763
1625
3690
7309
4821
7597
7163
361
2908
7552
1273
7895
6822
1118
1855
925
2178
5641
2408
4684
234
7025
5136
5766
1638
4430
111
4047
6407
5399
5869
832
3592
618
3730
169
7280
7759
1084
4497
5221
3385
4386
212
1945
3118
478
5169
1623
886
7320
4723
4063
4123
5307
5342
5007
6409
4030
2180
2192
5898
7281
1525
2241
5964
3271
3280
5284
1661
2917
2823
3902
283
4529
690
3127
7780
7601
2207
584
5918
7089
2704
4964
6499
6373
2126
2026
2922
2576
5133
2700
2443
3074
5763
7368
1438
4925
5750
1475
942
5747
1551
3665
798
5701
3510
2456
2450
7434
3040
4006
4864
2208
7143
5118
2798
5852
1597
6438
2103
453
1528
3586
2965
7245
6689
997
2453
1742
7484
7113
4512
4065
5544
7863
7129
745
1028
3393
2129
5222
5321
3185
3434
1160
6052
186
3341
1341
4228
3631
4914
3319
7541
6069
4476
1880
1909
4385
2477
6604
2719
2585
7805
1248
3889
2751
711
463
891
1068
1219
4438
2599
6535
5038
4063
5135
4641
6188
4720
6586
7811
7039
6343
744
5411
2565
5458
2511
2360
6989
3495
6628
2685
6472
4907
1339
4610
6691
323
4685
1387
7175
167
1073
2524
6777
5496
2134
7867
2607
6759
2574
4492
5407
1972
6408
7940
2790
2642
377
5192
1951
3105
7847
624
3707
895
7448
2795
548
2289
161
7032
3514
5930
7599
2231
6604
3585
3557
4653
7149
3052
4079
3419
67
1805
701
7320
6531
2721
1871
6815
1915
4149
2880
5068
304
4372
3971
2999
7819
1710
1816
6839
5307
2967
1300
1241
4514
5219
7404
5889
4373
382
7102
5674
815
6977
7130
3171
6342
1287
6860
2173
4152
4733
3694
2992
1032
2078
5974
3143
1914
3985
3072
4409
1444
659
474
1067
3419
5537
6055
3307
3557
6010
3524
6165
1449
3508
6978
2164
5792
4656
4234
5233
6673
6234
1642
3145
5416
2769
3720
3017
2604
3154
4513
527
189
2113
3442
3286
7170
2797
6086
3864
1445
3650
800
987
2659
4025
688
254
3666
6255
5689
5133
2941
7356
6058
4111
3124
6201
2852
4766
6352
4029
7261
4134
4068
1011
597
7477
4112
4325
1145
7892
4170
7240
2489
4155
553
1684
6772
2778
6581
4849
117
661
881
3590
4458
7609
5341
4345
2373
4926
3943
1868
208
4360
3398
4764
7408
7096
4202
1423
3555
7039
6904
4904
6211
4333
4881
7039
4834
1993
3790
4720
6416
6283
5538
7225
7244
2716
6436
2355
5887
7448
2046
3657
4088
2703
7570
6947
6667
1096
1762
6106
397
6899
2017
5156
6778
353
6840
5446
149
7779
1880
4537
3560
7077
4964
6886
7241
1116
1600
2855
2558
5628
3716
1965
242
5793
6718
6232
6829
4456
3635
6247
7441
5026
6771
1142
3733
5661
6352
401
3483
4819
579
4176
2485
2516
3264
6571
5666
2155
4700
5797
784
3243
1158
2637
2168
3639
2761
6612
6707
7012
5250
3469
3946
6062
6337
2982
52
6384
2823
2581
536
5404
829
5447
2936
3764
7381
7637
5993
6717
7759
7274
7746
1088
6325
6104
3214
4058
5950
2907
7182
5121
1391
2783
906
7894
2633
6788
6230
3995
6121
7545
7092
7145
7537
1638
4579
5426
1871
299
5960
4425
5229
6737
7555
5398
3824
5908
5012
863
6967
5987
446
1820
441
6379
602
835
6269
2878
3503
6853
302
6246
6587
7603
2400
6666
70
4087
2817
1339
2334
2709
1252
3225
4648
2153
687
4028
5838
7763
7657
5838
7162
6577
6691
5792
1474
6875
6504
136
7496
174
2806
7127
3159
195
6394
6346
1707
6679
6918
4521
2075
3827
3185
2517
5838
3062
7208
6105
6734
4175
959
5126
7327
1601
5142
1535
4483
1892
4218
6571
2028
4086
6256
4405
4835
5074
5436
4886
6412
4521
1815
5792
1615
3371
3291
6638
7546
4485
2268
7974
6270
4007
2629
7320
3415
2618
1306
2423
2140
1080
1917
5251
5298
2236
1913
810
2482
4713
5960
6292
2594
3060
4774
1421
1895
6206
4756
5074
5898
4127
2420
4384
3069
1586
5726
1530
1507
1991
326
2219
3492
2803
2926
5057
5060
6744
1604
7627
2650
6802
7973
4322
4145
1949
1772
1146
4023
2509
4634
7101
1486
6857
515
725
727
7861
5660
1972
6694
5570
313
5207
5634
4704
6105
3844
1016
2921
2663
3162
4091
6467
584
3906
280
2479
456
1517
2955
1375
272
1514
317
7096
3096
1228
1222
5593
4233
5876
1436
6270
6031
6922
2039
7145
1305
7994
6891
5247
6662
5113
6091
2525
5353
4394
7559
5190
2412
1918
6895
3054
6455
4101
2993
335
5943
5451
6201
5253
4569
2857
6669
7592
5749
3264
1453
6294
67
1026
4901
5190
4947
238
1628
835
1030
1872
396
5594
3190
6177
5926
7782
2976
4549
6106
2882
6098
3330
3840
1263
3686
1752
3853
4646
181
4849
1250
3986
4348
7965
3132
4789
7599
75
2370
2491
5835
6986
3209
7321
5877
5156
6921
4699
7679
1966
1539
7103
2546
3020
5135
3002
500
751
7858
4347
1237
134
3678
2603
5862
7870
370
3442
320
3861
541
5899
1290
3623
3314
5432
4984
1980
5090
405
2601
5814
5214
7814
4573
7581
7609
6385
5105
5483
5830
4447
4522
3843
4139
3859
5407
5133
4143
2245
2512
2435
4984
6771
4013
5806
5390
6657
6444
6867
4864
251
127
743
561
6816
7657
3537
1068
511
197
1346
3705
7100
5854
4430
5605
6079
658
5716
7756
707
3573
1477
7688
2722
1641
1205
6980
565
3220
7206
4796
5028
6726
6432
6556
1926
1693
121
5929
3314
5835
4077
2810
4322
2677
354
2164
4562
5890
5407
5902
3390
6235
4786
2365
2119
1329
4848
3795
4149
7102
3991
4402
4199
4990
5888
369
5982
2129
5917
1641
7473
1285
5294
282
5987
4519
2425
424
7583
4923
3653
3487
4350
5326
5062
7861
188
238
1431
3264
2888
7212
4016
2260
4568
5133
6729
3845
4411
1889
6284
555
3853
505
4161
7717
2488
2438
3768
1946
2293
7812
7084
4105
7248
3906
781
94
6897
6620
3117
4102
706
1989
6693
524
663
6496
639
4584
630
3312
3014
171
875
7755
640
1222
3545
7474
5821
1489
3776
6749
3738
3730
478
678
464
1865
4849
6591
3477
5188
377
2742
6862
2635
2865
1924
7289
1276
4676
2525
2983
5077
7692
5415
6281
6499
2642
5538
1612
71
785
4799
3364
1552
879
2092
2722
6694
1825
1730
2277
1719
4243
5577
7473
1998
3499
5144
4335
409
724
6319
510
1319
4849
7011
513
5557
5199
1239
1542
6825
5715
6804
6256
2091
771
3276
7980
1604
7058
4605
5211
6929
6239
4570
4166
1400
5672
1868
2270
2980
5264
4159
7282
6269
2478
6641
7436
7141
5872
1175
5997
5259
2541
2815
2396
7749
45
797
7810
2284
3888
4805
1895
7284
4349
5278
6837
3336
2800
6956
2910
3421
7531
5179
884
760
5475
1841
6955
5380
6470
7124
1953
875
1913
3147
4976
7342
96
3287
5798
3866
482
2020
1424
6840
7385
210
7979
7928
1770
1657
7343
1056
4191
1772
7935
5310
2083
592
7920
1605
4729
7171
3957
5853
2119
1112
2510
3801
71
1744
6011
5355
3024
7094
5392
3617
4968
7155
5715
4729
4511
1605
5480
7991
261
1242
455
3140
4072
1258
7025
431
3216
7402
4011
2263
2688
2448
637
6856
4836
1414
4452
755
4294
574
1458
7054
4569
274
7195
1481
4925
32
7864
6698
2604
2405
3217
2428
705
5904
4495
1593
3293
5972
5187
6997
1425
1190
987
6115
1607
6234
2025
1374
3811
6139
723
351
1382
2083
2996
1741
2116
781
6543
5159
2167
5349
5885
2962
6939
5128
418
120
7015
127
2412
2439
266
2799
1246
3257
1138
1112
2047
1096
3741
2413
2774
7548
2161
1965
6411
2612
5898
87
1709
1045
5651
7686
3371
1143
7592
3600
2950
1885
5618
5963
4750
1090
647
6538
1572
5571
543
2693
4486
6002
171
1127
7055
2350
3561
7703
7432
2271
3854
1909
3098
1871
3938
6639
314
7694
6208
7415
656
1748
6960
6125
6587
4758
2326
2815
3172
2713
2407
4770
166
5510
6835
3340
2561
4612
7207
358
5906
7342
217
4771
812
2844
7076
1140
7759
7506
5622
1874
3539
219
7658
2089
4053
968
3147
2500
2516
5408
2567
3963
4668
4019
5289
194
4917
1193
3248
2769
4620
674
2682
3085
548
3832
2793
7041
5384
4317
2223
4842
1969
4239
1765
5554
3059
5719
7862
7766
1869
4117
7763
7373
5768
5570
5996
6185
6895
4565
7721
952
2271
1148
646
5164
237
988
4028
4085
4729
4261
892
5951
2591
3615
5940
2662
2003
2902
2928
7415
4699
3597
3905
369
3452
4819
7441
2805
6410
4334
2052
6331
5789
6656
3087
2492
2509
4060
3520
1963
1174
6032
1165
4419
5153
4643
4393
4566
6254
1724
6100
2233
3908
6098
2866
426
1014
902
102
1349
4904
6618
3269
2215
1165
1469
6229
93
6373
7089
3037
1385
7479
263
1210
6859
4325
3082
6782
7950
6850
7585
4003
4549
2523
6207
2450
6987
3171
3205
1851
3246
751
770
7583
225
2837
2345
5326
195
1586
7726
3038
5451
3870
1840
2105
1753
285
5401
5768
5017
6643
6836
4635
3598
3504
3829
1005
285
6619
1223
127
6041
3865
3361
7512
6852
298
3204
3791
4926
997
1401
6937
1041
1349
5255
284
737
7460
919
2957
5377
5106
2501
3403
5033
7598
990
3658
4471
2575
3167
5890
4485
1497
6083
5270
3195
1536
7610
5993
7153
6056
2084
7089
7352
2908
7915
1604
7250
5748
2900
7803
4478
4519
244
4956
5508
2637
7032
149
7323
7002
2115
4964
4294
5398
5103
7403
3487
1202
6861
7670
5554
4780
3676
3090
2828
6058
2518
859
4770
3144
308
5911
5534
7404
2213
3145
5197
7818
2098
1861
6329
1471
229
4891
5436
2993
2999
7917
440
1190
5432
3114
4402
5731
2298
2907
97
2515
6803
4947
4504
1014
4794
196
7394
7234
2610
827
1912
4425
4633
3315
7011
2317
786
6617
6458
645
7386
424
4314
6170
5995
4645
6768
724
2795
596
3800
4645
2289
6913
6648
3248
5494
573
804
2791
6101
1721
3046
6204
7094
2328
5645
5493
7965
7360
4921
823
718
6585
5280
1519
2434
4572
4943
3048
467
7594
576
820
5676
5929
5868
3449
1363
67
7371
7056
5791
6801
4537
2730
2190
4869
1538
399
520
703
6724
7760
2705
7716
6903
6169
5034
794
3520
2764
50
5108
886
560
6587
1226
705
2811
1081
2845
5388
1824
5566
5361
7974
6897
6032
3001
3123
637
3514
4844
270
6496
2904
7951
3267
5997
4431
2403
4060
5115
5480
2334
4316
5796
300
6292
1850
3127
1462
7151
3492
781
101
5160
6395
6287
4928
1264
1998
4253
5541
7029
5337
7437
5095
1350
1466
5020
3880
3075
7264
5964
683
6847
331
265
5760
5756
5017
7960
2748
7011
5566
7291
7637
1301
4612
1205
6257
4298
1555
3763
7214
761
1992
7736
7081
4519
4801
2669
653
4006
6320
2062
4907
539
1588
1342
6792
2057
7728
6362
838
7438
2418
99
7837
2913
2229
7677
3418
7298
6752
876
5347
3374
1441
5816
6002
6469
5890
4312
4921
3306
5516
6824
6676
1173
7763
2009
1607
2359
5644
75
7810
7588
2424
525
5287
4143
2504
1047
4481
4817
1114
4116
1821
5231
2901
455
2820
569
7326
6345
7650
963
2941
155
7234
2030
3437
3865
4189
2004
7094
86
692
5388
4498
4482
2738
398
1859
5880
5329
91
4228
7202
4
113
5173
4720
4911
4334
1400
889
800
560
6825
4897
4904
5421
601
5566
3712
7238
4052
7441
3565
7898
4929
4368
6921
2869
2503
6607
6522
4697
2094
2283
2934
7776
4305
2373
660
2203
7010
4806
4930
2128
2052
7081
4522
3152
2481
3861
7843
5329
6016
7034
3777
1159
7907
1891
5975
5020
2939
2323
1142
2333
7014
2284
6862
2409
1386
1776
3937
5541
3329
6270
1964
252
7981
2005
6445
4853
5856
6553
4158
1924
4756
4200
5316
2634
3244
3060
4359
3339
6504
6786
7972
2413
2581
6493
7684
5207
7182
2371
6075
3904
5468
31
6757
991
1406
3324
2466
7569
2287
5028
3689
1522
1547
616
2071
5324
6537
4652
85
4752
641
6076
292
5063
3950
3063
1296
21
4045
4898
7257
7684
7424
6158
583
7461
2604
2269
544
395
5504
7951
1221
5349
6604
2704
6576
3495
401
5337
4642
5506
6731
2429
1036
562
2687
2571
4966
3758
6831
3493
3829
7596
3346
5020
7748
3985
3384
1926
5857
1741
5047
2248
5590
5173
6182
71
7610
2674
1587
7206
1640
4543
3530
3058
5092
580
1535
2301
957
6708
7652
7467
6290
3438
551
2407
184
2305
1986
6351
4943
4996
6858
4812
875
1382
5054
727
6012
145
7463
7831
1111
3245
2175
502
470
7151
78
2137
7234
572
2528
7061
3289
6609
7177
183
6786
1863
3401
6210
5024
30
5088
4789
2420
334
3073
653
2206
7130
7123
2679
1979
6299
7560
1156
4204
1572
4418
4687
6056
1266
7885
4063
4660
4748
1140
6592
7724
4329
6262
1209
5145
7629
3193
3195
5774
3120
6915
3516
3210
6355
7605
7181
1814
3046
4808
3215
3098
4673
2126
3165
725
7543
6571
1538
5240
7519
6681
7179
2864
7483
3854
3494
2136
1606
4501
2288
4591
5289
1755
7892
2573
3442
7285
3542
7451
7034
6178
3164
5684
1026
1292
7946
4826
7307
6357
7626
748
4854
1454
5700
5115
7816
6794
6994
7892
4640
958
427
2871
3965
4393
3058
3937
4454
5600
3614
4771
2257
4259
2671
4585
6412
5129
4754
818
4049
1092
5772
7182
5674
778
4756
242
4166
6344
6974
7892
1452
911
1006
2931
7449
157
7750
3452
3441
880
932
4352
985
64
6003
2967
2223
4886
1916
2900
254
3857
5435
2041
6769
3095
3560
6385
3951
3772
3630
534
5116
75
1957
250
4748
7813
4188
1958
5003
3754
2784
2453
2165
7759
6284
1900
313
857
2971
421
6666
3765
5512
3018
70
3079
4804
478
4703
1931
1815
5600
5051
3093
7050
1972
2081
6785
95
806
6712
5423
3466
1455
6627
3922
7695
609
2925
3931
5005
5351
6317
5679
2569
2305
4563
2764
485
3
3260
260
2557
5189
7753
6198
7078
4234
661
1717
3757
4592
2511
5798
3788
5798
2458
3188
1579
6594
7835
2738
5057
5376
7359
7351
4498
2175
4683
5874
6613
2678
7292
4276
1294
6911
2419
2921
1839
7292
7324
2367
5204
3598
5289
3562
5213
2235
1936
5249
5087
5315
863
3867
5598
5557
7657
217
3196
4632
4179
6335
126
5477
2182
1198
1508
7969
5689
7875
6484
6717
3038
3149
6514
4869
2987
3471
7771
6115
1454
865
4801
6335
7449
4542
1489
7310
1640
7188
471
4082
3012
7388
3512
1240
2069
6719
2876
3850
5688
6333
5151
1362
3800
5601
2153
2531
3802
6841
2622
7959
7636
3560
4879
77
4655
3576
4088
969
2615
2335
3617
6438
7801
1481
4661
2765
1198
6372
4123
6511
7688
1311
6028
1313
4465
7892
2953
5033
716
892
2263
6019
2599
2238
6274
3103
4301
5662
2341
5988
7137
6935
3125
4338
3245
1454
6877
4757
1676
1050
5305
7398
4833
4330
1712
5912
2208
718
3280
7710
6778
6742
6681
5590
3431
5604
3150
1356
1347
3611
2420
3206
1724
1994
2034
483
5878
4645
7793
2690
3984
3877
1343
1627
3112
4537
247
813
4392
4288
1288
7419
5371
979
3167
7292
6134
7668
1743
3428
5467
4472
7955
2985
2398
1597
5887
5918
1124
5909
7471
6607
1785
7049
6851
7545
1040
257
4122
6173
3814
2844
7272
7989
316
135
4954
407
1631
2661
1116
2529
7803
2964
6678
2764
2012
672
4286
7540
2357
4726
1623
5693
6299
4944
327
4673
3232
2716
6010
3397
4353
284
2432
5285
2816
768
1457
2385
7929
2792
3258
5348
850
3539
6865
5062
2568
7531
1716
3651
6676
7370
3418
1094
5221
3582
6826
7095
1604
5223
5130
5316
2527
6297
830
6073
2818
697
6687
2074
4819
6166
2168
7274
2923
2661
2432
1730
2048
7210
4635
2434
6177
4104
2356
7988
1907
7686
1502
2128
7433
4183
757
1739
7048
703
4134
1163
7043
1761
7242
1247
6890
2585
3038
7950
7766
4865
4988
7190
6581
1677
3883
1766
1954
3096
4890
6636
3562
6320
2305
2312
3738
1207
1955
5179
435
3084
2743
3729
925
229
7007
140
1606
3107
587
7654
1698
4479
6084
7241
1087
3163
2670
2860
4063
2865
3265
6469
4728
7780
3819
491
1918
7740
443
5314
5799
5237
5934
134
3685
2682
4608
7088
1728
6381
7581
6493
499
5127
5697
2303
7668
7237
394
3713
7083
2845
4271
4255
4729
6741
3888
1592
145
2394
5118
5505
7221
7173
2665
4994
1524
7551
5521
6512
3628
6244
959
3134
6080
2076
2064
1653
6826
7486
2168
6280
7919
3302
5671
5419
7869
7187
4061
5068
2359
6855
3569
7979
925
3224
3582
2128
3260
7161
2324
110
5942
5974
5679
3002
7996
6365
4337
714
7794
5321
5488
5018
3703
5889
571
7697
813
1706
2324
1316
2110
4033
7066
3766
5678
3880
3108
4209
6381
7009
1434
654
4720
6822
2002
2540
449
3793
7921
2392
5856
7582
2090
7787
3083
6882
4462
4457
4213
2513
5134
1626
6845
1086
1775
3215
5613
6087
7010
7173
2586
7372
6274
1189
4902
2424
2879
5995
938
2172
4684
7686
7819
3793
3039
1283
7708
7199
2650
3585
7778
4938
5285
5460
4220
452
1983
3153
434
4218
3652
275
4366
3956
5438
8
1448
3769
2281
2116
5051
65
2818
7318
2074
3994
4027
4445
4718
3561
3928
7535
4925
1461
2169
5100
4437
6825
7918
3206
4492
4756
7224
3228
4618
1198
4322
6137
2914
4791
48
7864
2172
1048
2438
6548
1749
5009
814
4366
2293
1342
3198
7953
5294
6662
3621
2563
5149
1572
86
3025
6033
4096
4109
3045
6104
5407
3795
922
1241
3209
7511
5849
6351
4597
6219
692
6182
539
6981
2476
7450
84
1513
2019
3118
1404
5202
3362
2486
5473
1813
1617
7796
456
197
4173
7165
7304
125
6597
3437
2753
3273
1607
5226
6026
5254
2664
3413
7323
7516
555
1754
5287
1747
4559
5128
1263
3474
4630
2406
6564
2082
925
680
1058
3696
3010
631
6272
2303
6503
766
2486
6295
2338
6380
6537
1129
7049
7811
4064
3361
1827
4955
4741
1771
4729
5570
4970
7362
362
5088
5756
7350
7954
1802
1685
527
698
412
5317
394
4752
5543
4060
6860
4846
1854
1307
2502
3956
3746
2979
1926
5412
2681
6361
3902
2612
1368
4966
6082
4118
3010
3573
2620
5666
113
1177
6035
95
5278
6665
3709
6556
6619
1564
5434
759
5126
6122
6135
3341
5087
4447
3383
6217
5026
4833
5478
628
2042
5593
3452
287
6125
2378
687
334
3832
1402
386
2869
1863
2932
201
2058
5079
7944
7235
6611
3143
974
5698
5494
1217
7268
1295
7351
7445
3751
6524
423
844
3314
5676
5314
7715
3741
4459
3259
6478
785
7630
984
7842
5852
5494
6100
5021
6120
900
927
5852
3524
5280
753
116
6315
4166
6065
3279
5972
2521
158
2951
155
7184
4073
2488
7780
2894
704
97
4689
3697
6183
4732
6204
3571
2043
2496
75
4068
1059
4820
2235
3525
5161
5029
2086
4514
6549
348
3816
7334
1838
4860
5998
4662
5218
6025
7746
4488
1610
390
508
206
411
5561
1524
7603
2287
3808
6961
2860
6073
4749
7097
2904
5149
6095
4881
5057
3386
3418
3864
3565
2296
5788
5512
4295
1278
59
912
2689
5953
4584
609
5123
7295
6560
560
6621
4364
7422
1309
111
6010
2385
6613
364
2868
5038
1556
7018
7537
7213
7879
2318
676
2600
711
7340
1020
6735
1952
733
7730
6853
7727
5777
6070
5164
4464
4343
3302
2991
2420
1351
2337
6038
3602
4889
4532
139
6518
574
1563
423
1857
3060
3819
5138
7587
3200
5218
1723
6136
941
115
2419
275
3237
2565
4498
1664
6007
2115
6811
6298
7496
5991
5613
2722
1299
7973
4341
7465
363
7783
191
5100
5242
5125
2340
1946
2357
4111
4338
5165
7836
6710
6060
2909
972
2850
2827
460
4102
453
759
891
2211
2184
159
2561
1201
7617
3015
4762
5048
801
4525
5841
5257
7756
536
1685
1269
6629
7193
2048
6998
1481
3021
5899
4999
2525
816
1878
4970
7469
7807
4280
3885
6902
5213
3138
2344
6362
482
1168
3216
852
6706
5024
5992
781
7150
935
5071
6498
5607
1166
3169
722
6124
6991
2116
4455
2010
5118
7727
475
6824
3319
5675
4254
304
7305
5003
6206
5608
446
1362
7321
4436
3346
4721
6408
1508
6552
1486
2963
1361
4198
5778
2949
3460
3412
3987
5379
502
5268
387
5755
6526
4303
7823
4922
274
6129
2679
7448
2867
1942
5419
5990
4191
6612
3377
6794
6472
4320
6313
3559
89
2592
7642
3365
4740
1640
2396
933
2771
4189
1790
6711
7044
4660
3309
6955
6857
4898
4691
3868
6468
6992
3583
7826
4200
6921
6741
3808
1148
3371
5864
680
1487
5728
6321
4949
1862
4894
1562
7629
2249
4183
899
3984
2974
2515
3418
750
7758
3993
4391
6243
2348
1759
2767
7851
4699
129
1120
3551
2667
5658
854
2356
6504
5545
960
6349
1730
5496
5030
7406
3322
172
3004
6139
3340
494
33
5594
7790
2566
2090
3519
4086
1578
3343
5957
6760
1549
578
3996
5660
65
5807
1677
5947
4778
2803
1733
6730
2992
626
1363
2494
1355
714
804
1079
392
7534
1377
3924
470
1496
5980
1433
3485
4903
3292
2111
7152
5085
6453
2250
4910
4187
5770
5775
4976
7844
222
26
5530
1208
2099
3107
6303
1096
5365
7873
5983
2371
6613
4449
5078
6249
1519
7286
7355
5338
251
6712
718
2590
7906
7599
1629
1185
2185
40
2422
5354
7784
2489
4501
208
385
6739
6214
5822
7375
5238
6070
5097
3975
6911
6954
1084
4492
2668
2231
7340
1531
6540
4966
7747
1397
5189
7430
2530
3562
6088
6144
1558
2846
6162
283
3627
7513
565
1528
5210
5974
4458
3802
7848
2330
5819
4332
7821
2773
928
4608
3635
1329
2071
4704
3771
2673
482
3167
6398
7692
6256
1863
4741
4189
2297
1479
3493
5605
6773
6617
311
7090
7210
1683
4122
5607
2728
5812
1183
5441
6339
1270
7004
3967
7787
1445
7751
4291
2974
4034
6840
2521
366
7163
3974
2521
4889
788
3968
5178
805
3377
2486
182
7892
7884
1468
2664
561
4217
7472
805
3770
2462
770
7092
3892
2086
927
1809
4241
4605
2338
552
2965
174
4006
6966
2731
5757
6982
3048
5876
6171
3343
6191
5171
1428
2155
5135
1487
7789
3995
7216
3011
7994
6883
1287
7579
6184
824
3298
6258
6956
1295
2989
720
464
5764
7177
1003
6744
1839
6881
3107
7735
693
6248
1076
317
1221
2209
990
1391
5691
5141
5880
3479
7475
3376
6437
630
4481
2321
1519
5431
7206
3406
1749
484
7894
273
5528
2638
846
4506
300
7473
4247
6158
802
1297
2996
6449
4304
7483
6926
7797
919
2411
5690
7141
1247
4935
3512
6325
4641
7263
5131
1160
310
130
374
7219
3965
6687
4003
5476
5990
5352
4165
6837
1299
1168
6792
3971
52
5139
6297
3725
6972
5457
1545
2663
1072
5742
7025
2650
6999
150
2767
1629
7217
6671
959
6211
2212
5662
3225
384
1484
1358
7897
4457
4608
4594
3652
276
1158
5957
3105
7753
2880
271
313
4238
432
2661
3206
2587
1531
225
4351
686
7026
1966
842
1397
451
1263
7690
1005
4619
7743
1643
1343
7272
4063
4224
2369
5126
3811
1539
3430
5347
7579
7395
6322
6466
3625
5191
5804
1767
2560
7342
4087
2069
7934
3606
1575
5342
7495
3450
7612
4387
5872
2263
4171
3065
6342
3269
326
2655
7705
1296
7375
7494
3967
493
2679
1188
103
320
2217
4057
6156
4258
7387
4155
684
1713
1221
7212
6285
3441
5335
6814
5386
5366
6890
3622
7683
6873
940
6519
4476
1785
5771
1882
3181
7580
5942
6985
3166
3210
3868
3827
7355
1761
6117
1463
5188
6042
673
3159
2750
