3702
937
3108
3107
7929
7324
4780
6859
6213
1558
4900
7725
5493
1318
2723
2559
7196
3590
3466
6151
1978
5159
3189
1529
6406
5052
310
6657
6342
7484
483
2787
2637
6441
821
1738
698
7192
3671
7614
4864
4385
4109
2810
1947
5787
4643
6809
6030
2767
6954
6207
4724
5066
2034
4770
1251
2723
5033
7553
1646
5372
2368
5001
2094
6743
712
1895
5138
5435
4499
3863
7624
1955
2010
2287
6385
4963
63
2274
7491
191
6947
3414
3437
800
2761
2472
1971
4975
5753
5042
6039
3267
5502
3508
7354
1201
6364
3429
2230
7100
385
7419
331
5497
5047
3256
1470
3704
7280
7897
2666
7764
1259
282
4088
442
7204
5732
190
6110
7240
3755
7908
5931
1249
5386
1344
7113
4070
1099
3873
1356
3295
6567
2226
4991
1834
4878
3392
6136
6718
2072
7996
1548
3765
3252
3399
4578
1791
6802
7900
4490
3177
2260
2437
1466
583
859
1994
2536
1860
4226
2364
3870
2203
6815
3591
1857
2833
4922
4613
2485
5484
4988
3565
160
6575
7685
6519
4563
5235
473
7104
7522
2154
2350
6018
3749
2472
6908
5501
3752
3532
990
1608
3531
6584
526
1475
5941
5043
7294
3652
4520
2413
3358
5178
3860
283
1198
2792
6343
4887
2454
5578
4740
2921
7337
1341
5237
708
448
7954
7772
2645
2217
7873
7214
1408
5269
6524
1911
5169
1015
2529
7363
4024
3492
6651
2395
1006
4459
5502
183
6486
4279
400
6189
6690
357
6994
7810
4949
3493
4699
1349
2292
687
7803
5573
3080
7871
6941
6663
6298
144
2215
1241
6034
3044
2371
4341
4568
7414
6378
6312
5855
2414
3099
2606
3894
6514
641
1770
4324
1426
5752
7917
2636
3596
2475
6253
251
1190
917
357
3125
5198
1158
6859
450
6213
6450
4473
2945
2899
6405
5737
3293
5383
684
4109
3132
2373
4672
5447
5394
4727
6456
2015
7806
1326
7657
7398
1325
395
6290
1620
6255
4433
7050
5562
7989
1153
2094
5860
2363
4442
3532
5083
4522
657
479
5142
7941
1363
2282
5021
4679
2629
5383
7354
185
3785
1404
362
3516
4772
3727
5705
6325
6591
2909
2637
4883
3026
375
7225
436
5645
6675
4082
247
4952
7792
725
3562
1235
775
5923
3975
2408
7182
1573
1700
7828
6909
3358
1427
6336
4898
1343
6319
1726
3666
2239
3565
3707
2404
7637
4574
166
7826
6642
1715
4985
1991
6285
1220
2086
2126
3205
5914
5525
5800
5430
1248
879
6665
6244
1434
1621
3828
4213
4062
6777
5892
3265
2100
1913
1843
3975
5406
4612
4882
2892
1243
7173
2186
2828
4833
949
2744
5644
2836
2481
7278
3127
3293
7282
388
7496
753
4288
2480
6513
3750
2210
5533
4053
1774
7673
4549
4486
2655
2882
725
2452
4358
7447
4644
6076
2575
6485
7960
128
1374
5014
3610
6278
3722
3727
252
7844
2292
5822
2758
832
3787
4387
7760
1419
7295
4975
2033
6517
6593
1061
2572
1601
5889
4797
2849
122
1969
996
4516
4757
7255
2054
5771
2584
6481
466
6482
4829
561
3127
3632
5153
7035
7837
1670
7848
7713
2649
2107
239
5859
7470
5475
1128
4962
6303
6951
739
7177
5929
5146
6036
4345
3988
6397
3144
3355
2731
6481
7583
747
3924
431
1176
4009
4139
6054
4932
3006
6920
749
7049
137
547
6728
5453
6745
2966
5095
3942
4344
7359
5731
7242
7994
6263
7708
7797
3452
5209
3951
3929
2933
6939
5327
2750
409
6362
6127
4084
5611
7022
7474
2153
2840
3064
1020
4926
3706
1413
5690
85
268
4267
5771
5745
1368
6416
1340
3425
7030
7917
3545
4283
3212
5917
1638
4000
7653
3205
2435
7066
6639
2777
4441
5241
812
2971
280
5051
442
670
2075
5116
2806
7452
2419
3618
5069
5199
1819
6901
1121
69
3890
6710
564
5410
222
5219
3510
5155
3582
7693
58
2150
3807
2192
2520
7154
2609
1095
7123
3468
731
207
5983
5403
3627
4923
4187
210
1027
3742
2300
1292
4227
5670
5512
7551
1264
4582
5357
5585
4728
767
2794
3711
1666
6867
4799
5295
3779
89
4042
4806
6869
853
5517
5092
3579
7954
3725
6091
3569
4419
1692
5105
6507
306
16
1875
5021
3040
3144
6218
2859
3033
1545
3312
7437
1638
4359
2757
5184
7083
421
1212
3131
4507
5158
3804
6784
212
4258
1240
5262
1924
2568
4721
5501
7981
1451
6236
2143
1732
6725
4814
6801
6355
1590
5381
7666
770
789
3780
3341
1291
1595
4590
7513
3485
6681
6615
2145
6853
1599
2304
1520
6596
2230
679
5779
7908
6207
158
7905
2026
3190
4268
5781
6274
7042
5420
7190
2926
6147
346
6957
345
3906
6235
5846
4935
1069
1210
6651
6977
2782
7046
4146
7669
2177
5150
2877
7959
2011
312
5969
6146
440
7227
3631
2172
7090
6288
6474
7692
4752
7003
3459
3488
7088
7282
2771
6644
1642
4551
5935
6927
5659
759
2513
6075
3329
2121
7206
3012
7416
5671
5422
4047
511
1641
2187
7781
3363
6078
1364
2332
905
1993
1591
2569
852
3356
2459
4841
707
4094
1693
4504
4234
846
2443
7686
176
2235
7425
5384
569
3111
6792
840
7366
6222
4791
6809
5672
2146
4240
7442
7536
545
3992
5026
6469
3046
7557
1008
4218
1928
3033
4362
819
230
7463
4845
2963
1188
1693
4836
5144
7115
7411
2757
2278
551
6436
1709
1151
6677
1035
79
1762
467
3789
1339
7034
6830
5144
7120
3766
5595
301
379
709
642
5860
7155
502
5795
2091
2331
1457
2463
1108
2979
2490
5124
348
5112
6823
5661
6333
6080
5295
7877
5285
453
1473
6544
1193
4656
1653
6597
4167
378
972
7689
216
5437
7548
1102
7580
6117
5447
731
6675
4455
1919
73
1013
4349
328
3924
7827
5104
628
169
7242
7296
7197
6396
294
6368
1859
7061
3282
7064
4869
2789
7067
5287
6304
4498
5775
827
2875
7943
2064
1070
1066
6262
4783
7440
5061
1850
5926
3592
3568
3354
4206
7973
3193
3963
2672
3526
714
7243
5893
3155
7050
3880
1694
5781
3811
5382
2415
6605
5730
6547
6344
7963
6156
3541
2186
1804
1098
115
4967
1804
6128
235
5020
7369
3554
2778
1638
131
7694
1939
3965
6318
477
2174
6808
1672
4010
7554
1466
4364
1567
6704
3974
861
5283
6551
1180
3865
2835
2458
3469
6624
3097
6783
427
5755
3077
3116
5638
666
3062
4396
7913
4040
3789
2711
4219
5438
1715
7042
3004
333
5671
7398
4714
3700
5445
2562
7397
2561
5205
2916
4205
4283
3658
6869
4035
6097
4855
1898
7294
2236
529
5384
51
3709
4856
2020
2989
4822
4865
1969
2075
6002
2726
4373
1919
6182
258
4996
5943
4768
201
6915
3324
2016
3542
4527
1080
93
2528
2583
6218
881
5737
7637
6850
2567
4537
4955
4957
6212
4521
682
7589
155
3138
4115
4716
7677
2787
371
3690
5503
4083
4974
264
6054
5849
3276
3876
6064
7758
1175
334
4966
1665
1995
5667
5589
4181
5953
6892
7315
2320
6603
1663
1124
4373
4182
5235
6273
3725
2825
5463
2276
6867
7309
7404
170
2675
1792
3295
4305
5578
5477
7528
1469
3761
1192
1427
3848
5425
7778
2056
731
4971
7847
1035
3966
748
4403
5840
2572
4211
3159
3993
7351
5995
783
4592
5424
507
5620
1560
6135
1576
6088
122
1293
3077
6550
6829
3803
3870
5882
5102
1070
5244
1768
2269
2959
6125
2989
6353
3635
6309
5135
2234
7232
876
2853
5356
1279
2123
1699
4324
3592
7153
6143
1085
1546
5000
238
2893
6345
4250
2743
4214
2795
1883
6064
2749
6712
5723
657
2393
4472
2340
4317
272
3289
4640
1408
7889
3421
6917
4907
6320
5664
4025
6313
2251
3283
6254
4893
3699
674
1419
252
3755
2291
2590
2961
4191
5890
7421
3966
1962
891
3890
5363
4708
1122
4783
5364
2736
1391
7115
4378
899
319
1458
1212
1792
4705
1573
4061
1391
5725
6643
6208
2905
6302
1700
6504
927
3123
3228
7882
6215
5174
5373
3044
3630
7182
2164
3523
7668
7200
3877
7337
1542
6146
7756
7183
3842
2911
6651
854
7467
894
6298
5462
2304
2128
5238
1556
699
6817
1754
1736
4315
4334
5210
4894
557
400
5245
7095
4035
2935
6552
7143
273
2830
3549
2514
2247
6707
4237
2854
188
6167
3340
5629
2472
4393
7112
4073
1534
4359
2108
1474
3990
4352
7441
2285
835
2215
7397
7490
5230
4530
4196
2362
3309
2414
2075
5255
4117
7401
4316
5384
1621
7594
7565
6611
4917
5102
841
6676
6921
1590
7698
1045
5599
7126
7851
5861
7462
6791
470
5117
2527
6719
3545
6186
1504
6669
6870
2278
3586
309
4193
4804
2216
2664
1827
849
7599
3324
1906
2443
6393
1176
317
7319
2346
1452
2687
6381
2066
3787
168
3945
3688
3872
2470
181
5129
578
7888
5335
3068
3990
4498
690
6149
2245
1916
1562
7697
933
6014
3185
3843
7415
5454
6106
6681
2208
4107
7833
6586
1867
6466
926
3345
1681
5099
2092
2436
5426
7656
7030
776
5458
7858
2508
555
3417
5494
5925
3222
7932
5598
2998
7073
2789
6945
7976
2142
7806
3215
6
1762
2947
7106
6926
2895
3558
2438
4202
4314
7236
6480
569
2670
4248
7033
4874
7919
5300
5511
5613
4542
6023
2556
3249
1991
2630
1910
3635
1955
5635
2986
6946
856
2605
7645
5972
2219
3186
5950
2308
409
7677
2543
701
4095
7685
448
3067
6630
6791
4999
3999
7616
6903
4208
7906
7407
3630
1187
6845
639
2058
3860
7355
4365
5882
7558
7481
4828
6749
5199
1879
2827
2799
5441
7313
7601
7623
2765
6655
185
3289
378
7767
5664
3474
2211
2993
4692
3600
2666
4591
2396
7389
4099
3085
6616
4197
6179
1178
7869
1907
2097
5790
2113
2757
1949
6336
4940
4409
4877
2830
961
4317
7842
7384
2715
1297
2272
2843
4912
1656
7077
4343
7667
5412
4761
2605
6238
2644
3074
5667
4303
4107
5133
4085
3622
7003
1023
1108
1103
7808
7761
6284
924
1086
7323
7131
6854
256
7816
1460
7356
7248
6224
1115
1234
3815
602
215
1199
1056
2183
7240
4356
1190
3021
4131
6275
6757
5251
3497
1601
4387
6458
3854
1898
5970
7471
1918
5041
4852
4315
6269
5660
4634
5016
6554
7631
4145
5472
502
3899
7988
7703
3049
1282
2638
2309
1881
6387
4523
6960
5609
1820
3565
1010
1999
3234
1990
5450
6600
7806
5010
2209
6768
636
503
3443
6048
124
1195
766
6013
3048
3066
6386
4474
3954
5639
3127
4461
6671
3114
7925
6908
1488
6179
7419
6650
2082
1873
2124
2198
5722
3892
7567
1355
2461
7839
6737
74
4645
66
6301
6012
5336
5588
1137
1784
1333
3645
6544
5141
5485
4593
6452
6720
6153
4038
5663
6450
5579
7122
3497
480
1698
1374
2785
4282
7181
2801
3964
5273
1323
6231
7358
1929
4632
1025
910
3917
3829
3651
5377
4522
4265
3082
466
2764
3095
7
7946
5264
3682
4261
1477
3413
6233
2479
4203
4446
6813
776
3054
7152
5909
1730
58
20
3978
2350
1947
1994
7166
3642
4854
3797
4696
5785
4172
7139
3989
4268
3669
91
3044
2323
4825
7540
7994
5536
3581
4670
7158
5269
3509
5336
4660
1910
5418
742
5413
1869
5806
1099
7792
3464
3531
226
3358
5445
1021
6259
6518
229
1701
5850
6369
7783
4150
4095
3402
1256
5520
5731
7573
938
3031
6988
1802
2536
35
4976
7414
768
2403
5537
1383
5837
7729
1161
6448
6582
1779
6892
6912
5407
5904
6503
5276
616
388
2810
5783
7690
4322
6248
5422
1846
1734
2662
4548
5392
7791
6116
6291
7388
7835
1725
328
5698
6964
703
3129
3806
1500
1226
4246
6232
5524
6406
320
7470
240
868
5312
2403
918
2917
5238
137
7739
6840
6013
7231
5368
5802
7348
793
1770
7088
7102
7135
5949
2374
2899
7955
7346
7053
2548
5850
2748
5289
1583
6554
2275
2530
4721
5069
395
2987
3658
645
7298
5068
3611
2008
6868
6938
925
183
5663
6018
6206
2605
2010
5535
903
6037
5094
3889
5995
6532
1419
3299
5229
4602
5314
5278
4372
1835
6883
951
1810
1229
478
3581
29
3686
2183
1455
3320
3620
1801
5935
2669
1831
4498
3489
6104
4654
2092
6230
5801
3281
1602
1791
4915
7555
2411
6475
2425
1940
6173
1244
190
2714
4763
6489
7447
871
1237
6992
7028
7602
3020
4008
2872
2094
4337
2280
3761
7567
239
311
7492
2465
935
6505
216
4555
1912
699
5969
2150
470
4151
2834
6654
2620
5953
3313
2543
1697
3793
4203
3831
1738
3803
2808
383
3519
138
4336
2198
6557
1148
7461
2294
3972
5489
5055
4360
1844
1857
2511
2383
4054
5535
1885
1632
5108
3383
2600
5425
1709
1454
5195
2088
6078
2127
6710
5913
5495
7941
5670
4037
3949
3451
3615
6968
6405
843
4946
7520
3030
1301
4292
2077
5282
4268
649
4713
761
2335
7639
206
6052
3363
7614
1628
4059
1016
7919
6916
6493
2082
6341
4906
1661
5991
6481
2918
3130
454
4129
7530
421
3001
4881
4164
6808
6720
6321
1062
6507
4382
1220
1425
7829
1986
7219
6119
1330
1408
6812
2669
1277
6754
5747
20
566
3518
3836
2523
1498
598
7661
6926
510
6340
3680
3425
1392
6573
6368
5509
7283
1753
2963
3573
7538
3016
1372
7155
1575
6373
863
1585
6767
1026
1883
1061
3942
4071
722
5106
6920
5416
4716
2669
4551
2414
6158
7514
6678
3279
7137
4126
4873
5187
223
1786
1081
7920
6132
4861
3825
4461
338
5632
7758
1241
7768
3607
4100
7980
7565
1040
3079
4916
6117
6799
4026
5672
951
5014
3881
6586
7109
5437
688
656
1770
5592
5794
7985
7189
7599
152
2659
6034
565
2221
3864
1712
6435
7995
3045
6518
5679
7775
5122
3666
6720
3732
2663
7505
7437
871
814
1989
6359
2685
4798
4527
4875
4173
982
2208
6507
6135
5235
1472
2599
6592
1931
562
5178
5244
2670
7211
6817
3971
426
6361
7830
2350
3254
5432
1706
54
2827
5103
2593
4073
646
4278
5252
3885
3073
4326
7904
6800
487
7188
4127
2193
2188
2814
117
6587
6646
3893
6180
7580
2089
4918
5709
7648
1611
5593
6747
2615
640
3542
2701
911
5650
4988
2356
4745
3562
7289
2746
2776
4349
389
1707
4302
5324
487
4428
7741
1758
1115
2333
5142
2496
6766
1571
4299
4432
80
345
1973
3581
6667
5691
7718
2409
305
2400
7081
1271
597
2371
1653
3982
6284
3811
7511
4608
7069
6306
2150
6679
4789
5490
6885
5871
6501
1824
6030
5160
4956
7030
2496
2588
1850
1555
3302
1096
3501
5296
3117
6494
1089
6190
2946
3591
799
6671
2496
2863
7275
1069
4698
5224
3542
5003
3732
646
1938
2503
4291
2120
4103
2437
996
1707
2329
984
2416
7938
7112
1334
7176
6490
4272
7777
2744
5022
1009
2510
3673
1729
7445
2436
3300
4381
4681
6999
7266
5061
2026
1824
2575
7426
4838
443
1315
2706
6854
408
6652
539
352
4875
7674
4652
171
5622
4372
2232
2794
7886
7364
58
2586
607
3431
1545
6383
1798
6711
4276
5287
1521
575
1047
7290
7038
4084
2006
2673
4586
5256
3974
6820
7427
6720
4598
664
6532
3914
7826
598
2196
7622
4355
3621
1565
5079
494
6333
3315
1564
832
2115
6194
7221
6677
1954
3518
3141
4532
6134
1074
5026
4380
2826
1073
1510
7403
3580
3510
4837
713
5932
3843
1246
6060
6901
5200
7710
6883
5584
4718
3943
6487
2742
729
2569
4186
561
2553
605
7072
1758
1885
7060
5149
6600
911
2237
3521
408
7038
7762
3527
5714
3779
7016
4731
555
3250
5782
4989
5679
1113
2
153
2105
1112
6808
1941
5370
2484
5401
3375
233
2555
2538
4003
4008
4309
7846
771
7233
4539
448
1724
7648
5981
3061
2011
1363
696
3272
3162
7014
924
3270
437
687
1655
3393
7161
2310
2020
3943
93
4130
5660
37
6591
3238
5898
2025
7860
5674
7880
6266
4000
1278
3190
1255
4421
5707
3628
3615
2948
1567
4261
5050
5833
696
4722
5333
3954
2801
6926
4185
3879
6797
5870
3346
4448
4914
6294
4566
5533
3416
4164
7862
4884
6116
1427
7688
3178
2768
7671
904
7517
7490
21
5323
7386
3795
3601
3
1182
6978
7297
745
1176
6560
3127
2409
5759
4880
1673
1638
4800
5373
1873
5057
2640
2687
5019
3933
4252
1565
4532
6928
685
4070
2897
4824
1701
3192
3223
3424
4216
7105
3983
2638
4106
1674
3490
5233
3645
681
7105
1428
308
4205
3813
2212
2707
2926
3010
7330
7836
6118
3093
3756
3991
3110
4558
3730
3961
13
6814
1576
1427
102
7506
1473
2178
6741
240
3724
5819
385
6327
3401
129
4770
5296
196
2434
1142
4977
5688
7125
432
278
5909
3945
6220
430
4960
6082
549
885
6481
1668
1012
1528
1684
2715
470
197
4773
5099
3857
5263
2863
5210
1549
2228
4866
6300
4798
527
2838
997
773
2728
6439
6971
5653
7847
2521
1212
5719
5186
6209
4434
6159
4147
4706
2383
4063
7159
2324
2927
4832
2579
7797
4484
7627
5474
5260
3465
1220
3790
4428
6485
4550
2787
1748
6007
194
3170
6036
7155
2327
5927
1829
5620
2927
5235
866
390
5671
2182
85
4192
4634
5349
3590
2673
5799
6352
3814
1369
1554
2749
1661
56
7414
460
313
160
3696
6807
7444
421
7342
811
1508
5406
3166
4965
2749
2918
1901
6999
1224
6825
1636
1623
1870
6684
3188
3735
2161
477
5845
611
6025
7353
6382
5483
4436
3856
793
5964
6847
46
5969
4513
3501
1351
6559
4171
3290
147
2127
4317
6590
910
1148
6914
4490
4964
6349
7514
251
4667
5489
1507
4430
704
7890
5859
7812
2715
4411
3632
7533
499
5742
6947
2209
5078
6443
7487
1613
2313
7059
1796
6614
3805
5035
752
981
1191
5150
2461
6502
6764
3082
5495
3436
4447
3038
735
5060
36
1027
7621
2113
3886
3819
1988
5105
1429
2762
7609
6648
4958
4081
2850
3657
5071
3522
1423
7641
2414
2137
208
815
3580
658
4114
7400
5128
994
6711
6100
1347
2215
5530
5545
7451
2293
1663
7923
324
6354
5958
5
521
3324
7538
5426
5892
1973
6867
6289
258
151
2389
3019
1023
3075
7563
5482
5159
2147
3418
4496
2559
5529
6748
2308
6748
2000
6982
3035
4850
2300
7296
3756
4852
1590
2713
891
5458
6996
4096
6964
3024
4901
5304
4502
7806
7525
1890
1587
3175
1324
1053
3779
5042
6105
7884
3236
6634
5754
3334
858
2522
1387
5315
3087
425
5909
7678
2927
1211
7747
6706
3708
1796
1968
4759
1698
6481
7263
7844
3648
3627
1854
5435
4942
5974
399
6158
2509
5225
3498
1133
4408
7547
5978
6018
5845
1690
145
1936
3862
1521
3390
5582
7314
2550
1058
6788
1166
4511
1852
7806
5937
7212
5801
5813
5499
4836
348
3082
1612
3380
1324
2520
4996
4432
7469
4508
193
56
1790
1812
1295
7404
2993
2227
2669
1737
7247
4001
4538
6523
7727
7283
652
3192
7685
4208
4778
2850
5116
5928
5312
5997
3171
569
7747
5427
1711
6866
6641
519
6716
6271
6819
433
6688
3405
1641
4990
3861
2495
6385
3812
1267
5073
7248
4054
3211
7106
3044
498
1352
465
4385
6993
2116
5538
5034
2823
266
3100
7321
6750
4757
2579
898
3339
5567
2072
1813
4226
6143
298
4103
4751
2409
444
6489
3315
1684
3404
242
7355
4415
4082
1331
1123
3698
2553
7897
699
5250
115
3920
1284
3523
1644
4373
5818
160
7120
960
1309
5173
4748
5622
567
2882
4182
4674
6205
4977
2350
5219
1926
2197
3374
2386
1716
6749
2177
7413
2563
1870
6590
2674
2622
817
2635
831
2995
331
5587
7303
3869
127
7999
4881
2729
567
509
2543
1643
7395
1107
3549
3300
2427
1013
708
6903
907
2203
467
1695
3628
890
1580
1252
4610
6303
6053
3601
7015
4370
1075
2713
6949
352
1324
7999
7700
267
4221
267
1935
4428
2544
3295
356
1580
4991
256
5459
6744
2695
3134
1472
567
3501
1317
5984
274
5029
6052
3526
7531
5663
1438
3573
5158
2524
1429
6519
393
931
4432
312
1246
2628
6962
1411
7872
1338
2681
6590
192
7609
6433
2524
5736
1614
5961
3715
236
6264
1599
4494
6661
1683
1538
4767
1228
3853
3286
4111
2065
7476
2681
6973
6366
6668
5838
2201
7821
6892
1064
3903
2195
1420
2601
5269
271
7921
3894
3328
5104
326
3710
6794
6989
6547
1706
5888
6043
7927
2111
1959
5897
4663
740
1110
1271
4798
7048
136
3989
7835
3660
7554
1118
5246
3759
2106
5050
2236
7547
6941
2109
3379
5120
5627
2659
2870
5519
2089
5708
1123
6163
4656
1249
4051
6935
5422
7539
579
952
3776
5267
4262
468
3652
3872
3822
1247
2921
1120
3929
6530
533
7954
5425
578
1525
2785
7324
3843
2254
1980
742
7980
1175
4943
2943
4709
3885
7814
7089
3318
6251
5059
2690
7085
4040
6367
5648
7580
442
866
6366
2132
5958
5218
642
3554
5213
2719
6253
6145
6279
5262
6352
5118
7153
4019
37
1459
5503
26
6765
3780
2034
7609
906
6886
4049
3003
7513
7548
4415
6331
5592
4987
570
3812
5107
68
6163
3254
1405
2856
5036
5697
7270
6633
5237
7936
3827
5592
4676
3194
336
3331
335
5717
5497
2953
1468
6641
2274
4760
727
539
1260
213
6724
5778
6966
4788
1949
4726
3533
3931
4266
5582
1928
2123
3771
4095
5989
1645
722
2314
5536
1692
3396
7626
6116
3102
4392
7921
5842
5475
7828
1158
7198
7593
5660
494
5679
6806
5747
4644
1601
1011
6192
3403
2668
2632
4142
6247
3298
912
4058
834
6747
7477
5859
6772
284
1685
7926
5978
5620
7809
2438
7723
3293
4354
7077
2697
2405
1571
67
6315
6821
3317
1557
4096
3835
3321
237
3587
6219
6786
2756
3088
5567
420
3433
553
2244
7581
7460
6554
7290
6583
773
7776
4335
7521
7975
4906
3584
7641
3584
3122
5603
3178
4552
1896
5737
1062
2685
7070
1700
3181
1586
7037
3802
3992
1908
2881
5369
4884
5367
7826
7566
1814
6134
5776
2321
1038
1737
4257
485
4324
4102
7205
4938
3697
7789
6599
3108
1795
1777
2634
6883
2599
657
7033
5604
5109
2820
7501
7577
4590
7192
7842
6396
6902
7989
1537
3437
1143
188
4058
7250
4212
3650
6759
5753
7884
7065
3573
824
4150
3833
1257
5970
743
6925
809
394
3521
2166
3320
699
781
7891
3966
7574
6781
849
3883
6122
2141
1303
5222
2310
4272
1698
7776
1445
1614
1047
4310
2869
2464
3073
5247
1410
687
3804
4121
5589
751
4558
7012
5384
6623
3941
3543
581
2381
5455
4029
171
722
5306
3185
3136
2237
2899
2544
4630
1257
6400
2065
40
5062
6247
4936
4826
5233
3350
5169
3634
5502
2278
4062
368
5914
6700
2640
4084
6095
2293
3262
3413
824
5337
1172
4550
7205
2122
6507
5231
7838
6708
5045
7850
7366
385
4543
7247
6382
371
2628
2554
7379
7820
2620
1215
7
4949
5231
7488
6026
2339
331
7202
786
7720
4284
7345
195
3643
592
5946
43
1050
5839
3947
7519
3454
7360
5776
1708
419
1413
4809
1767
698
708
3049
4869
7968
4124
2379
1898
1775
7573
1481
5839
5972
2956
6757
6058
7960
3839
5726
338
1868
7400
1808
3338
3592
4428
2148
492
345
7640
139
6609
4902
3867
2647
3402
4612
2408
7020
4164
2358
2007
2120
3583
1029
6704
5445
4529
3288
2636
7756
4007
1012
3416
6960
470
7583
2594
7619
5092
726
2862
7745
7556
7089
132
5290
2196
1561
6770
702
1706
2464
1639
3528
4422
5446
1331
615
4034
2655
1074
7245
3615
4039
1324
6484
7167
1104
3379
6828
6250
3698
7651
7228
2035
6531
7917
438
1638
2597
6208
4564
3894
7940
6762
2594
5822
7037
6738
2805
5461
6350
7654
30
3158
1266
2666
2167
4679
2012
7702
7656
3493
7411
5209
1288
5596
6372
88
6068
2100
5083
5019
1805
3224
2468
1448
4648
5812
3452
866
2378
2787
2116
648
378
1827
4112
1762
431
7680
3781
2629
3383
1031
7916
4227
1851
585
357
2186
3055
7904
5079
6054
7847
7568
4864
4644
6946
2999
2181
5815
7387
6453
3191
5926
428
7592
7621
310
7109
3864
6004
6578
7614
4163
6429
3967
2113
5872
497
1325
2300
1296
2880
3973
3466
5801
7556
2183
7601
5037
5429
7122
6196
7834
663
1283
7693
3231
2275
1400
5857
3515
1219
2489
4827
5140
7856
415
4605
7378
2108
3762
1833
3741
7830
2155
6810
2527
3385
1788
4995
460
5188
4517
4472
2288
5928
6469
7049
2060
7627
3777
7939
5434
7475
6756
6273
7023
5101
5294
3739
4809
7290
875
3539
5163
1001
1263
3408
3168
1334
244
2158
2443
159
4814
5562
3426
2177
2026
7959
6431
4580
4427
4890
4594
5287
235
4740
1116
6430
4558
6978
6313
2462
6801
4550
4563
7179
4345
5890
5274
4361
7823
489
4295
796
4711
1550
5651
7231
2584
4280
2645
1513
3505
7500
6012
5171
4525
526
2749
6119
2653
2685
4299
6347
1394
6175
4713
49
6417
3591
5968
5947
2437
200
6628
3915
1765
2606
2907
2838
7903
370
3830
7217
6337
6535
6294
7948
7549
3358
5793
852
1317
2484
4509
1308
6244
2967
5099
2530
6927
4903
4158
2000
5776
6373
4491
5518
5315
4099
5233
4740
5947
1500
5256
5282
25
1160
2135
134
3945
2242
4078
1544
4678
7096
6743
682
5302
4716
1922
7572
6853
5811
532
374
5228
7209
2234
3994
7386
7631
3400
1539
1670
5013
4561
5478
23
1018
6449
5719
1994
3122
3094
5169
7858
6891
4486
5908
4027
5212
3139
6318
6626
118
312
5432
273
6505
6245
4248
5124
1688
5097
1449
2979
1267
12
3916
368
3345
86
3947
124
2869
1658
2583
4912
6772
6994
5639
2861
6230
7589
7655
6431
1503
1337
6149
4550
7327
426
7921
1196
1225
2480
3116
4661
7206
5978
4120
2687
6970
7830
506
7879
4760
1576
5232
5080
1940
6450
6155
4535
465
2310
1882
448
7214
5168
5559
5918
4603
3890
1576
2036
1207
3455
7164
888
421
7470
4078
3555
4524
1474
6963
462
5676
1779
4307
7958
6735
3001
5424
1165
735
5779
6694
6555
5378
7866
5956
6052
7469
7344
3351
6351
5427
273
6584
5428
3234
6603
3141
799
6400
264
2965
4118
3750
6295
4221
1297
3933
7217
5573
5524
6304
5429
5738
7262
6531
5600
2210
1449
1947
7765
7391
4806
2221
4499
6103
4942
562
7701
6009
4251
2448
5254
5003
3920
1299
6868
81
7604
7216
6106
7145
7443
146
4166
1392
5563
7415
358
1431
1455
2111
2978
342
5695
6728
5160
5201
6173
1650
4440
3800
3130
4398
4718
4279
7474
3217
1772
5273
4095
1364
7518
5389
3439
3289
1909
6097
3727
6904
3314
1015
7059
4906
2456
838
2385
2571
2777
4118
7885
3126
2121
2074
4797
2848
6808
3010
7365
2863
4026
7452
4242
1215
830
6187
2058
1413
5136
2391
4857
7138
4471
279
7015
360
7052
2022
6575
5603
1329
530
2137
7408
3814
3727
835
2703
2509
1921
7364
1411
3545
7624
1954
129
1825
2988
3234
1948
4919
2567
7359
683
4876
5207
2767
4276
7993
2985
6497
2743
632
823
6991
2800
643
6912
7879
6640
826
1068
5804
1044
2366
6934
2836
2781
5916
4621
3088
4027
5826
5917
2285
1885
2499
5153
1262
349
7820
1520
1164
3793
6591
7364
6115
1484
6744
7769
4067
2702
3386
6640
2339
2040
3613
7634
6319
7261
5871
6991
5715
1325
187
5805
3604
5703
5559
4308
7830
1543
3093
6155
5857
5876
5527
4845
117
5289
1848
5223
7203
4999
1276
5647
4418
678
4886
2274
4915
46
7469
1320
3623
3039
3692
419
7282
6642
4885
4142
7900
4570
5050
5281
4822
5448
4660
346
3599
3668
1502
5870
7956
6471
2105
4688
3045
565
3694
5354
4761
2456
2163
1541
7906
3254
3092
1035
1207
2143
1304
5257
1602
4218
7333
7115
683
6855
7235
6608
6273
4238
452
6359
1756
7716
2093
5493
1612
5631
7918
2110
1566
2226
1889
7668
3509
7417
5760
4677
2430
7641
3422
7307
4240
5280
2170
6254
4957
4632
4111
7388
4799
1282
1143
604
7961
6619
2856
2495
5649
3729
709
3680
6719
4908
5995
1964
7523
4388
7313
46
2943
2672
3049
759
3783
4162
5435
3416
7700
88
5517
3807
4578
3747
3363
667
7347
1083
7479
4266
6149
773
1805
414
1889
6009
4192
3212
4405
1061
3154
5754
7359
5720
4414
4999
6
7367
3118
3564
5938
3189
4442
7810
5114
316
3967
1320
3576
5819
6370
4284
3136
6594
1868
3195
331
5392
3743
4064
4897
1599
3994
3438
7829
3874
4828
4159
313
1815
1769
5701
388
2067
1723
2436
1670
4639
5343
7944
1758
4054
7509
1697
1561
3460
2100
3245
1150
826
5224
3465
1710
3840
819
1730
3807
3839
5981
7586
5096
1884
2927
1297
1624
3219
2055
5546
3716
3956
896
4868
895
6285
509
7037
2937
7819
4535
5524
1155
4082
3516
6707
5338
432
7902
3576
5454
1060
3397
699
350
1580
699
5462
5498
838
4390
5759
6205
7192
3967
540
4741
1606
7828
7819
6084
3398
879
4803
7392
5690
1499
3399
1128
978
3245
297
631
4148
5802
3010
891
1700
6289
2708
5885
6174
5605
4199
5041
6086
5121
7113
6652
6189
750
511
5390
889
6825
5283
2325
7696
2625
1983
374
1000
5390
2445
6539
5147
3146
3823
111
1240
7886
5414
1109
3766
2014
