5063
1262
6784
3317
5490
512
2969
7293
2161
7311
4548
1644
2801
2586
3910
222
5665
860
7827
496
7705
3949
2551
836
7432
1908
171
1328
6971
7431
1850
362
4522
2102
3444
1881
2382
2711
2855
2015
3584
4716
118
7065
780
1401
4466
6591
868
4476
7619
3160
7673
544
6365
122
4545
1499
1226
2276
2984
852
7613
7475
3418
999
1112
6662
5789
5941
4276
7802
5255
3145
6072
3917
3468
2847
3009
7538
1843
1507
160
5523
3967
3882
3775
204
4580
3946
6762
5373
4895
3004
7311
3565
7863
7845
3693
4311
3949
5281
4748
1881
6545
3867
7676
3523
6760
5314
5479
7586
3390
6726
1802
3874
5487
1411
6789
1331
3547
6403
4939
5878
3407
543
5445
5734
609
1115
3366
911
2492
597
5857
325
6871
6791
3637
4596
7178
3354
7966
1743
1716
2521
3683
1895
5850
1356
6641
7660
5105
1631
7349
1234
3262
1018
2595
207
6349
7080
4832
4472
541
7502
7915
2400
7190
696
6740
4883
1966
2910
2560
2349
3232
3779
2831
4776
479
3111
2364
2485
5422
3402
7032
6247
6962
719
4076
4696
2355
7397
3285
7871
5768
4997
7355
1189
4624
3583
6543
4539
494
4099
1540
6476
3773
1157
3559
2779
7463
6646
6103
3140
505
3467
1907
747
4921
924
740
5866
3785
5180
4839
3188
6255
7897
7974
2649
5267
2575
3121
7705
3318
3813
3129
6709
1841
2865
7702
2166
4023
5365
7981
7713
5958
1393
314
1748
7410
6664
3349
578
4745
216
4140
4754
4432
3482
6143
4982
1145
1155
6148
5294
3053
5237
3910
7957
4531
2257
4254
6054
2828
7168
3417
5062
4331
4365
3489
4791
6148
4651
5286
3680
4376
6021
223
2490
4305
6329
4294
3714
3684
359
3412
5502
1963
7561
1386
3755
4710
3465
4590
3935
3860
2430
5817
5615
1018
5666
4049
7250
7494
7351
2278
2751
2556
4895
1083
5209
1666
6086
3110
1506
7623
4505
7676
503
4899
7364
4741
6204
5616
2772
7408
6510
2761
2392
251
6744
5383
30
812
7735
6863
3418
1424
3282
5981
1011
5104
1029
735
7080
3677
4952
877
731
4873
2375
3099
3703
1468
69
4850
1377
1819
5293
7225
6445
7
7962
5817
7300
7393
4554
3571
130
6739
5934
2634
5850
2365
2507
3856
4508
5397
6268
6743
6692
5665
694
3775
4113
2029
7660
319
1919
4951
7709
3812
5591
7871
7437
4403
5520
4659
5078
973
3338
7923
3228
2480
2009
2793
4243
2289
4262
5312
3104
572
2442
580
5079
695
5014
5614
4271
181
7785
6700
4580
7813
3659
2416
6961
7583
1087
4745
2142
6950
1187
7198
189
3449
850
5920
2841
1160
3704
1459
4370
4703
6145
3101
4121
3272
6421
2329
3946
6709
1547
6666
6710
1955
1696
765
14
3973
7118
570
3198
2571
2461
5220
7549
3815
3644
7235
6042
2290
5044
6619
5965
3578
4123
4098
5405
927
6429
6718
1355
4292
2579
7698
2208
3749
6678
3822
342
4166
7082
5744
6346
3188
6730
5316
3221
1085
624
6053
3542
233
5309
3486
3848
3982
1699
586
2131
4463
3336
416
1101
2939
7314
2004
2347
6221
417
6853
7832
4807
929
7749
7843
4431
6026
6809
2302
5713
4478
1465
3985
7427
4053
2259
3378
3310
6929
7827
5709
1254
6516
3490
2360
6763
5688
485
624
4338
3638
2042
5152
7027
2583
6751
2683
6593
6923
6547
281
7376
7059
4688
2488
7649
6313
5323
619
6498
1521
1475
1154
3064
1731
1654
822
3637
5767
4344
1544
838
501
3790
7808
787
6250
34
7881
7262
3866
3196
6263
428
1511
305
1478
4614
515
5754
609
1399
7903
3881
7582
6274
7444
1063
5394
1941
4823
7082
996
6116
6612
2045
7308
274
1976
1871
7647
912
1497
4043
3590
7055
2948
7939
5128
1299
5974
3973
4249
7013
7745
988
6985
7636
7087
2130
4115
6880
621
6955
7321
3636
5509
6715
6396
7556
5476
3202
2098
6466
3475
2307
7749
1333
940
4475
1039
835
2795
7157
1130
57
6444
2298
7062
3870
4822
3267
6916
3522
4090
7217
3085
4988
1371
4074
3772
14
7676
353
6075
3547
7846
7651
2394
3898
6895
6450
6831
4861
6220
2096
141
2364
6496
468
5707
3139
2872
4199
1787
5725
5623
3206
5226
29
142
6278
4413
2859
1849
6352
413
5788
5458
6854
1559
268
315
7425
3096
7811
4472
7489
4299
7848
6590
1415
3243
1507
7721
748
7290
6887
5930
5682
7843
292
21
5976
5193
301
4011
3511
96
1498
6140
5654
3424
5083
1605
6336
4423
2238
1193
5076
1110
6690
4130
7017
5207
641
5096
3498
2244
1120
3441
2577
3381
3949
7653
5241
4298
5496
5994
7684
7159
616
1020
7947
3299
3033
7959
1298
2078
2070
3137
7538
1733
7104
6833
5530
6828
3164
2216
272
7784
7376
2088
1361
3045
921
7076
7199
5160
4724
7486
5984
4432
1121
3500
6732
1018
6868
1153
1855
4995
5036
7179
6769
5430
7896
5336
6857
818
3610
7719
403
4475
2850
5024
1158
4249
2336
2336
7884
3577
2188
6833
1238
6043
5524
3846
4265
4814
6907
1610
6850
3101
7595
2118
3886
7566
6401
6719
1166
4662
1840
5502
6316
3088
5985
6360
3578
2985
5665
7116
1414
1321
2345
3344
1751
562
5416
1026
914
1823
6678
7237
7460
6545
7264
397
2197
910
3030
4877
583
2060
3082
1664
7077
4743
2900
783
2347
4486
2729
4786
6745
3855
7006
7515
3352
4897
3335
5293
784
728
6982
5440
7686
5100
7055
6190
4659
5549
5244
7345
4552
1254
2594
5413
5070
6816
3885
7024
98
780
601
7928
4767
7596
4302
6257
1739
4507
2780
6124
2295
4382
4703
6729
3604
3108
3626
6863
6016
6199
2270
940
2606
688
4962
7156
4609
3155
3838
173
28
321
1196
7656
7989
5451
19
5378
389
5262
265
5769
712
4371
5290
4665
7949
3017
7525
6349
7376
7923
6102
3880
1879
2654
4075
4362
3369
3223
5255
4169
7891
2171
2398
5980
2001
1701
4197
4252
7845
4769
1334
7261
7343
5347
5178
900
2905
3049
246
1548
3017
6095
2594
4382
7457
2656
1933
7395
6133
923
976
3556
292
3756
923
4054
5044
7580
3059
7633
6355
2814
3792
3838
1316
6917
941
4929
2055
7201
7696
1798
531
5719
3438
5422
7477
1654
660
2608
3152
5959
1971
245
1336
2759
4112
60
2339
2255
2505
2446
6984
7534
3957
1055
4374
302
6744
6806
6337
2834
3647
802
4079
5225
240
141
2038
5001
5562
2203
4547
3561
470
3811
708
5227
6400
4767
6244
2346
4196
5703
1264
4161
1140
2038
192
320
3350
5548
5981
3954
2139
32
7465
5111
6611
6485
4645
55
4881
2085
378
7346
6451
4726
3867
3084
7008
2630
5261
268
2936
4437
496
1761
806
739
7027
1423
2811
2671
3479
4899
6889
4149
2048
5055
1169
1888
510
7251
293
2242
2659
1630
3546
3818
1713
5682
2029
7667
6402
2421
1534
5398
5311
3921
6080
7804
5785
2404
7458
61
6167
6684
1126
390
7006
4676
2052
7311
833
2954
4389
1393
2403
5032
7297
6583
5328
6395
1349
4377
7901
1841
7836
3453
4965
2324
2353
3472
2426
63
702
1542
6586
427
3694
4986
3814
252
2532
2980
2194
3528
2755
4995
6969
55
6929
5984
4793
2236
4446
4772
2686
668
5861
4307
1822
7393
4734
1798
4003
4775
134
1974
5887
4087
7676
4668
7840
3548
6355
6505
4940
729
3909
4726
1129
1936
1096
6215
165
1156
3060
4225
6649
3582
4277
3439
5679
4788
5070
4499
4392
4
6152
3851
2140
4755
4425
4649
7707
4539
1401
2654
7204
6621
5293
6820
2826
4760
1854
2138
7044
5097
625
1667
6052
2887
7544
4320
6788
1831
3293
3538
2258
771
3204
5611
530
6022
4453
7035
1626
6785
3606
6158
4588
2436
6806
5169
1906
4251
6471
6585
1022
2115
5909
746
5859
845
2739
4150
7027
5172
3049
2512
4164
6818
4721
5521
2447
6956
4397
7810
6697
2967
4804
3974
5949
3155
4432
7995
7785
4067
7195
398
5581
3299
6517
3529
1379
3683
6499
2851
5521
866
3562
7824
1076
4981
6981
5636
3800
1113
75
7516
2744
1815
5339
496
3598
1340
7852
4449
5275
3286
5889
1214
639
2896
1030
7130
6016
6185
3697
51
5389
581
3696
6553
4783
4674
2990
1163
1244
2387
6635
5991
4778
1168
3699
3804
1397
5346
6574
2235
636
7051
1309
2322
2681
5276
6387
5199
280
5985
7500
2865
2136
6298
6165
2183
7857
5986
1443
956
7821
4400
4738
1149
4728
3771
3401
162
7435
5660
6250
1245
5925
4418
6929
5914
4407
7550
5843
6562
5845
2962
6679
7236
7409
6389
4968
4829
301
4746
4820
5808
7146
5922
6103
2809
7119
2378
7676
5107
3101
567
7089
4315
7454
2264
6272
835
4529
3477
3745
2405
2179
187
2760
4470
7360
6228
1281
241
4009
383
5887
2938
5196
6028
5668
2070
4887
7744
2072
1922
2319
7232
4548
1241
5870
355
4801
1686
7093
2512
4237
6448
2932
3753
4503
5117
1851
1073
2127
7618
7697
3555
6526
7793
5927
4277
4467
3918
398
3850
5407
2932
5221
4861
376
7496
7906
2266
7874
4100
3421
6613
4576
2248
2071
5059
7260
25
5102
6029
1521
1073
5634
6388
7736
4039
4795
3599
1524
1778
7032
7392
4766
6800
2272
6773
1105
7939
4934
1999
5925
840
4216
3056
7290
1179
4916
3528
3645
4261
3885
2434
6424
4424
4729
1681
7387
3407
871
6538
7167
43
2512
1400
5503
2661
2591
4366
7314
7402
5843
1552
6598
6018
827
4664
5395
3325
5797
1006
7201
7419
5741
6380
4878
885
3654
1899
2602
4112
458
1591
7264
5199
1974
6963
1463
2566
4788
7950
428
4000
857
2714
5976
5542
2621
3161
4989
7616
2737
3427
5371
1329
6541
66
4108
2521
7767
2247
5477
6502
1078
714
2640
6317
6527
7405
4679
1425
6804
1875
4632
773
2043
2557
4385
7791
5711
4724
2897
1315
765
1684
7254
4985
1939
5682
1564
6199
1673
4489
6886
7691
2909
7099
1118
3603
7584
5460
6710
2390
3821
5286
7492
1763
4909
5184
389
7567
6555
2638
6002
7828
1172
673
6017
5045
5976
7824
669
6382
4266
1262
7141
4449
7507
6368
4451
1481
6596
3803
3130
3423
215
6897
4497
5724
7149
5263
4850
6066
4496
6723
4419
1563
1034
7087
1737
5337
2523
5852
4279
3324
6370
6581
2593
6884
3351
7490
4636
4991
2281
5688
3550
2454
5538
5669
5701
3519
578
6506
1013
7644
7026
4372
6402
2500
3018
4378
7420
7569
4553
6906
7916
1782
338
1002
2866
5580
263
4562
7518
6088
7519
452
6350
1506
7815
3136
7492
2200
4168
5917
4100
6454
4516
3539
4716
497
1128
4918
398
6681
2213
3045
3994
5045
6161
2251
4886
6663
7171
5199
4616
7912
6204
4144
4874
3505
2640
4402
2113
3656
6461
5811
3165
7459
5536
2907
5633
7746
632
678
5454
5882
2499
7043
3254
352
1167
6302
5207
6583
7
7587
1938
914
260
2832
7244
4919
1043
1496
2189
6889
7686
550
1886
6539
5375
7231
7829
6606
2513
915
5000
705
2433
5036
6975
5033
2078
2468
2803
2091
350
5756
3729
768
6597
7175
6733
3650
1795
3774
3935
3521
4627
1898
5819
3456
3732
2101
46
6227
1923
155
3592
2971
98
1361
554
7733
6390
6643
1533
5687
5915
3706
6008
1341
4957
7242
2434
3379
5606
4719
2010
1659
3297
3137
6569
3743
4615
3690
5715
6268
3715
4665
2112
6830
1992
5409
6914
7192
7031
7436
4101
1735
1198
2020
2330
3053
1261
4877
2361
5090
323
7892
4806
7556
3107
7702
7296
1039
4181
3849
764
3027
433
632
2651
441
546
2798
1321
6905
4218
331
1992
4268
7610
548
7481
4017
6393
4785
3505
1110
2114
403
2467
5887
4485
3298
6497
3967
2494
4762
5050
6686
2328
1383
5625
536
7922
534
5898
3875
2744
3895
5044
3104
4173
6764
4221
2548
5465
3309
6644
6502
5548
3
4820
1438
4380
4755
13
5582
7654
959
4875
752
2573
2642
5379
464
1042
6058
6228
3351
7249
3894
5608
5036
7511
608
4351
3780
3388
1238
7255
1045
3117
6387
2603
1672
1258
5222
2881
4950
1892
5151
4960
7803
1472
5934
5047
4554
2416
3836
6188
2925
1863
3754
3702
5796
5201
4214
3662
5880
2971
313
2616
6380
4391
1387
2426
294
4313
3764
1763
4097
948
1460
729
7594
6244
2400
1201
7005
6145
931
7492
1846
958
5485
4609
7397
3113
6428
1682
4579
5482
7946
1796
7204
7990
2924
5975
3165
179
256
3969
5814
4977
5534
7992
5760
278
374
4570
2425
1022
520
6014
5528
5339
1905
7800
6459
4186
4153
1468
1320
4523
5736
7514
5459
270
1080
4762
5845
5074
987
5441
5619
5735
5356
258
5792
1900
7545
5935
1138
2359
6707
2920
6388
866
4892
5010
2093
2014
256
3253
6941
4246
5898
3329
2121
7050
2194
3542
3776
2275
5790
2050
4974
1200
3827
3041
3562
3669
3754
3105
6961
5593
2829
4168
7881
4137
6539
1534
5542
2174
468
1406
2556
961
6341
5464
2314
3544
1305
5552
4099
359
6271
5826
3638
5074
745
1448
6192
7932
196
7561
6425
7077
1513
587
4251
3204
3224
2998
1496
817
4228
179
1766
760
2355
1846
7640
1376
2254
701
2996
6398
4275
3948
3419
3094
5557
6550
5018
7068
5421
6577
2492
7932
4394
6132
1875
3511
6910
5382
5893
5456
7206
4599
6897
5399
7240
966
2948
4297
7501
7167
1400
6313
3386
560
5142
6978
2961
6821
5513
5959
263
7957
3369
1809
5968
6619
7102
5509
3447
494
6952
3056
3152
2428
5030
4920
7953
5935
1909
1735
455
2206
2128
3479
1695
8
7925
299
110
7693
6045
1258
1268
1588
1014
1287
3420
2160
6919
3754
2020
2952
999
6348
4575
4130
6957
7612
5215
6637
4911
495
6463
5552
2371
7528
3377
5751
179
4667
1296
2490
3266
1912
2618
5604
202
4862
4210
358
5680
3105
7378
187
98
416
2548
3111
339
3073
5174
1552
2920
5645
568
2630
784
3562
3926
4936
3350
3205
7078
6579
1445
6749
2914
7498
1318
7476
3493
7952
2687
532
1641
946
4607
7929
4863
5075
5587
6755
2012
1213
7097
1794
6551
740
6965
255
3976
3121
3094
6888
6583
7208
2951
1557
159
6662
1758
7370
7400
4868
5688
7950
2047
4839
2850
7235
3776
6935
4960
7861
4013
5657
11
5429
556
1525
1549
1783
6362
3133
1467
1154
5470
1282
7965
7045
2608
3614
2953
2766
1743
1093
5418
254
7543
4214
3916
7654
5638
4295
1855
4096
1721
7839
5254
3911
987
4418
1568
1578
1319
1838
3952
4487
7454
7395
7435
1215
6184
4600
5107
6300
851
6211
8000
6439
5586
3864
6827
4422
3732
3473
5829
7018
2595
5435
3732
6412
2612
7798
388
2760
4153
4327
4451
3051
3142
827
6864
2081
4610
1702
6568
7683
2186
7156
6910
1553
1708
1157
4892
1661
417
7366
3301
7774
833
896
7192
5247
55
3880
2111
220
3280
7156
5941
1622
2104
2246
7595
3393
1140
2997
3547
7876
784
5815
6203
5184
5527
3404
6851
6350
24
5255
4895
1617
5682
4924
6294
3383
3254
3087
4497
2692
4259
5654
1618
779
2946
3820
1344
6138
2874
1768
5509
3233
546
4662
3960
1417
516
1191
4224
7058
6628
7229
6881
6267
856
3804
834
5090
2736
586
4137
4021
1045
6259
7528
4630
625
7422
2451
3630
4819
7086
442
6834
7755
853
1155
5899
5783
7131
1695
3003
7211
94
5007
6785
3628
6590
3310
694
5749
66
6941
7027
7867
3477
6962
1154
2173
378
2097
7128
1815
3431
1313
7728
978
67
4435
4086
4313
1566
4795
5249
5327
2616
4937
6764
4934
6095
3836
1236
3350
2871
3562
5300
4082
4334
2411
3160
3851
812
5512
6856
2785
2067
1017
2229
6176
6302
4660
3967
1546
2894
6750
7251
6848
712
7588
589
598
3701
4883
5891
4889
6000
7989
4166
4559
2528
2906
4539
84
4398
6015
4522
4810
3645
3753
4160
2704
1806
313
5196
4781
4553
7110
1311
5725
6272
4712
5998
5196
3762
1659
6961
7518
5912
5533
7242
6958
6115
1384
2619
6905
2571
2491
6062
7583
7289
1505
3312
4170
2697
5161
454
7416
5568
7104
2497
1178
292
3875
2764
705
19
4781
4124
1517
808
1086
4381
3837
5798
6236
5947
5260
3607
6543
7041
6179
6653
2443
5346
6435
1959
6532
5714
6994
3027
3183
1121
1323
2771
1593
5732
2322
3337
3453
6803
812
1654
1660
3350
6047
738
5457
7722
7457
3721
2513
7336
3965
3151
5418
7657
3644
2248
4576
3401
7863
6362
6832
810
396
7962
1369
4861
2435
255
7810
1873
2189
1735
1293
1978
3356
3430
7784
7300
5663
680
6811
4004
2792
1534
698
95
6981
898
6612
3999
962
2740
5079
3221
820
4671
1698
4941
5938
7060
1029
1318
3288
2629
2728
2421
1548
549
5887
5410
1262
2394
728
6261
3798
4399
3964
4086
6410
4246
5190
4507
2981
2440
5553
6373
4208
2039
2082
7777
1546
6260
4925
3579
5325
6260
4576
7010
6007
4543
6088
1656
3537
2745
2471
7040
386
4933
6408
82
1538
3803
1735
4789
6300
4465
4093
5836
2316
7364
6837
1834
2017
3485
5912
6008
263
350
6091
1029
3607
7608
1349
3208
7685
4998
398
2917
6977
4879
6222
5507
5946
51
1138
5391
2511
6837
5276
2732
4965
2968
1089
4636
535
3963
6674
6912
7626
7133
1260
7969
1154
6587
3663
5804
5808
3989
3437
926
2374
5402
6844
6567
2614
7996
6232
6892
4746
7406
6968
7014
4079
6228
7676
2056
3185
7770
398
4786
7664
6187
99
7300
3814
1314
1106
6114
1917
6188
2984
4636
6607
6036
2839
571
7887
721
3750
3773
4537
2057
4227
588
4167
547
3758
1826
5023
4954
2691
2670
4621
6485
5100
3378
427
5712
4043
995
663
2017
4183
4967
802
2413
772
691
2462
6928
2799
1544
7607
5397
4351
3056
6289
4958
4919
1275
1810
6992
4830
3777
92
7269
5290
7950
6376
4280
1996
3720
5090
4507
1845
6760
5308
4989
7592
208
1771
196
5300
4403
5096
7817
162
7509
220
2311
1778
5976
7416
6932
1887
499
1311
1236
3146
2927
4306
6512
1969
4963
5781
2642
6685
4280
1416
4274
3843
94
5306
6822
3987
2381
5338
4710
6943
5363
3477
2731
2898
3456
4327
4630
4938
1868
7203
2346
6679
1538
391
7737
5653
5225
2689
7222
5946
3480
3807
3729
406
6663
7108
2981
4840
14
3175
2811
6357
180
3052
4583
3582
221
5001
4452
7570
4878
6090
3060
7955
7943
2393
166
3970
4896
3349
5550
6915
5770
6744
7183
6627
5096
3420
235
1703
1437
5718
2316
1281
147
6236
1742
7117
940
973
895
2565
1957
4176
264
1824
6315
5571
6750
863
2512
5037
2586
1116
2000
1310
4949
7240
1947
7553
4735
5641
7661
5649
3910
5981
3026
1904
777
5861
2480
1396
3680
6987
4256
372
1663
5652
658
2459
3943
6967
4062
5172
1501
2269
5898
6013
488
1708
4087
47
6378
2277
7407
3003
112
5950
5341
4048
1800
5477
1682
3988
2015
4703
3187
5241
950
2294
6776
3877
3143
5322
4479
2371
1164
5226
5915
4007
4402
4010
4906
229
3252
2431
1798
1932
6350
5427
3545
7398
1097
7435
6818
4904
5344
5205
1212
4880
160
5074
1545
3767
3780
7325
7398
7844
14
5333
2387
7572
2920
6726
2295
907
4796
5619
2758
833
1891
2850
6722
4940
2972
978
5610
5018
1563
3640
4249
4307
5872
6545
1133
1619
7997
4607
4152
1419
3700
842
7168
5384
2306
7893
4244
7198
1823
5973
3452
4190
3409
3782
5018
1194
4674
1593
3313
4207
6973
3590
849
1133
6975
5504
3570
659
7333
6123
4066
6177
2685
3603
882
4143
119
4055
6356
843
3521
5503
7218
7434
3023
5790
1237
911
6211
3509
2247
4897
3337
4138
5271
3603
5852
4188
4781
3019
6038
4884
1026
1463
6203
4431
696
7224
1932
77
5811
4993
5799
1635
6815
6417
1427
3148
373
848
7284
5973
5932
6163
1002
6083
2960
5525
7161
4033
4282
2814
5843
571
9
3193
432
6032
140
2294
2161
847
1120
4096
183
7868
4070
7875
2378
4388
1412
2066
7359
4704
697
6154
4751
6544
4309
4376
12
7219
3970
1718
3065
3195
4671
2389
4246
5378
2067
5665
3810
3985
2368
3188
5079
4439
2967
7571
3740
1671
5999
6714
5050
7307
7475
7358
6779
7263
4972
1862
4043
7440
4417
4344
1247
6402
2900
5169
3788
5260
3357
2522
7944
7198
819
60
7536
7310
1452
6551
142
2895
6986
3727
4991
335
1061
7944
958
2082
235
6194
4494
6855
4349
3577
151
1181
6781
3595
24
3939
7941
7205
7592
6952
5660
340
6662
1908
7941
4498
3614
3538
6241
2355
6001
541
117
4909
2432
3754
4170
2887
6393
731
148
2053
1129
1449
5910
626
5146
4491
1812
3135
507
3513
1267
6557
245
3891
6877
6902
6115
5131
6739
684
3649
4837
350
6921
6196
6506
1467
763
5146
4487
7253
2796
4972
3472
6090
7621
5933
1684
5924
3026
7125
7555
892
4247
7282
2944
4492
6990
456
3634
497
6768
6187
6989
538
4960
3891
1777
3074
931
330
5969
5321
7966
6257
1947
2746
2384
4190
4184
1637
1618
6457
4682
651
5273
2180
808
7135
1949
1275
1959
5417
3794
5921
2349
6320
1542
2868
3553
4763
4916
2071
5122
769
4626
5760
7199
5830
789
5757
1203
4389
6579
5261
4537
7916
3304
1533
2648
3583
5938
7419
675
1189
4666
5890
5073
5664
5401
2105
115
5110
7829
4984
1866
4158
3550
6081
2751
7660
120
7537
5466
3298
1377
1419
5301
6792
3741
6274
3536
4098
2277
2148
7385
1926
3723
3445
3231
7538
5933
3718
7900
6696
1829
1243
1006
6704
2267
5588
438
6316
4896
5826
5881
6341
4410
6840
7439
5962
6198
992
3331
1588
689
5090
2676
7014
2350
1182
2389
5424
98
1146
7737
6338
4715
6505
6891
2572
4026
954
4160
7385
6706
7079
88
3351
3820
3504
5024
7997
670
3689
6865
6272
3093
2608
7270
5489
328
5931
4950
3458
127
7805
5190
1369
544
3848
1704
1024
5297
5831
6429
5060
5836
4885
5411
448
7041
1257
4894
4952
2000
185
6827
370
7747
7758
7587
3933
3558
2558
7058
3349
10
607
6649
2446
4591
3193
3214
3488
2033
1992
4351
4556
1437
7131
116
4429
5011
242
5570
1587
4885
4090
3672
2927
2688
959
3680
3389
3272
5633
6411
3128
4959
5899
6123
3999
2024
2226
3839
7932
22
5870
6267
5124
4266
3049
5789
1137
4291
6692
52
3848
2864
6549
2045
2112
1631
4623
3755
6434
2474
6810
6677
2033
3778
1467
3058
393
7919
2232
6913
7654
3229
1663
1504
5243
6885
3570
5313
6809
7196
4230
3618
2798
4872
6193
4142
474
2178
2298
538
5286
4213
7982
3774
2511
7322
762
2245
3833
1858
5312
4554
2721
6833
1103
3779
3161
2598
3629
1998
2399
982
3028
951
2630
5085
3255
7531
887
367
7356
1565
1304
5940
1656
6315
2229
7560
6773
5212
3352
7611
209
2642
3668
1331
5630
2983
6990
7849
7872
1762
4916
1013
5282
6125
6740
3935
1112
3084
2502
6557
7545
5233
2817
3531
2500
2372
2704
4356
2894
4931
6913
2230
2626
7973
7365
7921
1011
1089
5854
5068
3043
4359
5501
1626
5721
5992
5205
7426
4153
7662
6985
2559
6005
4387
940
121
1485
297
7885
6963
282
5523
6771
7274
5482
6495
3994
3018
1363
1519
3196
635
7851
6547
3740
5639
4929
917
4621
3753
6804
2327
5564
7735
7868
7062
1933
22
4662
2104
2845
5280
742
6025
6001
191
3473
471
317
372
4131
2291
1346
7295
1238
1590
3396
2357
1583
4567
4067
1532
6100
1263
6730
6413
4415
4987
6385
323
5807
1526
4651
5261
4792
6926
249
3410
4498
5766
1201
1162
5124
6250
6273
3386
6498
502
5472
1250
600
3840
491
6617
2153
619
5450
294
2932
5412
1016
3262
7443
1763
1049
207
93
2651
1511
6572
4776
2274
93
2936
5996
1194
5324
7212
2741
1652
5985
7470
1690
6540
485
6923
55
6351
4657
4077
339
6363
7820
6292
2141
6760
5873
4400
573
1009
7218
6793
2671
2382
2960
4925
2919
4368
7227
4876
2560
4915
2126
6708
6545
7787
5919
6198
571
4453
4895
7520
7564
6975
3574
5476
2096
2272
4997
7153
7173
2022
4822
1026
396
5831
6250
4874
473
5131
19
5392
1879
5319
6625
6446
2014
1426
1196
1011
3536
5215
5725
7261
7608
4911
5796
6134
5153
5780
4348
2912
7820
7536
2045
2599
2132
3879
1853
6872
1236
6482
7776
7356
6009
6857
2488
7221
6816
4799
4803
2933
1059
392
452
5001
2870
1430
6461
3215
1484
4986
6385
690
4770
5785
5478
6821
7158
7358
2941
5905
508
3123
2378
6177
1152
5795
1633
2415
7450
7018
7014
3370
5957
7353
1675
3731
7875
2040
3800
3421
7344
7171
2400
5265
152
2437
3206
2396
6182
4475
788
2399
1651
5713
6469
6271
2828
509
4345
765
6809
3837
520
727
2444
2349
6107
3924
5229
3244
4834
1573
4917
7654
4674
6512
7873
6577
1167
2021
3735
5116
5309
5750
7900
3718
918
5590
4097
5226
7048
1791
266
4630
2448
6973
7356
5925
7959
7123
6798
7031
3700
7825
175
5226
1258
7362
4548
989
6633
5420
2367
5240
4965
6901
4500
6866
7442
5091
4615
1197
5119
7324
5056
5306
308
7410
5638
3607
4562
1956
6171
6992
3462
4204
2166
495
6993
7642
1418
6292
3731
5866
4441
2651
7521
2742
7412
2949
929
984
3262
3182
6212
6524
3987
5223
7855
1105
1009
226
7191
4354
890
6570
381
2341
6532
7946
1547
5864
5998
2653
7563
7422
2959
6366
1689
1898
3098
2423
1046
2805
5087
3518
7585
3894
4928
1505
2930
2201
594
7963
3768
310
518
3614
1376
7846
6524
5905
4125
420
2255
2454
6135
7022
5608
6550
4177
3409
2853
3325
3211
7607
6704
5309
3126
5818
7949
2284
6520
3371
1136
6279
5514
7245
5795
2223
2769
5830
7540
4259
5458
2311
1643
7968
2163
267
6207
5243
233
1748
2321
6312
6912
1254
1296
3975
4609
4112
1351
6658
7394
570
5175
3785
2232
7572
393
755
7212
4679
1226
1721
4598
7521
6617
7582
2952
6127
3529
865
7567
4981
2084
7919
7016
1904
5317
7874
2984
5774
1142
1257
5279
7491
1804
907
4557
1539
6920
947
4768
2857
1788
3692
6440
7435
5575
245
346
3919
6815
6871
7498
6330
6133
1778
5880
1189
4698
7060
5311
1919
7167
6457
143
6635
4177
532
1559
7956
7315
957
6046
3865
3228
977
6708
1219
666
2696
4533
2519
2714
6618
5024
7599
7992
5189
6284
2577
4589
5648
2364
90
5942
6921
1276
1951
2679
2128
2896
2062
7271
6788
1851
7080
415
6062
1922
7539
3163
5413
7606
7000
6650
7417
2673
3793
6503
3625
872
5374
3749
1768
10
4662
3456
1868
5799
485
6715
1054
7311
2479
4430
4331
4840
3666
2358
4028
677
7818
3884
440
2583
7794
474
7517
1536
4426
599
2697
1018
1304
2717
5598
1099
6567
7467
1533
4289
3568
3108
4309
4681
6585
5068
5573
7996
2706
7549
7659
5651
74
6928
1515
4310
4665
3578
2750
6138
3918
970
6810
3987
758
6424
3520
1520
7053
6258
4016
6431
6116
3750
1115
7519
7299
119
7760
5533
2326
6544
7572
4153
2591
6532
7505
1719
2782
7412
6728
3227
2898
396
5469
1131
6371
4813
3662
6136
6564
4754
4952
675
6878
557
1781
7857
4830
1382
7307
3851
449
6651
6689
2388
6787
6550
321
6558
2305
518
2626
5771
3823
1481
4065
263
6733
5472
3121
839
7590
5548
3101
1115
6086
6219
7424
4476
2941
5786
1965
1725
2541
2089
6985
2197
4481
775
3592
1004
3285
4389
5231
7548
7402
6719
7640
2233
6750
3581
3637
4540
3560
3302
2948
3601
3939
3465
956
1365
7991
6891
3026
7755
4398
7094
7766
7805
2535
527
77
1936
6105
846
6830
1790
3409
2497
4822
130
4482
4984
6912
1949
4163
1496
5119
3168
4998
7920
5838
6514
67
2862
7516
7079
152
4843
2484
2300
5979
770
1077
4938
2887
2259
7592
5138
3164
1590
5768
7359
3668
6508
7330
2555
2946
5956
4824
601
4535
1065
466
6203
1107
7201
1771
3214
6601
6881
3033
2516
7717
4632
6356
2276
2215
3544
3048
7762
2678
1750
3164
2648
7533
5689
1241
2313
495
828
3574
7346
455
4890
7321
4992
7150
7734
2590
7671
7035
494
7099
854
6546
7233
5535
4875
4052
1314
743
5034
6342
2545
2361
6461
469
6142
7935
5580
4212
1908
1453
7287
7059
6986
284
7485
1201
1118
4073
3886
6251
4524
6414
1006
4753
5034
4146
2381
6571
786
498
2248
6504
7699
6076
6953
2681
4860
1366
2154
6822
5554
5981
2721
7733
3083
7131
4107
2882
7112
1256
1296
2726
1927
5258
2335
2687
1117
2066
3560
6869
3211
7357
7158
4884
3050
3542
4181
121
4689
3332
7386
5359
6996
5034
3197
5097
5217
1092
6083
2104
2553
7
549
7436
7748
2278
5416
4422
6042
3679
1654
6261
5157
2475
103
3161
5330
5858
1336
2936
7382
7884
7844
506
3235
4114
7357
3041
1552
6596
2289
5090
1896
6218
5392
5395
414
341
6256
1627
4379
4454
676
7147
756
313
577
7038
5878
5653
7752
2982
5022
4974
6231
5436
5764
6396
6350
7936
3900
5899
7133
6390
5981
2614
1752
1054
7459
3023
6279
1690
