2006
3560
4355
5166
6788
2675
2008
4157
4752
2506
4429
7324
928
5012
938
2904
4723
4230
5978
3737
4976
4654
3366
3654
974
3037
5790
4847
6532
1770
6533
90
6629
6007
7074
2152
2007
7575
1009
142
7068
2133
6065
6432
2156
7775
2426
7005
7212
6038
2836
3001
4061
5022
1709
3176
1095
1637
4880
7960
4814
6864
7828
4705
1787
2622
161
719
4582
4255
5064
2193
6216
6890
7660
4257
1421
6608
7991
6907
7003
684
7459
918
7473
7403
2107
3218
3851
304
4407
4748
5411
5006
7841
2905
594
3675
5400
7520
6946
5525
1488
5567
3626
3035
191
3619
982
1637
7299
4113
2718
4045
5053
4416
7203
291
3762
1116
5817
4699
2772
21
1555
6488
5646
2682
2741
6115
4496
7739
4299
1023
5920
4363
6973
1922
6208
2581
7416
6701
1260
1736
4524
4544
5765
3330
1013
868
7159
280
4962
6901
5677
7003
3829
2438
4335
4595
7081
2521
5318
1800
5213
2262
1127
7254
3211
301
4239
139
3651
3860
4197
3790
2777
1109
3368
2707
5875
1616
2483
371
5588
3466
7600
7512
2883
3548
6771
364
3151
6358
2077
3235
5372
6936
7718
3284
1963
7987
5019
3687
7978
4440
6418
343
7722
1687
739
5051
5729
978
4753
1004
4174
4547
5854
3367
3303
6715
6036
1325
3367
7755
2865
5807
1036
7137
2900
2683
6785
4890
5004
6517
7678
2277
3623
3525
4721
6735
5863
4103
5923
5261
3301
5136
2634
2907
2737
1871
288
4468
6797
3971
4704
4235
5626
1900
5573
4696
6941
3072
7992
119
2896
3207
434
2755
777
3663
7410
3867
4607
5910
3189
1407
2183
3194
508
1607
1369
2106
1802
3299
2730
7733
5767
6363
383
4339
288
2362
3669
7442
6284
7697
5612
708
4439
2190
1704
7217
4662
4650
2139
3095
2968
1681
4134
1307
3645
6365
1210
948
5747
4182
7040
2814
5142
2954
5504
5655
5204
5772
7823
4641
1243
195
4092
766
5900
5001
2150
1064
7171
5535
6927
2149
3073
6028
1337
252
3330
603
3912
3876
1813
3982
7631
1327
6796
2504
4092
7439
4420
7873
41
2878
6289
812
2845
1487
998
3272
6017
7780
968
7291
463
6161
4997
1661
5835
7637
1354
5889
6130
2180
2205
2108
7160
2216
1514
3530
6958
7240
3273
2931
6329
3931
7573
5495
2468
3045
7256
1240
6623
5171
6374
5137
4
7825
643
7736
7299
5960
5210
6506
6627
4243
4937
6566
6957
1109
7550
160
1561
4367
5984
7982
5760
456
6423
1845
6947
4136
5121
3895
330
2704
1137
5673
7199
7150
6073
4788
4007
5465
215
6403
2000
5628
3401
6219
581
3732
6437
6674
729
7030
7761
624
1123
4782
29
1492
2018
115
5364
6293
3481
2329
1942
2581
6556
5136
2902
3614
3784
5988
2227
6799
418
6070
5639
3311
2878
2217
5469
1375
1679
1349
7882
2755
5831
4722
459
1781
4699
7711
4182
6352
345
1757
1053
5606
4045
5707
4089
642
5821
5718
1586
7281
1195
7787
7368
7095
597
408
14
6530
580
1572
2346
4584
4389
2635
4846
1737
5590
1803
261
700
7296
4148
1372
1504
7343
4371
6279
5508
4703
2730
3193
4042
4405
5785
30
5361
269
6700
6920
1488
6708
2291
6561
478
6053
6728
6612
5752
694
342
5535
4738
779
2057
2628
7875
2734
5775
325
1096
1506
3226
4675
5432
970
1606
4553
7489
5680
7522
2994
5156
2095
967
5625
6158
5158
1819
4056
2603
1050
351
4445
6649
5660
4301
1647
6076
1999
5680
7313
5549
958
5110
4225
717
417
2382
7266
7464
4410
3809
7613
4629
5564
530
3600
2427
6363
1026
5131
5631
6108
6188
6938
572
4404
1883
6156
2220
5905
3879
1844
96
7816
3971
3621
6484
1746
7515
3487
1598
4407
4774
1236
3046
60
2690
7667
6824
1808
7615
475
5538
3635
1974
1664
1861
2778
2923
6369
7018
5050
3514
3455
2243
6975
4064
2512
2213
4872
1596
5946
7710
2083
5621
1297
4265
1224
3957
6297
4920
655
4333
542
7106
7511
3721
2889
6984
3817
3930
3764
917
4144
7697
2104
2312
7711
5620
775
6610
6451
7500
4841
7847
375
5877
2851
1833
4815
867
5588
7707
3917
4662
1944
4681
3666
1503
2731
5778
3997
1229
2675
3051
2455
4000
6218
6916
4047
2049
5435
1732
6492
375
4328
7660
4103
7849
7316
2028
4053
6932
6026
1633
2900
7661
2562
3976
3001
3298
1572
3862
2923
5206
6981
92
3803
7683
5772
3086
6442
3488
162
5197
6673
6703
3859
3380
5242
4777
6914
5652
5307
1362
5607
6740
7972
935
1343
7709
2289
3291
4514
4195
190
1164
1226
4773
498
7873
5987
3598
3154
5708
2311
1959
3942
4252
3436
6629
2156
3530
3715
5240
1687
3453
6635
774
2316
6250
2819
6469
1513
6972
2053
549
6812
6146
1495
7755
3880
5041
4844
4726
5301
4538
6627
8000
6047
5705
351
5604
4817
5218
4324
7492
6131
2291
3447
1731
7408
5294
3186
4949
6069
3173
3095
4966
7045
6836
4346
1994
6315
3431
373
850
411
6886
3939
4390
5528
4832
4896
4085
6180
2775
1908
7327
7367
3982
1509
1689
2909
5243
1073
3455
6157
6681
1891
1446
558
2015
104
7545
1533
1896
4788
1087
4341
6813
2133
4879
7404
2654
7588
7654
6389
6303
2034
7359
6682
6225
6986
6500
3583
2717
636
5995
6759
2869
2961
3504
3026
4568
6307
4762
67
6971
3477
3027
258
2185
2073
2498
7875
5722
721
5532
7012
2435
6129
7610
570
1760
4056
595
7161
668
1428
1708
2560
1263
4559
2990
2515
7954
7223
73
6077
610
5741
5173
2034
5600
3558
3496
7293
6462
5175
3501
1051
4610
841
7631
4866
3264
515
6931
6361
4508
6649
4448
5964
1804
7294
4805
4500
3573
6029
1534
6435
3726
2918
6154
4415
3459
7934
52
216
4154
5963
4227
3076
6191
5832
2963
5759
2957
3242
3874
3427
5650
51
768
1200
2476
5855
3626
2815
2094
3415
4642
1547
5252
6847
524
6990
5396
3681
4343
7050
5800
1043
2262
1669
7703
6153
2050
6610
1271
5774
4239
4987
7798
836
861
1383
3948
5269
7112
1973
57
5660
6734
4645
2846
1775
4923
6821
460
1844
5481
6725
201
4033
1191
1596
1586
2372
2449
4162
3388
4496
2565
1201
2332
108
2514
6571
4657
3819
3966
6216
6114
7044
2747
4344
5431
2846
65
5461
2021
7421
5336
1614
73
1658
5830
987
7587
7188
3681
3395
7169
5713
3306
6460
7967
6003
3157
764
2191
4822
6736
6509
3043
2429
7041
3038
5432
4914
2117
5917
1150
5956
6456
5254
3024
6797
1735
976
268
258
5362
7326
671
2454
2269
7827
973
7278
977
4431
1132
5650
7136
7919
939
368
1122
1698
6765
7594
2507
2268
1133
7873
5422
5482
7945
5731
6461
5976
2218
6400
7792
7327
6347
5558
1305
1665
7126
7220
5000
6253
5164
7419
728
2843
4340
4534
4018
2673
1376
4021
204
698
2679
1305
5009
6577
3512
3576
6598
6402
2127
1612
1513
1528
2029
2987
4176
750
1530
6783
7715
3292
847
5742
176
5755
81
2097
1015
635
2827
3141
1480
804
3384
3676
4084
5517
7405
5118
7326
4007
3131
4063
2279
1985
3373
3456
5433
6230
4127
6083
1619
3596
6195
210
1641
7163
7894
6535
4460
4423
1326
1738
5997
1603
4312
4223
1967
3983
5193
7350
3164
2789
2860
5076
626
5897
4548
585
3571
6561
3883
578
5922
6818
3551
5987
7477
7160
883
4477
2355
7925
373
2751
5684
5395
94
4051
129
5470
848
7537
6941
2522
5467
5976
5627
1670
1530
3713
3635
3696
6674
368
5195
6722
306
2077
7233
2074
3382
3974
2242
851
3245
4351
854
5858
6782
5723
2551
1205
6241
4357
7994
7105
5561
2187
6546
2975
4772
2008
1025
477
5623
1189
6432
5559
1801
6176
2674
4129
3394
3892
6126
7469
3504
7419
5303
3379
2486
6882
3826
7148
4925
229
4208
2682
2351
4526
2838
1829
7240
5306
6838
1648
2405
785
5137
2477
4184
6322
779
187
6159
5333
3226
6314
551
5359
5486
2486
1558
484
5542
5365
4332
7361
6895
2850
5190
546
6372
7052
6715
5009
3118
2177
6449
1826
7420
6534
7015
3791
5968
6747
7868
5379
116
955
3571
5139
6406
6550
5886
854
748
1904
6862
2845
2719
7775
185
3966
4652
2738
4396
3330
5656
902
1900
4160
446
632
5006
4539
6562
7430
1233
2717
4580
3908
6726
5406
1965
4295
1552
3387
3219
3711
3477
4244
2928
4890
3147
5729
5591
6895
3972
888
5938
2029
6376
4852
718
7726
3475
841
5031
7890
6643
6624
5836
274
390
5169
1839
6040
3207
1362
1277
3256
4603
537
3989
2096
4690
5681
1459
6314
4526
7231
7713
2793
5507
6888
997
1388
689
1237
267
168
885
425
32
6608
3914
1117
5753
4002
2682
7324
6115
3002
2167
4064
4951
5133
4802
7037
4865
796
5310
7266
1560
1780
903
6835
6079
1759
607
2925
5047
6195
219
3051
463
5245
1281
6538
5316
2195
3248
1202
7905
1630
5227
2608
7977
6743
6836
3608
7999
7049
5909
827
6620
5873
2473
6982
1611
5290
7511
1900
2911
6861
2117
5532
4315
6224
4751
6561
5492
6929
569
7747
4187
4624
4427
7226
1792
5054
4775
4478
3374
7580
7788
5878
7858
2058
2612
2219
7442
2279
4278
7775
1959
4152
7354
5620
1584
5542
3733
6654
1692
1988
1791
4552
6077
4604
5936
6759
5310
4096
36
1318
3266
2302
3352
3816
2972
3692
1003
5283
6536
2460
421
2880
6715
642
4310
7833
4710
4030
1824
7739
1220
390
5600
3632
3094
411
767
3213
736
4480
5491
1184
6399
3421
1141
6103
3155
3772
5
1455
1902
5910
3265
1278
3233
5010
1224
7895
5597
5896
4407
7237
7279
1803
4897
2492
6406
2760
4780
1052
4706
1341
7589
2194
2448
5211
2644
5093
7223
3301
1628
6166
4641
3097
6940
7577
7970
152
793
5373
3022
4556
1586
7747
3977
173
1192
7492
5011
428
4862
3926
1161
2222
5869
1555
3213
2610
1386
3850
589
1603
3699
4712
122
160
3193
5263
2311
6696
618
1857
6199
1286
1426
5221
6158
2866
6501
1493
2895
754
3452
6120
4077
523
5519
6482
7228
3943
789
4451
4967
2215
5648
5816
785
4183
7550
139
94
1365
4632
6662
1125
5635
4921
3453
2651
388
1654
4754
6662
4319
5114
4626
6743
779
6977
6856
4249
1278
1710
5664
7132
7781
286
4789
5329
1775
2816
6819
4907
2493
6174
5551
1458
2143
2570
6136
6778
7852
4577
7878
388
6137
6350
515
2036
1536
1198
2903
5473
2587
709
1625
2973
4063
3725
1281
2174
5661
5579
1767
3755
832
6590
4124
5959
63
6179
6598
2989
3722
5360
476
5842
2555
1596
4690
7656
5745
6775
2138
1371
4069
7859
3304
1809
7173
3712
722
5891
3649
5651
5381
3292
1839
6170
1230
508
6248
5979
7534
7622
7988
3058
7782
4664
5223
62
2128
4900
5173
5037
6114
73
7523
3490
7214
7489
6723
5608
4469
4398
7952
7158
4456
2108
812
7339
1652
6669
5348
7312
7217
4224
2521
126
3834
2236
6432
7512
2393
317
6874
1611
3147
813
5116
2722
6935
2328
7803
3641
4440
4920
7440
346
6132
2117
7110
1976
2820
624
144
7737
3044
2534
6217
7379
7274
562
2196
3802
1946
7440
58
1422
7197
6658
5007
5675
4011
6650
5513
1441
809
6040
7746
3978
3942
5069
4968
1344
4768
2087
1750
882
2912
6182
2225
6417
4759
3724
1667
5741
562
6153
1558
2030
2343
4024
4732
857
6967
11
3280
2961
6362
372
6168
7036
6887
6195
1044
3071
7002
2025
7543
3470
1732
1009
6403
5171
3078
1211
3284
6444
6315
3602
5757
5962
2003
3415
7507
5944
672
3357
392
6636
7336
3638
1429
2241
2668
966
6729
1345
1230
1414
868
7642
2647
539
4329
4812
7873
5211
2324
2713
4937
3866
435
1533
6942
3510
4156
4493
4881
1459
792
3231
486
3819
1874
3343
444
3980
5226
485
3212
4539
4009
357
7212
7841
5441
3816
1246
3469
5087
55
7540
2490
6591
5746
953
6799
7766
6620
2778
7324
4038
5300
7440
1719
5183
7483
2979
5812
5948
4956
6331
88
1653
6651
2118
460
6570
4040
6058
7088
6197
255
2206
4808
6066
3266
1194
4619
1994
7262
2009
3777
5752
411
56
7063
7583
5314
3835
480
2118
7953
1701
5355
5638
4730
2060
5969
802
855
5108
2826
7915
2669
6762
7459
4096
5396
2544
7506
5857
7281
7431
7556
4164
2045
2595
1557
199
6505
598
5783
2428
2350
71
2979
7641
1094
729
4351
3907
4424
2092
6452
2744
497
7276
5670
965
2824
2761
2880
3613
6915
4111
1255
7301
2216
5053
6725
6819
934
5088
3371
4442
244
2876
313
2370
6410
6343
6971
3787
5536
7940
2914
3837
4617
1556
3473
1348
6595
1455
2340
2547
1457
2744
4039
2127
7906
3701
4068
7876
902
7893
6741
6177
7917
7827
364
116
2758
3900
6108
316
4003
425
2078
6417
2975
4020
4908
4131
5781
1828
1662
1149
1378
7053
3624
850
5762
1680
3066
2693
7306
4427
5143
2940
1982
3834
4924
6760
6681
6441
4284
444
6735
6139
126
7226
7275
488
6415
523
4277
7280
806
4893
3553
3862
196
3078
7298
3423
881
2907
3793
5104
5284
5147
5176
2256
2536
28
4701
6502
7333
7825
3183
4782
4849
4115
2544
1780
7187
3997
3220
3709
2747
7781
3923
2600
2724
7889
3931
4982
2733
2564
2030
3389
7497
637
7264
407
1389
7727
2095
6884
6134
2793
1054
1951
7239
3524
4744
5636
3420
7576
7702
3974
8000
2295
208
7414
156
1005
6109
6355
5029
4832
2384
4022
4374
2709
2617
967
2867
1008
1244
136
7458
5658
209
6681
922
95
5557
432
187
1753
4858
7458
6769
2716
6444
4633
93
1321
3592
3250
4739
1393
742
2523
2158
6092
7674
6489
5405
5284
2009
1711
7470
6609
4272
3819
504
1394
1412
2546
1539
372
2525
2756
4104
2131
7458
1135
3659
5755
4699
2554
244
147
241
5147
928
7396
2956
916
2535
7879
5663
6463
6029
7031
5273
1178
2011
3630
7897
2783
2370
6243
1855
5741
7608
6809
158
5790
7715
5623
6527
7
54
578
3661
2585
1964
6581
952
2182
860
5147
4619
73
4612
4238
1705
3755
201
5783
2400
6036
5153
526
2454
5447
6001
181
1760
7488
7930
3439
7044
1474
2959
4718
5164
4905
2490
5876
3981
3490
1971
520
2157
679
6706
5629
6909
926
7640
3072
2631
235
2952
7875
2179
5836
1626
7329
7470
323
2671
6465
7695
7354
7471
1576
5210
742
2753
4535
4635
1343
562
6755
2509
3161
1475
1373
7946
7183
5145
3444
2663
3393
1397
6703
4869
7599
2951
7610
921
124
2170
5376
1410
6238
6710
5940
1615
5833
5398
7120
2797
792
112
1519
460
2027
4902
526
6382
6616
7172
6033
2090
6938
7477
3506
7903
4610
907
5585
6530
5247
3808
1770
1040
5183
3615
5709
3514
3547
6883
2317
3116
5358
3378
7708
6448
5723
4027
6548
2841
2470
3830
6797
4780
4954
3925
4431
3559
5667
263
4749
3198
2381
506
6407
6412
7023
5612
4661
7808
4947
1138
7952
6908
7660
2732
3083
46
3475
6903
2040
5023
178
2493
319
3402
6143
1225
1798
902
6145
7130
3122
4663
7107
6030
3530
2741
2777
7267
5683
1631
7113
2069
2206
5153
1894
2771
5108
1168
7010
2109
2092
1658
6513
3269
7771
7659
3040
706
6452
4642
375
2046
6597
606
775
7527
1684
2520
4620
6635
5332
2186
5444
5146
2277
4568
208
4921
6221
249
2871
1083
4174
1528
7877
5291
1828
2521
4504
4004
378
2702
4759
1589
1891
3774
7113
6126
4906
1110
3966
4807
301
297
5526
7627
3214
7082
6996
610
356
5954
4696
4260
6161
5849
3390
7888
4152
7864
5461
4481
529
5293
4489
7487
647
5171
7491
7737
690
6398
1451
4564
317
2952
1854
6701
4426
47
1922
232
4765
5468
14
607
1846
7652
3223
4615
5985
3390
2675
208
4356
5802
7233
6813
4653
2770
5964
5688
4961
1464
2689
1138
3284
1741
7923
4726
4377
4
3827
6944
6812
2903
5871
7696
4448
3960
2031
6420
6753
969
4189
4499
7126
154
6478
5078
6727
7632
1981
3112
5578
1686
4954
1168
907
5486
1917
3429
5431
5898
290
2847
2941
4950
6576
6129
2217
2451
7017
2577
6985
2463
3705
3507
3380
94
7742
337
4408
3874
4279
1034
6789
6014
4382
476
7387
949
4923
5662
1531
339
7707
1426
2507
3563
1230
5693
6740
5077
1029
358
2693
2088
1925
51
4063
7746
2456
461
3735
896
844
1631
26
6108
6536
2125
6645
4021
7263
1404
4793
2535
1769
5075
4132
4243
2285
762
1014
2095
7055
931
733
6359
2873
589
3879
288
746
5280
3320
4204
2454
6664
701
3750
1798
610
517
978
6533
6364
208
4711
939
5329
1222
581
7892
3859
5450
1303
1028
6282
252
6821
55
3314
5882
3880
3695
4537
5984
6518
574
6763
4210
4823
668
4777
2979
3130
7708
3123
5229
5093
6251
7438
3432
4032
6534
3362
5120
944
2298
3614
6867
3087
2299
1162
525
3540
3906
2027
825
254
3241
48
2583
4572
6696
4672
3219
2134
2820
862
3246
3868
6034
2125
4852
1370
2524
7965
5487
818
830
3667
7109
2971
4400
4353
406
7842
7576
1713
4442
3045
3509
3835
1063
6918
6566
2053
4797
7010
2239
5390
6531
6974
5075
7906
134
2522
1428
7913
2267
1714
1256
5905
2813
3850
1652
5936
1393
7092
6881
2453
3422
3571
6645
4875
5153
4560
5396
147
6171
3448
1452
5590
1194
7168
2516
7791
1075
4932
5295
4603
4363
2659
5946
1012
1100
7530
2950
7616
3243
4733
1690
3896
6971
1143
3046
2427
2057
6457
5979
1908
3191
4075
6603
4704
4194
6560
2371
7417
1136
6159
2386
4872
1180
7154
200
638
5286
3827
5504
7076
726
5994
4273
1470
5082
3762
7617
3264
504
6769
6980
2852
3271
1355
4001
1776
4949
5691
6898
5336
4266
5798
5213
3384
196
2568
841
5819
5820
4191
2743
3855
2716
7679
7080
443
2747
1977
3035
5305
4743
4360
5417
6650
1334
7094
4338
4336
7601
7478
594
4761
619
5478
5747
1219
3221
2222
2786
77
6654
3142
6826
3277
5708
6827
1561
1452
7100
2361
4622
432
6712
7221
5527
317
2196
4613
4620
7217
3836
4671
3198
3324
4179
2817
5051
5765
1689
7421
325
4013
1664
137
5290
2945
4399
2853
973
4690
124
5653
3024
2722
5602
6959
5834
807
7857
5896
188
7015
3345
7759
1887
708
5412
5306
2055
5703
2824
6825
3951
7558
2540
2682
6907
6543
2005
6271
5124
4535
6256
922
4558
6262
6017
3166
7654
4226
7441
7579
2898
4413
204
4308
1755
4309
3712
1317
6070
7811
592
1589
3280
1722
4672
6557
6126
1777
306
2760
2207
2345
1804
6370
5431
1672
1350
4115
5793
623
4198
3492
6430
5867
4785
4743
3707
7846
4293
2346
1341
6640
890
558
6903
1686
2304
841
7434
828
1306
1571
4087
1821
1242
3178
2359
5961
6804
615
7732
2467
5492
5886
3134
3516
6523
5837
281
6366
4868
3003
3446
4881
3158
3658
7477
3849
2427
2566
2958
3434
4113
1820
6887
795
1894
819
1069
5611
6395
897
7388
3821
7293
6318
5775
7277
3078
6238
1517
565
2956
267
6573
1601
326
6663
4408
7099
3217
4232
5717
7950
7692
3440
4892
5785
6600
6274
544
7168
1865
2170
2046
4913
1333
7966
6507
7039
4227
4879
7911
4223
1382
1990
3006
136
3244
798
3972
1130
2048
764
7908
4894
4150
992
1469
5435
4357
578
6762
7169
2866
4727
7163
5112
7698
1473
2024
6507
5964
3603
6890
2668
735
5012
2270
919
5137
2376
6702
3462
6228
7596
7950
479
30
4077
2424
7564
4710
4581
6146
1682
7185
181
3141
3175
2315
7859
571
1929
1639
6842
6191
4988
6377
1996
1798
4355
344
1792
6428
7000
3909
6518
6504
256
1854
7018
996
5251
2233
880
6614
5413
4016
3163
2828
7758
4839
4877
1877
7647
920
7618
4022
2080
5411
7705
5208
7093
2985
4592
1564
4659
1529
1086
4512
1233
6639
2237
296
1076
3247
2843
6702
3538
2061
2305
7015
7945
7148
2195
2818
3924
7411
41
2563
4589
6588
1396
1577
4532
4783
1248
2992
7231
4879
7303
4448
333
5830
6949
7617
6365
4632
3174
2340
3784
428
6385
1382
6194
6253
6731
4594
7601
4255
2531
4389
2588
5029
2318
3852
1844
7430
4026
6846
1473
607
2641
3185
5384
1198
6964
4268
3639
278
4507
616
3547
7641
5393
5451
5293
7742
965
2652
7202
7626
6076
6135
6293
2052
3114
1678
4496
4163
1998
6492
4369
760
5620
4564
3475
2934
2185
2900
182
568
663
2094
3112
7832
4823
3663
2066
3274
6863
4580
3079
3878
1711
6121
4769
3617
868
4501
4807
6495
4715
4632
3352
865
6002
4183
3368
861
5407
2520
785
5186
802
1093
4576
1858
5851
39
5263
2581
6317
1192
2060
2297
2099
1738
6074
3633
1989
4176
5538
2822
12
5607
5967
1871
3043
4653
4944
2433
2622
2349
7103
2269
534
5879
2922
1627
2597
227
2097
2251
1523
2116
3680
5059
5909
1507
5304
870
4132
1342
1866
5509
6948
7441
4606
5803
4005
4122
6938
6119
7128
5995
1289
121
1415
6802
260
5851
5760
5276
6815
1090
613
4686
7037
4946
5986
6258
736
2063
3138
1262
1067
520
5763
1614
1671
5166
836
850
5911
1909
1452
353
1139
7544
340
6969
4686
5161
418
526
763
7739
2169
2442
4680
4067
207
7975
20
5874
7159
3917
1892
5324
2646
568
1660
3187
7935
1393
1539
2923
6338
5257
1057
4765
1310
5368
7056
6598
2946
5820
7787
6596
1460
4510
7513
6392
1285
4280
1887
6171
2747
4930
7996
5441
5225
4417
5199
3133
5591
4337
2081
6693
607
2237
2217
6843
2047
6916
7470
1043
2812
7878
7352
2645
3341
1343
7321
227
1006
2617
2047
327
2985
756
1557
4838
2065
970
2993
1627
1800
3773
1613
247
2366
1541
6638
608
260
2076
6306
1539
5119
1829
4955
7913
1636
2841
6681
4352
1371
4668
3924
7664
6028
5462
6813
7786
5107
3515
2429
4807
5679
4768
6744
5435
3414
6378
2105
638
814
7582
1451
1890
754
5409
4690
2404
273
7647
5227
3967
7137
4880
2727
4511
607
7505
3860
6656
7516
3340
1400
6969
7452
2800
2580
1741
2711
2381
1999
7090
7033
7123
5635
3668
7505
1129
3264
1466
5666
564
4245
7626
3663
779
3121
957
1492
3031
2742
2072
6438
895
256
2172
630
2538
2833
7251
2541
5599
920
4095
1658
1989
2420
4887
5529
3564
1062
3266
4264
1779
4200
5292
4999
7926
1808
317
5762
1561
7489
3769
1349
6433
6056
6558
4332
6904
7123
6353
2516
4272
1204
6499
5596
1914
3910
1609
2764
213
4557
2135
7742
7013
838
1402
2939
5044
844
282
1885
587
36
6402
5655
1186
7960
4827
5616
2452
3031
692
3664
6368
127
2960
5397
3434
4282
3468
5825
2474
2177
1582
1710
5030
642
5696
908
14
365
7230
7320
2486
6094
4932
3470
908
1081
5501
7730
2182
5834
7173
3393
7062
6682
488
492
1683
4247
1660
1415
850
2919
1144
1325
7470
3350
5386
6610
7015
4437
3329
2947
2965
5310
7588
2764
6693
4295
6499
6511
3843
2413
1287
6761
3260
1586
2535
6686
1648
2809
7020
2822
4391
4896
4602
1047
6153
6039
2028
3512
2553
740
207
5250
3
5047
7332
3950
3677
4778
5466
6919
5573
654
6641
3782
3842
4466
3233
428
1505
5541
5679
2803
1265
5981
3068
1719
4126
3782
5765
1037
4010
1930
7841
3266
2998
5877
4112
3254
3926
1475
5272
7546
6733
5083
6504
3046
4104
6368
6167
7785
1047
5065
6199
7589
6216
6563
7131
6792
5230
5959
2539
341
3010
5606
491
1733
1132
7777
5571
3386
4658
162
6412
6083
1705
2172
93
4860
5576
7073
6137
6204
2950
2003
7829
2084
5000
5812
1128
6162
5994
859
7670
1595
7343
4842
3013
3212
3102
4921
2061
5890
2818
6647
5572
1025
3091
778
211
7518
7517
2247
2934
7523
7417
7041
3177
2932
3723
976
199
449
7283
574
3110
1682
5717
4664
2148
520
6342
6552
5899
5621
1476
1969
537
6579
4709
1595
3988
1499
1888
3822
6942
6574
7000
7482
1612
1834
5041
55
562
7195
7819
2784
6222
22
5386
2597
7881
4130
7303
522
331
2869
3346
2470
3745
4685
4675
7444
6835
1049
4476
4491
7415
447
2274
1327
2716
59
5575
7195
1384
5649
2193
5942
1099
5602
5933
7921
303
6679
3425
4828
430
760
2421
1939
3045
6140
892
4404
1853
7052
6543
4940
2300
500
7808
3233
6236
6005
7170
4218
94
2544
390
1302
4596
732
3811
7606
1340
420
3112
6843
7484
7990
1458
5955
3780
2586
3443
218
4894
5861
6043
6045
2083
476
5133
349
6645
5413
4534
1586
404
7874
3990
4793
4191
5480
4139
3867
6242
7549
451
1441
4789
532
2241
145
27
3679
2468
7342
5852
847
2043
2241
2057
7991
1272
3653
905
5164
2164
1866
4774
5196
3567
3945
2716
5976
5592
3057
7962
879
2840
7703
4580
7659
1874
6197
6921
2418
6014
3830
1414
718
4469
1898
6613
7659
1927
2163
5035
6781
7451
7610
43
2276
4695
6739
6702
1383
5829
4425
3532
4240
5516
7335
5758
244
6699
26
7082
4713
3410
4484
2738
6436
5992
1922
5387
6607
4706
2390
256
6927
6791
7920
4164
7608
6483
1561
6389
1123
3747
7325
179
4987
7329
1990
7502
2849
145
7248
4863
2058
6390
4060
4427
5895
7653
2165
6606
2226
6007
2506
6936
2122
563
5013
5099
1310
2912
5972
2226
3608
3661
878
1616
6692
6721
3335
404
2365
21
810
2824
3592
1111
6283
3394
1180
5266
7994
2342
4494
7637
4428
7246
1369
3739
5927
5788
7873
6732
1057
7031
4508
2963
2443
4699
5799
404
350
181
6530
6214
5853
2273
6056
1993
5325
4201
765
6801
2453
673
1108
5874
7852
1369
4382
2344
4983
7421
5977
1129
6015
768
1458
190
5164
60
7151
2184
2340
6010
7028
3098
4144
5612
5767
1395
4567
5232
970
65
2573
2993
306
840
828
6861
4340
4096
4129
3104
7742
3735
5775
6685
330
6220
3191
7452
1924
23
7476
7473
4078
7136
2289
5580
5854
2839
6121
2703
6513
2989
3181
5578
177
1978
6241
5231
2389
6907
72
3734
2426
5501
600
5057
7433
2956
5829
7991
1026
556
3231
4790
6318
7219
4464
727
1325
3167
4907
2961
40
732
2449
6221
5537
3835
7555
4955
3185
4260
3815
6661
7185
2969
5247
615
7054
4377
2249
552
259
7936
6552
2300
140
1234
7412
839
1530
1399
2780
4094
2213
3267
2334
4451
6332
1196
6326
5707
1317
5941
7865
2745
4430
6244
6640
3277
3444
3114
1695
6308
3433
6036
3998
4552
448
3565
1726
3207
1708
3175
4819
5069
3380
6362
6493
6638
4578
1386
2407
7560
6448
1770
1076
752
6480
3766
3515
690
4450
651
427
3211
6032
5910
4971
2805
4671
6552
5203
1106
652
99
4953
7030
3783
5717
4471
2305
1783
7351
1862
7629
7146
1812
1986
2769
5974
2334
3391
6220
4667
3040
3827
6041
3327
2129
4802
2853
5882
5229
390
300
4733
5063
5028
3508
2872
3341
1738
6458
6896
3024
5218
7971
4624
4870
5949
6208
852
1209
2772
7285
5602
586
2649
970
2828
832
2457
2594
7083
1948
2027
1275
5855
5770
3925
4394
5999
6383
6888
4859
5047
2662
920
2705
5586
1601
3862
6854
3249
2059
2924
7048
1273
7856
2979
3575
1457
6868
3516
6250
3227
2061
6552
2286
6782
3817
6318
2939
2947
5345
3618
1313
5551
925
7705
5431
5267
1743
229
188
3842
4795
3907
41
3176
253
4402
2179
254
2237
7228
4110
726
3224
5743
1496
4463
5096
2403
7462
281
4157
392
1076
172
7203
5113
6894
6581
7921
3009
6639
6785
4100
5476
5047
7176
5258
7616
6250
7313
6237
6846
82
4114
1762
2361
401
6459
4462
7203
6233
5097
6248
574
3187
3887
2396
5840
6173
6072
1577
6423
4752
2091
4579
4976
3711
6954
271
4521
2889
5975
6499
2490
5026
5689
5630
1824
7037
4022
6043
1603
2069
3222
3573
13
1691
6889
4152
3723
87
6952
2492
3331
5152
6118
263
7732
4872
6795
4398
5820
1274
365
2745
6541
1140
5850
2548
3830
7109
3009
2089
696
2986
5332
285
934
6820
3130
2640
3451
343
7213
7650
2639
6919
6800
6797
7180
571
4619
490
5824
1864
291
4769
5618
347
2301
7053
2659
3191
6836
3291
7688
5658
6937
4880
6565
2747
4077
2229
2986
7851
1482
3583
7865
2382
3118
3424
2750
3123
6277
3030
7034
6204
6026
5701
7037
7450
2097
1865
5790
2816
1285
3749
2311
202
1777
4170
7404
3583
570
6780
3681
36
3725
4812
3347
5050
6245
840
1993
6143
3648
291
3613
3788
3355
1393
2878
1163
1882
1188
777
962
1596
2775
2874
3399
2652
3953
3147
1002
6242
7798
6739
7438
1473
6459
2467
2639
6454
1610
4046
1824
5958
390
5679
7630
4230
7373
4330
3732
3585
6670
1062
2477
3122
520
6680
4063
2167
3163
1591
4854
466
655
540
6192
7556
4512
2773
5789
7404
6261
1562
7895
7835
1620
6461
4943
523
845
3408
4972
5634
2469
1456
3554
3175
3691
7152
4851
6815
2916
7204
437
850
5898
2004
5660
6362
