5993
4315
3478
3401
255
4120
3228
6594
1976
673
3371
6514
3645
4112
2166
6528
2722
2142
6998
6607
2190
5467
14
1720
772
7044
4714
719
2579
574
633
3516
7306
3689
5960
36
3704
1228
337
605
3743
1742
4258
3980
2100
6557
5503
1543
1069
1611
1197
5332
848
2436
736
5877
4659
3197
3124
2704
5610
3919
3717
2637
6023
1115
1202
5520
3826
6719
7436
2773
6840
6635
6322
3733
3939
5842
4002
7334
2837
5791
4511
4050
7399
3572
1368
4823
5965
4623
1991
4513
3509
7065
3500
1034
1781
5665
1246
3036
6551
7582
6776
2179
3974
1799
1168
1795
7180
740
5663
4492
2006
5963
7255
2230
5799
3685
4678
3101
395
2630
7210
869
4406
6025
1318
3810
415
6763
3676
2674
6814
2364
1673
3540
961
2386
2776
5780
5183
1379
6050
67
4085
552
835
4558
2109
1557
4205
1094
1217
2278
4529
5775
4681
6766
3708
320
5017
4031
6208
3620
743
1590
3264
3121
1072
6774
6506
243
67
6723
6300
3531
506
4736
2543
4594
2611
195
6717
5065
5059
6093
2738
6621
6642
193
3263
5122
3195
5485
1875
5671
2952
1754
4318
1896
2021
1122
4358
1186
2745
4377
5070
4687
4085
126
187
3458
826
1467
3061
2581
5510
7719
5068
6346
7419
4850
5345
235
4177
7213
835
1091
6642
6958
6515
7034
3414
3957
7005
3862
4267
887
7333
2146
7502
7910
1626
6744
3752
3475
1041
7934
839
6808
5920
2302
4240
4115
4791
3258
7306
947
529
5761
1401
6595
4071
4484
535
7253
2350
2906
2854
2199
2938
3302
5216
4550
5108
5146
5632
2008
352
5566
6963
405
5057
7075
6944
3736
3113
940
3479
5066
1977
116
12
1018
3292
4944
5425
5684
545
5059
4405
795
616
7264
5602
5454
3413
1228
6141
5924
3375
1259
7818
4670
1680
1148
6615
7784
4766
6767
1832
4178
6372
4809
5900
5638
2862
5620
7440
456
5007
3465
7050
6207
5895
781
5133
1874
6304
1525
888
6781
5845
5733
3163
1826
4895
6386
2239
3490
2343
542
115
342
2150
2932
6719
7882
7697
5231
140
7433
3331
7960
7033
301
334
47
1179
4152
6882
204
2977
6253
3843
957
7346
1462
7621
7296
5841
5983
1503
2695
3301
2570
3177
6958
4641
2604
6771
5791
7196
374
5649
5712
2207
7069
4080
7478
4529
7340
5483
1834
7386
6651
684
6712
1304
5980
7421
7515
1262
6237
6019
7668
219
1916
7985
767
2321
211
341
353
662
3224
217
1018
2636
4740
1408
3630
7862
5122
7494
5219
1185
5218
7092
2394
5121
6344
5111
1365
3818
1192
4263
7874
2673
287
4483
3271
5885
6960
2970
5912
3534
826
7290
2537
7927
3657
5401
2217
6722
1155
1411
4741
5488
5194
3007
2434
5874
7750
742
691
1282
512
6786
4703
422
5747
6446
5009
6761
2601
405
2303
2356
2690
4426
1704
6892
3300
4912
898
7760
623
2215
7003
4990
6462
2041
2365
3610
5509
7830
5049
3117
311
716
5133
2366
5405
267
5479
2764
1544
5065
3454
1950
4291
7446
1608
5064
2249
3187
931
7379
6904
6106
406
4616
7485
7188
5489
416
870
3241
6865
1798
4273
1423
7459
5757
780
923
3268
3533
927
2944
1062
6036
4042
7351
1208
13
3284
3614
4783
3750
1318
3245
7743
7204
7326
2224
6592
7552
2912
1783
4422
1455
6079
5117
1176
5705
5540
3861
3242
4876
4039
7815
78
7706
7940
5909
403
6487
5511
1307
6501
5574
5346
3016
4960
4335
1509
2983
7732
6599
2484
5374
1877
1881
500
7873
879
2168
6878
6536
4079
4118
5602
1202
1095
3380
6407
1064
3458
3948
7334
1826
6443
4472
5214
2477
4025
6234
7969
3552
3009
4485
3307
6187
29
7691
1976
6302
755
5659
5940
6086
7199
2025
6295
3330
7500
5541
1267
7800
801
7859
5068
615
2273
80
99
5374
3534
5719
7726
837
1093
2433
2774
4179
2897
1984
7143
4202
4942
97
6449
259
6294
811
5253
1745
999
6472
6763
5514
6677
814
3613
710
4262
159
7578
5583
6361
7235
7863
7615
1743
6888
3172
6668
3539
1260
1397
743
4779
124
5388
5641
1622
5483
1380
3901
1348
2959
6509
757
4169
4120
7264
6943
608
6482
3869
141
4247
7405
4093
2775
1819
3405
5694
2998
4553
6806
2448
5075
6673
6722
5826
6336
7854
4443
102
3145
668
5961
3511
7468
5399
314
1780
4879
1168
3242
1724
7606
4269
4235
5809
23
7285
2281
2842
721
3369
5767
7579
6144
3047
3957
569
6066
2266
1730
2853
1691
4230
6432
7211
5454
6083
4697
1331
7011
7986
4001
1117
790
2596
5803
7736
7034
3553
5350
5772
4204
6025
200
3598
1603
7505
3903
2734
885
3392
7376
4948
5890
7939
7829
2156
3677
5444
5970
3144
7062
1843
121
2103
3411
2406
2680
5961
5925
6465
418
3364
664
3113
3889
5961
7044
4683
2927
1551
7529
3097
4314
2087
146
3413
5178
2211
22
2910
786
4047
1480
5965
7430
7850
2283
1380
7622
2741
6238
5421
1297
846
1608
2970
1150
3293
1126
6527
6043
1892
4955
3690
1249
5962
4956
4354
4525
4075
5552
1146
1671
4058
3308
327
1043
6993
2166
5258
590
146
6148
2128
4
6466
7883
5788
2296
5129
4064
4603
4002
3139
2546
2893
5822
3566
6762
2117
272
4297
4053
1703
993
7781
3534
7731
1826
6355
95
5083
3858
871
2118
4558
7487
4811
13
1860
5421
7854
5930
6841
6892
3213
5004
3384
4056
5753
5264
2512
7684
3951
4482
7465
3053
4438
4802
6920
5600
3974
2306
7032
3998
357
2947
6051
6918
5052
7558
3288
1677
4007
5291
773
4648
941
2597
7975
6522
6109
928
1224
2357
4026
628
1825
622
1771
2145
4616
1649
5209
4828
4180
3821
3802
1305
4259
3329
5491
4162
3502
5612
6772
6724
5304
6333
5736
1118
3272
3309
7923
3657
1336
6804
1903
4606
3411
734
3769
2649
3058
7848
7057
2116
5391
1793
6904
3842
2141
5871
3957
4340
7417
7431
6608
71
5557
4742
3283
138
5195
3124
7784
6559
7573
6288
1622
1011
2582
439
1761
7809
3246
7900
2347
2284
2736
3543
7908
4255
4429
170
7160
4435
5741
2250
2809
7054
6591
1978
2903
434
6602
3606
7611
7232
4769
5406
7686
593
3664
7402
2529
1094
1095
3002
2903
7807
1072
7345
7059
6438
7175
2838
1212
5238
6900
668
4218
1119
6537
4539
1440
29
1114
372
7429
5605
5626
7665
1789
699
7363
4498
7885
5006
2190
3656
684
5106
5315
5514
1148
1111
7642
6928
3442
3561
1598
4066
4796
3295
5300
4580
2577
2123
1496
1833
1420
6930
2042
5355
4962
2921
4633
3863
6652
4072
3061
2129
3656
2536
6014
2301
4095
3063
6145
1657
6349
4370
675
578
1827
6457
6134
7881
7912
548
315
1219
7748
104
4482
3342
3318
3890
2642
7555
4320
1526
2274
5212
5312
7348
603
7356
6036
6322
2671
802
1918
6773
2353
7483
3842
4721
5649
1102
5033
2601
3232
1442
5682
3712
6779
5394
3465
7811
7486
4895
4950
742
5930
396
1179
3914
7689
3311
2904
7783
6928
2850
950
938
4093
3284
6727
5672
898
5876
7736
5666
4201
1739
3891
7598
7267
4003
2143
4091
7498
5192
4081
5053
469
7919
6697
205
3798
4689
3138
7545
1376
3371
7948
5670
643
3797
5247
7556
541
5203
3270
5477
6830
7046
1907
1146
3418
4059
874
384
7703
6798
5921
1327
4439
4727
766
5397
3554
7449
7514
6126
2728
3358
1753
1285
7019
5340
2438
4567
1098
2166
7153
5936
2324
151
3330
902
7056
3127
497
1262
901
4795
7792
4760
2705
951
5061
6270
888
6068
2258
6565
5246
4236
5729
1659
1095
4104
152
3311
2583
3177
7002
6126
6520
2797
2536
5535
4023
3795
884
3789
79
4765
5290
5666
7222
6018
2531
3507
2855
5003
7951
5175
2584
2222
1599
1481
1722
7547
3069
2127
7355
6420
2489
1248
4640
2469
83
152
7471
2945
687
4147
920
1374
6702
1180
2147
2003
4003
2610
1016
4675
1834
7943
7025
1661
5748
3090
5026
3628
3632
1540
1437
913
4264
7021
6678
3034
7318
630
4205
2652
5347
3524
2630
1282
6516
1452
5568
2944
3162
4445
5711
1434
1905
7742
5156
7148
66
3000
6668
3356
6703
3784
6509
2724
6456
5459
4407
4580
5249
1274
3471
5551
5752
2303
3516
3860
1172
688
4899
4155
6572
2711
4832
1739
2954
3072
6991
6280
7243
707
2142
607
3216
4171
3595
4358
630
6600
7246
1820
3601
2629
3769
5680
386
5373
3191
5587
4177
5329
1930
5054
2124
1955
1050
7012
814
25
1965
4753
739
2088
6191
7361
3715
1606
5354
4042
7790
6885
5774
272
7281
3907
1987
3155
7140
4110
1258
1110
2326
4904
6514
4152
6238
2633
5305
167
3043
5836
5592
7209
5121
82
4476
2502
391
267
4094
2669
2867
678
913
2712
5630
2111
6216
3546
5417
6781
3329
5056
5019
4120
529
4889
752
7606
892
4449
924
979
1723
7280
2867
2646
1873
6738
2339
7901
7367
709
166
3347
3740
6946
1850
3863
5697
1228
7235
5434
3097
7713
4360
1466
4466
7269
7000
3563
1034
2945
2255
3969
6940
2100
5726
2003
7240
2274
7595
7592
4453
3858
2013
7423
7928
3010
130
5935
6915
2633
6448
6669
1572
4440
1924
3521
2377
7529
1081
7616
4614
4293
2476
7252
6444
1454
6421
1332
7129
7661
5141
2953
1885
4002
2852
5954
2934
7634
15
3134
1887
505
6954
3581
1470
908
4185
2948
2575
78
6218
3120
7255
2564
2806
5270
95
6867
854
3025
4068
7876
4473
7999
7662
4022
5325
4295
2635
305
6710
2068
1423
4647
7366
6935
7524
24
2144
4272
4910
1868
565
48
2140
2898
5785
3278
7582
7630
4072
497
2603
6453
1732
7500
2018
4921
6081
6481
2325
2344
4874
6056
7283
5178
1992
6644
4410
7178
2241
5638
842
5871
241
7566
2800
377
5424
6385
7073
2942
7864
4905
7524
4600
6802
2696
6735
7476
6890
7965
6495
5424
4888
3936
5985
312
3445
5982
1446
1083
4993
3858
2533
632
624
496
4264
2466
2661
5835
978
1017
7625
620
5590
7053
7911
2905
4044
4306
1878
1342
62
67
7358
2858
4285
5265
5089
1047
7701
7906
5279
228
1283
5985
6131
7935
3866
1471
6565
7835
1532
4622
900
5283
1790
2353
6423
5018
863
5487
1854
5395
3851
1676
3415
534
6695
7892
3246
1215
6856
2534
6053
3401
1816
7646
2392
7705
1224
3657
1295
6433
4599
5074
1021
1635
5666
4170
5059
1751
5270
3385
2721
4947
5841
1747
4446
3481
2653
349
2778
4484
6161
896
2216
6289
5818
214
2350
6097
5908
5379
201
1119
996
2851
5726
6562
2440
3492
4299
2408
7409
1902
1565
2912
7222
4739
5132
7425
7087
4324
765
2972
3443
5022
311
4914
5415
1601
5563
5804
3206
6009
7267
5167
4874
6106
1725
1276
5931
4237
3595
7614
6752
2567
7542
582
7416
3838
7276
6847
4309
3863
5107
3741
4531
248
3455
3075
4061
4297
346
6022
748
3598
6530
765
6990
6212
7551
5070
4733
2168
1162
6459
6015
1075
4741
5470
7452
2767
5858
2308
1325
6846
934
458
4429
3078
1922
5172
7004
2471
6867
5133
567
4195
4492
4844
2231
910
5956
7651
3093
6070
4559
4840
189
2021
1658
1462
7758
6131
7533
6909
6981
6595
2958
6381
2597
2651
1168
2780
2478
1814
6123
5840
5389
3083
6424
6147
5850
6629
4531
7568
3501
6908
3408
5739
3395
5783
2679
3060
6828
5847
1580
6337
3581
6215
1476
1444
1646
2804
7764
3412
7549
1062
3414
4535
7789
2995
5852
4005
3045
2861
6906
7007
3582
3369
7738
2729
5307
2041
2860
6390
3558
4590
6492
7452
3377
5447
7309
4879
7575
5479
690
2442
5633
2438
278
4704
1668
2729
1126
4831
2853
1774
2501
7644
4097
1698
4077
1980
2538
4448
764
1498
1951
3653
7676
5156
3800
505
6487
4763
3246
521
511
7156
2778
6781
6984
5876
3177
5669
1573
507
1285
6029
4782
7296
6527
2464
4549
3251
4190
1788
3051
5843
1169
4831
4173
7716
5056
1798
5552
6961
1104
5076
3724
5636
7670
5441
7771
1048
1333
3651
2861
5566
1339
5453
3331
5446
3601
6004
4593
5248
7557
2523
466
7677
4321
2530
6236
4208
5300
1318
6413
2279
6591
466
432
5159
4025
2146
2078
4547
4164
4141
6270
6520
7924
1564
931
2881
7027
3325
3304
5997
2849
5293
3706
6207
6762
642
3067
198
260
7890
4675
2054
7871
3173
5318
2132
7985
2152
6575
2856
3769
2343
671
2650
6463
1110
2235
4228
1368
7252
5818
3069
5048
1055
6357
7748
6752
4973
514
1941
1077
5924
5505
6870
6180
5075
298
5956
957
1834
5629
5579
2968
5003
3992
849
1627
6830
5848
2676
4302
3057
2720
6912
360
6700
4560
3778
169
497
3321
7616
5673
538
6939
816
866
646
3748
1421
1110
331
3442
3787
5388
1794
5391
2012
4360
5413
5665
2105
5592
3389
1758
5218
3622
2430
325
6745
6323
4907
5029
7027
2521
6851
7
255
606
1555
1513
725
644
3693
4113
501
2269
4971
1732
2863
3739
4255
4009
6090
4162
4870
2720
7881
2276
33
7726
101
7235
7770
1341
3252
1368
4587
1796
5908
7965
7859
1760
6341
5875
6483
6450
6781
5582
392
5624
903
4601
6191
4075
1863
6852
7259
2872
2902
6348
5488
1961
2582
5278
4450
3577
6932
4272
2613
786
5042
5363
5603
7087
6179
5071
3501
2848
4236
3504
100
3305
870
2648
6688
3500
7139
261
4253
6491
1283
7675
1476
4903
1727
2701
6261
5217
5007
300
6037
250
7429
6204
1599
837
1219
345
5390
3269
5652
6112
4838
5872
1400
7473
22
6168
144
2374
2925
27
4607
5106
7317
4641
1482
5060
7229
2971
5764
3916
3004
4988
6937
2921
164
2960
502
207
338
1289
4915
5385
7399
6229
5302
2976
6035
4337
2548
2220
1932
6680
6833
5913
4706
4256
7060
4715
2856
2270
5798
1230
3746
2406
5950
6200
4095
4444
5973
763
7930
5746
2390
3865
5697
5799
7191
364
5653
2363
5792
7280
4596
4685
7189
6504
1600
3470
7826
2445
3620
2317
4925
5940
2456
1640
4299
6893
664
4407
867
3784
3459
6324
1089
3519
6408
5093
2862
2787
6690
1510
5378
2046
3734
5578
4186
6443
1720
4336
2210
1699
7870
2523
2876
1452
5204
163
5176
2454
4499
4136
7093
4245
562
7351
901
3591
4374
2844
6251
2716
4862
6469
5370
2819
5411
6141
7222
4165
7300
6024
5526
7429
1902
3846
7821
3228
2307
326
2020
7211
1974
7148
3685
783
6630
645
2074
5194
4062
6125
7303
5197
780
2348
7417
2843
3664
1698
4933
7131
7880
2319
1027
7820
2147
5716
126
1801
4271
7485
6343
2423
3948
7248
646
7209
4706
4019
3184
1322
47
7577
28
191
2960
2662
3957
6306
1987
6147
4538
6534
4071
5334
4603
408
2322
562
6584
6938
4265
5955
5429
1125
3639
2117
4662
1036
5792
7699
7337
3056
191
3393
7318
6213
2139
5403
1975
4632
2169
4854
2269
7732
7272
6260
6315
7970
2183
2141
5263
3103
7490
5662
3924
89
5877
4578
4823
3974
4249
2515
1288
1142
6877
3334
7394
2786
2673
3062
797
2202
5437
1694
1969
5836
466
998
2151
3616
6569
3119
3279
4040
941
1291
6189
2100
3916
6180
770
3446
1791
3080
168
5276
2737
7087
4237
947
1735
7912
7701
5757
5740
6259
2441
988
4964
5557
4236
7667
7398
5176
4193
1902
7167
3980
7233
7228
4776
922
7777
6659
6101
1735
5926
1816
6639
7874
6142
74
6971
2048
2290
7907
2255
3682
6991
211
5258
3588
7540
3189
5068
1638
3148
5973
6330
6665
467
5029
3974
4722
4011
5655
396
5238
4503
4052
6033
6472
4851
3753
7353
81
2919
4025
4330
6796
3214
3517
3352
5112
688
2057
4290
7919
2689
1220
5989
5410
7686
5868
5973
7634
3984
1055
3362
2873
4706
4827
5237
3794
815
1417
3266
4288
7626
5215
6112
4658
1162
4635
973
5209
323
3474
478
5677
4535
3730
1638
1035
1668
2566
5957
24
48
789
6417
5856
2007
2984
5077
4228
5354
2438
5080
6899
6732
5892
1610
7492
4305
3808
2536
7030
6041
4616
303
2753
7169
587
5032
6123
6226
2098
5616
4221
951
5907
7161
6719
635
2441
607
3348
2288
2646
6576
1757
3499
1308
2005
2943
1744
16
3637
7894
4984
6656
6319
1026
7887
5262
857
5333
4034
4149
3425
3202
3019
50
530
6618
6910
288
4461
7599
5205
56
309
6302
2814
4155
6920
6046
1520
1068
6614
7681
4334
6767
5929
5531
3393
7239
898
860
584
3502
104
1026
7912
2269
2115
4197
5377
5126
5691
7204
3815
292
2171
6049
179
4449
7103
6143
2449
442
2833
2823
5672
3638
4053
1225
2154
451
4272
1302
6513
7367
3159
379
1824
3998
1609
1767
276
2851
4894
4728
1680
7489
6762
2556
4104
182
1632
5938
4753
1622
5782
5
5379
4833
3861
5537
574
3695
2367
3782
7847
7117
7936
5631
1062
338
5138
6128
7307
7239
592
1123
6293
2765
3714
4270
3405
7950
2879
7862
2627
2149
5492
4925
3310
4102
5417
2948
538
5994
4866
3157
1922
1671
5030
3358
6406
352
5949
3129
7949
5783
6758
5759
5089
4640
4862
1965
7380
1970
960
5761
5291
4039
5517
5122
2827
1995
6275
2829
7567
545
2971
4381
3654
577
3029
4328
6116
4801
4750
7024
2470
7331
67
3901
6686
7928
5746
2981
858
3712
3248
6634
4344
3607
1926
7076
4790
4529
1582
1688
4856
4005
7578
2969
5241
6097
6100
7681
1596
4664
4952
4709
6123
1579
474
6411
1315
5601
3380
3857
31
2399
7047
7849
7840
7228
852
3769
4170
2437
2640
6768
5680
2469
782
7493
4285
935
1153
3016
891
59
6256
508
4702
7745
3387
7583
6293
2595
2152
7695
1784
274
2343
3267
7425
5170
606
298
7296
4927
4777
2939
7405
2983
3571
5216
2131
4509
4017
7054
4600
5600
356
7524
7717
4669
1785
5371
7674
2081
594
6028
4623
5387
2498
5104
944
2133
5488
4357
257
5150
2406
5956
1636
4041
7973
2534
2375
1501
5711
3511
2964
401
3736
4955
6328
1176
4825
3794
7238
6492
6748
4778
6501
890
6203
2451
5904
6122
1280
4274
3937
7311
1106
402
837
6017
417
4923
4591
3358
6498
6181
1656
4460
4936
3285
2651
580
4943
1100
2803
5089
4654
2808
536
3446
603
3524
7675
6934
3514
5354
6507
4856
6026
5456
4769
525
1463
5649
3891
1942
6902
4588
3105
1628
673
6803
5240
3936
210
3272
3981
4088
2273
5864
7492
7320
4297
7691
3589
7470
4839
6878
6637
3089
4549
1583
2644
4241
6567
2744
762
2360
938
2561
7995
3801
5491
4017
7776
6113
2412
6532
5742
1323
4313
3647
3584
675
765
898
5098
34
3475
5952
7681
2793
4216
3823
208
244
7133
7413
6590
5996
207
2511
5418
2821
1425
2179
7760
2386
1439
2564
7194
3334
730
6651
6337
5369
3275
4860
5871
2010
1456
6265
63
2792
582
5714
1116
4761
4627
1726
2982
969
5485
5998
1317
3046
3642
2232
431
7240
7120
784
2627
1860
418
3076
2607
625
739
2737
4636
4869
6379
5634
5481
7124
6586
6374
5201
2032
7015
3855
2427
5007
5997
2679
413
5490
5659
1019
4679
6293
4464
5579
4764
5085
1664
6479
7891
6978
5411
5042
3781
4600
3844
7569
4909
1107
3439
4813
3393
649
7366
256
3878
3815
6258
4394
3772
6491
7301
7100
3035
3216
1991
7809
1245
889
1018
6130
4846
445
231
1330
3428
7387
3686
4057
4047
5642
3123
5703
600
7472
7543
7090
542
6705
7091
7862
6922
7801
4468
3590
6965
5262
1598
7868
728
3803
3048
5845
4599
520
7677
7749
6346
3623
6978
6066
1302
2082
1180
7671
600
4968
6833
2484
3775
3896
4515
7854
5440
4106
3737
2105
46
921
5344
3931
1956
5820
3410
3727
5278
4078
1442
2201
3077
5174
3629
5502
5769
7360
7443
7273
2691
607
2811
7870
7218
6023
7662
2136
2538
2239
5042
3660
1647
5753
1816
1750
88
6242
7784
2623
4978
3119
4569
7050
3043
4861
7913
173
6514
5658
2602
20
7789
2416
511
6538
4877
6331
5827
3833
5373
7816
2008
7819
997
6907
81
1060
4137
759
6983
3083
3469
4702
3744
7631
1939
2627
5609
5697
2014
7133
1871
5978
5547
4554
6196
4266
3144
1424
2157
212
4088
1833
4783
5496
6471
5706
6902
1235
1487
4545
6032
643
5509
1112
7534
5760
1265
391
7474
5644
3615
1852
2792
6186
6416
6274
2001
2533
1978
842
4642
1629
7514
5778
5314
7598
7413
6369
5426
7430
2964
3493
5004
5930
3080
2712
7927
3251
2312
6533
3012
5639
1747
3755
2808
7289
3050
1964
1860
4906
7026
2503
2620
6363
3956
2157
5170
393
3237
7333
6713
7724
4042
3008
626
7518
7321
2248
3368
6277
5138
3755
973
3827
525
7275
1725
1309
6820
1624
481
3898
4360
3610
412
6175
6265
1228
2232
270
2030
7222
3287
4373
2130
4123
4513
2804
6756
5355
7430
5478
2633
3264
3177
7149
7404
5533
1677
1389
153
7620
1714
443
1205
3789
7618
4450
575
4876
6954
1982
2136
1636
2170
5582
7836
5018
5855
6797
4902
437
4009
5252
7332
5408
7213
1578
292
5437
6735
4180
3483
4128
3272
2139
3807
2979
5747
7359
7872
5733
5503
1561
391
6147
7773
1506
428
3500
2039
6695
7230
2038
3992
7915
6934
1031
6580
1354
6719
6540
577
7618
1403
4234
3507
7048
5474
2266
6246
1735
7361
2307
3366
5132
36
1805
1854
838
7565
728
6221
1356
230
2264
2787
1707
3245
7022
4616
4671
881
740
5366
365
717
499
7472
4108
5323
1812
3928
2626
752
3042
6425
7158
1022
7458
7200
5813
4500
7932
7901
2601
6476
4794
5554
2617
4639
3108
2684
2351
5616
282
673
6660
7580
7322
3191
5845
7960
426
414
1759
4287
2570
6325
5001
4828
2801
5764
275
4973
4978
7189
2163
853
5236
2415
4421
2566
7947
6258
1497
5677
511
1114
1397
3994
7124
2918
6369
4641
638
5170
6957
6730
3223
2553
1301
656
1059
5494
228
4813
2677
1352
4611
7470
3241
3610
6968
4756
306
3213
2990
2053
7352
2110
7070
957
31
5636
4596
1200
5820
6042
4591
2338
3345
3583
5042
93
3573
3476
5776
293
3817
7133
3051
3030
805
5650
6870
7122
1650
7382
5933
3209
5451
602
7424
582
7130
3801
7875
5702
3878
7782
2691
7976
2041
4976
7176
3090
5494
542
6223
7734
2572
17
475
4515
1936
2204
1210
943
5099
4123
3662
4506
973
4707
2965
3540
2143
6180
5489
7800
5973
5339
1826
4531
3135
5271
1352
3719
5395
4180
619
6628
3586
1841
6280
2937
1298
1254
6895
4024
5092
7669
5392
5835
4947
233
5631
7949
7819
5161
710
6452
563
7609
7262
6343
1159
7748
2188
201
6830
198
5037
1858
511
7575
6868
1914
6602
4473
83
950
4189
4979
3041
770
4450
3994
6372
1875
830
3424
7729
7709
3850
5081
4540
1863
3597
4705
4666
6834
4689
4096
7419
5853
4817
295
1218
7392
1425
3578
6047
5833
6727
5932
4701
4879
4499
5089
5496
3231
3406
2658
2597
3042
4686
5292
4281
7871
596
3245
5219
7699
795
7881
2538
7448
6360
5415
461
6450
5311
5307
7272
6674
1318
7663
559
4452
7549
599
3986
7803
7160
5212
159
4027
4626
3684
7824
5113
2624
484
5836
7006
7055
2696
2136
5826
39
4465
6592
3928
1299
1127
3876
3422
6896
1775
3252
7530
721
6588
5011
684
4447
6788
3354
4328
4663
7406
7573
6007
6377
494
3424
4097
478
7265
2147
2419
1652
702
5938
1655
6236
5501
603
1452
4653
2844
3905
2297
7436
1088
5972
7564
227
3675
3893
7824
2823
1082
1485
1663
7934
5388
2542
2144
7478
3963
855
1754
2479
6414
426
3661
3855
4533
3751
6684
6223
2577
7613
368
1758
3178
5087
324
312
5873
2118
3916
556
6166
2148
5043
7706
7549
1815
6483
3605
7004
3425
4847
1520
5127
7224
3702
412
2019
459
4717
7306
5663
3766
6262
5069
2105
4200
4013
2758
5206
4593
2665
85
13
6332
6995
7259
2006
2410
4157
6870
5702
6041
2069
3283
2663
3266
459
2721
5008
7907
7804
6550
7297
7540
1748
1206
4873
6516
2767
1951
3794
1799
3543
6998
1024
4322
4287
2901
296
6923
4846
5471
7368
4456
5691
1342
3237
250
5190
1815
2755
4738
3193
4097
4692
7683
7496
1413
3825
7542
350
5443
5294
5340
6523
354
6999
3574
1822
3517
1526
7811
423
1033
4400
7988
2173
2226
2150
843
2827
3912
558
4664
5520
1537
3986
4192
4438
7223
7300
3438
4457
243
6076
81
730
47
6172
3125
1427
3296
246
7733
2240
65
4702
6641
4969
1159
5757
6776
6034
2461
4329
1482
1444
5341
6821
6154
1532
1569
7227
7845
665
7584
5848
2492
2707
7322
4164
7930
771
994
2028
4276
3838
2370
1958
5536
2137
560
4296
3216
5571
3848
5492
5988
4132
738
900
6569
5214
6821
1184
3444
3232
1560
2238
7737
5603
166
7246
2748
1150
5734
1695
96
3896
6901
3341
1854
4161
1699
6408
2742
3041
2354
4791
5271
5872
7567
3731
7062
6606
1243
7273
6828
5394
5444
450
6166
6992
2530
3279
4377
850
1239
4851
7716
7878
858
256
7268
2973
5518
5538
540
4943
5580
7905
5267
3427
7326
1799
1456
1726
297
7174
7829
1789
3134
3132
7873
237
3211
6890
2421
3952
3764
607
425
7365
296
6706
5049
4664
1106
5755
6058
4830
1585
6153
1969
7625
3882
2061
3128
400
181
3515
470
5033
4629
4000
4352
7538
3396
4404
3943
4245
3464
2074
7870
2212
7882
1650
1937
5785
1722
4156
3064
6495
2533
3411
3625
3362
6306
289
1733
7105
4772
3992
6439
5494
6480
2194
4595
6661
621
1582
4640
4829
180
1518
1355
2095
6130
5959
730
7767
1830
3962
4189
226
5301
3124
7350
1615
1870
2961
4241
5690
3499
430
6662
4781
5406
2914
7756
7284
413
7276
3572
2039
1011
2947
671
6852
5354
6687
6895
3053
1155
3034
4523
2051
1124
1850
238
6689
2039
5587
4530
4964
360
1222
6533
5832
2661
6357
7270
3203
1592
2595
3590
7030
3833
592
3786
2820
7969
1359
3036
2653
4266
6553
6481
5476
7657
894
3404
4120
3236
1555
5624
6774
285
414
2859
1285
2896
7004
4175
5719
4214
6954
1845
1171
6828
7591
2526
7143
85
5446
3794
4078
3214
2302
4229
6202
1370
1011
1529
2008
626
5562
999
6691
4154
4371
722
6483
6805
3729
4531
7829
2198
6701
3091
810
5543
3471
5703
6120
1995
1594
5639
95
1177
6897
2254
4579
2345
3379
1323
7849
4914
7281
7354
1149
1851
7306
4687
935
1649
3785
603
6949
1059
7166
3374
3916
4320
5419
6683
4652
4295
2755
4793
881
1784
6738
1931
6922
3164
137
100
4206
6736
1566
5107
6594
5287
877
2310
2999
4107
3949
5474
4172
683
4266
1393
5760
1345
5132
7811
3743
1704
3644
7206
5187
263
4537
4
6904
1246
2601
7460
2137
45
7048
6409
366
2983
3809
294
6371
1645
1770
5712
1883
188
2117
6500
2380
4320
5175
4498
348
6121
2654
7324
1423
3829
252
5702
6031
4253
1525
1752
4169
7023
3230
596
5074
2914
3079
5616
6280
5312
3091
4798
297
5587
7742
3910
6145
1582
2686
3859
6273
3839
2165
3511
616
6752
4198
2480
4482
2267
5528
5109
1190
5350
3099
7572
6453
783
5714
3358
2782
2152
2750
1633
4025
2544
7358
2684
2002
678
3535
2402
5893
6097
5360
2780
210
7797
7870
5083
1811
5394
2472
7916
2007
4017
701
2933
5942
422
7587
1124
1593
3376
7623
895
2426
170
418
5777
3428
6275
7702
7187
1110
829
5470
3578
1659
5140
6270
5473
4678
5376
4561
2987
4600
4659
494
4417
4405
1882
1441
4144
1682
4687
2132
7313
230
436
1263
7861
3231
5691
979
5878
4867
4975
3576
4746
3335
4879
1909
691
5946
1781
4264
1287
7036
898
7617
572
985
3514
4193
962
117
940
6050
7337
199
3483
4331
5026
1638
3337
2848
3205
6064
1452
2412
6121
1307
1613
7361
6220
74
6950
6958
5341
6486
6134
6541
4005
6503
1544
7528
7243
5759
7576
1524
253
5150
4999
1244
4743
5704
2672
7759
7112
2123
6498
6877
4085
6500
4375
4973
1130
6568
280
5376
3479
4255
4021
3788
399
569
7744
4007
6517
1430
1605
4622
5810
4629
6344
4501
6398
5739
6823
7118
2025
1077
2929
7227
1988
7121
3771
2002
3604
3495
6780
2485
3451
5611
6253
2106
2858
6699
3485
5089
5270
2868
2933
5141
4155
2083
6673
6367
190
7178
6154
854
829
3099
5698
1358
966
7904
7158
4083
3039
1032
7710
3902
3263
5230
7779
2398
1871
559
1783
5843
4975
3063
3729
1101
474
2434
6695
2237
686
1038
7610
837
5492
3892
2330
7185
4222
5596
3913
7608
5911
832
6721
2217
5082
4128
6303
7560
4633
2608
5743
6378
1137
4099
5025
5459
5959
6146
4168
1085
5810
1532
657
3577
7153
841
2170
3681
5351
3843
1505
2784
1536
7472
2704
1877
7601
4382
5085
1077
6622
6992
369
6020
6881
940
4054
7443
2801
5111
6517
768
5131
2576
3210
3831
7264
1296
2967
706
2001
1580
6046
2645
845
3791
2640
288
983
1875
1816
6989
4237
1498
3201
3484
4577
2031
6424
