826
6175
6749
6941
673
5812
432
5172
7523
2730
1276
1002
1772
4180
1066
3683
3629
1102
486
7096
3607
7877
7052
7557
3597
4471
4502
1900
6415
2791
6713
4974
652
881
5000
3409
5045
1044
7949
903
3108
4803
7063
3468
2383
1592
7211
7429
5523
2713
7141
5815
3576
4816
4621
1031
7114
6504
6171
2706
2419
1409
4984
4614
6141
125
6776
3148
5473
330
4427
7108
7688
3503
74
5857
7049
7326
6772
6808
5079
2747
785
2564
3772
2226
2697
175
5971
2795
1066
1731
7395
709
4944
7672
7048
2570
3625
5833
5736
3510
2873
485
328
5022
996
3991
2839
269
2043
6058
3371
2561
30
451
1898
3953
4705
3315
6100
146
4408
5317
5925
4421
4123
7601
518
1041
4787
5260
6715
4528
7903
1576
6230
3282
6122
2740
1216
6417
6285
7155
4901
4688
3113
1518
1232
5969
1010
7164
2736
5468
4427
3145
2655
7209
6992
5095
5053
1854
7825
7530
6588
2254
4360
3859
6410
4388
5172
7194
5579
4628
7177
1148
4941
6781
593
2435
1810
5277
6476
2758
2585
5514
4243
6232
3135
831
6967
5031
2539
811
7917
1502
6641
2781
6153
4748
2013
769
6834
1310
7006
748
6034
5594
7538
4575
4443
6885
6729
1629
5405
5957
3328
4800
6845
6305
4433
4465
6026
6891
1373
4812
4753
1914
3019
4654
6386
4133
1347
1029
7771
5289
6484
3296
4111
4168
1527
4178
503
490
2005
578
7956
4942
4916
5503
6112
3971
4767
564
2249
356
2431
2049
1415
2163
1198
831
367
7984
2733
4727
5624
1989
7678
4695
7599
7220
5389
1157
3582
2729
2143
178
5560
3580
4138
2760
1388
31
5033
5699
4941
17
1683
4551
4687
6451
5477
586
4186
1078
6748
5138
3736
2210
5488
6171
1722
4282
8000
4344
7167
1646
6323
7515
5061
7275
2458
5392
4169
4402
4335
1484
4584
7269
3434
7228
4090
2144
3909
6412
7437
3799
2709
6998
1608
6080
5328
5163
760
3588
2382
1929
4456
7213
3810
6023
7082
5776
3584
1470
1141
5684
5679
133
1162
6141
373
2312
816
1069
1044
2746
6512
2882
4715
3723
6214
386
144
6461
6575
3127
2375
1116
7909
1182
2155
980
7051
2994
5603
3732
5309
5513
674
4792
4183
6088
5108
3547
6493
51
5654
1531
4408
3127
1120
1823
7583
5592
3227
4080
6362
7176
2103
7532
3024
110
7888
91
3248
5697
1764
3117
2701
1982
4755
4252
4461
3689
1944
5600
822
1765
4462
2019
370
6346
7989
7672
1357
3902
7816
2592
6124
5651
6314
6122
3248
2215
7416
6642
5817
1201
5683
6709
2269
3425
700
5722
3060
746
1203
7350
5503
905
665
7390
6928
3155
2504
936
2611
1461
342
6271
4063
1821
835
1330
2833
5736
6479
5686
3223
4728
761
2779
6538
1056
4363
4657
3410
4047
358
1535
6948
7086
2450
4697
5595
4243
1442
4368
2110
5360
596
3008
314
138
7610
740
403
3401
1419
2539
6415
1010
493
2135
7872
1422
1538
5821
4133
638
3848
444
5085
3608
6760
2701
7456
2085
160
4989
1370
5273
7072
3283
5393
2033
53
7978
1108
6880
1101
7550
909
867
3668
2982
704
2355
653
1701
762
6760
2167
977
1166
5777
1151
4924
1807
7935
4837
1347
6072
3016
4022
5556
1817
1133
4682
397
5998
4941
2222
6071
160
4673
23
7530
83
7708
3175
2520
1542
6630
1990
4449
7172
1294
1366
6860
4922
6921
3427
1290
1600
4905
3339
5380
7384
3269
7822
1157
5138
942
5522
7701
7145
7539
4008
2476
1933
5820
7376
2726
4301
2373
6314
3024
3726
5781
7443
181
1361
1461
6480
4966
6761
5546
3201
6722
7422
190
7630
2562
3133
6792
5684
1624
3468
540
105
2937
3889
5304
5352
5247
7010
6048
1762
4537
4086
3875
2639
5100
6313
2093
5668
1938
7603
593
2451
6936
5607
2563
7598
6061
4462
1869
2987
534
4184
2079
5453
5220
7561
1177
159
6069
4783
2297
5943
6765
2343
7491
5632
1816
7216
222
705
7727
4178
2370
1886
2561
3440
5727
5652
2371
3393
900
2209
470
7419
4152
5478
6806
2775
7801
3495
4337
5417
7175
5633
5296
5392
5030
6547
7600
7387
1753
268
7081
4226
853
6310
781
2856
3668
3024
7565
4418
4490
69
7193
1713
5874
5527
3147
5496
2224
7878
6014
5873
3750
3388
2515
2343
2602
2259
3202
6136
3449
3664
3082
820
4671
6127
7886
4223
3315
2665
7192
7497
4775
1889
2289
7993
5048
3404
6143
7265
1542
5880
3594
2498
6280
4906
3040
7968
4336
5497
6082
4285
5823
3940
2449
2384
5941
6867
1825
1433
3768
3240
3120
5459
366
6811
1640
7701
203
5401
6794
2900
7288
614
6286
838
7074
5711
7796
2983
3982
2321
307
6558
7712
6016
1272
4185
943
5838
3639
4292
7297
5536
3332
5279
6485
3617
4445
1719
1002
1233
1826
5
2869
6811
6875
3060
6491
3291
4626
1382
7666
4462
3515
5655
5200
5104
5332
6347
1729
7351
6220
1457
3165
6793
5770
5663
650
3341
6424
2020
4844
1803
1005
3014
852
2688
80
6333
6330
678
1666
775
2628
5218
3041
3465
5106
3297
232
6719
7479
200
4318
3988
5311
2098
6979
5213
7750
5520
7891
1701
809
1640
2040
2996
1043
210
5825
6215
2625
2829
7720
7237
2337
1588
4515
2939
3367
215
6418
6551
2572
5632
6612
3396
7624
208
1972
2799
3199
7267
1801
6442
2365
6560
2996
2714
5575
5302
4967
4823
2899
2196
1107
6939
1596
1851
7006
7455
1780
6518
5953
5914
1204
1394
4053
7719
3076
5444
136
3200
6143
6865
914
7858
1763
440
1493
4371
4567
4854
3126
5206
1010
2737
2480
5306
7927
4513
76
7754
2641
870
5617
7657
5363
491
1249
5345
3061
3595
1007
6115
7083
1169
291
4801
3562
1500
189
7441
6184
2279
6835
13
7680
5286
2460
3571
5369
3107
5976
3676
3269
6131
7612
7668
2062
5471
6236
2928
7604
7569
1782
1772
390
6416
7428
1534
6782
6413
7681
2524
3232
4227
4566
1938
5456
2556
1378
3542
3919
7335
7388
3819
5084
227
4589
5974
5399
1260
2455
2845
7306
943
5792
231
3408
5637
775
6431
1368
2020
1416
2466
6830
4125
3685
3212
1523
146
3771
1650
7024
6279
1002
4210
7111
5038
7000
5399
6662
904
5503
3260
5950
2221
2202
3471
2666
6959
1008
7846
6616
4840
3824
1899
3114
4902
3571
1954
6915
2919
6587
915
2904
835
919
4770
6341
5267
6196
6922
751
6402
3873
7072
7740
4490
5271
4554
751
7622
1961
7806
1267
5138
7745
1252
1427
7750
23
747
4507
3963
6398
2566
5067
1856
4576
395
3476
1777
173
7434
5673
3872
1187
5593
1865
7404
1949
7674
652
775
2276
7593
5197
4138
1832
6039
3784
5697
1077
5513
3303
3993
3757
2398
6225
6101
4719
7996
1338
6972
6846
5446
4791
383
6584
2185
154
5247
952
7982
7536
4173
700
3156
6444
4093
1347
6228
1610
1649
1665
3960
1009
6704
4245
7480
7369
7605
6500
7345
4984
2272
1309
5338
4258
7114
1694
3095
7795
1896
1739
4336
6044
5291
5291
7340
1146
2539
5957
739
2985
5969
6112
1348
7561
4881
1943
3586
1667
7911
5434
6992
7196
4271
1563
1007
7561
5412
5457
6148
7874
5097
179
4056
2677
1827
6590
7628
4206
7438
1281
6945
2465
5556
6570
7835
5899
5483
2439
2069
2975
2359
346
4867
2528
3254
1666
173
7394
4922
68
5441
3839
3409
527
3066
5472
3389
919
51
1983
593
6228
5789
1643
6612
2552
6386
5059
5387
5163
5282
3734
3071
2105
5535
1122
7549
7556
115
7892
4630
3118
5918
3248
2566
7204
4835
836
1266
5388
5642
5071
5391
7702
2945
916
6389
5347
853
3049
3116
1693
3179
4647
6093
3355
4473
5285
7526
2262
1695
1347
3031
6045
4454
4303
4730
5909
6356
3893
6970
707
4055
6693
515
2922
1544
332
7819
6061
6974
4974
5829
1001
2564
4567
1279
429
2968
825
4192
2668
5158
3603
3051
5774
2168
6330
7710
4092
6165
1326
5866
5666
4883
1065
2330
7347
5661
3115
3833
6256
6279
3963
7499
4443
7226
560
4345
3581
571
7691
4211
3570
5074
4896
6213
5186
1031
5476
6072
5108
3917
4074
7937
5436
2509
7815
4765
77
5418
6037
3643
140
7344
1675
7159
715
3089
1130
5506
1439
2989
4327
1016
211
5206
7134
3993
6345
512
2295
3861
3802
505
4583
7262
1856
280
1378
11
7559
2810
6894
4003
694
1500
2830
5145
1013
7295
1888
6198
4280
2490
654
761
6343
7320
3829
3769
5718
6501
893
123
7600
431
1947
2048
248
3189
536
984
6082
6125
2682
4766
4372
7182
1812
548
1320
4090
6242
5887
363
298
5834
1786
6014
6252
7182
7251
1875
6705
7413
4940
4953
2456
2240
7390
1607
3946
7164
837
3148
5780
1772
4848
5838
2583
2249
2439
3929
3106
3369
6055
4790
3521
7203
5553
4856
1255
5596
624
785
1168
6338
4604
6256
4167
3047
4101
4409
6111
1914
1622
3140
5593
5931
900
6518
7320
3674
1083
142
2022
6979
4958
5909
764
4796
5744
2552
4760
3865
3108
3674
925
6951
4754
3862
6165
6577
4319
5029
6230
782
386
2252
7227
7291
5504
3398
1498
3906
5954
5978
374
3442
2746
572
7280
2145
7647
939
273
3743
5569
1117
7853
4485
6708
4629
6532
4114
668
3291
6276
7858
1656
2858
3252
1192
3200
6355
6021
7182
335
4011
2496
826
5647
3486
5212
503
1272
1634
1934
6371
7841
7408
2754
3377
7584
2454
5847
7712
1574
702
1319
6030
6239
5072
2205
2323
2457
3308
6223
6959
1078
2757
2540
7351
1329
5942
7751
6668
4382
6542
2866
3800
3632
2781
6276
6818
4729
301
353
7248
2720
2471
6683
3560
6303
6512
6668
7616
103
4059
5463
7826
5530
4316
3341
2669
2753
7660
4097
2777
7725
2197
7065
4882
460
1429
5706
6333
7764
1087
3443
7012
7035
2502
4660
5944
640
7152
3645
5967
554
5419
7672
6380
6614
500
7762
7025
1847
6330
816
4766
914
5724
2984
4908
1824
3020
2800
6949
5898
4905
7343
1566
4353
3069
2520
7279
1320
5993
6905
5604
5297
7406
7553
1411
7848
4855
3830
6275
1528
7841
5717
155
454
4453
4927
1884
553
1749
2525
1662
3665
6791
6828
1613
3228
3498
7317
6343
2642
5397
2894
603
5846
5174
5313
2057
4812
4337
2893
992
384
7819
286
4255
6089
323
1441
5104
3144
5287
5834
4794
3659
6605
7983
7173
4878
5805
6907
24
4470
2219
4325
5444
7323
4494
1419
2236
3696
6484
2134
6647
3684
6400
935
5900
6262
4179
7595
2458
2747
3523
7788
5088
7448
4983
3268
1518
1467
6887
4063
7275
6726
4164
7470
4624
5123
6685
2475
1408
3068
5991
4869
3847
4919
2413
3684
7560
2440
5167
6743
881
6351
1457
5928
132
4712
3871
2945
6786
6520
2778
4353
2102
7854
5566
277
1053
3651
5657
6626
5212
1315
3340
6928
50
1730
6031
7191
3917
4352
103
1563
6135
1071
6556
5989
1265
5612
6774
6203
5920
7461
1808
5550
7090
5397
6624
1832
4833
1943
3990
4191
7079
4195
5185
48
4496
2921
6433
2556
7228
543
3491
6526
7969
4471
6545
7614
2422
6412
1413
3576
6513
2069
4864
4392
7353
6569
7483
950
3351
5649
3643
2460
5758
6395
6586
4728
2300
286
4779
5022
4133
4636
7034
1596
1154
5695
5138
1293
1768
4406
6272
3403
7739
5783
1184
7901
3203
2696
1727
5205
2425
4830
6324
2679
6033
6954
5773
5584
5035
7912
945
2732
6462
4002
1279
4416
4499
4037
835
2863
1268
7483
2148
5463
760
5743
3870
5518
1945
6514
2726
3606
6020
6131
4565
4096
4714
2274
1455
1036
734
255
7386
4418
5052
1476
6309
1305
4987
4473
4254
4197
2008
7288
655
6144
2701
6700
3979
7396
4413
804
7633
7698
2363
57
4173
3981
1747
5077
657
3105
4908
2118
1665
3670
3363
3673
1108
6214
4915
4533
5515
2286
7499
2327
7163
3296
7278
7369
4999
467
1762
2503
4793
372
7329
3558
2723
2185
2186
4559
3480
5490
3450
5203
638
5089
5486
3966
297
6945
3434
12
3822
4803
1181
5655
3107
4768
541
4790
4511
1964
6903
3947
4096
669
1118
833
6728
3760
5308
1933
7316
4579
2412
4406
1068
5776
4401
3848
5750
112
3193
5201
6703
940
869
1137
2760
3583
6784
7878
3457
2902
1340
1706
371
4382
3316
3068
1214
5668
652
1717
5273
7846
7932
1333
2467
4198
1009
7476
7496
7863
5158
53
4996
645
6647
2425
2974
5118
3806
5530
7252
5625
5291
6918
7920
1657
4969
779
6309
3118
767
5980
1919
2478
5675
7342
4790
839
2564
6565
3094
2186
6063
5149
4804
6386
5196
5801
6463
1905
472
1026
6674
7985
4695
272
7230
5337
2965
412
1899
3192
392
7428
6045
4999
7815
743
326
3981
7178
6642
791
3063
4368
2779
7950
7194
408
3043
7053
1412
2198
3134
4244
3689
4183
6322
3693
5935
5540
1702
3473
4975
3420
5019
4111
5250
5638
855
3129
1727
6741
397
1509
226
3684
4595
1917
5421
3498
7214
1233
6044
71
6847
1165
5107
4027
212
2316
6801
3686
4865
3797
3703
2626
1504
1682
1543
7498
7847
1492
965
479
7526
6809
3089
1403
1224
5995
3319
6595
2032
7041
4966
6102
2338
6019
5457
7734
4532
1248
285
6230
4156
4877
3443
1632
6152
5232
1264
4882
89
1465
2910
1696
9
4875
7016
2145
2105
4668
1226
6179
3691
6719
3877
712
54
6663
3126
7746
4167
2073
6863
6165
5570
1725
4131
3493
788
1195
5065
6566
1220
4056
4114
500
1036
1741
2044
6966
3416
4370
971
7853
6729
7717
1864
5688
3820
4247
899
6444
953
1014
6625
3025
2951
798
3815
6780
3076
3343
4529
3824
7478
7698
7374
3374
2452
105
6915
6140
5199
1604
7429
1
3499
1411
7581
5715
760
3951
1833
1535
5363
4536
7475
229
7352
3401
1824
7286
7717
6873
1383
2272
1665
6782
1009
7417
5381
2550
3070
2557
3344
1074
5764
3228
6495
2784
7505
2126
1716
5988
7836
5203
2106
5301
1905
3117
2258
2887
4328
630
6081
962
1504
1429
6643
147
32
3331
4600
3086
281
7779
7833
524
2000
6423
3068
6506
88
3335
3878
4386
4931
7371
3768
511
4587
2813
3193
2953
7612
239
5460
5172
2007
4491
304
993
33
363
805
7472
7717
7168
1199
5371
6109
28
5198
7847
2537
4637
7694
5245
2557
2914
4437
2800
6823
540
7302
5451
1332
3995
7923
7198
600
2596
1656
6372
1365
525
1155
6736
2661
970
5983
7243
1288
2671
1281
1978
5785
1819
7793
5941
1334
5661
1392
116
4404
4781
2204
4935
1857
7937
4436
5163
5079
608
5436
5703
3947
7072
6673
933
61
6096
1372
707
3111
5899
1197
1446
7061
153
1549
6896
4799
5296
7597
1646
3889
1954
6006
1560
888
1091
7458
548
6284
5463
5641
518
7940
6277
2854
1676
884
2063
2870
3108
3564
6090
157
4409
7629
4342
6846
5960
5767
3499
6060
1789
7769
993
6348
2728
6536
7572
3940
2693
1485
5480
7656
6448
3279
988
1494
556
7972
2213
6644
6521
1620
1936
2298
6747
751
5431
3970
3561
353
7633
1377
4099
3323
5037
3327
2259
6057
3834
7289
6890
5532
188
1879
5507
3566
2168
6056
5854
1290
5892
2004
602
5879
6533
4011
4120
4444
2170
2181
5688
5814
2388
6941
2596
2811
581
3833
6716
7388
6389
6344
5575
4276
2321
3933
633
7251
2877
310
2526
621
4129
6254
2622
5997
4356
7671
965
4539
5708
1523
4658
3738
3204
5285
1804
5423
6489
5654
5062
1248
7917
6242
7918
183
7493
7682
5628
5754
6539
1498
1560
2201
917
2129
6650
7099
1943
5307
1109
1560
7710
46
4675
6511
136
4367
6372
1744
5103
24
6795
6057
1039
3639
5808
7460
1582
2435
4650
5248
5301
6505
3368
6820
4354
4673
5222
7325
4323
7573
1499
4424
6072
297
454
5845
822
3985
6075
2632
1693
6015
1909
1100
5842
6852
7624
2757
4390
6571
1961
1099
1337
2626
720
4777
3003
6975
2156
1724
41
107
2743
3843
446
1825
7409
1452
157
460
531
7530
7170
1971
4238
4192
3501
3306
5064
5375
774
5089
7561
7855
583
7181
3075
7782
7278
1426
2716
2187
1357
6216
4762
1813
5935
2466
7655
4742
2594
7935
3181
3264
5424
72
2473
1432
7386
3437
947
5812
2833
3450
4575
7251
1625
7087
4799
6274
2420
2637
1014
5363
3447
1705
693
3697
5966
5450
7159
6076
4403
5483
1579
6691
4301
4792
1054
5912
5394
2
1156
6728
6892
7541
6347
578
6328
5125
4971
304
4499
973
5918
5048
780
351
4643
4156
3514
3030
3008
6126
2360
4206
2790
2577
405
3991
7907
2668
1332
845
467
1568
7281
3055
6090
2546
7211
2372
6308
5991
2324
5731
2280
5525
5238
5659
5592
1746
4168
27
7628
7630
445
5641
3453
4137
1971
3780
617
7365
6916
3412
7781
2723
7020
6455
4881
2061
5267
1492
3082
5088
4761
7515
2627
6590
3982
309
4129
2178
233
4295
848
4656
3191
6228
5106
6531
5037
436
6052
7621
5266
3751
6265
6327
1137
3911
6393
3331
6099
7731
2842
7303
7352
5160
4307
7923
6214
575
5899
7293
1828
4257
5568
2181
3109
530
5014
180
1647
3478
6568
6215
6134
6073
7876
5699
4323
114
7698
316
5703
5761
2210
632
1763
3985
186
7387
2540
2273
12
7453
4050
3446
2238
1704
4120
213
483
2304
3706
3171
602
6529
5293
2056
6931
3430
2076
5818
3578
4932
7861
303
5064
2810
5709
5870
7389
6311
6204
2202
6425
2905
2125
6678
7930
4006
964
6921
7479
4657
7186
2768
2570
7335
5170
628
6892
5712
2350
6289
2277
2476
6798
294
2945
7356
3850
7162
3802
7595
4672
1232
5890
6745
3849
5027
5535
7184
289
2258
2047
161
5827
2211
7602
216
2485
4705
1799
1864
7794
7674
1504
1891
7627
1962
7212
7805
5525
6101
4159
6262
5467
5831
7215
3107
7231
4851
3231
5104
7173
3664
6684
5538
7284
4154
3935
6793
1980
5406
5077
3483
2773
3841
1851
7177
4136
1293
3986
2664
2477
5693
7591
3589
912
4932
7083
3837
3429
990
6116
7265
3837
3817
6128
4180
1472
5679
2351
5952
659
4535
7766
3323
2117
4476
1531
3524
5099
5175
86
1416
4578
7092
4131
3862
2799
5936
15
1958
1413
326
1689
6160
6669
7150
3156
5712
1953
683
6326
650
170
7278
1063
7135
358
4865
248
2186
370
6985
1733
165
7897
1656
7283
4328
7740
6074
4805
1359
5245
2721
2687
2649
6703
6492
1120
4118
3147
1840
4188
167
4228
3967
1014
1406
831
3186
6186
6618
4761
2429
4412
6084
5924
5091
3068
3436
6538
2680
2784
4597
6943
6568
3542
7290
429
3912
2336
955
6659
2783
6017
3825
6071
4096
3991
2486
2710
7362
5088
4246
4263
7031
1092
7822
5446
4743
1771
3077
4606
1213
6497
4939
1124
5001
6277
3048
5201
5910
3909
7571
491
5794
3995
1429
7776
773
4494
3186
1651
4661
253
497
2029
4832
5137
1670
66
7854
2463
6892
1799
7096
4806
5272
2777
1331
1765
7268
928
193
3418
3288
1573
2613
6085
5234
5995
2710
4743
6273
7759
161
474
1003
3869
7849
2074
293
845
7934
7955
7676
2847
2660
2755
147
7301
7202
905
1148
2092
5747
7853
2943
5694
407
4523
3390
2840
3913
6795
376
5555
7598
2439
5062
3601
3964
6280
5097
7699
3940
3773
3144
574
6412
5609
4179
5015
6080
4422
6143
7904
4884
7584
3719
153
6180
5256
106
3276
7712
5897
583
2903
1868
4692
2092
2197
5111
4140
6488
4840
4123
3794
3750
4804
6835
5787
223
4390
7243
3724
2491
3819
6365
3417
3825
5930
4554
7811
5482
4168
6926
645
6609
296
4121
1890
7836
1298
7086
6762
2916
1537
1413
6119
219
1111
298
5280
3197
3536
7208
5614
550
4713
4269
7844
5879
5518
1602
766
4961
3760
3945
1969
958
5873
4569
4525
3702
4153
7607
3505
5644
1796
7660
4134
1305
5462
1737
5852
4480
89
3144
7221
6740
5715
4659
4704
3229
6007
1462
6227
6005
2073
4417
6566
3060
3509
1499
1941
6131
270
5104
5490
1160
4064
4699
4618
6324
929
2653
3245
248
7537
3566
1459
2911
2298
6608
4180
5224
2199
2527
4293
3560
2296
935
2834
3144
7859
1573
7944
4384
4520
5910
3734
7288
6988
1624
2930
7552
5413
2376
6426
4295
4611
3576
5102
7621
6734
7295
3909
5071
7792
6895
3560
6416
6239
1344
830
2259
4978
5492
6096
707
2242
5591
1135
7064
7819
3455
1487
6826
6363
4654
7613
7896
450
6487
6548
2910
7461
724
2065
7532
5364
2606
2569
7086
4992
2883
7442
1913
4430
3815
2121
3019
7155
1969
3356
6123
516
2396
4056
7006
2272
4079
2823
4414
6104
97
2986
1313
6763
5942
5251
7394
2597
583
3456
1377
3346
7162
5124
1011
1674
3775
6166
2196
364
1338
2770
7352
7212
45
5
2528
7750
3179
4442
5427
6744
6457
4521
6978
912
1008
7365
2883
2882
3729
7137
4536
146
5697
5527
474
7280
3642
868
4871
6529
2130
1884
3575
1337
7591
1461
717
685
1669
3948
1147
4502
6133
4364
6237
7968
1016
140
3496
5698
938
3588
1617
2330
5113
7243
7576
5426
5774
674
3099
423
350
4521
1270
1263
5625
5379
691
4145
7012
6596
3227
5498
3650
1643
2377
789
7852
3926
1680
1549
2868
7582
1565
7465
3429
5528
4204
6920
1988
2842
2488
6034
7627
6118
6292
7496
1360
6560
1457
891
4189
5355
3300
4406
3892
5916
1794
3547
7910
2623
630
6594
830
5546
3861
7731
5606
7524
524
7238
1265
1076
5790
5483
1151
5228
3378
6718
3986
1576
3260
1281
5975
3768
5401
5480
5346
2502
6556
6813
345
3661
2534
6311
5284
7642
1603
435
5527
1848
3828
4208
5687
3289
5243
4050
2021
1792
4116
997
3765
4757
5510
3281
6711
7530
442
4904
5511
6824
2783
5895
5337
2237
3785
3893
1789
6513
189
7399
1018
345
4313
3475
7880
5172
5993
4138
3002
4838
1440
2381
1218
4349
1029
3855
5199
4296
2497
5795
4090
6296
2434
4676
3537
4663
4751
6544
6043
7120
2558
4580
2146
7045
1112
5970
4942
7779
4425
5477
7327
4274
2432
7470
4048
3162
138
6331
1766
4762
3630
6136
3113
2949
7912
4053
3889
4711
551
6773
2567
6640
5473
4010
1356
1
5232
2533
1761
7699
6463
6954
7146
2065
6821
2738
135
1826
5912
3360
584
63
5896
1399
3476
4257
7408
3200
3040
3507
2545
5330
227
1697
7271
7082
2105
7670
6285
7602
7304
2266
3893
6135
4495
5599
7302
4605
5517
3273
3318
2224
705
1475
6714
2053
6903
2750
3184
1864
6081
302
5105
6836
7136
4883
7945
5916
6856
5008
4993
6252
7435
6766
4545
599
5650
2524
2869
4698
5170
1997
1444
563
7047
2376
6125
1580
4539
6866
4535
2610
7943
4151
5171
3667
77
3912
6718
2137
2677
4800
482
5826
3331
3201
7366
1675
2745
43
1628
1619
7430
7964
6609
3511
6730
297
2181
1567
4612
362
1786
1318
2246
7231
7596
5093
7732
1915
1309
5256
2999
954
3803
237
2774
1459
2400
1448
3392
711
2143
483
5344
3253
3792
4486
3315
1073
6425
1366
7403
6517
2367
5326
6509
7797
5894
7707
4369
2245
7021
780
3263
148
183
7358
4283
2319
1024
7678
4280
3896
1639
4603
3830
6021
1593
3354
5789
4462
4658
2701
3260
7491
7141
448
3839
7303
352
5876
3132
1756
60
568
4804
7044
2000
779
3828
7572
3804
153
4670
7030
390
6561
3211
587
1325
1054
4991
4759
5308
3920
6605
4974
5815
1418
2682
1785
7820
7266
177
6323
4342
946
6965
5769
4472
2779
7911
3433
7276
7279
4091
4292
2818
1408
5550
5724
5788
6778
3026
7707
6471
3667
1272
4429
7206
5598
4977
5081
2785
3961
936
5478
3502
7065
2024
2882
1166
5254
5729
3179
4639
6205
2550
5145
880
7287
686
640
62
4337
6781
7467
3389
2228
6631
6666
46
4955
4487
3839
2081
2732
1972
6175
4862
372
1172
1170
882
6812
2513
6943
3033
1087
2452
643
5217
2761
7008
6277
2819
2264
2405
587
3023
3441
5098
5290
4901
4438
1008
2407
4801
6573
5218
965
5307
2392
2356
1132
6672
883
4430
3468
2688
5862
2168
1783
89
2059
1049
1451
1592
4328
4278
555
2250
977
7109
4270
7138
6656
2054
1242
421
6299
99
291
7916
1048
2533
4032
4328
6046
1321
7451
1841
3118
6866
1827
5081
1251
3351
7789
1493
7914
911
607
4433
1657
5141
633
1143
5449
7005
5732
7173
6673
2764
1853
1237
1797
4516
3303
1515
7435
1413
7520
5655
3713
7951
6578
5074
6587
7135
2125
4894
1822
3765
292
4
3974
4314
2988
2979
78
5922
4405
6262
6059
71
5399
5605
3546
2600
1751
2425
103
6094
3935
2995
4838
2980
3459
558
6382
3748
4170
2890
2738
7411
472
2967
710
7243
121
3809
5386
2160
3045
3480
1230
5304
7999
5858
7682
5016
2612
7490
5554
7285
796
4329
5541
2607
3721
5949
4266
578
7985
802
4658
1199
7348
2860
1444
1315
2366
2125
3445
2632
5864
6492
3768
888
6798
6783
5233
547
6053
7498
6438
3118
5077
6578
4139
5606
3900
3489
7161
2347
2809
6653
4794
535
5386
6402
1075
1287
2016
2265
4311
7099
5564
4346
646
2575
7673
1363
6969
7964
157
1822
6339
1123
7790
706
5615
1613
5425
2533
7585
6773
3285
6680
6609
2970
3301
5079
6754
4489
3195
7849
1068
4793
2391
1683
1287
293
5489
6738
616
3201
1834
3520
7176
5903
35
4073
4365
270
7194
3632
1134
1776
1815
1131
5543
5585
4536
2997
1236
513
6928
4647
3621
1183
5808
6639
2207
3034
2439
4908
5994
2747
5246
7239
7099
683
5169
6905
7338
2701
6746
5578
1809
2188
2828
3235
1055
4150
5419
7210
2444
3815
7787
4767
6804
4591
673
5317
4604
7507
404
3430
2583
5271
362
3213
4729
4107
2025
3398
7570
2868
3804
7903
3616
2409
13
7459
1610
7885
7467
7081
1335
6742
6645
7662
6367
4928
7830
5354
5467
7279
5089
7684
5636
2731
334
2449
2879
6643
5231
4163
2418
989
3166
7058
7591
5636
1126
3949
4299
5007
4625
4344
5308
6059
5757
1981
3514
3473
2713
2435
4221
7852
6150
611
7221
7989
7910
7389
5230
1980
6551
2840
1338
6862
712
6761
5487
6670
6353
6672
4507
6387
7952
3558
7561
732
7774
1229
139
5422
5472
2539
5983
6717
4979
7996
2131
1476
3306
1963
5508
3318
7386
2659
3570
3305
627
1247
6044
7050
3963
7082
4054
3992
3364
4995
5691
1870
4793
492
7620
6183
6117
3779
7740
2256
1942
6221
254
216
1085
5520
5398
2602
6544
1740
3800
1631
4979
7756
715
997
5490
2897
6426
7930
4276
4137
7398
2464
695
6528
4356
60
7590
4501
4683
7775
2762
7180
7641
5154
2690
5062
2676
5354
1542
7944
1864
1378
3881
4039
4682
7063
7388
5296
1783
3585
2680
5890
7607
7647
6846
4102
4743
1001
3645
1286
706
2347
6506
7828
686
3148
7321
4733
6303
7560
4104
2356
4367
3686
4153
5805
1831
541
3514
1899
446
7191
7622
5807
5596
1064
5345
6306
7594
1119
6290
5784
3647
7098
5551
1130
1401
2761
3408
774
271
2435
6879
2510
414
7253
2686
4837
5627
4408
7268
1169
6450
7867
2206
2504
3720
69
5251
2257
5542
4639
4629
157
1897
2485
1794
6663
7503
1003
1594
502
1302
2614
2957
826
6975
566
3427
3983
1263
4871
657
6849
2110
2095
5609
2074
4979
939
2334
7925
4426
7478
6571
54
1826
1616
3890
3917
3841
2060
4498
7734
5608
7819
5323
2898
3970
350
769
7844
1751
2076
5084
3221
1286
4481
1351
276
4456
506
6286
4159
4339
5560
7375
995
6047
7759
5761
2498
579
6374
5092
7963
4994
137
2269
4447
3726
68
3888
1886
7575
1677
7123
5711
1501
2866
7803
1259
1840
3769
876
6564
7292
6231
1278
813
3206
4808
3611
6898
7506
4163
1947
48
3415
3312
3804
2592
3567
5900
7421
3075
108
1992
7091
7614
2690
1567
2522
6033
2153
7856
5569
7889
1989
3815
3310
7982
1426
7690
6631
464
7391
7119
4235
3798
1542
4094
7036
6694
1067
3334
2091
5563
1937
1627
4955
6584
1867
1735
7317
7068
7467
6231
1270
7702
2842
5075
3962
7349
5347
1709
3320
1012
5261
18
2101
5801
32
2620
1937
6925
5949
1674
6463
5269
188
6794
4014
1155
2610
4887
876
6114
7296
5164
7924
5504
5427
6378
828
6477
4725
5586
6231
7423
1722
163
1109
4740
6275
87
1464
3351
6668
7734
5381
5112
4064
7695
7246
1523
7257
4338
4685
3493
1222
3337
7087
6584
4411
492
7261
4794
3451
7965
599
4974
5748
4000
3280
5576
7585
2008
4291
3772
468
4200
4530
5225
206
510
987
645
4821
7376
2457
700
1350
600
6907
1004
6786
6284
3892
7189
7042
5056
7829
992
2529
820
4556
888
4559
7224
6462
7910
3662
462
4300
1596
5557
3647
1989
1657
6667
5495
3917
5306
4108
7892
1441
5385
1342
895
5804
5943
4080
4394
4641
4734
7958
3476
269
7804
375
6701
1322
2486
2888
782
3223
2495
5097
1422
2652
6563
5061
5530
7563
3127
559
731
3455
7579
605
1422
734
2745
7001
2638
7472
7442
1453
655
7251
380
609
1218
5013
4545
3179
