6134
1699
181
6177
7204
6049
6933
2323
4790
3664
4396
4003
5494
724
1458
6982
5581
893
7455
2059
5418
5094
1060
517
3596
4956
5595
2406
1285
1654
1117
5103
5764
1008
4375
3555
7549
1199
7449
1409
3892
5324
3073
2354
3674
2977
5699
6346
6042
4354
1917
2436
4324
2025
5292
7714
5980
3300
803
3842
6760
4380
7470
6052
6819
182
1563
809
4588
4245
6676
4888
3123
2389
2114
57
4121
2278
5747
4515
2869
4092
7505
6795
6885
2559
4403
4508
4867
81
4861
6390
3686
6339
2201
2608
3398
2936
7622
7694
2821
362
6592
3251
6327
5157
7983
4824
6872
2634
1348
1109
3466
2424
91
3806
2435
4492
211
1505
891
562
1785
2966
2781
2972
7171
1375
1138
2084
466
6797
4826
609
1471
3175
188
3553
7788
1406
2129
6270
4953
2173
7273
4313
7640
1090
1882
470
6249
7050
7658
1706
291
2360
2497
2775
4749
6313
4784
115
5872
474
6566
4447
420
5390
7310
639
7999
2771
6845
3366
769
5836
6065
1646
171
1427
6610
1941
1091
4738
343
3548
34
1591
4000
5439
6907
4071
3186
1369
6617
2108
6094
252
4396
837
7008
6107
1358
1360
3407
1266
865
4603
768
3620
7498
1441
572
2100
6041
4045
6600
3356
3351
7483
5382
5464
1695
370
7290
1672
6441
1384
3598
3430
6177
2234
7441
3627
5320
5405
6468
1827
5291
2695
1296
7124
7385
6611
3383
6078
4855
5655
6145
1730
4296
2659
4569
1368
4066
6999
4750
899
5493
6419
6447
5679
3618
3609
5794
5336
1268
5052
299
2610
2362
3907
6459
5472
5426
3597
3790
6368
6584
1273
3470
1301
6218
4726
7868
1786
1623
4700
958
1754
1758
4331
6399
1842
2607
6542
5039
5802
2565
2727
101
642
328
5239
6001
4328
1249
4439
5423
1399
4535
2230
4260
4924
264
299
1258
4759
1888
6675
932
5676
4304
5642
6399
5940
5772
7369
5533
4376
3521
6059
4929
5425
3323
2582
865
1047
540
3794
1422
4597
5681
6388
4566
475
5720
5430
6271
6177
7112
202
4733
2353
5341
7369
2592
7879
1324
2831
6724
6758
5274
4760
7165
1486
4766
796
2475
3299
3039
6565
6672
40
413
1823
2229
1117
7695
6159
5024
7901
6079
4860
1003
5966
5029
750
990
3717
4634
1208
5676
1808
1192
5317
3577
891
1527
6279
3330
7102
5484
3684
3415
6506
3175
1196
4915
3199
5095
1105
1506
4282
3550
1545
6072
7181
384
969
6043
2076
5697
5906
5660
4906
1149
2184
461
3193
6035
889
4968
2729
7130
3368
4967
3287
6251
136
1366
6709
5208
2387
5138
296
7071
5124
3531
3877
2724
1837
4923
3303
4831
4063
2605
2513
601
4265
5926
1124
1459
5228
7817
945
3162
3187
3241
173
1487
2117
7938
7912
1942
4988
2864
1696
500
4107
3809
6989
5465
5237
2434
7735
5897
4804
2906
7449
253
7268
4251
383
2046
2168
1542
7145
2046
3710
3990
2055
1359
2181
4453
7688
7159
5908
3996
324
6272
6141
4686
6696
1940
2448
3427
4897
409
6684
2241
371
7494
6869
7950
6992
7557
5783
289
4952
1325
6683
850
2446
1297
7285
1011
3985
7723
5104
7655
3231
2007
5080
3163
6836
4674
7473
1992
2821
2932
3162
3320
2141
6731
6422
7829
4730
321
5892
4974
1694
3349
6235
2951
3857
3586
7817
6944
3672
125
6338
5580
5590
6596
6699
1537
7448
1156
2031
6165
434
2792
6321
5445
5109
3764
4946
4483
5108
4806
3519
4131
249
177
3379
1049
1369
1002
5639
6408
6274
6893
6982
5630
5486
7763
3750
1521
768
7170
7609
4959
5658
6021
4138
2614
1865
6253
6101
277
3505
960
4589
2204
5418
7270
7229
6192
4221
3283
6200
5213
6744
5045
6390
5002
7067
4133
3446
1540
5502
2452
6679
6689
488
6479
5823
171
7720
3362
5167
3053
2490
5504
2959
4622
1828
421
7643
4006
6835
2733
6591
7834
1843
4975
3765
3463
5705
5149
2966
6524
2300
5400
6563
3246
3757
913
3222
2189
4314
3471
7711
1994
4042
4811
1499
1012
796
4555
564
920
1739
5776
7514
7430
3357
1228
5823
1826
725
4052
7070
5710
4341
7049
7136
1017
7911
2529
398
4408
1691
6130
6265
1822
3722
6084
432
6554
549
6814
2409
7323
810
6226
6219
5393
383
6388
2804
6882
7086
3331
5426
2421
4930
2584
6178
906
3431
3197
689
5167
5773
1819
3107
1443
6083
2718
3928
6622
4261
4448
369
1268
935
4842
5766
3363
5654
520
3023
4748
6446
3834
4905
2773
4548
4251
6422
1147
1303
3239
4278
5518
7799
2477
1747
5655
6192
6390
1867
1735
7743
5132
2879
5834
5711
6064
4612
575
6430
4762
4652
2534
860
271
1060
7494
2583
904
6884
893
5975
5691
3615
237
4261
7672
6498
4981
1148
1204
5703
1731
3920
6632
3596
1551
1317
3505
717
7838
4979
4360
5845
5673
1240
3902
2108
1062
2047
7932
5675
6684
3457
1326
6336
4276
2112
1381
2430
7660
153
1697
349
2810
2815
5400
5770
33
5788
6378
7502
2041
2396
1094
4742
4941
6969
438
6867
3099
3996
6768
6052
5240
5579
4974
1385
6141
652
1550
3210
3678
6569
3420
5673
2761
4986
697
819
5064
5138
438
1294
1496
155
6850
7372
2314
3579
7281
4684
5225
2370
6951
462
6856
308
7446
563
1586
4279
7692
1694
335
7536
5040
1482
3486
1906
1947
5970
7499
1407
3393
283
3957
554
2667
2428
3481
6021
4663
3421
1679
6242
4930
113
4821
5117
2972
917
656
18
2290
4807
6666
6510
1403
4169
3612
407
5649
1214
4674
2717
7779
2249
7568
7323
356
2808
6657
1287
6495
4512
5169
1250
4618
4671
43
6845
5465
5058
5343
2827
7127
5925
7680
2019
4841
2364
4144
6485
4113
4683
548
6384
7252
478
7180
4198
984
7982
7820
4183
6815
1961
4163
6685
7019
3093
4061
7695
590
1013
1642
6456
7078
3321
196
6372
3536
3193
6514
1410
5123
4905
2521
424
7218
5874
1724
4919
1650
7733
1584
7406
7047
972
5218
6039
3297
2916
1450
2819
7572
5851
7693
5361
4847
7925
3770
143
7033
2747
4419
6134
4825
6576
449
1170
2620
5867
4417
1257
6011
2955
70
3610
6033
2511
6409
2527
7928
3322
3534
6400
6185
5739
2111
4160
1671
688
454
86
5970
3622
6289
1958
1222
2282
1441
2547
712
1241
7911
3851
3324
1011
6937
3322
5910
947
7291
7213
2113
6753
4604
2811
3081
6109
1547
7184
6250
7084
3693
3239
1509
1841
1589
7434
5306
5269
5340
5038
3691
1173
5112
4828
4102
2687
3015
3966
6985
2682
2691
2133
6339
3362
2004
516
1053
5962
3854
947
3493
3209
6083
2192
7479
7314
1054
2303
6690
3965
528
962
3427
2684
3896
2566
7157
3908
4419
7788
5189
5362
6780
1067
4338
4041
4649
2166
1155
1409
2216
961
6411
5094
5659
793
505
2960
7129
3197
5066
6750
4872
1786
1638
551
1545
1800
520
4339
5609
1479
1877
1952
145
1937
1098
7146
3942
3057
2335
7724
5998
1312
3024
5342
2285
1843
6879
7062
1773
1092
2040
7841
5664
6004
6401
3036
4354
3566
3149
3007
5879
806
1823
7503
7269
4049
4130
5894
7234
3134
1540
2942
7642
1404
2580
4004
3083
7212
7444
7777
4515
6535
3471
5103
4428
7733
984
2311
4943
5928
5149
3448
6961
1845
6284
4257
7516
2774
2830
3203
6702
5344
2103
5385
2341
4583
7473
5437
2167
2878
2028
2183
2041
3471
5062
242
793
7039
6799
304
3960
3152
1779
7176
1111
724
2220
2062
4559
3367
3557
4580
5080
163
4145
1063
1666
4557
7600
2288
7305
2410
3072
2231
885
5643
2981
2463
6069
289
1268
6261
6925
294
6580
1793
31
2671
3557
1977
6171
6607
6825
5097
4807
3454
1716
1012
6150
1678
1019
1724
125
5028
1307
3952
4902
1838
1842
2068
3380
7527
5507
4111
4715
2721
7807
1713
4575
6194
3240
974
5499
5077
5858
7247
7849
821
1244
2844
1721
7259
6642
1105
1182
2959
2967
331
4844
3054
2353
3564
6005
5953
4181
6234
7992
5243
4816
6591
5837
2145
7970
3660
4627
6562
7395
2917
230
6957
782
2134
5688
2591
2353
4496
6217
2457
1653
6558
2032
4994
2902
4554
1159
249
6413
7635
726
1863
522
6144
7400
5326
2531
7290
7688
581
816
7819
4694
1401
4489
1226
6541
4016
147
3470
4765
4657
7809
7333
5541
1374
7600
6915
6666
911
5929
2074
1066
2144
3497
6008
2515
6027
4537
5102
6698
2771
5866
6558
392
6205
2589
510
100
2055
4803
221
2537
1423
3080
1220
5277
1814
2804
2697
1795
6099
439
2837
1455
3923
4756
388
6935
1496
1524
4164
3628
2665
5659
7159
4799
845
5258
7722
7012
5683
6073
7400
3855
1899
3056
2868
7046
3568
6219
5377
5367
55
1657
1174
4115
7466
3610
978
4893
4680
24
4242
1195
7605
1446
613
1725
7991
7464
5663
6522
6192
993
3278
3311
4515
2053
4861
5901
3234
4335
6059
4935
6110
1486
7951
4610
7027
6791
293
7830
2454
6112
3195
6433
4844
3319
3481
5687
3748
6839
6976
3452
5576
7680
3522
3547
1763
4152
7087
1399
5778
5421
2845
498
7465
2046
1401
4743
7848
7463
349
7622
2276
801
1617
4001
4539
1078
3098
4378
6336
7262
2758
2636
3685
7932
7249
3254
1315
4480
2571
2002
131
7353
4949
1743
3599
372
4471
314
5773
2985
342
896
7031
7518
3167
3545
6196
822
2470
4608
5502
4909
1798
143
804
6839
793
594
2223
3042
3378
3476
7106
756
1605
3785
2756
1979
5723
1997
3530
3954
785
6519
7351
6262
4620
126
2151
2192
7173
1268
1052
1790
4905
3409
5127
7187
4307
6245
685
2799
6467
495
2359
5786
3573
111
7333
7236
3103
3988
7542
5373
1266
3244
2540
5298
3093
7033
4353
4242
6508
2787
6149
2878
3384
1873
6484
5189
6866
4980
4249
3809
3205
7177
797
288
1870
7765
4073
6917
3963
4327
5660
6964
462
7829
5483
3620
3948
4945
4170
2348
1763
4743
2189
3138
4213
5707
7801
4107
7316
7394
371
4725
480
2670
1035
6377
6368
2998
916
2653
3630
1815
1690
4641
4603
4785
5844
5142
797
946
2991
4264
5529
5899
1614
5654
6422
1462
1655
132
2820
7685
6803
1076
1611
7941
1079
1208
446
910
325
2974
7957
3050
6211
5941
2815
3468
136
4458
3197
1391
4550
4273
6903
4212
4487
7418
7605
823
2528
1493
7861
7971
6886
4243
3535
2615
6258
3373
7145
6464
5393
2406
748
4214
2701
2387
3121
760
5591
3504
4287
3866
2319
952
1154
903
6979
5058
4408
7567
5360
89
5334
3562
7902
6696
4292
3831
2648
7053
3259
3049
6522
4810
4409
2624
185
436
4918
1603
4804
4174
6635
553
1932
5294
4465
2628
1399
3850
4912
3026
7069
5825
7804
7231
12
6100
2091
3284
1161
2841
7237
7267
3764
1601
137
3109
3611
6349
7591
1877
2486
5736
3017
294
2843
2712
7915
1381
2615
7960
152
3658
2716
6545
6974
4974
3402
5955
1002
7800
236
5232
960
2650
6288
567
4687
6996
6978
4952
871
6349
1503
1355
5362
1083
4678
2427
5556
2878
7480
7579
4616
2267
5103
2159
6885
5225
2372
4202
4713
7408
4561
3565
3097
2567
2381
7582
2616
5621
4737
4840
4122
4416
3308
7324
3962
1476
1357
7535
2849
7053
6467
528
7662
7692
4983
6222
7240
5444
2391
1552
6847
7493
2047
7081
6789
5249
258
4177
6039
304
6449
6562
5715
1246
1373
6024
6558
728
1111
6091
4504
7785
1115
4978
2755
82
336
5549
2005
719
7596
890
6826
5235
2360
806
4171
7077
6502
3978
6173
2984
7582
644
40
6721
6299
6076
4931
5613
3660
7789
4555
5397
1832
6797
2138
3422
679
556
2160
6960
3016
1851
2791
6062
2811
312
4841
1491
2912
898
4806
5436
2434
6910
2455
3356
349
5962
4334
1406
1085
7138
2768
60
7994
6375
3785
6251
2869
3410
5800
4397
5940
5412
2799
7757
4648
5877
3946
1109
1950
17
7931
5065
2157
7867
6844
3923
158
2311
6613
2316
1998
2796
7248
3188
4846
2737
4133
7516
4946
2020
5358
947
2612
7985
2745
5367
1034
4750
3946
1942
4549
1948
4638
3438
5744
7186
118
4768
7423
2514
7946
2395
6172
5215
726
143
2125
7570
2531
3
2555
2942
6427
198
4365
1706
2459
7227
5974
7351
2120
6309
761
5041
6522
1743
1425
4995
6846
3286
6200
467
7089
1018
2079
5381
5180
4977
7416
5340
1618
7278
4196
6965
4860
2285
5629
933
6966
205
4700
4154
3064
1792
1392
3724
5409
5627
4355
2912
1924
2325
7935
4493
7556
7328
7920
5818
4022
5574
4540
7619
5276
5777
6690
5749
6596
3073
5877
2870
6813
432
6307
6862
530
6199
3072
845
7356
2807
3462
983
3871
7623
7985
6140
944
1094
1043
473
3158
4641
4011
5873
7033
5903
999
966
6710
6045
2356
258
1922
2129
4772
7170
13
6044
542
4924
3007
5847
324
6269
7863
1579
3355
7462
4011
7453
7824
5728
2937
5115
6777
6214
4626
4209
526
7382
5717
1031
5912
2311
2818
5726
4297
3406
4332
4988
1049
7492
4674
3259
1490
1007
1734
4545
3438
6531
7070
5077
4300
7572
1393
1535
6907
4621
1343
7350
590
1256
4526
978
2044
656
6345
470
1832
7820
1312
3487
4175
3738
131
1191
1827
4108
3751
7610
5868
7710
563
6594
5994
1015
7734
7891
5544
7096
5880
6887
5847
6726
4211
6197
476
1958
992
7541
1455
7685
7669
2154
1121
4615
6449
5451
5322
4520
4757
7271
3884
5055
4079
2058
1388
428
4459
6843
5173
5960
5492
3782
3955
2243
6893
2276
6409
6986
2310
378
2825
5058
587
7547
4539
4450
1235
1254
86
5568
7645
4052
3723
71
5127
6620
4991
4733
1424
2620
6183
4581
5243
6545
4927
5635
5029
4412
6041
4104
596
7940
4034
5727
6595
514
1011
7751
1828
4676
832
4698
1779
6439
5296
6149
5727
6281
2519
4283
6263
6146
6411
4601
4035
2385
376
1265
4104
6370
5852
2263
5193
7244
105
2505
2897
2539
7864
6698
5081
2096
2274
1381
6148
6488
6390
5474
7696
1088
3203
3831
1023
6199
2217
4132
6415
6830
5103
7641
3694
4851
4621
4357
7709
3536
6258
2925
473
257
7845
3275
1030
2057
2271
4476
6627
6120
830
1846
2200
4845
5024
406
5213
6713
3477
6662
345
7542
3366
647
2990
309
5845
2034
128
995
2088
6654
582
2728
2641
3133
3619
1030
2876
3339
3694
4418
4441
5846
4500
1400
1868
6912
7677
5554
3316
5437
6939
3639
4163
5583
468
1530
7741
4664
4964
7905
7699
4393
5137
6086
873
5866
4928
3220
3764
7693
4749
4739
1249
1186
6835
2026
5123
4061
7141
5879
3359
4601
5178
7532
1554
4215
5483
1765
6175
6534
1041
7455
5171
1600
7037
7637
7133
7806
4914
7628
6356
1730
5497
2773
4120
3700
1584
3101
3916
6622
152
2475
2575
371
4505
2304
6609
5478
1263
1145
2368
6908
4570
4587
3620
6265
6903
3196
3552
4901
5012
4042
2868
3887
6192
3238
3544
4054
192
5325
2909
7619
4244
1856
6717
4764
3597
1820
824
930
4145
6180
5049
3425
5368
262
2740
501
4622
5771
3632
5930
1264
5374
4309
1999
4321
4743
1381
929
5230
5187
1156
1616
1790
6780
1403
7342
1915
3182
1347
7112
1210
2519
2281
1917
6403
5514
4868
6113
1069
2779
7282
7101
6953
500
1120
4351
2144
3120
5103
7330
31
3075
7947
5698
3599
3075
2032
3290
6672
3714
2570
3710
2057
2478
5466
7576
3511
2709
4800
7644
3744
3728
3376
4879
5010
5857
2315
2222
6673
1630
4089
543
7553
477
4388
740
3535
1524
1715
3249
248
5453
1493
2486
1067
96
5212
3432
4185
228
4240
4698
6478
3143
1622
5606
3088
6355
2888
6316
3182
4316
7515
5979
1227
1356
7758
7349
154
3136
6837
1840
4187
6086
2734
6627
7150
5727
762
1958
2415
3768
4536
136
1729
5410
1559
3112
2723
3428
250
4484
7869
1314
2905
2337
4624
5889
5753
933
1398
4919
5575
2804
6332
6897
7205
1379
5995
7005
6495
4987
3074
5445
1891
6267
3972
4906
2067
7897
5088
2736
2759
5951
4717
4674
1931
7382
6112
3245
2105
4139
4446
2208
823
7741
660
7272
4794
5983
1011
5022
3490
697
367
7619
2415
3564
6677
407
2782
6038
6656
598
6719
4371
2857
5637
6582
6307
7375
6047
6804
7727
6451
2643
6090
4988
3155
834
3780
1778
1445
3919
1365
1416
4136
5210
5633
2188
7236
3512
2184
6901
2733
3413
852
2895
4596
3698
4780
6735
4436
42
1179
7570
1497
4003
5912
971
5318
2922
6792
6885
7452
6579
5605
3453
2728
2976
4872
6802
7529
2455
7637
5289
6892
961
2958
6305
5299
3321
7864
4238
540
2492
4197
6628
5704
7418
346
1400
3647
5748
2120
3011
872
3304
376
1203
1486
1059
2860
5243
5150
7920
7265
7040
3930
7876
6022
5434
1463
4006
4552
792
12
316
2512
1804
2253
4404
2783
6875
5302
1441
1451
6136
4497
55
110
5946
5042
6193
4928
5534
3651
3782
3038
6200
500
3184
2520
2956
3477
5445
7335
2706
1426
4543
3084
5526
5321
3825
4446
7811
5715
3968
6489
6240
6862
2374
1553
6436
2536
563
7212
7809
1526
7157
5071
4438
283
3380
4803
2478
3646
1982
269
3
1398
3869
3015
6291
7233
5017
4806
4878
1185
5642
7967
7263
6071
1135
3553
5452
3462
4503
2496
6363
1421
5708
2206
6195
5221
1512
7488
3377
4230
7838
6686
5528
5482
4643
6938
7704
6176
1438
5352
5593
6255
2302
1032
1793
612
6295
7379
6698
4529
7986
1024
6515
977
1339
6212
7557
6828
2931
6304
3669
3496
2429
1943
2325
2958
3425
2916
190
3591
6778
7841
6104
1801
140
4345
661
7101
4632
1913
1284
7530
2021
1862
536
3436
6916
7147
4748
705
647
7401
2100
4755
5792
1406
4117
1695
593
7437
7330
5019
6952
7634
2493
1201
6734
3320
5329
6790
614
1408
5299
6189
4598
7573
3558
1394
6767
4059
5317
7624
3525
2041
7829
299
994
83
2713
5693
5748
677
5365
4857
4067
1035
2366
1043
3628
1086
3734
6830
3088
2890
164
4137
1526
5745
707
7186
2851
4759
5595
940
1678
2183
1827
431
2333
6210
6676
2886
5380
7285
2901
2356
2931
5059
6493
6493
7010
5126
6158
2427
4319
2970
2683
3567
3927
4582
1794
539
7912
7416
2462
1510
1356
7450
1052
431
6987
3081
714
690
3440
1917
6292
7140
6488
2352
4990
5571
7276
3558
6953
3476
1484
6275
891
2919
2894
2870
2920
5699
5342
4791
6711
6996
4106
7617
4632
7950
3675
1718
6526
5617
6323
6801
4569
3828
5738
3542
6714
6789
7040
2625
3998
118
2970
7491
542
3214
3724
5946
2644
66
7717
5780
1429
369
693
1434
3762
5716
7782
7145
7968
6777
2789
4629
5137
5185
2379
7420
1158
425
5600
2075
6765
2188
3355
1775
5745
461
2972
2803
2289
156
281
188
420
5314
1519
1724
3975
2588
1474
5456
3620
6890
627
2197
1193
166
2404
5647
7842
2692
1776
2489
7378
1421
879
5167
388
3514
3025
983
3201
4984
5685
145
1258
1388
3406
6109
2508
3601
3251
5819
4092
3329
3368
5003
323
6274
643
5672
3026
4543
7128
2620
7938
7595
6796
4697
5459
1340
4270
3758
5693
4886
1872
2371
7952
5648
1222
249
5858
1390
7991
7435
901
5406
4579
760
6077
5342
7888
5023
1520
6724
2274
6477
982
917
5885
5710
2231
4978
1669
816
6812
3768
2440
4801
5916
68
1376
7738
4080
3969
1968
716
6629
6551
6882
5157
7783
669
3780
17
5348
5057
3719
4025
5405
830
428
3184
4369
2759
1363
1020
2826
1893
569
6512
6989
4709
2872
6373
3410
348
6048
452
4593
5390
5194
5493
523
6262
7462
4605
7075
7334
702
7573
6392
7559
1794
3490
7724
1465
2126
5314
5124
7198
6008
5504
7360
7391
1528
4748
7449
634
5578
7343
1612
2565
2846
460
107
567
278
5949
1782
7292
4300
5909
4863
4702
2689
5735
4810
4905
5043
5729
2855
3776
5601
6873
3320
1864
4090
2579
3797
690
3360
5539
7876
1286
1781
1033
3614
1511
7478
6925
1953
2582
5886
512
1339
6271
884
7964
6490
5757
4749
463
6270
3237
3424
6791
5995
3130
2652
339
7594
936
7466
5896
1336
7099
3993
5824
4063
4758
6012
3333
337
7452
1793
2443
2280
3793
4418
4663
1187
1162
5603
4698
5813
6510
4755
924
4743
3690
4263
6041
7953
6840
1914
484
163
4888
7943
4507
6440
5384
4858
1796
7689
7145
3634
6996
3946
5697
6552
4567
7466
1577
6413
6799
7244
6204
2231
2348
414
280
2194
7996
7086
265
5543
513
4282
7194
6324
6073
6171
5225
4866
1776
5481
2259
3072
2596
3232
6975
2082
6013
4150
7606
4166
7347
6828
721
7615
7737
7232
7908
3670
2986
6955
1296
6155
506
3864
4007
6819
1931
5689
6775
728
6882
3034
7381
7015
5667
4109
7919
1151
2144
539
7276
4353
800
2836
7683
3353
6545
6540
5833
409
620
5264
3117
3142
7845
2513
6850
2640
6199
5620
6255
3187
6643
2986
7033
1665
1386
3664
6985
5110
2313
5625
5410
2673
232
3485
285
5705
7019
6917
4483
3364
3066
7618
6369
5755
52
4207
727
6320
627
715
6630
6303
2966
5019
2197
222
7719
2704
1224
7555
952
4313
4086
3753
7389
3663
2550
6219
6333
7527
255
6861
7592
4260
5895
2481
7057
6721
1113
3087
6212
6692
6956
1113
7104
7000
7175
7703
797
7829
3000
7443
4897
1115
7863
6345
3124
2749
4789
1422
4484
37
2944
757
1824
7555
4882
7385
6476
4625
7312
4675
6699
4314
1434
498
2211
4335
6925
5350
6896
2896
6852
4115
925
3658
5502
1745
995
7007
3454
606
7897
4811
6868
1733
4251
7178
672
2665
2760
2409
3486
4925
558
1712
244
5228
3333
6146
3501
125
4719
4837
3450
1857
6656
807
7051
1553
7532
7355
6396
4326
7373
3074
3273
2207
2411
3047
2919
5324
6565
7209
3231
3056
340
148
3784
3065
4418
5062
1699
4337
4820
3412
26
1861
5892
530
5994
5088
6424
1052
6354
1120
7164
7346
5452
1918
3527
4347
3226
2013
604
920
3182
2714
3641
2788
7807
3053
7098
930
3492
691
1389
4284
1333
2387
1691
3571
4970
6337
2838
4208
2572
7408
7545
3847
159
3704
1059
2234
1936
997
3494
7465
7390
6207
2845
4642
5552
3405
5826
2552
5055
3963
911
3258
1347
2675
3109
7820
4959
1464
5226
842
4021
4047
6489
2155
2135
3634
1727
2447
508
5421
1719
5060
1902
5542
4354
5393
667
6108
5238
2791
1046
7310
3815
7881
3765
566
3563
4955
7794
5082
7876
3840
3398
3097
6070
1005
15
5777
6207
2864
4695
6474
6253
6886
412
7105
5435
7343
7613
1901
3192
6898
1093
4416
1740
3636
3831
7242
5004
3242
6731
2533
5498
5397
3747
1409
7103
898
3780
1350
5007
3614
3197
5705
4095
2647
6366
1609
6086
4474
3502
7107
3367
90
4795
4986
5106
2896
2756
7975
678
355
4307
7464
6534
2366
6080
786
3653
924
7338
7193
7582
3436
3986
2275
2383
975
3141
1247
392
1327
6102
2945
7110
2584
6784
1684
136
522
2931
2131
2931
6367
7435
1894
3806
628
1889
901
2310
3993
4010
794
4503
1641
1348
1490
6253
2001
4198
2182
1328
4561
7278
6249
6753
4327
7291
1236
5185
6781
1288
6950
55
3869
3792
2491
7586
2582
6751
1413
311
5399
926
2930
5924
6846
3536
6039
3997
1648
5918
2380
3948
4807
957
3808
5139
5723
3194
275
2951
2525
279
3573
3465
6045
485
6645
5920
6929
3376
1362
6106
7347
4975
1231
7059
6628
3597
5806
6611
4774
1971
6943
4771
75
7268
4128
554
7152
4754
6491
165
1071
2519
305
2228
1201
146
182
1688
2878
6536
6004
252
7498
6102
1496
1616
6287
7270
2033
8000
16
1039
4339
3333
7883
5987
4308
6365
3176
4335
7072
4038
2056
473
1979
6931
1431
1240
781
4437
3399
7236
1658
833
3480
3666
5909
6083
6908
6202
7122
6502
3431
6068
3547
4566
4270
1060
6433
6173
5171
2137
4826
4585
3164
2460
1354
302
6951
4213
7417
5117
2377
2278
7431
3031
1476
7017
6932
4129
127
5644
3154
1439
385
2973
5703
3076
993
3426
3325
6341
4076
2762
5853
7219
1914
666
2861
661
5207
5741
2413
7006
6671
3521
2497
7113
1398
3733
4730
6741
5200
3127
4887
2130
1158
6554
1427
3815
7144
2787
5425
441
3435
5380
1274
1035
7874
6693
5203
4078
1101
3846
6292
2682
3793
3572
965
6366
6823
6672
2079
4949
567
5526
2184
5931
3838
5930
2990
5601
7871
2940
1101
997
7148
7088
991
4598
1933
7588
4170
792
4057
3974
2630
4061
399
5078
1662
6016
6726
5373
4078
7552
613
7797
2417
5893
6780
2037
6143
1251
1545
1599
4589
5173
3751
7544
660
4781
2365
2574
6484
2775
1642
5883
7362
4779
3921
3563
2631
5207
731
1932
7146
4218
2745
420
6495
2496
972
5904
720
6375
3301
5925
2848
7552
1765
6995
3507
3268
6266
3514
7796
4365
4921
6618
2742
3164
1727
4312
1612
5348
631
4387
7318
3955
6254
4372
864
1247
6656
5520
3586
5953
1318
4817
4911
2763
4210
5574
5824
5762
7618
4221
5705
3600
1611
7484
3973
461
4183
6207
6963
6175
7268
5414
4789
2597
1
3070
1438
6016
3487
5308
4108
5526
3992
7273
5201
1342
297
3083
471
7428
2053
7875
6038
785
3691
328
5034
2505
6970
7714
3489
6811
4417
3040
1024
4267
4861
6393
5159
5892
4956
2208
5776
4202
1217
4087
3598
6623
6479
5005
2635
2440
491
3937
7708
3506
3285
1779
3016
3626
4950
1991
757
2232
554
3345
5601
5187
2608
7585
3053
6470
790
2195
6095
2964
3688
5851
2288
5904
7760
3427
7769
7712
1544
7282
2285
7914
6804
2582
2302
1414
1380
199
5393
1572
1389
4840
4394
5785
7386
6906
2797
6736
1838
1009
2898
5270
4338
6199
6732
2145
2544
7364
7061
2834
6383
4732
6307
2290
4292
2982
1719
3137
5413
2301
2967
2192
6161
591
6745
2644
3413
6060
2378
3010
5923
5147
1981
4624
6711
6770
2341
4179
3728
1418
366
6797
1136
2581
16
5304
167
2098
6782
2017
4976
7343
7971
1703
5119
2438
4572
538
653
6400
1344
1842
4867
3236
2715
3258
6885
6164
2593
790
3716
7011
684
2028
6173
6561
6337
7514
1310
6779
6996
4354
2903
1938
6106
7321
5319
7866
6154
6755
5722
3714
2497
3239
7398
598
287
1787
5248
7357
6779
3772
463
7714
6734
7837
2195
3164
6826
53
1515
6125
7552
4503
6690
1009
7379
1210
5744
1037
1255
4788
3580
7823
6883
4338
7724
5927
1618
2660
4922
7747
1647
6011
6815
5762
3428
2887
6525
1621
3919
2668
3888
1546
5548
7870
670
3226
749
6426
5493
2372
2613
1325
934
7123
4104
7652
5934
7923
6041
5318
6601
7015
3341
2966
7859
7476
7933
4081
6779
1577
5144
730
1131
4717
1711
7586
5458
4235
2541
2037
2030
7822
814
611
5975
5388
7325
1838
4979
4851
1664
1777
6575
1330
2413
1685
467
4595
2242
4814
3717
2217
5891
3013
6071
2428
6527
2565
7031
111
3902
2475
1314
479
2335
5515
5739
936
5851
2197
3974
5523
5127
1353
4802
4550
4987
6953
1024
7085
2346
1755
3670
6375
1236
4324
4777
6791
7989
2854
2100
3238
1222
7665
6691
5566
3533
5566
1829
6527
2463
402
7569
5888
6561
7021
2288
7300
3790
2893
5097
2137
558
1212
6946
884
1545
5146
4409
1478
2930
4713
5146
3348
3691
1257
3324
3477
1866
3810
6654
2890
932
6960
2096
6421
2779
4714
4126
244
4553
3766
2453
2418
2640
2531
1215
7049
6953
3022
4640
7340
3115
634
2506
7346
1720
4710
6732
5168
4672
7645
2642
5831
727
1800
724
34
7526
449
6766
7606
6377
7944
965
447
6773
4117
4081
1027
1705
2898
3776
1209
5135
422
7909
726
4952
231
5506
5277
570
4797
2946
5831
2486
4923
4189
4134
1855
1843
7187
2479
4154
1479
1199
6469
7513
6358
5701
6839
3173
4582
7373
5794
275
3766
3291
3412
7291
602
2534
4691
4249
3963
849
5691
7512
3897
5389
5740
3748
3335
4227
3324
790
7687
3427
4317
7159
6141
1125
1985
1262
7747
7750
535
5406
6292
71
7120
2584
4769
5305
685
2563
7448
1884
5413
6151
5817
6388
3831
4237
5263
5967
2462
4281
4269
1431
1650
3463
4729
3219
1966
2871
6265
2606
759
2130
1419
5287
6606
1772
2130
3804
4497
2636
1705
5422
6208
1339
5353
7407
6869
6418
369
3769
447
2246
2971
3468
7775
2599
1178
3753
22
6035
722
7941
705
6919
1
5539
5429
278
1945
7775
6428
7841
5108
1600
2772
4193
6577
2901
1373
3037
5936
2106
218
6624
5441
5727
1749
7763
3743
7831
53
4185
5647
5066
6473
7145
3890
1414
1256
4917
2977
2672
1164
4270
2967
2940
2371
7196
4841
2017
459
4360
1854
2312
6299
1874
6713
1867
6366
435
5375
4135
2029
844
2422
5973
4199
7129
5569
460
3371
5724
2455
3895
3629
1255
4390
138
1732
2654
2920
6878
4707
7330
2678
1670
7443
3196
3896
1883
4987
1167
1962
1862
2210
6215
695
1961
1868
7585
3869
2226
4068
6162
7334
6057
732
2248
3607
380
3793
1729
5763
5467
7913
2528
824
7768
6859
3944
530
4192
2981
