5080
2629
384
4381
7323
7759
5189
6247
3845
6901
120
4975
1323
3457
114
915
4901
4335
7322
4500
6418
5003
3449
3012
1394
3188
3740
4438
1936
7736
5004
7939
1538
784
6129
1058
342
5498
2771
4278
4540
1158
308
5506
1304
2348
413
4983
261
4296
6942
2331
4699
6257
5763
2528
5673
7876
1231
2676
999
3861
1301
7480
5907
1867
1684
1981
3896
6011
2414
5235
4414
1989
7862
4
5562
506
6891
7384
7591
6406
1736
3887
6135
4409
44
7157
5183
926
5553
1114
1376
742
3296
6492
5727
6890
7986
4477
7267
1806
7649
3867
1041
5962
4743
3556
6650
6397
6019
3476
1188
1815
7034
509
4956
7629
3616
227
3559
2837
2684
6081
3953
4389
6071
5394
5197
5577
3427
3283
4622
1698
3991
4235
5586
5309
6425
1580
7043
1212
80
426
4959
1338
5454
7557
1789
681
2676
4625
4105
2933
5025
2031
7276
744
3768
3865
5418
4872
7110
1317
939
1240
7809
633
4013
5250
5972
1142
5738
2783
6775
861
7109
657
7039
7196
1248
3563
2448
1108
3618
7615
508
6006
4282
4261
4297
2514
5989
7982
1081
1352
2190
1200
3785
6877
6468
7109
2445
6977
4869
1225
7421
4455
3981
7559
972
4535
3106
2118
1553
3780
4469
4079
983
5210
4502
2291
286
4578
2483
1289
7070
3704
4824
3882
2048
1898
6927
6956
98
2266
1013
4240
6724
2638
5159
2288
7406
1645
967
4489
2338
4825
5251
4344
838
5072
7378
198
3797
5152
1
2700
7960
7866
5958
144
221
1539
5111
6240
6237
5677
506
5913
6389
2969
2086
5300
3826
3235
5189
6980
4797
5155
2006
6432
570
5876
4032
3084
3675
3356
5125
4854
1386
4582
1031
5811
1372
7917
5783
3546
4213
4647
2370
2523
6194
3084
6392
7485
4588
5404
5658
7536
6795
1364
5755
4880
3972
7065
3662
5118
7897
504
2473
2328
392
1041
4635
541
244
6316
1471
2323
2390
3155
5542
4290
5901
6921
2315
1272
2798
5788
4913
2713
6498
3444
1535
6933
588
5192
5107
2905
3627
5541
5073
2797
1117
2529
4625
419
7431
2782
7071
1484
335
4614
1535
5980
4746
6687
4427
1190
4233
1224
3342
5506
1399
2897
2845
7690
3579
972
6654
5669
2074
6735
1186
4467
2860
6053
3762
7502
6042
2651
7079
1027
4466
307
6583
227
7653
4567
7730
1465
5562
6089
6719
2646
2240
2899
5225
3652
2437
4960
7771
3336
4468
2805
6574
1301
4602
7585
6502
6055
1194
614
4767
645
6196
971
3346
6432
4242
90
3920
3761
4021
3121
4522
7398
1978
5314
2709
2473
1374
817
5179
2055
2723
6001
6401
4679
4581
5383
6808
4951
4761
7587
4093
2524
3073
2283
5604
1056
6265
2404
634
4309
1509
2454
1610
7716
2116
5071
2687
2325
203
2661
3935
2769
5968
3294
2936
2647
2249
6948
1816
5808
6976
7196
4118
1791
5330
3427
1080
535
4174
1945
4606
5297
1592
7026
3317
6132
3808
3351
7519
2534
5119
4560
7606
7421
6798
595
2299
7040
7507
1031
5224
4121
489
4320
6052
2415
2486
2619
2230
1479
7030
6629
1963
1672
3575
553
2020
3780
776
3339
2414
3677
1013
4316
6961
5906
4291
7822
2097
547
4682
331
6364
4007
4590
7995
3996
2576
7638
7277
5730
2958
5323
3323
5275
563
2765
1568
2500
6146
850
3882
537
4398
4011
3918
1324
4241
2164
1357
359
3298
7559
5983
5312
6286
1394
347
1779
5594
3554
2700
5889
3415
5032
4961
4190
627
6060
3912
2054
199
2385
2739
6155
4083
6675
3057
5951
7331
981
6421
5730
2297
7204
5608
5734
7040
3597
7658
7452
4384
1125
1021
6428
535
106
3606
930
3654
1399
2205
1792
5502
7952
4395
112
469
2540
3565
3371
1094
7613
6559
160
7960
7265
7982
3165
3672
6109
540
1118
7534
4600
109
1964
3550
5551
4652
6145
6848
3555
5100
205
3972
6518
1694
1976
5491
5991
1981
3639
1133
4248
4309
1514
4316
4592
7970
2365
3227
1478
120
1936
2803
5338
4437
3699
2670
923
5413
1723
1057
1348
4180
6900
5574
5427
3175
2793
7222
3959
2585
7479
3706
90
4016
2063
6878
7505
3128
7314
5190
2401
5444
6561
5332
7244
2339
7766
920
4787
6371
2001
289
6148
3103
7726
6882
1373
7809
4083
2838
7207
877
2037
3870
1565
6687
2315
6363
287
5488
4746
2401
5808
5081
2419
2310
6781
6061
2600
3731
3883
2555
830
4842
2613
3211
6411
4736
5183
5214
1755
4997
2466
2031
3696
1642
4233
3817
2850
5379
7899
7812
5062
6313
5679
307
6994
2027
6475
3702
2669
6596
4054
998
7429
5737
6412
3687
5853
3267
4133
7679
992
3351
5197
2588
3948
7896
7020
5050
1285
7354
6625
7563
5989
1863
6367
3764
7787
3094
223
7823
1577
5023
6490
1356
3345
7397
4632
3668
4230
4676
4739
7336
6052
2184
3249
2446
5904
7217
1695
4634
3540
7719
4929
6322
7407
364
358
2876
5399
1403
3343
5778
4558
474
5637
1685
5051
1649
7780
1967
2952
6604
375
6281
7871
153
1773
2243
4126
7464
2560
1296
5795
4593
5376
4542
2226
5871
2517
6097
3348
3192
5995
6737
4823
4492
2473
4191
1090
1127
3929
269
2285
7012
416
4406
5806
7286
427
3766
5061
7900
3189
5369
1072
2597
1198
7650
6184
6764
407
6292
2833
5403
5753
752
7801
618
3660
7303
237
4166
5599
2370
790
7482
5108
4229
6133
1641
7323
1688
7125
7494
879
327
1385
7125
3189
1578
6989
5578
5303
5999
3213
4460
4376
6211
4650
7726
295
7853
333
3430
5634
648
3944
1900
2113
1318
4359
1393
6025
3163
783
7834
254
346
4241
7801
5142
2579
2253
2527
6708
5710
7590
5746
733
2340
6160
6629
834
4591
6634
7299
5139
6190
2421
4370
7012
6526
5251
5585
6212
7461
5680
7854
2519
5811
642
7350
2849
2262
7968
5569
6506
7800
7104
1670
5382
1914
4881
3701
5395
5392
2566
59
339
3296
1398
4681
1125
1075
7985
839
7591
5013
4143
7947
5388
6775
4609
387
5302
6587
7263
5370
6443
3149
1599
247
7950
4156
2322
5704
7754
4285
4503
4488
699
2689
2323
761
3039
7444
2156
6179
7836
597
458
7771
6740
6613
5762
1272
7844
7391
868
5814
4382
6609
2006
4840
4061
398
4852
6276
406
6089
7491
3930
1650
1619
5245
4946
2137
1600
2458
7421
1620
7352
3609
2154
1284
6007
7788
445
3943
3421
1730
480
3532
1287
4360
1381
1300
5618
1861
4413
3807
6960
5663
6957
5662
3559
2849
7577
172
2995
4134
7513
670
7742
5172
5239
3358
2867
6615
6906
5926
506
5205
6777
4253
6526
3192
7841
3136
2705
6606
13
1916
4380
3551
1800
2109
2049
3420
3487
7277
2844
2291
2813
5384
7503
3791
2771
1763
3137
7030
7231
6770
6467
4847
6225
7574
984
1801
6428
4571
5511
5910
6394
1909
3712
7093
7753
6023
7202
4624
4369
1870
7565
1182
3890
5479
3735
6658
2378
564
3027
353
6410
2592
12
5653
3970
2769
5691
1280
3275
6594
6592
758
2108
4665
6426
6926
3196
7829
7766
7570
4493
2208
6900
2691
7580
6859
2157
3003
4749
4727
2148
4328
7234
5147
4336
1081
3752
1649
2190
4044
1545
2970
3332
2619
922
6137
996
3891
3179
6351
551
6513
7677
6271
47
3231
911
1398
6540
343
5099
4385
1348
4647
6928
2062
5354
2785
5357
3988
4020
5197
2375
6378
2468
7701
3989
6635
6752
7122
2567
807
7455
5360
5151
5876
4537
2591
6218
4879
2378
4312
5523
474
4380
7
6318
987
7778
22
2004
3018
1254
4800
5055
16
528
115
6101
4330
1929
2705
5864
2026
1528
6870
5730
1702
7131
1989
6531
6698
5962
2168
5632
4848
215
5544
2448
5980
481
2559
7430
917
5698
7315
7880
5624
3755
7229
2991
4978
4570
1305
2023
583
1947
1050
4577
462
5849
4529
2449
1478
7800
6303
7059
3752
216
3049
6987
3432
2857
6580
3881
1577
7274
5782
1885
604
5670
7716
1407
5272
1241
2091
22
2696
3440
555
7347
4303
1686
6585
3632
6650
3711
3988
6865
3040
6447
5117
5211
6591
3015
2965
1804
182
7922
4973
1462
4261
2866
4415
6645
1881
4033
5458
6020
3718
1607
3774
6184
1189
4466
7751
6699
6371
7485
745
7153
5199
594
4224
1157
7633
1896
566
4081
4186
2368
5165
2047
5088
2838
4871
5643
6502
6992
884
427
1998
3098
6909
7452
3171
7222
1863
1386
5683
3440
7896
5697
7207
7905
4709
6570
3974
3303
4022
6972
5149
1104
1654
1003
6561
3787
7958
3081
3384
5128
5569
52
5899
5526
2638
1402
488
2815
2497
7771
1396
4379
5240
4645
901
6369
2999
4942
5321
4412
1985
864
198
7933
7401
1332
585
1334
2324
4241
4141
3757
5686
2003
4705
5080
415
177
5458
4977
2197
4689
7995
7556
2560
3777
3790
3046
4544
1613
2959
3226
1177
960
1794
1310
5031
1516
2525
5608
4852
2416
4371
7238
873
23
1174
1745
6366
1154
4376
7328
199
2408
7005
2573
2045
7395
7478
3938
6239
1984
5944
863
5227
4201
7929
7316
3542
1347
929
6295
4507
897
4233
2935
3022
1084
2029
6756
2031
6402
7959
4601
998
5958
2948
2190
5530
7174
317
3483
1306
554
114
6278
2323
1596
5060
4009
1410
4295
4445
6283
925
7360
2739
1720
5489
417
7611
5141
561
167
1165
4496
7574
577
6450
4466
2928
5649
775
1056
1830
7040
5771
6477
7915
5295
3026
7988
1798
3027
7359
3128
1130
3934
3264
3553
6764
2223
6687
5784
255
787
6818
402
1111
4226
6731
5731
732
4622
2413
6914
1368
7752
345
6899
7875
2490
1832
2467
7810
459
7175
7594
2699
1120
5955
562
4140
4377
7036
4703
2715
2363
2941
4643
7171
3564
3734
5542
7408
6955
6623
606
876
2229
2135
5437
2406
2231
1846
1783
4289
4461
4444
6893
313
6741
4663
6175
3020
728
6362
6847
1725
680
5703
2913
5034
3855
2638
7225
504
3758
7404
148
3201
1167
4026
6491
2316
5630
4318
865
5617
5580
3894
7504
2070
778
7830
2048
976
5234
3566
6743
5332
6501
2477
2314
840
6914
2865
5640
1235
5233
3205
7565
2802
7314
5460
3305
2791
7500
2140
6151
2605
5937
814
268
6499
7006
4997
3220
7635
3704
573
3325
7895
809
7256
4968
6642
7955
3980
2471
4566
4929
7198
4926
6329
2209
5182
5030
4442
2768
1648
2899
4310
3683
7428
7893
2269
6084
5711
3162
4087
5209
2662
5147
6401
5928
7968
301
4167
115
4468
2315
4736
5050
6065
49
7141
4451
2676
7764
2745
2742
6027
2194
3937
4386
7028
337
2063
5533
200
5494
3869
1976
28
4093
5765
3164
6196
6063
5764
5344
661
2010
5544
2341
4545
1418
4515
1529
1824
4418
509
5771
5087
6368
5537
1586
4952
2370
987
155
2442
7428
2171
837
6807
1617
4694
2657
6428
5256
2326
1425
4431
1301
2249
7210
3492
3435
1008
4065
7197
280
2751
821
3164
1423
4578
2769
5356
5393
6516
1996
7679
4452
2360
2162
7185
5180
55
3161
7275
346
6514
3562
5551
6741
3861
6229
3923
4547
5065
7781
1785
32
6223
3105
3695
5479
2909
1961
7730
4721
3970
4391
7340
4161
5487
6126
3465
839
3588
5537
1202
5682
6574
6138
7240
4901
5004
2235
6983
5247
2438
3815
2749
6657
6247
143
2965
7552
5346
2156
4190
4357
2315
1787
7903
7645
2607
3413
4207
6224
608
2250
4930
2797
3589
7745
1415
7011
2196
3623
7286
7495
2938
4816
24
7206
2255
5830
6483
6652
2024
2886
2724
3563
1615
5183
352
4708
5655
717
2988
4790
6572
2217
4043
6971
5104
7952
4977
6983
3327
4013
3759
6793
2892
5094
4328
5049
6335
5693
6923
2067
1971
6065
5942
14
4479
2653
969
4347
1812
4443
7114
3416
4312
2685
1758
3400
6352
4466
1190
1549
7019
182
5589
7159
3165
1630
1596
5936
4109
4417
4949
6682
6790
7295
5148
6674
7895
2660
5733
1888
2190
6999
5394
5137
6694
5498
4545
3598
7480
915
224
4629
4135
5988
3775
2656
1616
4704
6894
3503
5879
2536
1277
3918
6244
261
6752
5928
7907
2335
6621
4585
4862
154
5070
460
4916
5812
6671
5133
1168
1096
7942
5658
6637
5840
1081
4555
4849
2365
2193
896
7744
172
960
6280
451
4194
5498
6379
3457
5605
5943
858
7815
3171
2183
5236
2540
3953
4545
1899
5201
3557
2843
7039
3382
213
6337
1573
4988
7876
4016
7555
7738
4641
6602
6553
6673
5212
4500
4905
5221
7157
3522
3645
3774
2738
6051
3976
3447
5626
7788
6630
3054
2852
2165
7703
627
2861
1370
3854
717
5762
3065
2600
6806
7543
6370
5764
5363
7561
3245
3963
1565
7585
4011
2637
4390
3947
4997
2015
2647
5869
1835
5282
1421
6705
1991
4442
6283
2818
5570
1370
908
4712
3779
5951
1368
1402
6415
7003
6407
4518
6192
2124
4017
556
2081
232
5487
3254
5125
154
3054
2907
4921
5156
5971
4752
7800
3015
7282
1285
4488
6212
3814
1285
5935
352
4889
1841
3277
7643
4548
6511
6321
5871
4350
5030
6234
1732
6885
1055
2374
6571
811
2902
6003
6197
2078
3579
6247
1080
1159
2094
2226
5790
1426
4135
713
4928
549
2391
3701
7406
4557
3840
2791
5023
2097
3858
4874
2687
4637
1116
4705
4024
1014
2471
4895
2033
2916
6666
4729
5130
3319
2353
6623
5957
4222
5828
4859
5196
7190
818
4196
4264
5473
3933
1780
649
5076
7499
6359
1485
7631
689
4538
4012
295
5290
7437
2513
4539
3488
4464
5863
1639
1876
7997
337
2958
3965
5374
7258
377
2556
3415
7723
5150
5709
1090
2627
1015
2235
6389
5926
788
7667
5693
3177
5320
6573
6899
7614
3056
7820
3799
1596
2859
2250
1860
3503
1238
1082
3720
4989
975
6888
850
4226
1531
693
249
1358
5044
6298
4689
7969
7968
3378
2267
1653
3864
2345
6929
461
2786
6975
6082
5026
1289
6193
2435
5093
7855
4454
5530
714
1024
1441
7866
4637
6920
164
4990
5204
7531
5523
232
4700
5814
2981
6710
6509
4155
954
7855
4486
4588
6119
5753
6357
2836
220
6062
3729
5958
5724
7630
7258
7968
5798
5470
6881
7010
6020
6334
6339
4988
2533
7861
5723
7285
4741
4824
3797
2937
3036
3506
7132
7093
3113
5005
1583
7277
2427
5830
3229
7304
6014
473
5694
3049
3175
7426
37
2315
7485
7054
4431
2182
1409
1915
2262
3824
4289
7334
5612
5911
85
719
7150
3444
7360
6294
3445
7135
7936
7406
593
2446
553
1764
6956
2376
6708
1251
7153
315
3651
6428
6986
4509
6862
6420
4455
1443
2608
321
6477
6195
7453
1998
1618
850
805
1008
3582
4734
2763
5583
2847
3138
1325
4831
7869
2995
2783
4380
4600
2106
2849
7888
2643
648
6008
935
3846
304
2966
6015
5738
3871
2674
1970
3603
2944
6508
7211
901
2054
2419
1558
3235
6899
2256
3497
793
6167
6122
4920
6956
5931
7838
1958
5377
3413
6250
2097
6666
3735
7478
1075
6669
5697
5192
3518
1966
6172
3170
7835
1008
7904
6058
6147
1492
7710
7876
1246
3370
3974
4058
7719
760
5275
5237
7748
7476
2206
4905
7153
3699
5081
3442
1341
4096
4351
6582
722
3197
2344
4012
1264
5241
756
7256
3769
3492
6113
5816
37
7708
4032
4829
6852
7234
6989
7392
5215
2768
6320
7574
3100
4741
4634
6908
6856
4695
4602
6847
1414
7314
2412
6386
1972
2697
5589
5282
3325
618
3112
780
405
4860
6658
5799
3065
2820
1891
2256
7892
3608
6734
2271
6382
5720
7067
5643
1486
156
6324
4046
4425
7238
7166
6358
4983
5813
6804
4184
1227
2121
6760
1414
1476
4746
5900
3437
1490
16
1318
6379
574
7030
7341
7935
557
982
5662
6764
4668
6592
7138
6362
4445
6718
4132
96
2158
2188
7893
305
5367
3698
3224
6021
328
2031
7898
7865
3870
7346
7185
3983
4932
3452
3171
7552
543
2592
1223
781
5620
2470
6156
7994
220
5087
216
1759
6305
2243
1278
1609
7314
6359
2210
2559
1762
5729
7862
2955
6839
3150
703
3716
575
2504
4206
5384
1072
7365
5589
7394
4492
2384
5511
5795
4042
5477
4963
2095
287
2538
3039
1179
6447
7521
6619
1913
1139
3526
6044
2957
2302
6810
4083
7704
2316
5911
7731
5036
3569
3401
3357
5664
4907
5510
372
7107
5510
2609
2030
3208
6142
7239
6136
392
472
2665
3434
6598
7593
7585
3358
598
4139
6102
5626
7258
2919
6432
3030
813
5367
1604
4456
1851
571
1591
6273
2366
1566
2356
3185
7906
1700
3641
7155
4025
5574
7100
6533
5968
3127
3795
6287
4211
3267
3291
3095
3825
6655
1377
6830
1084
4685
5078
3508
285
6337
7802
654
2202
2600
5946
7089
7220
7332
2295
3956
920
6274
5559
4203
34
5937
644
1789
569
3404
4574
1839
5727
3605
1745
1532
598
4782
184
6881
1643
6727
1728
1012
6166
1077
3233
7318
277
290
6809
6814
5817
4582
3373
7428
792
6469
7477
1816
3575
5765
5678
6004
530
1158
7470
30
869
3463
3094
5553
4482
1908
226
2436
1648
6246
4321
7244
3770
1751
757
3768
4859
1228
5330
7020
1511
3076
4355
3878
2690
247
7741
1096
761
6179
3659
5519
4574
205
3680
5285
748
922
400
6156
5584
5952
2007
1499
7405
2462
52
886
4753
1959
5803
3505
5422
1952
4967
7188
1361
4716
4808
5511
7775
2172
4392
2893
4946
6249
7129
7385
4111
5276
225
1200
1325
7107
3801
4683
4897
5157
3645
5949
2997
7405
6568
2649
275
97
2287
6537
4766
5304
3883
5492
4798
1045
986
6684
6863
5667
1155
4307
6285
4631
4982
2653
2393
3232
4634
6598
1696
798
2072
2400
382
624
2904
4939
232
524
949
3580
4203
4781
5720
7583
5435
5810
692
2604
1786
7054
2778
2636
743
3055
4065
7756
658
6889
2802
3776
2692
5183
7576
3891
3188
845
2798
1432
7384
1169
7593
4600
2150
2267
5919
4580
5978
7258
4062
4300
245
6628
599
7398
1457
4634
142
1844
3890
6279
4491
2622
6472
679
7127
6221
1007
5317
2490
5156
7448
2679
1512
3834
5073
6335
2537
7343
3587
6375
2266
1935
2511
14
7744
4275
2818
1282
5827
3422
2313
6514
5826
723
2117
413
560
7168
1060
3548
5320
5084
6092
3540
2436
657
3849
2739
7481
4328
7521
182
1683
3729
4783
4603
3760
1918
3665
4540
4873
3396
874
7140
6870
7220
6714
5426
538
1504
5557
1130
5925
2309
1388
2135
1310
7569
1453
6925
5867
3436
167
6836
3132
6436
5818
667
965
6895
7392
6493
4192
7293
6446
7709
7673
7536
826
741
5799
2627
1766
4229
5504
6699
1306
2536
236
242
1719
1004
6198
2948
5547
3092
3844
6208
7444
2337
2426
1792
2097
1803
3378
4348
6744
6085
2173
6007
6514
5850
3524
5676
3231
565
1368
1937
5996
7710
4980
4848
7445
3616
1497
3333
6979
6031
1649
6914
4300
1675
2461
4077
3152
1282
1355
5628
4793
3930
6209
6731
5628
625
1348
7720
6970
6652
1546
3717
6483
3630
4701
5635
6192
4373
2643
2301
2056
3927
2278
4642
7243
3911
7167
541
5530
2378
2252
6986
4710
5043
7089
850
6018
6325
1225
6679
4870
2724
3556
5791
3114
7908
6380
7806
3758
6208
3612
4774
4647
2270
7787
4548
7659
7671
5291
4010
6346
3212
4509
4111
2729
2008
1714
4507
4560
6764
999
7223
6386
6537
3324
4291
4273
6298
4783
2279
3012
7983
4663
6280
7560
7607
2008
3009
5456
6611
5914
62
4682
2654
2567
3710
3890
4263
1229
5513
7108
3045
5670
2955
3469
6481
1625
2419
1189
5601
3604
4203
5124
2871
1824
4026
4732
7785
80
2796
4162
1498
5160
1446
4875
6655
7762
3598
3855
1970
5334
7370
4091
4144
4403
7687
7813
1303
4494
2003
1874
1088
7940
6919
4893
4838
6092
1139
4619
1092
3894
6516
512
6358
7673
6219
5836
1505
2265
6231
7216
1591
385
253
825
7082
5620
7183
815
4201
4817
6743
4258
7663
97
795
6853
4588
7592
5365
1414
3638
980
6605
5232
3527
5749
850
4535
430
1227
5005
5076
6667
4287
7507
2504
6682
7346
2813
2055
5394
2126
3670
7650
7291
2519
2478
542
2470
744
288
6426
2480
2374
1361
2507
5378
5225
969
5111
3985
933
2325
3768
775
995
7158
218
5457
5221
631
2428
2493
4782
4812
1941
5522
5655
1171
5200
2654
5441
1475
4829
7035
5066
2129
383
20
4746
1910
4983
4018
5263
3150
1783
3671
5452
699
3667
4814
7850
3038
1629
242
4181
3639
3066
4955
2678
7636
6471
7404
7667
5284
4156
2695
3618
5634
5096
5143
6305
4574
2875
7662
3927
4400
3714
1828
6570
5545
1014
5063
3482
1343
7928
506
7849
6611
3045
6013
7949
5090
1687
4850
7073
7739
2405
3999
675
547
3477
1274
1036
4085
2473
3190
3024
7043
539
2391
5407
6342
1630
1704
2501
7529
5510
4251
6281
3462
1040
1945
1240
3418
4710
3102
4456
4046
4704
1728
2808
4110
4463
7598
168
3113
5315
2557
4300
2614
4296
236
5985
6210
7786
7888
6788
2741
7686
6112
1348
5831
1122
6376
6838
2095
5253
5834
5241
6079
3374
2066
3774
1242
5501
5221
7454
1569
4563
1545
3795
6296
7485
5336
6612
5360
1015
7740
7021
233
2060
7859
7278
3332
616
2942
5645
1217
7394
6959
909
2919
5273
3079
1902
1166
5972
277
5437
6242
5154
7049
6529
1104
3382
3726
3760
5624
4390
2421
6229
6452
431
5443
6567
1720
5883
4061
3766
2534
488
6632
773
7928
2819
3344
1857
7051
4347
828
4986
7947
3498
3000
5469
375
7543
426
2020
2396
5373
4103
4622
3272
7647
7432
4243
3274
6889
2840
3021
2809
1864
4375
4178
3197
4571
3189
7162
7205
7944
4304
6006
1690
5815
6577
1047
6806
1992
4754
2569
6352
242
1551
5930
6541
6270
3687
4905
7133
6474
4119
5449
6911
565
6418
6332
1348
1675
3953
4453
6039
1004
5737
1920
4070
2232
1794
5715
5417
5466
6797
7958
1133
1129
2321
7670
3469
2505
5533
3601
625
4596
2043
2381
4345
6907
6425
2897
4246
2989
44
1911
2644
3903
1799
4320
6158
2367
7233
328
6594
1879
2488
3335
1465
68
1869
2868
6803
4953
1015
7960
1910
1782
7699
3746
3757
7877
6768
4370
3694
4339
1879
3601
544
741
3330
7935
1547
7045
174
5726
7230
6166
6395
963
4519
5654
3340
4093
6243
7327
7568
5847
4703
1581
7107
952
130
3014
7539
2613
5904
4420
1216
3024
7224
7905
7781
6689
7352
5384
2356
6300
5538
6556
185
4958
565
1677
4411
530
1290
6600
513
6883
2481
6698
878
48
3156
960
5462
6413
3121
4641
6502
6378
3964
3435
4480
5271
4571
1347
2404
2465
1662
4738
4704
1741
1411
988
5018
7066
602
4367
5382
1612
6058
7488
2082
66
230
3821
7961
5402
3124
5006
288
1424
6870
5381
4881
3320
7698
1126
7758
2917
7751
188
6744
7727
5693
4183
6971
779
991
6880
5076
5830
407
140
1361
3272
5441
2256
4695
5608
2128
1790
6213
1721
535
3291
2577
7932
7889
593
4205
6941
4640
3738
4603
3993
5158
7713
4271
7944
6270
5437
7803
1969
4573
5993
4445
2320
6352
4479
2091
452
4516
7218
7004
5571
7529
4824
2362
2427
4357
4937
2523
2063
4224
7998
3050
3619
2049
6349
2541
5562
6535
7920
1817
6545
7169
4037
2353
284
4152
7233
3307
1280
7562
7003
1472
3772
5149
841
2285
3068
4167
6467
7236
6643
795
5363
7572
48
5576
2994
5312
2821
4162
2086
2386
1135
536
5110
2282
6799
2527
4232
3224
4706
4012
1176
2181
7246
5097
3174
4410
3825
7114
5365
5845
6834
3235
4899
3846
8
248
6176
541
2612
5075
2424
2478
6716
6275
6038
4833
7237
7512
1232
469
3995
2025
5716
6982
3292
3556
1612
3532
7663
1036
5854
7715
6845
3343
4477
4352
1634
5597
3482
266
6095
7601
515
2431
2644
6613
1619
6669
4875
5164
2773
84
1110
4688
7931
7237
4990
7009
7370
6885
2629
1044
222
3587
983
2693
750
4756
5637
858
3281
6862
2878
709
2502
5816
5510
3131
2263
7245
3666
364
7031
1672
7927
5624
2297
5540
1423
7811
3421
2777
7893
6744
6351
4710
814
5268
3544
1261
530
2180
2366
2581
6012
2660
695
1670
4828
7765
4995
1971
333
5274
6884
1117
2560
7668
6114
6166
576
5758
776
1435
5103
3268
2770
4196
4576
1262
3146
5853
3139
6309
6674
4701
3489
7592
4601
3776
3373
6838
7337
7226
2958
6290
2752
2375
6666
5141
7956
6279
6366
5414
5218
3419
3465
894
4535
2939
1912
2978
6012
7064
1783
7821
5461
4164
1589
1027
3908
6008
2707
2920
5498
28
3080
6372
725
5409
5297
1905
1680
3648
7284
679
628
5068
178
7761
2628
6116
5229
4607
958
1399
4935
5092
4741
1021
2012
7814
1109
123
4066
3505
5206
5701
103
4669
1108
1960
847
6902
2428
7056
4401
3109
5040
3844
6039
6695
6510
1174
3108
2250
4970
5812
5885
2352
5097
3072
3041
7061
4967
7969
5235
1079
2060
6639
7880
5649
355
3058
353
2088
5319
1370
3626
11
1334
5853
290
6078
5918
5625
5340
5624
1661
2049
3069
2000
2389
6061
2555
4196
1140
2914
4390
6774
6604
7707
360
7466
4537
3100
2211
1147
5881
6955
26
4454
1632
4547
2004
1130
6559
1316
3183
1488
3328
1188
7211
2212
2751
6998
6614
2793
5156
2240
6653
3031
1414
4828
7141
3541
3302
1619
1360
4762
1162
596
1522
6392
1099
110
1359
650
7514
6650
5916
1451
3552
4399
7266
5904
6527
5530
4673
1706
926
3479
943
3203
3033
6596
2880
7022
7667
88
3405
2956
6117
185
5511
4756
396
3839
1314
2213
5180
3815
4524
1923
1371
7165
1547
7666
4583
2599
1171
7030
3142
2310
84
4946
3101
1668
2972
3940
5219
3947
1379
4403
2577
2099
7596
338
4338
382
7049
7063
1282
711
2371
6803
1128
7373
2678
4436
2195
3605
4498
5666
3019
3784
6963
4809
984
4274
2061
660
5505
1229
4980
7158
444
2002
5155
8000
5236
5508
6737
5133
2436
7122
4434
5396
2935
7140
1973
599
192
1261
3547
6772
2329
1671
2728
226
4005
3896
4431
4991
3073
7958
6494
6681
784
4663
6291
6449
1943
2988
2815
869
2615
2133
4546
3200
2216
6882
3305
3975
6762
7558
3385
7021
1845
7893
7416
1348
2367
5767
7847
2998
6544
1641
2763
1113
5754
4855
1704
145
3069
5182
1174
3767
1331
5075
5362
5963
4026
7824
5530
5362
1448
2368
3479
3025
1577
6174
3190
1517
6811
3306
6561
6381
6196
2637
3823
3343
6573
766
931
148
6554
6934
6482
6032
2727
6229
4839
2819
3618
6663
2525
5492
7662
5446
3679
5157
7767
554
3915
2022
3487
3028
2193
3335
7631
1406
7846
5263
817
2148
5506
5164
7137
6134
6360
6520
13
7848
6636
367
3813
1507
1007
3412
4426
5621
3390
7988
7561
1047
3603
183
3737
5451
922
204
4557
5548
997
5372
7149
1482
7653
1230
6156
3088
7817
7828
5980
5050
4421
365
4674
3491
188
536
4557
7297
2464
291
5175
4517
5228
812
5034
5476
7264
7694
2978
6796
3151
7135
3528
2495
3859
2192
7288
7890
5258
902
841
2006
4311
2520
1672
1452
6595
1714
2043
3628
2906
4223
621
2860
5463
7775
1786
5156
1905
604
3493
1569
303
2621
4490
2788
274
3236
7800
2884
4198
6493
345
6391
3726
2270
3536
1593
3741
7459
1923
4836
1439
4172
3872
1054
424
7512
6561
3032
2997
5180
3984
3737
4682
5485
6187
2733
4170
6422
4044
5864
7542
6357
3839
4343
727
4146
1299
7807
6430
2166
3807
5340
3702
5532
6437
7398
5686
542
1991
5617
5765
2526
6700
6055
2480
1607
5552
3986
694
1183
3749
3018
2951
607
1989
2404
6253
2176
327
6834
6994
235
6179
1817
4367
758
2165
4285
2177
7584
1263
3925
331
42
4362
5219
4717
1905
4633
5484
4512
6709
3729
5740
4810
2097
1893
2231
5715
2863
6774
2855
4511
3094
6339
4467
1770
1768
6014
1458
3141
4763
6411
6841
1367
1369
7731
4478
6550
1942
5519
7271
7665
6721
1625
4705
5221
3689
1814
5276
6308
3752
277
214
3982
7891
6854
87
6546
4533
2152
3085
4445
7139
4414
117
2418
6676
3685
1227
460
6967
377
3044
579
5549
5659
3584
7112
497
5006
2203
6731
2864
4905
1658
782
2461
4688
7973
3003
6314
2815
1810
184
1121
3602
1411
492
2335
2036
6928
167
3321
2550
5340
3853
4319
3979
2662
3515
5364
3594
6899
4055
5196
2844
1381
58
3739
6001
3776
2722
4773
7758
2075
5534
6079
3469
4062
1926
2391
7999
1906
3585
6683
2376
2521
2551
1923
1807
6387
6070
1387
4524
5800
3704
6693
231
4600
3517
881
4224
2430
2058
4644
3815
7370
3734
6124
1944
2384
3267
1849
5427
5973
1971
3739
1656
5450
7235
5990
5148
3320
3827
3693
721
6713
1913
956
4846
4883
1461
880
90
4468
391
2535
795
5984
5715
6327
7139
5619
2664
6032
137
6965
5799
7132
5343
2268
6025
2149
6294
5817
3352
7845
2440
257
2019
45
5616
2181
5927
7277
4477
7996
3685
6000
7874
5067
975
4137
3947
5141
5288
5575
4069
4212
4970
3840
2057
7481
4510
7956
5686
4680
5555
6671
6969
3572
7816
7501
6209
5686
1494
5280
440
531
1290
1684
1222
5056
2312
5522
3165
3995
4012
2028
4067
3915
4645
