5944
3003
1176
3595
7819
3979
5977
3072
5224
3989
6728
3514
834
2846
7181
7542
7952
682
5091
6782
6040
6520
7830
2899
4089
3360
7473
3124
3025
1837
2386
2156
6498
4948
6690
2279
7279
2168
1675
4572
519
5057
2823
6741
545
7170
817
1287
7758
1005
3047
3747
4406
4582
564
4470
7568
1133
6553
5768
5027
1878
4475
7421
3598
4759
2031
3843
3533
7386
3447
7309
1249
6581
2647
4042
2327
3349
113
1398
2388
904
3401
1028
684
275
4839
3255
3867
1578
6480
7871
190
5758
3993
515
6820
1978
6359
3805
2163
2156
1209
3620
6116
6384
3300
7227
4665
784
6912
7321
4218
5257
1954
3582
955
3232
6523
2429
4150
6806
3798
4663
6558
559
2986
4755
6980
7443
4030
3135
1226
7728
6933
7530
305
7692
3828
1418
5386
7355
1113
6308
6740
912
2152
2658
2048
2757
3579
3029
2878
1083
1388
7128
2596
7948
7168
4760
3726
7360
5043
2488
5963
5033
741
2400
2092
6097
6316
4377
6101
4240
6076
7791
2235
7363
2607
1590
4252
5947
2331
7415
13
2713
3039
3040
5945
4104
6465
566
7580
6493
5383
572
5546
1032
1835
770
3902
816
6948
2283
766
7189
2852
1062
6064
6715
2145
5373
6778
1995
3766
5539
5582
6999
371
4515
4490
2772
5383
6414
4413
3699
276
7001
6738
2112
3250
342
336
7006
6363
2164
2065
2305
1774
4321
3954
931
8000
7735
7076
3507
3509
5959
218
5878
2174
3395
6114
4653
4656
2767
6984
6697
1727
2835
4879
1092
1418
103
4185
1888
5317
1283
7775
1413
7988
314
6878
7119
4506
7460
1456
721
2315
7307
76
2460
838
2925
3704
1893
6893
1857
5054
1794
5003
1936
4833
7908
3186
7342
1255
4694
7240
5393
6112
2568
3841
7499
2339
7318
5134
6786
4276
3115
7195
6218
7271
2628
5694
7269
58
1533
189
6144
7036
2908
290
3688
1628
5864
3564
4085
7670
6349
7947
2730
1729
5462
2513
4978
3757
3224
718
7165
4571
5591
4991
3812
7774
2458
2868
5609
1343
6802
1012
6177
1208
2681
4745
7776
7596
5448
6850
5901
4307
664
1578
3539
6301
1432
6685
7001
4028
6635
5251
2115
254
4648
7512
4361
1474
5861
4666
971
1378
5153
4413
6721
867
6925
6272
5201
5786
7836
4371
4222
4910
586
5039
5868
1555
3613
3383
6600
6235
3615
5775
3593
3553
4119
4121
5532
313
7425
7965
3688
2549
2413
5993
4208
3184
6856
363
1398
2898
4227
3185
5803
7225
7779
4111
5123
7681
3156
3397
7500
6899
3097
7121
1029
5746
5031
6806
1414
1734
7327
1788
3695
568
1099
2706
2663
3150
6593
7076
6133
506
4124
5900
4509
1407
7659
5515
4818
5225
1572
208
7519
5166
3657
4253
7326
856
2076
1926
549
5181
6385
7347
10
3626
177
5762
2712
2706
2572
6458
7732
101
2983
4795
2509
2222
1944
658
4589
579
5064
821
1773
5221
1227
3610
6165
32
1454
2344
780
3570
3028
827
1767
4256
5132
6937
2946
5718
3956
7640
4697
5012
7407
4372
7195
6209
188
6633
1513
5621
508
1587
3684
6050
5521
2463
4776
3517
1661
3032
4329
730
2386
6156
534
1140
1474
3979
2777
6183
4998
2085
6807
3216
1862
7890
3875
1405
2378
4513
104
329
6107
601
6270
4614
3951
597
7143
4731
2275
6767
4569
5252
4200
6677
1455
7773
6554
761
7185
7578
7175
3769
2699
1531
3062
1344
7279
3339
5723
3878
404
5008
7507
1826
3796
7041
3553
7081
5944
1377
5554
5192
4718
5464
5580
4789
6527
7311
542
6274
1068
7096
1640
1543
460
4981
1145
4724
1701
3943
6899
5757
1389
6323
1730
7026
4401
3938
7458
5420
5329
5908
6639
2948
856
4196
7640
5866
7858
1099
836
5804
5776
391
716
4745
921
6465
128
2189
1135
2552
2507
7695
1969
3231
7057
4190
2244
939
5915
4891
7992
4183
2922
3917
2696
6627
2862
1460
3469
53
4687
4731
1727
5108
1882
7715
5363
1165
695
4500
4695
3060
2377
3996
4945
764
7453
2098
1993
1151
5873
6606
7576
5623
2523
3717
3299
883
5753
3074
65
1774
2838
6098
987
99
6117
4107
6095
3289
1815
297
4814
267
4079
2918
7607
2827
7526
4537
3927
6945
6191
1186
5926
4049
5523
3867
1315
1237
4601
7913
5087
5502
6027
3959
3893
3622
7525
2498
678
6609
829
6982
7712
3437
7537
6792
1182
1352
1359
3015
3388
3377
5505
4438
3274
4432
2308
7055
3075
2276
4469
1235
2745
1799
1536
7216
4185
6353
4844
2172
6929
3199
1198
5461
6177
3973
6003
2083
6991
6213
6912
4147
880
570
3035
6770
7048
5240
7379
7146
7343
7672
4649
291
3778
125
7570
193
4421
4759
4441
6097
7582
6160
3309
7905
4329
6713
5860
4305
2295
2085
59
3960
1971
5006
838
7177
7406
5906
1602
7062
3602
1187
4139
7029
3229
7987
6212
2204
1051
2994
7072
5182
3886
7140
6809
3932
1636
5596
7820
5909
3052
1927
5992
7049
3908
5355
2583
1547
4855
4287
4735
6242
99
4729
6261
6939
5897
37
3563
625
4519
4546
1395
7745
6820
5201
1518
6905
1186
2610
7616
1097
4521
3825
1109
780
744
2210
4539
2191
4709
7471
7756
4862
7328
1410
4543
5451
7161
7362
797
5183
6964
3448
7060
4477
4605
6217
5935
6942
4757
2458
5092
7994
5998
2331
6649
7875
6303
2229
4747
2107
5495
7252
2278
432
6321
2585
5689
3234
6631
6391
6996
6525
6442
3674
5701
7646
2066
7963
5505
7313
6316
2669
2616
5285
4178
2899
1224
18
3092
2653
7494
2362
2953
918
7497
4530
3161
2210
5935
4649
4733
1364
1527
1856
3030
6739
4312
6268
603
3520
374
2651
6576
5978
4858
3443
2081
5603
1776
2683
4376
1689
6693
7557
6598
4569
3576
3661
6648
5360
5111
4275
3706
3224
4427
2700
3778
1236
2605
2322
1597
1928
4809
6633
6821
5622
2623
70
1093
3753
2307
7578
1351
4336
3363
4706
2849
1572
1431
6756
1332
5162
5728
3448
2407
529
5219
4653
4094
2506
3394
2756
2803
6024
142
1877
4173
4153
7798
7499
1319
3482
3411
1613
5730
5009
7023
5175
2154
1454
3066
2171
1744
2150
2722
5322
6106
6007
1183
3492
3194
3973
3052
2569
6226
2597
835
3655
7495
4442
1926
5263
6565
5637
7458
3270
4619
3835
3725
2195
7598
7644
7758
4281
5600
5257
3431
5756
7336
3223
3665
7272
529
5954
247
4232
3194
5853
61
344
6005
3577
1585
4225
1801
7550
6619
6037
4005
1696
339
3680
6849
5013
3317
1640
2519
627
4589
7644
4150
1289
6641
7742
889
1067
3665
176
2453
3372
3922
5396
3553
6047
6371
122
6035
3314
7093
3308
7249
5726
3244
5591
2097
3765
7630
5526
2957
420
3165
7959
2321
1078
6929
6042
3231
6760
2605
2457
3075
7665
1600
3622
7180
4275
6559
1181
5595
5763
6825
5938
5038
324
4368
7462
4292
4523
1098
570
1773
7384
3107
184
2210
6926
3925
2484
2284
7658
4011
3173
2205
7397
89
489
1035
1572
1531
2364
2938
97
6732
5931
7288
7502
2950
3590
6834
7238
6925
5197
1977
7053
6819
7587
2654
5245
1221
536
2442
3962
6022
1881
1521
574
7433
7132
6477
3420
470
5085
4785
3139
5818
1158
6165
201
7350
7859
91
1591
1104
6462
3920
7312
1085
3985
4735
7267
7561
6336
1990
125
1515
974
1008
2394
2447
3452
402
4030
4120
4354
2729
7180
7327
91
7052
286
4425
4137
210
1057
6956
1483
1639
246
2958
6898
5586
7592
7012
1258
3700
4416
3547
6271
6219
1539
2678
3743
2892
2950
6958
6470
1803
2426
4463
7347
7426
425
4713
5260
7192
3844
7127
5491
7142
2862
4688
1765
6783
7136
4881
6150
6851
3459
6319
7744
3316
7830
365
2415
5602
7206
7166
7562
6026
6260
6619
7670
7739
4437
2079
2272
5015
7662
932
2126
4397
1152
458
6575
3364
1199
6145
6416
3740
7176
3959
3279
7194
2481
5393
3319
7099
6453
1572
7322
487
2229
5171
274
6983
3555
1284
2656
139
3650
388
7238
2232
2720
289
2254
3910
4631
7807
4270
644
1469
281
6492
2808
3009
3032
4093
3218
6847
1193
1637
4249
2640
3026
1795
5428
7214
4035
6410
7879
4371
4454
3374
3154
1442
596
6869
2262
533
2359
2556
5578
6283
1371
6192
6737
6509
5278
1254
3008
5097
498
4769
6260
6123
869
1011
1344
1271
205
965
5130
6257
5175
3254
1758
1924
4194
3233
6972
3263
3586
1078
6382
4105
2480
4294
2438
4517
7745
4726
1441
937
2950
3774
6906
739
6633
2421
3193
2758
2641
6380
7227
1023
2657
2509
5332
510
4724
3361
3198
6792
7610
5564
27
936
2980
5542
604
6866
4473
1760
1153
7124
6146
3800
3506
5085
1181
5812
1101
2504
576
3245
2326
1051
2595
4473
7296
5035
2391
5674
665
5317
2109
2978
2598
2065
2805
7574
3655
7075
3563
4633
1227
1695
6441
1864
1021
4673
4318
4494
6827
5078
4365
1439
3726
7959
5815
7791
5680
3949
7904
4242
5976
5342
4053
1652
7472
6548
3893
1886
7727
1219
6302
3165
4022
1218
5636
3739
563
1601
1513
6385
4623
7548
6696
7907
1224
2322
7795
1559
4286
5084
6583
3831
4360
1335
1524
4614
921
4532
6675
3897
4230
982
4189
2873
966
6872
2958
6670
5276
877
6496
5509
1581
6797
2795
3671
7551
7392
6805
3853
813
3981
5265
4707
8000
7140
7519
5866
5642
7571
5248
6332
3278
2601
3505
757
3183
6089
3085
2305
1359
2167
4027
5617
1005
5686
5684
7067
2339
6627
4780
4086
5115
1187
3477
761
6739
6081
6184
2921
7384
5503
6525
4297
7843
1703
1073
2029
1049
556
1596
6715
4596
2126
7623
6024
1080
278
4138
2081
1851
3788
7274
1304
5673
1951
5068
1791
3675
1026
148
6085
7502
4826
7707
5641
2378
734
2347
7089
7029
2208
3228
2739
7611
5962
6774
3184
1341
7750
5916
7283
6065
6811
6189
640
6881
3585
1124
2452
5232
2271
3789
7917
6793
4773
5679
172
5207
2620
1168
5428
3108
2005
4459
5816
3617
5285
6972
1942
6816
7395
7178
3058
5595
7497
6856
7373
495
1966
4794
5865
6371
3564
5532
5165
5077
4627
2160
230
496
7261
7692
5493
1723
6979
7439
6248
3368
5750
3259
2861
2868
3406
4067
4543
7497
4307
2535
5482
5025
2632
2644
3604
1946
5104
2593
723
1099
1832
2563
3387
4434
3782
3611
3115
2593
5957
4282
5310
4250
473
1947
1611
1738
4796
242
6872
3472
999
7432
2829
3936
5489
1825
6817
5393
6512
2677
6969
1705
5515
7209
1612
80
1877
7952
925
2102
6406
3828
4743
4152
6420
6462
4276
2172
7541
3218
5242
7190
1871
5588
4519
5466
7900
4926
7595
3092
5649
166
7240
6140
2588
5952
4218
982
1527
7134
734
2051
1552
6580
3114
5302
7847
6123
77
2817
2683
6572
5873
999
7067
7638
4432
1422
2089
335
516
3130
3861
6634
1135
7959
1187
2463
5926
5166
4583
1725
4527
2728
2056
4672
1959
5435
3396
5189
3672
4848
4552
3838
7287
6429
7206
6665
7824
3735
1257
1478
2305
7112
7516
5413
3345
4221
170
1473
6674
4962
6911
1539
5136
7205
3851
4186
2962
7074
1569
1276
4840
4188
4945
3943
5302
6467
2995
370
13
2652
5054
1168
4181
3297
283
2103
2534
988
766
2519
1664
1531
2752
4732
4750
4706
5846
7513
3232
2086
252
1720
2141
581
2539
2021
976
4747
5274
3971
5826
89
5074
3483
2526
102
1591
2359
7166
7683
4014
2861
4643
3949
5713
2761
2798
7706
6218
3647
2717
7159
9
923
1707
40
1680
2740
5745
4423
7473
5943
6150
3776
3859
5234
2151
1228
7810
6547
3721
7062
2632
3517
2334
4474
4297
6858
1833
3099
6817
2999
4285
6395
6518
3366
2801
4218
5916
6228
1715
7559
4013
3498
1470
874
1489
3129
6239
4927
4552
5223
4083
1894
2996
4275
4987
3955
5910
96
1857
7034
6107
1588
7651
4387
5981
3838
5310
134
5744
7157
2441
499
453
5738
6588
2049
2809
5587
316
3737
5212
6019
4332
3042
7267
5610
109
2553
5868
6395
2416
4195
243
5478
2388
5284
1640
1223
5690
3706
2560
1470
2562
892
3717
2575
4866
2721
77
7774
5803
1422
4080
7056
2658
5145
5519
803
2621
4718
782
5748
396
2197
2101
3852
2193
7964
3803
6583
6303
767
7058
5353
5016
3741
5345
4773
6345
4734
2398
3915
5914
1498
19
7689
4894
623
5253
4032
5012
7287
5647
6055
6035
7996
1922
190
3544
407
5005
1598
6117
5059
83
3474
5693
624
7499
3658
7044
1844
554
1944
7303
4315
6909
3190
2588
112
646
5529
6202
5644
2193
1206
7700
3810
4286
2291
565
5479
7215
7652
5716
1239
1921
7750
7158
3140
2090
6827
6342
362
382
1545
912
3264
640
6660
7542
5151
937
3191
5994
4885
6789
5286
3442
512
7022
73
3884
1485
4520
424
7362
7228
2893
5871
4856
7388
4683
7663
6201
3099
4206
454
6235
4586
7014
4037
5488
692
1301
1145
1027
6286
6511
6653
2199
6085
4442
5282
3125
7282
3138
1052
4685
149
1429
2837
393
6731
1825
6515
4961
7521
2323
356
3090
5599
4767
2783
2477
574
5769
3073
3577
3009
5967
83
1610
5976
6979
3158
6837
672
2970
5252
2764
6757
1249
3067
5523
4654
3456
475
2406
4450
5162
7057
2840
345
6940
2239
2969
4728
1208
5654
5990
5074
5827
6937
7049
3919
6825
1259
1478
3069
4209
4846
2777
4595
7401
7745
5601
766
3616
4284
6688
4575
7994
425
566
3741
3381
2423
745
4355
1493
7070
238
5598
7053
904
3069
4375
69
6308
6497
3898
5326
3914
1799
5066
3555
951
4792
2390
1033
756
1601
501
5678
3090
3452
847
2798
2845
6102
4558
2727
3105
4814
1436
5051
6744
2008
5579
5628
7831
5047
7502
5132
878
3564
737
239
2974
532
7409
7839
7650
6837
5486
4754
362
2347
7559
6932
1740
2126
2603
7519
3225
3805
1505
3773
1570
7750
1153
636
5659
5554
7641
1732
2503
3662
7928
7617
3587
5793
7328
4
7208
3415
5134
4479
4656
3287
4917
398
3336
6232
3073
4897
1520
2505
5245
7680
5897
1462
3440
249
3951
7933
5655
5835
2699
4865
5928
5916
7442
6203
3171
1901
6789
3882
957
7681
1275
7036
4044
2166
1876
2786
1890
3433
6949
3824
4020
556
7097
6798
7117
7479
6028
2817
6213
974
4771
6467
1158
4108
3388
5314
1889
162
7224
4350
3191
1530
5223
2469
5797
7249
2237
3037
2987
318
2828
7744
7436
984
6897
1120
6506
1108
5259
4788
7152
3243
4848
6453
6321
5428
7807
2236
7623
7853
1815
4258
314
964
7165
6139
5389
4739
5743
3038
3683
3013
2880
7363
5327
4923
5833
6904
3830
3929
2843
458
1140
6404
1106
89
5103
1750
3881
5317
7767
7944
6949
7672
1515
4208
6347
5697
1293
992
5749
3742
4514
7178
4438
5743
3161
2973
1703
7903
7823
1883
2234
5146
4025
298
3763
135
1055
7302
2801
24
1037
5376
2435
4118
4000
5689
2592
2283
6499
6168
2190
5040
633
7943
2564
6853
7634
950
5489
4981
1370
7774
1590
5652
1050
6502
6056
7073
115
4762
5885
6317
7763
2334
2751
1290
4702
6976
3674
4464
4759
1292
7477
6846
691
6885
7492
5400
6828
4392
1984
4018
5449
1356
1905
5420
560
3226
5926
6276
2701
6344
3194
7977
4096
1476
4669
2557
6554
1703
2056
5610
5523
7043
4817
1346
5236
2553
5897
5789
1529
4442
2498
618
4106
662
883
2641
4144
2630
146
5194
7207
6733
3891
1633
4420
4718
1336
7003
6394
6770
5647
1167
2793
1979
4084
7373
4357
442
2451
4534
1680
5879
1636
782
161
1464
5096
6937
4450
4464
3301
6518
4619
5080
7238
6804
3418
538
4335
2042
1902
1792
5472
5115
641
6380
2002
5746
7472
982
1096
5700
3348
715
6217
928
6848
275
5131
6847
4197
3297
1112
405
6937
791
7320
7135
5166
7747
319
2761
6786
6855
1271
21
3582
6977
5236
889
1071
507
3912
255
6556
109
4893
2333
6042
4011
7098
1354
1075
7369
2122
2957
2565
7507
7702
1164
627
6221
7275
3657
2541
5398
5806
1625
1223
4162
3656
3558
3865
6197
6628
2374
5087
2047
4356
4317
5905
1678
7659
689
1257
2540
6710
882
700
549
4584
1035
3827
4875
6559
6213
7056
40
5367
2646
310
4869
1532
7890
57
1893
328
348
3030
2963
3043
6492
5786
4547
2843
3647
4768
4928
7240
2986
2146
3929
5085
911
5079
7403
1498
7248
7511
1241
848
2970
363
214
6478
7397
7707
4964
5797
3318
1166
5641
3464
4204
5320
1924
372
3027
7461
846
7565
1075
963
257
2361
6941
6742
6947
3517
4143
4620
5824
7269
892
7218
5143
3561
3733
3905
2141
7058
7595
6641
4750
2430
7312
7514
3804
3149
5494
2796
6452
5382
4032
7621
3202
5326
2658
2946
5332
1095
3912
6104
39
3981
3719
7418
3892
2005
2273
6847
1586
3768
540
2268
3411
6618
780
5354
540
2231
3842
5486
2950
2318
2502
7852
4405
5319
34
5313
6887
3043
4852
3300
2164
4938
1046
6211
113
2984
7851
7029
4499
7934
3095
3955
2784
4416
2092
4203
7681
5572
415
6863
1832
1907
5254
1560
2842
7951
1074
2970
194
1497
6256
5
7721
5069
1839
4057
5466
6028
1255
3098
5431
1529
515
1334
6386
1596
5960
2545
360
5501
5744
3221
6348
7946
15
3675
7182
4406
1049
7145
4919
6679
5815
7430
6521
5641
5337
5355
5241
1673
753
2821
1075
4004
7160
6993
7037
5929
75
5379
153
5952
5563
2664
4641
1506
2278
1056
1440
808
1625
7339
4075
6757
2135
907
1033
6373
4984
6093
1906
5576
7797
7850
6326
7710
6490
5636
6264
6711
6421
1940
562
7637
7436
5159
45
3635
6265
5133
427
3318
4923
4874
7812
7314
4846
6831
2787
7196
5561
2664
5231
3683
793
2619
7101
1855
5957
2114
5016
4770
6720
343
5498
4753
6936
6646
759
2902
4257
2751
3247
153
1841
2790
4075
4541
2700
2876
3931
279
4348
1598
138
1352
7207
7571
5723
3509
328
7322
5429
4519
7825
2284
3602
3730
3730
5829
7462
380
4236
5043
7905
7229
3953
2180
4915
4098
6727
3265
6508
621
2128
2678
3594
3005
7432
3872
2589
4968
2927
529
6891
2222
6721
7207
3278
1871
1229
6686
2889
5501
6601
5422
6707
5589
2718
3122
1146
6583
7561
6430
5866
3922
500
3226
4754
3509
468
3267
7355
7809
7388
4098
3487
5960
3780
4851
423
2609
3192
2064
1380
3139
4286
4324
4049
1490
2921
6548
3565
7607
7449
2964
6880
4589
5244
3296
3140
2849
3157
89
5263
387
7500
5527
6588
5395
7494
6501
3551
2392
7164
2820
6840
1448
804
3578
6600
2185
7748
7093
1845
2496
4487
1495
4832
761
6490
5554
3500
7478
3407
6724
7411
5283
6963
4473
3705
1634
6570
3149
1417
4226
95
740
6568
1840
3410
6117
4004
1276
7339
2723
2796
1832
1294
1091
4851
6023
5112
3347
1013
5516
1645
1221
1588
1413
411
1671
7611
7380
4918
670
5532
7784
675
2240
5451
1703
6454
2536
5502
2860
7801
6938
6201
46
3499
51
4616
5573
3299
5225
873
1400
3182
176
6465
409
7896
2126
6111
1005
42
4075
7368
7379
1576
3802
3220
596
690
7351
5672
6099
6690
2917
3846
7807
5922
3069
4514
6574
1129
7426
1789
6948
7346
4981
3441
1149
4484
7640
6772
6451
2890
2889
3790
4175
2597
2829
4608
2671
5416
7688
3145
1428
7665
1699
1277
613
5089
5363
605
4627
5255
4140
4427
836
3730
3323
4763
4639
6946
2981
6489
5810
6304
3161
3297
977
7559
2680
1226
7274
3818
7680
613
1173
334
4780
1961
4067
2479
3737
2169
6348
5642
588
583
1948
2331
6587
467
2215
2038
4959
5942
1878
4186
5191
6666
5136
5369
6098
7571
7241
1752
4456
4750
782
1349
5915
5079
7746
2135
4913
7694
2619
4660
931
7502
7440
7871
602
5021
6737
2234
6062
3663
5449
7303
6006
6368
926
5361
4517
481
3510
412
1211
1914
1785
1187
7139
2016
7743
3308
4521
1121
490
7297
462
7052
1557
4007
6902
5460
4286
7985
3514
1214
6221
6666
5432
6397
5259
1304
5239
7195
4803
5961
5880
7766
5750
1648
3480
3993
4505
6786
6876
4070
3270
1416
6061
2524
2797
5612
3785
4379
774
241
5045
1587
3010
4716
4002
4387
7115
7795
2162
264
1353
7946
1522
2288
5786
5251
5232
1784
6209
7081
4747
4646
7115
3505
6328
3477
5906
7544
1041
2463
5088
63
3177
2161
7036
6160
4446
1108
790
584
2846
6501
485
5020
7951
5612
610
6374
6443
1211
101
851
6215
2016
2154
5359
2903
5653
1360
2604
5597
4081
3295
6583
4395
5968
5781
3832
3592
5904
356
1774
2978
1446
710
5692
6228
2428
3230
2036
1163
1213
3499
7525
7004
2810
1395
4199
976
5479
3859
2941
3011
2465
2319
1830
4609
253
2120
4534
4122
3016
1690
6879
4250
6920
3787
4405
7008
5444
3051
5537
5009
4628
2038
458
5110
4347
427
727
2062
3753
6866
860
3062
6459
3425
4167
874
709
5281
3114
6266
1757
2173
1108
7188
7571
4401
342
4647
5096
2120
4292
6169
6489
2695
1201
4375
3157
4415
5148
4409
7061
1798
5078
962
4882
3463
6083
5982
1118
2316
5641
1641
787
2622
1326
1495
2013
1799
2014
5064
1197
5617
4388
3955
2650
2747
3714
3107
3098
1144
3409
4448
6622
1359
3118
6494
164
6042
4201
5042
3380
5323
4241
1941
6405
6831
6151
4837
3743
2369
2840
4874
5022
2386
3918
4771
5226
5997
1466
6189
2314
2388
7342
6106
526
1331
3652
2914
6530
6302
6739
6816
4141
5962
2581
451
2291
157
4866
12
1083
1719
7052
3852
2943
3160
5494
2878
3159
7522
3694
3981
2041
5921
6124
1457
5842
7722
6571
5173
6413
4201
4453
5763
1889
4900
4362
1977
7319
6589
6283
6039
5565
7565
4603
1383
4124
6904
3094
503
4308
5612
466
690
3689
2481
4562
4098
4097
3325
6183
5093
6827
4362
2403
5726
2958
7741
4568
4378
2320
5730
7496
2705
3921
6006
6202
6122
6652
6093
4307
7535
4412
1511
1374
7185
5829
391
7982
1621
149
219
1370
7714
2462
836
396
2322
2276
1901
2431
5718
81
5639
3720
5539
6885
5599
6440
1969
3866
1320
1895
3122
5388
4000
1205
4047
3254
5481
3772
3810
7759
5968
6121
3074
2984
3858
7518
7440
6440
2865
7679
2891
5274
820
5570
6014
2427
5604
3161
7542
7547
2013
3320
1322
2449
2448
3960
5434
3741
1660
3585
4089
4811
5462
1907
1613
1295
7073
845
2671
7605
2510
6583
7909
1161
1874
3574
5762
2146
364
1115
329
6701
5883
5303
7540
7266
3934
6065
3152
2111
4187
1629
2582
1660
2947
3442
5962
6537
2624
2072
237
620
4042
5621
878
7075
3848
2456
3418
7352
3220
122
5135
3631
7687
3810
2367
3328
410
705
5328
3170
1007
848
7677
1561
1515
6336
1022
4099
4091
6952
4822
6358
2320
3693
3037
3239
7437
5949
330
4545
1867
7840
7180
6855
6327
5291
3931
7883
7107
5922
846
7024
1954
7025
2192
7258
3387
6440
2037
893
5268
2954
6394
4663
6040
7472
6798
5654
2412
1554
3742
6138
6677
7466
2835
5084
5428
1326
5462
3520
4724
6162
6413
60
2690
1715
1421
1328
6258
728
17
6270
6488
5057
5055
5627
5040
5513
999
5142
3029
4017
7117
5451
5978
1161
2167
6660
2331
7637
4438
7213
2257
370
6012
2422
5586
5274
529
5441
2326
5304
3335
6952
5729
3923
5124
378
1554
7488
4046
6156
3553
4184
3427
389
1677
3899
7236
7833
3670
513
7465
332
4690
1005
2724
530
3117
216
4968
2061
4655
2804
2086
7127
3841
5361
2110
7742
5982
5373
157
3680
4492
4180
1546
2324
7299
512
1788
7734
5372
6557
357
5509
909
3679
7700
2821
2513
1431
7330
7560
256
5515
1025
6957
3358
3040
429
3572
6440
1450
2837
7166
5031
6430
4832
3149
6238
2216
697
6
1098
2318
2515
6079
4124
7742
4703
2872
6407
7658
3578
3888
220
6790
5162
4519
2527
6494
718
4381
5107
5056
2736
3565
6275
4424
6315
6175
6367
5527
2878
6037
7458
5428
5493
5511
7017
6291
5986
595
493
1136
6057
3557
891
2822
2688
5608
7843
6055
5343
1604
174
189
1942
7210
5685
7970
7380
6296
1034
5553
5865
5528
362
597
1698
5442
3581
3166
2239
306
7143
1664
4057
7800
5322
2668
3993
2799
5511
3397
6625
5285
2473
5254
3435
689
6655
1723
7524
4196
6430
2422
6844
773
1159
5145
7015
3703
1272
1728
5389
2612
5764
2437
7337
1094
467
1387
1681
3500
3049
4813
1518
3814
1365
570
7526
2117
4266
5703
6895
5602
2346
5036
3583
82
3961
6803
6835
3398
4621
3963
1369
5276
1508
7278
5544
2415
4979
4122
3810
4644
5502
1813
5849
6286
7299
1064
3584
4625
1447
5673
7776
5958
3649
481
7599
5374
1068
3769
819
5150
6976
2370
3076
3257
6368
4021
2136
7031
5717
7296
6048
2585
5998
3515
659
1606
6360
7930
3410
2910
410
3508
2185
6707
1289
36
5981
3416
6989
6357
5345
5709
7856
89
866
4124
2591
482
7674
3963
2159
3244
4180
5651
4639
1509
1138
3069
4119
111
7232
476
7208
2328
3035
805
6830
5640
4879
1012
4741
7580
2928
315
13
6794
5360
5220
1596
571
3180
414
1761
1671
5452
2823
2493
672
7673
855
6296
6470
6044
1353
5169
3896
1482
3264
1672
402
5011
4896
6784
4194
7880
291
865
6924
903
5424
4003
2609
1756
5734
2568
1355
3517
1773
6848
4481
4529
6629
2159
631
7791
6822
7810
4204
2469
2899
7146
6295
4090
4628
3501
2920
5713
7114
7756
473
98
4797
5971
1223
739
2050
3753
3835
4646
2860
2013
7201
2325
6215
5468
4076
3336
4518
4474
6964
2374
4161
1179
4304
4426
6384
7161
1005
4261
7265
2126
1813
764
7040
1448
4195
4137
1436
1813
4017
1066
2595
963
2890
2690
6879
7128
4233
2805
6016
4127
4719
2131
4810
206
6235
5387
53
957
4492
6272
1898
7428
1779
3860
2111
6596
7415
3495
1231
7889
4607
934
6030
7371
6786
6907
3145
2943
1129
5922
7075
2791
3522
1020
4870
1614
5997
6112
3466
5611
1463
6650
2892
888
4846
7511
7458
4877
6203
7876
957
6335
2020
7390
4032
2266
7032
2320
5033
5233
5826
7515
5564
7125
650
4132
2135
7277
3964
2107
800
426
4348
1597
3236
2337
824
4560
5015
7419
61
7499
1161
1114
1076
6960
7942
2692
19
5934
5607
1614
5238
1961
6742
1289
7701
2998
6217
1022
1902
1536
6285
188
4205
273
3723
7687
3071
3922
1435
6634
3989
6281
4937
7592
5235
5229
4067
2290
579
2750
536
208
6701
2310
6851
7956
4385
2891
4545
3873
5057
3840
6584
6363
6001
6314
7472
1415
1103
697
69
725
246
1528
2925
7006
6864
6084
3431
6382
1506
714
7990
2817
6536
5146
7026
3613
4739
4644
4619
2222
2329
7913
4749
7458
2059
3182
2115
4831
592
7769
1015
5061
575
2602
7156
7453
1951
5810
1226
7513
3448
3592
3501
633
6667
3694
7230
2162
7314
7947
121
1130
5032
356
6127
7418
5067
2257
2785
5501
6269
4125
1850
3106
6904
82
7770
5570
5117
1785
7814
6209
3648
308
4528
244
3055
1606
3007
3635
5479
7813
5677
7388
3540
1965
3929
6533
4608
6067
3657
725
5040
7285
6470
5025
3484
3489
7053
6586
1075
960
2246
2261
7182
1421
7637
3355
1165
3771
6919
268
988
1612
7889
2926
2990
7845
5394
5021
2217
5546
3699
3815
6572
139
4607
4640
5053
4909
1213
4328
3298
1072
2339
2642
7611
2301
5738
6666
7575
7202
2338
6825
1959
2699
2104
5686
2770
7370
1288
4705
2649
489
124
6685
3562
5008
2390
939
5731
3397
4622
1980
3285
4501
3042
6743
7809
3505
5195
3848
6298
4188
6305
5770
1067
7168
6227
6090
273
7574
6695
4753
5993
7728
1610
4207
7441
4849
5299
6946
2395
5472
2114
5732
4408
7938
2770
1782
2686
565
4718
2623
303
5267
7309
4904
6289
2807
5808
1904
6300
4204
6727
1979
1880
3246
5485
731
6170
7500
2599
1691
5237
165
1097
5790
5808
55
6596
1386
4472
2264
4428
3304
7091
4683
4456
3119
92
1246
4025
3580
2057
2708
4008
7663
7804
3435
1333
7662
6078
6281
7683
6174
7008
257
7922
7199
604
4421
6058
5201
3418
693
7469
1005
5254
2979
1076
5917
5623
908
2940
916
455
5497
3602
2337
6186
3327
235
5470
3654
6632
5307
2898
4460
2518
6230
173
2465
1026
2036
4989
1563
6600
2217
3367
6639
6228
7681
5171
506
3441
7439
442
2443
894
4229
4900
3480
3944
30
491
1579
6280
1133
5959
5707
7162
6358
2755
3986
381
2715
1695
940
3563
3251
6953
1869
1693
6100
3198
5364
286
6353
1507
2093
3514
7868
5055
6199
449
575
2632
7354
4040
964
3272
3325
5223
5424
5110
7452
92
883
7967
4228
6159
2651
5864
3
2796
3647
668
2220
7200
626
5844
3475
1605
6851
5113
5192
2235
7282
6448
3478
113
2412
6019
4677
3720
7158
4299
3523
1680
1562
7088
5626
7404
596
1721
1703
400
4691
3258
1572
3894
666
7730
6133
253
6904
7773
2021
253
2347
7308
1478
4809
471
4346
6751
5659
6237
175
3938
1280
2705
5081
937
3127
6021
4
4657
7922
