5551
7619
3196
1898
2061
2854
7965
1833
7824
2732
1043
6086
5443
2462
6158
366
7286
5670
787
3493
1293
7276
2206
460
3740
860
666
6044
7461
5825
1039
5029
1923
6091
3821
1411
513
4683
6422
5118
3487
2652
5775
5582
4745
2743
4222
944
2257
706
230
5178
4421
7404
1131
538
1142
950
1368
3397
609
1207
4271
6002
2571
1097
424
1368
424
4755
607
5421
7310
1358
3354
1078
4992
4103
7462
1701
6966
4769
6453
1940
7654
5444
3486
2646
5965
853
5304
4130
4927
308
7342
2359
630
7859
2733
5621
5544
2562
5673
6004
3837
1749
3547
2880
3431
5860
2369
4257
4642
6985
3997
4943
2979
7131
5308
131
4078
638
2340
5813
6156
7578
2776
4666
1018
5105
4263
2300
5860
3929
3377
650
6715
165
1179
1449
5661
5466
4496
1646
6373
5907
5288
6817
897
7785
4391
2156
2819
7480
5669
3675
5303
720
3376
566
5361
3198
3643
5919
7658
7521
4670
7774
3106
4841
3050
76
7447
7450
4012
1628
4621
241
1061
7240
3856
6741
1121
5682
2685
660
4589
5604
5283
5299
4203
2234
2150
988
331
1497
3537
3097
2729
6861
2747
4796
2010
7351
6626
6069
2510
2280
7424
3161
2411
2603
5455
6700
2728
69
6867
7256
6968
2545
2094
4172
4993
2116
7924
2299
5619
6278
5645
2575
4486
2567
616
3081
7020
974
7411
3560
1665
1446
779
5518
4915
6829
946
2207
7101
1809
948
5051
6054
2326
7061
3342
6195
4991
1743
6660
1165
748
7065
371
2524
6923
740
1009
5915
2568
69
5436
5384
7260
6731
1870
2479
1507
4948
4353
4873
4327
4818
2005
5792
2830
4599
2697
6443
6174
7032
3783
5172
376
5132
6098
818
6666
2193
2404
1499
2764
409
2278
1565
4523
4703
738
4675
6425
134
6415
5727
6977
2943
4406
3621
3368
4951
5357
6498
5717
5436
4946
6067
1421
594
4434
4552
3781
3857
2002
3094
6213
2289
5399
7955
5146
4585
814
6233
7104
86
5630
2597
4575
2075
578
5853
3606
2600
5455
1731
6759
824
2134
4933
4540
6606
5169
1163
6143
3086
2094
3531
7032
3462
4184
1599
3560
2661
5339
7705
129
556
7389
305
4772
6098
3914
3419
7906
3203
6541
6281
5872
5153
2452
5374
6197
5325
7598
1232
2228
2858
2245
5323
4615
712
7086
724
514
2486
6037
2602
6688
6107
1121
3397
1664
6102
1123
4069
980
4000
6797
2128
4200
939
7219
5450
7503
3779
307
6763
28
2560
215
7047
3083
1824
5114
2139
5807
1279
463
50
5053
679
2354
1628
2426
7082
5307
7711
7863
1
464
6651
2423
297
916
1237
1480
6945
138
5055
6328
2691
1698
801
7125
1730
8000
3217
2428
6510
2990
5463
6534
5163
7142
3864
4854
2985
1299
4922
1705
1639
4099
2848
4318
890
4325
4780
1887
1823
4447
3600
5184
4389
7021
4955
5701
2659
4996
6994
3772
2828
2597
162
2213
5836
7965
3258
1011
5652
2918
5552
2457
2785
4077
6069
4477
916
542
5023
3869
7384
5336
2243
4352
2621
421
348
206
3212
5335
7834
5698
2429
1605
4854
7069
7015
4713
1067
6101
5452
1232
939
2817
7307
470
7349
4092
348
3834
7931
1478
4424
1764
2813
811
996
734
2835
7895
7207
5184
5653
1220
6421
7851
272
5538
2214
1306
3914
4114
2876
5212
7111
1406
2569
7106
1555
1871
1080
1916
6812
3400
631
1081
3651
5365
4702
1247
2262
1295
7255
328
7436
5943
1270
1018
2012
1646
7894
6142
5848
7415
7307
5001
3356
4603
2978
2124
5817
6909
6458
6998
1831
329
6464
7870
2375
5610
3578
6358
6439
5687
5417
3295
297
5194
2572
1682
1581
281
220
2911
373
5988
1900
7023
5737
3231
74
7749
1322
5524
7309
5236
3341
7157
5104
5596
2726
6726
3958
3011
1789
4175
2979
6051
3059
6478
3695
3963
6366
2072
6209
2801
4373
1277
88
5635
7250
4196
4523
1862
472
4373
7237
7456
1581
4220
2495
1505
2996
6183
5594
3435
5442
5904
7691
2035
4285
2176
2276
626
2921
3370
5498
6538
2959
1861
7580
3882
5608
3109
5217
7696
5679
6615
5263
2091
3696
1509
4623
7854
278
4204
3340
4923
1381
3215
718
4731
5431
2024
2449
1669
3116
4834
4784
7753
252
801
3298
6970
6075
3210
1452
7613
1904
4820
6205
3647
679
4073
5412
2917
4597
6677
248
3467
3642
3303
4701
1820
7224
5556
7219
4025
5823
1091
2211
6076
3203
1696
2889
1721
426
372
2581
2740
3927
1987
7703
4134
3449
6661
2381
117
3424
4190
4012
6130
1496
7788
1111
389
3458
6596
7410
2922
3195
6490
7755
4241
2909
7183
802
5409
3326
4895
3300
6311
6981
4055
3926
2977
6829
3525
2661
755
2211
4789
451
7422
4623
4504
3490
5369
3914
6542
5439
2790
4826
7758
5654
1983
7810
436
457
860
3910
645
7018
1561
355
3371
5744
6230
7375
1456
7174
3033
563
5494
7575
4794
1499
6175
4941
2398
6869
6731
1320
1668
5767
3567
871
2157
4932
5123
294
7707
8
3455
3219
3032
1764
1422
3074
4311
1531
2728
382
5383
4868
4658
7017
4852
7693
2196
1689
6907
1745
7220
7997
5597
5882
1346
1895
3027
3751
5336
2076
2716
5525
1728
4802
415
5089
3324
7906
4802
2089
7907
1831
6412
7204
4223
6963
2740
7585
7568
6782
820
7739
7133
7046
6712
1719
4399
3688
5744
3728
2711
5339
6942
1291
7729
4977
7276
2894
6777
6676
4024
956
4448
2348
6409
6954
6773
950
1226
1993
4819
1543
424
561
122
1093
7977
3420
456
6566
6535
416
5957
4510
4607
2042
3583
7032
4848
3997
2630
5840
856
5016
2081
5055
5463
4926
6272
7111
6533
1008
7373
1379
539
491
7986
3392
2597
6907
3910
321
4229
7876
8
3385
4469
2845
7194
1550
4041
6758
3063
22
4983
3376
1806
1765
4932
5000
5472
1455
181
5042
6449
3668
7306
1034
7490
2758
3609
678
397
4161
783
6128
2065
3693
4606
691
2236
232
1419
1375
4603
7200
5439
1448
7643
6191
390
4725
2611
3085
4463
5118
6955
7264
6782
396
1788
1729
3998
1272
3673
7822
2243
5335
647
1758
1220
5843
981
5629
5645
977
2017
6818
7695
3373
4511
2699
6805
2251
3547
5525
2997
7121
4475
2936
5599
5950
7768
7133
313
7000
4722
461
6917
835
5495
2518
7854
7341
5690
2541
3048
4701
2359
2335
1066
1904
3793
7328
1698
5479
4822
1313
7500
3135
3774
1159
7792
4077
1440
5523
7086
2515
7554
7142
7358
2762
739
6574
7303
6244
7512
3153
3743
177
3791
559
2309
3723
7579
6360
4235
439
7385
6523
7081
3294
1460
3194
1976
859
7759
6287
2473
4023
1155
3978
7363
1251
698
3955
2109
7022
1939
2224
3557
7667
213
1700
7820
3809
2365
6815
1825
2586
7330
4798
283
5783
4432
5748
2861
892
4964
2923
4070
810
4961
1015
1437
5770
420
5096
215
1110
4285
5258
7249
4703
7472
7428
4733
5191
6752
6854
3588
6690
632
3995
1459
3277
5712
1668
6593
1567
1514
4694
2187
2623
3846
5219
1855
497
2118
3439
6056
1385
4163
1095
2269
1244
4158
105
145
2584
2845
5768
1228
4312
2603
1962
4682
5790
6714
6053
7513
5621
6905
6646
7084
1849
2636
5010
6200
7893
5347
5702
3396
7837
1864
7709
6236
7489
6604
3261
626
6527
4277
7245
958
6868
1032
6863
402
1272
5379
5302
3488
5112
1478
5398
6596
5537
2648
2593
2901
4741
7044
1604
5935
5391
5144
6331
1061
6106
1362
1793
1452
6939
1827
7253
7213
3848
1985
2042
6868
6930
945
1237
2218
1446
3521
2264
5674
5478
3306
2540
6822
1528
3865
4101
1602
654
7405
3806
3212
6027
6787
773
4729
3036
1861
4911
2144
2643
3780
1412
4839
1665
7175
849
1580
1399
2008
726
3513
4420
3906
7510
7844
435
3396
2703
226
2504
20
2988
4818
5920
2363
2950
3980
4113
1027
3114
1734
7012
5314
5293
3413
47
6768
3443
1544
4170
3942
5893
6857
5671
5719
6971
1567
3344
3664
3749
4902
6129
7832
6731
6918
3752
1626
5043
2741
7568
4726
4793
5605
4712
2199
7738
7228
6127
3759
5468
5202
99
3292
710
6643
2284
5389
617
6741
4884
7612
7566
7013
5599
1931
579
5712
6123
2666
4181
2339
3965
1627
1108
6086
6969
4768
7318
6750
8000
1077
5716
3040
6598
4328
1678
4901
4721
4823
4790
647
6628
6539
2628
3756
2736
5907
4430
367
1083
2104
4378
1744
1706
2398
2827
6819
1444
6977
7911
897
684
7412
3659
4411
3488
7798
5165
6891
5152
6009
1230
392
6736
1086
634
1397
924
7140
3349
6267
3414
3898
5238
1760
4653
919
6873
2914
7140
3048
4855
190
1132
5018
6386
3191
3916
6690
1563
5622
2211
7582
1507
2119
5308
3135
5369
6788
331
5005
2125
7066
7183
4938
6243
3697
1245
1137
5468
5123
3335
4912
1688
621
4786
4039
4359
7683
4549
4593
7527
2740
499
1827
4960
1387
4551
1859
5155
707
2302
1904
4660
6969
6751
7798
5981
7996
74
1771
2480
787
2330
3966
5932
479
1308
5873
803
7514
420
2090
2733
5167
6456
2797
1725
1691
7978
283
1490
7650
5114
2067
7450
6853
7166
3241
3072
5922
1836
755
6003
2724
3501
1012
7907
100
1988
4130
3435
4760
6069
5301
3996
3823
1920
1992
3100
4307
634
5997
3309
4280
7804
5992
5462
6903
7873
5486
165
5073
1077
5850
3422
3980
5467
3070
3537
7755
2057
7277
2956
2063
3123
4123
5832
7038
1930
2260
6747
7931
1702
6086
2259
2495
438
7287
1461
1304
3829
2368
5636
6164
2742
7612
3675
3903
5774
6658
4632
320
6030
2094
93
7160
1373
3624
2637
2277
3141
4890
1672
4819
3797
1901
1407
4500
3999
4468
7579
2795
5750
4513
4053
5066
4443
5897
1644
1606
7533
2329
522
5256
1801
5287
7561
4907
3359
4860
6764
2670
4369
6647
6032
2159
593
5708
3261
1531
2448
6040
6448
7069
5018
7060
5532
5085
5024
1462
2396
7408
2146
4677
521
4576
784
1895
3241
1724
1063
1138
6834
5958
5058
4633
1095
649
6360
815
7052
7831
684
2002
7586
4755
893
2633
5098
7661
7702
5755
6669
1332
7296
610
3147
5036
2898
2723
6940
7682
5227
6036
7399
3007
4288
2699
4314
2244
5095
2399
1794
2871
6181
1379
3867
3356
4650
1119
2109
3598
4920
6323
549
6237
7674
4784
1950
375
2684
3090
174
1172
5749
3420
3966
6817
5070
5367
7429
4190
7210
708
2501
4008
5489
7998
3697
631
7760
3561
6634
4235
4285
3597
3661
2246
7552
6838
1209
2451
1778
2446
3184
4912
1236
4765
3137
1838
5489
5170
17
4531
7495
6182
3552
2162
3407
1976
4985
1068
3966
3572
3114
5690
3974
5956
5445
2490
2626
1486
7953
2132
3262
506
2043
901
7095
6808
3050
6766
1056
7130
7995
6365
1793
6297
6774
2475
1373
4435
7692
3413
6134
5551
5002
3385
5864
4222
6769
6130
7679
7705
1856
1776
3125
5047
2952
6230
745
100
1989
2123
2319
6848
4431
818
145
3325
4120
388
1106
5896
5401
304
7568
2774
45
7392
5794
3432
2007
4904
1796
7676
2631
6427
7793
5730
2912
3414
2254
2108
1785
3553
1916
7208
1315
1741
2479
5409
276
3063
2232
1994
2668
5981
5727
6510
7849
30
4700
2360
4557
6160
5416
3054
1448
5460
4355
5611
3834
3095
6429
3172
3759
1506
487
7074
6609
706
4012
3354
164
961
2422
6198
6859
502
5894
148
3883
6218
931
7153
7162
2777
4836
4363
7364
6790
4814
5721
2285
86
3970
3701
1927
5885
5174
5084
6309
1577
5945
75
547
3203
4450
4653
1108
7105
5491
6284
241
7844
7499
2278
4172
873
6214
4757
1230
5732
3916
6215
2664
1098
4296
5642
5971
1928
5129
7800
4397
5270
480
4343
510
2077
4319
6735
4275
4503
1562
646
5341
7848
1274
6165
1521
6877
3293
6914
6174
4384
2950
5062
6980
7602
5854
4098
6967
4997
782
5051
262
1175
1152
3413
1601
3465
1905
1167
3865
419
6803
3973
1367
379
5262
621
4345
5134
1777
7063
1646
7933
7369
3658
5241
1931
811
6708
3702
2119
294
5717
6009
5172
7066
1252
2551
899
37
1503
5144
6581
6727
6116
272
5774
4735
5647
2013
7553
3230
6487
6715
905
5130
6883
7432
2576
4532
7167
5485
3104
521
7469
2882
6775
4555
3196
70
3169
6926
6398
914
4443
1239
4826
6864
4490
2739
2658
4436
2547
222
5915
185
4893
1375
4968
7716
825
6766
5496
2263
2099
6226
5515
6692
6301
418
450
3887
6112
5348
369
6325
3
5024
3918
2703
6424
5017
2211
533
5831
5339
3714
3307
6241
4200
7471
2654
5504
1064
6589
7406
1311
6164
7833
4002
5555
1650
4566
4720
5806
5867
3397
1474
5014
1812
1551
6460
7909
7395
523
4215
7235
5351
325
7444
3260
2643
5623
3046
7618
417
3508
3409
3282
6716
6542
3265
211
2017
4953
5681
300
7341
6208
2786
6490
868
1457
714
5465
5273
6364
5352
2799
723
7825
7330
3074
7151
6037
526
1675
3564
1770
3410
3423
1733
5659
132
1418
4896
6691
4019
1367
6016
4377
4528
587
4695
4252
882
1767
6532
6618
7254
20
5463
6359
4132
5384
6741
1323
884
6851
2008
4639
7015
5225
3478
6912
3745
6063
3973
307
2200
105
3322
1766
3411
6810
7855
2127
1186
1407
6595
7332
6883
1568
3020
7994
352
5134
2941
3623
6831
2261
3387
2701
1311
5967
5656
6298
4076
2367
73
3830
5678
7937
6263
1767
6028
6902
5236
781
1344
6640
1267
3279
4037
1478
6537
6449
4292
6110
6406
3241
6381
3466
5007
2527
5928
6937
7372
59
4270
6334
838
7795
3146
7643
4560
3193
6428
6834
6828
1074
4452
6445
7590
3603
1650
2160
3771
4015
2514
2740
1003
4310
229
2964
144
4165
4281
3285
3079
1098
3116
7364
6560
3879
1660
3082
1958
7597
4178
3784
5009
634
5778
6064
1619
3407
6593
5546
2638
4107
2656
1991
507
7836
2609
5666
6074
833
421
6034
1546
3659
3747
5582
6090
7170
3548
6145
5312
7006
1994
7441
6269
653
370
1943
608
5439
3035
18
4489
2143
7693
7563
1485
1886
5065
1662
446
398
2044
6335
4768
4175
4099
830
6136
4881
4396
4330
2545
3330
867
2069
7662
4276
2595
2480
448
7136
6494
1214
5098
7664
2957
5462
618
6212
2279
479
3409
3988
7369
2798
4028
3337
7732
3217
403
3813
5800
6555
3195
5965
1067
4626
3058
6136
2884
2581
2049
4025
5877
1001
599
7412
6637
1637
462
5467
7667
5820
5604
4329
473
2108
731
5046
5609
2910
2269
900
1374
1222
1751
4540
4621
6659
4749
6550
3838
7637
7376
6942
7407
1031
5265
7927
2378
6312
5288
1279
1845
3750
1582
6443
814
4084
1190
7433
2134
2791
6381
4055
4634
6638
2940
2145
6545
322
6623
3492
710
2229
3634
6472
5489
5579
7302
2157
2946
5154
5946
1768
4174
4207
5549
2971
7111
6852
2296
7272
3777
1477
7019
149
3440
3894
118
7221
4352
1978
1134
247
6554
1296
6522
5835
2078
3233
3115
3727
1281
7917
2180
3958
3026
4558
7836
2042
244
2549
4057
4987
7948
6332
7344
5971
6700
19
374
1127
2087
1381
3157
5504
7277
5167
45
5958
3774
6803
1457
3445
2497
717
6515
1839
1334
2134
3921
2893
1950
6703
1449
1499
2908
6992
5727
889
4305
7417
4785
5313
5829
1222
3220
4494
6671
4311
1942
2017
2434
2310
7242
7515
7670
2215
1862
3576
3967
6036
6722
3838
7791
4448
7549
720
3395
226
1663
4449
7764
4957
993
2875
4750
3277
5857
1527
4587
5989
5932
672
4914
5780
4475
5631
2162
566
7940
2135
2371
5007
6672
3566
3248
4176
7646
5547
5784
1541
5815
7137
7971
3015
1364
1805
5290
2036
2191
313
6774
4409
557
2062
4376
6308
4578
2189
6031
2089
5364
3908
2625
5821
3977
7882
7423
4045
5730
714
926
2927
1899
2701
7008
18
4126
3235
6489
7960
7285
3741
167
1772
1432
5933
7396
3567
1523
3769
1345
5756
4658
5910
3071
5723
2431
7655
7757
2999
5378
7486
7311
3325
7961
2832
1679
3678
7961
2898
6919
4621
2459
1260
1142
5718
4806
6045
4372
2219
1916
5591
5507
4191
423
5729
7117
5067
7037
6022
7750
5724
1745
2469
2027
2900
1033
746
2373
1076
7359
1691
3040
14
765
2362
3686
6286
6698
3177
7258
5849
4314
3503
7365
3830
4181
6800
2785
6733
1038
7978
6636
6875
7254
6745
6990
6269
5248
6645
6308
1443
1042
3251
4889
5721
2688
1772
3262
1650
3514
6583
6115
7784
3275
3560
2436
1449
3816
1029
1335
1969
2345
7378
7307
2725
5236
4570
2024
1460
6828
208
2895
3766
6074
5866
2573
743
5068
1438
7910
465
5873
6887
313
1799
1936
5143
6218
1559
7010
5818
4830
2851
1226
2129
140
1722
344
3077
4112
5898
7079
6632
6491
45
571
1767
4314
4753
2172
5480
869
5214
5030
1553
979
702
5732
946
2324
7507
5931
6700
2418
7036
6000
1724
7399
1583
1310
4262
7367
1327
2662
1674
3248
4289
7679
1219
4795
4978
2771
3215
7215
7691
2902
1178
4319
4223
6921
4950
4477
1041
351
6667
4485
6459
6869
973
2718
4337
5900
6084
2515
1427
4511
4768
4376
602
6987
1419
7069
3183
6391
4285
7249
3989
2488
752
4829
6160
2193
1123
3094
3883
2190
2048
5405
7333
5497
579
5036
1129
4990
6174
1197
4078
1509
3661
4939
3106
942
5392
3235
4008
2216
1946
4389
3233
4521
6735
6824
7088
5185
6270
4192
620
1213
7203
5907
7889
2618
5126
6169
3450
13
2541
7448
664
2751
1515
2029
857
1798
4279
1170
6092
6298
1376
6480
7874
1129
5246
7988
1253
5493
6941
1815
6954
2779
4441
3766
4968
6074
1398
5035
519
2576
3686
7255
4368
3589
527
3269
7033
3978
3126
6005
217
5824
3426
864
7437
7573
3806
3614
1128
3557
403
2684
3256
1286
3952
7558
3016
279
6763
5621
7554
5797
6886
1969
3732
2605
6134
4487
7103
7849
22
4746
5602
2964
7679
5553
3251
423
6283
3320
6606
7724
4876
774
1695
1580
2674
1002
4284
7044
2145
646
6057
2416
99
3379
2923
7205
3886
5347
6023
1501
3533
1210
7435
2784
5168
7107
2915
2134
2364
4553
3429
7264
6022
1345
2926
4178
4355
5055
1362
1831
3906
6527
208
1500
3341
198
5990
5971
4196
7041
116
2097
2790
993
4382
1546
3433
4734
3130
5032
6637
1725
5704
6879
1620
173
6108
7789
3327
6307
3326
4065
3753
5067
6250
2971
2541
7211
4641
1358
5705
3775
6354
6279
462
7908
2565
5930
2240
3626
4349
295
7893
4449
2451
3292
4262
3179
2830
977
560
2431
7269
5470
6525
6864
1126
3034
2054
3450
778
3328
3258
4409
7300
6488
3608
382
7215
4062
385
5200
4902
7870
6617
2683
5386
5264
5949
4968
1465
6656
4422
488
6051
1549
1736
7421
1803
957
1672
4841
4682
2406
2564
2490
3623
398
7416
1848
6416
479
6199
6200
4368
5710
1352
6314
116
5766
1316
6296
6820
989
4766
6846
289
3605
6265
6476
4729
7721
6713
2013
428
2974
1415
5626
6407
5866
7123
5602
567
4953
2579
7257
1875
6376
4516
2245
1354
7231
3184
1959
7845
4616
329
7172
1318
1933
5302
7838
1234
1656
1660
497
6025
7820
3285
309
5101
7935
558
2138
1415
6136
6282
2580
1838
5368
2188
5728
6605
2108
3177
4586
696
5562
2733
392
3583
6842
4654
4549
3480
7281
5577
7208
2068
2992
105
3802
589
3623
4267
4058
294
3912
1582
5284
45
6360
5235
6943
7104
3789
1621
7815
3009
6994
6675
2262
1729
5976
5004
6377
6847
6877
7364
3030
1497
5032
5158
7178
7053
1419
752
2322
7906
2536
3031
1140
6452
3922
2059
5226
3168
2388
3842
4442
4169
1642
2808
2238
667
723
7247
2738
7670
3827
1793
2088
3548
4404
761
3598
3343
4196
3205
2915
1694
2671
2010
253
4436
7707
3782
6075
925
694
3713
5977
5934
3802
6757
3134
4310
7079
1667
438
4243
6725
5446
6524
3487
4111
4186
1297
3986
1122
798
2957
5703
2562
2770
7152
3220
3737
5166
6871
1159
7793
5436
3964
1825
7177
3055
6760
3219
7971
1434
5179
4546
282
3225
6004
4860
2410
5651
6940
1825
5535
4647
6630
5390
1012
6321
5362
3761
238
3074
991
4357
5053
7869
6052
2784
5551
3984
7361
2848
7624
5354
2019
6187
5802
3588
7331
6378
1334
7065
5914
7951
6477
3812
5718
582
2652
4366
1653
1810
5695
2226
4900
1235
3276
5453
6337
5129
6835
6783
1384
4677
2315
2815
6925
4397
4817
2362
956
5589
5437
7844
6254
348
1951
225
4747
6560
2343
7299
5747
216
6784
4816
338
3803
7369
6182
2310
975
3
3049
4030
4003
3178
1729
1766
784
6002
6570
469
3666
536
2390
3784
2226
2760
3597
3108
6109
6941
5161
7793
840
7048
6802
3349
7652
2359
3464
3611
3489
7076
4243
2108
1164
4358
844
5341
4498
5202
887
1539
2832
3215
5608
1643
6687
1576
3049
5876
4236
486
4074
6721
2956
218
5467
8
5448
7307
7939
656
1275
7799
3431
2967
2402
434
7738
7693
6361
6109
1446
2
5199
6844
1382
4566
4750
3472
1825
7943
6837
4753
4976
7833
4467
482
95
1281
7431
2742
6597
931
6832
6081
5757
2646
74
2113
3865
6825
4904
7197
3725
7024
6578
7696
5857
1874
1051
89
7010
1506
1027
1206
622
2017
2909
6175
1800
5574
1107
3314
7885
5353
3736
5888
396
3888
4121
1605
5639
6815
3281
4763
3182
6604
4968
5375
1307
5543
6007
1802
6180
190
1087
7853
7665
5980
4441
1541
1928
110
6574
1299
1442
4324
2263
6793
6755
1010
2580
6607
7759
5853
5700
3846
3412
2112
5706
2669
1876
3185
5990
7144
867
4159
2050
77
5910
3982
1222
6167
4826
2634
6746
924
976
3108
6230
5557
4390
416
2864
3916
6056
1653
6318
7628
5036
6479
7860
4762
1233
3898
5675
7359
3009
1768
6962
6530
995
461
7248
2754
7401
151
5972
5657
7209
6560
7386
2483
366
3035
3923
4712
6008
2610
6635
7963
1085
2377
4794
2874
2708
7305
1976
7422
4680
5118
1775
603
1068
4680
6452
6969
5782
2619
2424
6186
1274
3623
1475
2774
4935
7931
3659
4256
4008
5334
2647
5679
2314
502
6719
5591
2336
5414
6907
4798
6997
3613
6087
3451
5603
7375
5116
6245
5287
6257
5546
3290
6517
1312
1394
3350
6825
1932
2826
4234
3241
3108
161
4512
4836
5444
7556
866
7726
7955
1046
7708
2726
1126
7059
2441
2982
3919
7380
2909
4717
5891
4427
2978
6951
2142
6178
863
6133
6840
6989
3187
1890
6807
2721
3226
5771
2405
2997
5902
1549
131
1091
4231
311
3349
1578
6925
3250
6859
3958
6724
6503
2354
5922
1714
3396
7751
1000
2061
1707
2692
2255
4645
238
4559
6062
6924
5534
2761
5954
6100
3681
4507
4840
7756
3071
3516
4730
3816
5847
5804
5399
67
4938
2908
780
1381
2152
225
5496
6445
5043
2983
1886
7111
6188
4143
5326
4199
4932
1440
3293
6750
3683
7166
1686
7478
7048
4811
2127
4565
3614
3893
5352
4889
4592
2730
7049
6399
89
3219
854
3594
2447
5880
1031
4467
838
3289
4236
2737
6714
1643
3191
3273
5467
6057
354
1873
6462
5363
2522
4811
299
4890
1176
2978
6409
2101
5789
4994
3402
3652
6986
1418
6569
519
6497
3051
4603
2919
3377
6011
2108
3145
3914
4188
1796
1073
4864
2435
5888
4622
4395
7559
501
3984
4386
7446
6450
7022
6746
5254
5292
7273
878
3736
7770
4729
6078
6793
7674
259
4982
4293
4473
3806
6635
6718
6803
1878
1165
1189
6264
1992
7112
4786
2143
5265
5323
3795
7105
5260
1262
677
6222
628
1393
7736
4756
5465
1224
3565
4344
6795
3317
461
328
3312
2539
7715
6758
3264
4708
3248
6434
5654
5298
5830
422
7012
5667
4582
4926
1304
4467
5360
789
4998
1346
4126
5113
5775
1441
5659
5276
6058
4516
668
5350
2727
6815
3411
857
4997
5086
7019
523
5626
5667
4790
5622
6330
6094
1476
1329
7132
5224
2806
5391
7163
5785
6451
5038
7405
2706
1475
6823
249
3305
2776
2640
7409
7919
5082
7902
4005
4426
4731
1495
7961
4093
7270
484
5405
400
1350
2737
6149
5531
6421
2213
6945
6534
2795
1283
6705
969
1446
1111
1084
7718
281
6898
4579
2037
5235
2876
6731
2619
4281
2967
2822
6692
6673
1525
6755
4482
7276
3599
3670
3278
6570
3900
3389
6576
980
7241
9
3795
3931
5140
153
6558
2147
2798
3290
1664
1349
4702
3386
5024
1171
3176
6830
2477
5116
4775
4504
2170
5861
5995
232
4411
1344
4215
5083
2321
4512
7850
4879
3708
4307
123
2481
3310
1562
140
4023
1435
4368
2444
3145
5003
6843
1008
2256
2444
7478
7895
654
5649
1653
5015
7917
971
5311
3583
3179
869
4329
1496
2415
3672
355
2122
3964
2222
6569
7590
769
4165
117
2820
3092
1440
4754
731
2863
6407
6354
6134
2176
6433
5046
6542
6693
5893
1377
4376
325
2884
3844
6489
6310
2008
5872
6855
6008
5567
5709
1285
5675
5216
5764
721
7982
7676
7585
1493
1468
5024
7385
2187
3434
318
4978
6946
3862
2194
1283
5915
5794
264
4194
3662
1434
2982
7604
539
5619
809
7758
4330
6410
7493
872
3063
5499
58
1228
2364
3781
258
5581
2841
7875
4769
3227
2050
6228
6692
3726
139
5729
792
5035
2705
6962
225
1182
6367
2754
273
1644
7870
4220
5936
7814
1389
6720
2525
3449
280
5991
4463
1028
2317
7875
3224
4042
7252
2193
2584
1442
6303
1637
1442
172
6886
350
5669
4764
3546
1368
6994
3701
3067
7461
2473
2522
7148
6964
2550
963
5132
3070
7010
3349
5957
3380
7116
6527
5107
3792
6421
2223
2871
4988
2524
3029
5381
2694
1668
7531
3023
1938
6765
3370
4390
2840
3803
3504
206
949
1036
3531
6380
4812
7332
5707
359
2981
5724
6630
5606
6569
2388
4679
7518
2368
2880
7792
206
1221
4305
4199
5369
5988
7928
6697
7003
4496
3294
85
1493
7102
5618
5804
5496
4860
810
293
5683
5920
2908
5824
7241
6274
1267
5147
5809
1341
1523
5214
3075
555
5540
4761
1087
1771
7177
3348
5375
2136
3666
27
4638
2762
5443
7966
6918
3848
50
5492
1316
687
2017
4245
4898
1208
3096
6995
657
6053
2836
2333
4467
7477
5553
3024
6783
570
1868
2499
2561
2936
6686
1898
1256
7434
5485
1899
3628
316
6724
7611
1927
3311
259
4470
6016
3629
7300
3428
7798
6827
1619
955
716
1169
1867
209
3543
5665
3367
446
7840
46
5714
7140
971
61
2190
3563
3929
2797
7815
7835
1148
5337
1295
4662
1716
3367
7787
6791
1061
6654
5833
3659
2242
3564
5030
3191
6833
1641
5013
961
1148
6848
1549
3105
1990
7173
6130
7446
1967
4093
1359
468
7297
2391
7874
2099
2021
2468
1518
4594
1064
2623
1426
5051
6856
349
3938
2081
3778
95
388
7450
7219
4333
1679
6543
6946
6908
933
3847
6042
4118
6180
1728
6185
3481
3569
3959
5713
439
3991
6200
3273
479
3943
4960
3465
860
6616
4975
1901
6151
1505
4031
6247
5139
6917
3704
7457
2294
3194
314
4180
510
4865
7693
1154
1543
7165
649
7284
990
7497
3931
4948
5283
7654
3762
5197
5893
881
5434
1782
6234
1824
6959
6869
215
4153
187
2865
4195
2950
934
5154
7157
196
2453
4434
7909
4214
5165
7577
2955
4008
4563
3478
1929
1732
564
7925
2127
6553
1395
7422
4500
2409
5014
5094
116
469
4960
7256
4193
1997
1719
1928
5401
5417
2010
5104
2913
5111
4511
2621
4135
7128
2164
25
7882
3863
7864
1731
4492
6034
5461
2537
5115
4980
4614
3594
7803
700
2060
3622
121
1430
4916
5252
1556
7738
3731
886
3717
6792
2418
2950
6748
3663
6712
4018
7632
643
109
2655
3482
7887
4314
2221
5372
7367
3525
6208
4065
5279
7985
1274
4713
5813
1871
5667
7923
1672
4374
6674
4766
6352
1597
3426
1702
7641
5296
3715
263
4837
2343
1067
1178
7612
6272
1743
3936
2069
6437
5255
256
7447
5602
7753
1726
534
1974
3513
2613
998
2616
3297
3746
4789
2974
6437
7551
3337
1659
3740
5384
4505
3306
2981
2293
7958
275
1347
332
714
3707
1745
4892
4132
7489
7210
2492
3008
4333
5668
3784
537
6211
4162
7721
2352
1003
5223
6659
4941
7142
3665
7312
6216
7533
5411
6211
7880
1142
2576
292
5029
5971
78
7764
5511
542
5610
1868
7475
5656
1572
1477
699
1020
25
812
7988
7124
6364
1765
5987
5972
897
4363
1478
7354
6743
270
3347
1703
3758
3490
7679
2929
4091
5262
2751
4565
2393
4516
6655
3974
550
3099
1807
3369
1631
4118
4616
1118
927
4636
5108
7711
5555
3850
5564
3873
2259
3880
6994
3695
5418
773
3078
7158
7415
4965
6292
6584
3514
7477
4031
6979
6249
562
4394
1387
1196
7190
2226
2147
479
1267
1341
6518
810
7440
2683
130
7508
755
4935
4177
1581
1850
7887
2157
2228
7193
7223
3039
4193
6197
7075
7638
1764
2132
3000
3253
2024
2909
3444
1232
4176
2424
3007
4432
6185
621
1985
7239
3234
6055
2288
2590
2145
1971
4012
4102
1228
1518
1033
7885
7073
3029
5419
720
921
3120
5702
5695
2755
4031
137
1520
2829
3140
910
2125
6542
