6949
5488
5861
7026
1019
3624
1932
921
3731
1225
5500
3569
2779
2919
6923
543
580
4530
7228
6301
3173
4418
4623
4647
6302
6104
5947
2012
2027
1608
5261
875
4684
2155
1398
7024
5019
7564
254
2291
4624
3745
5355
3803
954
3803
3656
2310
7976
5565
3447
4122
88
5462
3778
3348
3341
1614
7639
754
1011
3769
7926
7076
4102
7036
4232
5847
5912
7288
3264
5631
7782
4098
3887
7876
7852
264
2699
6471
286
5759
3121
6460
3581
2226
7278
533
6161
2199
4455
1101
4489
2909
7708
6908
3367
715
1595
5448
1323
1435
4198
7988
3621
7861
399
2596
3331
2212
6699
4387
4133
1117
3622
3547
5537
4707
4633
2690
4581
7177
1407
507
7897
6364
6922
13
3633
35
1032
1608
1551
6270
1370
1935
2588
4037
5343
5963
263
5948
5901
4929
6798
4615
767
7220
2987
1277
974
2158
3917
4674
1233
4669
6099
563
1923
1003
3824
6292
6436
6407
6046
6580
600
146
1634
5600
1622
3523
1840
4410
5955
2602
490
4153
654
1135
423
2158
7666
3494
2705
4377
2566
4827
1619
7771
6302
2289
3828
7192
6666
6281
6994
5834
928
1320
506
7546
2990
3766
4189
862
5852
2749
2800
1383
7313
7721
230
2344
3093
7719
5782
6495
2359
6066
3670
7130
6764
1127
137
7912
2576
7589
1012
129
5820
1888
4858
6522
7933
5516
847
2014
232
1078
1846
7587
4299
5496
6368
7977
1042
5543
5434
333
665
2399
2847
5823
3171
3611
2397
2719
2296
5547
3207
6045
1141
339
526
7768
114
5408
4639
6404
3567
2545
4291
5050
2156
5641
1930
2934
4478
4359
4406
2231
294
1222
3928
480
1334
1778
5656
934
7570
5401
356
2455
7135
7351
2738
5972
3270
7573
732
4693
4333
7212
313
4929
4145
3980
113
1969
7895
5431
5384
6136
3527
3624
5543
3377
620
4703
5509
1424
6790
3819
7394
4390
1038
1955
19
6277
5515
5103
4605
7505
6108
5478
4075
111
4777
7761
1574
5072
957
6265
4744
500
7986
571
2517
629
7820
2063
4575
2947
217
5115
2796
7211
4696
7052
1613
3718
4314
1960
6782
5927
7728
3521
2800
5422
7615
6648
2403
7188
1667
7053
554
2194
6185
6177
7209
5970
5580
7752
1656
5184
488
1058
18
3217
2796
4266
957
3471
5127
1636
2567
4068
7297
3507
7182
1685
245
5845
5489
865
3152
740
1270
5562
6339
2681
462
5553
7047
630
4229
6910
5259
6757
5540
6529
2811
5952
5043
2714
4035
3249
7427
3891
4786
4704
705
863
5458
4183
340
3986
5139
5445
2720
717
2792
1559
86
3834
4390
5010
525
6036
3296
2376
2598
3988
7387
7812
3563
6687
1508
4829
3010
1047
3956
1122
7098
3670
5406
4214
2768
5541
3578
6685
7777
269
2058
1061
3728
6977
3685
1830
7551
2332
424
6482
1397
6523
7892
1224
6569
6087
7720
5003
3051
2849
7822
5758
3698
7236
907
1844
3288
6322
2187
6024
3962
6646
5358
7856
5117
3887
701
5217
2355
2775
5067
911
1363
7946
2163
3197
6650
2591
7102
6295
1568
6134
3141
6120
2045
2663
4866
5377
1919
3429
7952
2818
789
5638
3701
2193
6437
7769
6409
5222
882
5963
7340
767
1832
7851
5139
2112
331
4911
5118
584
2130
3949
7596
7375
7724
3437
1914
7326
814
6677
5628
1195
1011
2134
2903
1128
7706
6191
7781
1053
4769
7207
6404
1247
6052
2630
5264
6842
466
2282
3373
4641
3872
2323
3387
2508
2813
4483
6723
1671
185
3321
3960
1662
193
932
6810
3741
2351
253
2357
602
7133
479
1521
6473
4395
7844
7100
7026
2737
4299
7002
3757
843
1289
1102
3772
645
5550
2368
699
7207
3773
7325
7017
3619
3674
3757
3951
2784
5137
4289
4913
565
1089
4022
98
5910
1083
1163
1990
559
3327
3101
5789
77
4626
6539
420
1514
2167
5905
7556
1028
2329
2173
3985
2714
1171
3771
6269
5512
1138
1834
4435
3378
2784
5014
7623
3656
1647
2360
5056
5185
5744
3965
6815
408
4272
1919
2165
2490
5478
7008
6081
4451
405
6302
3795
3717
6030
1680
4089
7983
3369
904
5297
6961
1858
6633
825
96
7363
4954
3802
5077
2241
3826
283
1046
3682
2136
980
3937
3538
7908
4766
5949
5670
1203
5563
2063
561
5234
6759
4067
3441
3153
3997
4939
5885
399
1
3346
2014
2289
92
6905
3423
4578
6527
2171
1180
2536
7012
3665
3258
2662
4765
701
7876
7967
6422
4820
1756
5415
101
3132
3019
6221
3739
7879
1162
2655
2882
1441
3381
7551
2649
102
49
4776
3024
6734
5446
3889
4754
7026
394
3401
1230
6146
3602
5366
6354
7730
5623
3133
5740
1961
6713
745
3843
77
6795
5748
795
2504
4217
729
4192
1870
4690
6899
4514
1045
3435
5784
6626
3949
5416
5060
3010
142
6827
4382
2669
1081
5051
4031
2084
5182
4592
6661
5365
1798
4908
1499
495
151
2910
5656
5634
1927
5082
6578
1836
6191
3174
6034
5879
6526
3780
1908
673
2880
7567
6047
7332
5019
4540
7302
3924
3738
4093
1239
3525
5151
2844
336
4109
4262
2764
7610
6012
2099
718
5190
563
6700
2707
5121
6308
7829
58
5749
1788
3098
5395
1121
341
3509
6473
2325
4455
1407
852
2905
3451
1147
6240
6523
4828
7187
6751
1681
4310
3967
7374
4716
7389
499
1788
7223
6247
4375
2436
7945
2213
5227
5742
159
4993
5023
5350
4441
1785
5593
1492
1035
2742
6429
153
6998
4574
2003
1375
3798
2413
2133
4095
2416
2157
7197
3492
5027
3390
7020
6151
3519
2983
6702
2745
4915
7591
4041
1304
6052
4685
77
5859
6013
3405
26
868
6784
3823
452
5738
7703
1250
7422
7488
1172
984
1415
2963
1410
4739
7192
1145
7721
2766
3277
2029
5759
4011
5798
3584
4783
6526
1654
3059
5513
1309
793
65
7132
2094
3987
6635
3625
253
3594
3176
1788
2036
6513
5156
166
6280
2319
6045
4611
7814
4741
737
6113
7778
6963
5215
347
5539
7542
3714
2162
1929
3270
798
5381
6163
6008
6416
3082
2777
7277
830
5698
7176
7363
1461
404
1522
3020
5282
3935
4727
5795
1687
988
1358
3569
6773
4721
7467
1305
7222
4328
911
4187
2381
538
6788
5090
6907
2038
7759
6914
6405
2944
2001
5769
5209
7022
5077
5905
6693
2864
6599
1374
2157
3037
1346
697
7525
2229
5643
4660
993
329
7737
1343
6181
2143
3471
7168
4745
6706
782
3597
379
1883
3532
2345
4000
6337
1794
4081
3474
7044
7829
6227
3573
5776
175
7462
6425
4484
7569
3720
5447
1021
2474
5840
5429
7012
7134
842
4099
5942
4402
3927
3373
2213
2745
4484
6488
272
4045
2942
3944
5773
2090
5381
6648
6392
2679
2507
5934
7917
6017
5668
1640
7084
3
4521
801
7050
1865
326
5991
471
7981
92
5794
2342
2086
6414
5427
3751
2309
6820
7416
641
3343
6777
2944
2067
1267
1004
119
3711
5161
792
7171
3412
2892
40
7923
5982
5896
1547
6841
438
5871
4345
6215
5781
1366
7598
2021
7486
937
1282
5145
2971
5553
2184
4444
3313
2812
1495
4292
191
500
4980
3904
2714
1651
3599
1901
3876
5675
331
2298
2804
7475
3088
6299
953
4413
4121
2686
5482
3660
6055
1665
2493
2243
5998
7949
2723
7681
7961
5515
232
3093
7831
3019
261
1605
494
115
7989
4337
1968
2852
872
48
2947
1512
5227
31
5484
2491
6119
7105
121
4611
6088
3664
2772
2888
3242
7624
5000
5923
6584
6055
2349
4327
6401
7955
7059
1573
1737
5182
2172
4572
4854
6873
6776
2886
7268
3366
7089
4995
4810
4070
1088
5972
4504
2172
710
4506
6580
6796
717
5079
5531
3608
4017
7008
7581
2490
6928
2058
4446
4878
5063
3681
5170
3687
1811
7407
5550
3676
6203
6276
4651
4521
1286
6631
7738
3243
1093
2466
1414
4113
1920
2712
4979
545
722
7509
2123
6369
208
1883
5358
2842
246
4118
1831
5951
4812
1313
6303
4266
5788
7825
5362
3698
1513
3579
3401
4879
487
102
6929
2805
1165
7252
1574
6518
3343
7725
6406
7510
4763
5732
1052
3741
3245
7470
1131
2328
4955
3751
5815
786
7465
3060
2256
4349
5322
4077
1256
4019
2854
1985
1181
235
6835
5391
1888
7499
895
7821
3648
7024
2054
1382
2242
3256
7871
117
766
217
7878
6535
332
4682
2559
6993
2688
4623
1206
678
4498
3914
7448
1850
3880
3980
1389
4308
1885
1155
4655
1305
7788
6609
282
2784
1848
3879
4457
7888
1162
2092
6100
1358
4361
4864
1894
7469
4051
7376
1289
4594
7026
4061
1845
5510
5990
256
4115
759
2285
4744
1484
7497
729
5795
1154
1748
49
4830
3166
5929
3150
7540
6287
3122
7618
5341
7980
1179
2238
4656
6657
2214
6705
2845
6342
6706
898
6560
6532
562
1553
5193
746
7900
1125
2869
5082
932
4959
6414
4180
1551
6679
3771
1266
2947
1192
7848
4409
943
534
4120
3966
6898
1795
2828
3664
4403
3139
6301
897
3673
7739
146
31
7391
4976
324
7447
3345
7629
3756
7511
4995
2753
418
3003
7995
2581
6780
3409
2259
7081
732
3845
3175
4113
683
3645
5638
5310
7946
4798
7554
789
6245
4009
3317
438
5060
3765
2421
6853
3908
1083
5260
5904
4249
5397
4584
4935
3420
5817
1830
5934
1226
186
122
1077
4149
3174
5957
860
6075
3334
3715
1667
2709
5862
2619
1206
7001
7098
6417
4444
2705
2432
1316
2497
1076
2259
1566
7937
3001
3608
7838
185
2422
5381
5037
4897
279
7957
3572
7750
2869
7901
6499
4330
7131
2990
5149
4254
2721
7702
7765
2857
4963
4634
1057
1651
2712
6896
792
667
1937
2813
7013
3659
7038
4752
3318
6867
2164
3090
5869
4034
851
3642
1204
622
2068
5048
2658
3926
7693
7306
3268
2390
1967
4590
6218
6022
2496
3461
2975
5961
1708
6480
4426
4644
1676
6888
5175
2452
1641
956
5498
5030
6903
6457
900
3504
7712
5183
3627
4677
4191
5886
6465
5687
3793
7621
137
4933
7864
1856
5841
7120
2076
4020
1427
3814
7295
2581
1822
6218
6495
643
2556
2371
1951
4506
5071
4496
5581
2850
1095
94
2074
1118
4497
1605
6647
6015
7469
3183
3232
3091
6354
7624
3175
462
900
833
6071
5701
4983
3505
4756
6641
7114
2050
91
1368
1735
7036
7585
4472
6339
81
1787
7931
5188
7758
5054
5327
4825
4138
250
357
42
7498
7168
6015
5222
4854
7807
460
6501
1009
2858
2724
4772
2869
4847
7183
3298
3671
493
5041
5713
1089
930
4115
4806
3011
4687
1238
6480
4002
440
3160
7658
3128
7440
520
3906
2827
548
6571
4418
2817
7914
988
5132
7308
3886
142
5104
6068
2529
3865
2856
3883
5559
4306
5544
595
5261
2585
4685
1742
224
4902
19
4358
416
7979
6304
6304
1303
781
4393
6872
6299
609
4677
2806
3641
1031
6293
7488
693
5204
2001
3977
419
4693
2266
7543
6773
7668
7474
7116
4026
5139
3357
1304
2792
320
7587
4987
3707
2466
5643
3605
839
7161
7695
7891
7092
7144
1600
6004
2402
1713
6565
3908
5169
4543
5065
7370
176
2570
6511
2703
7154
2196
3077
2309
3600
2368
2175
55
732
4749
4406
6531
5137
1721
764
2366
815
609
6346
4462
1484
427
6596
7859
4683
6719
1892
4141
5891
1816
4577
7371
5806
2493
1286
5242
4729
1348
3543
3475
4779
7535
6229
5538
6081
7348
7736
2610
5975
4984
29
1575
6162
1411
2272
4055
3029
7721
7035
1580
3088
536
6061
2570
4486
5402
3933
6683
7165
4878
2283
1457
2944
6284
2312
3579
3302
2739
4336
3991
2854
4369
3406
7448
4467
3798
2268
6904
3494
1466
179
5503
5278
2770
1686
4686
5208
992
6024
5900
7811
5986
4092
7432
5344
5058
5722
4045
5575
5917
1635
1740
465
6413
5677
2926
645
1041
2634
2112
917
4218
6460
5099
5630
3568
7703
6849
5675
1508
5641
6923
5096
1764
4106
189
4382
5660
966
2664
2658
6115
6526
6304
6373
4462
6911
2112
7500
3172
3199
7221
3170
4606
2497
5846
4484
1527
7323
6110
2617
5141
4659
2510
6865
2468
1948
6760
4675
5641
6805
5980
7064
1791
5150
1225
6881
624
708
7377
5593
6113
4264
1619
1383
7648
1123
6564
2785
7633
6009
189
4036
7469
588
181
3665
4342
3658
3853
4937
7035
1796
2978
7010
5624
1312
7843
5999
3264
2869
3088
1812
3703
6619
1601
3850
1399
6621
6206
5246
5065
234
4237
1678
1396
6718
756
2362
127
6089
1399
7120
2228
5483
6775
725
3854
3398
5932
4363
7502
2535
7727
4627
4567
6206
4490
2600
3820
5142
417
7703
1126
7524
5238
2160
3180
1794
5463
6201
1719
5502
4241
6476
4327
2511
6867
3289
7009
7343
6659
4542
2715
5865
7509
1402
887
1026
3071
6545
141
2232
4119
7308
7991
4092
648
6068
4238
7214
664
6946
2575
7505
5407
6865
7057
346
5812
6163
7638
682
1262
5836
1344
7131
3235
2051
5698
7588
7814
3483
2489
1909
714
6207
5380
7531
7639
5558
26
3405
1636
4728
541
2372
3920
7964
3636
4829
7406
5839
6477
4450
521
7227
7073
6656
1960
2476
5243
5422
6839
7984
295
5591
1258
5676
2313
3721
857
1443
7316
1077
3812
1085
5202
1033
4012
3486
7141
2204
3009
2719
2541
1552
4059
2154
1639
3890
1504
4124
6410
5007
6097
545
3801
7568
7217
6155
2346
6105
1585
1339
3539
4124
7893
1484
5058
1984
4796
4474
816
5562
1705
5295
6517
3249
1639
6360
2339
3501
839
3496
5848
1910
7210
6806
6688
7430
30
3695
2766
3039
6688
5721
3619
4574
4084
6535
6030
5728
3432
3582
2910
1602
6461
6281
5636
958
77
3698
7329
6273
1392
2704
3030
2676
5923
4669
1828
2276
6274
4769
261
2860
2653
7416
2029
357
841
1053
6805
2420
6458
7005
3957
3572
7308
4520
1871
7515
6763
1993
5407
3451
111
846
5683
5813
6238
4229
3573
7654
5762
1866
3182
3978
4818
6061
3138
4615
3684
687
5791
4683
7422
3798
3560
1349
6460
7821
3028
2960
5869
1601
6620
3937
7012
4947
1105
7331
2659
1619
3070
3452
2249
3614
6198
4191
1228
824
3517
583
6427
5864
1319
2301
1065
1790
2994
4162
3972
1295
1396
1849
3984
4818
3224
5725
6638
290
4223
957
6069
1409
2122
2075
1455
4725
6212
4174
3283
3154
1019
7827
6001
3851
3631
2039
332
2351
6748
1285
7306
7811
1585
5480
2146
7022
1284
2130
7928
3395
2788
4620
7501
551
579
7281
4868
7648
1894
723
1777
5360
509
5924
5351
5
3027
1327
4222
2029
7070
5328
7868
3151
6897
734
3655
7582
5923
7317
5585
3171
4713
1378
6001
5829
3812
6720
6862
543
5978
581
799
7025
2351
730
5614
675
992
479
3655
5617
4519
6291
3021
7980
5910
711
2355
7524
2023
2874
1856
6103
1297
3797
6038
5664
7715
820
3541
1120
2945
6521
7145
4465
6798
6680
4495
6700
7200
2292
6415
655
1353
6672
6850
4516
3008
5055
3790
1503
1785
1768
4195
6803
2457
1764
5262
1903
6116
1334
5957
222
2120
1003
7694
5534
4927
5117
5529
6030
4861
1361
317
7809
6124
3265
631
2779
6942
7468
7662
7164
1475
5244
7960
5989
6885
3357
2376
677
2617
3864
5983
7415
844
2189
3990
5650
5466
930
6079
2026
2537
5817
7977
3283
6231
6190
3476
7594
4453
407
1539
6040
7339
4884
7317
6620
4857
4442
5907
3395
6196
1598
86
6675
4996
1108
7104
5399
4880
7408
241
1248
7500
7730
1840
6348
7626
310
711
3283
3122
1160
5150
4957
1139
5905
6002
1237
1587
2192
3576
493
2312
3581
2355
3598
1221
7590
1126
1623
640
6671
1401
1718
6619
4659
5559
4957
5928
7315
5544
4944
6987
5109
1486
5159
615
2159
6546
1029
3571
964
1595
6647
6322
6212
1334
1574
5864
4645
7367
1672
6179
547
5583
2619
1433
1106
7157
3016
2575
3034
3204
7475
4085
1100
6571
661
890
1499
2268
5091
54
5382
1183
1967
1033
4303
3861
2976
4879
5507
2756
3898
3491
6824
3935
6166
4636
3321
6855
6469
5005
1979
7501
1958
4379
5497
711
3183
1140
1901
1407
2134
1972
4197
1599
2485
7905
75
6844
7105
7161
3800
6965
3808
4923
1231
7243
520
5715
626
5957
7988
2103
5713
58
3643
7966
7121
7840
4701
6665
1066
5201
5391
6912
3779
7807
3273
7183
5035
3124
3387
2706
6856
2961
1305
728
7334
417
3434
7001
2096
1508
7500
5170
3139
306
349
1968
1652
2771
6581
3118
3394
1128
4386
2496
1259
6441
1359
1644
6073
1123
2686
2625
2330
6979
2872
1053
917
1969
5561
4219
5339
1529
2153
2890
2447
1879
4711
4446
7154
3797
1513
7488
2064
1576
559
1396
7236
1927
7097
586
1996
272
5287
5653
4591
3038
5851
7344
6906
7448
249
5876
7861
6726
6192
3102
7952
7638
909
5882
5381
129
7343
5932
5745
5257
2358
601
7300
5160
3418
5757
2241
7489
3589
7823
7787
7395
957
2393
1034
487
1236
1067
7941
5352
1560
5923
57
2544
1810
3151
5156
1524
334
2452
5027
1462
1952
5231
3783
4946
7726
1663
4806
5466
5459
378
4961
4847
6638
2745
635
2481
5803
6053
3842
941
4310
275
1604
2044
4103
1698
5377
4858
4306
1533
5844
6527
3777
3073
3496
1358
565
967
7784
277
833
491
7524
5612
3382
2536
5718
7740
6669
7043
940
7345
6363
5747
4628
4433
2303
5357
5597
2404
5096
6423
2284
6032
26
5263
7000
4899
5418
2436
4327
15
4818
143
951
5726
1945
3244
2109
886
3611
6422
1415
2599
3864
2959
4939
6663
941
4269
4534
6512
2085
5958
5206
513
6608
2025
211
3593
4583
2547
4758
6626
3661
7305
6156
1240
7814
7767
2857
4233
7171
5596
7570
5254
4103
6811
5876
1801
4868
1334
7620
4531
1887
5632
7219
151
2182
3741
5684
2280
7949
6597
3839
5221
5240
5531
5845
2320
920
365
4706
202
4149
4818
3622
5040
182
7331
535
2078
2739
2193
979
5008
5095
6439
595
910
5198
6357
1383
6080
6098
3053
5394
6494
7539
1992
3151
6625
4006
6521
6567
4729
1525
2214
2356
1165
7882
2200
4691
411
3154
2111
1727
3526
4078
1578
7572
2476
5768
6182
5783
5290
1626
6402
7507
1917
6003
776
5877
4191
744
7445
3226
5566
3268
2399
7486
2131
4483
4565
3354
2192
6936
1926
6293
2465
1439
4410
5408
5615
2367
2872
4542
953
730
441
3722
379
4225
6649
7147
195
6632
1206
7109
5415
7934
4914
3892
2823
1456
977
6283
4337
643
332
6509
957
756
1154
1106
5885
2008
239
1567
1010
1858
7761
5518
3754
4856
3550
2033
2162
5344
6735
6712
5497
5897
1215
725
1703
6506
7734
685
6826
2912
3280
4683
577
1895
1151
7196
5352
5674
4037
7508
343
1661
5718
7560
5239
3962
4268
6976
1975
4402
6167
2059
3179
1921
5439
7051
3157
3369
1378
169
488
1452
733
7213
815
7738
7391
3018
7396
6997
7537
4804
5473
5571
7587
4398
4587
656
4332
6520
4713
1649
7505
6019
3839
6526
671
1507
7057
1156
3445
5535
4088
943
6406
277
6532
6742
1624
3150
5030
6068
602
572
713
6288
7155
2578
1393
1711
1862
2797
3786
3434
5633
4682
6946
4272
4500
1499
4772
2917
5218
5744
5192
939
1942
7236
3107
5250
5544
3225
72
4266
4346
7783
7574
7298
4698
1104
2935
7768
5523
5501
321
1657
2191
7651
4651
1402
3730
6122
2567
7849
4079
2910
3127
7556
3756
5831
3198
5529
1367
7738
4588
1327
5285
6826
1517
4692
613
7553
38
3030
3757
6301
3565
3696
1754
89
3871
3620
6610
2600
405
1526
5901
1143
6646
6422
7829
1915
335
4327
7708
5290
6386
6084
6801
7510
4048
1786
5963
7355
4702
4123
4987
4292
1304
7615
3865
5041
1745
5338
4055
4384
554
1112
1944
2634
3904
7979
6707
2621
3187
1030
7435
5705
4918
4742
6511
5012
6026
3159
4603
4428
2649
3774
7092
852
3377
7659
3086
4951
4056
1307
5519
5544
1751
7534
1476
6400
6809
2499
1278
1334
7574
4120
2095
5074
4142
4631
1034
3062
1885
3372
6740
7637
3155
145
6491
3067
3631
2491
307
3808
5929
5369
7798
5452
4293
2331
4715
1222
2568
6514
7654
7529
44
2979
2022
3254
2518
5452
5383
2712
7458
5937
6710
2635
3045
3530
4155
2808
4303
2988
2360
7019
7519
1923
1837
957
4175
2417
3263
4243
2775
1649
3082
2565
271
2125
3648
4639
6972
6823
2585
870
6961
6496
1200
3416
3272
2392
7518
4059
1375
2004
2670
4955
3403
1158
310
1597
5183
5263
7276
6774
4404
4867
4542
4189
4425
6447
456
532
1888
237
457
7052
3376
3875
6690
6471
6652
606
6373
6163
7669
2187
6984
323
7517
5979
2523
7143
5710
3382
3307
2129
6595
3156
7882
6238
2605
5116
1093
6442
2783
7058
4412
4669
6904
4594
2936
1503
626
7
1168
645
628
6851
3313
7050
1679
5066
2249
564
3233
2054
3363
556
4100
4050
1777
4808
2506
3053
5300
643
7166
2085
2731
2020
3688
7150
2187
6881
2569
3069
7382
4756
4606
4977
4892
266
4044
1583
1863
4258
5909
1943
1928
5129
4799
3871
7138
1584
4817
2430
3166
2969
5652
749
7018
2308
4200
3974
5190
3599
7124
2364
5538
4528
7450
546
2581
7461
6318
7146
2624
4757
7195
3638
3613
5186
3761
5778
7663
4302
2475
322
7413
892
2338
6915
4371
4748
6923
7202
6124
5746
3895
863
6289
2772
7499
2462
5813
1763
7857
4436
6265
1343
4788
1652
7075
7531
4795
1697
3566
1449
6985
5611
6639
4013
6734
1728
351
466
3967
3255
3302
249
6143
5277
2544
636
4329
6127
1497
6804
4659
3829
3277
3860
5742
5217
7746
1900
6769
2720
5110
7471
546
2492
6934
2283
7488
1693
7806
1382
7616
2204
1585
6170
6365
330
4132
6946
2265
476
826
9
4746
7870
4783
6875
7195
4184
6500
2051
5361
4305
467
3523
6576
516
6255
1469
744
4380
4538
2226
602
3408
1864
5047
3335
6395
6896
4830
4465
2972
1786
5396
6422
2576
4330
868
7270
1157
6102
2881
6169
2953
7119
3782
7109
2518
7393
2342
5659
3409
1157
2195
6651
6910
4655
6848
6138
3031
3467
6881
1623
3523
624
7026
1128
151
5318
3625
7483
5574
5099
3938
5438
4587
5640
1278
1922
4078
7260
6948
1307
5289
124
2934
5859
3127
2241
2427
5216
7695
3608
7282
7098
1232
2275
177
7942
3239
7159
1120
3526
3730
6037
7968
6192
832
4955
46
137
4866
7849
6657
7185
6713
1311
6310
7862
6605
1901
1354
4704
4432
5427
6773
3961
4698
3739
787
2325
3410
1685
866
308
5236
7300
3503
6791
2047
7448
1230
5019
7261
483
4750
2623
860
3102
1428
4193
7650
3506
1980
6636
2643
5913
826
2832
1589
6536
4053
5815
1882
7891
4740
1611
381
5147
6084
5946
6243
4904
2624
2883
6678
1306
785
4420
2709
5619
7764
5700
5319
7765
1982
2477
845
5354
5231
2297
2173
3780
5014
5304
3642
3799
139
7887
5490
1452
5040
6736
6633
1431
3852
685
4740
1316
3929
3652
7918
3922
3150
7327
3902
3093
349
3002
407
7306
2222
1864
1632
5664
3919
731
1369
1755
7811
4301
3726
4555
4827
7325
6299
4710
1836
7813
7396
3688
7640
938
5017
5467
1397
2645
6516
6172
6465
2149
1180
3565
7084
4050
2960
2956
1572
6873
2719
4034
7332
1050
6090
1660
2034
3846
1509
2225
509
7070
463
6779
5190
3691
538
5702
4332
302
405
6714
1739
3554
5129
6930
6547
7109
4449
4969
1806
1713
6787
66
4442
2313
276
5171
5533
395
4208
2885
6848
3735
5844
602
6221
2834
1485
5026
6127
1365
2968
7850
3848
1849
1280
2307
2699
4884
2962
406
7520
1772
697
7760
4587
7210
3109
7952
1873
6698
2750
2799
6164
6352
5846
3556
4554
655
7871
820
6030
2555
4085
3413
4455
5183
2747
3332
2087
1650
1278
1033
3725
6440
3420
3715
5366
5896
6954
6675
6759
4899
269
6896
4965
7123
304
2934
6470
390
383
789
756
474
1744
2247
7320
2223
6817
4173
528
3636
7462
2046
5555
6220
7381
6269
5799
658
1311
2231
2868
3109
6055
5698
573
7994
283
2871
4790
3195
6763
6693
3998
990
5632
6097
4434
1861
3382
5618
5413
5684
3806
3698
1224
7577
5692
1257
6166
918
2808
1084
6243
2197
7506
6854
4417
3833
5768
2861
3874
110
441
151
4019
2330
3181
3883
6189
3484
6387
1249
1750
1851
1089
7622
3730
1439
6695
631
6804
4509
4875
7821
1907
6145
1207
333
3303
227
904
4910
7349
2209
5677
7972
6328
3759
6570
4021
1621
903
1804
6750
4470
7621
4942
3453
5500
5201
3941
5111
4716
985
2108
5291
2473
7639
6472
3490
3076
378
2907
1381
4512
482
3313
6563
1871
3674
2613
1109
4543
7345
5743
2553
4874
7922
161
3194
110
2567
1935
4606
7485
354
1367
6032
3283
5952
6177
1327
7316
4781
6707
3100
1676
189
5362
1526
4349
5882
373
152
2009
6376
5000
3588
5895
1837
5297
1147
6999
3183
6995
383
6476
2411
5275
6829
4809
7628
7928
5679
2671
4958
5651
496
2812
4272
4611
135
1218
3267
7286
2931
6030
1671
1033
3305
5528
6014
1000
7204
881
5532
7745
4825
118
1898
3944
7269
2872
5707
864
372
7047
7186
2767
2931
7496
4102
3178
2802
7555
1138
2092
6245
5034
2038
1697
4669
4694
3806
5565
6961
5826
1495
5935
2596
2572
6862
7649
1610
3772
7856
7328
7509
2253
7284
5233
6668
7286
3335
4360
77
1548
43
5395
7850
5571
1612
2686
183
4235
4942
4463
6870
3981
4855
1915
6602
5456
4307
2415
5242
6890
1314
6897
4116
7926
5663
3626
1109
2118
1820
2501
2770
4909
3995
6916
5560
2978
6498
5678
4744
3535
3904
4618
3360
6884
3060
2108
826
2921
5440
4384
6419
3100
5609
5694
88
5779
6769
3498
1622
3349
7415
4180
1290
5532
5126
3603
3330
7119
3054
2729
203
5423
4473
7310
4955
2224
7884
2589
6158
4436
2582
3311
4590
3412
4123
6748
6869
3779
5692
4479
4456
3450
5336
586
7134
6353
6227
2793
5666
4497
6661
7029
313
7243
6726
6056
3689
6860
2136
6974
5362
7248
5109
3386
4319
7606
3481
4842
7997
7872
4493
2719
6730
2505
3017
6648
7119
6005
6073
5147
4757
3549
5858
5275
1101
7346
6072
7111
1756
3586
5634
104
5517
3803
480
4530
7284
740
6513
2910
639
561
7213
3919
4522
3917
4856
32
5610
353
2548
7857
4309
5714
5503
6845
2184
6112
2288
1945
469
2787
5001
2347
1706
5589
2351
2965
6245
1775
419
4366
429
5344
6662
2090
274
4457
4883
6882
6882
1458
2190
7145
3706
4762
2958
5049
3134
4297
7652
4620
7383
524
595
106
2385
6578
223
4419
6789
2989
6548
6024
3510
2759
7
5550
4407
2221
1590
2437
3941
7073
4405
1039
5798
622
3946
4484
5574
464
5780
5454
4336
745
4944
5302
549
2590
2376
5204
2355
6831
7193
5404
3029
1869
7807
4543
7303
1800
7267
3135
5542
7434
1749
3682
5584
5433
4072
4393
6263
782
4043
586
3473
3092
397
3544
1860
7725
3381
7651
4674
7200
5482
523
7929
5547
7508
6365
4293
4797
3444
7120
631
5060
844
1201
2703
2281
3678
2172
1549
3954
2824
783
5705
4666
2496
2736
7195
2508
6287
1712
7769
7274
7899
2830
499
4093
5641
5558
4865
780
109
7589
5540
6677
1060
3897
2142
7163
759
5311
3268
1882
2008
4071
255
1914
1163
3801
5431
6168
2659
795
2191
6740
3783
4901
6599
7824
7121
878
7282
4762
7559
7172
3455
3193
3284
6246
2936
691
825
7106
3247
4624
6090
4804
2855
6436
6249
2082
1838
2748
1266
3934
7220
3300
821
7547
7676
2670
6588
45
988
478
2612
1359
2810
3576
369
27
6702
1048
68
7470
5519
4617
4250
1323
1500
5404
1506
5619
5665
270
3575
4049
1198
6828
4021
3932
84
2512
6466
3831
3752
2859
1465
5741
3481
5979
3045
7188
6660
7737
7093
3938
2889
4924
6916
3431
6032
7557
1989
6502
5440
1779
3052
6336
1498
818
892
4216
6756
4303
6759
4421
1279
5037
6214
1647
2633
5384
154
127
7504
5455
5373
6411
2772
7844
2230
5032
672
843
5653
4119
5553
1307
7085
2609
1622
1791
6642
6138
342
6550
7830
2734
3511
5355
5798
3331
3591
4963
5862
5263
5033
5297
5372
7165
7745
1140
6196
5445
493
1093
2340
2183
4508
940
1546
7559
6905
5671
563
2640
4089
6724
1037
4023
7725
777
7848
1107
7616
3312
4086
6462
266
1465
5383
6724
6933
4849
6512
3394
2720
4784
3035
5097
5895
4495
2863
2143
3342
5713
1519
3794
7495
4911
21
2081
5964
6069
1167
1298
3616
1327
1779
1118
4266
1028
4928
1692
2952
5235
2833
2124
5331
6717
3505
3645
3565
3216
3857
5208
5470
7390
177
2838
691
7706
7295
808
4795
5452
758
4861
595
5242
7443
4592
6005
2886
3117
6111
7227
3742
4609
4297
4944
5543
2604
6988
7589
6416
1728
427
4499
3015
1921
2763
7842
6886
692
1952
1645
5595
73
2353
2531
2080
1159
3160
1428
722
6487
6920
6230
7276
6900
445
2029
7413
7798
6513
6595
249
5731
5962
3077
7256
7502
4798
1617
4970
777
1727
5699
332
3766
6871
2926
7272
4752
3474
3441
762
2955
3322
3749
7718
1082
1914
