2475
5026
2717
5806
246
7182
2152
4307
3485
7095
1621
2253
492
3530
1814
4264
916
3900
851
6059
7521
3243
1120
1335
4548
5532
3098
3960
1762
309
2939
6733
2037
7568
6127
2889
6740
1476
2344
5221
594
6579
6049
3898
3521
905
6812
14
6421
4603
7350
1613
4988
6268
4755
1629
1967
7382
6843
2055
4992
5536
5371
4170
2764
7221
7908
1093
6910
6727
6258
7196
3187
6885
5898
1358
635
6601
4141
5820
7616
7373
7754
2556
3369
5827
7741
5957
3416
4790
5927
5123
4910
3012
813
4125
4592
3650
6786
7429
2012
1013
7310
5979
5412
4884
6477
5852
405
7764
6078
7192
5076
1490
1567
2438
6986
778
7831
6079
2180
5546
2292
4115
3434
7183
5573
2140
4086
3775
6600
1254
5800
5343
764
7565
52
2847
1818
7007
4072
5899
4275
7211
4863
5327
3134
5855
7153
5012
3308
3968
4798
3778
2963
1063
4101
6639
2498
4603
6780
7234
5754
6450
7594
4253
2261
2322
5922
2201
3712
799
4025
593
1203
2521
1558
723
2842
1053
6124
755
1637
3337
186
2085
7476
3497
3805
6266
1977
3982
7069
4433
5356
744
6558
5667
86
4600
7557
2982
6265
1494
2280
6548
3891
1343
2365
2871
516
1855
4303
6061
4532
7364
5462
6489
6900
4367
6997
4587
6326
3733
3302
6104
4121
5303
1894
5464
7366
3792
3172
642
6094
4682
1957
5655
7393
5988
4233
2611
1116
6601
5675
5632
3186
4268
4726
6293
7492
4877
4007
982
3763
7842
7699
7163
1269
218
7626
7847
4635
2896
4754
7791
5192
6963
4702
6476
4320
3538
101
3284
945
4890
340
5736
4201
4937
7559
6424
1401
5681
6473
1910
3198
4733
749
7391
6906
2149
2879
5236
1314
7790
6473
3092
5005
2155
3984
2838
2543
1929
596
1008
6349
7131
3375
5628
4881
1833
4186
4151
1660
7769
7383
3816
5478
4225
4346
6870
3376
3153
4755
4965
835
6317
4467
1455
1470
5184
6729
430
4817
923
3925
5236
3030
6993
4405
1280
5094
4608
3079
5606
2288
6031
2575
7070
2659
468
5675
3985
1640
4387
5759
4387
4607
929
2181
1208
2117
1352
3128
4290
3393
2518
5274
5746
1854
2127
245
4820
4305
7542
7291
4034
1499
5508
6874
7178
2082
4530
1703
2695
7344
5291
4261
2469
4608
7158
1876
3552
2019
2824
2157
1965
7637
5032
2211
6297
707
7786
6463
4272
6678
7099
5655
6886
5999
5003
2751
7282
2679
4544
6912
5463
6624
6091
6058
5246
3179
3791
3865
3247
742
5943
1317
6224
2946
7417
6103
6815
2063
5174
2420
7447
7741
5745
494
5713
840
6829
27
599
5693
5710
620
4565
5627
1308
4070
1404
586
1077
4603
468
816
2983
5610
4172
3651
3874
4395
7354
3985
1640
3872
3477
2067
7282
5927
7113
2018
1977
611
901
3896
2538
6377
971
1147
6763
4084
6803
2563
2894
7977
5238
3305
157
4808
6305
7168
7661
2366
7482
4200
4629
4915
7017
1196
2232
259
5173
4242
766
5314
7384
2627
3021
5992
2301
1243
6662
3819
2585
2659
6150
34
1808
5725
6240
5077
1481
1905
3755
3135
6080
1970
1471
3118
3956
1474
1269
120
1077
675
5947
1581
6664
7005
4349
4545
3545
5920
159
2702
5069
538
4344
7219
2883
10
6982
5259
2162
2531
4549
4528
7312
5156
5858
7773
1465
2305
3365
7793
4054
3921
2215
3573
6757
1334
6552
5361
2910
7859
6835
1364
1103
4891
4026
4844
6882
4643
4276
4216
6358
1270
6049
3989
50
7887
1917
2050
4154
5846
6206
5961
5200
6316
6162
4896
6900
6458
5112
4190
5268
1879
3487
2545
724
7099
372
3145
7663
4478
2181
6055
5129
3615
6176
1154
7654
1980
5029
2366
2738
7876
3218
3275
7988
3752
1981
6327
1478
3973
5264
4408
1413
1237
4312
5293
2918
2086
963
898
6709
6671
7228
4566
5701
7065
3454
4414
7367
662
4810
4674
4051
1821
2386
4951
3400
3022
2358
6675
2351
3338
3618
939
2299
3576
6238
3738
3414
6223
647
5857
5581
6560
5333
7566
2717
2107
7076
1226
2169
1066
7732
1876
2490
5197
2292
1118
6526
6864
4497
2221
643
5944
6599
7623
6228
2558
5242
7928
5598
4846
5913
7526
651
2184
5252
2759
387
473
1779
5818
2610
1772
7990
2010
2565
5709
4058
6388
5779
6116
3818
4717
5991
2882
6544
4389
4814
4988
4428
4328
3909
5113
5574
555
7149
6329
441
2386
3110
5672
7350
3988
5307
2802
2878
2808
2314
6793
7617
4122
2613
143
607
5869
5269
6882
7783
5226
2312
1021
4794
4759
1710
7220
4733
3392
2800
5034
2888
7556
6472
4082
430
5033
2389
348
2444
4339
7878
7746
7742
7644
4122
5694
493
1861
6386
379
6381
7857
1288
256
4284
2793
1004
7774
88
7644
2394
5492
1300
7507
902
4560
6589
2424
4745
5442
3919
6231
4868
752
2598
7437
5574
200
5509
6133
886
7147
1890
4261
3176
462
2766
3482
2742
6265
5791
1385
3052
1711
5000
5065
6367
5275
3630
3327
1173
4633
5593
222
4919
2085
5530
7361
2228
230
361
6679
2450
787
4383
4918
3293
681
6030
331
4601
7219
3909
5495
3115
645
4857
2897
6707
7410
3144
4073
7703
3616
6968
2772
2153
521
6648
814
5825
732
964
6545
4213
7354
2186
3574
7259
528
3804
3889
5786
4037
6487
2334
4856
1041
7991
5196
3996
7513
7436
4806
3523
1986
4452
7154
7946
6992
1782
3046
7824
5022
6680
7912
5687
4372
6694
5404
5970
7845
3855
4342
466
3460
7213
5058
6494
2469
6035
6724
2458
3897
3766
5420
3552
7758
1391
5282
1460
6324
7735
3060
5490
2345
3027
6311
734
2533
6432
4323
412
2031
7663
3114
982
2492
6024
5041
386
2128
6225
5859
7200
95
6251
7618
54
705
7038
3892
5519
160
2428
7807
3875
4753
7791
6698
3639
355
4293
6814
6208
372
7770
1821
3787
3255
3609
2133
6828
46
5323
7487
2326
7170
1071
1851
6621
6454
6720
4079
2371
775
4908
2032
1899
4165
3814
5611
6242
5535
1659
7816
6984
6749
2350
6165
1884
5138
4180
5037
4324
2389
3306
5306
6947
160
7519
904
5557
3583
4639
7206
5344
2180
6438
344
5781
5805
5101
713
78
6021
3405
6224
4723
6940
732
991
6296
2403
2654
6934
170
1968
5950
1385
7930
349
2403
276
1422
2739
4736
3950
6194
150
1148
4634
4640
7685
4357
13
3926
3778
4425
4173
6965
6902
1203
7060
382
4765
170
6979
660
5864
168
4443
4653
309
6791
4944
5266
4946
6274
5094
1361
4274
5643
6001
6584
7798
6336
6451
5002
7504
7747
4140
7724
7996
5387
8000
1169
4611
6317
4831
6515
1596
7404
1591
7099
4988
1016
261
3156
2152
4572
107
1110
2510
7133
1268
7163
4962
2008
5479
4298
3418
6769
3516
6674
3410
785
4342
202
7357
5043
2435
4837
4737
6750
811
1283
4841
6379
1171
4970
6597
7426
7222
6604
4233
4659
3768
6641
5210
4134
5817
2733
5183
2073
7945
2161
4676
2451
3518
5587
2775
2662
6368
1521
1698
2599
2585
250
7934
3180
1014
6065
5183
4360
6133
247
7112
2963
2422
5141
3163
1118
1343
218
273
1626
5958
211
3365
6031
1253
2838
3163
589
2471
7519
643
2770
2897
6476
6341
3316
2197
2925
3514
4618
7685
447
5818
6349
5983
7047
2666
1970
6179
2063
4784
4900
2921
1950
3980
5628
7622
3191
2366
6496
4304
7932
1293
2037
7973
5630
1086
6847
6539
4529
551
5002
5866
6209
3202
7583
3126
6859
567
7446
5388
2258
5693
1774
5626
4352
2842
7901
4266
7708
4445
7722
2648
7418
5157
3511
4862
942
109
3498
1916
221
3185
7178
7358
3641
6711
7470
6980
3884
1493
4512
2097
3143
5737
6106
4529
6092
7919
3498
3751
2146
820
5868
4847
1871
7829
4632
4667
7234
4250
1673
3895
5555
5638
4665
2340
5131
6282
5207
4854
6304
6476
6767
4380
3041
7705
1939
7564
1299
2084
3357
4332
7753
5498
2859
3760
855
3813
2950
1203
2113
89
7259
4804
2313
3002
583
6361
6129
2140
3934
7733
4611
3735
142
4178
2064
3160
3826
3241
2938
5602
117
968
4907
950
6539
7599
7404
4689
5648
7546
7116
1266
1722
5988
567
1350
5070
7135
5790
38
3552
4364
1098
932
707
2315
2854
232
3807
5196
451
7497
3375
4947
1230
5011
6051
2551
7649
4032
5447
7639
4617
212
5390
307
5492
7605
5475
1346
3703
440
921
2840
7625
6718
3854
7208
4245
2845
1735
5954
1661
6395
781
106
297
4110
7814
4954
5477
3414
1504
716
7817
3098
766
1481
6802
127
6793
1142
1782
3571
4192
6100
1891
7954
1119
5825
3569
1872
505
5404
3654
4409
6864
619
3242
2484
3155
4272
6922
1498
2123
5322
102
2186
7266
6849
7709
2180
3718
3722
4319
439
2283
5298
6918
1198
6556
6030
4467
2053
5333
6857
1051
7554
7706
270
7324
4444
5086
257
3219
2535
4985
1020
3905
1428
1809
2236
5729
2055
1822
2064
1286
1922
1125
3489
3194
802
6617
5270
839
6249
6817
6374
1558
1587
3950
1023
3885
3950
3964
2703
1096
5264
6772
1952
2938
2235
7415
3951
7382
5323
311
4307
4578
4605
6348
6318
6592
340
6462
1079
2874
759
165
190
4163
5786
2694
164
165
1759
6672
4677
1277
3474
1833
5504
3750
7399
5698
6601
4509
5741
5078
5074
6892
6543
1390
2767
7112
2333
5029
4600
6356
3334
6177
6961
5854
2989
5456
3106
2461
7901
4377
6314
2302
6364
7462
3559
7696
2878
6026
1160
4571
6401
5207
4068
3956
5754
1165
1724
7493
6273
5843
3926
2570
930
5195
4072
7777
2430
6503
900
2258
6697
3301
1306
1297
1084
2443
6088
2686
2736
4290
3067
6927
6348
2066
4975
1682
4242
6670
4417
591
7095
4409
329
3332
3828
6928
2906
4537
3673
4791
1345
5888
1130
7529
6577
3086
5644
6828
279
964
6239
6221
6252
1786
7538
1393
4636
6033
7637
2424
4680
5033
6041
959
5756
2900
7457
2372
736
194
245
6650
7936
5377
6705
1431
6706
7841
4687
4614
6843
5110
4921
6142
3501
3785
5937
6477
5743
7732
2557
3967
3429
6211
790
141
920
7333
161
1830
1508
5939
6947
2672
1664
137
1405
2399
1572
7528
4764
5759
4231
2667
2865
3158
1159
204
7217
995
3667
771
2135
663
2920
4120
1857
5487
2624
795
3993
6051
6994
7899
5637
7797
3266
4289
4080
3915
6795
7973
5875
190
1155
7622
5455
4950
6851
95
1249
5653
3915
1134
2660
5170
4071
7426
5895
4003
2473
4217
225
7520
2423
5041
6234
5074
348
7843
5611
6977
6154
1109
175
3155
7794
4742
4208
1660
5501
2200
7968
1502
4343
1388
5958
5064
2124
385
5129
1489
7671
643
5098
2856
3819
6939
7779
5821
5942
4603
1579
5946
4986
7487
5978
6021
7434
2269
1501
1310
2662
6081
5795
6175
5968
5783
3667
5399
4235
6199
6652
6882
1500
3515
4500
4900
3193
3236
49
2616
2204
4634
5157
4527
7731
3492
5986
5056
3764
7626
5515
3309
2660
7779
4612
4902
6232
1891
966
7395
6029
3798
7672
1458
4724
4777
6888
2116
2898
7069
7430
6382
4414
3645
5997
7411
4307
7758
2364
4244
6737
7256
1034
5926
6551
560
5967
3957
2560
6926
7218
5758
2459
5808
3224
4887
4706
1864
3255
1204
7959
6610
7844
5916
5681
6127
5156
7693
1843
5664
5827
3096
2397
2009
3940
1958
594
6890
6989
4465
5748
7710
233
2220
1599
1497
6455
7141
3152
3617
7618
3806
7406
6
7010
3180
7896
7131
1891
7553
2147
2734
6091
581
7779
1207
4772
413
2044
4068
298
1517
4934
5968
1746
897
4052
7511
6545
3528
7288
3073
7574
2586
2634
859
3975
5647
6727
827
7811
2970
6848
3577
122
2124
2173
7704
7566
948
1829
7752
3110
6025
4694
4969
2387
6776
1578
3895
2832
4589
4617
7857
1454
2948
6403
3102
4613
7595
6851
2532
42
5059
5715
3877
1469
4726
5673
5684
1869
7688
1112
2379
6821
5962
2132
382
5979
190
3219
7217
5617
298
7835
5049
6207
3190
5617
7919
3511
2880
1466
7082
6966
5746
3869
7759
7047
3272
1407
4360
4491
1225
5591
6817
3992
3415
1682
2404
2153
4046
314
4561
410
1059
3507
4304
3486
20
6543
4589
926
2310
6741
7206
7772
4385
1975
79
2316
3027
2338
1937
3833
3390
5732
1236
5742
1126
3964
4913
1334
7836
4387
577
6556
21
7673
2083
5676
2444
2581
3082
7259
951
4241
5884
7625
7776
6910
226
623
2663
2409
3108
1444
5805
2859
228
2719
6674
294
6765
5145
744
2221
7298
2013
1372
4049
6527
2450
7773
5023
7081
3856
4381
1331
4915
4445
7153
6796
6740
2514
2479
6934
4704
5209
6029
3170
2352
4458
3083
6304
4348
7190
3995
6649
121
821
7178
2211
4234
984
3973
1598
6804
180
2955
3507
5034
7117
7409
7423
7474
5926
5703
1333
3791
613
1551
5666
7694
5348
3912
6147
3375
4079
36
2596
1734
3125
5144
1139
3592
1203
5752
7671
4469
1036
5859
6840
2381
6370
3321
7704
535
1825
7146
4632
2530
7754
7788
354
1471
2191
7146
5470
3852
6035
275
7995
3505
7897
3671
7127
7058
853
3724
1206
4527
4059
4264
4028
669
3257
414
1926
3909
5756
4468
6153
7201
481
4122
1280
5934
899
5139
1386
5126
2101
4222
4912
246
1047
3061
20
1285
1109
7467
1925
3034
3112
5805
7308
940
1794
4653
2526
1647
5217
2931
3757
4909
743
1601
2105
7844
7091
1678
2288
4733
7068
4593
1583
2198
4810
5137
1228
4705
1197
51
1535
4571
3185
4004
2860
7490
1860
5251
4256
2766
7957
5272
7079
6418
2221
2426
3330
2330
1332
3635
625
7664
6340
4389
1690
2048
6065
1665
5503
883
723
7206
1063
7927
4400
3979
3843
575
6461
4388
7448
1257
6698
6913
4234
6804
3898
6090
1420
4779
6227
132
6357
6788
6313
5408
3126
4433
2386
4494
845
6256
4872
4093
4831
7513
6657
3574
17
7363
3275
6381
5919
7310
7505
6856
2940
4089
5752
2080
5982
7984
5885
3330
1042
3684
3589
2706
269
2420
7874
1398
2578
7519
6542
7183
6526
4775
4272
4514
2503
1181
7602
2001
2854
774
2564
747
7649
7440
7952
4025
685
5260
2576
5065
3019
4258
29
4294
3813
3680
2873
3256
2384
2134
286
7449
3249
1591
5954
597
4124
3633
5476
4681
6340
3562
5564
3491
6775
2166
7761
6521
5493
407
1893
4933
1103
6670
384
1098
7385
1410
858
2696
2992
375
4064
2561
5467
7602
6768
6144
4391
4271
3931
443
5590
1864
6530
1441
3352
2196
1003
7941
3176
1818
3338
6884
3184
7262
7538
2237
5873
5147
1858
131
4482
6594
1845
816
4079
7695
7944
1371
6854
2732
3586
6053
2999
7005
595
1969
2123
5760
727
3403
1731
3235
1371
7360
3124
798
1827
7135
6773
3240
6199
5029
369
6523
2976
4853
386
908
3906
369
414
6414
3763
828
7050
1382
1913
3547
6591
2645
3551
644
2083
7056
5173
6219
2441
6912
4568
3200
3936
1128
657
3921
7659
683
1059
5131
7606
161
1603
6130
2600
36
3773
3714
4636
3893
6555
5075
1196
2131
6214
6049
6595
1556
4281
6808
86
6626
1960
6094
152
3388
3461
827
7313
475
7200
1622
4347
1233
1827
3922
6846
4765
2183
7533
4384
7158
3508
6981
7302
7276
1699
3846
2104
2512
6578
3277
5172
4666
6635
3792
4452
7767
1781
586
5454
5769
1010
106
4939
1014
4094
1629
2829
6409
1121
3584
4644
6483
3195
1888
6024
6671
7458
6969
6697
370
2666
5890
6740
4794
6900
3602
7191
3950
7253
6405
2644
3517
659
180
3349
998
3614
6930
6707
4359
1073
2604
7633
2168
1532
5220
559
4517
5689
6225
6477
2019
2351
2079
1947
1302
685
4231
3116
5839
3526
2376
6037
7558
4285
1110
625
2640
1662
6524
4956
5347
1873
2031
6365
5079
1046
3003
934
5821
2117
7383
1914
467
7104
4412
4170
523
2065
4782
5541
3868
241
81
4347
1155
3972
2149
7323
7499
5975
5853
4545
4856
6808
2691
2649
2972
7196
5264
424
413
4558
7480
4391
4504
2810
1030
4888
684
6762
7454
6629
1819
5669
4266
3509
4028
3865
5212
1216
6736
7546
4142
2205
2373
2359
973
4985
1885
6052
1213
202
5485
5001
1968
2696
4744
5041
4259
3584
7318
6459
944
3204
2458
6137
5704
2181
4548
3354
5406
4183
7640
3983
1434
1193
7382
6548
6203
6406
218
600
5448
1085
6216
4847
4920
2601
2978
6932
5896
40
107
1770
2443
7372
3312
7369
7998
2711
4343
4496
6355
3228
3525
3513
521
3242
5277
3800
3791
1954
1474
4701
6622
3577
4684
1040
903
3758
3090
1974
3071
3000
6291
1396
572
6616
5038
1933
7318
4348
3315
2544
6265
590
6349
525
7236
2277
4500
6652
2028
6842
842
3085
3741
5957
6626
3926
3390
2797
4803
4902
489
1127
2738
1380
6519
479
204
3572
7509
1897
1290
6571
1572
6290
7056
345
7194
7559
2624
2154
1546
6922
5103
5050
5433
5151
4646
1414
6820
1423
89
2780
211
4702
1288
1869
1765
1454
6999
6260
5006
3383
20
7291
6211
3702
2527
5418
5471
1068
5363
6548
2438
5957
6847
2178
4202
85
3196
4814
3808
911
7687
5135
527
3389
4579
3522
4287
6802
7158
1989
5264
1316
7031
5219
3792
3810
6311
5782
562
6469
6761
1671
635
7033
6708
5418
2740
1472
3753
2921
2840
7365
3271
3973
1107
1539
6608
4560
2532
1237
1876
3782
6176
281
1302
5592
5192
4114
6654
63
1983
5275
6580
3813
4127
2569
1934
741
7934
2716
1005
694
1607
6327
1191
1452
1352
5485
6749
3627
7568
164
7578
5880
1439
7581
4905
4761
5214
914
2604
3391
3736
7247
7227
6779
7209
6407
4670
1394
4164
6754
2510
6428
4773
5372
4302
2000
1573
1455
5192
6798
7518
4736
4524
2654
3702
422
1312
3503
3374
2479
6080
784
7285
2859
5942
2262
2370
5987
1328
160
7327
5937
494
1223
4285
86
5349
6582
7377
653
6760
1066
1833
1970
6067
7245
2449
3972
6313
7247
6116
6159
5883
3872
6376
755
3768
796
764
842
6376
7476
1542
4470
4174
2405
5936
6367
2540
2307
6207
706
4767
7682
207
7308
5267
5129
3419
1374
1398
6794
2197
4553
1986
5940
1273
3425
3440
2730
6232
1405
4541
432
1948
7094
3507
7902
4369
316
2369
5
7412
6115
6755
1820
5369
1729
1463
3676
387
3331
3952
2173
5590
3052
5288
3258
3658
5531
5889
6629
1664
2938
782
6870
6052
4856
2638
3554
2243
4851
7041
5514
1847
7980
5290
5837
7901
1457
350
4224
5538
363
7988
2436
6372
3603
7269
312
1424
2532
3953
6320
3896
505
4765
3139
5225
7619
3688
7052
5310
6710
3756
860
5780
3895
6370
1770
5042
2681
5343
7006
3015
1791
6135
7093
6788
1475
5003
962
4734
7973
7375
4450
3274
5275
7309
1634
1703
3232
5671
2920
7686
1980
3446
935
5961
2392
5780
1651
5876
89
5323
5527
874
388
2170
7
2121
3603
2601
7479
7728
6277
1049
2954
3670
4846
4606
4892
3795
865
4334
3398
396
6931
232
6494
28
3928
321
7361
6111
7966
1387
6958
7824
3187
2075
4765
944
7403
1116
7611
5375
7585
6226
5165
6245
3652
4575
6849
3009
4748
1992
950
421
1875
1113
4685
7031
2418
5661
3657
528
1419
1879
221
5821
2721
7725
3913
4687
6530
4146
1727
2826
4890
3440
481
530
855
5219
1251
2874
1790
4711
3643
2358
7351
2965
1454
1827
4665
3340
6332
3744
6557
238
6752
2571
3230
3429
7440
2386
4915
5386
6830
4536
891
2886
6720
3770
1038
3853
2134
4839
7261
4520
3570
4698
4067
7784
5861
2044
6324
4000
6515
1457
3799
7368
7879
5404
2762
2234
1907
6327
2587
6595
6896
4614
3093
5161
1785
3040
3423
1903
3457
6529
2677
2886
7641
104
2035
2246
7606
7272
204
7393
2866
1551
159
2074
3668
3707
1295
5708
2866
7817
6654
4273
2335
2695
5844
7068
6971
5492
678
1187
3295
4451
4326
4159
3664
7314
2806
2056
1040
5584
1964
1885
5910
6777
2279
4983
5720
2104
7332
4753
4235
5631
1738
5976
1721
7786
1628
7279
5001
2846
543
7286
6309
3818
6007
5874
4516
2312
5787
7104
4375
1661
2006
2719
1051
2947
2936
5065
7110
6673
2423
1554
6947
6132
4077
5587
7085
6145
4487
4974
6305
1770
550
3389
4966
927
6278
7420
1092
6813
1905
4150
52
448
2300
7328
3529
5649
7029
7545
4854
7084
4462
3439
4624
3681
7365
1813
5346
5038
1295
7444
7706
4755
1587
6361
2314
5803
6893
6081
6255
5684
3936
1087
7591
405
4841
824
6853
3144
6854
7125
2321
1178
1329
2324
1169
1697
1770
4116
306
2456
3642
1661
6883
3769
874
2908
4084
408
1672
6072
2158
6800
3913
357
2753
7146
6101
633
6951
5101
3065
3327
3733
6517
7924
733
3522
1869
1613
1547
7876
7783
4473
110
4979
4889
1815
7068
48
7057
2937
7489
1812
3604
5820
7090
4332
5058
92
1618
2620
2231
764
4947
3800
4181
6878
4016
852
6628
1228
3236
6917
4335
6649
3331
4832
4021
3357
864
6018
4196
3771
101
6909
7837
3468
1085
5204
7985
1860
5133
1121
6904
1003
2626
6973
2680
1467
4985
3864
4792
4745
4968
1554
2551
5313
1437
3319
4157
4945
5510
7284
5638
6722
6347
7117
1401
2567
7312
53
7829
6609
7680
6321
5300
4269
2237
3654
7112
4110
7224
6592
1480
6213
7394
7392
4441
2350
2635
4081
2292
7966
4525
5835
5076
6675
4113
2617
644
4061
7410
1738
136
1720
583
1877
7440
5726
6792
6486
5980
850
3998
189
320
453
7068
6392
3879
6951
4315
257
1450
1680
1980
1840
1098
7065
922
4439
6027
6118
4820
4481
1743
1512
3931
6281
1833
5956
387
5416
151
5910
6487
1780
4043
1009
4260
6288
1912
7100
6198
7447
5216
313
3574
4254
6018
6509
4885
2994
7730
7825
2134
379
6504
6757
3990
4804
7786
2647
4348
1363
1630
4458
5597
3883
1923
2714
7892
781
4890
2016
5632
2210
4029
7650
4963
2688
5730
5598
662
1988
3452
3600
2000
3754
1981
3745
1298
3611
2225
2241
4160
1558
2190
4408
793
1096
4588
3101
375
5277
7124
4600
751
4475
2086
3988
7559
6692
5027
241
3731
2193
6561
304
7720
6107
6606
345
3930
7124
3422
1899
4651
5697
334
7912
3241
7849
2211
2437
1428
1170
618
2535
2440
7411
5859
68
5008
3292
4040
2589
4406
7481
6301
320
4027
587
1008
4221
307
5746
211
3991
5129
952
946
4454
7954
6399
372
7741
6515
3429
4113
825
3331
159
7812
767
6023
1776
1895
2064
3226
797
2781
875
2167
5560
2040
844
7682
5872
890
3968
1636
5882
3381
7284
3672
1534
1283
5755
4777
7143
557
82
4365
7718
6294
806
330
3665
2873
2039
6105
5412
4569
2986
345
2352
3994
3380
7239
690
652
1368
6069
2035
708
7296
2170
1824
7361
7407
2702
2329
4704
6974
6489
6346
260
1310
6122
7564
303
2063
732
1154
3627
2239
2940
1170
5846
6965
4997
4280
233
7852
738
1240
7645
6403
6746
7467
2351
1414
5953
328
2469
6005
5558
5959
2213
2106
5860
7600
1380
3575
5156
346
5259
570
5713
5320
1329
4428
952
16
7540
7211
4326
7541
1779
6983
3381
1975
6267
6586
7352
804
1490
7587
3759
3692
115
5599
1888
6080
4781
2782
2531
7295
203
5541
6601
6449
2580
3955
2685
6961
7798
5702
4720
2608
6407
854
3492
2276
1020
2234
3357
7681
3898
6674
5769
2610
6964
689
1255
3225
855
4561
951
5616
5739
5282
7312
1972
4088
7873
2421
4732
2711
6987
6862
5352
6516
2591
1031
6656
6966
4618
269
88
2388
6477
5518
4800
5042
6449
6699
514
2033
7110
1058
540
3706
1849
7929
5633
529
4889
5429
792
795
6113
2738
7004
820
6515
4212
4651
1751
4300
5526
2538
6446
7760
935
3271
845
5385
4790
3826
2334
3008
2630
7811
5907
3968
5244
7161
3572
6418
6545
3658
4493
7978
513
5659
3221
6854
7485
6197
1358
2699
7648
1991
937
6202
2518
942
3115
5905
3818
3298
3587
5850
3310
1848
7273
508
4144
7143
5882
4283
7268
7875
3739
7329
5793
7309
5535
1648
7140
4349
7548
6845
7196
973
6543
5485
6828
5945
3515
7813
3465
3581
3099
1272
999
5160
7798
6495
7315
7590
6865
5588
7559
806
3468
5150
1945
7739
1807
7121
1263
1691
2453
6996
5801
5088
6775
160
3137
3898
4870
3900
5653
3683
3540
5841
2746
944
383
3349
7450
4953
375
2817
6275
4885
1294
956
7597
6239
1356
6781
4979
2699
257
7234
2091
1447
134
6273
859
4119
564
767
707
6238
5990
1564
6301
1506
3717
1644
6532
7209
1816
3909
6778
5724
6240
7398
695
1874
3960
6731
764
5071
4576
2481
774
2156
253
1720
1736
3180
5458
4682
3312
7550
705
1010
2372
4995
2173
74
7009
3768
6103
5550
7905
6760
6063
7553
4169
3239
5593
1677
6440
6372
199
7134
3602
5783
746
2955
3117
600
6476
741
7011
3121
3011
3767
4135
5488
1219
4391
3371
5703
1632
2184
4629
7700
1818
3346
5404
2385
3361
4125
1026
558
612
7280
5235
1839
2012
6636
952
2144
685
5475
1415
5685
4336
1433
5348
3786
1451
4636
6655
2479
912
5132
4740
2485
5833
7322
4475
1394
4508
3457
4880
7655
6297
5493
5423
2198
4482
7014
755
6614
5362
909
5874
7702
4493
4785
5218
4654
1270
855
209
7645
2706
6186
3904
4911
4830
4843
3760
720
755
1162
3990
2446
2762
2846
1804
3499
802
5957
4240
3117
4573
2553
6813
7148
2391
6142
3263
1382
2200
6541
7135
5674
7892
5902
6135
6060
4077
3852
698
7935
5732
3509
6112
2108
851
612
6199
4874
7913
4956
2399
2850
5904
6205
5023
2312
3288
2071
4985
7314
7137
2453
5871
278
7701
7669
1285
4700
3674
7091
240
5074
3320
3019
5935
2287
3867
4130
2165
4561
7967
5196
5799
630
5065
7482
6111
2437
3091
5656
392
4627
2000
3411
2444
2728
7896
2741
5150
4779
2982
7952
7590
5275
6759
4663
1268
2435
6585
6777
3824
2478
5643
1493
3054
2438
7789
6404
6697
4386
2086
5975
6525
5963
7076
446
7585
443
6573
877
5789
6213
7531
6234
2840
3561
4630
614
884
6822
601
7084
2802
2990
4474
3617
2831
6574
4718
776
5420
7022
4035
1273
181
5032
1999
5853
5616
2252
3369
5738
1978
1889
3492
3803
905
4074
4236
1895
2529
1528
7154
5274
3806
7690
7703
7196
6811
5777
5044
5181
210
1156
2015
556
264
2443
4253
6429
1992
4903
1014
2917
3573
3718
3443
2510
317
1070
5074
4361
4848
686
7656
1434
472
1465
1191
2800
117
1058
4496
43
2723
2037
7596
1891
3292
2044
1741
7982
853
2671
531
7129
3273
3262
6188
4619
2112
6190
3663
1024
66
4900
5643
5255
1310
4602
1353
1173
2610
7677
6947
901
3710
6917
4856
3335
3993
4615
1685
3758
1582
5987
4297
3020
4926
2809
1751
637
5582
5745
1156
920
3625
3541
6846
1770
7780
6261
3663
137
1658
2680
880
5540
7493
5214
2910
7828
5761
7216
664
7539
5908
6392
1529
3882
607
4919
7070
5557
3483
949
1706
994
5311
7182
1829
1001
75
2948
772
214
6811
5855
6755
3096
1510
4033
3449
7037
5076
3549
7764
2978
2609
5045
7603
5665
2914
5093
662
5925
362
4223
2587
1496
4512
2011
4157
4061
7193
7399
6198
244
2430
3145
6279
7659
2851
6712
5899
3120
2053
5342
7885
7242
2620
4450
4250
1641
4563
6576
495
3508
2783
576
6258
6352
7609
3161
4413
583
5538
393
1347
7025
54
3540
5938
464
4762
3694
6276
6373
2160
4580
3441
7993
7901
5024
6048
3341
1069
1170
5821
3739
2727
3279
3817
3962
7751
531
416
1650
7647
5396
7730
5868
3491
603
3747
3742
6659
5703
5332
7989
3568
5849
2006
3823
4132
7654
2404
4301
165
7580
7655
4463
2881
7086
5924
7337
6015
2892
3340
5043
7351
3142
1310
1573
3848
6008
2487
5160
4712
4714
4530
1820
4188
2071
7894
1694
1156
4329
6641
6359
978
2611
5732
6978
1579
2567
373
3067
147
4379
7900
5479
6048
4024
2699
3580
4168
5404
3498
7115
4453
6475
1682
6521
4006
7703
4014
1007
3324
2548
6583
3125
2099
882
6837
6139
6236
5328
3948
6931
7597
5242
1857
3807
783
5530
2818
1570
5373
946
825
4771
3891
611
2414
2626
5860
4047
3042
3600
4059
6848
6773
1058
4181
6096
3418
5129
6973
4798
7280
6981
2554
1741
2558
6706
2769
4254
3770
510
7525
994
3969
4798
2470
4440
6907
6939
859
343
5266
1927
746
4459
7902
1884
7214
7091
399
3369
942
6960
566
6560
4158
6414
2799
989
1845
6828
5021
5119
6358
419
2033
7523
2914
3938
4027
2917
2599
5083
3918
7224
3051
5067
7918
337
1057
2337
1356
5144
2774
1403
2839
4470
7668
4569
319
7241
2588
4732
6570
3560
5774
7105
1208
1603
5764
5128
5740
6138
4204
1087
1972
3689
5864
500
6694
316
6886
1835
4000
4043
5284
2466
3103
6475
313
6173
1837
429
6629
2280
414
3077
3490
4464
1123
2533
412
788
6599
119
1777
6335
1823
5621
2011
7751
4874
7149
2094
6112
6719
4110
594
75
5954
7222
1675
2210
1587
6827
3904
5276
884
2621
1694
1600
667
