527
7093
4940
3059
4505
1327
815
6599
5495
436
7859
4742
2190
811
4835
3865
960
5798
6600
3295
4519
7944
4689
6245
7141
4727
1494
2395
4584
7526
7407
5917
4252
13
3273
6252
4843
7873
5721
7460
6503
7360
1067
2130
2385
1963
5399
5157
6021
4101
5428
1672
3000
6439
3526
7199
601
310
2867
2190
7059
853
6405
2762
135
2325
3581
4249
1732
2060
7280
2130
7994
2629
6912
2720
7719
1688
2399
5324
5637
4933
1785
4320
2382
5185
2997
3091
166
3864
778
1200
6975
4479
3142
5880
464
3587
4597
3780
5753
7882
7531
752
4911
1057
5908
3893
7990
4799
874
4435
6117
7303
3812
53
906
4248
859
3338
3987
5986
2820
6582
6385
911
7277
2077
3847
7022
4695
3652
1523
3371
7288
154
5284
6976
2317
6828
1195
2712
6324
6461
5260
755
4543
1002
7657
1922
3815
2463
3819
4231
4082
3149
7766
4301
2584
7264
3388
5411
7340
4108
5305
526
6153
7606
1407
846
6853
4553
6511
4592
3668
1601
4532
4498
7810
1888
7404
2109
7799
6793
1576
4552
3110
79
2667
1003
7899
5659
5449
4419
6920
5213
7042
5429
241
6767
4474
446
7162
2175
2055
4576
3588
6794
925
3220
747
7345
4433
451
2053
6461
6085
156
2749
2460
2258
6557
4373
1337
1885
7
7826
5642
119
6406
5025
7557
3785
3616
5475
2446
7377
7056
6232
2532
4801
1589
1189
2665
1368
560
6352
5147
6661
3263
4835
1379
6220
2725
2310
2081
288
1469
1603
3299
203
4076
483
3482
7626
1024
2633
508
2730
1306
6937
7918
6040
1834
3426
1283
6265
2533
3033
2864
2660
7933
6023
6429
1944
2494
1272
2902
6789
3903
1835
5871
5853
4884
2890
7627
7635
6569
2618
7853
2744
754
3033
4772
7366
5459
5969
3800
4211
2195
2318
1693
4407
4886
6073
7451
677
1157
67
528
412
6962
3235
6127
2486
5777
6392
3092
7515
4257
5415
5417
7630
3739
2725
264
6569
7817
5907
3262
6247
7403
6561
5722
5361
5314
1784
6505
6289
3861
302
1353
471
5466
367
2300
1189
3217
3133
1426
7382
7155
7203
6970
2319
4578
239
2603
260
1675
2546
1181
7185
2636
5560
647
5474
7264
1944
490
6885
1109
1731
3023
5372
3867
2260
1622
3245
2812
4915
2164
7390
6207
7436
7318
3112
6635
1153
2110
5825
4425
6073
7431
3451
6710
4882
1001
5614
1533
6057
5500
1678
417
2039
1303
1281
6084
4496
5007
1982
4552
3224
5928
5421
2266
990
7893
3070
6999
6526
3273
6618
7158
7087
1625
5243
7360
843
2088
6718
2996
5694
7934
4768
1675
4846
6557
3354
5406
1564
7248
586
1509
4911
6186
2641
6331
7408
3181
4519
2830
7335
2963
5980
6119
2597
2930
5426
3336
4015
4670
5494
7182
3925
5737
7896
2907
782
4455
4426
1045
5070
7524
771
2192
2019
1725
673
5668
5340
4805
2095
4081
7958
4201
6673
7518
6874
4225
2190
4811
5303
6643
6730
637
7820
1178
7927
5101
441
5527
6947
4350
3513
5160
573
4771
3241
6122
6041
5761
325
7948
2541
2552
4365
890
4876
550
7403
1210
616
3998
6676
153
7658
7687
7021
6621
2689
4730
4269
3454
7565
7207
2031
166
6459
556
4389
7114
1498
1331
1227
3238
2459
375
680
5610
5799
2518
6892
5087
7049
266
3943
5529
4759
5811
2474
4159
1103
213
5658
3540
7103
6768
4362
3908
782
1655
2935
979
7738
1411
7365
7633
425
3078
953
176
1015
2019
1221
2504
4301
6406
1738
7355
2577
2920
4466
3697
837
7368
7030
6822
892
4278
4148
6916
4309
4068
6875
6438
4119
7917
7359
1126
5649
5337
5538
5716
3683
1924
4191
3632
478
5457
6084
5105
7673
7704
3967
4656
4571
5121
2157
7647
5819
3306
4790
5360
2362
6989
7906
2493
4156
5503
5389
6958
1505
4694
4166
2067
6699
7711
1529
3248
4821
7421
4136
1264
6825
5316
6927
1704
21
3923
4608
1780
160
4432
5888
7754
6340
2387
6970
6979
6780
3252
3950
4345
4880
6032
6939
3055
5636
2174
2144
5541
6469
538
5356
4555
511
7449
329
2715
7744
7110
5450
6540
3149
2778
7471
3638
2887
439
3883
3792
4221
4445
3214
6672
1428
7115
3580
7907
6274
2376
5033
3997
4322
3696
6265
4170
1360
212
4494
528
2809
1941
7750
756
6548
7171
988
5110
6323
6622
6977
3877
7639
2074
3968
904
4529
3193
3950
3401
5271
3018
2755
7726
5252
7411
388
1383
5011
910
49
1634
3659
4149
7135
4082
4600
3731
4256
7445
6843
348
5524
7820
6489
4880
5693
1326
7012
2152
2303
6602
2478
5702
1010
2436
3241
5240
3500
5467
2641
2085
5084
6559
5185
2427
5638
7496
7590
2900
747
4169
7059
6141
3629
2269
1634
4589
1609
4194
1799
2344
5480
6808
5508
822
180
733
7997
1606
1537
6299
4839
4699
2334
4496
1190
1159
1541
5577
1355
3623
96
1853
17
5542
3895
6936
6091
7817
4372
6287
4796
1043
3934
4289
799
1510
6809
7574
1265
2917
7236
6814
3028
1419
7156
5506
6479
6137
2882
608
1999
4271
2567
3764
5210
2292
4142
60
4028
1765
6670
1708
314
199
457
7100
1684
6118
615
5927
4608
5503
5228
3288
2570
6240
4368
2827
1516
6729
5240
5091
3070
4596
4320
4730
6968
3209
4018
5932
3115
3326
4386
1494
1361
1374
5514
6026
4040
1008
6582
1649
5245
1292
1358
1445
6579
3920
7796
7184
3563
2902
5345
7913
1402
5919
2917
3372
6059
5915
2365
601
4420
2968
6937
192
4282
6728
721
4152
5537
4145
7788
4596
4975
5068
1678
1676
7846
41
1103
292
7184
1036
4857
7058
6293
5058
3098
7548
7398
4243
5758
502
4786
5906
1399
4778
7952
6364
1886
4088
4419
1734
7806
884
6153
7296
6886
3138
2404
5493
7618
467
4606
6245
7793
5707
2431
5846
4146
2098
3407
4927
2588
1992
5108
6198
5350
6108
554
7750
1165
6577
5268
5461
7710
7591
4195
4007
7561
3618
6646
7771
1030
6678
4000
4582
5740
564
2664
113
5847
2959
2533
7800
2841
7187
7340
4729
1401
3088
7650
5569
363
6410
7427
2174
5995
7236
3585
921
3936
3239
1385
1541
2854
2865
5030
3162
2024
6697
7893
5191
7381
7359
7079
3474
7840
7218
4537
2464
4486
7114
1459
5914
5003
2199
5961
7011
6976
635
1513
6638
2920
2510
7417
2317
2892
2552
2771
6876
7696
656
5191
1698
7442
3965
4543
3331
6136
4957
4108
564
1641
1233
539
2924
6557
6024
5133
3935
6865
7603
4988
63
6058
1577
6861
837
6443
2010
1020
7669
7878
414
5787
3095
3452
5508
7125
4711
1971
121
7250
4349
1690
6851
5412
1456
4658
957
6870
661
5800
2360
7759
4812
2109
286
4272
4688
1530
5519
7153
1185
6770
4248
4074
169
2232
502
5595
1554
7272
3285
3350
843
3669
4772
7776
2899
6088
2533
95
2510
4794
1223
4210
4363
6693
4153
5047
908
3654
6622
5321
3688
1396
1933
5607
2591
6042
6547
752
2524
4443
4649
2235
4202
462
5814
5649
255
3679
2215
5781
2969
1376
2769
309
3243
3983
2956
4062
7888
1344
3231
1557
5946
2555
6657
967
3440
704
7781
1054
493
7838
5129
4450
3649
1081
7630
4989
5127
7871
5503
3004
2817
2663
4360
6344
5666
4564
4592
2981
5264
2414
7389
1018
3366
2908
5249
3278
4177
179
5311
5326
3284
3019
5477
903
499
2455
7391
7540
2788
5655
1344
2975
7382
377
7083
756
3027
6723
5557
240
6692
2423
2921
3970
5615
4013
5877
1794
7565
131
5041
7966
2238
1922
2889
1663
5921
4327
1831
4318
24
5207
5369
5340
4196
1042
5679
3706
2977
6802
4416
4726
3121
6845
6173
940
3205
3935
1090
3420
7329
2008
5328
5297
3570
5620
3985
4608
7476
7704
5919
262
502
7598
1814
252
3737
1320
1874
4961
5180
3392
6556
4894
3780
6961
3824
1061
5516
7603
5442
404
826
5820
7480
6526
7873
6061
5168
7685
4153
3069
6689
998
3978
2688
7168
6402
5318
5547
1940
5073
2604
1752
2363
4152
3266
3156
4935
3960
4212
128
3389
1685
5035
5581
6337
2609
6370
3092
192
5162
7290
3386
5289
3886
2319
3499
3100
5395
2819
3099
6716
4518
466
5595
918
4865
5340
6324
5429
6815
6243
4042
5052
2195
51
4252
4672
2087
236
6756
4209
4573
3046
329
3048
2562
106
5075
601
6814
4235
1694
3188
5818
2466
6317
2607
1147
1672
6390
718
6835
4303
1052
5038
5991
216
938
4499
5260
5111
3539
458
6191
6332
1420
6990
1629
5404
1217
3314
4236
7808
4303
2240
267
6007
6687
2345
2607
906
266
1320
6972
3063
3228
5504
3204
1643
698
6081
257
3783
3983
1491
4633
3539
1152
6443
1377
677
213
1158
4725
2193
6943
6749
1671
4259
4546
1438
4015
5388
5389
7460
6156
7062
3791
3305
6508
2933
6493
3472
1374
2196
1071
4082
7561
1571
2679
7277
3361
3641
3256
1517
5713
2836
1113
1447
5991
3833
1132
1454
2341
42
5082
6757
5327
5765
3383
4279
4329
538
6196
7213
4426
2008
809
2966
7174
7737
5726
3027
5180
5291
2049
7473
1516
5289
6809
433
3170
3383
794
7943
529
6638
7933
5749
3127
4566
1574
422
5719
6705
3708
4261
4705
350
58
6989
5168
4459
3401
3867
7049
903
1380
2244
2317
1335
1762
4902
875
4824
1749
1817
5849
6440
7038
7965
7598
6817
2011
5455
7474
141
5328
1556
5366
1307
2729
2436
7418
252
4223
5622
6382
4053
2751
1561
7668
5731
113
1619
6665
62
2957
1272
1163
470
1324
2034
4126
607
6040
301
198
743
1050
3828
2895
2163
1055
7179
7237
5219
4720
2811
4663
1341
4462
7778
3713
5836
2356
6573
4229
5093
4871
6234
7638
7250
7582
452
1070
2928
7668
1999
6096
3519
6700
2994
3077
4705
1174
2294
2130
5852
5083
7870
2641
7154
5126
7121
4487
3370
897
6321
1968
3765
5970
1052
5514
1427
1662
5715
4557
5083
3430
7968
4889
1738
2439
1119
6828
4841
7514
5011
4004
7127
3907
6758
5629
4930
4634
6372
5890
3525
5280
3650
2078
5525
3998
3273
4356
7040
7663
5045
7062
6409
2744
765
3303
7814
3369
3941
3784
7874
977
184
6464
5643
2835
902
6277
4879
2599
1755
6572
1445
1021
3154
3454
5685
7019
7084
3498
6315
5648
2768
1958
7754
6556
707
2265
3356
2697
368
6070
7422
4653
4910
4915
5096
3263
3639
3144
374
6754
7599
4139
1491
4225
3696
7998
7504
7585
6669
3278
3152
1908
7410
2858
2123
5231
5688
6811
4065
6670
4346
1197
7305
994
143
6468
7529
885
1809
7038
4167
1383
4146
1873
1252
2791
1948
1393
2114
2299
4995
6130
3208
2777
1075
4427
6361
2705
5923
5076
5149
2901
2110
7179
325
4427
7155
1028
2175
1524
567
456
7554
3793
4957
5638
107
1872
6749
4633
2346
1462
6429
4709
2811
455
1609
1997
6211
7542
6511
1332
5717
7137
5758
7862
5392
7688
2559
3141
7805
4132
1177
6
4567
5211
3279
2144
2643
6928
3508
3874
251
2301
3349
3155
3631
7756
3766
2505
5845
6778
4578
3254
7296
1725
663
5790
5403
769
7913
7214
515
7221
6837
6901
2932
433
5210
6258
2620
5602
7523
2990
3138
1574
6
1383
5396
3077
7625
4799
6288
2001
619
4318
4827
6910
1453
1003
7018
5791
6175
3874
2158
151
1066
1607
7834
5496
579
4643
7550
3419
1502
857
4733
2423
4733
5614
3978
4400
3658
7811
6142
7114
885
6329
3106
1163
3789
972
7447
3383
3053
4562
3275
6132
4749
415
2879
3759
7779
823
5811
4054
4902
7935
3216
6154
3264
753
4575
6710
1461
7649
4481
4376
6906
454
5394
5666
5168
472
2268
2439
6089
1139
2781
4250
6993
816
5081
3278
953
1871
2428
5083
5914
4216
5190
263
3671
591
1629
1336
1781
259
7874
7472
935
3186
4294
5096
2806
5958
3864
3448
508
3396
982
5310
829
4713
3469
7425
7537
6223
3713
4367
7108
2603
5340
5280
3416
4073
4226
6466
6215
551
3746
772
5731
3858
7562
6703
5345
1665
4034
5274
2364
4225
269
6102
1622
6010
452
5025
7980
6889
4601
4831
717
5630
4005
6080
2551
7806
1380
1109
7502
5841
1690
1935
41
4233
467
5603
4008
2446
4905
1482
1047
3393
1086
481
3571
3014
2197
3346
4284
7233
4427
3051
4418
667
2647
1282
2685
1789
6170
5842
1505
2072
4531
2899
5885
5863
1996
284
2477
6300
1552
7490
5838
2893
7558
5119
2619
5903
3749
3468
6759
2130
3303
7666
2303
4359
7961
6834
7518
3371
44
106
4186
3623
6005
443
3614
3332
6122
1608
3982
1256
6423
78
2952
1879
2564
1147
1275
1120
978
3848
600
1251
2059
4829
869
5839
4329
5774
2998
6998
2640
5838
284
3485
4665
1184
6545
2957
5278
933
3020
6701
3548
6587
5035
645
4977
1197
5356
979
3531
5372
1923
2707
4525
2659
5760
2599
1141
1046
5972
7635
5412
904
6538
1289
402
5975
3564
4388
7347
4791
3063
6215
4956
301
6198
493
6315
3382
6322
2991
3423
2231
1628
3028
6168
6063
4581
2680
5297
1893
2201
787
4242
1874
3274
5780
4176
2056
7890
4283
7236
2008
2642
3783
1439
6665
542
7820
1074
2066
1773
4134
2828
3158
5726
3144
1333
451
3619
6556
4616
4702
2651
3134
3128
6208
2573
3672
3703
1379
6872
3420
3731
1748
753
3228
5059
6724
6822
6921
1464
5175
421
4379
2344
2653
2295
7507
1123
1594
6716
5202
2342
4635
4954
7559
2474
7687
3793
4993
1234
3087
649
17
7642
5269
4511
4238
521
1195
4680
6438
7710
3297
3303
4033
3334
2289
2229
2450
1886
6493
3832
4416
5948
5446
6021
3502
2492
7020
7730
827
6120
2827
1879
6115
6853
2967
6931
1147
79
5981
1279
2724
3107
6076
365
685
7640
4791
509
1300
6759
6843
6372
710
7925
2592
3289
6339
6010
3146
6976
3166
2151
7378
1141
3505
4521
1775
85
2999
3073
295
1921
3000
654
3287
2530
2123
1176
2015
4726
1230
4381
3698
5369
7021
7
3213
6249
6277
5271
1318
5504
2887
3838
1477
3539
581
1623
3893
4618
5976
767
7438
3677
1002
7214
3017
1965
1417
4836
4492
4008
5285
1337
2627
3079
7509
746
7927
7773
6873
4385
1423
5560
73
2842
7120
582
5236
1939
3802
4698
1592
1925
1919
4221
3794
550
3457
1096
5530
741
1489
1499
110
2395
776
5404
5402
3238
4990
724
567
3573
426
3280
2136
5116
2229
4961
3740
5531
6405
353
5370
5056
2226
454
1587
905
7095
238
2427
6307
1474
3051
7655
3144
4790
6953
3599
925
62
2888
6800
5921
1387
1709
4031
6277
3053
1469
2478
7213
7779
3711
4944
5257
4780
7063
5370
676
1695
2018
3416
1546
204
535
1997
2206
526
917
913
2811
6486
3096
104
287
5911
5032
6373
1772
6800
6666
7366
6508
4547
209
4048
3884
7236
2276
2794
214
7710
3184
7572
1696
3427
4450
2550
3595
5809
3786
43
7260
7021
3981
5682
4419
3959
271
4013
7006
6558
2836
3008
3883
7460
7349
810
3552
6463
1678
5016
7578
5967
2766
1366
4417
4993
6017
3009
2638
5417
625
7525
4584
7077
1480
350
400
4005
3850
3333
3848
953
490
7134
885
2992
2013
4897
401
6257
2183
2979
5793
917
2175
7984
1081
7134
6381
2272
7082
7430
5800
5352
4366
2230
6239
7628
2381
774
5006
3824
2070
6406
1299
2156
1504
4997
3088
6552
2454
6120
3776
2571
2857
3684
997
591
5599
6780
3275
449
4459
4889
2932
4831
5534
1405
183
3646
1669
1085
5456
1916
5244
2265
2415
7805
1341
2824
1614
5789
1397
5336
1676
7677
1772
7604
7403
2443
488
4547
7543
1653
2914
2343
2403
4838
4347
5527
5800
2080
5376
2210
4379
553
2076
6897
214
4753
7624
5113
2659
892
3472
1469
6339
1609
3994
1064
6963
4023
593
5880
3054
6453
5255
7235
1429
4915
7083
3873
3320
2359
1317
6891
4485
7177
5110
1939
3689
2595
7117
3362
990
5437
2348
1353
3046
2941
1439
5781
5371
7242
765
1945
2057
7487
1804
6375
6057
2238
6607
2994
5211
989
65
273
4309
473
6894
4073
7159
3018
7480
2144
6270
597
5740
1813
101
5196
2002
153
3749
2875
2237
2706
4958
681
3178
5474
3167
3178
4860
53
6951
5886
5473
5232
7620
5970
3253
5616
4127
1147
7949
4541
5466
5252
2825
6629
824
6768
2157
3363
4395
4181
2751
6988
6483
5051
3963
2764
671
490
460
4719
4605
6161
2573
4694
2400
5425
333
1985
2464
4052
3886
1556
1461
7296
5661
147
5446
453
3928
4766
4685
5050
3177
734
4708
459
759
7660
29
5775
6096
6691
3637
7129
7959
4710
7946
7759
1593
773
1050
4729
242
2395
562
7741
2622
314
4615
615
4851
7283
7315
6744
76
7587
3534
4198
725
2949
7745
6611
484
3574
2897
7469
1341
2810
6109
7663
3432
4313
2771
4038
941
5388
7601
1448
5063
872
4780
1693
6325
5479
1865
4273
3354
2481
359
940
1669
5108
3281
7831
4492
342
2012
2271
5158
3623
4455
4319
7334
350
6347
865
4833
2396
586
4445
5735
2304
7409
3391
1868
6549
7672
7757
5721
4355
4604
1187
4880
4453
4925
2541
4721
2667
7944
5321
2309
6426
4262
2099
6688
7838
1066
7512
6355
3504
2374
7118
906
3120
6617
627
2944
5827
2996
4898
1233
7788
5295
1253
6926
364
3126
27
4516
6382
1079
6166
1954
624
1972
2985
736
3846
6486
7737
7289
7138
1681
4223
6262
6089
7314
4835
6563
6460
257
3581
6588
2543
1023
7415
7688
4254
5185
127
7470
1689
1409
6773
3155
4557
3233
4916
5275
3637
6720
1005
2268
253
7594
5924
1230
7582
7450
4110
7486
6588
1079
6035
6335
6034
2931
6659
3894
290
3263
4042
3365
925
5146
3510
4005
791
7811
6468
7459
4382
4690
2413
1903
5828
253
2501
6807
6046
2004
3866
1640
713
1275
4041
4751
3800
6788
2964
6726
4313
2631
6335
5885
3340
4126
4271
5283
6813
6582
5785
588
2971
2055
2392
4738
3295
3467
3835
3382
5755
27
7531
7229
7770
2518
5542
2008
7044
1225
7804
938
6515
648
1438
4482
5244
2083
206
5028
367
1851
1244
4042
3503
3160
526
5321
4072
4338
5858
1967
6279
6532
5055
3342
6426
5754
3318
3634
3963
3275
2855
4559
4291
305
1379
6586
5943
5690
1979
6887
6117
4095
5262
3304
2571
5034
3736
6734
382
6335
4814
1287
1220
2889
2348
5572
1815
3187
249
7058
732
2943
5378
1900
6994
2586
7435
561
753
2133
7148
5567
5558
2923
1504
6030
2211
7553
7784
6978
2012
4966
4284
7885
5504
1399
412
1951
6449
4508
1050
7767
6971
1113
3512
2772
1602
6698
7812
269
4024
5044
7961
6782
3132
4924
1403
4071
4810
8
2367
7597
6200
1320
7427
2123
7529
2313
5398
5868
5713
7057
7482
1100
7298
5815
1068
21
4047
1272
4586
2485
636
2841
5795
4644
158
6412
641
7438
1683
5523
7032
797
7131
6703
7168
719
1872
1289
2514
182
1596
3153
3168
3507
4055
6384
7072
2086
612
234
2830
7249
6891
1618
1029
7545
5281
5370
7370
3524
7367
208
3997
7737
7324
412
3150
1735
4586
686
4532
5445
3326
4983
4989
4273
7349
3189
3137
7536
3009
338
2582
3266
5708
420
3075
1122
1659
5595
914
7145
5558
3361
7250
6289
2719
1062
1107
6521
1295
2739
3348
4707
4527
755
7981
1710
4678
2852
6990
597
4281
3529
6907
3264
7983
2038
2191
3841
2022
1247
7154
6336
6447
5014
1407
4737
4910
5820
3735
4098
5845
4387
6323
3846
4824
2418
2334
3296
5414
5281
4133
6742
4626
4380
1687
1886
816
707
3721
7593
3080
6650
1106
4958
413
7347
7950
7365
2897
7202
514
7809
6903
430
5465
7930
496
1681
7679
4185
1399
4561
2531
3892
7350
6547
2209
3750
3456
3621
3930
4061
530
416
7978
4157
7934
6180
2091
6626
6098
3289
6701
726
6151
5347
5178
6509
4724
6421
5131
727
3716
5817
3333
7071
2021
1336
3054
6220
398
3772
5861
2161
5150
1978
5482
479
3986
1691
7549
1049
2202
2804
626
5890
6223
7536
6218
7808
6420
321
5169
6587
6711
5257
7923
7288
431
6763
195
872
4253
7453
5879
7959
5496
4904
1533
6547
5102
6576
1826
2572
3806
2739
6294
6197
2458
6306
2359
7348
4157
1866
7903
1871
4550
2240
6365
7138
1543
5483
1453
1812
163
3946
218
2595
666
1635
7134
7019
2361
1409
3438
5207
5557
2735
1689
2170
888
4477
5917
6808
4998
7929
3441
1114
1333
6871
3716
2926
5648
365
7981
5343
6046
4143
1484
5238
4493
4193
600
2834
116
2061
2134
271
140
1545
5896
6876
5858
2428
6808
3060
2505
3263
2455
4974
4707
3488
322
300
545
1260
754
947
78
3763
5249
6865
1546
1560
716
7222
4395
7506
872
4203
5727
1580
3377
7175
3109
3766
5293
1385
7665
4393
7919
4988
5862
1986
691
1802
1159
2801
7209
3621
5310
3984
5831
5218
4157
2274
7892
3027
5149
616
1297
5688
665
372
7049
212
2469
7295
1329
3268
6058
4612
511
4533
7020
6493
258
3673
3949
5811
3375
3392
3311
2295
7437
352
4196
4970
1540
3414
6879
6078
1661
2389
6522
4114
4338
6726
448
7810
525
1388
7060
440
7474
1433
4470
1338
4319
5620
454
241
5314
3669
7790
62
6836
3235
4300
5808
261
5665
6526
1240
6616
6005
4671
1709
4983
3879
2001
4930
2071
2310
7610
5414
4279
4988
4065
362
318
5896
4280
2760
6398
2162
6635
3920
3340
522
4935
7762
202
375
7728
4421
5251
2222
4622
367
834
476
3774
6084
3366
4092
2492
7671
5489
6938
7117
5710
1422
2336
726
3155
5633
4038
1820
7596
5359
5819
2303
4572
5965
2190
6629
103
321
1831
1275
5581
3160
7146
186
1594
7990
6765
7204
7080
4898
2343
4933
575
7034
2231
6140
1896
2658
248
1686
2051
6780
6169
5847
3142
5215
4077
1866
1426
4830
3925
348
6889
3296
4204
1982
7477
3922
6387
7405
7557
7030
5146
697
7260
6704
1198
674
2830
5339
4786
2716
3668
6303
281
3982
4979
7703
3825
205
820
4208
59
5657
4183
7990
6755
6129
1962
1264
2918
751
812
2461
6893
626
3145
5226
4130
3608
3395
2235
4854
2149
7004
6417
3175
7276
68
7106
7173
4987
6164
6764
5370
1498
5163
4005
1593
6301
6899
5432
2045
4641
5681
4581
4093
3752
2601
5672
5104
2161
7394
5281
1177
381
2578
1731
4708
6777
2176
6935
5394
1052
5714
3058
6763
1864
6201
5874
6454
2280
6261
683
4326
3294
6208
3814
983
1542
1447
4015
5124
2392
1284
7952
2174
6325
1692
3397
326
5820
1108
6755
3607
7486
6391
44
6078
5853
6414
950
3673
1604
7245
4319
3317
5546
777
762
1065
5127
4510
954
5308
3783
5538
4532
6142
7782
6594
1500
7595
4076
6856
5363
3204
1850
5986
1066
4871
3377
401
5081
1299
4638
6211
1113
5126
1767
175
4156
1381
3136
6977
3188
952
2878
1420
2564
2342
1385
741
7068
5270
7232
4616
3141
2586
7613
2650
7520
7170
7730
7444
7322
7459
3582
509
4502
4244
6189
5561
1353
797
679
1169
7631
6242
1140
1153
7355
6802
1027
6884
7717
795
5773
6254
3608
3069
2214
4526
2258
922
7185
1269
5528
27
6702
6156
4302
6579
440
1980
3970
6435
7742
6674
2403
7688
4328
308
239
3774
3116
3698
677
6039
1228
3337
349
6772
1430
6359
7176
3040
5096
3706
1585
532
5135
7217
6466
1124
3162
7262
7005
3000
3178
4211
5604
3448
6072
6288
1651
2273
2990
308
7994
4059
925
4994
7503
7561
4694
7748
5748
2151
7335
1754
6128
4849
7783
1053
2667
3533
6103
4776
874
6297
5599
5839
6139
4485
3276
5353
6140
4122
1120
5760
2478
6177
4719
5660
2029
5638
825
1864
3177
6226
5340
5356
929
6028
6686
1216
7221
2277
1416
1581
1749
6224
3336
2945
2852
252
5249
1616
7350
3425
1691
3001
7710
2185
3700
4258
5128
7369
1362
4827
7348
4587
2269
3900
2777
1220
6909
2817
5956
5936
5532
3163
1126
7403
4875
5872
7363
3767
7901
6160
1887
7579
1976
1932
2986
6309
7969
6303
4299
3572
1114
1891
5953
4915
799
2673
7032
1325
1131
733
4753
6781
7489
5867
5624
7550
5673
5768
3750
3254
1127
7124
4379
6286
1765
641
6534
6277
654
6743
2741
6035
6786
4528
1927
4791
1145
2902
7836
2322
1307
5815
6493
5124
5033
2964
2482
5367
1194
4957
969
6839
5732
426
5317
398
1042
4684
3577
1737
5439
5428
6686
2484
2961
334
2468
5507
6411
535
4720
1840
3065
6514
5096
6980
7076
4842
1635
2608
2055
1811
684
1760
7546
3323
2303
2832
2891
6360
3080
3735
615
3959
541
705
2311
591
3672
5442
3708
1534
5307
1895
5398
2363
1044
5990
6576
286
2249
240
4083
6865
6291
3841
3330
689
6550
6277
7343
5085
3389
6747
6721
5302
2388
1018
177
4092
2420
1858
6415
2919
305
125
2667
1549
1782
5272
5816
344
5173
6880
4665
4398
2853
5409
375
729
1238
5773
5119
5848
4007
303
7943
5545
4970
6543
675
3514
2146
5184
6777
2703
3734
1178
7252
4572
736
1344
1818
5461
4425
6483
1060
1049
2143
836
6909
4136
6358
4413
4656
1040
2738
5111
1776
233
3122
2043
1582
3515
2593
3694
3071
2285
7010
5038
1151
4439
928
1260
1050
3271
6014
369
645
3045
7994
6959
7784
4832
5694
1000
4945
7537
5966
3516
2113
3080
3542
2695
2452
190
7658
2858
7724
4606
6664
5458
5555
1355
6296
2410
6903
7514
2061
4812
2450
5437
3501
5328
793
4620
649
6076
2842
1682
4394
7225
6104
5963
7495
7927
5718
945
1979
6089
5542
2871
3306
6021
2348
6100
842
4458
5257
3502
3015
1120
3874
4582
7825
7589
7984
7059
4015
6976
1852
7471
6686
190
6959
2254
396
2433
1798
4719
2109
4478
6546
7267
5748
5270
7701
321
924
1343
6837
933
1897
6398
2178
2015
3162
5496
1310
7291
7758
3611
1966
5322
5382
2112
5564
3186
3023
812
5164
5420
1095
1444
973
3559
3845
4682
2342
5860
6129
731
6139
4613
2485
3711
6098
3457
6518
4771
1597
5198
5562
2297
1977
4250
3969
3591
2984
1461
7071
1013
2518
3779
4034
2168
4731
3454
3607
3121
613
2537
6913
3289
855
7657
3958
4589
4407
2077
2923
1313
4766
602
4729
1404
7042
5767
2963
3294
5161
2804
334
7147
5292
6786
4702
81
4304
6711
121
6030
7548
2588
1814
287
1135
421
22
3942
7979
2009
1169
7862
1216
980
7700
4884
5983
3353
6540
253
6151
732
147
7897
1575
7069
5263
3209
4837
1008
5693
7046
5970
6416
5087
4724
4224
3757
7949
1070
7214
5704
536
2769
3681
6138
6215
4912
6827
3666
1302
6825
4311
7414
7789
7924
7172
3288
6095
1107
6129
4337
4497
1622
7144
1334
1477
759
4548
6344
1419
6128
1381
5180
391
3356
145
7838
7019
2318
4398
832
2507
1595
1688
5391
166
907
7777
5647
5353
7090
4800
1988
5517
241
6943
4900
1072
5581
6244
1785
7905
6055
6811
2956
4942
7742
5037
290
5251
1608
353
6761
1911
7403
3386
1108
1416
2238
7169
232
5262
5935
2163
6475
1335
2455
7712
1742
2288
6214
2296
3919
6160
4943
660
5640
3803
6074
7230
2995
1723
4115
6671
5721
2735
7457
1191
2265
3914
6318
3145
2570
7490
784
5222
6607
3926
4175
6301
2413
3804
6653
6003
2737
3486
2300
844
5482
5579
2804
2787
407
6921
5286
1069
2137
4828
6804
5215
5000
263
5334
897
7214
3867
7599
7790
185
2167
1651
3744
5629
6097
2018
3307
6407
5698
7247
1416
5510
5807
502
6374
7629
3016
3387
1565
3963
2909
6871
2376
3093
7322
2524
6368
7473
4802
2021
3260
535
2875
3071
6471
6513
2597
4292
4294
7788
6184
6315
1797
4445
4565
2714
1375
5850
7910
7036
2932
7766
62
4428
891
3035
6521
2202
1233
62
6012
4099
5143
1247
5021
6227
3670
6969
4103
2035
7881
1114
4689
2870
2570
4456
5981
6613
5153
6142
4998
4067
4303
3043
6479
5520
6239
5711
1926
7799
4841
6648
5875
468
3422
263
3029
5085
5734
6609
6258
2742
5583
1003
3417
6869
3408
4732
1953
2638
219
6332
3169
1776
2748
490
1650
271
859
1863
509
1614
1460
6865
6080
5999
4287
7354
7034
6608
5824
1535
1006
4749
6986
5666
50
7434
6295
1372
7546
6325
7276
1947
5696
5178
245
7605
3655
7579
6706
3692
5247
2385
4662
7124
167
4581
1449
7978
895
6395
2787
3709
7089
2876
1901
5672
583
3980
4808
7160
4042
760
2516
7292
2079
6153
6122
441
6171
5756
762
7461
1530
6156
5538
1440
4120
2249
7310
5415
3452
7610
157
5390
5882
7399
6840
5016
2021
931
5261
4585
7802
1079
916
4709
4654
7984
709
1009
4150
6255
265
1309
3909
6745
2325
6644
5572
7877
1250
2706
7904
2486
3131
5098
3568
3992
496
3211
840
505
1278
396
3362
2954
7595
5774
1745
5938
2625
7790
2419
4373
6322
3783
2405
3567
4910
2089
4741
3639
1975
7264
5392
768
1367
333
1340
610
1544
5262
1344
2317
388
5292
7711
5016
7671
5610
7980
7919
3840
4034
4605
5986
3473
2188
6190
4124
7385
260
5005
6793
737
5056
5508
4781
2116
5898
