4398
7777
2318
2999
7618
1816
4463
3885
6369
3146
455
6614
6921
5302
5841
1395
7270
2215
4741
5608
1801
2532
4132
2898
835
7944
6202
6743
65
766
5447
7034
1929
7516
6546
6642
2606
4978
1103
6731
1751
1570
2480
3166
664
2741
1735
1155
3772
7738
4784
873
2426
7343
4126
1478
1672
7864
7463
90
6003
3955
3002
1995
4748
3411
341
4045
7073
2131
5830
2970
7414
5176
6374
6957
454
864
7692
1399
7108
2432
196
4282
3879
6790
2950
6146
7179
3933
5127
4110
237
289
3872
3634
6678
2627
696
4692
5461
4081
5978
3516
551
1165
5667
4533
1568
4224
3876
3949
3034
3145
6293
47
4530
4301
529
7119
6635
6266
3980
4327
3066
2290
7358
972
6202
6004
1594
578
821
3274
7254
3900
3395
1402
2171
1322
3993
1467
2905
5075
6969
4066
3887
636
7704
4220
1529
6543
680
6802
7843
2519
6576
3048
6339
4901
1162
4200
4315
2193
5892
1692
3439
3581
6667
1005
450
1169
1976
2960
4715
2215
6079
1446
478
5862
1862
124
2322
259
1669
1676
1047
6999
729
7989
4400
6189
6022
6826
4287
819
6625
7194
409
2278
2618
5774
519
2692
1210
2990
2253
6555
4335
3535
2114
2958
1416
3323
5001
4385
7595
2633
6186
7185
7891
2980
310
5258
7709
4175
5450
1895
5476
665
6069
3520
4468
291
2819
6818
2820
7410
6334
4052
3802
3567
3424
3281
3631
3844
3225
4306
4408
5478
4893
7249
5547
4719
1830
3257
246
4424
548
7519
4810
5115
5672
2132
7765
5898
5159
1073
3936
1733
5324
3057
994
6267
4519
4638
7243
4842
4187
2519
7083
5328
4768
5602
1817
5489
4271
3715
5438
7084
470
4226
875
7989
690
3149
257
1253
4599
6111
2415
1917
5976
5408
2200
5834
2830
2708
5056
5142
7345
559
5627
5924
7945
1792
6885
4486
6726
890
5157
3712
2945
918
4166
1015
7071
382
1076
209
3848
3409
7426
2206
5744
3570
3862
5607
7868
7748
2618
5357
2706
1318
6344
1161
1029
3755
2331
5203
6408
6385
5983
3423
6601
860
3282
7457
6543
5421
4145
6704
3104
3369
7406
4896
4715
1252
966
6259
624
6935
2706
6104
2840
1200
5843
4842
7690
7347
1077
5926
913
1134
6464
6120
7900
6055
7548
918
3532
1597
7128
2456
3610
2419
7984
3312
6518
977
482
7633
4668
734
4435
4011
3988
1004
890
4122
6747
4749
1228
6115
7356
3025
4327
2891
4778
1616
5076
4494
3670
3654
3987
2614
1650
5651
1519
2878
5538
6022
3057
5540
5518
2418
5579
3764
5137
2595
452
5736
525
1104
1244
7874
2784
6220
6494
7034
1697
7692
4522
861
2082
3082
3616
3465
6987
4619
3699
969
2324
3148
3830
7597
298
4190
7382
7071
212
1322
5235
7578
2993
7267
7564
5144
4648
4558
7444
5083
7332
768
4585
3841
4820
51
2244
1668
4285
7032
3676
1775
3421
4068
5708
584
5815
618
656
7166
5614
1865
1214
3908
4394
2566
5987
6139
1739
6940
3634
6310
5676
2525
5172
2280
3248
7833
3812
2585
2056
3327
5271
3661
7588
4170
5815
5077
4473
1489
5009
6270
4855
7787
1824
1766
504
3884
1687
217
4704
6329
1372
5980
4618
4939
3408
1001
4808
6236
294
7285
3990
4332
1370
5018
4711
7986
2915
3393
4164
1301
6521
954
7588
3429
4321
2979
5971
6689
2795
6585
5719
1627
1431
6021
2462
1174
2496
4754
900
4645
7970
5075
1454
3192
5492
7701
3453
4667
2905
7511
3803
5211
7738
7164
3265
7677
2838
5001
7653
3941
3693
7194
4419
7930
7430
1321
6915
3480
3235
3551
5205
6708
3211
4840
7279
840
4972
2857
2475
2349
3691
7243
1424
2065
2028
4214
7115
7617
1191
6606
2127
6463
2613
3952
6907
777
6148
1101
6826
7619
6069
172
1165
5577
6896
3856
6783
6362
1012
5903
7017
7568
3182
3355
4057
3777
6611
3859
4178
4140
375
1084
5197
3967
7000
7140
2170
1517
3540
6242
3258
3466
203
4732
448
5305
2896
3589
5962
5739
4310
3373
145
2925
486
6801
154
4646
7578
5714
6115
4732
4093
7551
4594
7232
6459
2940
1223
2210
2207
3546
4738
7492
1199
7318
7641
7899
4762
5143
2234
1270
3092
1177
4893
2073
2433
5474
6581
1449
7477
1578
4728
474
2732
2598
4480
1471
3982
6881
7306
151
2576
5890
3405
4015
3176
3285
3892
4455
1372
7480
2184
799
1434
130
2947
2026
108
1470
3171
6365
3587
7581
3392
7919
5052
3734
2779
5633
2889
3266
166
5567
679
1037
4460
3944
4864
1856
116
5983
3022
2121
6733
4241
4059
70
1804
5832
3379
2537
5562
5232
249
6641
1446
3803
3005
4584
2023
3374
7058
1018
5003
6349
5241
3974
3992
6687
4048
7347
5270
653
765
6866
4469
6287
1049
2223
1325
2530
1638
3695
3028
7624
4144
7753
7363
3651
5215
4894
2708
3680
7148
5349
3367
2470
5258
4977
2638
4358
3685
1698
1304
3510
7131
1944
4545
727
3386
4091
1416
4880
6398
6374
2083
739
5484
1578
83
1548
2646
3561
4965
6098
669
4085
1739
1300
7958
2136
7382
1611
2935
6105
7188
56
7814
2906
4356
6113
878
4587
3239
1640
7163
1862
103
53
2657
1903
3873
3659
3021
4102
5621
6587
5938
6740
3839
4087
1193
1242
3410
7180
164
2758
4595
4363
5574
3767
3596
3825
5021
5658
7667
3078
589
3113
4858
7364
5979
1842
304
1523
5235
1919
7505
1917
7788
734
3021
6673
2484
773
94
7061
4603
4017
5903
4783
6996
7869
2451
5421
5281
7335
2114
5077
3742
5476
6366
3235
5367
6412
1692
716
5815
6471
5791
3171
6533
3276
4221
6059
4382
5941
7277
3989
4484
7942
5498
4661
780
7125
7640
102
454
5011
100
908
6522
5120
2926
7884
4161
629
3921
1504
5941
6394
1293
7359
5134
4358
2572
3493
1167
706
3971
4409
5974
1595
7736
1638
1211
5731
7448
1049
3498
3778
1568
4781
6795
6630
1172
386
3744
7861
6355
4496
7316
1083
3588
364
5831
731
1538
2081
2338
594
2432
24
5380
457
77
7413
6624
2734
36
5008
3977
4456
6545
261
1997
7675
6041
2073
3312
3277
1253
1322
6322
2378
3964
569
7481
7106
3258
230
4237
3834
6412
5276
839
3590
3713
4778
2087
1504
6398
7400
4900
5879
734
2180
7376
6624
2825
5590
4388
1617
6637
3026
4377
6168
7800
995
1403
3173
4670
6740
5049
2731
1948
874
496
6639
2689
1817
1515
1074
1890
6754
5419
6061
1805
3350
2114
7597
6807
3241
6123
332
421
5528
1982
246
452
3894
294
5006
2462
1146
4494
3279
659
2805
2210
3230
3006
3589
903
2171
7315
4805
473
4123
7085
1210
4948
4824
217
6905
2826
440
5249
5241
7781
211
5176
1454
4588
6840
4817
1359
6572
229
3306
6628
5225
3019
1133
6230
6639
2423
6357
471
1861
4765
3822
5651
6813
490
6138
5906
263
169
3878
1062
1454
4529
2837
3685
6136
2877
1305
680
4129
440
6746
5781
2093
1262
4400
1448
886
2793
4373
3213
2859
323
4414
7626
3497
5007
1824
5907
3905
4020
7168
7276
6460
1616
3500
6904
6250
4885
246
4710
260
7538
7889
5141
3805
397
602
3035
4220
705
3128
4811
5141
5787
1675
1850
5417
2293
4625
4521
4312
702
7401
3064
4184
4638
7732
1884
6482
341
6370
2001
2164
4255
5731
4873
6801
3823
7152
2664
6871
949
539
3156
4733
7578
5990
577
2871
4702
4734
7325
1425
279
5547
1635
314
3523
5538
7387
4739
5216
6278
5698
6671
2933
4381
7616
4647
4446
5705
7856
5278
85
1072
7827
6072
2397
4684
1123
5931
6922
5704
1169
5316
1370
3619
2260
7475
7759
1691
2897
6521
5843
3674
5947
312
978
7010
6131
6713
3620
4561
5847
1350
2781
2779
7938
7678
4463
3768
4075
7341
6623
5944
4805
6805
4502
5265
5647
6086
5699
2192
1782
479
995
5167
2778
5854
2580
5754
1471
845
4275
4030
2761
5971
699
3352
5276
2102
2274
1734
2501
4969
6319
6614
5238
1525
3646
6189
3874
396
2111
856
6074
2141
2106
2254
1731
3545
2453
5113
1700
4148
6505
2696
2186
7642
283
5711
5525
4220
3744
5837
138
2449
3697
1004
4883
389
6177
3793
6859
853
5828
1553
1132
1620
5537
2533
7837
5573
3462
6728
5279
3279
218
5833
4214
7242
3423
7919
7403
1774
4456
2413
3631
6152
2529
2295
5523
4615
2417
5184
2905
2469
6088
5520
415
6609
6109
5712
6837
7882
1121
342
102
6347
2888
7205
6215
4655
5540
1274
1041
3669
4013
6241
6900
7655
1675
2423
7471
6369
683
7303
4458
1587
2579
4878
1054
6276
7846
7631
952
1684
2161
4670
99
299
7924
1098
6644
2207
2485
729
2959
3790
6560
5952
6954
2837
6201
1811
7
930
1442
168
6092
7140
5729
6072
4545
1329
5542
10
2887
982
99
7592
1640
2695
342
2622
1547
7889
2258
675
5323
3386
852
4811
583
7893
849
3709
57
2832
6686
3875
2783
3396
5200
3306
6424
5256
1287
2554
7262
6532
970
6756
5395
5682
7307
7961
4638
2839
7422
7067
1003
3768
4973
6886
5382
2952
6789
1816
1066
3858
5411
3449
1158
4249
2481
7593
3868
959
2833
958
611
6589
6262
3204
2674
4764
4679
7488
815
1809
1631
374
1332
3761
685
4372
6828
4841
1122
3219
1392
5812
6827
1220
2227
4768
7718
466
2885
4514
4638
829
1185
461
1206
6589
7027
6143
5156
64
7529
321
97
4206
416
1234
2822
4697
5247
3944
7765
80
5685
4869
7849
5137
5124
1936
5559
2725
2437
4815
6574
356
7899
3796
7790
1316
2989
4297
3722
2763
1168
6243
1853
6475
2756
4483
1417
8000
107
140
2957
4503
1845
193
3343
2116
3559
7091
1207
4966
4637
3817
6970
5764
4625
6770
6855
1746
2886
3249
3186
2829
5045
4829
60
4632
2579
3156
7180
3585
3833
4986
1242
5529
7928
5422
2836
4444
7875
380
967
5631
5677
3156
2884
2059
718
2873
3764
6996
775
1457
1712
2598
1438
5785
5636
3514
2837
3396
2941
7756
1278
7737
7643
1325
5668
7056
2606
1894
5132
7205
3042
1851
7565
4057
7744
6366
5683
3609
1316
3675
5574
917
5786
5021
897
521
3460
6904
1776
3092
4987
1183
4857
3255
7903
5734
7421
3963
5882
5693
5240
1641
4066
6757
15
7418
7638
3051
4436
3450
3282
6927
3160
4826
7640
5159
3667
3884
7137
319
6155
1998
4293
7065
7432
4513
6355
4709
2507
909
6873
3595
1841
3179
4890
1446
5627
1556
7395
7897
6721
6418
3294
4753
2054
3235
838
880
7678
1039
3134
811
4250
7844
5576
5541
7205
3590
5190
2689
134
5077
3140
4410
4165
2172
2704
5229
2210
4309
1862
6835
2969
365
5386
4843
1787
5305
1131
7493
4707
1344
91
3643
1404
6969
5313
4279
6354
3225
4885
7640
3750
5610
2267
3598
2386
6231
7097
1799
7084
7982
4646
2916
1228
4442
4884
190
2568
3420
4227
247
4542
1099
1714
4833
6039
5145
2423
5680
2455
2379
3056
5140
2060
3444
6748
597
4904
3144
3381
348
5162
450
1261
3725
4562
3686
7183
7049
5229
3483
7367
6216
3175
5667
6601
1337
4244
2054
2531
6765
4399
4306
725
5613
4010
6697
7870
4389
783
4141
7812
5258
6432
6261
3649
2506
7533
7410
3192
864
2039
2765
2467
26
6954
1438
7737
10
6271
6554
288
457
3884
389
5462
446
1695
1701
7059
4439
6364
5165
101
2061
3091
5355
5996
2710
7040
1323
1701
2634
1435
7605
7669
2351
3488
5310
4822
4260
491
7903
1396
3139
1107
1483
7990
3741
6253
1240
3082
6323
4442
5811
2235
1542
7212
5084
3083
145
7902
6664
1116
2635
7836
2305
3321
7986
3088
6329
1863
2848
5609
514
2070
3527
5012
624
3623
5799
5721
269
4657
1514
7461
4718
6281
2613
5903
1687
5036
2661
3393
2089
1379
7898
3765
6147
7798
1206
3901
7706
7651
2822
909
7953
6170
6202
2796
1811
6468
4326
2328
329
4700
6262
3049
3444
4238
7890
6437
4316
5786
4792
6396
7839
129
7999
4934
4679
5076
5309
2847
5369
2576
3097
5140
7934
1688
5834
288
6745
1675
6273
3389
7488
7853
7135
6407
1193
7565
3090
4640
1452
7433
1856
3433
5969
6432
3681
744
7375
3019
2655
4259
5252
1415
7458
4343
7044
7284
5852
2688
2108
6265
7465
3114
1518
2501
4741
4280
4971
5137
1639
3081
5605
6465
3639
4983
3325
7043
5254
4918
1798
7793
1318
2304
4606
7522
46
174
1855
94
6477
769
2534
7600
5828
3163
2234
5051
397
5076
6513
7297
7202
6521
2310
2787
6624
6143
5817
5337
196
3188
3220
5299
7853
1358
7172
3711
2914
572
5849
49
7641
7970
4331
6111
1939
1696
2660
6751
3045
7197
1977
3227
7263
2791
3815
1350
32
3133
2120
1058
4567
1526
4527
1348
7211
5852
4317
5636
7085
2721
7009
5869
1578
6291
151
1456
7017
6423
2917
5865
3582
1709
1920
1641
4417
765
5870
4658
6806
6950
850
5700
4292
7008
1198
350
3808
2053
195
5846
1854
2017
4042
7348
2214
4663
715
2921
596
3646
7697
2455
3619
380
4176
3441
6529
6597
270
4874
2296
636
5521
4009
4740
1376
6101
2454
556
2209
5907
473
2347
1911
4840
2479
3410
2777
804
5743
7603
172
2225
3326
1355
6168
4216
5564
7377
1645
7072
3572
574
7587
7550
5178
232
6347
1412
4821
5889
7558
5611
75
3140
1016
38
4127
2676
2073
3605
5922
5987
548
6425
437
6553
2881
184
7777
7049
4445
2682
1556
6035
3432
1981
5771
7454
3031
1057
1093
7376
7600
2635
546
7983
7600
1323
1373
4346
5648
2203
5169
7131
213
6370
3442
2928
4178
2283
1448
4821
4054
7604
1499
3026
1771
231
692
2112
5497
5264
2207
6
2533
4499
3065
5694
1551
6134
7861
6783
3971
1194
7533
4765
1931
6745
836
5800
609
2990
931
4619
2846
5510
3323
2322
2815
6148
1327
4912
1865
519
4732
2038
6023
2829
2781
5504
3977
2397
270
1289
5554
730
5152
6256
3622
1643
1448
3355
1193
2886
6245
4455
5303
7643
7107
317
6760
3649
6344
3597
4359
3578
7736
7111
1829
4259
1852
7331
7049
5597
2506
5337
7266
7657
6506
6339
7259
6680
3223
3633
5716
4282
837
2803
4619
4383
5877
2669
817
3065
1700
4691
6801
7458
4048
3990
4780
4752
3485
7760
2745
39
6112
5225
3591
4163
3474
2961
1408
4064
5019
1978
5629
6022
5872
1128
4020
3843
6563
5509
1306
1822
4845
5313
2410
6781
1609
6465
4424
4899
573
2041
876
1481
3853
5271
7243
6816
5730
7869
3624
3519
4850
3475
6439
1241
5719
2538
1124
515
1865
3234
1347
2087
4258
5317
434
3390
5000
7759
451
5873
1440
505
1650
2168
6475
1536
826
478
2600
609
1218
6098
7267
4534
5350
1142
7099
3879
5967
2289
2043
6921
812
4149
5234
4777
2164
4323
7413
428
7756
3500
2472
4525
3352
5026
804
99
388
4138
2221
694
3583
2758
6780
7379
972
3417
482
725
6703
1924
3922
316
3505
5965
3058
4032
3601
4021
7762
3041
1072
5314
1432
6528
6571
6448
5688
2367
1814
5023
6115
5595
4536
1623
6816
2501
5040
5901
5278
1401
1459
7043
5453
199
5699
7661
6313
6629
5872
1476
185
7398
5204
7160
3117
6272
5067
7611
7395
7771
1641
7956
7167
932
4816
6189
6144
5438
4326
7272
7008
5740
2496
6721
2871
133
6676
3949
201
5212
3165
6808
1028
2805
1139
6136
3644
1727
6165
1619
5393
417
6862
3145
4254
6
5664
1123
5035
4592
5700
7167
2221
589
2291
1923
6403
698
4245
3551
2565
5558
1138
5996
2490
3717
5364
1161
6957
6072
2110
3210
6086
7551
5591
945
3591
1191
2646
1791
2021
222
6493
1137
512
2702
6758
3376
2978
7650
705
6975
1670
2500
5337
4902
104
5758
3252
3057
4259
3902
400
163
2793
6376
669
3351
1149
1369
5318
6984
2652
4012
4544
839
4688
6758
6912
6469
1486
7558
4005
3588
5611
6031
803
1793
7638
2786
1774
3384
7856
3925
1486
6546
5106
5284
3272
304
2863
2802
3090
1483
5303
1274
1196
1161
6767
1788
3643
6466
7155
7686
4891
5363
2006
2503
6003
7287
4903
6570
1408
7824
755
1659
7015
1063
2502
5949
1047
6918
971
4396
5387
313
1924
6760
1815
5166
231
848
6579
1311
5931
6434
5004
1503
4012
5385
4232
1101
1640
6119
6493
7056
4282
7645
5093
6723
1399
4871
5790
3127
2381
5874
1878
7021
6847
7970
3213
7298
1785
4976
1703
1531
5903
4127
3484
4313
163
5493
4318
2379
1987
2512
2650
1585
1965
6891
7011
2777
6297
5241
4772
1189
3716
7914
368
1408
4690
357
7182
7276
4360
1726
6666
2875
6438
5417
5850
1086
522
5732
3619
2477
1829
1884
7265
7566
7457
6962
7280
6180
3029
5797
6206
2972
5932
6022
907
3085
5247
605
1724
1455
6002
4965
5405
5465
3062
4624
5114
7066
5597
6225
404
6721
4577
2766
3951
7522
2116
5696
7527
3629
4469
7642
3324
1289
1603
3773
6813
5474
4436
4137
3562
2090
1165
1660
4499
5609
4985
580
1279
1515
7589
5908
5704
6781
4393
6745
4697
2774
1640
4290
4840
7790
5364
3091
2149
3835
4592
1827
2400
4827
3429
229
7119
5430
5282
1399
6724
5274
939
2993
4270
6497
7920
2798
2379
4238
5192
5553
4653
1605
5129
7812
3678
3581
1692
7441
972
1704
5218
2791
7638
5013
7526
4246
2904
653
7150
816
5269
4335
2447
5844
4148
3732
1839
2587
1500
6794
5112
4605
2746
2707
2996
2972
3932
6830
3773
6591
7825
980
6720
2360
3540
3862
2696
1274
6624
3323
4206
7379
5374
7432
3083
2339
4291
3485
3482
7100
1471
5419
4369
6399
7662
1107
5595
7973
5980
3448
3623
6139
6208
7584
5748
3995
1694
2157
6774
4636
2424
672
4946
5632
3684
7556
4933
3741
6819
3662
2876
3319
7632
3443
4338
6768
923
3987
4529
5031
3155
7500
5340
850
6315
4078
7734
5997
3153
1142
7098
6013
2615
5761
900
3433
353
3043
7071
6131
90
1589
1416
5655
5925
631
919
1917
7999
2548
2262
1239
243
3531
5187
5641
1813
4136
5260
7595
1029
2483
3762
3930
2245
871
453
1881
5609
6132
106
6009
4252
2357
1868
1659
6246
6668
7221
4540
4594
4552
5398
6488
7702
3692
7319
2815
5661
5680
2714
4187
4078
4736
6829
6867
1066
5975
701
1680
4867
1226
2005
1054
4916
212
6714
7186
4057
6124
4339
5129
7546
3880
3290
723
2011
5302
1803
330
302
181
2454
228
7846
1910
1964
2780
7592
1948
1102
2714
1169
5528
6188
4826
4455
2951
5091
5060
7823
4761
3761
1884
7088
4214
1606
5385
3229
6263
4619
4238
7217
5377
557
2798
2643
5256
7901
6327
5928
7738
5628
581
2655
901
5984
7052
6175
2128
3489
7856
1323
4422
3091
1087
2816
1638
5539
5264
1421
4606
489
1209
7509
5781
2578
4908
4076
2145
5326
5929
4490
646
6967
4956
2603
6332
6956
6238
6878
1260
1559
2326
3219
154
5391
6543
1725
1655
5594
6965
5591
5881
3610
1998
3265
1930
2043
646
5161
3658
255
3426
5589
4111
1472
1950
4679
6092
4297
1823
3595
6290
7073
2858
3928
3179
4127
1790
2126
6730
500
7006
4931
6029
7005
3022
1585
4849
3352
4768
5891
5572
4098
5487
5805
2570
2704
1398
6135
2716
7533
7312
3267
318
4139
245
296
7893
3507
6790
3096
3944
7754
5386
5442
818
4333
2163
2725
7685
2904
6530
2301
7807
3687
5663
574
594
4454
6218
3208
7594
2350
3919
4976
941
5012
859
3269
6108
7497
3532
5986
4894
39
4217
7799
5457
5974
1876
5386
278
4800
7178
336
2719
1740
7527
499
2029
4113
5863
6973
7762
577
4962
1826
5482
4211
3557
2813
5041
5448
2641
2310
5315
7854
1756
5913
954
6631
5603
1362
2547
2381
4257
5246
2560
4216
4787
6757
911
4869
4865
47
509
7473
6120
46
6012
293
75
7986
7555
2913
2672
2293
176
2765
2262
1377
7877
1708
470
50
7228
4165
2563
1605
5499
5639
2240
3283
1481
218
7156
4281
155
4206
2706
3301
2402
474
1495
6456
4380
5044
2803
3756
1884
3704
7369
4691
6850
4712
806
6054
560
3815
6291
6709
5727
524
2887
898
5096
1705
5530
1112
5644
4899
6787
1716
2699
4955
2268
7570
4626
4217
6648
6875
4739
4378
7708
1121
2887
532
6177
3599
4134
7036
2
4880
1881
4913
3863
82
4496
4493
7385
5970
6225
5555
289
3079
2192
6019
3877
343
2273
2181
7187
5791
1481
3199
6846
2546
2913
3284
3886
3243
678
4743
5410
7051
432
920
1994
7024
6435
522
660
5278
2118
6140
1639
7773
3993
2929
6361
103
7322
3457
1296
5691
2491
3461
5038
7397
5589
5638
5653
7392
6616
1022
6388
1165
6582
4858
2082
3003
5818
7444
5814
6553
3816
5474
5573
4368
1452
3035
4217
4344
1415
7301
7769
6450
4501
6728
3993
2602
7801
3912
7644
6672
6078
7861
1096
2551
7784
5189
7051
974
7470
4530
624
1586
6778
5378
1097
2754
7279
5463
2676
4252
7289
2159
6626
6040
3648
3185
2310
5502
3682
6265
4716
4258
7162
4505
6772
7657
7529
4834
1716
6787
3976
276
7552
92
880
1082
6361
1297
412
3947
4645
6582
6447
5347
5103
126
5639
6444
6852
917
5991
5060
7223
2630
6057
4075
7292
4650
1366
6680
5174
3958
3312
5387
3947
4325
6714
3331
640
778
5046
4462
2856
5564
4456
7851
6681
7731
1629
6384
4079
3818
2607
7263
7510
6360
3273
6338
5454
7851
2664
3590
7895
6117
731
669
3819
4551
1093
2828
674
5181
771
6700
26
6052
352
6770
3230
275
4486
1510
3565
2558
4428
4106
7913
4767
7813
6598
6830
6729
7757
190
49
5787
5467
1503
7350
7116
2459
4748
3730
6228
437
377
1560
5622
2020
5686
2715
7354
5617
3337
481
1226
3403
2921
2652
6685
1545
7456
7931
4260
4413
1262
6662
6553
644
7210
99
4859
697
2863
4951
301
6068
6211
1589
2015
2993
5101
5001
7238
5156
2289
5352
2504
253
7568
1685
4067
6113
5759
4895
3030
2990
3915
1578
1411
5566
4640
2622
4512
3081
5573
1490
4900
5571
4661
5116
5309
1382
6800
4961
4400
3285
3303
6304
3195
7245
6325
4842
2672
5195
4869
6654
4694
3531
1209
6949
6476
4474
702
6123
5754
7735
7734
3994
5566
1851
1747
6114
2824
7357
6183
4470
2980
3591
7505
4876
771
4015
3071
1840
6896
5780
2336
586
7949
2674
4507
5641
7474
7395
252
5093
6495
413
5120
6352
7931
7463
2679
1705
259
2821
2609
4672
219
4480
3249
2563
340
396
6683
1568
851
6742
508
6450
2632
7971
2481
1935
3697
5396
5669
2270
5898
856
654
7849
5625
4087
467
4541
1270
7217
1493
1719
6453
1409
1548
1521
1580
5125
1123
5240
6370
2439
2897
4777
4397
4034
4401
1253
2684
7690
2138
5202
7492
7066
5803
6849
2650
6183
3063
1151
3936
4065
6148
1496
2339
3815
4479
5749
6559
434
2972
7308
6924
2248
338
6091
2841
2892
5354
3683
4959
3081
2406
5179
3233
4610
3050
5929
5654
6430
6100
2582
3119
5611
856
4456
7387
4921
2254
2319
2938
4308
6699
7068
2996
265
1628
4651
4493
1848
3789
2260
4984
6186
4473
5126
264
1051
3457
2030
7985
2703
7694
1045
7041
7820
253
85
7978
5121
6768
2786
4583
7070
7651
3844
4528
2028
1860
1410
5329
6380
2550
7265
6323
3208
7977
7735
2671
1377
3319
6615
4413
5744
6354
3001
64
1796
5048
3038
6078
1178
34
5784
1114
3743
7141
6883
1625
6543
4728
1082
298
2402
4736
6909
7933
6289
6169
7483
7745
1489
2931
1475
4759
3009
265
4582
7805
2754
3894
3593
5348
4991
1784
4211
6915
147
4174
2951
4039
6897
5488
3390
2090
5432
631
7697
6930
3679
5437
2655
7012
6000
48
5007
4157
4978
1779
5436
4894
3355
3255
6309
2999
4577
3662
4709
312
1387
7138
4555
3897
6539
4019
2967
1293
3364
7859
491
6494
3167
5858
7811
1579
5415
771
4598
5723
3029
6867
912
5034
2691
2381
2978
114
6584
3238
1433
7302
738
4642
6721
6599
757
7862
1053
1521
1288
1257
6367
2828
4210
5664
415
1483
3115
4105
4998
6721
3932
681
2706
4276
2643
7512
1862
5132
3077
6374
5680
961
6786
335
7631
7764
1501
6294
6719
4336
137
4144
817
5617
5412
6211
5456
7033
6508
1781
2724
3585
5796
3361
4160
6106
361
1090
7375
33
5807
1259
7764
5323
596
924
2670
4278
7406
4941
1923
7703
5075
314
5210
6003
7712
5704
250
4086
1051
4036
3446
3560
4430
4550
7932
6832
5269
3588
7739
5086
2327
4044
6174
6750
5774
1822
7817
1681
891
3572
7364
2525
1775
1635
3454
7462
3392
1830
2415
1257
5247
1345
7085
5695
6608
1585
6689
1966
419
7651
2033
6874
4249
75
5642
1226
992
3557
7249
490
5911
5440
3443
1512
1793
4196
1701
2607
6074
4549
4394
7846
4413
4070
6484
3461
700
5329
6696
6114
7479
6438
1831
1114
5567
7238
2332
3964
7615
3
7882
7927
1679
4932
2111
774
2415
125
3214
3955
7633
5194
1522
2796
4242
5187
5142
1493
2773
1664
793
4653
1779
5005
738
5316
3664
7697
3037
4586
6759
2891
6647
442
449
7776
4386
4863
994
1146
5324
1162
5429
4859
7302
3346
3462
4831
7086
4256
6381
1338
5091
6687
4866
3987
1557
7157
6609
3503
1673
5999
2626
6090
4107
5008
3577
1964
4830
7744
1748
3605
6444
3509
4242
7992
3172
4676
6534
671
3087
1752
4932
3307
3650
5037
3208
7096
2571
914
3909
7795
4075
1042
4530
1661
3206
5573
900
5007
5660
7339
7525
1804
1472
6297
723
267
449
5024
4391
5209
1082
4175
2010
1822
1387
4481
2671
6509
1644
1372
7024
653
1037
2873
861
5023
1176
550
753
7965
1229
1164
4318
1590
788
529
5525
6169
1743
6443
1052
6225
2095
377
2402
2918
2028
5133
3764
2738
5254
2057
3076
1342
4016
2400
6396
1402
5879
916
6698
4462
4530
10
1970
1795
6795
4732
803
4752
6698
4636
6048
2942
2065
223
7367
4022
6372
3376
127
5410
2298
604
2703
2238
6400
6276
920
3129
6391
1936
4349
4903
693
6297
2856
3077
3561
2023
6055
4188
4132
6166
638
5190
2081
6970
5186
7374
4230
6882
5624
3490
6187
4819
5205
2485
5302
1103
1129
1021
5304
141
5756
6044
4843
313
2932
4928
309
2773
1768
7162
2546
7421
3026
2005
6369
1498
4171
4638
5862
4664
1517
1508
2062
7617
7431
6122
814
7487
3348
7142
7343
1541
3678
5727
2475
4902
7878
5502
2963
6373
7625
4291
3573
2919
6999
3359
3314
4985
7123
7255
1426
2934
526
471
312
7631
7259
397
6753
6821
2216
109
973
4144
4935
4258
2594
5700
1562
3816
3305
878
3301
6015
6324
7946
7354
2618
7454
6161
7106
370
889
1751
1000
3553
1285
1291
7003
21
1397
4988
4159
5680
1864
2885
369
1846
3770
2916
7374
6317
5640
7939
2017
684
6497
3185
2003
6235
2364
2633
6209
6207
1367
7941
743
5865
119
386
4692
2070
7569
4921
47
6772
4133
2847
6670
565
4239
185
3125
3929
5618
5700
4397
7653
1074
855
1283
6853
1390
3597
5883
7856
1594
3732
4811
2680
1661
720
2675
3067
7704
5317
6614
4401
7722
7682
2548
5032
2130
7053
2855
6740
604
2649
5679
78
1361
3580
1382
6591
4698
5761
3808
3304
5249
1023
491
1248
1939
4494
5732
2242
1528
6652
6023
5019
2157
5529
571
5229
4580
225
6481
2088
6334
3605
6087
5080
5006
7867
7788
6672
6717
907
509
682
3691
6712
2619
500
412
4584
665
2787
6375
3475
4379
7579
4202
4234
6883
5650
4891
7261
2862
6970
4398
5728
5837
6874
1027
3754
7069
297
5477
3323
7642
4250
853
3935
176
2943
2252
7595
4766
4471
59
1102
2732
5061
914
7215
297
6072
3168
852
4265
1721
4697
2799
705
3971
5894
3435
426
688
1622
5744
3240
7279
2654
1143
7440
5225
279
1286
5589
1176
7792
7409
4566
1219
1785
2706
3265
2447
2266
1288
4133
2135
2545
1733
1740
3549
6496
3020
2960
6624
7522
659
4938
6437
3495
286
226
6644
7369
5657
2112
5764
808
4554
4689
6756
533
4432
7890
6916
1454
7038
2803
3407
4296
3751
5459
7090
1682
5705
2896
880
2347
6093
7940
3054
158
162
3877
5057
7067
4531
973
7048
7301
3477
7297
1297
3628
6425
1828
1990
3889
6717
4222
3968
3486
209
2436
4417
5266
5115
5526
5441
3491
2134
6671
6015
4502
6492
1946
4463
6360
1981
7841
1425
5013
161
1732
7577
4595
1839
7158
6542
3725
1626
7029
5570
2510
4759
3250
6558
4236
6845
726
7716
5206
4385
1254
6397
5671
6851
281
6163
6229
7958
6142
5938
6304
3959
3041
3947
5815
3803
6373
848
1776
51
6524
1695
3256
6420
68
7527
7500
4619
7213
1205
1332
315
2286
4863
2410
4063
6404
5171
3459
2982
4307
6791
283
6142
2077
1778
7813
5258
4004
6363
4050
2659
1472
7873
5168
1311
4531
3938
1736
1752
711
3978
2856
2917
6120
354
3153
462
3290
7612
4845
1051
6629
5453
4930
2885
4763
2991
2107
4943
7577
7735
5524
1994
4571
6138
5508
7295
1197
5676
6160
3391
4867
6950
371
7381
1391
6274
4459
352
5175
3107
6291
4566
