2693
1817
2919
5290
66
4889
7122
4086
4212
905
7357
1521
2955
1587
7549
4558
1226
1776
6762
1831
1480
744
7259
949
7824
5322
2665
2909
3189
2905
3308
6202
5622
2441
1834
2433
4225
5369
4795
4405
6066
2825
1209
204
4783
3386
7341
5561
185
2552
6839
2162
1975
1428
6787
4938
7039
4934
3696
3559
2676
7586
5679
5437
4347
2613
6092
6695
6766
2238
4717
3493
2807
5953
2654
4589
7636
5855
960
3088
6022
3502
5839
2890
1609
4805
4359
5078
3072
3439
6758
6551
1251
793
5582
5613
1654
7642
4266
2724
3225
1265
2128
3952
6305
2551
648
7157
3574
6138
2671
5441
6531
6624
677
379
1382
77
1088
2346
7707
2800
6160
4338
7681
5335
4804
3416
6953
5917
1846
3221
4531
5718
5459
4861
909
3382
4236
272
6914
6484
3304
6176
497
2261
4011
3299
4302
4475
4007
6728
6299
5380
1529
827
5832
889
7068
6315
3558
4504
1540
3137
3641
5512
4765
1360
4754
2876
6702
4686
7855
1906
2532
6615
494
5557
2466
1725
6057
4559
5025
7673
763
2990
3778
6222
7682
1653
7188
2298
5385
1481
4994
3282
3162
7783
4446
1094
822
6303
2708
414
6345
7307
4776
2128
4208
7456
3213
1716
5762
7478
7675
5396
7700
1281
554
5364
3076
3757
1219
3887
5740
1915
7687
1954
359
3599
5552
3539
1931
3833
1680
4226
6337
629
6334
3724
7885
4745
1041
967
1006
7245
369
7517
782
4964
5054
5225
5918
4663
3171
6697
231
6480
177
92
5612
6210
4456
3649
6064
2395
3459
3354
7705
7173
4665
1248
2354
1865
3232
5063
6007
358
7162
7544
6572
2582
3205
7412
6954
6694
6633
2349
5221
7333
3742
1801
4807
4035
300
3899
4328
4468
649
189
5616
7121
7070
4248
7806
7593
5244
1465
1635
3744
5031
4435
330
2592
7554
6588
7333
2260
3816
5586
3776
4444
1788
3346
1044
5416
2657
5833
2878
7882
1349
143
6013
761
2274
7621
6441
4533
3945
1708
2844
3619
6412
5905
4204
6438
1317
729
6913
2344
5443
4683
7876
6034
2847
3714
4296
6543
3163
1198
1718
6416
6940
4361
3747
843
301
2257
1513
683
1449
457
2471
6906
2204
6606
5718
3959
263
5694
1520
4563
575
4814
2757
1386
4656
6577
7899
6607
7447
5480
5817
1105
6472
3664
4489
6276
7453
6346
3738
4347
1666
5712
5323
1501
2201
1091
5487
3798
3621
7601
236
1036
2752
6433
5680
2463
6348
7545
5929
4009
4673
2504
3553
6141
2747
4031
3881
2266
3837
6940
592
6296
7703
5168
99
6016
2011
102
1769
4470
4430
812
1623
5724
2753
3699
6016
7638
5188
637
7847
3704
5822
3038
5383
2420
4405
7606
4934
7737
7870
59
511
6457
7374
4413
3524
99
4803
1114
2384
1800
5968
7630
6506
7062
4439
2898
3422
4062
1817
3050
4007
5118
2864
1959
3537
6553
6127
7298
6780
610
2629
1481
7546
4325
3278
6164
4114
6274
5969
5603
2095
2068
7221
7585
6715
943
4544
5463
6100
637
3376
6249
2376
1209
3935
5159
6556
3369
663
2303
3842
6836
6585
4798
6829
6497
3597
5301
362
330
3351
5324
7495
7134
2116
4247
7423
7279
5613
852
5875
7442
7888
5060
6857
4426
6575
376
2545
4579
4732
7762
1866
1113
2535
2083
1955
6288
6037
4027
2721
1585
4113
7329
5306
809
6988
4914
7047
4439
1474
6715
1106
608
7790
6306
5582
1517
3187
5516
7244
1964
537
1503
2012
3964
1309
2066
4690
7237
7584
4170
220
1272
2047
3568
3268
4411
4121
5926
3212
73
3179
1547
7722
29
6298
4450
5777
962
2108
358
6654
5281
1708
4384
7036
2495
1277
1163
1608
1735
472
2194
2474
4099
1854
6356
1807
2874
1467
4810
240
5712
2114
1114
4145
5039
5718
6094
788
2478
3985
5176
1845
7032
5033
1533
4206
3128
7122
2398
3666
2239
287
4363
7587
2314
1653
5339
3231
246
4727
2030
44
7025
6041
66
7679
3453
2741
328
6964
5185
6175
2892
7012
3842
1398
6621
2596
5801
533
6592
4238
6602
3707
4180
3694
7843
2581
3717
7369
6197
6001
4791
2927
7452
2067
3810
4814
114
3517
3149
4058
5281
2374
6172
6966
3403
1767
7538
7637
4315
6006
5012
7928
7080
7147
2515
4965
3428
5142
1577
6576
7175
4008
650
4229
2771
7667
659
3147
6443
1759
6233
7787
3042
5424
2206
5584
1954
4982
5369
48
1103
7025
7571
1035
4923
2886
5207
2768
25
3556
2916
3288
1513
977
3776
6830
7588
4843
6432
3177
4589
3353
1711
1995
6223
6737
3992
2964
4499
5598
4968
4709
6733
3202
7732
1792
1979
2545
4104
7371
4120
143
2204
887
1440
7682
1709
2646
1931
6973
894
5993
5949
1271
1532
5036
786
2691
7914
5843
6655
3354
5986
972
2863
2145
1134
664
4586
7482
5661
1278
3498
6922
7786
150
114
352
5734
6432
5113
5231
1399
2820
7137
2374
7249
5052
7499
6478
5164
6742
2594
3506
5584
5155
1794
5203
5502
650
1897
6975
4277
1210
3360
2139
7215
2764
6020
1347
4603
2216
7582
7956
1540
2782
36
6953
1277
3323
2202
216
5074
2680
6203
3378
7419
2978
2016
5473
5743
3462
3921
4085
3488
4277
910
1289
2612
2664
1977
7827
4708
2864
6336
271
6286
7519
5437
772
6605
6308
406
6940
1661
653
2211
7396
5886
923
2791
4444
6929
5065
7506
5976
7535
5155
2865
2072
3864
2734
2307
5511
3692
2448
1201
90
7146
2360
1316
1726
1002
4405
7670
2242
5125
7591
5473
1111
3387
65
271
1705
1862
3136
2517
3839
3720
6646
2321
2290
737
5791
2708
6570
4973
2889
6544
1930
3383
990
3343
777
7930
5911
6200
3875
4201
7885
5906
7887
2620
3048
5065
6221
1981
3239
5367
1674
6543
3680
111
4570
3602
6925
2133
1282
3366
3800
5577
3747
1635
730
172
6168
3568
3747
7370
6470
6430
5915
5284
2191
1986
2588
7480
4183
1810
1484
3936
2219
1796
2997
2707
4282
7690
6155
6077
2434
1515
6395
1198
1808
4870
5352
4697
5295
6046
5283
180
7926
3040
7807
6099
773
1255
2142
1826
1183
6039
3784
1867
7560
6829
796
5841
3823
707
5183
3248
5075
5950
2730
5012
2047
3176
4885
3792
5351
458
3970
3869
2062
5913
1990
5115
3034
7964
4846
6753
803
4640
3044
7039
6822
7296
2550
2695
7357
5334
6741
4990
7283
2843
4988
3768
4214
998
6446
3692
5438
2358
7909
6808
3995
2220
6106
2935
4054
5283
7194
7344
5750
2458
1650
3222
578
7948
6516
4472
7292
2832
6184
7691
7662
6618
1989
817
6025
7455
5225
7539
2220
7513
4829
3485
4841
6330
2300
2056
2215
366
2985
7882
1755
7312
4341
2412
7094
2136
5831
7100
7878
6117
549
6447
4660
5178
6219
2500
5597
5025
2478
7354
2676
7182
3947
662
2825
4032
3014
6373
3969
3138
3529
1049
779
6408
5156
1864
213
7371
4211
120
3147
4527
6792
2909
3467
7721
2900
1145
7301
712
7801
4053
6195
1037
3145
3958
4692
2804
2109
6651
873
7315
6615
1610
4427
5314
929
1300
1651
7812
1081
5271
3229
388
3797
2600
4173
910
4692
1240
4114
2713
416
930
2854
1065
2062
4899
5261
1774
899
6891
118
813
7617
4776
4738
5020
3020
1554
45
57
3587
7406
6094
660
4760
393
5941
1120
4929
4595
2910
5593
2040
6288
1418
377
3062
5435
4649
7580
3799
1925
5408
7798
6949
1658
3022
3134
7642
1044
4287
713
6520
2317
1423
6998
7875
1040
2753
6417
5634
3800
3264
6228
2867
3459
7510
6328
6649
7441
4314
4964
2276
3993
7305
7566
2039
6325
1142
2671
60
3871
4792
2151
6643
4574
4592
7032
4155
7041
2237
3343
7861
7501
1829
2021
7905
7880
309
5722
5680
7595
2429
5095
6030
1240
4709
6183
5038
4268
6504
1921
829
6364
1521
7912
7315
813
6336
1187
6873
2043
431
7676
7797
581
1959
4662
5485
3832
3914
6105
1928
4196
901
4594
5380
3964
2001
3499
6190
5337
3056
7368
7188
5175
2456
1118
349
4356
6602
2398
6162
6674
7862
3705
7691
6414
4754
7676
4367
3490
2882
773
2235
7258
1417
4368
4261
7234
3844
4926
3506
7175
4229
1748
1348
4894
694
7049
6940
3907
3681
6167
1423
7576
2613
3704
6099
4047
4215
6223
4245
6413
6136
3642
5082
2282
5944
1099
4405
755
2712
1211
3830
1541
6638
7280
5136
5390
285
6101
1041
6878
6824
1530
1414
1181
2827
5641
382
5923
3797
5480
4097
6257
3612
2523
2036
4294
4071
7437
7334
7553
1945
2617
6411
5244
2039
7450
6166
5606
2473
4409
1712
6019
3009
1084
7773
1133
1262
3054
20
4874
7372
6911
6738
4203
6933
4555
6281
5777
3764
1806
577
7124
2515
1842
5712
7301
2975
2735
5570
1399
2670
4647
7461
2785
303
3672
7782
5772
67
6082
5458
4624
5128
1749
387
4164
4919
629
7259
4227
2771
4558
1076
7645
2593
498
1145
691
4517
7110
828
5384
2062
2976
5108
7139
3436
4857
815
6899
2579
7847
5866
2773
6122
5523
5985
2326
3084
2551
5669
2617
5188
2464
7761
3004
3444
1730
2552
3556
1615
385
6335
1477
2507
7746
5938
4754
6846
1570
3787
3151
5303
6816
4187
4403
215
5292
1382
5185
7859
4945
6793
2705
5219
4217
3508
3166
4247
5255
7044
5080
2076
3876
928
1594
4455
7407
4558
6419
3186
4745
4365
1687
5463
2607
2775
2001
4400
545
5704
6952
5215
7980
7331
7948
1081
3801
3457
6667
761
3040
6120
7702
6044
4691
44
1594
5605
2225
1798
4695
6637
6428
7680
507
7961
2461
5687
7551
1776
158
496
6810
567
7783
760
6736
3897
1702
2485
4310
4667
1315
5500
4210
4239
760
5324
1536
7294
82
5345
7342
1269
1908
5111
2587
1747
6275
808
1553
7139
397
2190
614
3118
888
1592
1297
3422
1251
5423
2759
3400
6903
2497
5846
2286
1956
7474
1039
7911
1298
551
6151
3186
1310
7243
5923
3217
2423
7045
3148
2313
326
1349
2007
6442
1859
3755
2011
7248
1428
4818
232
1457
5954
1344
2576
5647
2918
5558
7596
4006
2991
3643
4899
3520
6182
1129
2130
4219
6081
6559
7176
4436
1910
7199
5292
3272
2542
4483
3424
5557
4395
7383
3373
5896
2538
1993
5346
6093
1244
5447
5672
4024
4078
4836
7088
5608
5939
7247
1856
2910
3465
6947
50
7968
5654
5769
3182
1934
2710
4755
6835
1385
7347
4847
662
7816
5820
2356
6379
6847
4240
5027
517
4763
1317
7994
6942
7338
7802
725
3858
7041
2400
7563
7625
7652
932
6292
1822
6418
6928
1727
6027
649
2679
6102
364
5501
7655
6461
1340
2759
3978
5503
4608
2693
523
2072
1406
5105
4964
3965
6166
2127
5514
4796
302
5896
7699
156
764
5331
6378
2454
1137
7415
6696
2276
859
6445
7284
3263
3659
1183
4740
5939
5800
3946
5326
7048
5326
533
3295
538
5271
1800
828
2144
950
2657
3378
526
4153
3153
5413
6485
4561
5820
5527
11
2668
7649
5454
2956
818
780
14
4876
6368
6812
6501
5786
2710
5436
4642
6843
7510
6655
759
5353
4415
6881
8
796
7536
5984
7776
5426
1005
5565
6269
3408
3746
7028
3977
4339
3101
2492
1634
572
7450
2759
2309
1703
2786
5673
7948
909
7574
136
6153
5284
7045
4842
6987
5998
226
2292
1448
5260
13
1718
2318
7616
5162
4713
7745
677
2883
6163
6939
6413
2975
4970
1341
5868
4753
6842
5009
2807
5176
7893
2397
6021
2864
6131
1884
4484
3923
3185
5715
5420
2038
237
5904
7140
5603
7796
841
1897
2354
4808
3579
3179
778
6367
5421
4521
6258
1274
7304
5506
6545
3658
1353
1564
4490
776
2281
5089
7972
6404
3232
2968
709
3505
4269
6673
3703
1866
2731
5008
7869
7562
329
717
4754
2545
5382
7776
5484
4179
1555
5151
4039
52
475
1752
5589
4371
2183
4912
6156
5601
7573
5052
2168
4696
1684
4546
7743
4875
3367
6239
3678
7695
1967
4869
4607
4768
4974
2478
174
2938
2299
2955
436
2758
654
5947
2444
7606
6198
7869
6518
3523
2190
900
7455
1584
3655
3234
6116
5570
5566
3230
7032
3371
1797
4708
1293
6100
112
3865
5687
7631
6123
6524
6410
1528
7052
5711
3568
5930
7211
3857
2729
3477
6940
4983
2613
2401
3458
5487
3489
6841
5922
1959
5166
3291
6920
6602
2099
1128
7654
5684
4932
2439
469
2384
7313
6977
339
2660
2333
6494
3269
7571
2056
3511
6662
6126
4147
2038
1915
4822
1003
36
2669
7459
5073
765
2254
5405
7923
2174
269
84
4867
2864
7584
3992
3432
7039
1555
6433
6544
1147
1181
1117
6666
4337
6809
5146
2511
119
5043
2908
4173
4045
1654
759
5430
7921
3127
4035
417
2145
2990
3981
2492
6255
2492
500
6841
5660
6020
4787
2892
4134
565
1632
6235
4947
1820
3977
3746
2507
5617
5374
4371
5796
7442
6590
5746
6504
7451
3583
4984
5664
4930
7330
42
7033
2433
3868
6417
4346
7455
4840
561
4691
1548
6660
5523
6562
1144
5599
6467
1582
3350
2841
1612
1383
551
793
6296
253
1973
384
846
4277
3547
4808
7358
668
4767
6526
7453
7056
2662
3987
903
4997
98
2808
7032
5519
6169
6914
1471
805
5551
5826
896
2039
5893
1359
3140
5478
3383
5418
1437
4945
226
4381
5063
2031
5644
878
4346
7632
7347
4999
4814
3967
1616
6681
403
2819
688
7071
5888
855
3209
5040
4470
7067
7235
116
1350
7151
5742
7116
1565
922
7270
5998
6176
1860
7419
2937
5027
513
2720
4956
5721
3942
2242
6824
5861
4523
3957
2624
4101
352
1396
7032
5498
802
3187
5861
897
3741
5987
5444
2268
4540
6268
3401
5592
1349
381
2042
4372
5503
692
70
5366
5137
3768
1286
5179
1130
6490
7180
3513
7345
4948
5805
4525
7068
2522
1589
5293
1239
1185
5149
804
3601
502
1521
7529
11
1435
3023
3435
6431
2363
2986
1656
4472
2136
2974
713
5297
4592
3723
6220
5387
5858
1315
1664
7454
1963
4548
3358
2962
489
6079
4976
6065
4298
376
1540
4182
7393
6040
7428
1367
4976
2096
3095
2604
2029
4211
6519
4228
7559
1867
6095
4546
3887
6913
52
5498
2035
6575
5599
4168
7368
3661
3336
4166
3171
2742
1924
7748
7141
170
5021
5815
7444
4248
470
6217
4373
2479
7761
5021
1112
5893
6452
3276
477
7030
1514
7215
423
6810
3846
3377
3135
3521
143
6896
4161
6532
6912
4849
1934
3581
4804
5625
3340
6298
1303
6437
6796
6867
2805
7140
5227
1438
1777
899
2543
760
1761
5217
3898
598
2668
2397
4719
1333
3590
6248
6987
2501
6163
1109
4780
7127
1424
5831
4900
4371
7378
5521
4081
716
4183
4942
799
159
7997
1086
3956
4351
4152
6217
6706
7047
5018
6972
4326
5177
5537
4778
4815
2490
6079
7896
5841
3976
2710
7280
7810
4681
5470
5806
2936
3587
6060
7744
2286
4800
2578
2556
5930
1023
5580
6898
7654
5286
6694
7348
3463
4823
5935
6484
3615
2244
5695
1748
4174
26
95
7013
7456
654
1521
7990
5261
7850
7787
4816
5350
4243
903
1434
926
1300
3578
7784
256
6039
139
3796
3406
6819
2876
2704
3938
1159
3656
4737
7007
4881
5696
2999
6045
3993
3785
6413
408
7967
4701
6024
905
2430
464
5397
1580
4111
1618
491
6552
5750
7591
4705
7118
4449
2769
339
646
6338
7829
3624
3856
7418
5630
2914
3447
5231
2602
4968
6638
1187
7498
2763
1012
5835
4445
4358
6732
30
4874
3862
1368
889
3224
5862
7112
1873
566
4036
3369
3620
645
206
4669
1131
5422
2923
4556
5309
1918
3522
7290
277
6281
1628
291
896
1666
2303
4939
2385
7282
4331
3113
4623
7303
1230
5059
2321
7099
5873
1039
2764
6997
2104
6150
2119
3188
2816
2424
864
3876
3740
871
5992
6077
3904
192
1980
417
3857
4858
4555
388
6234
3344
3634
23
812
5626
4496
1323
5001
4471
2950
4395
3519
7077
3833
2309
2785
1370
543
7162
7586
3835
4688
6564
520
4433
2934
2250
5260
3627
5432
7982
6971
4213
5461
5747
3895
4796
1674
4729
2027
7035
7285
7219
7932
4679
7494
3158
7698
6302
1908
262
5390
5730
686
1688
6443
2896
1863
5889
7981
684
642
5660
3092
4865
5564
6126
6257
3690
861
2910
5761
3251
2235
654
3820
5566
4877
348
1943
7289
7986
2338
2442
6265
2785
758
7339
1218
1962
3853
660
436
2021
6333
1869
3797
5566
5923
4945
6621
1686
4740
1328
516
762
3981
7844
4875
7133
763
5497
1252
5795
6637
6360
1356
7762
2956
1607
299
6556
208
4790
5210
7487
1729
3888
2313
4578
7393
5816
7163
271
6177
7056
2062
6124
6615
5536
819
2365
3447
7783
4270
2632
4334
2124
7646
4347
2781
3189
7132
6450
6373
2249
3395
6825
2020
4511
6335
7334
7684
1784
5700
3264
7783
2541
5090
1278
6152
5401
7515
5192
7737
51
1806
4825
7618
3923
3230
875
5859
420
5155
6271
5608
1082
7802
3591
854
4018
7820
3900
4635
5478
5668
7459
628
4665
2889
752
5179
1861
41
7873
7227
7054
4757
3959
3458
1913
6009
5490
6422
4336
1346
5655
2863
84
5903
2944
3328
4173
6750
7891
5574
5452
855
1584
1109
2864
5267
6560
7439
5020
2702
179
748
4130
5004
5500
105
2091
1007
4466
6489
7709
4978
3140
3976
2981
1008
4880
3861
916
6819
5699
5379
5317
4122
5394
443
6437
2051
3407
6617
489
6708
4915
4531
4973
301
3513
741
1823
5386
4448
2636
3011
6658
4062
2052
5397
7087
3459
7395
5267
6968
5970
946
1540
4816
1202
2746
1979
4046
3598
5357
483
1761
4418
7413
2038
6038
4356
6469
2918
7618
2635
3024
5501
405
3481
498
6640
1852
4624
6488
6770
6562
4623
7765
4235
3436
2473
601
852
3762
2549
3323
4225
1593
3645
5227
2726
5353
5465
7498
357
3371
1344
5907
3280
313
6816
5210
6612
7357
2773
6604
967
2335
1027
2445
1955
7508
7241
3436
807
2198
2408
5120
6438
6552
792
6578
1392
3308
7031
3420
7301
7355
4943
117
759
2366
4526
4496
6929
413
2925
780
6524
475
5394
5998
3769
3306
3068
729
2095
4268
633
4495
6493
5713
5682
2959
4571
1931
441
956
7472
1046
4387
4305
4272
2188
957
7863
3614
1411
1705
6040
7344
3786
6887
1581
4286
6935
7885
7126
6361
4532
5010
5828
5605
150
2132
491
5722
3838
5285
2502
4886
5491
5737
3679
5045
5799
6353
7406
3711
3508
6296
6120
6893
6804
168
4936
5041
2683
3433
1971
6518
3914
6487
4145
2198
3414
7405
3721
136
1070
5973
7081
89
203
2412
6482
60
1005
6848
102
874
5907
5928
6087
4098
2301
5048
3756
6176
1929
1110
3132
2503
5815
6804
1514
398
7871
2711
2213
7278
4070
3241
64
26
241
5970
3589
1793
1226
4551
750
1405
285
7868
2034
3850
64
204
365
3742
866
4023
527
117
6585
412
1805
5719
5579
684
374
4291
5404
938
4934
3665
1988
5030
5086
1434
4853
7783
4999
157
6335
1398
1413
111
2540
3243
3909
1278
4349
3480
6298
1156
1032
7731
2623
3451
7377
5468
2271
6707
2854
6871
6853
2986
3669
6189
1770
1758
4016
5798
7014
4150
1026
7117
7655
6143
5341
4739
4843
3233
6129
158
819
456
69
2321
6877
2590
1557
7377
7469
2463
6940
2903
2139
5883
7611
4699
2094
1329
987
1339
4854
3554
2415
136
35
5144
347
4948
1631
4806
3321
1594
683
6387
47
7384
3745
7330
7644
851
2799
7575
2107
3465
1601
4349
1623
177
6852
5103
4266
2693
375
7253
2093
1263
2174
2739
137
7224
6416
4040
3898
6629
7474
340
3610
3271
2881
4290
6029
4251
2606
947
5237
4353
1364
4003
814
873
3402
401
7431
2741
4790
4636
6303
3641
1340
6030
1364
3518
3970
7384
6267
7204
4729
3968
2173
5185
5085
5424
3179
2872
2155
7123
3339
156
5384
7577
952
556
5811
4921
6811
2978
7132
5155
1757
6954
5444
5271
6117
3808
4039
4177
5850
5973
116
5495
3816
3977
7076
4888
6930
693
1979
4065
6670
6703
3143
447
4999
4777
3
2681
2117
1454
4358
1754
6427
5011
3175
5525
4132
5538
5713
6272
6843
5518
7044
6305
4723
7303
1669
7825
4636
2485
3813
1907
7297
7632
7000
7807
4154
347
4897
40
573
1532
5369
6172
1703
1691
6166
6893
988
301
4482
4404
5272
3194
5727
4467
2234
7299
101
6118
6482
1157
3250
4484
2256
1297
4988
2140
1592
5038
2261
1370
4477
413
2086
470
7844
7287
599
7943
2884
1456
1431
2087
7205
4695
4814
7880
700
7222
4956
2912
2549
7131
5987
7383
6063
2879
6340
3128
931
948
1616
164
4388
4762
4605
3701
1600
2926
7608
7196
5625
5367
4858
7761
4273
7335
4444
2033
5196
729
5330
6890
5845
5709
6408
6443
3872
7827
2258
2372
4964
7162
6613
3685
7261
6918
5057
2206
5618
1560
6909
133
2375
240
5396
979
2875
4861
1435
6801
4639
4550
7625
769
421
2278
3831
5650
5748
7278
2479
6165
89
4374
3848
3422
7860
2011
338
4149
6306
6510
85
405
6144
5643
1237
5050
5865
5675
393
3127
3083
6549
3048
4924
6625
4623
3890
5539
2430
7639
1910
2735
3302
7081
5155
4076
1878
2978
6073
3866
5804
5487
1544
3010
2235
7460
7973
1968
6422
1736
2576
5685
4838
7515
4901
1508
2471
2986
1485
4943
7450
4120
2120
5167
5962
1060
5680
4973
1417
1102
4769
6836
745
7495
3222
7698
5547
2990
3900
7234
2499
2729
6291
3122
2950
3413
7416
640
40
7676
2992
4757
3166
499
1065
1274
5713
488
1864
4358
2916
821
4917
7674
7206
4258
4241
264
1761
2985
6780
6481
7752
5993
2516
6634
3394
255
360
1801
5204
713
1830
7937
3126
5196
1946
1464
4328
3470
2880
6878
3783
6085
2533
3879
2180
2407
7129
2518
689
2908
936
3894
7795
5876
5902
1541
5430
5969
1370
5290
2788
3789
978
1360
7419
5148
3069
5589
3508
885
6875
3490
7783
6702
806
4098
1758
2123
3848
1293
201
1584
4170
3986
5336
854
1601
576
5854
1
4215
5904
6612
5935
2053
3595
3857
21
2241
3583
6414
2640
1644
6150
4589
5159
4205
5262
3726
2711
7322
375
7467
1594
6109
2590
5788
4473
937
3199
429
6773
5044
3727
6546
920
4353
6675
7306
3536
7539
2250
632
391
6655
3505
4601
6883
2768
4967
5540
1895
1613
7355
6740
3232
3200
3138
7167
6913
7489
1342
3274
3775
5706
468
4270
3366
669
1
3813
1217
5875
4731
1352
4630
2801
2068
4031
107
5604
2547
3612
6593
6493
7657
3028
3646
221
153
4898
3265
4425
7618
2719
291
1244
1583
4025
4969
5067
6702
4802
713
3614
3914
2291
2235
7084
5762
3521
3271
1433
1378
815
2852
6625
2827
5132
5212
4646
5938
6452
5763
6615
6825
88
7887
7774
6097
7871
492
1129
3718
2144
2647
5463
3738
432
7666
6364
3338
960
1985
3148
6671
2377
7151
2937
2421
1810
830
2572
2542
3317
1765
7476
1979
7723
4879
1217
4236
4948
7436
5524
2756
6531
7164
190
801
5611
698
2496
321
7060
1254
6055
4039
7326
1958
3055
4662
3387
25
4983
7473
974
4614
5418
1926
6439
5962
3576
7801
6207
6861
3854
2581
7683
5572
4790
7230
5067
7593
3484
140
2082
604
411
5546
1630
7326
4448
5857
2570
52
4519
5569
5803
3428
6130
2165
2266
7810
4816
3320
5102
4479
4635
6877
6638
5059
1860
7888
1237
5688
7872
4368
4196
152
1560
2432
5351
7570
924
6902
1506
1950
2604
3407
5344
1520
5941
6839
5363
1509
3474
2395
4101
416
5020
1017
4817
2479
3016
6127
3022
2418
2263
2469
1917
5261
1589
5400
6609
4305
3839
147
4458
3713
763
2296
520
1958
1200
2335
3770
6696
901
3779
3423
5588
1467
1955
1889
2075
4501
1812
7398
7853
4114
2768
4292
1684
5729
96
584
5729
3406
6347
7576
6406
6739
700
269
197
7939
4956
1651
5257
5280
4964
2213
1195
643
6468
7273
443
6170
5785
234
3880
6556
1136
4549
3863
3593
5642
4514
4682
6270
3433
2903
2672
41
3934
7616
7247
6165
5834
4615
3186
1296
6645
1287
2637
2734
423
798
297
3174
6170
6421
2304
2536
1906
302
1958
3659
1658
4303
2088
4235
7030
2557
726
5654
6786
710
6584
1335
5199
1832
5272
2643
5817
5452
1885
6950
6797
3779
2097
2652
2571
250
2146
5163
4321
570
7915
3438
3368
4214
3405
4490
6788
6419
1829
4066
3073
2664
5050
3951
6773
3415
4980
5451
6303
1353
4685
2631
1947
6130
2441
7
1162
5280
4690
7312
316
3292
1458
479
7165
4790
2731
1810
1404
6198
7194
1838
7617
7096
4521
768
3481
249
2823
7234
7871
5541
7715
6098
7868
2350
5783
5623
2375
59
2800
3134
7682
1198
2247
2307
3615
123
3692
1409
6963
2985
4641
1501
6067
7617
7260
5285
3588
7495
5168
3656
7780
5717
5973
446
3801
5875
5013
3379
7618
7631
3538
4510
4797
6819
861
5593
700
4074
3463
6398
1197
7093
676
7917
1419
5253
4213
608
491
7911
29
1903
1060
1159
4828
6398
6557
5459
2829
1468
2729
5168
2997
13
2127
7213
5422
3073
2593
819
7503
6703
7152
4135
3863
885
46
4914
3081
4164
2070
2864
4571
6662
6400
7289
1343
3958
7407
5698
7328
2643
6575
2605
7030
7454
7518
431
4383
5562
1032
6764
4285
4661
299
3837
2226
2195
6528
2460
2539
4398
1301
6616
1056
6588
2560
993
6590
1915
707
6833
3439
4347
146
2786
5546
6038
1312
3263
7203
671
6415
921
2203
3155
6323
3321
7450
1186
7941
2702
217
4566
304
5034
4902
1178
7707
4762
1941
5389
7654
7971
7768
1992
7631
5507
6498
4003
3517
3479
5032
1190
7469
1765
7726
2483
1371
1081
3680
6854
4921
2122
1861
1144
3959
4374
2486
6455
1185
1808
457
7547
2047
2252
1082
5083
5527
153
2612
1423
1972
5685
5733
1313
7915
4002
1105
1545
7765
6759
3636
4436
3593
1838
6416
7535
7988
5784
6895
5006
1830
2130
1499
1761
7104
3976
1782
6106
2577
565
4947
6018
6560
5470
3252
2915
2327
5640
4163
2929
3596
5152
4902
5854
6170
1806
7581
3979
873
449
6573
6420
689
1027
7682
2349
7644
2018
2237
5754
6229
1645
2386
1186
5730
4681
6330
4764
6509
4605
7308
76
3280
1700
4646
5282
6746
5244
3949
7357
4248
5867
6462
5921
5936
4319
96
2354
7163
6659
1620
7183
5855
4681
1297
7866
3390
2915
3612
1818
3614
1116
3242
6000
3682
1444
4101
2260
7032
6646
1161
7745
3975
4432
7114
6578
4068
2150
2984
4487
6258
6247
5986
7346
2979
5768
3821
96
1158
3568
1585
7592
2166
976
2228
4757
6080
1833
1297
4049
6038
267
6852
929
4538
7900
350
3466
4032
4429
4533
4265
4770
4057
5375
4375
4446
2324
7198
524
7753
4683
7227
3281
2285
441
3087
7024
4513
659
6495
7978
3564
5928
2926
2975
224
1137
4024
268
6730
3404
1090
3826
3277
1581
3094
1524
7616
602
7900
362
1243
2147
208
2314
473
3693
6919
6535
2595
3573
1506
1869
6786
2090
3902
360
6457
6457
5113
1609
5182
4754
5816
4403
2146
1342
6399
2114
7235
7255
5179
2326
4665
6151
7860
6747
5446
6290
3993
90
7681
5901
4359
2911
3559
2362
4687
5773
1071
1714
7613
3830
6117
3818
582
4327
606
6875
1805
5128
4423
816
343
6742
3150
1956
3919
5262
5374
907
3487
437
7923
5395
7551
1641
3101
7456
4040
5755
7998
2157
6587
3398
6161
1357
7053
507
4790
3681
7472
4103
2831
840
4111
4729
3930
163
5512
7323
6089
175
966
7410
4825
151
4028
4916
1866
7202
920
148
2293
446
4767
1760
4507
3839
946
6857
6780
2103
5418
5704
388
5055
7999
4213
4842
1445
4377
1685
5790
7474
3617
1277
2274
1040
4842
7108
3882
7067
2239
3372
1619
5426
4805
6187
3662
7329
7451
2154
2536
2296
7842
5725
6592
7889
2684
7544
4195
7753
856
1100
14
5211
4331
1425
7444
1097
7974
1980
3826
4069
5510
6183
860
1235
3210
3121
1064
1032
2453
555
3362
5079
7529
5312
1767
6631
5840
5368
5899
3721
2275
1426
2081
3170
2623
1368
6543
1095
3748
6089
3007
215
151
2428
4877
2180
7755
6765
3144
5733
2206
6082
7095
6793
3563
3396
2938
507
1685
7610
7908
3878
4371
1038
2691
7577
7443
2361
1730
3961
1583
474
7423
6319
7146
621
5791
4058
2468
5442
1514
7614
463
6418
181
2077
2255
4347
2012
145
5346
7468
6295
3428
3156
898
2050
5034
2435
1932
1802
3696
7625
107
5126
5513
1412
4463
7810
6824
5017
4553
7381
7205
3375
7917
1318
986
1834
7436
6316
4208
6787
5046
1601
5258
3167
1946
3913
6964
4937
7319
6454
4009
4096
968
1969
7115
7709
6994
7450
4906
421
5881
7490
7713
7756
978
4369
1019
5328
6316
4646
599
5797
6628
7444
596
6446
4709
6665
4031
2130
2004
2401
4408
5764
4382
5697
5631
3371
4139
4808
5393
1278
6678
2930
6815
146
1273
1257
4614
5388
3934
2387
587
848
7099
4311
4427
951
3536
1592
7760
5967
4696
7198
476
3603
1018
5377
3263
6076
231
1535
962
6053
6941
5274
5475
1202
5668
2320
7009
1099
706
1334
5574
579
3697
978
4237
7218
4922
7100
6704
