219
2163
1344
4990
5830
3958
4486
7345
5015
4596
2080
2343
7771
995
6718
17
6103
7003
588
1323
4008
4927
2543
3764
7943
161
4586
5356
1574
1929
45
7126
7117
4020
7787
2539
4525
5939
5285
5216
6045
5548
3748
3943
126
6599
2155
6170
2389
679
6339
2494
372
1162
1193
5988
5549
1527
782
4887
3719
5372
7109
15
5154
407
5699
5712
4968
3149
6927
1222
6683
7074
7621
5444
3884
2405
783
1599
6780
6069
284
7134
4171
3922
7786
6894
7561
6574
5712
466
2079
4872
598
2841
7141
5734
7905
5749
5177
2329
7722
5940
6622
1401
4769
6505
6025
6099
5751
6735
7929
583
5789
2563
1975
3253
4874
2950
4225
4767
2916
2219
1608
137
6818
361
698
4693
3057
1825
4597
692
6163
7911
3954
1520
7557
2058
5559
2146
1297
2271
1843
2723
5060
103
1955
2388
1659
1887
1580
391
5314
2742
3722
7436
5445
7904
4556
5584
1002
1455
1536
6289
6979
1354
4259
6894
4255
3690
2417
3776
6373
7292
901
4264
2123
7311
6988
5794
7409
6679
2154
6738
6074
2855
6440
5462
146
7083
5113
6474
3917
2515
6060
7941
2409
6723
6551
5893
1987
7449
2521
655
7689
2011
1903
6889
3505
1579
1417
6419
3326
62
3774
2308
597
645
6398
7591
4511
993
6263
1448
7975
4757
2872
6858
7278
4827
856
5596
6466
5970
4199
6209
4456
7360
3078
7420
5794
6696
3203
5888
6377
6461
7099
155
7300
2190
4746
7514
7034
3696
3552
5333
6605
5919
663
2412
4529
5886
7608
187
7351
7366
4683
5144
6638
2612
6174
4628
7424
6633
3973
1063
5225
4881
4289
2836
6899
7651
1458
3763
6581
1854
3972
5861
2782
3918
3527
1177
7272
6679
656
1890
4207
3547
6415
5525
1531
714
1700
6067
4180
1236
3795
4938
6545
795
4621
7935
6145
6746
390
5759
2547
774
3108
6409
6964
698
6371
710
3068
3956
3494
4334
6595
5309
856
4786
2886
6330
7499
216
2369
6847
5905
2692
6114
5557
5860
6807
1653
1366
4176
5629
87
6252
1946
2896
5872
5403
4876
4734
5688
3444
3761
3420
6487
1154
7373
2036
6675
1530
6734
1089
4555
7847
2915
5552
3231
7316
7270
3444
6434
6281
7017
1365
1507
5758
912
4653
6590
283
468
5238
4817
4066
1041
6863
4276
2335
2739
5752
802
1626
3225
3301
6844
386
2799
948
3635
4166
3917
2435
4286
7628
4453
490
7274
652
5387
730
3050
5871
2919
249
1862
7867
5765
3517
5852
1565
7610
3934
1038
4154
4644
7472
4005
237
3753
5582
6654
3970
5969
87
5457
2365
976
1707
1035
6788
2415
5792
2924
7393
1077
5053
1711
1775
6334
5352
7458
6205
7237
530
5165
6643
3764
907
81
119
2545
6633
2597
796
166
4106
5481
1636
6432
2713
6762
1906
1279
3748
1603
3822
4176
5714
7354
5387
771
7435
4676
566
1531
7480
5240
3664
4679
3449
7168
598
4754
2556
4541
4939
4546
2398
3914
6717
3998
7168
3185
4221
5351
5248
3835
4747
7727
533
885
7787
2599
5371
1163
4478
3828
6393
1123
5887
7543
1164
4540
2344
347
717
7703
2291
6953
3966
3931
3988
5092
4260
5719
3272
7843
6938
187
739
2282
378
7618
7002
5991
3188
2441
308
1042
6272
2974
2733
591
6893
694
1472
7754
1809
6131
994
3224
1508
4085
5654
7700
91
3964
729
2162
7284
7117
5627
493
7245
5705
5212
5701
7008
4104
4215
6560
4352
3154
5180
3296
7864
3209
634
6399
1947
4918
7864
3087
1816
4075
3622
797
4580
7681
868
7883
5597
2438
4889
1418
1085
3226
1868
2680
7395
1533
6205
3831
509
7286
3028
5596
1804
3154
5129
3514
3726
5100
650
3775
5905
5953
2130
4820
7929
6301
7191
7548
1757
1445
2209
3886
2133
1502
3790
1915
5294
6233
7304
944
3579
3664
1611
7465
3011
7960
2811
3712
1031
3740
3463
2880
3609
5205
623
3384
682
5981
6584
6759
3163
1378
5197
3250
5177
4808
1771
4932
5771
4227
2491
3537
6541
7667
5566
3622
5096
1505
754
133
7418
7611
487
4813
4769
2411
4953
2026
6796
7122
1177
3979
4489
7515
1828
6722
6551
4695
1666
2593
3488
4900
1497
2223
1348
1136
7333
3347
129
3504
5233
5859
5853
944
3260
2974
128
5900
4153
3486
6981
165
4254
1057
5989
4160
1263
4897
5599
6601
591
6065
4527
3639
5064
6367
588
1127
3269
7001
4110
569
4664
1842
175
4124
5214
6317
1384
7441
1914
644
2005
5477
6800
3612
5820
4071
7707
6384
1839
977
945
983
779
5089
2782
5613
7270
6177
1938
3525
4210
2655
7453
7155
7217
5822
236
5851
3679
6030
5781
6825
1390
7306
3101
4300
1138
939
3659
1450
3643
1594
2006
3449
1298
7003
2791
5433
1112
5325
2140
2107
5247
2828
6345
2304
2186
2509
1671
4297
7251
3410
6860
922
4952
6346
5601
4713
1027
4288
772
4532
4507
7824
373
2678
4294
6741
3763
2855
4524
5156
1155
826
749
4822
6967
3588
6332
2390
1045
2182
875
4597
4145
6956
2368
1152
5160
564
2093
7225
719
883
1435
1710
3279
4657
7258
6217
4887
1692
3434
6715
1237
1971
4304
7067
3918
6791
1799
2271
4578
7295
5337
5982
3540
1563
7217
7404
6369
7885
7317
7230
2081
3498
311
6897
1206
135
9
3236
429
2166
1232
5202
6717
5192
4930
2929
951
3089
6347
4673
5714
1904
5919
7815
3508
2691
5871
6781
6981
4049
2352
2421
6887
392
7488
6266
5356
4420
4860
3919
6970
5111
5179
7939
2393
602
2683
5762
4476
7103
7070
5333
289
2368
7169
3227
7354
7142
2634
6731
3838
5238
3990
6767
5668
228
5203
1636
7237
6137
4632
6180
3070
645
2781
14
6474
4651
4345
6328
1605
7963
7981
1195
6593
7621
7469
2039
7703
3131
1808
6095
3955
6275
3924
6678
1709
3749
232
4957
7844
672
7692
1389
6564
6090
3680
3850
981
4387
6204
7712
6026
1113
6840
116
4513
1111
1348
2511
1725
6285
473
2755
5853
7381
4265
6342
5765
1659
7686
1029
6571
15
7931
4315
5711
128
4542
5939
7759
4321
3561
5599
2663
5895
7077
4933
720
366
637
6517
4881
2665
1932
2416
2306
6214
1867
5493
1820
5561
5557
3367
3690
2492
2239
7629
1815
6937
4997
6835
6060
1831
1818
135
6124
176
1079
2750
6489
3703
2827
2872
5830
5186
3219
1102
832
301
3032
1175
6539
5186
179
992
4315
4911
3315
5344
3104
542
1031
3918
6578
212
6559
7139
2333
7430
2716
4720
5086
3819
1432
4107
4383
23
5383
5527
14
5599
3800
2625
5775
5545
4574
423
6398
3436
2211
192
5135
5053
134
7404
6231
1132
7845
855
7646
7772
7175
3024
4047
7204
1592
5799
3852
3673
4625
128
2304
946
6177
756
1154
4365
3852
6528
6802
6550
4270
443
2223
6343
4568
2728
6577
3182
6819
4965
7496
4887
1389
7272
2126
2386
4265
6460
516
2703
1894
7000
3039
6069
147
1755
6128
4645
2306
333
7438
695
7762
6911
306
61
5000
7804
4655
2324
5371
1429
274
7747
2058
7385
681
5596
7371
5539
2815
186
4728
4152
6403
3766
3843
1611
1811
1290
4878
3707
1776
6571
1825
1615
5238
2195
1805
161
5841
5949
300
7958
3245
1292
7569
7087
7848
98
4802
955
2790
5126
2917
6047
5436
5535
4971
5031
4872
836
2691
442
3831
1364
2382
3485
7414
2428
5212
3846
3978
4747
497
5258
5085
767
5861
4664
6945
4185
6130
3942
5631
1602
3565
4947
2038
5499
3957
5705
7574
5712
3853
3067
7129
4984
7283
23
6555
190
2638
2605
4326
1393
2351
732
3529
5085
110
5574
7734
2973
1336
2751
2213
2660
6021
3712
5918
984
4458
3347
4119
982
3399
6811
4056
6270
4498
6883
7365
1314
6593
5081
172
5023
6006
924
3118
4236
6368
1735
3992
2174
2258
7396
3753
1104
2024
665
3777
6121
7332
4735
6666
5465
4141
2388
432
2564
5050
4009
6703
3410
3561
6924
5869
5002
2603
4618
7627
458
5415
6758
4002
7730
1749
140
1571
202
5999
4192
72
7643
1523
5819
7953
7614
3552
2499
4671
6545
3454
7170
2850
1043
503
4678
5430
1233
6813
5763
1530
4302
509
1263
5644
3545
6705
5463
5273
5615
7285
612
4399
3014
1255
3234
1221
4331
7484
764
2679
3793
1711
1272
954
2745
7542
822
5761
3632
3078
2973
1435
5833
7502
2098
3433
5818
7703
1062
1258
7804
2295
7676
6147
3213
4523
164
7118
151
4195
768
2496
6730
6474
7401
7978
610
280
5548
4589
3958
638
5140
2308
693
3194
4745
4086
830
4724
7864
289
1163
5681
1562
3568
6569
7672
1435
4967
963
4445
2643
3578
2441
3668
6683
6130
7636
5105
1369
4343
3021
4988
7154
4178
5082
4416
1290
4780
6534
4554
1532
3073
2232
2354
2320
7844
7828
1689
3237
4461
662
2934
3253
6176
4901
3328
5231
6397
1078
2869
243
3570
1204
6870
4142
4480
1924
4892
6615
6902
5114
5516
2545
3062
5070
3585
1705
4922
1088
817
7673
1748
2731
4036
6997
7651
3761
2205
5217
6397
960
337
4959
4163
4251
5903
2088
2194
3735
5260
6043
4100
6017
2711
1684
5792
5646
3944
1091
1109
1319
3216
5590
7670
1712
5038
5530
374
2848
5411
681
7965
7326
4895
4907
900
7298
5856
3110
486
5628
3985
5490
7771
5173
1526
7195
6827
3579
612
7749
2572
4466
5672
3481
5977
3240
6018
3656
6758
7033
2982
6547
1084
3512
6653
7526
3690
335
918
2680
6039
6752
773
450
7573
2930
2844
7856
229
3952
4095
3532
4358
705
4159
4555
2935
5955
6844
6744
4607
7080
4069
7211
4043
5023
2842
5512
3421
4432
3369
4673
1018
2464
3314
6720
7434
4098
2372
4287
7677
2983
4124
7896
4047
4891
1160
2259
7121
7102
1600
6953
6145
2447
1885
1589
2345
544
4568
1604
3672
4971
3519
2940
141
4599
7316
6860
664
7426
6176
1139
7971
4802
4118
2526
5966
2718
6195
1792
4696
6483
1082
5546
3151
1617
3887
2236
5236
5460
3654
4605
1017
4220
5311
3504
6181
7619
2464
1315
683
2768
6115
2781
1355
3498
4690
6324
7003
229
7918
4573
3571
832
2712
1534
6828
5213
1267
6136
2497
4188
7659
4348
4388
2101
7453
3070
1078
5129
708
5305
5329
7600
2600
2412
7666
7770
2742
1523
6140
7157
1313
1564
7033
6656
7229
5837
7628
1319
1321
6315
7740
7518
1813
3523
5754
4444
475
744
4484
2686
1833
3932
5387
1304
19
405
4168
2425
556
3095
6245
6348
4310
3791
7865
3767
4868
5533
4676
4684
821
7616
6592
3549
209
3939
1225
5162
3416
2984
3723
7706
7600
497
4862
7829
6948
4404
6127
6263
358
6482
4876
6243
485
2267
3204
6059
1562
2383
2588
692
5063
5398
630
1083
974
6703
5861
6569
5725
1736
3245
2665
3119
5900
3772
6164
3083
3138
5459
3547
5248
1740
5157
41
107
6007
1117
2011
3148
7649
7938
6262
2569
6733
289
4172
1014
5302
2865
929
3960
2722
5136
5406
5315
531
1048
3113
225
3827
1422
4764
7641
4429
4944
2594
7578
4246
6804
4145
1063
2425
1599
1702
2064
2878
7553
1100
963
5045
7103
2324
1430
7865
2069
7930
3774
6301
362
5568
4244
5575
5947
729
7279
5883
1729
1252
1472
132
1927
2323
3404
886
348
6555
3220
4209
436
4019
3638
4533
732
7780
1039
5497
7634
6580
4956
7022
6013
2836
7682
1841
5
6669
7091
5626
6845
4592
5241
1728
1061
6954
5671
7925
6649
4548
5378
5376
7362
2939
6333
1906
472
2287
4479
5313
7048
5509
7337
2373
3101
3899
131
4402
2739
2349
4407
5488
4337
3474
4301
5719
1921
6712
7028
5202
6847
3309
866
4589
7956
6688
2121
2999
723
3082
6941
1989
6002
2468
2640
805
5994
4958
2708
3861
248
588
3528
1167
5109
3427
2340
2426
810
57
3015
7517
5840
1036
1011
7232
6696
4769
7734
3711
6602
7608
6873
1360
6341
1501
1796
4416
1310
3378
2102
2123
7730
4797
1552
942
7379
4902
4880
4750
7442
1834
3252
2472
4398
4691
5374
1110
3364
3169
6818
3694
6705
6328
7161
7455
3422
3033
4832
2470
6988
3667
4661
7103
6213
3874
6807
5368
1602
6429
6308
1567
3419
265
7404
5400
3964
2835
7724
4263
867
202
4105
3394
4589
3492
6233
7066
6586
5344
4590
571
6097
7763
5372
4419
2825
7777
1652
7733
222
6658
3501
5145
3748
6149
841
5667
4663
5465
347
3203
6836
1964
2025
6061
6589
3618
7089
2401
4471
6980
385
2904
2504
1531
6275
3092
7562
4805
275
1312
1366
1126
4161
2629
2589
335
3956
334
1741
2022
2931
4840
2406
7917
2674
2419
6258
5449
7921
7533
784
2312
4010
3667
7944
1793
3151
2713
1371
1123
5877
6625
3937
3264
5018
1482
3995
1901
7680
401
2529
1145
442
7900
6169
6575
6950
2335
1898
3843
7430
1842
4616
5503
7405
4266
4126
6046
7695
5501
6338
1572
4616
1441
1425
1070
4659
2485
1288
5669
280
3171
6029
2158
526
6486
2707
6311
1744
7923
3555
6883
614
5843
5203
1074
6130
2651
3626
6336
1360
5684
2915
3225
380
2998
3457
3030
1026
5344
3313
6184
6263
3731
4598
7784
356
6188
4211
5133
3708
6064
1149
7059
1676
4695
1842
4334
6375
2024
379
4995
5506
439
4555
1967
4549
6442
6998
7439
2901
4308
7500
4301
5305
216
3323
7150
4291
6469
7122
3619
4399
6572
738
2220
2480
5116
521
7729
454
4178
7625
3165
3603
7599
289
4113
1398
7196
3384
7315
6859
5859
4899
1100
2187
6430
7955
1565
3720
7463
7698
4538
6592
3064
7782
6870
7930
4522
4514
5582
5175
1230
6350
6171
1139
2471
6758
2834
2999
777
6795
4570
7134
961
5694
1387
2221
3297
3948
2551
3098
790
375
4984
916
7334
773
4099
3744
3941
7635
845
5421
4170
3813
5585
4735
6946
6953
1288
7750
5103
2823
4376
6610
1280
7934
526
2687
7670
7682
3320
7606
4753
1308
670
5624
3120
1203
6552
1623
5459
1003
456
4363
956
3161
545
7787
3560
417
3207
6106
2639
2323
684
6705
5470
4431
6663
6950
7541
1969
6097
6147
7077
600
2675
400
5522
3093
826
1143
7458
1478
779
7094
7648
1773
6187
1684
7864
6524
4435
7501
6996
2377
6469
1907
4014
573
1247
6560
6726
5596
4348
4104
5420
2635
1096
5624
3684
4992
1407
2650
149
255
7595
3201
7873
6380
7111
6304
4539
1951
6730
7960
2905
2562
4623
323
2324
6660
4772
3641
6698
7941
3505
3682
4336
3486
4112
2084
4463
2924
7446
1305
61
3896
3562
1602
3789
2129
2443
5431
2424
2270
1386
4087
7236
2619
6004
4593
3299
7717
4933
202
2360
5552
4441
1723
5616
1985
6427
2689
6800
2383
6316
1838
5180
5090
6114
824
1699
6954
5678
4323
5303
4171
867
2885
680
4500
1071
5258
3272
4531
7124
301
3484
4936
6697
1728
2927
6621
1631
3141
3226
3780
5859
5524
7354
4238
7686
5616
2638
3494
7724
1847
4359
1415
2368
2403
7043
7227
2100
1909
1385
1077
3960
6880
4931
7888
6958
3020
601
3965
1255
3986
5206
7694
3838
671
7485
7456
5576
4942
7020
4879
6042
2805
7701
3041
6668
6891
7494
630
2256
3750
1926
7522
1193
5448
6668
4448
2487
2184
682
6492
6084
5477
4514
1708
7848
7452
2594
1681
5651
7737
7498
3361
7127
3666
2899
7449
5977
6583
1652
2340
6906
569
7101
7286
5939
3814
1025
1189
2689
5115
2564
5441
6253
551
3
4654
432
6033
5216
7313
6417
2328
3190
874
7788
1572
3492
2070
3480
7676
2031
4244
6812
1397
4844
6116
3082
852
6905
2774
3511
252
6629
2155
6865
7006
471
5516
7418
1179
6757
4902
2574
7648
3482
1585
5305
287
6641
7877
4042
6366
1034
2123
3559
1915
3580
1174
486
4056
3856
6826
6038
5332
3797
5660
7064
2665
213
7234
6948
3938
3849
5265
4591
1977
7247
3984
4744
7974
4505
4252
5916
5903
870
2093
6346
3131
7675
1880
1999
214
4735
7882
7853
6326
5353
6782
963
7920
4322
412
984
5636
4216
3262
1553
3174
6637
3784
4117
5018
941
3200
5613
5446
2140
1640
7529
6273
7428
2830
5231
4183
4940
1028
5037
5966
680
1870
2017
5072
1353
969
14
2126
5047
3602
425
7421
6636
7009
184
5909
3466
4973
5109
4512
1457
1752
1620
515
111
1731
6317
2770
4095
3187
6602
1336
7446
809
646
3426
5075
4293
2059
3009
5854
4826
4120
474
4160
1343
133
2127
7665
3181
4048
7491
3249
6091
6529
462
908
319
7459
4851
859
3556
190
1705
6354
4018
767
6023
6299
6541
1931
1900
976
5900
2194
7461
1651
6525
3470
4675
345
5173
2604
5551
3061
5671
7376
3671
3594
1975
5758
2586
5724
10
6791
603
3625
400
5369
4349
2986
7415
694
6546
3761
4837
5530
5730
1181
2407
2818
1065
3856
7944
4433
4835
5038
2320
4834
6148
1708
6229
372
3851
4041
4341
1184
5802
983
2152
2931
180
4346
7918
3058
2846
2677
6263
5878
7944
7231
1110
7540
1228
5287
5857
4327
2267
5303
2283
7672
2197
3777
7657
4106
6412
5616
3959
3502
120
1779
2041
6786
6829
4148
4777
3226
1727
5870
4865
4601
6455
2140
3642
1779
5193
1604
1018
237
7188
1996
3799
4582
2501
6752
5292
5978
3472
4444
7545
7728
5055
665
3231
2027
5134
1189
6254
6394
397
6623
2883
2191
2038
5748
3886
6105
3306
4935
7477
3755
5031
7434
1810
728
1501
1512
3178
5658
3559
3956
2164
6086
4483
352
1245
6053
2765
2623
2404
3322
2355
3109
5684
4876
6695
4362
5525
1733
7821
4854
529
4052
4785
5525
1404
5371
7328
2219
311
1380
2233
6324
66
4667
6036
1249
150
5884
3405
7102
4166
3358
5665
4482
927
4721
5757
7702
908
648
6690
3183
1894
1813
3831
4216
4841
6928
1285
2813
7540
7799
4708
5276
5763
7002
5861
4242
7959
6608
707
7606
7743
6670
7446
5578
6114
366
3305
313
1458
3270
3921
3347
328
537
5984
3574
6753
2558
578
5244
7660
4099
3163
377
7779
4670
6104
4916
4747
25
4638
641
877
5531
3961
7502
2768
1642
1973
2155
5771
450
5063
1766
6762
5258
5255
4887
2779
2497
1361
7477
5064
1363
1833
6419
1590
1620
6210
7727
2504
5876
7247
5336
3413
4620
3464
7764
606
2891
1935
4568
5752
4915
2025
5905
4671
6340
6421
4405
1517
3808
811
6628
3344
6330
759
5007
375
1613
5476
2602
7007
348
1415
6315
1345
4234
1329
7454
6475
4091
5847
5266
5544
7812
5922
722
2307
2881
2610
3283
3284
7567
5662
41
2478
1546
7410
1264
3067
200
7427
4500
5639
3956
6069
6434
130
3501
6233
7879
862
4959
1371
7279
3132
7769
3780
6140
7615
280
5768
3418
7838
7327
2580
1407
1235
1044
2258
1327
1189
531
6324
3036
6426
6413
2490
7348
4919
6979
4779
435
6892
2798
2326
5577
3792
5263
2384
3838
3684
6409
3513
5312
373
2621
4728
2436
1799
4063
97
3116
5151
4769
5642
7766
1768
2512
3470
142
7116
4081
5960
2120
621
7588
4032
5681
7673
7209
1957
18
1348
4973
7857
1391
7758
202
4601
583
1241
1859
4146
4661
5803
95
3724
6465
3789
1671
3860
336
2173
3030
4180
6718
138
2862
5170
3076
1425
344
558
39
1256
4489
6322
5581
4293
233
4783
7301
5553
7072
4219
2267
5690
7503
3206
4335
7054
3701
5801
6692
6936
6400
237
7217
4628
6831
2178
5561
5630
4117
888
6541
1064
6354
2288
748
711
3488
5142
2604
1987
5950
4281
2728
4781
6443
6240
1223
90
572
272
841
7130
2073
6369
370
65
6607
2355
5925
4954
5601
891
2108
5947
5622
5482
675
7427
6818
5113
7641
3120
7601
7913
2782
2531
5181
5288
6571
7336
4502
2011
1966
3172
859
6703
1802
1818
6313
5930
2641
2997
264
1646
7964
1074
7899
5181
2142
1422
1505
6117
1509
5900
5308
840
964
590
4459
6602
6441
2955
6743
618
6429
479
6534
202
2016
2405
5586
2347
4515
673
6544
3104
81
2555
6240
5648
1492
6876
1315
2070
4491
7589
3602
5948
7002
3622
2570
7092
7293
7785
380
4710
6180
5890
2812
2734
365
1979
1462
4797
5102
5914
3275
2122
2489
6159
284
913
2357
6585
2759
3697
6401
1269
128
2376
382
4675
7763
1999
388
5379
3034
1175
143
1612
6149
4571
6482
3165
3686
5517
916
6488
376
7093
5777
3151
4429
5523
7658
231
1015
526
7402
4981
7163
2047
5930
3665
1863
6425
67
7579
57
4056
1250
6270
2086
6607
7857
3544
408
6931
4513
6981
6909
7155
4872
3350
1745
7092
4945
4166
4851
1096
7401
2927
7681
4956
152
5071
2351
2094
1081
5453
1120
7278
3477
6024
2946
7854
1423
6144
5394
5756
5557
4337
2859
461
4592
7148
1850
7330
6004
3500
2604
3022
4384
5905
6997
83
179
413
1684
378
2262
5682
114
4489
7395
2124
938
4172
5854
711
368
1008
3443
1624
3293
5874
3403
1643
6487
2577
5511
5995
1431
7413
5573
4539
1509
5159
7430
7237
5307
4511
7307
6632
7030
6653
2617
5919
5961
5749
5053
6003
535
83
1247
7154
4951
3811
352
2510
7041
2860
3993
5766
3188
2252
7774
593
1594
448
2405
2011
7848
1378
6895
2690
5816
1949
3503
3072
4984
3494
6130
4904
5321
2522
3096
810
613
1628
3798
7518
1786
6870
1992
1848
430
2254
5358
1709
5615
4577
2524
3869
872
5622
1414
2529
5821
4305
4436
4084
4115
6449
7750
3715
6898
484
448
7696
86
6348
690
2381
6829
841
2917
7972
5100
2907
5868
5943
728
500
5627
5453
2096
4787
50
7064
4845
7365
1347
6536
4559
4012
7609
2697
7839
6418
2886
6899
3351
5933
2173
7388
4467
4476
2953
5787
2737
4417
7522
132
86
6823
2985
7062
7219
1021
2388
3641
1612
3040
5288
3689
807
3052
414
3772
3536
2747
6410
4251
2078
3284
4392
4183
3136
138
2056
7700
7562
7627
1297
1156
6109
1938
1742
5073
3038
7567
81
5000
4700
110
1371
2282
583
7688
4843
4485
6960
3723
4960
3361
5655
4682
6390
1601
5072
6510
5283
5130
7249
7454
2764
4251
6125
2128
7637
7199
3226
799
4996
4877
1054
486
6725
2575
5474
4036
6180
142
6969
1668
953
2147
3038
7884
6509
446
6988
1889
2227
393
4997
7302
6625
1811
3228
4588
1945
1728
5189
3184
6066
7001
436
4538
3897
1130
2672
2489
5223
2523
1334
4216
6551
5626
4692
570
6218
3632
7643
1217
1452
7796
2692
8000
3920
3623
7011
4262
5764
4191
3831
3923
1340
7016
6895
510
2160
4348
3265
6850
1294
1913
3323
3943
6533
7841
7655
6761
686
7258
7384
1979
3516
100
5554
1091
4032
2492
7881
7650
6486
2356
5886
713
2255
930
2594
1331
175
2808
7545
2608
2099
1025
5569
4271
3821
1905
1769
4552
799
4828
4067
7852
5709
3573
1980
3348
227
4616
6573
7078
5236
5496
6609
6209
4051
4620
4561
7452
3465
6938
2495
1994
5507
2578
1927
340
6840
5249
5284
6545
4075
4300
4699
7958
792
3927
2215
3947
7838
1354
4720
2751
268
1913
5554
6529
7016
2459
4228
3966
1593
6051
6469
2183
7404
3994
2348
5116
5590
3505
7935
26
2274
2015
2081
4088
6134
2994
3463
716
7252
2976
5840
2751
6721
6846
1246
3348
6952
4369
6311
6820
6827
6818
7457
5205
1695
6724
6235
3539
7318
1633
7956
7099
2645
3208
7144
6276
849
37
3070
7743
639
70
7835
5353
2249
3284
3568
1780
6635
3372
3114
3141
5447
5149
5830
5727
4419
5480
5107
7735
2253
2344
3109
7354
1633
7583
6658
7844
1702
2752
4685
1434
4722
3249
7318
1765
1811
5409
2080
5009
7731
4571
5670
7076
3853
4054
6060
226
7930
7754
7026
4692
2946
4257
7517
4436
5680
7455
967
4186
2016
4219
1616
2570
2705
4233
644
2942
2005
7464
5139
6703
3362
7314
1427
7086
5901
4051
7493
2865
4116
4440
1820
3066
4688
3582
2905
1195
6519
2272
4889
5028
7514
3073
5531
1899
138
6335
504
6793
1998
740
335
3491
4030
5041
714
3671
4399
7299
5760
5883
7474
867
5717
7394
5222
1162
4295
7441
4919
6671
2735
3033
1485
6751
2552
2486
1885
5378
3930
1655
171
4064
7742
4470
1413
6563
5204
4194
4087
5337
6779
2904
7629
6197
32
4781
2830
4747
181
7795
2909
6540
473
2281
4194
3450
121
3040
1560
4749
3090
740
7350
1337
5810
3283
4306
2163
7994
3098
5040
606
1492
5240
6843
2670
6377
2505
2430
770
4757
4788
4573
3069
3708
5209
3788
4062
3224
4672
6604
5245
2793
7921
2826
1983
6949
4583
5154
823
22
271
2804
3211
5456
6300
6074
7250
4054
2320
6484
4776
7435
7090
6069
3475
1253
7366
3618
1821
32
2048
3940
2953
4597
4468
2041
4095
7360
3578
1152
2418
6880
4660
6578
5490
6293
333
714
1511
3148
4343
3486
7429
5928
7229
7721
3980
7119
2120
7072
6976
3903
5128
2713
7764
7914
6340
992
254
7090
3064
3532
7052
7701
256
4037
1655
1545
1277
6352
5826
107
6589
5200
4920
1424
488
6962
3640
241
4231
4283
4500
3894
6769
5403
903
7861
1439
5281
5971
770
5231
3739
5705
1587
893
6127
6089
4888
2426
4340
642
5239
1540
1461
3853
4603
5143
751
7779
577
6594
3442
2101
3847
3745
1941
7597
3159
4473
2304
7691
7968
2565
2944
3943
1275
1146
51
723
6571
6725
768
3763
6984
802
2638
7152
4466
6205
997
5969
7400
6045
3124
6371
2180
795
2513
1084
7098
2705
5510
5126
5359
1546
1967
4619
4229
3234
3738
5034
1805
140
3486
6407
916
5121
6427
2963
1640
7081
3473
1613
7621
400
6362
7946
7747
7317
5981
5775
456
915
5944
6820
3874
7549
3981
5912
5876
6476
1205
7521
6604
776
1468
1215
574
457
2062
7466
5097
2651
5479
5112
4886
5323
1973
7660
5880
5100
3289
2668
7498
1962
1503
1637
7629
3582
1894
3264
4042
1901
314
6958
111
5492
4830
287
2938
3686
5427
20
7957
1015
4904
4298
4855
1347
1895
2112
1033
6607
675
517
7825
6057
5271
7298
4801
2861
248
4784
7355
4699
5895
2856
5149
3039
5468
5207
3476
5950
1767
5502
452
3785
6843
7339
785
1036
5214
6743
7478
809
6535
443
835
441
1765
4449
298
5128
2488
3591
1829
2418
1751
7718
2407
6641
4525
4602
5179
4807
5429
4803
1950
2202
2102
74
1526
2855
6454
7814
607
1770
7483
7616
3372
4039
802
1312
2050
3123
1036
2307
2619
6848
3425
2477
3492
5813
6839
3598
6231
7938
6800
5754
3469
2021
108
1487
6087
914
260
4104
5473
1848
5391
4133
6656
6454
2480
484
6819
3591
2224
6476
7760
3734
1025
2428
7050
1415
6159
7334
509
1723
1574
6090
663
7166
279
6041
7321
2564
5177
5933
2966
7111
172
6028
1840
6978
1275
1552
2034
3272
5573
3190
6736
4996
1906
3076
2232
3340
4242
4666
5112
2198
2506
7772
3849
1758
7113
3201
6932
3073
3529
3770
2163
4908
6924
1655
4166
3130
901
1250
6695
1604
6427
6642
6828
1750
1975
7410
1024
4011
6898
4757
5714
6149
6401
4556
7030
7125
297
2500
4669
1360
5010
1809
7882
7881
6259
7897
1321
4713
4546
1021
3474
3053
2300
4137
509
6748
7676
18
6647
3747
5135
7180
1159
6536
7984
7148
417
4417
445
2962
5534
6731
5731
6571
5788
7234
6950
2911
3219
2151
5942
5457
1842
5778
2475
4674
4504
3209
7091
6420
1873
7355
1182
7108
4940
6993
4382
1762
5533
4682
3331
1136
6104
5145
4522
1437
3134
6117
3528
5466
2971
6963
6571
1323
7327
626
3749
1231
1189
5544
3038
7452
1704
2868
1356
1731
1677
2146
4471
4866
3738
557
7591
801
1685
4233
2650
6295
1181
1090
815
6882
7651
6170
125
188
3374
2537
5471
869
6108
5302
3847
4339
19
5683
4931
3022
85
3415
3640
4219
6244
5516
1422
3755
7403
1665
7640
668
5103
2922
1550
5230
1093
5890
4399
7488
3945
5539
3472
6380
63
723
7599
7232
4024
561
6949
4384
4289
6065
7377
7656
6776
7231
5299
4146
3379
5562
3687
2217
7653
7508
5865
6240
1710
3604
7292
7098
6179
5817
6560
7478
2266
5646
5296
5396
3920
6818
3306
7814
1797
60
2617
6226
7154
5367
2080
1580
6031
5494
4795
1745
4099
6141
7989
4683
3437
7738
3580
3468
2843
2447
5017
864
7400
1402
7227
5554
7936
7876
4285
157
4981
7588
437
4675
3089
2851
1791
5589
5973
7307
2765
2242
3963
213
5024
4303
6976
6359
3573
4145
2974
1414
4964
4033
434
5781
5931
6460
6947
4361
7358
3370
3973
1111
3428
3241
1274
1756
1306
4817
6761
7925
1564
5818
2762
176
6559
5443
3001
5270
7483
5701
1926
554
3725
2498
7783
7058
260
4138
48
2865
1131
7355
2756
6124
1447
3948
6800
2138
2758
2666
7538
2071
5981
3124
5563
3820
4763
5996
3667
177
4896
7976
6083
1086
805
2360
4523
1887
910
3866
1680
5376
1034
1502
4115
3875
1572
305
3048
3100
2659
835
5630
3074
3135
6098
110
5471
2848
3608
3380
5767
7662
4407
3456
897
7399
4542
1443
4949
7875
298
1156
5190
3020
2724
3429
7609
7454
3335
1250
7267
2548
3503
5681
3313
1840
6907
5302
4611
3888
5884
6304
3786
802
7038
