1213
7046
1883
7612
7313
3349
5577
1311
5885
3903
6091
7481
3494
4651
2
7808
7108
7610
1887
900
3618
6028
464
587
147
3574
507
6520
4221
4945
5828
4119
7261
5481
5630
6701
5109
1358
6638
2014
930
3990
3667
5458
5877
793
2011
1649
6442
1201
2910
5772
3054
4899
2462
1422
1378
7216
1269
4730
5224
6166
1470
6106
5942
6249
765
2442
2015
176
6785
6856
2198
1564
2424
5994
7447
225
4408
2700
255
6504
6069
6778
5128
3492
2499
2975
83
4051
980
4680
5865
6361
7789
4868
5060
6422
645
6261
3423
2158
6475
7751
3065
7248
4103
3561
2888
6547
5638
3639
2000
2259
7035
5005
583
3937
5869
706
6561
1333
2531
739
7778
1750
7107
3900
4537
6432
2049
939
1418
3174
7390
837
7348
7857
4083
4954
7406
4859
7621
6882
4688
220
3343
2132
7629
1155
4255
5247
434
5288
2928
3482
4818
6895
3934
3366
6677
7166
2375
5285
4000
3558
4309
7300
4067
4701
4882
3482
6902
4624
2979
865
7864
6395
1469
6713
3573
6783
3071
1621
3494
1152
7076
3972
2378
7387
4947
6883
6987
5833
7474
7385
6827
5843
6735
2201
4685
935
4560
4804
6100
5608
6757
3157
7793
2434
2719
5509
755
7571
1878
270
4189
7827
296
1076
4044
6455
7773
5125
5163
2353
5137
2446
5984
7969
4417
578
6700
6839
203
500
1225
3768
464
2733
2036
5055
2449
2421
7279
3443
2526
1610
1876
1921
6381
5890
7054
6563
4341
6977
5675
4517
1508
5623
6610
5272
2926
2324
5310
2575
1930
2672
5954
6118
3465
2446
2518
6465
1639
5470
3559
635
1163
6242
2954
7312
540
4403
3250
1184
4915
4867
2650
2233
4295
125
310
3538
1485
7631
7135
6704
5071
4413
3384
7451
6317
3504
6880
2822
6344
1117
4448
6387
768
469
3909
2197
5119
7211
6477
4502
2174
1271
2920
4788
4409
7314
881
2165
6535
6035
5107
7323
4883
440
6547
6332
7504
3853
2925
6438
2187
2828
7140
5175
4458
534
273
5453
2685
901
5831
2225
4146
2997
2825
5520
1185
1797
5501
7930
3968
1431
2756
2149
1679
2191
6914
3694
4163
249
1342
7598
2800
272
4057
3707
4889
3984
7838
7518
4645
21
7359
241
702
1234
3764
4686
5599
365
4116
3294
6741
5726
2749
5417
1939
574
4208
7521
3024
963
2340
5696
2551
4315
4230
5315
5568
3166
4140
6437
1889
2078
2414
3381
554
1152
3934
3936
6331
7375
6262
1921
4033
7205
5033
173
4917
3171
7464
1327
2756
6837
6755
5748
2565
5528
6222
4147
4869
4753
7086
859
6346
5355
2715
2069
3217
5714
6542
5620
3256
1263
4932
2335
6767
5122
3928
2919
1672
7533
5717
4872
6274
2416
6035
4305
2258
2235
2707
3575
3037
2170
6478
845
2380
4052
7638
519
45
6231
1523
5944
2668
6745
5454
63
1201
437
4084
2965
1409
7113
1181
3545
3450
1462
1505
195
3013
690
6074
5682
6468
4158
5095
1560
5021
149
7422
4605
6535
5512
1252
1187
2673
6306
4279
7303
4993
7254
2189
2078
7653
5081
4053
5604
521
2035
3976
5743
7251
6284
99
7965
6451
4977
1998
5910
832
256
2722
1778
6954
1240
2759
7940
4947
6120
6175
366
3686
97
4826
2299
7870
3592
5772
6944
5893
1850
2161
543
2846
2188
5851
1487
3866
2559
7562
45
5111
6286
1531
2229
6517
4797
6207
3628
5673
1949
3903
3841
4200
2840
6737
7332
1182
759
3739
1268
4471
3747
4236
2869
1908
5726
6753
2884
1372
4268
5475
3512
3174
5768
1571
444
6734
7229
6674
682
2986
7343
2316
6662
3444
6482
1944
3362
3812
4942
5867
5318
2962
7922
7302
7782
5798
6757
5234
1952
4304
7652
6719
3484
5481
6321
7707
2340
4206
1880
5096
5924
725
6189
565
345
2451
2644
4088
5861
5336
5345
5185
1929
4227
4459
5271
1554
2290
4683
4861
4968
1578
1097
703
1273
1747
3048
6067
5334
520
2171
5111
4306
2014
6234
2678
2882
491
5841
7523
2501
2581
5214
2377
5603
6324
7674
5779
4286
3153
252
3732
2275
3351
6489
6522
4538
1577
2244
7757
4768
2433
6333
4209
579
4767
2240
178
7450
6861
3536
7695
910
6603
539
3119
5460
912
6413
6773
4667
7701
680
6732
5336
1155
2124
2166
2155
5238
2087
2267
702
5898
2842
2568
2333
1061
3307
2219
402
1551
4826
2743
3294
2443
6091
3877
4643
2211
1918
1008
2407
7138
702
6360
3321
4961
7522
7868
4599
2558
7043
1373
7871
5053
3323
1207
4293
3328
1681
4629
5796
1817
7324
2613
4686
813
2733
3937
1518
1480
2909
314
197
5654
789
5733
7653
2867
6579
866
2550
1245
1801
1950
6169
7787
1181
7072
3446
6809
1781
1728
6789
6043
5385
1529
2441
7022
1711
7264
1446
6096
7708
370
1760
4436
481
2944
7373
742
2322
294
7
6340
6944
7864
3671
5906
1842
5024
6752
6340
5518
1516
6498
6193
942
4610
7851
7088
2437
5465
1629
5725
4809
4804
6635
896
5293
4909
5016
845
1094
1043
2443
2782
1523
5593
4401
2172
4122
2277
1562
477
3764
1920
3834
4980
5240
7345
2490
7685
3804
2213
2052
4090
1550
6434
477
1997
118
4586
2277
5221
4363
6614
5987
675
117
6576
7826
339
1473
1403
6476
3274
7788
763
6019
4392
4653
7979
1252
6181
6996
6685
6208
4952
3699
7324
5209
1598
5479
445
7427
3360
1709
7482
6319
2286
6914
4553
6629
852
6177
2026
2002
5231
897
6549
6349
3756
4162
5248
5548
1450
4395
2318
5289
1558
5496
2599
7467
2568
4770
339
5951
6145
1617
1073
6150
7984
6651
491
2039
4508
5315
4679
7263
4232
3575
7506
1295
7516
5136
4897
6859
1989
6027
3877
3146
1399
6376
2846
2049
6518
3764
2986
4010
7155
333
7896
5168
4244
6336
5875
3077
1014
745
5303
6335
7854
454
4060
1634
5968
3823
6732
7399
1433
767
1879
4506
7646
5802
3509
2325
3755
5921
1648
1928
7277
7273
7053
6337
6007
5769
3438
4089
413
1137
4898
4842
5196
778
3153
7870
7787
1032
7978
4652
5003
7443
2368
5315
3874
3200
6665
7880
1339
1772
7755
3386
5423
6947
2121
5904
2453
3689
4908
1323
5315
4595
5827
3543
957
7565
2092
6351
1838
2392
3275
6443
5505
4975
6080
5735
2041
847
847
2237
1181
2371
5453
1588
6846
3148
5494
1461
3413
5713
4501
4980
7328
4374
749
2713
1732
5446
323
2341
3959
7824
2642
7166
7125
5418
2370
264
3214
1808
4028
3195
7881
5265
7144
1402
5341
2224
7077
3097
3869
1151
4117
6649
5171
3200
2916
5505
6864
4455
2050
181
7554
3089
5755
2809
5284
5781
5532
132
5791
1112
5960
6259
4461
7168
6665
5405
4457
4338
6581
1800
3055
1148
360
5118
3536
4249
2761
2909
2562
941
500
7365
4460
2274
7737
5823
2353
1934
4909
1244
904
5510
989
4987
3083
4490
7717
4149
4103
4363
1433
5899
824
5203
668
713
1748
111
6239
4961
3726
1316
7999
6473
2453
6786
5321
250
6061
396
5201
6486
2284
1522
4258
3499
398
7106
3029
5321
6212
2294
583
2708
6426
4287
2107
935
4103
3925
6102
6741
4595
7228
1816
3665
3973
1156
3810
5016
2816
1505
4816
1864
2652
4470
6112
2796
5235
7656
3733
1234
2418
4329
2020
6911
6264
5651
461
5379
125
156
5758
3224
7097
2510
5249
7464
4965
7771
3912
361
766
7216
6735
3074
816
3411
3309
6035
5188
7269
6458
7751
4232
2339
364
7471
6586
4771
2572
4361
3752
5904
6826
6770
3776
7648
6634
7430
5390
513
2194
6069
1034
676
114
4085
4555
1916
1695
7668
5177
4360
1041
1827
5889
3122
3818
7532
4469
140
2002
6293
5672
2110
7516
510
7102
6684
219
1138
3554
7402
4810
3278
5094
4151
2331
6568
5911
5231
4892
6408
4323
1887
2598
847
3721
3863
3570
6261
280
7621
3800
5886
4166
2040
4941
4120
5137
1843
3836
7386
7710
6612
2981
6055
3803
7921
981
5140
6168
1341
4934
1595
7671
5429
7400
6812
7074
3932
3241
2953
5983
304
5959
1890
4429
5525
441
434
7271
2784
5438
896
1062
2874
2578
945
6802
5341
7931
7264
6423
6950
1658
2652
1626
1608
20
3202
2059
1527
7685
3446
7190
269
288
7871
6235
6672
4277
3604
2765
3979
6847
4533
7695
3067
586
1891
5931
4297
1986
844
7153
1579
3256
2743
16
2191
7685
7823
3079
7473
219
3925
3351
4566
3112
105
2119
304
2919
12
3443
5265
2632
2237
7797
3474
4102
6254
5087
271
6757
2055
4238
6520
2588
4900
3220
5896
618
4952
121
7455
240
752
5189
2243
2950
891
3384
2910
2308
5928
7533
2266
4209
3683
7900
617
4008
7161
3772
3623
7022
2595
6999
2787
5309
6879
4630
837
2878
2211
106
174
5752
5111
5950
4406
4385
3078
1372
4720
6713
860
2340
2022
4269
2540
6850
1339
5903
6838
1277
5185
2268
1354
2249
1755
2522
1312
346
1428
4353
3516
1992
6919
772
218
7633
2279
1178
712
1486
1142
6557
7486
7567
3850
2048
1881
4966
5214
4005
2305
6530
3931
3558
6110
7529
7460
4
7258
6998
5
3716
762
2055
6824
6778
1959
5128
6464
6188
1869
450
3614
5812
2286
2629
2877
6815
3959
7412
7209
1354
2881
4815
7593
538
4153
4188
3332
7602
3610
5707
3771
4088
1308
214
3188
5949
7915
7272
771
7464
4685
5674
5923
3670
2141
3652
799
4380
1821
7394
1581
6521
316
7206
4937
1136
570
4785
7476
2693
2677
1872
6314
6130
3939
2083
3804
2166
5953
4539
3566
451
4300
2536
6131
1400
3868
2722
3566
3665
4747
2593
7083
6599
897
7552
5752
1942
7691
7061
7881
3284
1626
2266
5785
1447
3270
6708
4229
2393
7059
1433
415
2420
1503
3904
4825
2297
1578
4475
2265
2839
3921
6775
790
3644
4415
1134
6730
4519
7549
6784
5590
1825
5626
2252
1321
3653
7104
6070
7340
7786
692
4892
4554
893
6049
7962
2524
5742
1023
1885
3612
468
4895
4643
1709
6322
3673
5055
2562
1882
3478
4894
1497
3511
3726
2012
3742
2224
6285
2339
2886
7340
5681
3442
4079
6883
4647
7056
3921
3355
7079
941
2679
508
1391
3717
7081
4504
6763
1637
7668
7031
6834
2377
2732
2173
7389
5025
6053
5091
2940
7126
775
6987
1057
6914
2235
987
7741
6010
7145
1114
3229
1955
6174
7835
4967
1260
1742
2746
6407
2980
2619
5600
1282
6046
3569
2107
7572
4708
1243
2414
131
2707
1064
3771
1353
7431
887
2290
301
5969
2982
6900
6603
6977
1872
5391
7888
4699
7397
1845
5363
774
6743
1883
5151
7743
5909
5681
5033
5700
5770
1746
1271
2957
2970
5380
956
5072
3099
1020
3318
7669
3954
4006
4061
1069
4752
1998
221
7832
4061
1007
1866
2952
7575
5763
1414
5056
6950
3213
4401
3226
3294
794
7228
6943
7066
5838
384
4760
7908
6373
6694
2057
3046
4951
6198
5616
6682
3407
3508
7480
7180
1958
3933
7480
6171
2708
6612
576
5212
4011
3286
2101
4862
2349
3248
7549
7252
323
5959
3234
196
1181
2890
4244
4675
2240
1279
3216
7029
7288
5505
7047
4385
4533
6895
1471
3476
2262
2202
2300
7621
4699
4497
1163
6377
4976
7004
406
915
1357
7195
3034
4218
7534
592
1514
1187
2990
4927
2441
1026
3408
6293
4422
7832
2832
2681
705
4516
953
2616
1309
7043
2936
4819
7622
2866
7614
5726
276
5078
5805
6032
6983
3326
490
4522
841
4365
2870
7559
4059
3877
981
4536
5668
6355
868
1023
3782
1510
1216
4093
3302
934
5479
2404
5995
561
3020
5073
5931
3558
3457
551
6875
475
52
4226
6497
6951
4704
4776
2686
5413
610
6066
1282
3925
539
1554
3402
353
5434
4943
6051
6772
4881
5989
5650
6128
914
628
1085
5272
1787
3064
6015
1229
4983
6425
3525
4090
7813
5090
6762
498
5562
2172
5252
1081
4655
2035
702
710
4872
4456
6724
6369
1858
1017
2315
4625
3913
6512
2171
5237
891
2654
2204
5691
1791
5034
4090
7208
4370
7545
5547
7684
3863
2120
6955
6572
3146
7322
4548
7867
7795
1955
431
6438
4478
9
128
2100
4067
1767
1601
6877
1655
3101
1708
7353
4877
4762
5319
5207
2974
5384
997
6464
7803
7652
5233
5541
7365
4475
1655
3699
2196
5868
5776
2505
7355
6376
2449
2163
1032
5864
7375
7724
5793
2919
7492
4934
1737
3148
6785
1184
2593
1489
4848
4031
6806
7377
1998
5076
3619
3478
3773
6007
129
369
6351
3335
2814
1612
4634
4507
334
3598
7487
2435
4362
4789
3755
4751
348
406
5436
1961
5603
7497
4099
6177
1012
1733
8
6242
4597
2094
7883
2910
6782
6243
5845
2399
3321
2619
542
3720
5805
5611
4952
5072
202
6717
4813
1628
1287
5511
7133
7045
42
6649
3168
6486
2469
5648
5565
7046
5969
5455
1731
4506
2823
2991
4216
4229
6032
6870
1274
7671
4094
2426
2642
6222
2543
2979
3493
4648
2608
760
2845
5811
5774
5066
3741
1114
6519
3326
43
1752
3164
1227
266
7858
4020
2886
4194
3391
7330
7907
2162
1843
4373
1544
4849
6236
2824
6318
6423
3336
3751
2279
274
463
3188
7908
4712
6568
6670
559
1932
3006
160
4325
5974
5832
6892
7848
5525
5549
4841
4323
847
2780
1938
20
3655
4251
260
698
1206
1833
5422
7859
237
6309
2229
7441
6791
1697
4293
309
6042
1732
6296
6201
4157
5874
3415
3201
1848
2531
5832
1683
7470
503
932
4592
4750
3236
7858
997
4880
1731
5549
3541
5696
7056
4764
4192
3130
956
5747
4066
5663
3697
3566
7703
5163
3856
92
1985
4514
2186
3950
164
5444
108
5976
3104
6587
6389
1819
3173
6731
6709
6166
3072
4614
3875
3639
4669
1733
4306
1346
2018
7420
380
4589
3834
7528
977
6443
7696
1213
3213
90
704
2964
558
2452
3752
5761
5946
6457
1838
1137
2813
5965
4830
3366
3382
7597
6141
3507
4219
5069
43
5451
3568
5634
5580
4039
1449
522
7522
7835
6073
7962
7705
3071
3304
2037
4745
4442
7483
7462
3936
1073
7139
6
4638
2183
6485
1816
13
2585
3671
1966
1797
6366
1665
6466
938
4114
2922
331
2636
7408
2241
3079
4381
592
1731
3000
982
1049
4463
4848
4121
2028
6058
5203
5246
6120
3791
4084
6480
4434
4699
375
6418
6904
2201
1156
6049
6054
7398
4641
2199
1864
7815
6331
4508
6150
156
366
798
4457
6672
2890
1546
3538
4365
7266
3429
4219
30
899
6856
7837
4922
7004
2769
3076
4138
1679
6972
3288
1079
3384
150
3718
6588
3388
6474
3194
399
7475
1467
7467
4810
1815
2768
2024
663
6023
4264
1756
2507
7985
6182
391
5912
5177
1665
793
4591
4945
5376
2117
7323
2560
3812
2517
7624
6905
4175
5016
421
7373
5818
853
6323
6253
522
3907
4485
2645
7317
7311
3655
2411
5297
58
1025
2696
6303
6983
4018
5626
2550
1170
2114
4578
7244
5252
4608
3717
5042
2459
2563
768
5489
6495
915
4374
6276
407
4172
4810
1871
3802
7636
6979
6949
4653
3106
7951
5046
7818
2246
4603
1501
4867
7889
1072
2103
3974
5134
4985
3365
6675
424
791
4657
2552
7300
3980
2196
5168
5876
7014
2318
1064
2227
385
5944
6268
1167
3530
6392
6253
7449
5644
6368
1827
1019
6341
4121
4698
7558
4319
6735
5673
3820
6337
1463
2845
1273
7024
7519
6940
4239
3021
832
3495
233
2646
4761
6032
170
7679
6987
5950
3253
4696
4182
5072
5844
6837
1531
4517
1256
5843
903
3505
5957
5097
1081
2125
2030
3148
6742
1666
4643
4814
2160
7649
5259
5999
2405
2637
4824
562
7755
4099
6376
3418
4700
2394
3195
850
5187
6814
4662
3077
392
7925
5389
6834
2132
6807
594
391
7988
7536
2974
3404
1385
1970
3791
58
2618
6359
7067
1876
473
6353
1592
4895
693
6574
4123
1703
1871
2091
4604
6368
4359
5902
6218
5803
350
7305
494
7859
4852
7258
6016
2134
2102
2035
1683
1396
4552
7095
6359
1791
7684
1037
1450
996
2773
4400
1942
1196
6634
5583
3073
6229
3639
7363
7186
6486
7676
587
7078
6628
3929
3907
1781
5053
2289
431
6064
4593
7094
4148
1854
4579
3827
248
7646
5349
5997
68
2266
1482
622
4799
3537
6975
3842
415
5632
4764
3169
3753
601
4407
6438
5656
4550
7687
2905
2054
3204
4542
860
2190
6290
5836
6836
5226
6428
2950
3074
7977
3030
1797
2204
7342
7011
2158
3607
7133
5028
6149
4677
1663
7333
3886
1926
252
5413
1843
5904
3081
5326
7015
5339
1439
2745
1621
2156
806
5557
7262
2595
3068
5606
17
2882
2554
1377
1179
4410
1421
1376
5108
1821
2725
5135
6211
4626
11
5941
6725
3470
7933
7701
22
3339
6978
6669
7522
2754
6784
4592
2345
4472
7515
5135
1702
1343
7739
5699
1524
6386
1960
5877
1175
2695
3540
2445
6827
5478
780
4669
2769
3156
7708
2053
5518
6988
5740
4083
3568
2423
258
766
6480
749
282
3029
7288
743
2016
5351
7052
1670
4603
7857
6162
2247
1652
756
4230
2051
7033
4573
7488
7575
6232
1983
107
3379
5609
6621
4646
7867
1045
894
4844
1802
3303
3866
5415
4640
1360
7119
784
5848
2779
5495
4657
2908
6893
2277
7550
5848
6424
5365
7872
2182
656
3638
3550
4547
1227
1856
7013
2125
2067
2465
2549
5006
2846
6998
4740
4892
155
5876
2079
886
7909
5182
6898
403
6316
243
6184
6670
712
1599
567
247
2459
6900
4709
4965
5666
6803
74
3747
2285
2504
2057
6458
7070
7064
3429
1139
4098
6235
2643
7716
2894
5884
6882
6272
2888
2107
2288
2259
142
5145
1673
6817
4491
2452
7505
2913
5822
352
3634
6552
5443
6177
7037
6780
6408
4340
3957
5884
6862
2085
3771
4316
955
6341
7453
569
5846
7104
2838
2004
3744
107
5605
6786
401
3417
420
5410
4782
2125
7269
277
2307
3758
3634
7411
3292
6127
5708
5554
250
3964
808
953
3462
1136
6830
2960
355
456
73
7108
3479
4329
4320
4506
1090
7286
3014
5911
2643
1289
1393
694
5726
3129
6004
5897
7491
7689
3264
4901
6937
669
4555
913
6738
96
7322
2512
5446
6778
2333
5979
2267
4054
2089
4882
6938
5842
6495
6905
1922
1136
3967
3491
5960
5916
2713
7153
2364
1835
6344
4037
5004
2379
3
4354
7512
2722
1306
5941
1999
4768
2691
1014
3244
3168
3310
5073
7591
1664
6467
7484
1277
1823
4191
1124
6490
1071
5708
4140
340
3759
5355
3983
5068
6735
7120
7592
2070
2287
1931
807
1873
4292
5985
5317
3893
4954
4844
1614
2038
7786
1780
6782
3051
4151
3401
740
1352
3251
2145
4312
1072
5586
7774
7768
4613
1665
4321
5923
3669
5195
1651
7464
3096
3208
3381
1883
2294
7746
5805
4237
3618
832
956
5564
6375
5798
310
3703
1090
5755
5794
209
6548
7548
3745
288
5340
1703
6079
1890
4304
87
3363
1465
1135
1874
5878
3325
5596
3536
1099
1646
2850
4770
2469
5821
23
2041
7832
340
1231
2521
4558
3530
6804
3280
4833
3759
3786
1491
6513
2354
3736
4392
686
2735
2577
7284
605
5123
445
5902
4454
2490
2731
3574
3145
5208
608
7508
4918
4274
2890
6766
7229
6182
6843
3853
1820
6065
4270
5848
2577
1253
2903
4704
2813
916
3230
6589
1644
6968
3056
3602
669
966
226
2218
4929
5493
1966
3507
768
600
1856
4404
4733
1904
6460
4915
6847
4913
1576
5423
7354
7246
4608
3913
6788
960
5692
1063
4206
332
3531
5499
2345
271
5696
7733
3307
3206
3666
6644
7481
3732
5035
970
7928
3448
6100
3883
3293
7008
4770
1008
1120
3020
4650
35
1912
7572
4201
7309
685
4502
533
6161
3427
3567
1426
5578
3470
1427
6576
2569
860
5609
6750
5621
2977
1626
954
3447
1019
4519
7455
6628
6516
3754
1265
5664
2111
4317
1622
299
4527
542
6581
642
6798
4383
4179
4299
7918
6353
502
3488
4393
3360
241
3315
1061
1694
2644
7296
2920
7460
4001
3385
198
3608
2156
5847
3563
3309
1753
2056
7572
5346
4286
127
7036
64
504
5211
895
1191
3489
1514
2630
6299
5867
7649
850
6478
3830
5948
2159
131
782
2989
2418
6964
7204
1738
27
7565
1881
373
933
5573
3177
4887
5864
4250
4508
2681
4591
7824
5750
3481
961
438
4619
2480
255
2278
4357
7025
1342
2733
1166
5008
3481
2929
6658
4261
719
397
5222
2443
4965
5908
7423
5769
1918
3695
2027
934
7366
5868
6922
1766
7204
6112
731
918
5400
7709
7551
2368
845
2460
4059
268
4392
968
3902
7646
1092
2694
5658
154
6646
4224
5795
3321
1414
2962
3013
4293
2912
6888
2223
2620
6824
2373
1051
1720
7852
6100
993
3577
521
2061
522
7896
2427
394
3694
7846
4614
705
825
1647
3728
7261
7021
4664
6714
7689
3392
994
5160
421
5493
4722
1549
7379
4828
6926
656
2983
7617
6089
935
7758
3294
3509
1944
6167
267
957
451
4213
4840
1661
1863
3019
6005
2575
941
3111
5520
6699
6297
6180
6155
493
4661
7496
4562
4588
6139
2999
2463
5573
5747
2885
1785
368
2696
3351
4730
1386
4763
4250
776
4843
783
1721
3395
2191
6310
1718
33
2150
2914
4636
89
1667
2139
6521
5037
873
5569
3083
6609
3772
1804
5388
7288
2460
6947
2295
5311
3738
4307
422
2147
7411
7701
2228
505
4369
4771
5473
6965
6274
7064
4342
6536
1220
7999
5672
6961
4605
7974
3174
6700
4711
4543
3849
6274
4658
3808
4984
412
307
6995
7439
159
4065
68
3283
525
5558
1077
3851
3142
3741
2887
1028
7123
3745
7036
612
941
3863
1655
7661
6209
4827
5207
3679
5418
190
1907
7247
58
7599
1907
5978
183
4102
4518
3941
4806
5634
3783
5139
2151
968
2350
1464
967
2736
6272
3581
7588
3892
3900
1033
5279
378
454
2436
902
718
907
5898
3254
3192
7174
6762
5701
7028
5352
2446
2245
1046
4606
7949
5485
534
4910
7057
135
6679
7041
7210
1529
1240
3521
4208
7055
4202
1737
6905
7159
4430
6522
602
1049
7466
1517
6606
2431
743
5277
1930
7537
7639
4751
7915
1211
858
4126
6213
5258
7034
361
397
2705
1394
5450
3446
100
2339
6998
5505
4011
2850
3560
7687
3022
5866
586
3543
4858
4181
3951
3849
3994
3287
765
1271
3047
2680
3499
7714
808
6828
3211
7878
2432
2276
5786
5684
7209
3218
4462
6467
7748
6303
2820
6686
6203
2161
6735
324
6597
2869
2886
3671
4979
7479
3960
2865
4656
1541
7709
6955
1579
5279
6587
4130
2821
7169
7671
5989
6805
3655
200
3384
3057
4449
6236
2204
1054
249
5881
1719
7957
5633
7882
4338
7157
6139
4080
5669
711
2966
5020
1724
257
1700
7324
5701
7104
1
5575
1622
2302
2870
5005
2644
6192
4067
1251
685
5588
7692
7835
477
2793
2533
1462
6596
3985
7636
6812
5201
195
3037
1416
5871
4377
5773
1237
2746
4789
1873
1370
1035
1634
1391
6305
477
6922
1963
7834
3011
761
3080
7730
6543
5999
5515
6240
4175
6600
5861
1929
3317
1963
7111
4619
4919
1285
6476
591
2612
7625
189
7790
5916
3839
75
870
2261
1459
56
1279
3773
2991
3894
1354
6021
4901
1364
1953
2548
2300
5248
7833
7295
1564
20
2554
3260
5051
3806
1685
7225
3174
6797
2120
7024
649
5523
2358
501
6046
5385
4816
4882
1895
6658
866
700
1454
348
1925
4499
4865
2267
1960
3416
4090
268
7876
4159
5392
2101
1803
457
4233
2697
10
3806
4068
3721
67
5729
7353
494
1396
212
1310
1809
285
6618
860
6947
3163
1156
6413
6060
1231
7978
839
234
6100
4516
5326
3716
5435
99
7119
5847
2190
6571
34
6719
6254
1524
3195
2718
537
7535
1419
7493
2346
1067
3777
1330
6099
5957
2783
7878
1382
6982
2624
938
3862
954
334
4340
2698
1735
6173
7031
4276
7534
2038
1770
1713
5061
5083
1752
4539
6969
1940
2668
637
2124
3430
7819
4725
6236
148
7019
2558
5316
4299
5835
5789
516
3325
2917
5250
4465
2695
5809
5697
3145
3888
7332
3472
7536
1630
3820
871
6358
4400
2585
4470
1599
4209
1648
5619
7500
7327
4457
4284
6502
3356
7995
4434
4864
3357
2567
1581
2307
941
3647
2472
4689
5172
66
232
6011
4555
4548
2736
5913
1357
5573
2648
5104
672
42
6443
6650
1888
3541
7728
3758
568
3065
2995
3124
7542
6168
750
1158
812
7473
1587
5632
4081
3699
2396
4944
5429
7983
6855
3843
7151
1746
5399
7171
7296
1015
6723
6026
996
1777
7038
4355
519
7377
1609
1027
3274
5602
3948
5224
3006
1513
5989
1222
5608
5400
4991
4755
329
4740
4589
2089
7176
4516
4725
7266
7642
5987
622
5124
5545
6954
2824
3903
2829
6075
7436
5773
2916
6606
6637
6744
517
2189
6868
5297
5064
4880
2879
6446
6272
1820
1910
1549
4809
242
3618
5560
4537
3621
548
2332
5926
4905
5473
640
7360
1936
5725
5419
1639
688
5513
5459
5920
5413
2013
5664
7965
1843
7089
4291
1305
2318
1103
485
3555
5579
4549
6370
2333
7172
3378
6252
1820
2660
5120
5077
1639
583
3372
648
4414
4194
7693
5562
6613
6377
4258
5835
2941
3127
5255
7148
755
7927
5474
105
2569
2813
5010
3785
5326
5409
6865
30
3755
1295
7441
5376
2766
3604
2770
1441
6890
6144
7541
6473
1035
6897
2397
857
4340
3028
7568
6552
5496
6432
1269
2029
7765
5182
4893
6629
1460
3949
7971
5699
3508
1696
5364
5796
3262
6793
3462
7972
7868
2959
3623
4686
3857
7523
2063
7351
7466
3337
1504
2334
5550
5469
3156
987
837
7833
3961
3551
2281
385
4918
1607
4849
6326
4388
5343
129
4030
1594
3145
2837
6062
3451
1637
1279
7477
7956
1235
4839
2743
2128
1898
3133
1653
87
2107
5155
5846
249
5602
6468
630
1233
4031
3870
1401
2941
4542
6465
3958
56
5201
6245
433
2114
828
138
219
2927
6170
118
5767
1069
5028
7795
4927
97
3532
5723
3277
5588
4713
811
7844
5344
1459
996
4124
2336
2367
5846
6292
5123
6904
628
4234
5872
4721
5269
1850
9
4948
1152
3557
1765
1007
3410
5505
632
1399
7532
7146
3378
807
5172
7144
4483
2302
5951
1609
6808
424
6239
3011
2680
2303
1136
6218
5935
6800
2111
945
1690
6441
4482
7005
4551
7267
4773
6942
839
3083
588
6341
5601
5125
4869
307
4453
7983
6502
3057
2668
2364
6029
5611
3125
4096
445
5224
2507
3470
7661
89
4541
4207
7040
5548
488
72
7072
3875
6855
4462
5405
6962
6178
2043
2334
4811
590
610
1385
5701
4124
4456
6650
1948
3857
3842
2283
7436
1777
5349
7126
92
857
859
4213
4739
6731
2236
1491
1261
7714
6952
6700
1768
1655
5893
4337
880
6621
4065
3420
4478
7932
4312
6856
6133
7093
4190
4681
3266
742
2662
6545
4903
5617
4996
7598
1380
1251
1355
2737
3649
6149
1206
3066
5183
800
1179
4448
2261
3639
536
164
6129
1115
2409
194
7567
5366
3075
1296
3305
7283
2494
7848
1155
2246
2222
1450
429
1392
2299
1121
2859
7258
7406
3851
6299
6370
6019
6429
2437
2630
697
5888
790
5694
3790
3734
4495
1393
2903
4693
5673
6848
857
4685
2532
6638
1159
1967
7553
1905
5862
7824
5417
2650
2504
2690
3015
6025
5682
4567
7912
7227
6269
5545
7295
5998
1863
5552
6258
7159
5221
3872
6414
658
1446
4359
1510
7878
4483
2522
910
6778
3213
1638
3586
326
5632
186
6878
5513
2972
7484
5599
7020
4671
718
3373
4457
2497
5140
7111
5459
7477
6405
3316
5230
79
897
2009
1524
6820
7782
183
4352
7868
230
2031
4972
2559
4651
1326
2700
7420
3292
637
4088
4806
4075
6310
5423
5641
7057
2884
1998
3313
5015
7666
5415
5643
7659
7367
789
531
1355
6639
6986
7560
6029
3911
4478
7511
4211
7306
288
5424
3701
5244
6465
17
916
7531
7393
468
3972
233
3143
2551
127
4951
7519
1522
4693
6397
1193
6702
3559
1827
7586
7446
4795
372
2751
1214
5953
7271
2261
4579
5115
2965
2545
3513
2567
2656
4771
5090
92
2819
7334
6112
6821
3780
4021
6813
3443
970
3982
1988
1784
435
1847
1759
6574
3219
2510
4791
7111
1970
172
3186
1604
554
3859
277
7542
3952
175
4220
7635
2135
7218
3864
2742
6381
6327
5176
7074
3841
1402
7290
7663
7955
3002
4700
2760
464
538
2323
1521
448
1087
3055
2029
861
2913
6689
7174
1826
5063
629
4753
6974
5224
2818
1309
6076
5298
6116
6768
3632
7039
7275
6186
3388
4716
311
3794
4134
6695
6096
4610
6972
2313
6991
116
2339
7475
4826
595
5683
2481
2853
7269
215
3470
4720
188
501
2293
6612
81
4702
5653
7486
2458
1174
4107
5214
7128
4284
3659
4436
1186
3889
6485
5011
3303
5274
1854
6116
6299
922
6403
4839
3429
1374
691
2467
1172
1178
20
7659
3596
413
6264
5562
1206
310
770
6434
6690
7389
67
1787
408
2786
2147
1520
7173
6140
6884
7484
5726
6073
2874
5138
2180
1024
4022
7410
4873
7608
5076
7434
7337
1709
4904
6474
1068
5165
3676
445
4658
4732
4764
1909
3595
1880
7694
6643
5810
5730
1082
3884
7221
1980
1404
195
4820
160
4096
5857
3162
7286
3828
7752
6390
7107
