5101
1850
782
5026
5433
7958
6796
3972
3461
3439
2792
4433
3540
493
174
339
4606
6185
2858
2605
5638
3512
7927
7124
7740
4777
3650
6062
4141
2346
6476
5480
1203
3915
5588
3223
5586
3601
7269
2380
2198
2335
5543
7027
5408
2607
1400
2023
2342
1771
6889
2533
5000
7077
6673
3963
7454
2232
6885
6455
6551
2465
1797
450
1930
7984
1002
1206
7832
4419
4059
3933
1880
2491
4849
7551
3754
4280
276
541
5083
948
7565
496
5681
7085
4772
2324
2920
2546
963
640
4569
3379
7160
2329
740
5560
6533
7866
3200
7685
7593
402
912
2584
954
7262
4250
5159
5343
4546
2689
6111
7888
288
6505
3326
6622
1592
1528
4338
548
101
7670
158
2841
2733
2663
4565
7608
2360
68
7847
3474
2925
2039
1618
1041
1858
1590
707
3584
4539
4092
6537
4622
6221
3013
6861
4660
2154
3693
4279
5524
2680
2257
6301
1570
1386
1862
5050
4676
1840
7227
3435
1123
6575
774
7875
7088
1716
2171
7805
3924
6734
4743
7788
7508
480
6669
6013
6108
1728
5353
1071
224
6343
1098
7013
4829
6152
6756
1522
768
3648
200
6685
2542
5547
1223
6507
3292
1841
7816
6661
51
2020
5785
837
2642
1208
7442
1853
250
7450
2281
2081
4549
994
4285
1409
896
2673
4929
5355
2395
2100
1906
6527
3943
7039
4493
1124
624
6056
793
6240
6202
2586
5920
3110
4600
1297
4979
7434
6768
4725
1320
3927
7048
1218
4573
5476
7721
6372
1887
1308
2836
4762
1387
6623
931
7588
7671
7358
5540
4224
7157
4868
6531
6323
3969
4714
5190
5123
3390
6048
5674
1608
2106
6113
6123
2138
3005
7183
6915
3522
5579
528
2339
1562
5683
71
3977
5067
1204
5082
7300
7627
2789
5220
4884
2806
7826
7145
5958
255
2866
1625
1768
2865
7206
7282
329
3255
4331
64
5117
4004
5095
6442
5872
5226
5298
351
1417
2926
2380
6087
6646
5401
1867
6161
7461
5654
1308
340
2104
2135
7161
6119
5208
4998
5545
5389
138
3547
6312
5222
3816
3443
2369
7795
989
4191
465
6728
7779
5885
2078
4990
41
473
2664
1563
2997
6068
6839
7946
2525
4386
4797
6725
989
6327
5317
7307
4130
3786
5253
6817
6945
2300
6398
970
3284
3714
4484
5985
4407
1583
2392
4947
4092
7546
2570
5342
721
3005
4869
5229
1752
267
417
4024
5011
4818
6313
2807
2234
5194
1552
6721
6072
7441
577
532
4644
2717
952
7300
548
5074
3976
6998
3030
7966
5958
772
7905
500
1881
3533
7244
1633
2858
7547
1510
4246
2047
1604
1466
3427
4362
5900
7983
77
628
5348
86
3981
2810
4602
4163
4575
7301
5476
2823
2454
1246
421
6710
5253
2513
7498
6214
1960
1287
592
1167
5677
6186
3756
4442
386
2633
5469
3728
6686
5612
4843
3665
664
2825
1812
6209
1423
7351
5423
6231
169
7487
1850
5261
5980
3186
2464
1964
5694
7469
7153
917
2185
6829
3356
7420
3471
5899
4775
2435
5243
5385
935
4457
5614
7744
5739
4992
4112
3685
7662
499
7936
1730
7384
7366
4988
1124
2812
742
2174
6486
5911
2371
7005
5828
4873
2135
3439
5222
1835
6929
7424
5651
4698
197
3556
2609
1727
3685
6396
3209
4647
3272
1869
16
5888
2175
2204
5160
3405
2184
6688
1457
4611
2538
6073
3565
6596
2458
1243
3654
3156
2700
1294
2367
191
2883
7681
3932
3311
2293
7731
2214
7802
3987
1979
6584
3521
6741
808
7968
3647
2767
7704
2388
4105
2453
3531
36
260
1905
446
3706
5084
5868
4321
1115
3115
744
7556
1429
4057
6714
207
7293
5867
4546
3817
2996
2214
7478
3699
1926
2339
2004
1712
3901
2453
7835
5151
1218
7080
3525
4336
1272
3687
5620
6045
1492
3233
7556
2365
7076
425
1051
6401
5015
1515
2339
1715
5587
7316
1724
2140
1578
4814
5145
3706
7354
4046
3050
2110
5304
2796
1251
4168
4872
5493
5644
5096
5387
6264
2528
7588
3876
3082
4704
6581
229
7859
2222
879
4303
3504
5341
7583
3833
2177
463
1426
3068
160
6068
2900
6198
1007
3966
2679
1479
1908
3063
6103
250
5262
4488
895
3651
3397
3205
4906
5634
6582
7618
6165
2283
7490
3244
6067
3042
1506
6850
4455
6091
2135
1953
267
3410
4826
4894
3702
7068
1035
4102
5293
2040
5392
7240
6229
7123
7839
6264
2914
4193
2657
2244
7168
4228
212
2423
3436
6105
6944
4676
4816
4896
2610
7586
1034
651
6325
3827
4849
4869
3550
3157
7676
5296
121
4297
5067
1198
898
4926
5215
691
1363
7998
1190
326
70
2845
224
2584
977
7228
4106
7276
1277
2764
3792
4494
3062
2771
7707
6498
2315
4298
3169
6377
1906
850
3815
2012
4066
5221
1862
4596
1027
5161
5008
1872
816
1285
7187
3866
3147
4173
6976
3728
835
890
5428
63
5264
4018
3323
3881
3355
3706
5740
6445
197
6726
676
2338
7079
5369
3143
202
2263
4328
386
5621
5733
7451
4264
1161
4636
6041
128
2746
1002
6043
1020
3144
3411
6154
885
7336
1685
4981
2489
1502
1254
1109
6604
1098
7792
5545
4096
4582
2613
1297
5951
2114
1128
3292
1550
6548
3877
3981
6260
483
2416
3307
819
1144
7177
3144
6445
941
1897
5172
2690
5703
2951
2850
4725
5161
1781
3308
1136
7910
7419
1552
6134
3840
1129
4744
3006
7369
1871
7656
1530
6734
7624
6269
5296
2005
5022
6282
7238
1909
7021
5550
5329
6841
6887
7162
3528
4409
7455
1215
4372
7415
1791
3887
2076
4946
1094
114
745
6562
5188
932
7254
5126
2327
5520
5066
514
7081
1108
5027
4703
1537
4166
7488
1922
5829
4856
3604
1465
975
7115
5329
6092
502
3881
3281
5160
7195
7561
6464
1667
5002
7360
4841
769
1996
3017
5043
2470
1327
3236
3236
2139
7034
1274
4595
3561
1258
2472
812
7457
335
3541
1876
1482
192
1852
6351
1614
2137
7587
5254
7004
3489
6920
6630
4937
17
3409
3526
4790
2606
6802
6214
4595
3725
7712
3024
4269
493
2164
7434
2393
5993
1045
2313
3920
5113
3065
6185
173
3546
2316
6418
3404
6274
1579
5497
2418
2240
3648
7264
493
5316
5282
6409
4742
4345
2670
6498
699
2629
6237
2837
7355
7098
5354
7142
7041
7446
818
438
5688
6407
3432
6766
5769
6406
6939
768
4713
7607
5378
373
2241
3109
7443
3843
2785
4865
126
518
3810
4791
4491
1209
6086
7582
255
2031
7983
197
3494
2670
1727
1112
143
2321
1017
2275
2179
626
3336
2561
1692
2840
5527
3112
3787
5092
4426
2949
7251
7942
3653
6203
2460
5208
852
4633
4032
147
3431
1318
682
1321
6139
3296
1019
5861
7845
6182
3221
1225
712
4112
4856
4234
2593
5495
7729
3937
6473
7115
3392
5077
7207
744
3430
1350
7469
6275
5054
7681
3103
5153
5924
3732
1031
5514
3300
1126
4808
6927
4152
3700
1321
2250
3254
3506
1371
5686
5711
1399
7825
4232
1737
5690
3955
203
7059
43
4962
1128
5475
230
5140
7475
2008
1187
4593
4967
4188
375
7129
1484
4767
1481
364
1558
1878
2391
3001
5621
1269
6972
5294
1844
1180
4375
2469
5227
5364
5205
7656
4595
6434
2328
4289
5130
3423
2605
6493
3362
7832
1518
3396
6860
4425
4751
5724
466
2617
2961
7485
2668
5724
7265
4000
7528
5546
5404
4442
7326
6942
913
4257
2197
5774
384
641
5202
2666
6808
6816
2990
4331
7764
3357
487
4558
2246
60
1991
4077
2805
4890
1821
5965
4297
3299
1504
655
3375
3360
4114
1999
4297
4719
991
3007
3237
4108
3285
4406
4784
2924
450
3925
5113
5820
4301
3662
4530
4027
84
7148
1642
4237
124
872
1876
3978
1515
3635
3583
954
7938
4851
275
2093
5279
1898
5837
6607
4370
1935
3705
7666
7653
4162
7059
2926
5849
4661
4902
1660
3343
5132
6896
1266
905
2733
6348
1310
5383
7267
6971
2849
7711
5974
2659
1174
3153
4073
5833
416
7484
459
2082
3004
6204
1967
3959
2762
4693
2716
2605
1190
4670
3576
6128
4363
6413
1934
185
3103
3944
4948
6013
731
1006
6787
5585
6046
6038
3571
6162
2259
3878
3950
6978
7935
4182
1670
2709
18
5037
6508
7566
7517
7226
4894
5563
6908
7034
594
5250
5434
7471
7074
4711
576
2677
1647
5179
6048
6369
3388
6678
1737
6984
5092
3102
2481
6022
6639
4045
6742
7613
7679
1740
7774
340
1207
2281
6169
4171
4856
6842
6254
4217
875
2775
2559
1101
5962
6429
4383
1562
2305
3310
2457
1336
393
3958
2757
5991
376
5761
1038
2482
6279
3886
3434
3182
5942
155
6349
7092
4502
1738
924
2269
5734
2905
1675
6916
7972
1528
4152
6747
6658
5078
4754
7346
3852
7721
5123
1364
5312
1650
309
5001
7999
6905
917
4421
1532
733
2786
2971
1484
953
3025
3824
488
1318
4234
3499
5965
2088
2985
6656
7051
3001
5497
2903
5422
4930
2712
3989
752
2312
7138
7239
1753
1508
1660
6248
4915
1575
6929
4603
2917
7083
7786
4655
7860
2876
5922
3539
6866
3111
4370
354
3361
4304
4440
6808
1337
6700
3879
7385
2666
4158
2703
5042
6527
2159
2892
4407
2839
3102
7433
3893
4998
7506
960
2035
1486
4813
5745
5402
6359
7028
5308
1729
658
3252
2870
712
3335
652
7497
2184
2351
5183
3037
3292
4876
1469
4818
3322
3437
7963
7870
2982
2935
1555
1414
6004
5149
642
2419
1297
6937
7198
1240
5340
946
7969
7946
318
1894
2762
7746
3650
5004
100
3352
1436
1644
4518
2362
925
7636
1915
1636
3623
3724
2667
2910
4903
2136
627
870
2928
642
4583
7747
3521
7396
715
4402
3230
2379
3131
5226
1758
7980
6881
6371
1543
7947
5848
3192
6537
5094
2898
7759
6135
3453
6677
5543
4930
3656
3512
5247
4987
6391
1172
5429
52
4998
7006
3232
6073
1943
4515
4727
2895
4340
5346
5639
3661
2083
6378
2163
7531
6474
1620
7534
3990
6941
569
7858
5697
5087
223
5716
4066
2390
2830
6460
382
7355
2759
4733
7572
5779
2204
5986
5738
331
5890
6195
5600
7251
697
5566
7189
3442
6986
6623
1531
6671
4477
4885
3829
6264
320
6744
3342
2041
4011
4524
2789
4317
2131
2249
5778
2784
5971
7542
4737
5607
3598
1064
5786
4326
1849
3917
4116
3373
3971
3760
5733
3439
872
7559
354
7354
3592
3376
119
6808
6325
2835
7977
2319
3254
3185
6005
1779
2298
913
7173
6485
5167
1598
344
6526
4599
2187
3570
3949
6479
6289
153
3258
3452
3293
2105
5626
3410
3614
5872
2213
3733
5185
3812
682
6322
6917
5982
3034
4318
2344
3605
6326
1435
3285
172
6656
1448
1684
4491
3445
6571
7162
3723
1070
2541
6191
2697
5033
3818
2284
6462
1127
515
1099
7210
2837
2200
5278
1308
4748
3564
6895
7277
5770
804
2401
5118
3715
3567
5442
1014
6700
2211
1979
563
4865
3749
7231
7745
4884
636
3740
1835
1805
1872
3802
4088
976
2113
223
914
3361
1318
932
4715
6392
6881
4319
5379
3778
7025
6826
4872
918
1461
3719
7016
7639
4706
1808
6577
7613
872
6815
2531
7213
4762
5608
5400
2181
4289
4010
5551
3395
4729
3628
2658
3433
5639
5368
231
7808
3973
4383
4280
3441
3322
3755
7700
5510
6074
1975
5044
5174
5852
4263
7443
6418
4528
6673
4972
5810
5626
6600
2401
3015
1909
4232
7757
4690
6441
2765
6145
2399
500
5976
5800
4218
3592
2373
3312
6020
7788
3788
3012
5608
1603
5969
576
4682
7663
4585
397
3142
6318
4906
1219
7092
7043
1885
3417
4619
4886
1309
630
1484
914
2184
4828
68
1365
1034
7596
3057
566
3550
5743
1812
4799
49
638
2649
6475
4233
2276
4509
6164
5671
3151
5589
9
2734
263
3425
4687
4397
7943
4532
5445
1384
5976
4557
1313
1957
2781
4147
2173
6260
7256
1295
4610
5895
7906
7709
96
4417
3495
3143
4163
523
4180
7771
451
2749
5650
137
3811
3206
2432
1433
2314
2504
529
3805
1802
2346
3723
924
4691
2299
4772
3809
3068
5089
4355
5455
5940
6077
130
876
3730
3176
1515
4633
7808
1786
5573
7047
2601
4217
6315
7535
1006
7722
322
2457
982
4885
7461
5922
6526
3198
4816
199
3592
4720
2399
5433
465
2969
7075
5527
3168
2010
3507
2469
3573
7704
1504
7717
2242
6168
3550
4467
6446
5399
4510
3817
2146
1273
1730
674
6709
893
5458
2949
5185
5558
7710
4911
7171
2822
5825
6560
7821
6889
7993
4537
255
4505
1371
3178
4357
6602
5892
2454
1299
685
6624
1912
3147
4428
2140
1734
6206
3947
5056
7717
7301
7261
3732
6019
7444
5749
2952
2115
5062
7740
7430
1370
2003
5899
1226
5791
1891
2424
6464
1763
3509
1810
1537
932
1575
600
2319
7601
5826
6753
2567
509
341
6416
326
3873
4518
6297
6409
7233
5561
4340
682
4028
6794
6945
5047
6866
680
5665
6943
3639
1790
4147
5681
2353
4638
6649
937
7857
3487
4978
156
4186
578
650
7800
1283
5148
363
5468
3774
3373
6228
746
3552
1721
3367
3015
4573
3385
5733
4318
987
206
3101
2460
317
1353
1260
7621
6905
6389
3023
4106
4998
1198
6321
840
4333
1078
5157
2322
1603
3033
3412
5591
5062
1894
6549
2159
5201
2736
4676
390
3378
1146
1156
5013
1454
3404
2863
2669
5003
119
7717
5562
1855
5105
5105
1317
4142
745
3403
7086
581
1688
1492
5853
1642
4582
7572
7909
7421
5502
3391
2582
7491
672
5741
4533
4173
1005
590
5318
2809
6701
1280
7563
5025
516
87
2300
5099
1296
463
48
4220
3949
698
2382
1978
4698
5702
6329
6995
3532
7350
2374
5642
4424
5747
855
1093
4592
605
1231
6088
6847
2213
614
2842
6858
491
7717
4508
1610
861
6752
6854
198
26
519
5095
2261
1566
5954
3376
4931
267
3300
6583
5741
6928
2787
1589
5456
7868
2570
5720
4014
4507
7940
2643
6256
6204
5889
4585
6680
59
4532
2519
6958
7367
7401
2213
6158
3568
2563
1587
4700
4186
3936
1253
3105
7102
4280
839
5020
3664
1118
7277
5758
4716
1823
2528
6008
1048
5086
5697
6136
1533
1488
7282
3786
25
907
5800
1465
4084
5445
6055
2264
2040
3402
7906
371
3001
5687
665
5273
6093
6583
5160
7955
4734
2544
888
2234
7743
3251
7708
1122
427
7275
7370
2926
3953
2134
406
7029
2889
3129
1708
1867
7881
937
4255
4076
7908
2992
6930
3160
7265
1395
5036
2782
7302
532
4169
5764
3375
6960
2705
251
6319
7351
1007
3157
4500
3957
3108
2536
4383
817
5821
7451
4797
7550
3320
1327
7201
5207
3640
7122
3300
6737
676
357
4616
2110
7371
5024
990
2758
1484
7010
7520
387
5031
1175
5969
3084
4633
5066
1641
3435
151
2580
4671
1436
3875
7878
4788
7385
2311
4935
4504
4259
4214
5129
6667
5335
5452
888
2719
4431
5786
162
5068
561
4889
4275
2917
5462
1754
757
6873
771
3859
547
6835
1191
5630
305
4146
3829
3782
2107
6971
2228
6932
2764
1316
6046
418
5322
6145
5190
2642
7524
3590
5470
757
6682
7430
6920
660
4812
5120
2463
5121
5458
7777
6633
720
3774
5510
6662
588
2091
2498
2639
5280
2420
1158
862
3377
987
3230
2346
6274
1448
7293
1206
2786
2482
4778
6209
1409
3166
4356
149
4684
357
4750
3241
7728
1045
1740
3187
2487
381
4120
3606
5813
4445
242
2411
1751
7926
4270
1645
405
336
6144
6555
7132
1630
2323
7700
7546
388
2766
6496
345
1368
4068
5681
6063
2314
4538
3904
225
2405
5387
3666
6447
3299
4741
5306
3199
7816
5824
471
1985
1365
5006
6153
1775
181
327
7916
1573
6473
981
5546
1126
1884
4853
1882
499
2735
6546
7345
1129
884
4047
7388
4667
1979
2888
3923
1296
5798
7984
4366
2646
862
1967
605
705
4145
3543
6407
6273
3662
3994
5380
7692
1912
7810
439
1854
1756
7828
4995
1399
6399
335
2354
4838
2235
6296
4880
5661
4936
4317
4991
6148
4693
4549
7043
5005
2985
2720
4512
6726
4157
6119
3293
7589
4585
6528
4519
6513
6917
6589
1551
4999
1777
5831
2187
4226
6024
4080
3531
5194
747
7030
320
6768
6682
7517
1266
7056
6883
5393
4361
4081
5170
2120
2039
3909
2645
7535
2003
5363
2424
4449
4306
1970
5091
5734
6405
430
7654
5159
3574
3138
6286
6256
1161
4840
1199
3174
5996
2463
5408
3817
6679
7175
1461
4362
6150
5101
6504
3959
737
6395
2299
7482
5528
7329
2112
5542
2139
3395
6854
5250
6793
7653
7477
3118
1077
6410
2189
7485
4838
4104
2397
6598
6538
3373
5678
5961
2662
7216
324
325
5362
5066
7772
4227
2393
6064
7630
5889
5456
5561
2223
5748
6676
5850
1461
102
7551
4220
3173
1041
6226
6376
4626
1037
746
1874
2123
2594
2168
5584
6109
1895
6001
4590
2754
6576
5394
1423
638
275
2454
6217
5325
5085
5610
3593
5641
3598
889
6370
486
5280
7543
527
7402
5913
6625
3527
127
5090
6255
7143
1344
2061
5945
6682
7659
5487
5730
2829
1141
6356
245
927
1467
5898
4720
6901
6651
4135
2160
3767
2933
3070
5150
6918
1613
5842
2753
2848
5918
7202
389
676
6969
7182
850
992
4543
6808
1052
4007
4208
638
7752
7287
1609
1209
1582
3887
811
6245
4810
6549
5815
7057
4751
2603
4635
6143
5139
5860
556
4416
220
840
3597
6839
6428
7188
6327
2988
3167
6534
6822
7903
4480
3390
7843
6340
6977
7298
3217
4795
2455
7618
2080
7786
523
9
4839
5578
2598
6452
1043
6052
4187
4728
3699
364
2443
5606
3095
4642
4354
964
4935
7001
5691
4436
3983
7875
1419
840
6764
163
2621
1880
3054
5193
6037
4603
1615
4484
1756
2096
1609
2643
7055
3734
5554
5321
6699
1085
225
7861
3532
2975
6024
4710
1433
3185
4193
6343
4605
1511
441
4054
171
2672
2459
5100
4913
2558
4331
461
2180
1013
3779
1290
419
7527
6783
7091
4942
142
1675
405
5973
3169
2184
5268
4983
1763
6148
7743
7900
2844
5214
7452
2490
4063
550
830
1856
5087
2337
4067
3809
3583
4013
7041
4574
1981
5530
978
307
7618
7671
3658
2256
5609
4059
4557
6086
4045
4877
2499
677
581
1692
6497
255
2870
2948
1144
1100
2840
515
5726
4105
517
6726
1080
298
6842
4948
677
3252
7070
4666
1155
7222
4381
4939
7343
6980
949
1906
1952
2630
7458
2650
4364
6760
2133
2147
1310
2257
5252
4308
4828
5552
3707
7396
7989
6784
3909
5365
3653
5268
216
4119
5791
3835
4355
243
6622
679
4634
264
1386
4924
3841
5580
1029
3610
4031
2510
1187
1336
621
4410
6899
137
2019
4467
988
4067
6841
1086
62
1098
5814
1864
5211
4602
7628
51
7426
5478
5120
6092
3329
5574
1640
6096
7243
6872
1969
3030
3509
3833
5873
256
6852
3118
2460
388
7053
567
7442
7235
2134
7163
3277
6738
1051
1011
3136
289
1149
4891
7196
7171
999
261
1560
387
5821
6965
6644
6915
4583
3266
1125
5202
1669
3373
5488
1831
5836
424
4100
1054
7979
6966
1028
6960
5565
7563
1145
6331
2442
4955
2410
6976
5432
3563
4093
2136
4312
1290
3197
2423
3097
3977
4989
3431
1624
466
6567
6019
2283
3181
986
3617
213
3254
5434
5965
7760
3057
4889
6464
1082
4019
1035
388
6921
5544
4773
3686
7203
1396
5642
960
650
5174
4237
5861
5337
7861
1969
6083
6761
2909
4824
1525
2313
1841
3434
3551
2267
4587
4701
5445
5485
7108
3494
176
3000
5997
2632
2921
6370
6269
7966
5527
3392
4440
1902
3134
6292
4038
6660
6815
4525
4391
1334
3524
6412
907
2867
7137
6859
7023
4175
6192
7413
6087
1715
4219
1057
385
6361
4431
4955
1078
2599
4169
7754
1457
85
1906
5106
6652
1268
4321
2684
3873
7929
807
3446
649
3819
4668
3806
1711
7412
5965
5090
2769
5675
5557
4110
3624
4854
3084
2998
2634
5835
6629
7774
3523
4271
5484
7861
6050
7618
7562
3359
4599
3763
7482
114
5421
7109
1579
3411
1469
3255
3472
1064
6583
3588
1174
88
5582
6714
3063
1836
5158
4425
4268
265
7500
6105
5025
506
7291
820
238
295
6673
3825
4484
4560
3506
6646
3653
1249
5878
7308
6141
7383
3303
6174
5973
7327
7386
2590
1623
5962
2881
7144
4204
6941
4987
354
7076
6348
2746
5441
7933
314
7838
3941
1896
3518
4664
2832
3381
3465
6078
260
2393
638
5361
5419
536
2502
7257
7577
3756
1224
6690
1315
1301
3652
4488
6263
4553
35
1072
6457
1256
1224
7702
1489
2398
6286
868
155
5895
7727
445
2138
2709
2070
1496
3703
583
447
2631
1232
2575
7125
995
3153
705
1818
3980
3130
6561
5699
1484
2187
246
3787
2499
500
7735
6654
2717
2499
6559
5025
1267
7013
7603
1043
4218
1321
1650
2357
6135
951
3008
4717
4688
7654
6859
5933
5043
5254
3851
6467
7820
5041
5590
1322
3300
688
7137
7078
4514
7358
3434
7003
360
7917
1093
2770
3519
2423
6136
6048
5373
3031
4374
4647
4595
6474
1270
5149
6858
547
4173
480
5871
6080
4237
3543
2898
1417
6831
4324
5352
790
5337
937
1311
2035
7824
3529
3533
4160
230
7285
4846
924
7651
2710
4753
2346
410
157
6237
586
3873
2585
918
4821
3991
4810
3070
1319
159
4662
1747
5533
6412
6076
1475
2324
526
6004
2130
1923
850
5190
2831
1212
7958
1215
1432
7157
6978
4607
1341
7457
2035
5340
300
1134
2264
1518
3558
5734
1444
4543
6996
6076
7045
5426
4177
6230
7230
7902
1537
2650
3873
5728
619
5218
7658
1581
3442
3314
65
2145
348
7190
6386
927
7623
2010
3431
2041
5754
7869
6008
3000
101
6063
6256
780
208
2956
3579
7180
519
316
1327
7817
4254
6042
4415
22
7454
3372
2034
3806
2215
2253
5487
3962
3054
7106
2471
3932
1265
603
2937
1910
4842
4395
501
883
2935
6196
4836
7095
2754
7976
888
3980
7041
4663
1791
7767
6113
5059
3084
6797
4489
4327
440
917
726
1879
7062
1344
3589
2319
5462
603
1354
3369
2041
4930
4034
3006
5367
2366
4622
6542
215
6538
1321
1701
3174
4028
399
324
4401
4702
1678
3500
6821
4092
4070
2418
3946
1176
1609
3426
7905
725
6680
5976
5847
7421
4044
5105
6493
4949
4447
587
1035
2201
4371
5968
6095
4259
544
2969
7236
2418
347
2667
5019
2673
6120
4317
5825
7759
3654
7405
2968
2343
1417
6030
838
7708
664
6566
1614
36
5397
171
3833
1192
4410
4253
2021
1822
1844
7294
1375
5360
2901
2903
4150
4124
2751
4145
5837
200
6352
1288
1666
7055
4154
1985
959
4906
1114
7549
465
2518
5917
7092
2870
3852
6009
1075
1321
6399
2416
6236
4817
2318
3160
793
3839
5676
3028
2908
3450
587
7657
6642
4087
6371
2389
6040
5940
228
5109
6567
4545
2952
3404
2226
3061
4053
2019
5795
486
2892
2653
6668
7316
4776
2035
3932
7551
5568
7054
4061
54
7833
7995
4579
7372
5856
7994
2387
5694
5908
6989
4500
5233
3375
1941
731
6213
2601
2714
5564
207
3720
3684
5582
522
5321
3487
595
4064
697
4925
4647
1058
7836
5806
1386
4278
3557
3581
5478
6522
91
1266
5093
7843
3488
7664
3656
5435
7278
4537
3852
3439
3008
1514
4175
6234
2454
5297
5991
2167
1598
6561
1525
135
1766
1048
2127
5591
67
942
3648
6061
2521
3418
3149
5501
1282
7739
7269
6160
3760
3454
92
6420
373
5121
1805
3878
7158
838
221
366
1291
1685
1608
1428
4159
2499
1903
2314
1299
6842
833
210
2073
4745
2230
5152
268
149
6584
6874
4568
7082
2807
895
6225
5064
4979
4829
7312
6104
4736
2500
95
4426
3565
1689
4754
1597
4041
445
1087
1576
6
7422
7507
2014
1681
2133
5229
4041
5310
2560
4602
5486
7628
4820
2406
452
4617
814
1679
1728
226
7934
2064
7071
5553
875
3828
7012
7079
2931
4944
7438
3642
1570
2075
7536
2334
808
141
3219
3789
849
533
7402
4701
3020
3680
5312
837
4577
806
2326
3923
3960
5492
3011
7969
4348
6969
2989
590
7091
5188
7677
1814
2686
2803
1285
6471
4199
3595
58
4232
4430
5961
7366
5227
3375
4424
7310
6689
3253
7162
1991
6263
5252
7135
1922
3449
3545
4532
4552
6071
2172
1625
1130
1304
624
5483
1127
5046
829
6806
4603
7437
5115
5651
1227
985
1620
769
2430
7850
3444
874
2950
7531
4559
4165
5827
7159
6518
5674
1757
1500
6129
5823
3719
5651
4899
3531
5108
4014
1804
3726
7275
550
948
2189
2800
519
4150
7357
7675
5055
6757
4219
7749
2912
4146
2510
6898
1754
7823
5389
2349
3958
5716
150
5906
2184
6443
4126
3268
7998
267
2295
3076
1440
2301
5135
3646
5590
3829
221
6369
2384
7751
6959
4406
6755
1933
4830
3185
2820
2064
5701
6490
3949
2310
2485
6997
7777
4062
604
2444
5121
5301
7316
2716
3227
1131
4971
7988
6033
1982
5360
5817
7970
7898
7793
1883
193
470
5841
541
6636
4230
6010
7934
4940
3129
5836
1750
2558
2613
2989
4358
5842
85
7268
2713
4421
6925
3953
2942
5427
970
7823
5421
6321
6887
2422
5690
7449
6797
4113
4840
5463
4670
3636
4490
1414
1773
2417
3422
6258
2014
7561
417
6795
6134
1248
724
5727
7340
7899
5135
3599
5794
5644
2275
7551
3003
2280
4817
4989
3147
2582
2254
748
6736
6732
7446
4348
479
2250
1767
6234
6501
566
1934
923
5546
963
1503
5649
152
2418
87
2870
3330
5467
3323
6367
1216
7968
1064
4584
4174
326
5277
2317
2008
4414
7486
3453
2850
1846
3338
5721
7991
6678
3844
1942
1702
5392
6936
5097
3364
1780
1653
6232
3944
6315
1887
216
5495
7212
6888
7773
4038
274
5029
6875
5706
5086
3805
3949
1550
2450
4638
3019
6247
3922
5242
6886
699
4825
4981
2174
5023
9
3329
4674
4205
6410
5385
586
1395
7198
2800
4519
7473
7575
5604
2652
7195
1781
1586
2633
4559
4906
508
3479
5101
7241
495
929
2234
5404
398
3228
2051
1671
2499
504
5820
1382
2841
1026
7837
284
6840
4650
4598
7324
420
475
3944
5526
4821
4617
4047
113
4365
4855
2580
4771
3949
7403
3996
1957
849
7406
7192
5453
7698
7745
4482
179
5651
7697
7787
1374
3494
6247
6782
847
371
4034
5576
1326
5831
1260
6532
640
592
6440
6101
4851
7783
296
3350
4161
2322
4843
3244
3186
1270
7144
2083
4951
2501
2922
5411
5896
3719
3271
2658
445
5473
5109
7785
7766
2392
1093
4781
5646
1396
682
4218
5538
6284
1617
65
873
6788
1980
6927
1971
3581
6082
6173
3023
3460
4212
910
4016
3541
475
2755
5234
2935
6506
2053
6903
2779
1653
5323
65
4997
6384
7057
3712
1916
3732
7002
1702
7155
5155
1706
2625
4874
920
2480
7852
867
2169
2425
174
2383
7473
140
5790
2333
1456
4206
7479
7803
6907
2933
1822
6745
3631
5976
821
3629
1407
1354
1786
5188
1430
5102
3021
7599
5820
5001
3897
3941
4488
5272
64
4758
4309
3167
641
4430
954
5485
5343
4526
4997
1107
7046
6564
5044
4804
1657
5177
2076
2298
2148
1893
3928
1013
4031
2091
4409
964
427
974
3136
6341
2143
6970
5741
4664
7705
3035
4231
877
2810
1689
4129
6929
4687
4554
5362
747
3143
5737
526
2952
1866
4542
6490
2237
7359
4473
5484
2165
3516
7179
4801
7401
7097
4035
2234
3223
6302
1162
7558
6790
5301
3398
3604
2480
3053
6510
6499
4377
4014
6291
4621
2782
7770
502
2286
5845
4876
1169
1964
7459
1207
569
5095
2872
5620
2389
6595
3960
4718
5631
1576
6546
2356
1364
3463
7333
2362
3848
3607
6576
1068
7254
4030
5462
4675
6194
1423
2326
7892
3680
5096
3159
6421
5692
577
4026
2432
2905
4184
5332
4789
1663
4635
2235
7564
7018
2500
2238
2542
1659
7597
41
5545
6774
116
2983
3103
7786
2224
6042
3104
2563
1487
7454
372
6266
4361
2109
1903
2445
2497
3618
2514
2785
5620
6092
2841
5159
5703
773
5157
2091
1926
883
5878
4668
3
6899
3456
6228
3059
307
3337
2082
7434
961
7458
3480
5235
255
1786
1589
4605
6434
6001
4143
3280
6298
4669
5255
5751
3457
4214
7194
2781
5455
7521
1417
6774
2398
3144
6475
6697
3670
3822
4379
4908
4719
2803
1833
5308
3366
1059
7184
2115
7063
2017
4373
518
7604
7623
2424
2451
2721
7685
1371
3168
4165
836
3683
3115
1350
6452
2488
4950
7927
5500
7543
1986
7591
2737
6328
717
6960
3843
1753
2709
5351
5976
5739
6739
931
224
494
3291
3502
6006
514
2162
520
3354
7688
4544
4590
5653
6778
131
5056
7786
5856
325
4622
245
7389
862
1992
6189
2349
7968
4113
7829
3321
1785
6805
7538
829
7273
7552
814
2279
4550
5472
1232
2890
3877
5150
5636
6426
3881
6115
4076
6081
1521
3110
5745
1794
2059
3295
7843
5669
2531
5555
5627
3030
4697
6446
366
5033
6743
3647
3890
3019
3567
2413
1396
81
2860
5795
1445
255
7026
144
1485
1169
457
4877
4412
6998
1304
1931
2043
1465
3970
2046
1707
3450
1453
6962
4733
6256
3204
5829
1248
5102
505
5921
6027
2102
6398
3719
4772
5302
1178
61
6219
5307
561
7848
6071
7598
6235
2030
3018
7013
4636
718
