921
68
7825
1140
6060
6599
5451
1285
4684
2582
1557
3505
3514
7056
6303
3042
3895
4887
2303
7632
6925
6578
3796
2048
5202
7721
846
6450
7858
7785
5279
3603
5233
4375
5804
551
7911
3449
6398
2290
2062
5290
5259
66
4011
2365
5918
6506
3583
981
1314
5231
6274
887
162
5297
5450
1438
3527
7743
582
205
1422
7807
5417
252
3099
5215
5890
36
7966
2385
4507
3868
6943
3890
6515
2364
2152
1602
626
1541
5431
1508
4289
2587
7344
5547
6404
50
330
4245
7405
6943
1368
952
5660
3297
5255
1139
646
666
5963
334
5526
2367
4526
755
2935
7940
6955
2794
5596
2694
3391
2890
3056
1876
2756
6019
2352
7720
7307
7853
875
1681
6460
940
7148
1387
6648
5296
3015
6779
4402
994
7628
4442
6253
2607
3910
4948
2636
6063
6624
1668
975
6184
5199
7191
5266
362
7926
6440
6095
5637
3095
4367
6512
6972
386
4418
2186
162
6707
416
2461
4454
2452
5987
4391
4986
5946
2335
5335
6230
303
647
7009
3419
7945
4262
5908
227
5777
2786
2097
4703
382
2362
7
7652
3472
3457
140
1071
7774
4763
3895
643
3754
6398
1835
3267
2502
6470
6930
1436
6135
3289
7711
3305
5976
5636
5633
2868
7587
5716
5892
7153
2766
1769
1098
6627
6679
5957
6187
7529
7740
3492
2627
2626
6609
950
7907
7444
7923
3395
5429
962
6382
6121
183
855
1553
2311
7755
3275
6826
2550
6205
5247
6694
233
7555
3773
7112
7223
142
5687
1687
4130
1227
6593
1323
6390
564
4396
6533
7788
3579
6726
194
2523
3992
2888
483
1918
5898
5614
2231
4592
6394
5341
6366
3041
1860
1683
2285
4743
5667
3481
2080
2252
2849
7266
5269
5305
5790
7877
3469
5230
4760
2959
308
1782
6170
2158
5577
1245
3310
5594
5715
1030
686
7366
2179
666
1778
7776
5963
6077
7503
7101
756
5360
2687
4289
6617
6715
5406
147
4111
5397
4998
2544
5999
1738
1221
1102
2253
2606
7910
2573
6868
7728
5343
1105
6663
1858
4457
6609
7535
811
2554
6741
4210
5014
7035
2678
1247
3762
1140
325
2575
2305
535
7476
2768
4413
4345
7381
3384
5898
4935
4560
6426
252
7842
3442
230
7247
6863
2409
2904
7653
3945
4790
1109
5717
849
6044
1861
1715
147
7956
2675
5739
6599
135
4904
2058
5472
6477
2814
4511
5831
4305
2275
3445
7324
169
4014
324
1417
7977
4766
3550
6646
1324
7537
1470
4224
810
4755
240
1665
4370
3423
2762
1120
7765
4023
1703
1883
1552
3187
298
4867
5227
4467
2422
6932
4043
418
5213
1958
2386
409
4053
3918
4301
3183
4561
7897
7127
3246
5194
1614
7811
3995
344
1784
6319
7521
7084
468
1700
1702
5776
4144
2519
7193
6750
7344
6762
7806
2966
4838
5580
15
2943
4624
4943
7930
5325
7175
2034
5500
7796
6126
4806
2991
4265
5004
7456
431
4342
4552
1234
6113
154
2271
4821
5515
3642
5235
6306
4774
7583
3180
5172
4438
3714
1467
3587
3950
5986
1282
6022
2202
7303
6951
5178
5434
1011
6814
2623
6856
3236
3147
5846
1502
3054
7878
2020
7571
6971
7133
6671
6458
7629
4657
1828
4516
1585
7806
3076
5812
3656
7149
409
6994
2829
3158
1708
5605
6352
955
7578
869
5994
1730
3292
2046
4592
5508
6276
3269
4745
5199
7151
1656
4838
4269
3716
2066
493
123
2657
618
1310
6818
811
1614
1002
771
3999
4428
6474
5724
6100
5733
7771
7167
5106
6491
2826
6179
5355
7916
2221
5871
4403
6000
6639
2476
3756
1663
2975
7702
273
313
7830
1083
6435
7087
2304
4756
4251
1566
590
5245
594
5233
7115
2940
7177
6509
7938
1883
1241
5772
7934
224
5349
5135
6007
1807
7424
4448
4270
7794
7019
3915
4547
5912
6046
2457
4937
6152
5920
4028
5923
1417
11
4484
5269
7555
690
7646
6909
2162
6324
3276
4297
6952
3235
1962
812
1701
4053
950
1336
1630
2586
6936
4762
2368
6867
11
459
2165
4609
34
3360
4890
3862
2917
82
2962
3437
4491
904
7811
6515
5851
897
5480
4875
6550
568
833
6666
5256
3389
278
4415
656
1555
1961
5855
1224
2289
346
6621
1457
167
4032
5939
7633
7461
2455
5974
2539
6712
3695
6120
5933
2196
2443
6614
6895
5053
1533
707
3237
87
4799
6442
7084
7022
4675
6969
3136
7344
6116
2802
371
5973
7429
6305
5435
384
7280
7651
2549
2193
657
4783
1061
989
2418
5249
3166
7228
637
4475
1849
5503
6118
3545
5577
5913
2754
6876
302
1811
5998
2570
2441
1757
1036
3757
2901
1947
3711
3761
2874
3886
3094
1620
4214
2360
6318
3295
4111
3255
7337
3330
6475
7945
1901
3486
4323
6585
1641
7760
143
7278
4203
7902
3682
4483
2762
2345
5236
5465
2890
6398
4368
230
7065
6031
7269
4521
1201
6189
2664
1576
1780
2972
4178
6843
5555
4863
6354
2603
7101
7441
3694
6544
1388
4446
3620
7191
6797
4139
6568
356
6329
2816
2636
3631
342
1079
2045
499
2816
7500
1481
2871
3835
7176
5149
406
7468
68
7666
1401
6772
54
3299
4894
2729
5596
632
826
6277
4418
7799
7461
153
2545
72
2225
7653
398
389
2681
7980
2800
2065
22
309
270
2932
2138
2618
3250
2546
7113
3069
4547
7679
6969
7773
335
5308
3015
1834
7376
462
1445
3594
583
7851
554
7116
262
3778
2382
7838
6567
4010
4274
6238
6161
923
4243
940
6059
4882
1821
2637
4864
333
2578
5816
2446
7002
2273
7051
2680
1336
293
2490
7629
35
7824
2800
5111
5662
570
368
398
691
1300
7584
830
7830
1141
6235
1690
403
5314
2510
7815
3512
180
4279
5312
286
2995
6506
7699
7730
7360
6013
2153
1658
1320
997
2966
3064
5265
1809
6468
3744
5552
1333
3384
4100
1723
5492
6592
962
5585
6067
2576
4392
439
4770
1598
6635
4790
1110
1599
2400
7125
2830
974
1384
4930
5795
6568
2157
2786
6832
1746
5593
5850
3722
2029
4861
1425
3779
4368
4194
7556
7284
5303
6458
7942
6240
2661
4167
2918
6577
3215
2670
6228
5829
6241
5976
5089
2478
2840
867
5769
5884
7113
4297
6374
150
141
1148
5520
7906
2019
7430
2595
2123
1990
1663
1509
1295
2370
176
1829
2911
4686
3223
3127
3892
663
1482
5453
4970
4741
3536
6909
5083
1221
2486
4848
846
6058
3375
5001
3393
4022
3831
293
2283
3727
5758
3138
2140
4589
1887
5013
1308
5796
6429
133
1723
1186
434
5594
2592
7471
5421
1408
5689
4084
7305
293
2008
7481
2057
7037
2374
3473
3498
690
7926
2570
6580
550
3816
5868
5772
3481
4190
5754
3297
5245
2849
1450
7279
6093
7154
7806
4488
6649
6930
4297
1077
2527
388
4817
4702
2998
5493
926
4635
792
5220
4967
2560
4001
1628
4202
2245
6770
6125
2191
7501
6483
7831
1712
1317
5814
4870
4467
1635
2865
7581
6757
2233
3281
202
7443
1102
4678
993
4089
3268
7800
7929
1608
7656
4544
7217
3634
85
3050
24
936
4746
2371
7218
6177
6967
6727
5505
6284
4638
1533
3434
2469
6924
2776
7816
4404
1065
2183
7719
2907
7490
1432
4165
5030
6149
5655
3253
7703
4641
6247
7541
5180
3135
5717
2382
5515
7297
178
4512
209
2168
5048
7385
2275
5294
4621
7780
6515
1909
3650
5719
904
1414
6972
5910
4429
7367
6714
7040
7269
2250
4129
4395
5089
3061
7654
5130
357
6461
5123
3326
5461
2803
7889
3156
249
1725
6407
2225
6768
7668
7133
4615
2484
4184
5579
5673
6506
6801
1992
3879
6337
3433
5139
2707
3378
2021
7451
4362
6571
7998
4609
6394
7711
5149
5666
5045
5142
654
5367
7413
7104
7917
7807
1441
4239
1225
1766
3145
976
3272
7969
113
5576
1730
6230
6840
659
5686
5522
1653
997
4870
3047
3991
1205
4362
2779
2306
5303
2894
2455
2238
1382
3019
1811
534
7500
1468
1124
2072
152
5671
400
422
6415
3571
1448
3790
11
4332
6378
7632
4265
3779
4995
6771
6275
585
1282
4121
7280
1980
2434
7373
4017
5550
3171
7913
1747
4466
7954
7223
3958
2720
7295
5799
1200
3515
1630
281
7329
6394
1424
899
6099
3969
5931
6681
352
5501
1242
1241
5847
5265
6790
5298
3237
7270
2103
121
92
1902
7333
4679
6252
4703
7949
2249
1260
4517
3696
6200
7658
2642
7229
5450
1816
4271
1835
5914
5515
1611
2562
7211
179
2188
5101
4112
3113
4967
2005
7677
1963
3201
3386
5721
5404
4445
5409
2444
2393
7358
4643
7731
1086
3718
641
7934
1018
1275
4348
2880
461
7569
742
2831
1294
660
5699
3298
3534
3451
982
5187
7481
5233
4686
444
2015
6537
4365
4216
1634
7862
7677
3283
4991
3790
4158
403
1961
2517
1464
6815
4215
2182
3121
5479
3343
4115
7679
2910
2135
563
1726
1524
1627
6836
3925
4823
7004
5449
1545
5890
6261
861
3520
316
3772
485
4186
3613
707
6754
1043
1281
934
3801
1869
231
7346
4068
157
3414
7660
2432
7851
7899
3050
3003
5874
5090
2431
6031
870
5257
7956
2863
1127
3279
3869
1752
5769
6411
3375
5680
2313
3430
1205
2838
7414
3553
1774
2260
2890
629
7537
6265
565
4164
6170
2522
1681
6078
507
4236
2537
4380
2496
4424
5570
1014
5534
5809
2269
5825
1326
6667
5826
7796
7882
4350
1519
3590
5469
6511
924
5433
5836
6795
3385
3087
6090
3013
5181
1293
1343
2841
5209
5282
5985
450
3172
2975
301
342
4239
6178
1490
7254
6802
4961
2768
5733
273
408
6287
3252
3886
1175
1174
7379
1173
3760
4890
6324
4592
7071
3854
6920
4391
4342
2796
5585
2064
1230
1769
4578
6668
4022
2571
6236
1959
7103
3708
7780
733
1111
3581
7404
3826
4238
7574
7500
4104
7553
7167
6015
1302
193
573
7118
970
5718
4375
3707
7768
4858
4447
6000
6360
5012
3450
4097
5746
3370
3714
1613
7593
7366
6981
919
7864
2108
3689
1742
5144
3859
341
7768
1961
197
3906
3845
796
5892
4995
1224
4773
7857
6742
2697
322
7780
6935
3242
6153
209
4597
5162
6566
2439
6857
5552
5828
7285
3231
6171
5824
1988
5852
1801
4889
6109
1648
4814
2771
5961
903
2065
7046
4334
1250
2493
1682
5814
1553
2977
7584
2923
501
2443
748
1202
7199
2342
6189
6009
971
5327
2530
748
3064
990
5030
902
2302
3791
2627
1511
4883
3267
1268
5670
1021
145
6862
6231
2529
5831
191
7900
454
5975
6012
3656
5145
3867
4198
6746
3751
6636
5321
5705
1022
4638
1847
5999
6636
6861
3373
6951
2860
289
5986
2445
2191
4022
4313
1774
1918
1438
1237
3045
164
6303
4756
6878
6971
474
1477
7459
375
6097
3352
6445
783
4322
1597
3626
7749
6035
4888
4562
2900
5205
7576
4437
1922
3831
2192
3940
6665
5517
7518
4495
7892
1336
2077
6257
4790
973
2087
5975
5260
4132
5184
4916
2449
4593
5623
1677
2538
531
3951
5989
819
2053
7344
3333
2015
7316
6682
2541
3328
3820
3746
1956
7041
2336
55
712
2954
24
7772
3816
1603
2259
2324
7084
6312
4024
6719
7694
3384
2036
4841
6392
4601
3878
4203
2302
4152
5051
5437
2339
5809
3920
5767
3290
2174
1864
5194
2867
4179
4159
5038
255
5894
3128
7455
6341
5736
1651
4864
7365
6554
6911
3886
1258
3907
4481
4859
274
2641
4408
1108
3864
6243
5166
3729
1180
1751
745
2474
3884
4264
2698
5177
5287
7996
5112
662
2785
7590
1225
2994
2299
924
6740
704
1519
1936
1382
4046
6959
1181
7821
2541
4355
5153
1071
3512
7056
6593
3905
7
927
6154
7430
3065
5142
3359
6972
7878
1816
7915
2591
418
7817
1658
3502
5962
1693
1676
5664
5863
4312
7726
3228
7527
5944
7021
2910
794
1291
2036
6579
5270
674
7509
5059
5796
3777
4102
7051
6161
7190
2009
1340
1776
1039
7564
4716
4403
6902
2439
1772
5871
5714
1222
3218
3100
1354
6011
1706
2569
5870
7319
1491
2409
4349
1771
4456
4651
7580
4645
762
3987
2603
4585
12
1225
3160
363
6797
6770
982
1050
458
3370
3028
3352
4919
4897
6642
2079
3340
4617
6566
4005
1093
3575
4887
7481
378
7089
6571
6783
3480
3670
3920
6113
6001
1815
6839
7765
5329
5534
3073
285
5907
6506
5535
1809
1221
7478
802
4616
6856
4668
2649
1451
60
5987
1349
7669
2108
487
478
6371
6662
2756
3369
6344
4516
590
3970
7526
2216
4288
7558
6508
2443
2554
4088
4997
2046
6271
127
2326
7572
7808
1684
4272
4119
3550
797
1246
764
5839
164
5100
1630
287
7773
426
6440
3933
7785
1077
5588
2046
914
3952
7287
7129
4956
3180
3438
1078
7405
892
5319
5781
360
5320
7992
5111
7271
1192
6099
6043
2793
2535
1603
6208
3917
5546
5834
5313
1165
6554
4291
4539
476
6915
3699
6692
2138
3454
3438
1552
7062
97
5512
4494
4054
350
7912
192
5232
2685
2523
6378
1558
5831
2889
7948
7953
2020
3291
3798
2401
2722
7544
290
720
5973
7471
617
1813
4763
6428
6979
3597
1740
5003
7167
6402
2554
291
902
3655
3062
2907
1213
1612
859
6876
5212
2993
3164
2095
6370
4901
7682
1594
1611
1297
7904
5464
3021
1469
3347
4666
4346
7543
2229
7232
2182
3421
3296
7987
612
962
4331
1248
6451
2239
349
2218
653
3651
7766
7279
5684
1289
2851
4424
2662
2266
1182
448
4280
555
649
131
4524
2284
4219
96
1192
6577
6905
6673
4155
2332
7259
7549
1614
394
1110
2045
2180
1314
6839
4616
1533
1612
3940
1314
631
4443
2410
5181
6237
5759
5886
1931
947
72
563
450
3093
3801
6834
2630
7606
5113
6079
7752
975
6865
7043
1639
2027
5201
699
1308
2294
1294
5278
2760
5771
212
460
2201
6570
948
531
3110
2304
6785
5644
5720
3165
839
7849
1358
1940
3833
3358
6531
523
2066
4601
4674
5282
6354
6531
6724
4787
5572
6782
3955
1308
4322
3854
6511
4541
5666
4722
369
5852
5056
4494
2268
2150
5833
213
729
3838
2701
7433
3562
1990
3053
3314
1307
4555
878
4455
2337
4786
6816
5947
20
6859
2842
5819
599
5291
5965
3600
1966
509
5575
2425
2993
4150
81
5978
2043
267
511
6127
3192
2136
4601
902
6996
1001
6595
1047
3979
783
5829
3743
7598
6138
597
1284
7932
4349
1511
5957
35
6479
7086
6679
666
419
7043
5986
6417
5822
3872
7584
3766
5176
1423
82
1020
5320
573
6957
4678
6103
1126
6109
3941
1620
173
4401
7493
1697
7476
121
2636
977
1324
7296
1967
6879
6893
3679
4453
4019
857
4183
7574
5598
7687
7750
4141
3454
6469
1013
2706
6422
5361
5207
7689
5015
1445
703
6009
660
837
7764
7497
7644
5945
5786
2527
3448
5715
1872
2566
5474
7145
5235
3384
7297
7443
2300
5984
161
3240
4061
1244
5746
4850
5361
4574
2182
7475
3546
3542
5862
4262
2584
3127
651
1069
6228
493
2492
1630
7405
428
212
2774
3388
7282
2740
6869
5377
7765
5547
320
4273
2702
1630
647
368
2955
6920
720
2267
2201
4289
1126
1848
489
4856
1836
6048
7918
5835
3171
6335
915
429
3892
433
1709
3303
4060
7110
6843
4599
4922
4763
4121
24
504
6379
6753
7707
598
1411
7756
140
7956
2093
2864
6597
386
21
2732
2251
6959
6695
3027
4594
4304
3993
2899
6233
4386
1514
1717
5454
2345
84
2689
308
4114
5211
5496
1230
6004
1914
2088
7949
414
4924
1902
2626
585
4070
1063
5100
7224
5687
6282
740
1294
5182
7268
4119
5931
3079
3195
5748
3708
2566
1571
2796
2348
5133
4802
1874
531
1096
5127
7772
2413
1076
5067
188
1487
5829
601
7998
2414
4833
131
161
7297
5645
2104
6576
487
7446
7942
4474
7466
6272
7648
5609
3351
7694
2578
3349
7559
6368
7848
5495
5757
297
6996
4251
5025
1735
5077
740
5495
1285
4772
1998
6202
2607
4348
1405
5080
1557
66
5620
2901
7294
113
6709
4871
6597
6329
6576
606
7165
4855
7213
3733
5313
4083
2517
6073
1545
5250
5377
7289
3199
7088
1084
4349
6557
4520
4788
7278
1846
4046
1558
2576
4379
6485
4955
6125
4778
5686
820
1401
5372
1073
4434
5779
4267
2949
2687
4667
4812
195
6692
2041
908
7254
1085
4523
5469
3587
6952
6609
1135
4228
1015
7333
3499
1208
4070
6384
3056
1665
7544
7271
3796
2128
6518
2554
7968
2230
2418
5524
1041
5194
1537
2232
648
4242
4259
4670
1204
716
6464
7138
6922
6827
68
7344
4751
930
6802
5712
6758
5196
442
4923
6250
6451
4463
2546
2448
5445
4923
545
5405
2082
1199
1546
5585
6502
6051
6098
4490
1992
1037
5138
4705
5300
3265
1870
5878
7509
2918
3403
182
7185
2389
1739
4685
2845
5298
3697
7570
2130
2961
1149
3781
4770
2745
488
2389
6159
862
3612
6187
6222
1392
3573
821
1850
6930
7072
3502
6554
7275
4107
686
6778
1507
6717
1196
4878
770
2505
2300
4661
2999
2827
6360
6006
2599
4094
4209
2287
2937
3832
5234
7885
6001
5723
4422
580
467
5400
7862
2572
429
7366
2352
6622
2809
7485
5350
5085
509
7457
997
7610
966
1463
3238
2674
105
5468
3256
3321
989
3444
7672
1119
4714
7797
2955
7811
3605
7875
7390
6024
5213
651
1181
4083
381
1779
4441
5
917
7467
3177
7702
602
7177
4235
2795
230
6838
6831
4219
4574
4999
5000
3106
3823
5706
1685
7044
5342
3130
6210
4291
1942
3787
5408
852
3711
4152
1877
4924
4285
3909
5117
3294
7610
2153
7975
4467
151
2947
4783
7939
2814
691
1542
4470
7869
6933
5744
2488
3553
5653
2827
2296
1541
5681
2118
1694
1274
7464
5124
5310
2943
6664
1779
3537
2417
6005
2332
3672
2929
67
316
4194
163
7602
205
6331
1209
5617
6
5876
2435
7452
2671
2083
2127
6867
2330
1228
6595
5480
6548
1118
7633
3089
31
7756
3861
2989
1079
2468
2806
2666
5255
5051
1574
4054
6914
765
4516
4668
5627
1009
7148
6210
2108
1988
1693
5341
4097
666
2665
2796
7209
2289
4952
6126
5856
2455
1300
7625
3974
4143
1726
7748
2747
1658
7993
5363
6506
5080
7242
1516
7301
1273
1650
543
219
2620
769
5806
3682
5656
4319
4439
1858
7273
2711
6144
4702
4749
1591
7368
6486
6841
459
597
4846
7505
2961
3166
257
5927
1597
6959
1410
3510
151
6128
881
5500
7111
1920
5378
425
5713
1208
2427
2740
5605
3736
1612
5314
6760
7295
7900
3600
267
5521
4461
6343
2965
1686
1976
3774
5426
4462
744
1000
7257
4222
99
6398
6002
6489
7339
3150
5862
2474
389
3499
2270
4210
3451
779
897
1851
2925
2935
585
4772
3146
2118
5979
5564
295
3351
871
3204
6096
7249
38
304
7953
7510
3671
7076
6451
7091
5617
5231
4668
3698
4984
5388
3884
3433
4163
1186
2486
5534
4170
97
7532
5823
5950
1034
5513
1236
639
1820
5556
2740
3352
4318
5020
4699
4894
133
5403
6415
7814
252
7450
6719
7334
2781
7206
2236
356
6016
4777
3286
1442
4520
4530
4301
6728
1367
2217
6021
3764
1394
7344
4200
4984
6320
3204
5098
5432
5908
7926
4735
3938
2408
1602
2529
5525
1364
2320
1809
2127
1411
4348
7930
2449
7619
3503
7208
3335
1290
3859
1426
1406
4809
1106
1469
3329
7760
7370
1902
4265
3243
430
614
5135
1188
3864
4705
2182
1995
2144
3642
1095
2688
4093
1208
6281
6155
6158
2142
5409
2839
3060
853
5588
2311
7805
7139
3689
6197
3669
1117
69
7552
1127
1314
751
869
3319
4866
7351
7719
1115
6205
381
3555
208
1740
5110
104
63
5336
21
5916
6094
1019
7349
4001
1852
1359
2504
5148
3399
699
5849
3097
3606
2738
5299
7752
3397
1999
3766
6081
4594
852
2501
7146
2512
224
4108
4568
7424
706
7653
7974
5759
5323
2603
5226
6142
5205
5838
3325
2497
7231
7626
2542
5383
7623
6036
7652
2409
2859
6045
6018
7955
7505
3982
1587
1805
2132
2208
5928
5058
4996
4106
4162
7297
2187
3121
7722
6375
433
2085
2727
4547
1911
5847
6567
689
4578
1377
1273
4555
7451
7382
6828
1321
4822
5714
4790
4741
436
3270
7419
318
153
6010
7724
3157
4508
4505
4345
3820
2165
7674
3187
4459
7079
4969
4197
5831
729
2145
1666
5876
3188
5128
1817
7526
1635
6063
2953
2230
2950
7405
5280
4920
6108
1865
6548
6247
525
5859
6020
2920
503
406
4017
1571
119
2285
2416
2767
2483
391
4548
3029
7403
4900
1649
1115
2301
3537
167
4080
3613
4834
2243
3191
4984
6626
4542
1302
4222
4083
7819
6068
3213
6068
7553
276
5990
184
1483
4201
3216
1337
7682
6728
6001
4165
2956
9
3496
5536
3908
4181
4701
7780
6616
6094
4114
5312
5379
7398
3953
338
1046
5033
6264
1863
6041
1533
3631
2679
4225
1285
5144
7366
2415
4766
7764
7213
2139
6134
58
417
5942
6606
6377
5364
3628
6393
5410
3251
6202
6402
1678
3467
5142
7383
4602
2137
1377
7226
1454
3851
7743
3294
1202
3594
2829
7313
7952
3089
1526
394
233
216
229
147
6346
5268
4138
1836
3166
280
4852
7844
6636
485
2524
3524
2969
4318
3556
655
6143
7397
2611
6646
1537
6208
6922
7696
7453
6115
2932
5361
7117
60
5308
5015
5519
1129
1025
6473
6201
4392
5791
4039
2516
5658
2216
4050
6606
5168
1820
5059
3426
1487
2377
2994
2452
3922
1679
343
746
679
2294
3120
3779
7361
3156
6279
886
239
1101
4406
3084
614
1438
3447
931
5129
4971
7282
6242
1242
6460
2446
4555
109
3208
5259
5916
4519
1130
7277
5953
3669
6355
929
5018
6658
1279
476
4102
1534
6948
7645
5099
3134
3657
2256
2973
4286
6418
1310
1523
5331
7055
3041
4022
3656
1919
289
684
2085
2773
5118
1352
7033
3068
6014
1135
1104
1756
2451
1090
6545
5062
7680
438
2754
2970
7574
7390
6248
6674
4131
2238
5502
370
3154
3998
55
2872
1794
3372
2631
7007
3624
1476
7372
2244
4785
1082
958
918
1817
6980
1522
4229
7317
4363
1693
3791
7857
740
1559
5510
2432
1460
2477
5156
3286
7309
6547
7849
6401
5372
4324
2474
5328
1946
355
5650
2120
6591
1606
7174
1899
2912
1110
5794
750
4923
2036
6012
7702
4014
7478
4152
1258
6120
4660
6593
2087
1462
4054
7278
3350
5011
4959
4155
2434
6205
7636
4660
4696
3703
6258
7446
2036
1688
343
4198
4533
3928
3251
6756
2648
4802
5099
1387
4685
4518
6552
2446
565
2023
7408
4648
3073
6377
5103
2782
914
1732
6958
1398
6495
6751
904
721
2501
5983
5187
2209
4921
7406
6865
184
1425
848
5954
6921
1622
460
7168
6118
1909
4944
4823
5061
7647
3848
978
1848
3085
1481
1622
4115
3754
4018
290
1951
3058
3375
7104
5942
6182
2833
1706
887
2611
5952
5962
3772
5165
3113
1127
1465
2953
2547
4177
2518
1649
1668
208
1274
6958
3771
2715
3935
6504
3916
2966
6608
4439
4286
1485
6881
6806
4304
6253
3693
697
2824
7483
4025
7665
7930
1122
5624
6107
2865
4230
4823
1642
806
3882
4953
4943
3440
4444
3217
1277
5567
5975
7422
4920
5126
4693
754
1279
7257
2717
6453
6647
5364
5527
6541
2131
5902
3159
2870
2645
1421
4046
4961
4181
5431
7105
4072
2327
2149
2643
4573
6899
7613
1534
385
3769
1162
7149
893
2843
3569
2358
5333
2760
2418
362
5686
7486
4485
3401
5208
5601
7898
3355
4217
47
6883
3849
4892
2677
3049
2791
5062
5468
6928
4482
4696
6156
5458
1790
1571
1055
2848
6162
4
3204
965
6273
3810
2652
3450
5475
4165
1356
2307
7019
6436
5176
3012
3922
3712
4759
3249
1874
5447
298
5561
4663
3938
6525
7205
1521
4740
5540
2726
4021
6559
505
529
1384
7949
867
6998
982
7027
6519
6713
5953
5122
6846
5358
7714
2702
1452
6734
4690
3222
6545
3989
6058
4383
3514
2273
7027
408
4346
337
2903
6952
4412
3465
1683
2596
2684
1817
556
2869
6090
1065
7399
3025
7418
798
2422
1305
5620
7724
4502
2870
5021
2247
3040
5094
5611
1657
1090
7645
5449
7981
6128
5159
3934
941
6243
7014
6573
581
4561
4514
2625
2604
7415
6210
3323
510
5166
1776
7541
5003
4866
5434
3621
6294
5617
5892
3367
76
2494
6925
2619
1166
1898
7771
7554
2100
581
2501
1037
30
4274
6410
5126
7650
910
1517
3447
7466
7464
5818
4835
7201
3627
3839
2439
7716
732
4150
2646
1235
5224
481
4630
6945
4117
827
1832
3558
3487
7690
2038
2954
7319
5085
1776
7686
3734
5362
840
712
2842
4166
4077
1296
6645
4921
5485
4345
6349
402
1911
5881
7811
1892
4321
3817
2724
7645
4329
1616
1468
2579
6584
6062
153
6288
3803
3567
4152
6291
4558
7856
6350
2149
7135
6874
1226
7198
7016
1135
2221
693
177
3730
7041
6788
1489
1201
4889
7521
1408
372
1953
6361
3050
3000
3218
2873
4385
2560
550
3598
845
2596
1086
4481
886
1764
4698
2956
4173
834
1858
39
4637
6215
7493
5532
6969
6306
5475
4111
6094
2362
239
3419
5613
3852
4996
2906
4309
7336
2322
5129
3198
6191
2166
4579
5988
3106
1937
4858
4926
1763
6596
6103
6777
5510
7056
1028
3025
5379
3976
833
1912
2219
1742
921
4939
3200
811
1442
3542
5056
3536
5460
1567
1289
6499
2390
6289
5324
2133
6600
196
5237
3331
6573
1750
670
6342
1621
3057
7819
2846
1647
6472
1907
4059
784
4200
6736
1304
7679
3699
5184
6986
7103
7484
2791
7301
5920
2315
6708
1131
7389
4284
5322
2308
1934
6553
6825
6013
6653
4409
5405
2772
7190
2827
3924
5604
2474
7649
4760
7173
5160
485
2070
3115
5776
3144
297
146
5480
3270
6357
5898
2006
6911
3406
4875
1012
2924
2806
2653
3619
6632
5266
3104
3760
136
2388
573
6045
6548
2623
4512
5479
2797
7019
4152
7275
2606
3053
5066
3334
1435
2202
5075
7518
7360
2295
43
6346
5719
7336
6560
641
6324
7339
6483
1815
4397
1821
5395
6350
6900
44
126
5581
1908
3486
4009
3600
7450
3489
7638
4786
4141
5959
1474
6938
5672
342
2436
6942
7835
2986
508
6526
6198
2026
7807
7534
4522
4715
6277
5191
59
637
4836
7018
2068
2486
7629
7535
7612
6147
1432
6241
2826
5197
727
4800
5783
2820
3396
231
1795
3872
2546
4493
7224
416
1154
4988
2844
6045
2323
7372
7653
5667
2707
3484
4144
5118
3155
3195
1610
3370
107
7680
989
3422
4550
3554
1776
7072
6428
806
589
1607
3167
120
6999
7750
4956
5736
2131
5692
6645
131
7165
2546
6428
1246
6866
6421
154
872
5684
2058
6544
7917
934
6927
4698
2169
3325
181
5815
2571
1447
1377
5707
4884
4322
1216
1956
3103
1457
3911
2917
1600
878
5479
921
3597
6310
6505
4892
1951
204
1172
7768
506
5131
2093
4580
3901
2704
1744
668
5413
5167
636
6781
3948
220
1828
5090
75
5655
517
1162
2351
1629
2620
3591
6627
6964
7039
1022
5909
936
1967
4153
2961
1801
5375
1320
804
7668
2541
1821
5355
2125
5016
19
7023
6900
1367
7523
2371
340
2143
4988
2786
433
7954
826
6498
4096
7189
4422
356
3736
4874
4781
5383
573
86
1899
2947
1699
4375
2746
671
3833
2421
4036
7615
6251
7491
6220
3335
5866
3469
4372
5509
2809
7197
1368
7564
2840
7425
963
5321
5864
7572
4169
982
5426
2269
2023
6900
6792
5318
1398
5627
5399
2151
5426
7544
4568
1007
7739
6692
7212
2535
1539
2037
6669
418
7008
4970
2274
1424
2027
5520
5521
1016
5509
6851
7047
5676
1215
4077
2669
1096
4762
106
6409
2952
5091
986
4853
1972
5004
2994
6370
3483
7517
1632
4412
4813
767
254
1690
5041
5436
7203
749
4926
5453
7502
2384
828
3948
3569
1364
6217
1478
744
1846
1989
7168
18
689
3641
145
5858
1914
3088
1599
7369
334
6436
3780
2272
3909
1419
1234
2793
6044
4842
2410
5702
734
3509
7950
2347
7042
4499
7366
2004
3723
1018
2305
7655
6599
2751
4585
6984
455
4186
2156
7702
3251
1913
5159
6719
6755
3214
326
3862
1375
7719
2281
4628
2161
175
5500
7800
5958
2277
1848
5617
4691
1362
1833
6166
289
5985
2143
3230
186
2260
397
1177
1073
1174
1495
2108
4133
5499
6599
40
7186
3793
3748
3328
3986
6848
7932
6218
6332
3847
3160
4191
1001
7873
2168
2275
5378
2652
1936
3737
3127
3798
6254
7682
486
5543
5134
7126
2497
5290
7703
4204
3640
5582
7478
661
7911
6208
2610
3831
5201
743
2176
7566
4307
1984
2372
2025
2895
7210
3813
4369
4969
1300
6647
4461
5477
6726
248
1364
425
6775
7089
1997
5914
4844
6577
722
1338
3237
4219
338
1388
863
2880
1172
3130
7959
4377
4372
4223
523
517
3676
71
4427
4473
2003
4492
2297
6506
3603
2235
4542
2046
5056
4794
6892
6339
3446
4927
6399
5239
7841
4987
3223
2663
5049
2823
5077
4238
563
7972
2536
3876
995
7037
5252
4263
1928
5700
6728
3462
4356
5105
730
2173
3337
2485
2255
2631
2477
4097
2939
2605
52
2056
5484
117
6079
1047
202
3781
4654
169
4319
6421
5275
561
5134
6674
7929
2501
7828
3555
5061
3407
726
2623
1588
759
