6385
2164
1884
3123
5894
196
6188
7308
605
2804
2843
5027
3245
732
7475
5213
6725
5051
5266
2885
934
5603
1214
4593
1779
1893
7583
6136
3483
6012
5640
4002
4722
6444
6694
5151
1550
7560
5900
2762
3323
454
2921
5010
5503
6362
6659
2756
3107
1990
5100
5285
1224
43
5543
3741
4372
6563
7420
3041
3871
3115
6364
5853
4177
3974
7662
939
153
6325
7453
4653
898
2306
4206
7045
7886
3173
4362
5116
968
4176
308
6968
4587
5687
677
4567
5197
7227
2134
7678
7948
4738
5601
1019
1535
7979
594
2930
3646
6089
896
6594
616
7237
252
812
233
7706
3261
4895
160
4916
5188
2668
7289
1465
4577
3437
2609
1590
2348
2364
5452
2678
1992
2971
4906
2528
7608
5618
7803
2515
5668
3838
1604
4112
115
3168
5114
5313
1567
1963
5700
1921
5694
5306
7465
5918
1818
416
1553
4100
5255
6469
6648
5708
5721
6168
7892
3550
1303
3138
1596
1170
5661
1154
7320
3250
5729
475
2710
458
7564
7191
1319
5061
5265
2586
7314
4691
7995
3615
6651
2371
5572
4330
5455
4264
4020
4951
1134
1914
4166
7001
4765
4934
1643
1886
3952
1760
6162
603
4240
3206
6116
2729
1402
2446
7294
7509
4497
4158
4941
2429
2743
3362
5371
4295
3056
5191
5893
6674
6492
7792
5498
6337
4987
119
315
1444
5508
6962
5969
235
2107
5534
5647
5880
3917
256
438
1051
5162
5496
1348
4283
6023
2941
7193
3190
2623
6008
1948
5301
7770
7743
7239
7915
7047
4508
2720
4506
1907
5675
7462
735
2859
6597
3778
7863
1275
4031
3353
6971
3746
5709
4919
5088
6671
7767
1659
5998
4301
1456
1380
6052
3360
3926
5033
5163
3298
6840
7037
4537
2578
7972
1382
2753
3111
2665
272
2359
7012
6834
3402
7462
5538
4988
2150
2200
5844
2306
5358
6740
4350
4341
3052
2696
946
379
4316
5543
161
6754
3579
4898
2583
3814
907
2888
4106
465
5838
4132
7483
4072
762
6790
638
473
2206
4213
442
7100
4105
3847
4062
7134
3643
3999
4915
4826
3212
3200
3074
4798
822
4886
5042
2122
185
5623
6103
1636
818
6104
6085
7317
3063
1547
1260
4606
1415
2707
2311
3855
6900
6215
3524
7189
7722
6104
1488
5039
2364
6323
6623
836
1581
2885
4631
7930
7394
6315
5947
7917
2658
4963
3360
2033
3906
6572
3976
723
1911
2852
3107
4094
2280
4847
3603
7708
5304
2253
3530
6355
6037
2191
224
2825
6568
4111
5053
2184
962
4067
2904
6788
4309
2981
7684
1278
5645
4989
766
353
3729
6929
7320
1108
2405
2939
5247
5812
1088
3793
7358
1221
7141
3183
4613
3908
7377
6360
139
3691
6189
5326
7492
7250
7583
5645
6177
127
3640
6238
6913
2058
710
1553
4660
1699
3223
6960
7670
1738
2405
7189
541
4410
881
6032
7383
4221
3402
6724
5213
1642
1858
3069
562
7993
1135
4933
6000
3193
2644
4077
5739
7257
2262
5
3455
4697
5840
2224
5621
3747
2339
5632
5899
7675
2810
2299
4976
5510
5565
5881
5942
7163
1286
4248
3334
1152
7005
1036
3171
3407
6335
961
3501
3870
6758
4198
7873
1676
5667
2723
1111
6007
6527
4264
2489
6261
539
301
3031
5662
971
3104
5447
5778
1815
7574
7575
3932
244
2563
747
6621
2676
5848
1295
6634
334
7851
1757
7377
1031
1303
1518
7819
6671
5815
5408
1359
4788
5304
3071
1492
5163
721
1168
5598
339
3778
7007
442
2198
7888
5097
406
6128
3092
7834
1271
1224
1111
7592
4897
2694
2500
6535
5182
4759
2344
7660
5974
4683
1128
2535
5851
7541
5916
7216
1757
3292
5059
4410
2179
4198
3068
3273
1081
2654
7462
581
1787
5488
6652
2985
7146
7863
3975
5188
5903
319
756
4220
4303
26
1551
474
6069
1908
6346
7172
1318
1030
2548
1215
3545
363
2315
5427
44
1630
2306
7033
7013
1686
3992
6128
5878
7639
2065
7414
7604
5378
2617
1191
3706
7338
7350
6595
1335
7591
4894
4365
1299
3839
6449
5576
6362
6247
4624
4517
1708
5802
4352
3487
5140
1132
4731
5129
7742
3266
279
24
7975
5587
6392
7014
4682
2044
719
180
2303
5976
7057
4560
584
5358
5492
2148
5131
2622
6388
4260
6851
1468
6528
6358
2518
7038
2238
1214
4283
7406
7161
1469
7546
946
5593
6268
2736
2802
2231
5778
6318
5007
1153
6726
7776
5292
7478
991
5661
6629
3934
4457
7984
7828
1968
2066
7912
6974
485
7383
1250
922
6122
4389
4575
15
2638
6712
2369
3147
2250
2854
3663
808
7135
285
1791
2518
1722
766
3128
3689
1199
6897
5939
3043
6232
131
6495
2504
661
7751
1023
7149
5150
2103
7195
3494
2218
2348
6597
7163
327
7936
565
2556
3480
3058
849
3134
2354
340
2474
7305
2872
4106
7929
6997
1145
7059
3708
4277
809
7446
7318
2270
81
5112
3806
3937
3782
7597
274
5963
7430
4968
5796
4474
368
1520
2441
5078
3183
5240
4569
1365
707
2028
6755
326
3113
7152
3288
5465
310
3629
5826
2594
2077
176
5391
3769
7598
5237
4249
6165
5589
6990
628
6244
2223
7651
3767
5735
508
4899
3861
4204
3307
3355
4250
7008
332
5450
1072
4354
6022
4804
2683
6819
4323
2504
500
5367
4019
6755
155
5443
2810
1098
4464
5065
7910
777
2173
7709
1439
7900
182
1819
6472
5940
7435
5278
233
475
2844
4243
7370
6648
3710
1208
2706
1925
2967
5350
3036
783
5529
1904
1919
2317
3798
5957
4370
616
2289
5234
4500
1731
7430
1211
2549
4283
6370
3935
4250
410
4648
6761
4679
894
3227
7706
2251
3388
1323
2858
882
4067
3335
521
4353
4188
4269
1480
2242
1792
7698
7587
5129
268
7336
5797
1490
4659
7154
3944
5329
1014
4869
5176
7315
5692
1771
4296
7803
3885
4630
1415
2787
3429
985
5197
331
3434
1701
6539
4582
1663
4838
5031
638
4296
6311
1395
7213
1428
6723
2413
2403
1338
4020
3700
327
4118
2398
7127
906
674
7128
7690
1804
5541
2720
5695
1842
5994
6298
7642
1358
6805
1500
911
783
6905
6497
4876
5930
3553
2355
6732
689
6612
742
5399
7868
2624
5613
1136
142
2775
3937
5662
2341
4409
6078
6456
6309
7311
1593
2975
6154
280
774
6013
4081
5793
5481
2055
5259
5223
41
3921
1228
7555
2903
3445
6308
3259
1982
2679
1562
355
6082
1408
4316
5143
292
3310
7079
6545
4636
3008
5657
7221
6643
1928
4042
5920
1120
1030
3190
5945
3538
1711
2852
5588
1621
423
1439
2
3018
5937
6319
1376
7515
3071
4637
4519
7013
7427
3457
4881
4484
6354
4516
6542
4219
7424
5521
2589
7196
2573
6896
3351
7661
6414
6177
4178
2295
1530
7336
1532
6676
1342
6670
2917
4724
568
6532
6276
6783
4248
1599
7667
650
2929
3487
7846
1665
162
648
4973
7241
1291
1535
4479
6358
6181
7693
3610
6933
3198
1709
1671
6948
7705
5285
1754
6771
3725
4797
3273
1965
3239
5997
4115
1431
3437
7385
6050
522
2685
402
7984
2490
379
757
6353
3234
1079
7097
3359
3132
1873
4397
7942
3634
7031
5863
923
6300
1633
7571
4653
6896
1496
4106
2706
137
87
7101
4504
2287
5708
924
5217
1387
7496
3074
520
7435
7395
7739
7646
5006
7478
2655
6817
6128
7540
3618
4677
6061
809
7
7635
7111
6479
3949
5714
5694
199
2193
254
2622
2872
2882
64
111
2737
6137
6731
1059
3540
1378
3499
2212
4158
7536
6330
968
4014
6430
4659
3858
2055
3419
2638
4914
7895
4224
3358
7509
7124
7042
1503
7064
7430
7648
7165
2722
1591
4399
1569
6200
7079
5793
2153
3843
1530
5963
6738
2064
4495
7478
1655
7425
117
598
3549
6928
3707
3297
1251
4088
3088
3237
552
1889
7221
1744
6121
1244
4148
5124
149
3931
3116
688
6531
3176
1978
4814
5248
1095
3433
3030
5274
1970
3820
1167
2740
6804
4399
2854
6840
4744
927
4532
7976
461
386
6512
2600
122
201
5194
2362
2359
2434
4371
1518
5555
926
5565
7554
760
4256
7708
830
6731
4644
3862
2101
2160
1634
1421
6345
1572
4290
4701
1358
6589
3392
1044
7046
2289
1030
4268
6051
3328
961
1396
567
6778
7822
2763
6914
7593
4187
3870
5724
6253
6289
5944
2005
2753
7603
1354
1619
24
3943
4602
1278
7386
7270
3536
6998
4046
4839
4549
4623
6393
98
1105
1098
7619
4342
2108
2426
1669
2299
5290
7343
2636
2158
7072
3485
5909
969
3784
6940
2709
6716
85
2789
5366
6891
1093
5083
7549
7920
6255
2867
1929
780
2760
3684
1310
7807
5631
5392
4872
5328
2881
6845
3144
5000
6024
370
6456
2469
2564
6200
1705
1772
7336
1205
3530
7145
472
5491
1875
4102
7783
240
2812
773
6395
1067
2662
2437
5816
7902
5233
5888
7126
3288
6286
4157
3133
1300
1948
7444
1215
2199
5691
5216
6582
6145
5416
461
263
6305
102
6795
4890
3352
1643
1027
4437
3589
7219
7122
3154
936
3831
2088
1063
3898
4402
6266
6114
5728
602
1910
2859
4762
4169
7057
5374
7648
2856
1136
7880
3431
7151
4621
2488
2526
3168
1802
393
3569
3676
4992
7882
2803
900
1568
5575
2709
7900
5019
237
7131
6244
1633
7058
7711
1409
448
1489
2857
4553
6193
150
4611
3206
1918
7290
4172
5828
6131
4500
531
6050
6700
2122
6835
2520
6860
3311
1521
6735
7265
4787
371
566
2347
3856
5480
7375
2412
2674
1182
1301
3036
6959
1550
169
7965
5794
5809
1102
1496
5899
1424
6601
4838
4649
4349
650
6813
6765
7921
7877
2693
1156
2721
1167
2083
1686
2603
4666
6032
3537
6849
7716
5096
7861
1525
2358
4832
5034
120
1097
490
4698
7086
4886
5843
5746
6783
7273
7208
3391
4188
6152
5065
894
480
2704
5548
2030
7326
3531
2713
5842
507
3660
1202
6301
7083
5426
7616
5801
7439
4782
6271
2722
6500
5939
5063
5467
7518
2310
1217
5487
939
4954
3846
2107
5441
2636
6645
4353
5787
7983
1717
6156
555
3752
890
6821
595
595
4328
1736
945
2222
7412
2120
1345
6580
3227
5658
5125
6078
719
5785
7902
1616
7073
651
4654
2477
156
7940
6606
3863
2206
6265
1800
4462
1174
810
5961
3528
4882
1407
1251
486
1106
4524
3755
108
5481
7029
3408
388
3122
4935
2634
5092
1361
7296
3208
4488
2978
1937
7657
5431
2791
3625
2453
2216
5245
248
6964
6821
2648
3638
3369
4172
4877
6964
2135
7595
5890
7965
7438
1026
5473
2428
1365
7747
5538
5951
5113
3797
308
2429
4257
4728
2411
7926
2435
6585
7818
2965
7167
4801
3965
619
4100
7373
1798
6292
5134
2807
4098
7104
3113
1179
3620
7362
4879
3422
1759
1528
5144
3329
7644
7375
3232
7011
4438
5312
2531
1078
550
6511
3804
6714
533
7071
2632
7389
3006
3838
6891
4556
850
3660
6876
4776
162
1441
2964
4158
3409
7211
6438
1607
1874
6582
5260
7575
4286
4740
2556
5844
1332
6495
7587
5889
4413
6904
50
922
7269
5280
5811
4975
2269
3329
7689
3616
2859
2591
129
4055
1990
4402
6645
2114
1620
1768
438
3310
3744
7386
4990
6718
3749
4632
7983
1633
4849
6220
2851
1154
6047
5003
7937
5242
6997
6001
6791
3637
3986
4944
2411
2558
2336
6699
1406
4027
7389
3268
7936
6073
509
4911
7149
627
1448
3849
28
779
7392
3954
6206
5271
3375
5527
5905
3368
153
5281
7406
4050
4501
2279
644
1591
4710
7879
2563
3937
3624
1155
7329
5303
598
5377
4456
6840
6386
5326
4334
3248
4874
2269
1278
2813
5767
3861
5775
5740
3644
3522
6809
2483
4035
3844
445
3108
3332
4725
765
2477
2029
6588
1316
2367
6695
6929
791
2931
5541
7431
7892
2697
809
5427
6797
7005
6188
7761
2278
6821
3875
3733
5775
5733
3927
2571
2328
3944
7175
3453
564
1287
2712
5563
2992
3291
2752
469
2889
6340
5472
5337
5814
6408
289
7352
577
7650
7839
7504
3321
6098
3586
5281
3813
3404
7994
2285
3260
6854
1765
512
2894
3756
1040
6886
1490
7419
4416
5338
7530
4314
7834
2681
948
3041
3295
5711
7839
6587
7160
330
3647
4321
4992
7826
6471
6852
7543
166
5402
2205
2345
6137
334
7204
1441
5320
746
7622
7685
262
6135
1366
5917
3824
4769
4845
7563
1503
4559
3552
292
3466
6335
1125
5866
6112
5898
1964
6227
3152
215
1519
7062
7219
7238
6896
7826
1857
5327
7958
1183
376
6330
3947
210
7527
5149
3024
5733
2715
471
7284
2968
4803
7493
7063
3132
271
6692
3048
5158
391
5639
2287
7894
5734
7589
2466
2396
6349
4719
3108
4641
5197
6126
2728
1649
7311
2160
2609
2303
7483
5017
3876
5149
3227
69
6844
2215
1565
7307
5145
7792
3999
3064
2638
3063
2924
599
895
4700
1543
7517
4466
1329
3876
94
1125
5316
7518
5290
969
7752
5942
4925
2582
4042
4138
4361
2798
6594
6388
7300
1951
288
3353
1942
5567
3503
6395
2566
5008
5921
5795
3272
4543
1962
5669
4994
1515
4446
2451
987
4936
7776
7071
6765
7254
5851
3982
609
7139
1747
3133
7116
1191
2767
6083
3946
4585
4558
7658
3397
240
1806
3383
7497
6616
4901
4544
4523
1130
6873
639
1366
3110
561
4924
5137
6705
2731
170
7166
2197
3802
2310
6809
1312
3338
7834
942
5142
2131
7545
1449
7153
1145
1495
3658
517
7304
7524
7000
1442
4561
6921
3979
5079
679
2615
2412
5436
791
1787
2192
4201
6458
2358
7927
442
5381
2733
5389
2541
6937
704
5871
2542
3438
5004
4844
204
3705
708
2662
6268
1687
6486
1983
2994
4766
6696
3315
1395
3366
1412
5025
5267
2019
6078
595
1298
2184
7603
1113
2561
2357
5409
5577
7847
6940
3338
3366
4093
1160
7969
2355
7897
4441
3601
7448
7111
1695
1786
3599
84
2276
3812
3725
2161
6243
2064
3537
747
6802
7942
3155
6021
6387
5984
1317
5780
7041
6901
1186
953
330
4882
7344
7295
2929
1084
97
4853
1843
7230
3395
2666
6947
5164
5137
1007
2122
1673
6234
5584
3817
3100
1643
3650
7143
4412
530
7234
7899
6790
2603
3122
1162
5748
459
1423
4317
984
7644
2233
4878
6780
1470
6909
4665
3514
4328
7339
2391
4600
2809
2425
7767
1984
5466
4955
3296
2141
2236
3352
4073
3962
3951
4940
2554
2034
6977
4106
967
7364
991
6754
6059
1952
6286
5998
4342
6757
3964
2430
3047
4490
819
7557
7902
4823
442
2663
6106
749
4531
5491
7316
4726
3108
3230
4118
213
1032
5607
3452
4796
7599
641
5612
3687
4372
3507
5657
5368
655
6905
480
3259
7845
971
4858
6143
5682
5461
1154
3274
5791
6352
6537
506
5236
1591
4707
4699
3992
4375
6908
4705
5295
7500
2252
3552
7765
2355
5276
7086
3470
1516
5804
3665
81
7269
1285
6024
7484
6882
181
6451
7422
1435
4244
636
548
3784
4764
7411
518
1107
7834
1696
2181
5608
5758
7294
6597
7130
1258
2734
5237
1749
2904
209
6112
1244
5201
2561
5753
4706
979
5744
4466
1888
7811
6141
4486
318
907
7647
7604
3301
1781
6031
6955
3042
7646
7327
6866
4868
3933
2645
5468
3713
3354
3349
5935
445
7163
466
1063
4501
1904
7108
1992
4026
2878
2161
3761
558
7084
2703
1053
3100
3181
7635
9
4804
4480
7509
2844
5243
261
3115
1422
4013
2023
630
6911
5819
6316
3062
7847
3096
6280
4824
7833
4816
5127
3670
5760
1623
5569
5290
3941
51
4264
727
7221
7671
3200
1167
4013
4194
6369
2103
6
1053
270
1238
1062
1933
481
7523
7239
4382
3753
700
3905
3991
1384
7913
3918
6594
3530
4842
3047
837
256
4411
321
4883
78
22
6014
2772
6682
1493
3917
2330
2636
1140
738
493
1727
6413
5503
2998
3432
2603
5157
2221
7900
462
3199
7473
4757
2714
586
6855
4007
6004
2934
6013
328
1636
2742
2906
4773
6576
2755
4123
1021
2215
905
1486
145
294
7057
6265
3536
2970
5786
4784
4398
3235
3191
2353
2709
7613
3824
4676
2255
7659
4603
2724
4442
4824
7984
1883
6848
4800
5186
2898
111
704
4246
5974
7904
2381
2221
126
3859
706
7954
3824
3462
4805
1207
673
6766
527
6216
3841
2990
5618
4460
5549
2078
4443
4225
5372
484
2204
50
6123
214
5818
2570
4553
2583
7205
5331
6546
3054
5547
2730
4163
5788
4248
3461
5765
7550
2402
7413
7992
6510
580
5153
6063
3667
1136
3278
6641
1626
7930
6930
4325
3745
6707
3103
5867
3247
821
3178
7299
22
582
1832
3285
7433
5522
6233
2587
1735
1641
7327
4255
4742
2482
2471
5636
3211
5280
1192
2812
3943
4013
157
4915
6476
3600
3122
5442
2894
6273
2244
3973
4936
6889
6395
3949
2966
7402
2667
57
6996
2988
4691
7959
5130
6682
5337
1645
7781
32
6303
123
1722
1641
898
3283
75
5432
4512
1531
2209
296
4810
2823
2263
2201
2926
3478
2388
484
922
1395
1743
437
3231
3531
5571
6476
5755
6266
4788
1092
3313
7765
297
1823
7045
551
6371
2741
7543
2876
3221
1047
1936
533
206
5767
7338
3088
4616
6753
7490
7540
360
5127
6892
329
825
6963
6098
3446
1339
6303
3017
6351
4734
1364
3939
7651
4122
7586
2713
1912
4254
4952
4547
2003
6152
7041
900
4896
4364
7075
3740
347
4363
6889
4626
4888
7837
4388
7913
1268
2112
2774
6499
4601
2996
3537
2176
5312
6138
4197
3628
1647
4081
7861
3269
2269
4527
7764
744
3540
7999
522
1653
3773
735
37
2999
327
3251
4685
2497
7019
6481
5832
7938
7554
2976
4905
7348
5967
2788
2815
2626
7495
2138
1069
7788
4856
7576
2550
7910
4079
5727
7530
4632
5988
2669
2675
3847
7426
4618
7092
4241
6690
864
2277
4427
4150
2318
4424
2894
5193
6078
3661
410
2680
1940
6919
1493
4658
1409
182
4256
6005
2711
3541
477
6851
726
3958
3732
7716
6622
5727
6840
7210
3087
711
2501
5877
1391
636
765
4584
4762
7761
3171
3240
4783
5661
3429
4670
2830
4037
1797
5871
6918
5352
5596
4847
2464
5113
610
4686
5702
5755
6667
6669
5579
4758
33
5711
735
2592
5369
5307
4999
4665
5451
969
7273
5669
497
3025
6121
6119
5696
3194
3577
5299
4440
3929
1770
5439
5103
1644
4897
7497
2839
4477
572
1736
774
5177
4422
450
2945
5089
5561
2171
2935
5895
7357
855
7129
4844
1558
7013
2744
7059
7646
5373
2813
997
1022
7643
7817
5609
2462
4265
7914
4242
1943
2384
1442
1574
1473
2993
5185
6089
7299
1509
2160
7659
146
6752
2438
1693
2413
6234
6031
1715
2050
1317
2104
6533
7213
5491
5482
397
271
6103
4029
5101
4033
439
668
7609
2025
3753
4870
1702
5422
4372
4926
1875
1106
1039
5325
7306
2445
4124
1249
6465
7213
3637
7139
413
7730
7980
6447
4607
3305
4366
4919
7075
1972
7581
2009
4295
5676
2576
1825
1541
6480
3181
3371
4214
110
4797
5515
7946
4157
4747
5578
7992
4476
2032
3560
5611
3257
4118
2377
3806
6764
85
1904
259
3975
6387
6415
964
6782
7670
121
3727
4848
5639
7165
7404
5997
7855
7544
782
4719
5397
3365
6027
7265
353
5610
3579
4249
4164
2402
3950
1534
5292
6860
4223
7194
4395
6494
2851
5678
6780
4701
6770
1136
2643
7279
6233
4862
464
5630
5837
7683
6809
6902
5055
5306
1613
4963
4359
7689
6477
491
3358
6181
7675
7574
653
4899
4115
5007
186
6983
7875
639
7564
1366
4873
2103
2174
6644
6676
2927
7751
317
6189
5024
6607
4442
7423
3308
6385
3712
7643
417
2217
5818
3014
3258
4742
6877
1139
2018
1472
4330
4535
3763
7830
804
4853
6469
2247
5324
4553
5543
998
6102
7938
2752
7036
728
3592
351
659
4493
5557
873
69
4403
5611
1330
1642
3629
5134
1607
784
6684
2382
2054
3996
6513
1981
4758
909
956
334
2679
6212
8000
7706
2546
5508
2698
6388
2991
5101
329
7349
4645
6307
691
2064
7442
6783
1388
5823
7358
5032
7087
7327
6452
6643
1968
6402
6023
7081
2889
6665
729
2776
4904
3795
46
6110
5456
2007
4606
3451
2486
3720
2319
6815
443
4589
1158
466
4682
7394
1360
4294
4584
2762
473
1098
44
3598
5752
5896
5887
230
7355
6687
6019
5292
2287
3090
3123
5956
5644
7150
2991
2804
2068
4038
5537
2228
420
2512
3320
5963
6530
7931
2465
7822
2927
5254
4723
5264
1149
477
6648
4820
4604
3375
3973
1655
7507
1209
7456
5255
3085
420
5894
5692
4105
6451
133
2008
86
5400
1756
5169
4677
1379
4016
1673
4981
1829
2395
6254
1385
2150
497
3056
2530
4105
3861
6279
3997
3138
3738
1306
7120
6918
3971
6618
5222
7730
1987
7247
1427
1822
4557
1489
3309
1309
1653
4081
147
1026
473
6103
658
5117
5167
785
5527
5654
3425
6377
4507
2601
6604
2690
6551
6481
2419
5177
6851
3052
3193
6314
5847
5431
6563
1411
3339
6702
5533
7280
931
1090
6217
5351
4285
6657
3732
221
7576
2646
4601
3124
4857
5596
6562
1740
6438
4955
6049
4107
1529
6921
5384
4905
4272
1982
2431
4254
5494
5101
113
3219
1440
4548
4120
3054
5126
596
4847
1657
5565
2793
7530
3378
5684
4062
4798
2338
7979
5212
6111
4882
5608
5497
1501
1656
7958
6553
6567
6084
3579
6657
984
5408
7535
2337
7395
1817
3129
7047
6765
1178
458
6241
1283
4873
4158
4443
3683
3621
18
3669
7031
7832
1533
5204
1156
1018
5269
6746
3224
2790
4884
7129
4361
2183
4367
2095
1699
5424
2969
455
4923
3539
4005
6035
7918
3771
7989
991
5202
1472
4154
3756
299
401
7633
3383
7822
1238
1254
3744
5192
1508
7513
7110
109
7141
2893
3605
4114
2501
2719
6637
735
6838
7934
2581
1303
582
262
3229
4395
7869
3749
7847
3018
3808
851
5424
5116
2985
1691
914
1802
5880
3930
1893
2702
3024
1028
3689
7564
5250
1180
6205
3810
1273
4342
1883
2063
5042
5194
5764
2126
5534
626
6594
1226
2065
4538
3402
6861
2905
3441
3422
4440
6267
4199
7508
7239
2836
7951
3728
3381
2317
5178
2683
7201
1750
4707
2126
3833
5541
7501
5542
3688
3381
3073
233
823
2474
1056
6371
6898
1274
6164
1106
421
5694
7690
6569
445
4367
80
1524
4566
1566
6989
5773
485
2565
1519
2717
5559
2025
5958
7614
5502
6836
7
593
5267
689
3511
1692
1360
6363
4468
6203
5550
6133
4831
1710
2353
1836
4235
4515
175
4104
1850
5208
818
6579
1150
455
5347
4600
2545
5662
5151
1158
4812
6127
80
6303
7462
2218
7531
616
1254
5345
6255
4250
3236
1664
1886
2934
4292
6745
3216
2396
165
1581
4628
7437
6206
56
3873
4045
6097
912
4144
2180
6927
2152
6648
2865
4883
1561
5514
7075
4773
1483
7369
6289
7941
2014
3808
7534
1014
4981
5766
697
4387
1842
3388
896
5724
4827
607
5950
4740
2679
4137
2409
5545
4488
6134
5035
7997
1977
3487
6394
1207
5992
6622
5113
2035
1602
3943
1937
4162
3377
64
6490
4448
1998
5859
5597
3192
5546
5851
1744
2557
3841
2150
7135
1304
5297
7617
1499
4462
568
1484
3382
1741
7149
2697
2543
4498
3223
2079
4151
5994
4988
2015
837
1510
4744
4855
2549
4102
5920
2339
4156
1703
1179
179
6266
7464
1724
1026
2853
3584
6880
3589
3326
4808
747
6714
3947
1951
1589
4879
6762
1527
1486
5448
7428
4674
4130
4559
355
518
4072
4057
2375
3925
261
1382
4796
6370
6597
5064
4530
5974
311
4705
3462
5987
1524
2171
5111
4441
22
153
5105
3674
5396
7789
220
5699
7255
6785
6310
6651
6665
3081
7826
1050
7488
911
2029
2119
1976
600
2093
7813
2991
1386
5373
231
6411
1785
3823
248
6929
6209
1330
7219
7972
7250
7665
6821
944
6948
7977
2737
6229
7151
1968
7659
7731
6146
1945
2073
1321
3410
3405
1968
5712
3254
2126
6162
2310
6188
2259
2259
3410
6354
3518
1890
1223
687
2040
5415
6845
5271
3161
7264
2730
4800
6482
2838
7901
2846
3497
440
6019
1475
6082
5757
4163
4220
1035
6922
6724
5760
4645
2610
5632
1272
1911
6225
7229
5054
6632
7090
5638
2222
1357
508
2837
4847
6124
4025
6182
671
6962
7535
1713
6309
3991
5025
1593
4588
1172
6057
5968
6607
393
625
7186
6394
3263
2403
4527
5834
1697
4852
3839
174
5141
5788
4964
177
4861
1361
6452
2112
7630
4099
4932
5211
6336
5240
1347
7481
2375
5149
2405
6264
1760
4653
5903
834
6620
117
7493
7029
2636
2342
752
824
1391
1152
7393
3540
7086
7314
868
1995
592
1841
1610
2432
6977
5255
589
4018
3423
4060
2332
4365
2113
3186
3644
5656
7957
3826
6922
2822
4137
1164
3390
7912
6781
5350
6163
1496
2360
7220
4573
1339
5350
4137
1708
5868
5190
133
2997
1675
722
212
2638
6347
4940
6526
3467
7016
203
606
3960
3797
6057
4095
7726
4289
3695
776
7867
5274
4717
3181
1591
119
6628
4377
5136
6343
2320
89
3127
1182
6755
2117
2565
7669
2224
7379
5207
2354
3147
2599
2294
6593
5205
472
4487
7220
7207
872
7150
3107
6725
443
2622
447
6094
2286
6150
4160
725
3341
785
232
6154
7348
5446
5055
7403
4984
563
5248
7616
2321
4991
5993
3479
3587
47
6701
4851
6921
6055
6108
1943
854
3437
4917
866
3079
1355
6650
2400
3023
6391
6357
6733
6380
5652
1542
7785
6085
6887
2848
2154
7826
2527
4694
6355
7645
2150
582
1337
5372
4886
5786
7097
7961
764
3675
1713
5294
229
3533
968
7082
3976
6124
2677
2101
7339
2408
3092
5241
2940
7221
732
1199
6299
2233
2320
4213
5790
5162
1808
7881
4177
3853
2903
6991
5597
5508
4222
6045
3475
1931
1250
2624
6077
3115
7907
4787
1757
4601
2335
1906
5051
5064
4661
1506
5615
5512
7778
5261
4161
4440
7024
4736
1694
7870
2906
1938
5257
2251
2262
4985
382
3618
2808
7775
2830
5122
4817
7578
6216
163
7468
5569
6512
3961
6245
4086
5244
7750
5052
4518
7049
3916
4399
1823
5247
5731
6896
2683
6848
6695
373
488
2607
247
65
4185
456
7172
6891
175
5748
6822
5096
866
2324
4914
7214
7176
2812
2037
2948
3393
2678
6302
6995
3288
3008
2318
993
4326
4962
1970
955
7634
6676
1700
2716
6905
230
1724
4250
3265
3871
2197
4524
3952
5822
5834
4701
4050
703
7403
6709
7148
2323
7903
1145
3204
400
6697
5228
7541
7427
1138
25
6038
3697
5677
5001
7928
2274
76
3715
5963
1456
3580
7628
4567
6333
732
4727
5453
2815
7794
2677
1174
4686
865
5268
1854
6811
7727
2970
2478
3855
5673
2411
7514
3494
1424
2898
6799
5902
7642
6441
5606
6631
6517
2983
5477
6616
6012
3183
5219
6944
3950
7925
3629
613
7329
5747
5088
4936
2325
1036
4222
3565
7474
6076
2289
1304
7859
1055
6589
3452
3505
7089
3038
3214
2455
5842
3772
974
4926
3626
39
4168
5665
3818
6261
4690
752
4819
6702
5199
7642
3865
2235
7754
110
6863
6610
7755
6652
5026
3390
4508
4399
1882
6495
766
3108
1998
1744
4906
536
3112
4258
2727
6256
3066
2277
6112
3184
7357
5533
2252
4717
2450
5437
4542
3977
2776
1852
5595
6676
6211
1338
1985
3717
4620
6714
6997
1884
5602
423
2782
6965
2030
6460
3663
6343
2222
3057
576
4129
6022
7501
1457
5174
6831
4616
5605
3925
3114
677
3916
2960
5579
1225
344
3351
4434
6409
6789
4906
3563
7001
1675
3143
2708
3956
4018
5855
6862
857
26
2926
933
3290
7007
7037
2010
330
3249
6649
1692
5523
5884
6155
3067
4612
4892
2518
4361
5734
7323
7451
3325
1386
2746
7355
4843
4201
1916
2883
5705
7149
6237
1024
676
154
3491
44
6498
1616
4303
5029
576
1135
3206
4945
3773
842
6023
6478
6843
863
4816
1718
285
4313
5833
6828
1593
3573
6761
2983
6232
1549
2260
6084
2057
1287
5
819
2280
2035
2170
4500
6326
7608
7806
2090
1581
513
963
6581
3356
40
2837
6704
6970
1441
6183
1804
3467
209
1112
7892
6680
2258
5270
7572
5219
2078
2886
1245
5112
5265
1559
2638
6290
6446
7768
6165
7028
775
7003
6817
1961
5289
3919
2842
248
2302
4010
1362
953
67
1979
5549
2829
6398
2757
6897
3815
1665
7287
1782
224
6474
7651
1743
5364
4137
4012
247
3810
1944
1797
3962
3375
5587
2729
2848
4821
1457
660
5286
7819
7929
7393
1412
4743
1562
6337
6559
7244
4017
1383
5370
4504
6272
4012
950
4667
3006
3547
3787
7487
3930
7679
2691
1716
2866
4881
1403
7534
2108
6965
3978
7031
185
1852
7713
7317
4150
3887
3458
1532
1784
4084
983
3823
5018
2769
4665
1251
5084
6324
711
7164
6622
5959
3112
4199
3528
995
3997
3997
4503
5541
5185
6815
5842
4848
3831
614
539
2061
1987
1843
260
7059
75
4523
531
4010
7624
6238
7101
5638
7533
4739
5377
2089
7716
4143
2767
3093
2711
4759
690
3772
3500
6478
2308
3940
1639
7120
6135
4586
30
3237
211
2534
5630
1015
2193
4499
7358
2388
3015
5633
210
4750
4176
7264
5406
3594
6658
2225
652
4228
7624
158
3824
35
635
7314
3201
2550
3582
5306
6989
6485
1194
4842
5080
64
4708
7330
5297
5588
556
97
4591
4503
