7355
7385
1183
2944
1366
1575
6294
7526
2310
6623
6312
171
2876
6338
1955
4023
6121
6227
7009
2818
3448
6428
2058
1251
2398
622
709
624
4952
3067
1206
435
502
5320
6651
1463
3925
2480
7392
5987
5930
1568
5969
1225
4630
3354
386
3348
567
27
7712
7989
230
7649
5726
137
7819
124
3708
6854
1227
5040
5350
6644
2185
3961
691
845
6692
7863
363
2051
7737
6385
4971
4871
800
5638
3067
7556
1228
1789
110
5692
579
4226
4828
5164
3511
6300
4981
1063
1498
1019
3300
7756
4612
31
3065
6315
3922
5200
5820
6289
4291
4199
402
7426
1488
5545
825
911
5210
2614
2020
4648
2177
7373
3617
497
1331
2957
26
3165
4585
2250
6999
3063
1936
7175
940
7030
7065
7042
2985
2529
1928
316
6295
6965
6629
3066
4574
5368
7307
2058
6347
7471
225
6246
6751
1943
3555
6072
6841
7149
4471
620
922
4767
1123
1146
2114
2385
1548
4612
2160
6263
6011
285
5261
3605
5212
5297
4176
3580
5441
1439
4632
5206
521
5128
5390
2033
1865
1512
7561
312
578
3162
3829
2677
7140
7853
266
5931
1499
5528
4368
4206
2806
465
4196
2283
7979
4916
2019
6328
7827
1511
7086
5721
7528
4639
3587
176
4452
1057
3876
6978
3066
3145
1104
2125
1750
7520
2197
5761
402
6325
3772
3892
1619
1615
7328
1662
1506
3078
6699
3738
7002
2817
113
6188
6791
7475
3846
6224
6647
4852
6679
5119
1322
7609
3682
3854
6425
600
3586
2375
1409
2101
5525
5948
6112
70
1241
3680
7985
4652
1027
624
2986
2491
6487
7840
400
7040
1016
2411
2919
1120
1531
6268
5403
718
2794
4749
5257
5359
6655
7174
2872
4438
1142
1224
717
4385
5984
5831
2869
32
4423
7642
1504
5237
2700
7891
3686
6817
1545
1246
3591
353
6219
19
1930
5867
468
4608
1521
5303
2623
1266
6917
5568
5655
1112
3497
6065
1034
3267
1845
2790
2324
7106
2869
6174
2652
4448
6993
2427
5211
3241
285
2535
1924
7674
7894
5588
4039
1498
239
6521
1785
3907
7671
941
6849
3219
5159
2562
5703
5416
4729
1462
6775
1141
1799
1741
4613
7420
3890
7477
7927
6956
7328
3220
360
6403
890
3326
5652
4419
6363
4625
3832
7108
7278
1053
1611
2394
669
7907
6133
2033
3491
4966
5648
6467
5123
586
5850
4350
6274
2876
5811
2991
4599
4656
1330
187
1270
7127
7681
1805
3139
7286
2781
4685
2639
1782
6489
2145
6630
3469
3459
5375
6888
7407
2477
4587
6694
1806
2568
4003
7481
712
3598
3572
3087
1571
679
6145
2693
4413
6513
4136
533
3618
1407
5965
5900
5687
7186
197
5252
6190
1824
4700
5091
6305
6506
6710
2922
2649
1988
6083
3680
742
2052
5561
7214
1437
3061
404
3029
2649
1052
3152
7847
2194
2613
3154
1700
428
6999
2742
244
5848
1796
4963
3757
5060
6471
209
6981
5586
5222
95
4492
3941
4496
3726
1545
6818
5381
6900
6108
5959
7580
27
5796
1550
3405
1851
5438
5310
3905
7420
6872
5416
4209
1597
5154
200
6042
4211
6321
1271
4318
401
7620
1940
4510
2893
1702
1764
6494
2067
4538
3787
1890
6753
4684
5745
3123
2474
3062
2850
4449
5601
7414
3639
1419
745
7608
2318
5541
3041
4535
6874
5392
3898
4621
1618
6374
3500
5331
6370
5535
1154
7465
3060
3598
732
4276
2813
2527
4008
4586
3999
6997
466
7060
6695
4498
2712
5160
2748
4375
311
2663
1664
6412
1181
1985
3621
1274
6443
6279
5000
7302
5172
6461
4807
2602
721
2892
6608
4712
7861
845
1982
7722
633
6060
1848
6609
6183
3010
4933
1662
6124
5122
1374
2674
7100
37
6167
2314
699
1964
4737
552
3882
3209
4511
2792
131
2706
1538
3291
171
6164
4583
3647
3910
7321
6280
6878
7318
1341
32
5410
2801
2100
5533
6087
1303
7290
192
4359
4533
7249
6028
956
1141
5665
5159
622
2144
4520
461
3182
7578
7918
6437
252
5629
6346
5193
2174
5938
2439
1900
3197
7518
2600
1857
2096
3237
2492
7569
7726
4802
6439
7830
1121
756
1301
2990
7897
2156
5613
5107
5076
7663
5924
2466
5574
4561
2116
7387
7743
944
4746
1640
7868
1690
3325
5075
747
4937
249
478
6056
7147
3114
6262
5782
5520
4803
7970
3175
5670
2819
7318
65
2124
273
7023
2206
7775
5453
382
1168
1806
49
4585
6576
5363
4084
6226
3911
6382
2134
3908
6630
94
4839
1952
4185
6397
6414
1206
848
6537
6008
6676
6881
1118
5459
1283
7235
2632
3235
5479
3686
4280
5647
6141
5996
4425
3402
5906
5098
3931
4603
5007
1433
7483
5974
4647
4883
6449
2774
2501
3287
8000
4636
2845
6384
25
6667
3611
4790
82
6023
6656
2320
4218
6663
5326
6291
391
5377
5149
2362
3596
1875
7520
7409
3253
7047
3285
3123
5545
5511
4273
6109
5354
5927
3931
5750
4018
454
6522
2430
357
7710
440
1750
1915
3686
4591
6218
4089
1807
7486
5457
5514
2905
5278
2374
2349
5460
6180
735
7555
7105
1006
3046
6296
2963
7916
1701
1618
5669
3302
6671
5827
5419
6531
883
5692
4680
4715
6443
444
4374
93
1859
2816
1724
7589
5235
843
3337
6091
4477
3940
5344
5341
3801
3892
7115
5563
448
1403
4763
3978
2401
2425
213
1021
67
93
354
156
3889
6798
5413
116
5497
1999
6507
2109
1028
485
5213
3115
5312
7321
4725
2866
4009
2926
1761
5275
4877
966
4950
1672
2665
4635
1764
1447
3945
5590
949
1997
7352
5559
953
5220
6558
7447
3491
736
2927
5238
6339
6702
6906
3758
5993
5658
6672
1461
4300
2221
7901
5751
3547
7913
58
931
823
3266
4530
5429
4306
6593
1477
2706
1005
6425
2997
6728
4523
3609
4058
127
2848
2319
5198
1598
3228
6955
4911
6458
5395
5764
3978
3822
210
932
5208
2515
1789
2421
2754
7125
711
2694
1705
3198
2501
6213
527
5658
575
7461
2178
5388
7414
3816
4303
4895
4141
6214
5738
7986
3482
1228
7420
7948
346
448
4446
7816
1732
2507
6310
5227
950
3280
1398
2092
239
4330
5060
3566
7540
1876
7842
466
2392
1989
2962
3339
4569
3151
445
2057
5613
3193
4503
7639
2897
7484
2377
4759
1173
6607
626
3537
5597
1713
1926
4004
109
3012
4208
1108
6336
6434
7211
5187
2795
7172
7562
40
1901
2645
718
3307
6434
3245
4013
456
2390
5424
383
2023
2094
1906
5222
2629
7011
3378
6596
4344
7382
7088
9
2969
4776
3192
115
7816
1009
7337
4399
7520
1457
148
3108
2220
7029
911
572
6399
309
2871
2532
7758
5417
3064
3514
5860
4579
4407
7341
7591
7833
4265
3729
1980
2988
1719
3783
1595
459
4306
7441
4951
3818
6968
1857
618
6496
6012
1675
2824
3527
2815
3816
6242
5639
2311
5159
3042
3117
2282
6340
1777
5755
7043
11
5465
1244
1531
2186
1875
3287
4327
7830
2766
1044
2906
248
866
537
5657
1134
68
4907
2056
6198
3122
594
4290
1425
931
3047
268
1849
5338
1012
4949
6738
2069
2297
3452
3745
1389
2102
6421
1777
3156
4964
6782
1520
2910
7237
891
4453
7276
3102
2741
2756
5679
7578
4911
5630
145
3488
1691
296
6605
1525
3094
7808
5714
4463
3708
7318
5729
1802
3137
7571
3611
29
2889
6720
6937
5787
7640
2065
3819
3112
1932
5459
6940
6107
3226
5200
4396
4156
6205
678
254
6730
2793
5381
102
4688
5391
7336
1874
2410
6084
5622
2448
4320
3516
2113
7621
4852
6540
2910
1052
320
918
406
6619
6671
3307
6503
7651
2991
6558
2529
5359
341
3860
4303
6343
5303
6028
4030
2074
6281
255
364
5236
4615
2117
5941
810
4550
4957
2728
5472
7965
6378
7118
6537
5852
862
6724
7784
4364
3989
6558
2924
6876
2254
3560
4286
3002
3410
5613
2753
1136
3300
3953
5944
405
2073
6219
1108
6212
5603
534
861
7379
2055
4788
4225
2989
90
5491
923
3461
3032
7871
619
4535
2133
6738
269
3841
2822
5246
2898
3102
2256
6729
5777
1365
4147
3683
4910
3072
7738
5876
2968
5293
4990
5941
2904
6536
556
4014
126
1972
1477
3119
2399
2125
5849
7236
7848
1682
2788
5458
537
1690
4991
6769
4881
5658
5350
1951
1735
2731
921
3272
629
7385
383
5217
7330
7244
38
7058
4289
5607
7992
7035
2861
6521
5231
7624
724
5564
3673
3906
3390
3600
3155
2997
438
4740
7535
3309
2116
5105
7336
4911
5710
3348
2773
7718
6217
2799
2891
1299
829
6743
1199
5277
1396
2487
1888
3052
2719
2073
2349
542
1787
394
3304
6661
6363
5874
6492
901
2807
6245
1949
1886
2414
3381
7276
4645
7959
5958
759
2365
6518
6194
5911
6655
515
102
550
3514
1146
1538
6957
6727
3371
1164
6280
3887
2833
3767
6530
2949
5125
2686
6398
5723
4428
2257
7506
5315
2728
2240
1374
7691
3046
6995
3149
3199
1236
2145
408
2753
6878
3537
4420
3440
2747
2767
3452
172
4985
4933
1414
4633
5502
5666
3221
3901
864
5537
1381
4359
5432
7651
1146
6530
7248
6743
6122
7985
4456
2943
2027
6121
5305
6956
82
5247
6890
3444
962
2076
3351
1149
2750
3904
6466
7153
806
5426
1247
3720
2257
6089
7730
2203
6283
494
88
158
860
7923
5990
1537
4723
3347
3991
7797
716
1511
3845
5527
5008
5957
3784
2626
4283
441
1735
3521
6952
5151
420
4124
3799
2607
5176
2888
7156
3109
4838
522
965
7140
302
7427
3950
776
7178
5953
1904
4348
52
7169
1137
1801
1000
3627
7713
5327
1619
1888
7146
2525
6963
5613
6806
2117
909
4975
5139
3349
7353
1242
1857
749
5933
4500
1856
6567
6636
830
7188
6019
324
4529
624
5760
5783
244
7565
3398
2467
6920
3206
7618
2301
4697
4753
7764
1579
5001
7823
4397
7054
233
2303
793
5811
3048
1712
234
2569
462
7353
1953
6889
7073
4206
2952
6544
3352
7383
1839
6222
2477
7466
529
5168
2132
3151
1674
4436
1456
5103
639
1240
3819
239
5029
3220
7938
5677
2178
1514
1441
3149
1136
6126
87
2085
6642
7774
6605
6475
3466
3443
6461
312
7038
4046
3503
4270
4
2551
598
4823
3806
4757
6036
4769
141
3565
2865
4267
4146
40
971
6765
52
6044
6262
6914
3906
4922
7027
3480
6310
5054
1600
7312
3622
3357
7722
1630
3250
844
3119
7503
3756
948
2281
7425
5705
2176
5562
5190
189
2089
5341
5033
5043
7320
2876
108
400
7278
6339
4454
581
4258
5629
7999
2257
1404
160
5343
1274
5034
5652
6828
3778
7521
3877
3748
5911
1500
5077
88
7193
5247
12
2001
3027
3258
4468
6142
6995
7828
6158
2015
242
6539
6315
3223
4838
757
4523
2687
2757
1448
7819
6419
4988
3287
1011
3945
4176
2695
6559
7586
5923
3836
3243
4585
3474
78
701
4034
7144
4494
3954
1335
6176
4674
1796
1924
7276
510
649
3861
6226
4394
5087
5186
7899
6206
1942
4712
798
3484
4764
3551
6226
3109
3124
363
7884
6878
946
486
5816
934
5373
6433
3544
4586
6008
1016
210
2167
3714
122
7698
7677
4744
4577
378
5621
312
6558
3049
902
4039
4275
6637
5252
481
5270
2583
1430
2552
3296
939
1533
2952
3872
3470
4660
916
6891
6485
1371
6095
5074
3178
4523
2301
3360
4675
1799
119
1519
7847
6607
3569
1400
4024
3834
2263
3959
7245
1324
109
2379
2867
3383
4450
4179
138
3075
1000
2215
5479
4119
4195
2465
5796
2979
655
1008
6616
7423
995
6702
532
5008
6085
5943
3979
6131
1493
815
6082
1791
4397
4588
4631
7947
3268
1125
62
6658
3188
620
4221
6876
3134
7823
6744
3683
4421
7867
1361
7565
1433
2670
454
7388
7321
7456
1631
3675
5565
7918
4623
4946
5525
2080
1998
7803
4379
4915
5209
6256
1338
5616
5384
7348
3963
977
2618
5955
6031
848
7097
4992
2610
1811
7322
6714
2428
2821
1673
228
6772
5716
7138
2183
3708
4620
5591
3426
6644
6617
4976
380
1020
1380
3306
1119
4972
1820
5876
2547
3120
4416
6275
4401
2388
6403
1507
1604
2915
3099
344
5429
489
598
4664
5420
3122
3187
7171
1815
1287
2992
1483
7077
7187
5446
612
6815
2102
1805
6092
148
6703
1596
1016
2472
4404
5447
1073
6508
1433
1837
814
2081
1174
1584
4781
4018
6840
5296
7089
4422
6834
645
7510
7811
1848
3451
4849
22
2950
5556
698
4580
4640
6280
7553
7492
255
7264
3709
2479
76
2465
2104
4670
29
1149
5790
2644
6255
2317
4146
5848
2445
5003
6327
2912
4448
6889
4051
2393
2920
6653
1391
190
1494
5743
2747
872
1926
1363
6301
1124
7937
7482
4189
372
4868
7786
1535
7362
5745
863
4751
406
582
1142
6163
5095
1374
2811
5682
6008
333
4097
2056
7191
7455
6965
4268
5663
3644
4680
2831
4849
7414
1895
6515
3073
5923
3507
6425
4278
5988
3231
7034
7776
4726
1901
575
5494
7224
945
6725
3812
3917
6242
6006
1708
6657
5014
5693
3529
1067
2754
5364
5155
3460
153
2820
4552
3953
5855
7474
3012
4688
3203
5380
1049
189
7123
3265
945
47
1544
98
1580
5717
7348
5710
6563
3064
1374
4997
4956
1471
1746
6216
2998
3383
932
5589
4473
1126
3634
5832
3009
7646
1707
2486
7444
4010
3490
7190
2560
3124
6632
1870
7019
5415
7109
1589
911
1947
2080
3625
5452
2986
6144
5952
983
5721
788
7209
6401
4223
7340
83
5760
1086
10
1065
1841
7963
7542
5248
4020
3443
250
4009
7062
4959
6092
4047
5737
2736
676
3100
7018
7821
3798
3304
2922
4088
203
3683
7424
4811
4301
4092
466
780
4273
5785
6791
2681
7555
7875
7324
3721
3355
6958
2709
6457
502
6851
2015
5974
1628
5820
7550
1041
3805
3032
5961
6324
4317
1808
3252
772
5900
7582
1361
964
4539
5440
3124
2384
1365
7476
2374
5577
5180
1120
51
3329
3814
519
4965
2007
819
3212
728
1648
3541
5761
1431
4792
3566
5366
2280
7816
2240
1381
5086
3930
5869
6194
1871
4480
6124
3244
1115
2110
3966
7539
6487
1852
3554
1725
164
2490
2956
6075
2831
769
2880
3670
3722
5769
1768
6988
7238
7369
3808
6610
2893
4722
6065
3595
6836
1628
6961
5927
1603
3830
1786
3569
3181
5936
1776
2847
6276
5985
733
2170
2309
6532
7875
6299
6739
2295
6363
3965
5302
7597
1801
545
2703
2271
3155
6112
451
4224
1246
4100
5945
2964
341
4985
7351
2475
7907
6236
3869
507
3064
4828
5049
6967
4590
4527
2271
5492
1805
755
3020
5468
3853
136
6054
243
6376
6398
7888
7412
6573
4797
2946
3996
7082
1818
2279
80
5963
725
6119
5485
6700
1788
3381
3302
3021
5381
129
5145
5448
63
2307
1710
6466
6142
1225
7935
1076
5675
7283
2988
3330
589
6241
1510
7413
161
5264
7868
2837
7983
5592
2435
3786
1636
14
224
7321
5956
2451
4123
1713
4423
6735
7373
7578
5544
5905
3222
319
2964
3617
3204
90
5411
7875
4707
7113
2557
2944
6971
523
3947
5701
2378
2594
3150
6130
6570
7968
2885
151
4565
2976
3427
6250
1844
3257
3337
5252
4943
6288
2421
2854
3855
1617
296
5314
6970
75
4004
7429
1551
2252
181
3865
7369
7068
1010
5918
4126
6463
6577
6930
2970
1586
7895
7895
7351
4731
2787
1798
25
2197
6470
1035
7364
5944
1711
7701
1240
6729
7875
7938
3209
6186
6661
557
5024
425
1342
7113
928
4145
4662
4824
751
6481
3355
5718
6280
7866
3321
6878
73
6234
3250
5401
1181
7738
799
7060
6938
6805
7217
7326
6655
3720
7553
3300
5377
4093
2458
1486
4787
2330
949
5304
4980
6951
483
5624
2036
2417
5357
1160
7706
790
3905
741
4161
276
521
6614
5729
3330
7571
5419
3065
6417
613
5354
2938
3038
6442
4199
1916
7587
7712
7357
3370
7680
7712
1399
3774
4098
3619
1829
3963
6941
3051
2955
799
2606
1872
7936
1369
3751
713
221
6059
2428
5869
7574
6741
3780
4311
1869
6743
1037
6745
203
1784
2619
2286
1677
2078
6134
2764
374
4263
3924
4736
4815
3701
5532
334
4573
7655
1854
3595
356
1488
94
1312
2930
779
364
1674
4754
2015
4177
3240
6729
4785
5466
1092
1490
4561
417
6100
724
7463
489
1115
887
6192
6138
5160
1156
764
5166
7143
6598
4348
452
6201
4346
6013
4145
3572
2611
6462
3901
5029
597
5170
2284
1613
3866
445
7366
592
2056
1275
7472
7320
2704
3537
3507
1812
4345
2385
2632
2215
3988
4931
6408
6913
4041
1496
1825
3221
7670
271
2752
3315
7991
3436
3171
1328
3416
6928
6235
6365
1106
1996
5066
794
5594
1340
6313
2194
2174
759
1627
231
5969
263
3105
6322
2964
4264
6731
2165
2919
4246
3801
7734
1431
3604
4797
7612
6831
643
7189
6035
1881
6788
3679
146
7391
5919
2303
657
4243
2165
4212
696
7581
6190
1559
1633
5440
971
7939
1978
1897
3810
4010
656
7705
1543
6663
1241
1746
1642
1170
2227
5934
1723
6303
2465
1079
4018
4632
5838
2542
7405
3055
501
4978
3120
4815
6141
1188
349
6599
3142
6280
6511
6864
2464
6981
1671
86
2316
5099
3046
6331
243
1349
3219
1203
2707
5731
5903
4319
568
4974
2737
4379
5653
2244
6430
3580
5675
6384
5828
3539
5615
1004
5111
4197
5681
2367
1995
3642
6064
2130
5437
7981
7545
509
5684
6505
1789
4428
6605
1254
2290
4953
599
2579
7364
2744
1294
3375
7567
33
846
7795
6765
6590
4673
2978
4744
1511
4620
7905
6018
3868
5039
1720
4445
39
816
7384
3968
3268
3731
1938
7103
5228
4381
6463
1374
1666
5077
7157
7746
1726
2139
1255
4948
1634
3172
2
4647
3822
6652
872
4976
3268
6327
5457
4938
4323
118
7177
6747
2496
5104
5072
86
4967
4472
396
2329
1023
7275
3524
1646
5225
4998
961
2504
7419
3615
6235
8000
7529
1518
4546
4279
3122
7234
6829
6490
59
2951
876
5251
4191
2283
4900
4365
5404
5748
1201
7495
112
6410
1661
7784
3935
7031
2116
4998
2640
626
4789
4480
3143
577
5840
5374
7851
6375
6267
3840
1774
7823
1763
7814
6191
3795
5866
113
1798
3886
608
1450
2054
1149
5829
7064
7144
4801
3238
5897
627
4179
2285
2565
6145
4066
5349
3680
2452
5955
411
754
1859
1806
7009
1376
4532
1924
7494
4399
4598
1482
7818
1027
3574
1044
7262
4554
6068
7262
282
1548
2007
3214
2923
2056
289
6140
4892
4131
5662
5317
5222
1757
6497
917
1974
4928
1892
3257
14
5835
5985
2034
7811
2177
2436
1297
7748
5893
2494
792
7401
1593
7223
1354
3145
2960
7320
402
6018
5363
1245
4771
7320
7835
7208
3953
2217
2687
7188
4363
820
2257
3474
2713
1210
2637
2500
4544
1869
7546
1574
3657
3110
3768
950
7024
1212
5527
3425
4899
164
4277
4729
4595
6721
6412
2088
7588
2925
3205
4598
3516
3007
7661
7625
3472
438
2309
5147
6091
7660
7350
4441
1905
2997
6320
7922
334
7547
6511
1940
6518
6021
1807
4812
5845
3736
5181
5520
3156
5245
1892
7226
2216
515
2326
2094
6431
6397
675
5801
5806
2586
954
6430
1724
171
3145
7369
2430
7390
504
5229
1792
114
4419
364
4678
3763
3290
4358
7326
3879
2430
3762
5112
5137
3887
7870
7944
5571
6991
6486
6685
3383
6912
6216
5199
3800
653
5063
835
3901
1027
384
7031
717
5066
898
6423
6528
4322
4756
6265
2749
4219
7207
1658
1026
7308
2089
7308
1818
153
4126
5614
2110
5980
4949
5407
2650
6844
3368
6475
4414
2581
3217
448
3596
5999
7294
4478
7778
3991
761
7818
1116
6918
1574
7828
4893
510
6935
7910
6888
4290
1104
7534
7341
2931
944
901
3438
2562
5440
218
1894
49
7699
5738
807
902
1575
3777
1890
801
2701
2262
7550
6029
4029
6147
4637
5005
4111
2007
3113
2727
6644
2418
6947
6950
3849
7696
5399
5413
1611
4283
7999
7055
1819
5400
6374
6086
7186
5563
5018
7897
3061
4230
2749
5207
5332
3730
1346
4306
4319
3056
321
1394
7579
6606
3895
7192
1118
4868
2265
472
2289
7915
2096
6213
4342
1644
2468
469
3120
3174
6289
3886
3600
3663
2767
6130
2696
3753
1563
7577
6310
6027
292
2226
1989
1943
344
6201
2185
6181
7062
3819
6973
995
7871
3999
7590
7008
2
4158
2861
44
2628
6626
4941
4349
1808
3788
7563
2605
1810
4388
2227
1353
6987
3429
4673
4518
7697
2617
6333
6633
713
6088
4518
3105
3046
364
192
3259
3990
7612
5087
589
4388
1952
7031
1658
7555
1717
7064
4654
246
4336
5411
3820
3047
2361
3387
4205
5496
2538
3286
2175
4848
6749
2169
6856
7014
2996
4934
2213
2693
2507
1750
2327
4174
4984
30
1800
6426
4961
4694
5296
3564
4275
5307
119
1818
1013
3476
5067
4295
5511
5386
7792
1630
1361
4258
4000
4595
7159
4149
979
4926
3294
6839
3340
3776
2594
2058
805
2689
901
4523
1103
5134
1320
535
2032
472
3535
7566
1699
1812
7330
2200
916
6295
291
2759
2036
4207
6240
3889
3424
125
4956
4603
6900
3414
1700
3822
4865
5629
4889
4671
7627
6343
7800
3440
814
422
451
34
1221
4930
455
1878
3464
453
5651
7419
2926
2655
1890
2832
52
4950
7776
1879
6259
1966
1618
3970
3902
2439
4956
6502
367
6449
7449
37
6478
2041
5358
138
3522
4292
5744
6150
844
7411
6011
6527
1354
5797
6228
3763
5729
6603
3063
3775
1189
4282
913
2105
5084
2954
4021
5084
85
7706
4777
1719
2702
4155
2514
1721
7793
153
6632
4087
2102
6888
6203
1175
6550
5739
3329
7418
1560
3252
4615
7048
4419
1139
6881
1114
204
406
4379
6972
7523
7311
5766
2095
2601
6143
3658
7466
4893
4790
2065
4385
6240
4256
1388
2686
5388
2620
5543
6513
7710
3538
2070
6112
2623
7287
3090
5189
5138
7304
5691
1412
7222
2356
4019
3655
3425
7341
6017
5539
805
1518
7241
5732
5478
5862
5302
1649
7992
1780
331
4645
5703
6394
1980
6421
1177
5561
4029
6198
4377
7672
6785
6137
892
2467
1642
5454
2604
89
386
6677
2500
6658
5014
1738
6829
3135
444
2930
5080
2386
2979
447
3130
7135
3698
2543
1704
2568
4824
2016
6697
3474
2612
135
7033
7360
6260
268
3162
7160
379
7768
3207
6543
603
2387
1588
6573
2351
4894
1156
1691
7568
6966
6916
7623
4944
6618
1516
1509
7191
1047
6145
1477
4711
1868
6981
4067
3767
3055
6313
3794
63
1455
3644
257
6497
166
7972
5169
1806
3661
5076
6588
4459
4552
737
2062
1055
4909
6184
6879
3294
4519
2375
7487
3504
6320
5836
7721
3407
7415
7433
3389
5076
1384
5843
5400
1057
145
3218
3188
1100
4692
1498
598
666
469
1774
5192
1960
3184
5959
6816
7312
4406
5784
2906
3039
1158
7160
4178
7292
1136
950
7943
2321
4043
4522
7652
1187
6315
5843
3631
1838
2439
741
929
6542
6343
4048
821
2249
799
6796
5620
4405
5927
5791
4126
4585
7094
6376
983
630
5153
3115
3636
5867
2103
611
2192
219
1404
4265
2442
7976
5536
5326
2947
2648
4632
7891
5809
7875
1176
4522
7290
3618
2347
2635
7010
456
7391
4896
4282
239
7857
1020
7541
762
2449
825
640
7691
7572
4890
5595
4905
6271
1623
2490
80
3586
4531
4754
867
7017
6841
2417
4496
5893
2743
5079
1603
6915
6552
2314
37
2336
2824
506
6164
3266
1846
6062
2502
3526
137
1423
7433
1008
6680
2596
4747
2198
7630
6984
6689
3476
2044
7300
1120
118
1195
2602
7071
6054
6326
3251
4324
15
7928
501
5183
6
3748
6209
4257
3874
6450
5079
5268
4376
2815
4211
3113
7616
3706
323
5171
7553
80
1002
3
671
3739
5347
4068
5138
563
2754
1851
1887
2551
4720
61
6917
5148
2184
6603
1791
6049
456
7440
4426
2595
789
6727
7096
5194
7790
868
4893
2122
230
3170
1794
4829
5069
4026
7239
4974
227
2296
3246
7613
3093
3543
2530
7580
5329
364
1864
2045
4470
5868
4695
468
6499
2631
7330
1342
4443
3208
3427
782
6734
5836
3730
969
3635
3363
1451
6276
3797
7467
6276
6927
2759
2832
2284
6929
4629
3760
3959
6
5995
1226
5988
1944
7123
2724
7194
6146
1776
6863
6643
2218
3007
227
7049
3338
2107
3179
6183
5288
6653
5110
131
5805
4758
7700
7999
2603
7748
946
2185
3969
1623
2706
7062
3281
7969
5183
1416
1398
6049
595
6804
4940
3987
6277
7330
6352
6987
4352
1717
274
2303
5490
4399
7172
595
4819
3229
7115
1345
4778
4856
1037
3922
6338
2832
3339
1341
1143
2792
2604
340
6065
6827
2206
5158
7252
6292
3535
2400
3204
1087
1796
3931
3065
5912
5871
1329
5880
6947
6508
6160
6258
5122
5903
4645
7180
1903
7745
4670
6292
7846
3746
4004
2883
2785
5968
1274
1089
4315
342
3339
6710
7697
6186
3901
7953
1881
1039
899
1317
6073
6322
5044
2118
713
7094
2959
7382
895
662
7063
956
4621
2623
4899
3872
2758
125
7009
4128
1964
3728
383
6470
2772
3586
2521
7351
21
7514
621
2078
485
7311
2856
6974
3631
6522
6960
1465
1497
600
5383
334
4015
3158
6568
3119
6686
6783
426
5265
2895
549
1780
5522
3734
7473
934
7888
254
4556
6907
5488
2378
3511
6619
7788
764
2737
7495
1100
1459
5869
6000
7421
1832
6988
5897
3262
7868
5672
4439
7402
3943
4717
3189
1295
2284
574
882
3992
7844
2565
7978
4755
7479
1651
1608
4316
35
3615
3261
6989
5732
1760
2180
5118
4776
3110
2728
4299
1721
1530
3590
7291
4246
699
835
3940
2716
1211
5958
2337
5476
5280
1062
7846
4389
543
837
2963
3913
1903
978
1680
1766
4238
6436
6151
1795
5842
6818
1235
103
2449
661
5096
1346
3281
1927
2725
634
3165
1808
7408
3309
4970
267
2053
6225
3446
596
2598
617
5546
4174
2449
4479
3703
7201
3069
4121
4316
4470
5049
5695
7738
3372
5637
53
7620
5632
1620
1651
7719
6146
3161
188
3372
5912
3883
7268
2325
7589
1249
4617
5694
7720
4774
3536
3487
2354
6128
5883
978
5063
2882
7359
5370
1279
6949
4876
1384
4154
3836
7354
7937
6785
7237
1703
1171
191
7065
3160
525
4316
6586
7832
851
1993
1463
1117
1270
3073
1680
3161
3479
2147
76
1771
2390
1023
7603
4769
1814
1631
2306
427
2237
2675
1659
1683
4795
928
6300
1500
675
1563
907
974
5356
5064
2558
6535
6887
7050
5381
702
5431
7326
5332
2736
3907
6680
3675
1711
2234
2611
7294
1497
4013
5565
3516
7686
4048
4465
1335
6298
2117
1618
1363
6328
1947
4785
2823
3633
5669
4744
7832
6768
5584
3378
6693
5082
3316
5944
2342
42
1373
5831
7564
2544
7448
4149
2554
4110
4450
7230
947
7299
2620
991
5456
6566
4128
1000
166
7752
862
3300
2983
4356
5923
6624
3798
2827
87
1888
2275
7057
788
4110
6956
1110
2147
1095
7137
6408
5687
4026
5885
4228
1354
848
2657
4395
3270
7811
3844
6682
5939
789
737
3204
754
1707
3862
1845
2072
4673
7288
72
3992
4926
839
4199
7690
716
6784
6920
7845
3268
7537
4757
2993
264
4272
1744
1594
6939
2962
6881
7753
3216
197
1852
543
3505
5378
4411
6294
3423
2861
2853
1615
4805
5742
6083
2524
7009
4
3815
1174
5472
3556
3352
1577
3408
7398
7408
4810
1416
4992
6344
7994
2253
740
4470
4893
4599
882
6873
3409
3554
4915
3795
4229
1273
2767
4299
5832
6174
1999
3172
7638
4392
521
1800
2928
6845
1514
4116
5802
2294
3754
7232
5254
7071
4001
3733
2325
7888
6437
4058
1899
7338
5475
4226
7357
3918
2842
2081
868
5697
7519
1949
2553
3164
1275
1556
5100
5460
2819
3398
615
3591
7583
4413
7225
1130
2580
4426
5993
6757
549
899
4833
2153
5109
6387
6535
7096
741
1850
6876
5240
2786
744
2889
6009
483
4222
2530
7508
4352
6032
7267
3046
7173
5410
4480
2076
1812
6967
5651
5608
2503
1817
2378
25
1648
1788
4717
2562
5483
5770
7874
6909
2522
2074
1316
6858
7623
6945
5311
1986
5096
2187
6619
2470
2204
4404
6283
6034
6278
7470
3958
4032
844
3794
191
4977
461
970
1579
4740
1436
4993
3191
5129
439
4848
5632
2799
2499
3549
7285
60
5823
7443
2094
650
775
1947
1056
6262
6177
6755
229
2011
1484
4453
1862
7315
7056
1322
6258
1724
7739
2426
3379
6505
3036
6743
2316
355
4848
2538
1853
4110
604
610
7194
2786
3247
2226
2828
2140
2801
1398
1242
2750
7816
2345
4801
4631
325
5191
2466
2730
226
2086
502
6597
1450
5646
3050
7727
2575
1828
113
2219
6973
6886
1537
5832
6413
1971
6493
416
318
795
3131
6389
432
5261
4267
4311
7497
2282
749
1242
813
2713
4569
416
2924
6812
3600
6681
5522
2439
202
4755
6628
1373
6247
7573
6772
4345
4221
401
757
1121
1632
4687
6162
2838
4065
6486
1631
4909
3861
3728
7536
11
3694
5816
1363
3256
2657
566
4975
6490
3073
6645
3193
4562
5448
5079
4966
7184
7851
4409
6012
72
4893
41
6423
1671
3252
1497
1380
4910
5638
3632
1788
3013
1961
747
2244
5072
2131
7583
2774
2556
5928
1735
5767
2938
