7901
3319
252
3942
1017
2247
935
5482
2083
5108
3231
5008
6532
6723
7841
1351
2731
7410
5763
234
2472
4624
6768
6196
6759
6507
6322
3636
6291
1810
5018
6037
439
1076
6651
7410
7122
1961
2307
1333
4963
354
4941
1202
3840
404
1175
5417
2981
4782
7324
2184
3065
4301
5207
765
600
5707
2051
2104
1349
7354
805
6273
2859
5092
5532
5537
3216
6921
1946
4300
1677
6502
5990
553
6638
5721
2889
6192
5458
5783
7885
3433
7019
2923
6059
4775
100
3868
859
7968
3866
4558
1527
11
3612
3199
5513
7405
4692
2650
7956
1762
6663
6243
4353
3689
633
5927
4959
5734
7373
7683
813
7388
2692
5593
2603
7681
978
755
5339
6918
6528
6752
69
829
6044
3509
4310
5979
7180
7265
2791
3895
116
7327
4459
4857
5339
2924
7457
2422
4401
3995
3828
4157
7360
3436
4036
2729
7499
5629
3428
1465
3003
3463
1712
3567
1377
402
1100
4847
6763
4217
4029
2413
7919
1728
876
5148
3568
3898
6983
3551
3482
3404
4864
4311
6106
1418
6726
7565
1002
3239
2769
3119
3757
6990
1495
1686
2722
4203
6511
5675
6228
864
4447
4528
1606
7030
3614
1946
3663
1007
3771
4615
2936
1284
6405
5253
4364
1631
3372
6057
3326
1132
1469
1249
3658
4508
3217
494
7875
7835
1086
6446
6309
1488
677
6241
2576
7532
7402
2903
3955
2780
5564
1294
4372
6970
298
7357
2421
4879
2891
523
6577
526
2870
6646
1259
2411
7217
6702
839
3916
7722
5979
3662
839
5888
6453
860
4689
2488
793
4428
6854
3498
1373
6586
2813
2116
985
7280
3508
7334
5499
4355
1542
6595
5823
4742
5525
1445
3229
6145
5639
1961
1093
5809
6148
6438
7630
6552
6310
3524
137
7892
6193
6672
124
7868
1010
7591
415
4126
3567
1992
1191
2555
1021
2810
6540
5507
4393
6858
3788
7640
739
5566
4914
3198
884
8
270
6692
7900
3309
4001
1637
7426
6763
4224
2137
3125
2971
6928
7842
4460
1130
4238
5743
3147
960
852
6242
6140
6417
1499
7801
641
5384
7959
2134
1865
1836
1376
7419
7510
307
1674
954
905
3002
5189
2693
707
7998
2382
4807
5077
3837
6801
4100
2692
1799
7547
3580
2269
6625
5502
3634
3324
7411
1439
2721
4274
2781
5800
207
3557
1913
661
3363
6489
2588
1316
4313
2664
3026
2237
7103
4221
5800
7813
7542
4985
594
5965
901
3195
7508
7847
3895
7313
6751
2453
5343
4852
4653
2784
7571
1364
1567
4623
407
1636
1466
2057
2307
7109
5365
4587
1707
5851
5601
6645
1517
4340
4221
5878
1123
1150
3838
2600
6632
7127
5630
383
4400
5443
3373
7823
2693
5885
5499
5681
280
4172
5543
6972
3769
411
2767
3009
3307
4845
454
6730
1248
1361
6942
3012
3421
7171
847
7276
1995
6591
1166
7126
526
7295
6101
6134
4159
3990
5844
3903
4157
1377
1120
1271
1893
3856
3844
6886
557
5302
4529
2094
7262
5127
7578
1179
183
7811
1507
4809
4700
4967
3888
3630
4065
1030
1573
2014
43
1939
5765
2397
586
3325
964
3994
7773
7552
1912
5923
1756
2900
1852
6134
3620
3845
4170
4870
7576
5328
1382
194
877
3094
2790
269
3583
1515
1401
5597
7009
1565
5630
3873
99
2831
5989
3068
3050
449
3685
2217
2745
248
3295
1515
3062
2109
3541
1047
1777
2626
793
1964
6588
93
7652
2034
2700
1493
2726
2473
3687
5922
3279
3496
4797
5148
2519
6778
383
5766
5999
5403
6417
2118
5699
517
1812
7070
3141
2957
3463
7159
195
1419
5088
7709
5651
5542
2987
7353
2992
3761
6867
6849
3753
6728
2169
2830
5282
1420
6285
1240
5645
1724
140
5927
3480
4258
1738
1298
1867
3277
7907
1011
1310
3129
2542
3804
5895
5301
7299
5444
7115
5224
713
3719
365
1793
815
5535
5651
4453
5547
6528
1838
3483
6992
5776
1493
6130
5573
7764
3138
341
3248
706
5833
3717
253
5746
2536
3321
3660
6687
2218
2575
6843
2697
1191
413
5631
4380
4727
361
7914
5536
6275
3884
1939
5967
5850
5176
434
1380
6459
2951
7491
4588
4098
3745
5185
7465
4457
7364
2909
3109
7352
6433
3939
3950
5971
4962
6471
3205
1670
3061
4503
1890
3591
3911
5066
6927
7067
6509
2344
5515
3047
6762
4817
6437
2848
3916
7702
798
5634
4883
4300
4382
2291
1861
1063
7839
2068
1723
6337
3645
1194
4711
3575
6111
90
3086
1279
376
762
7096
4265
4318
441
7199
6462
457
5785
3889
3710
6643
4566
7673
4890
762
5178
2165
4766
478
6821
5795
3690
6512
4558
406
7859
3558
6124
6827
7680
3841
4344
7478
1235
2205
58
5906
4752
7897
4975
7660
5981
2188
1806
4700
4459
7872
7174
7783
5836
3633
5198
5828
2737
2410
6907
6585
7174
4847
5366
797
6216
1383
5931
3013
1746
6875
2849
6954
5497
2015
3381
3524
5714
4890
2255
195
553
5941
5591
5829
1857
6763
2502
7540
2465
3176
6490
817
4115
1788
5825
4732
7966
684
6674
5623
117
4069
1050
538
3617
3944
5200
293
1650
2822
4953
3921
764
2095
7177
558
4853
1659
6536
7287
6481
1798
6009
7519
4935
4930
2973
7882
550
4920
5370
3631
7224
4562
5623
6413
1942
3839
3707
4119
138
869
7483
3210
2807
1622
1723
113
499
2993
7335
7507
1217
7709
2390
563
7086
2479
663
3970
3878
3405
7758
4676
4743
7397
4991
1867
4878
2811
1629
2686
1978
2674
3231
1756
6573
5549
6685
1064
326
5291
7915
2544
7453
373
7204
2609
3461
2926
5192
2774
2324
6756
36
907
2949
5149
6414
705
2944
7506
3673
1823
4614
7715
2660
2364
2653
157
1464
5127
6349
3100
2563
1440
4098
7922
3374
6818
7057
739
4488
659
4204
2373
2393
4159
3239
4300
3218
2415
4714
6719
404
5497
5536
2329
199
2802
2422
1103
5075
6853
1270
2160
4584
3411
1001
3295
6475
3936
7778
1680
1855
2227
3531
6844
5428
1090
1824
5184
244
4233
4888
667
2869
865
2213
6892
3334
5876
3030
5046
3128
2111
2393
7125
7551
4111
4718
3577
7597
5641
4039
5055
605
1822
2394
2846
423
1957
7035
1938
6283
1680
5226
2763
5622
2783
4250
2483
6215
6358
658
4466
7858
5406
6221
7180
2771
3642
4940
6596
1757
134
6599
5561
4609
7508
1245
7344
7777
873
3849
1563
1516
3752
5093
378
7527
1874
6874
7320
4431
1688
2173
5685
311
4699
6144
561
1947
7746
1726
6646
1015
4333
6309
1360
2984
4894
988
984
7009
4798
7639
1978
1230
6711
6417
3291
544
2828
473
5534
7645
1726
7468
5801
4352
1261
5378
2690
2368
6472
5957
1859
7248
969
6825
4492
5491
2930
4691
6681
2508
973
2717
1162
1588
4014
4646
7219
3066
5704
7857
1902
748
6721
6279
1229
897
4509
5269
2941
6825
6493
1939
306
7921
6544
1671
7399
5529
7093
1215
1421
4432
7120
3104
1036
5188
6671
7365
4177
1439
6298
3239
735
3736
1243
5772
3288
3073
4273
2382
517
2734
3230
1466
4021
2994
2315
5021
6492
1459
538
4150
5575
6328
34
2780
5674
990
3161
4287
151
5587
668
7050
3476
3523
909
7660
2945
5613
4534
6327
5340
6007
5247
1280
6207
4934
2570
6983
6727
465
6560
2708
2816
5311
1947
1404
3580
37
4501
4908
5844
6093
4461
5691
4935
346
6231
3293
6073
6432
1829
3526
5070
5619
1043
5253
806
2697
6738
6394
7856
407
3724
435
2333
6810
2940
9
6242
7881
1788
4891
5871
6148
4446
914
2552
4311
7141
2918
2326
3314
4679
311
1835
7133
765
3818
3326
3982
2267
7779
6498
2614
5665
558
3548
4866
1693
5158
5967
4695
4081
1829
6549
5137
5866
36
4841
3204
2880
4820
5242
4638
7233
7663
5602
2391
5424
3335
6561
2155
6714
1950
4538
72
6179
1927
12
2758
1198
1082
1208
7510
7360
3351
5269
4757
6356
3714
634
2820
1886
4972
7505
6338
7415
5877
5970
2813
1620
3196
4528
7638
3558
3281
5310
1125
6951
3358
4605
5673
4845
185
4035
3235
2387
5314
129
5780
5957
6882
4035
3465
3173
3095
7946
3095
1971
2528
1652
2533
7593
6730
2137
1473
4794
7019
7548
1270
1983
3164
4449
3614
4538
2781
6147
7765
7078
3966
7905
5466
220
2321
3331
2885
1191
3662
4436
4145
7707
965
3262
4574
5106
1382
1287
7943
2378
2168
3651
1799
4363
4634
5606
7790
656
4382
691
3560
2630
2150
1922
4275
6540
5949
4317
4481
2221
1285
4108
5833
5217
4537
3574
993
6567
2716
7345
827
1712
4188
3374
5937
7369
5470
1363
44
3420
3471
4491
5820
3597
3576
6596
6855
3958
1374
3959
4848
506
3872
5477
6032
24
6492
5368
5102
543
2335
5664
5681
1004
1910
4089
6659
4793
7052
5240
3195
845
890
361
404
7318
7783
3739
4981
1207
2198
3562
5833
6057
2512
2570
1154
4389
3491
7211
4668
2259
4502
3336
5927
1790
2741
4747
1099
7824
4448
6497
7458
5123
222
2801
1330
405
649
3670
750
2486
5839
1270
2332
4253
382
4957
7409
3225
5076
1487
4500
892
4256
4727
4466
5904
5820
5951
2631
7905
6463
6397
1785
668
3218
863
2644
5272
5402
7897
294
6748
1081
3901
3521
1741
7804
6400
358
2128
5611
5306
5847
3904
2480
1894
3265
5047
5053
4615
2830
1060
5518
7210
2202
1553
1810
2260
3005
3637
7616
7642
285
5356
425
6543
7705
2089
7948
4451
3429
7126
2515
2822
5178
3047
7745
4382
7440
152
1623
6516
5951
1415
7774
2559
1864
3726
1454
3785
6707
2774
5644
2882
68
312
2539
6350
977
3458
1772
871
4694
2711
259
4940
4080
1056
3422
5956
3098
4128
2117
6640
3518
1148
7392
6045
1030
6883
4266
636
3154
259
3603
4652
5961
5722
3463
5699
6570
3377
4306
3525
6426
3730
4642
6900
3698
5255
1238
122
1841
3093
7507
6819
7343
5407
7372
2808
6420
5603
2391
4861
4275
3775
4974
156
2419
7829
6457
122
966
2277
2654
1535
6270
1190
1747
4355
5511
825
1590
1798
5622
6777
6499
7826
2023
4531
5690
6909
7031
7917
1654
2740
5380
7096
2783
5244
3800
2124
349
4052
7689
5272
5323
477
5362
2210
6221
1340
7610
1401
4751
7195
3420
6339
6352
5316
4156
695
5229
7115
1291
4195
7287
5144
6218
3908
650
1734
2911
1967
5888
5877
3613
2708
6890
1458
6422
4256
4139
2827
7067
7407
3164
513
6151
6549
4351
1065
7297
962
7299
1651
2036
7367
712
4503
1724
4609
6717
5584
3415
3841
7106
2094
6342
7432
2951
2910
5463
1298
6214
4191
6224
3739
4975
3643
4529
2584
6863
6359
2356
5840
2815
646
4948
735
6473
7640
7076
7993
1561
7595
7124
2182
6450
4966
1162
4582
6788
3109
3137
3909
5606
6437
210
7931
2560
6209
410
7854
5990
589
3809
340
7166
7191
3500
7930
3961
6145
5727
5910
2352
7615
4466
3066
4599
3954
998
691
1198
1879
3146
7725
2290
2342
94
5139
4577
1185
144
1610
3141
5464
4722
4820
1339
2728
6677
7304
7181
5459
5958
4055
2483
5892
2030
2407
6418
5566
2446
2493
3193
4593
6289
5237
3767
4854
5095
6307
5066
3551
2651
555
858
4621
4438
5417
2891
4411
930
86
5351
3509
5809
7037
7656
6982
3365
335
2604
7651
6471
6776
7972
5667
2147
2653
4619
6871
7723
3143
4522
2987
7932
7157
1503
3576
626
3961
3191
2896
5517
1167
2279
6143
849
7729
7673
4180
5353
1053
6799
4707
3268
2204
5805
774
6715
4177
6777
6144
7123
5209
1752
3872
2741
4670
3114
4908
699
4083
3959
560
5134
2146
5555
2717
6415
7841
1847
7894
3773
2889
1959
7183
1898
6543
4845
2623
1011
6178
3184
966
7569
1086
3330
6335
4201
6484
4568
2465
7552
6857
7108
4919
7904
5273
2344
2932
3324
6803
5653
6158
5945
4948
6915
6339
3018
6645
4027
4495
4517
8000
2838
5682
4494
5906
1367
7344
697
4122
1830
783
3635
6346
5882
161
4364
3003
3571
1735
2330
7657
2117
954
4378
2412
2792
4915
3069
2952
1122
4847
3762
6036
5822
3139
5314
7617
6365
4718
5119
7423
4622
2149
4900
1549
1728
2432
3044
5133
7196
1240
2458
1180
689
3938
707
2621
1735
4731
1414
3340
3602
1001
756
204
4272
2704
1369
3310
6068
5066
2267
7977
7194
4155
3867
6898
5381
4071
7193
104
2474
1842
7492
6722
73
3345
2167
1035
711
3224
816
1978
6350
1423
2518
897
7579
5580
6197
5921
6838
5993
5234
3440
2839
1819
5823
159
1708
6324
1510
3624
5177
1689
520
6806
5379
889
3218
7423
7050
5181
2633
5751
716
4258
1652
6421
6592
1298
6988
5894
5324
2350
2309
353
1111
2785
4110
6105
6640
2775
6639
3312
2847
3295
575
1780
5590
4130
7413
7238
3038
641
3047
3849
3260
2416
1483
7723
7705
7216
6991
2481
197
2615
2593
1939
2466
6771
6335
6010
6826
745
4413
1752
677
211
3202
5846
1947
2902
5188
4760
6780
5584
3980
2647
1469
5092
5938
4295
658
1616
2109
3834
4303
4998
6086
6695
6621
4738
4915
5530
4140
1426
2639
5941
1311
1253
905
3900
6837
7454
7216
2941
7263
7507
5508
6418
3805
586
1350
1673
6920
1688
5395
7411
5273
4375
3337
6730
4717
5746
3409
2021
4979
1174
5980
7821
4074
4753
6016
3625
5890
144
7370
5682
157
3233
6960
923
6395
4309
6732
1430
1289
3235
499
6956
3663
7181
4067
7152
5101
2635
4356
7923
4620
3179
7158
3714
5175
5540
1505
5000
1352
6439
5630
6263
5358
1410
3425
1687
5105
5163
5885
6556
7775
4609
3988
1945
1291
3714
3399
5400
6209
4857
5314
5050
6840
228
2280
609
2338
1315
306
486
3892
3647
4211
10
5374
7612
644
3176
387
4637
6795
1719
7866
2327
4446
6310
6255
7782
3488
2105
6796
5417
6679
4388
1573
737
2860
2545
373
6017
3808
3441
7169
5684
5301
1155
5985
2608
2933
1881
4755
1214
3967
6925
3653
569
1267
3143
4021
7720
4304
7223
7260
1381
2934
6034
5752
5597
1267
236
3993
190
4731
537
2996
2750
3295
761
1234
1605
4405
1566
66
6750
2818
7108
5073
2350
7414
7214
3030
6089
1072
3365
5526
4925
2495
5363
6062
5237
722
1497
3777
7755
6947
6614
372
7289
1972
7912
6117
1696
188
4522
2699
2951
7532
571
2883
7425
5106
3193
2096
3318
7478
3094
4820
4177
5070
6311
3890
7731
7518
1825
911
1377
3593
7092
3834
1427
5272
4389
1265
4641
5114
3603
2530
6412
5101
1819
5721
2476
865
3213
5401
5558
719
2199
1870
4495
3276
2083
320
2812
531
2577
9
2426
4951
98
4268
3091
6299
631
5238
4669
4484
1173
3295
6218
2090
2668
6271
4226
7688
4676
3703
6117
5598
4392
4396
4050
6360
2732
2411
6687
1075
1061
6231
6706
4215
640
2677
4509
4973
3738
6263
1186
7568
5360
1023
5291
6999
2236
574
2185
4561
7290
6795
6055
1028
558
7305
3515
1341
2165
755
169
3225
6369
2084
4104
635
239
4789
5703
4786
870
4435
4190
5661
4943
7759
2411
4749
6653
1658
5966
2346
5577
2204
3081
458
2669
1915
5766
7720
4539
7195
7174
6340
6999
931
5267
3680
4864
832
3420
2479
1568
455
6599
5169
2630
7128
5199
7619
2391
3022
1549
7027
3732
444
4927
5154
7988
4323
3197
3705
2098
2017
4361
2853
2920
6959
7208
1546
3
1607
5591
3082
3320
5679
2092
4817
3239
4484
6688
5780
1037
1598
3255
3970
4033
1966
7853
30
7052
6320
1935
7508
6824
4770
625
5822
1179
362
4488
4438
1386
2183
6760
686
1019
7818
5021
6368
4989
3947
2284
1214
7356
2748
1155
28
7169
3407
2992
2123
4959
6549
2698
3287
7128
745
2406
1615
6753
2041
2149
239
6832
6556
5197
7556
2297
504
6202
6362
7275
4057
5481
2439
7031
6579
122
7619
5551
1308
2170
7899
7840
6274
3506
167
7664
5782
3987
1387
3118
5573
5201
6049
6067
6139
2277
3442
3435
6466
6817
3281
651
7462
2286
3160
1051
343
4659
6821
6591
949
1586
4829
6300
6966
683
5896
3818
3107
236
4129
2601
5835
2912
4701
1753
825
4057
759
6975
2110
2312
4212
3625
3283
776
3694
1681
6723
5276
7950
4402
4111
4917
6930
4276
1039
688
1137
5534
7517
5823
3566
7303
4435
3282
2854
3186
4286
7361
2967
2132
5115
6412
3870
5924
1618
3706
7297
3118
2976
6418
3993
5279
6542
459
4929
3801
198
2210
7715
989
2285
6452
602
861
1338
5187
72
6888
6158
5441
6037
1812
5462
7110
2355
2012
5958
1345
2034
4211
6631
5118
4913
757
1908
6669
3145
6654
6118
6070
9
2312
4721
2561
6291
3972
3719
5929
690
6744
3573
931
2522
3680
2125
2546
7573
5848
4770
5722
4126
6741
2901
7262
5831
6664
2576
2020
1421
3539
2997
285
2001
6999
5014
1714
4851
1502
6671
5909
910
7789
7844
618
598
4627
5441
5775
3641
6574
5787
6079
4779
6825
1593
159
2900
2523
7772
5316
5822
557
455
2879
636
5729
2232
5405
1324
7137
6525
1067
4504
4765
5058
1021
509
7107
55
4512
5476
346
2308
407
4308
123
6973
3221
5514
4883
2484
3539
7183
908
5776
7996
7925
7443
7827
4141
1947
170
1598
6400
1956
2773
7609
1169
5689
223
6656
7370
26
2909
4859
3804
5089
2281
6003
2047
6934
3354
3838
3854
3320
2790
4300
7495
578
5239
5576
784
1577
883
4970
6541
3699
293
5736
781
237
3535
7792
1600
1756
79
7670
6147
739
1551
744
5841
5873
4221
4475
6671
5232
6015
3805
4240
4578
2589
3436
6687
4777
6932
3694
1883
5954
636
5514
4320
160
7839
376
1076
7329
3096
6510
4630
7626
7332
1914
4036
7528
4826
1905
2932
6537
529
7690
3084
2062
6328
7390
6384
2173
1214
7382
5842
524
7415
2605
4861
49
414
3565
7682
6675
7654
3957
6135
3606
1842
4389
4401
7964
4182
7556
728
138
1650
5154
2060
5209
1518
5026
1755
1626
7244
7070
5490
7660
1242
4441
333
6993
3792
3316
3390
7711
1609
6824
827
5584
2599
2525
3032
328
5319
2445
86
2564
1809
1799
1342
7727
575
1395
1335
3716
152
1790
914
1505
7651
68
7099
2960
5388
1819
1135
6380
5965
3415
2027
2464
3196
3289
3947
4510
597
4696
5779
1523
1720
3708
5340
4508
3925
5757
4822
6432
5863
5901
2224
3555
1504
4084
308
466
918
3688
7466
7025
1245
3890
6869
450
3109
6657
719
1285
3832
3126
2824
4724
2527
5322
6812
3689
1036
3077
1912
151
6077
5608
593
7819
6985
7700
7022
2204
6222
900
4653
6699
787
2750
2653
6180
6644
4635
7855
3163
5679
6723
5182
3058
1769
573
1863
4145
4163
3468
6279
5028
2416
7894
4700
2121
4817
5078
5419
5086
4771
4566
7864
1308
2316
1899
2917
445
5262
6986
32
1527
38
4367
1360
7033
1121
7410
3459
5404
3084
3770
114
3192
4394
2633
6023
2107
6532
5597
6194
5275
1314
6797
1076
5481
2055
3977
831
4717
6667
7727
7126
1906
4378
3458
4567
1891
2442
5690
6635
5724
3054
6168
105
6674
4381
5675
3634
682
1265
6898
4275
1292
2884
2752
2133
5793
4563
7490
7455
2343
3002
5343
6573
443
650
7789
6560
630
4509
4929
1121
7578
6012
558
7808
5118
1317
2952
3169
6911
4033
230
7309
2168
7514
6599
5353
3456
729
4592
3589
4236
1884
4577
6334
2733
4384
1343
5832
3126
7730
2178
5987
544
3352
2520
4028
7019
2339
6486
6059
4549
5747
1127
6578
4261
7175
5862
1320
5678
4671
6914
171
6372
3475
4468
2246
5531
3257
7029
2984
4834
3830
6116
2876
2358
2310
37
5647
1719
471
3313
7502
6141
7884
348
7673
2148
3378
4466
789
3268
1109
1568
5929
6732
4309
3786
868
184
1941
4358
4634
7199
3101
84
4891
3524
4557
3129
4311
3435
4017
664
7325
4824
5805
1802
5876
4795
4983
4249
6044
6171
3675
2573
5778
6041
883
3855
3702
1488
6694
5770
2643
4920
49
1222
3338
6415
1356
2289
6954
7776
2746
3649
546
4283
6596
3863
5469
4849
902
863
7275
5503
1350
6869
2646
7402
6778
6118
2985
2792
4826
4655
6143
3559
5117
3700
4511
4098
7036
7858
4019
7694
5744
6303
4866
894
3144
1044
7064
3208
1497
4403
4912
3497
4287
1932
2580
6896
4980
6016
741
7129
7896
6382
7926
4026
4930
6676
6119
4434
3763
7034
5417
957
7023
5586
5275
7368
6917
2912
1448
1740
1335
7032
1235
7984
4900
7339
3122
3076
5840
5223
1107
6125
6529
6968
3011
2370
1545
2687
3529
2566
4218
1671
1644
7901
1721
122
422
7217
6736
534
7596
3238
519
5133
4068
6131
6776
1025
4104
5086
2193
7454
22
2630
7975
6134
5284
6805
7728
3090
2865
749
937
5324
3674
5959
4939
5292
1279
7065
5493
4354
7648
5977
5019
4777
2973
7677
4700
5508
6753
5591
2475
7085
2195
4734
4370
152
4630
2766
5993
294
341
1224
1153
5700
1065
7152
6792
6575
1144
642
2681
5669
1193
2673
423
4960
2390
5116
6451
6217
6178
3106
7241
2586
5491
1942
3769
2727
374
7250
7031
5686
3624
2704
3251
3020
2710
3344
4109
7583
1428
3789
4235
2945
7355
3222
4992
5918
1174
5467
7258
5545
6519
5586
7579
3707
3680
4193
5350
388
2817
5125
2835
6603
7275
3073
3809
3732
63
2009
6902
939
6364
3886
6051
49
7579
3956
7267
6453
602
1866
7237
2779
5495
7850
4087
2717
5170
7336
4055
7360
4992
4245
6517
2841
1790
3874
6009
2393
914
4775
5044
6892
5350
1359
53
7257
3728
2892
594
3772
707
6286
7832
2918
578
4482
3319
5402
4118
7467
2003
1617
6413
4857
3095
197
10
280
870
1842
4708
2805
7402
3680
4131
3382
7973
5148
7715
5440
2556
5853
3864
2128
4806
5776
5376
1698
4913
3665
5434
5311
4980
4926
5647
5605
93
119
2841
1428
6121
4157
2380
4646
7340
7797
3766
4130
1516
3049
1496
4847
1989
1083
6074
5212
7197
1826
5153
4332
6699
1618
7378
4615
1518
4972
1747
4623
5968
386
6406
3420
6661
1023
3581
5116
1645
4973
3059
7050
3604
5940
7020
6498
3916
3289
2488
4481
3832
4886
5468
3511
5180
5554
4720
670
449
6716
3158
7593
2064
4930
4265
4115
6520
7029
5273
6580
4655
609
985
1227
721
7173
3043
4211
996
4552
2376
4988
4171
1045
4667
3705
7342
2537
6831
884
5261
3537
3205
3349
633
6436
5460
6851
1669
6603
4473
4327
6410
77
4572
6684
3116
5551
3465
5725
7630
5683
2611
4295
4004
3455
1240
7173
5695
7157
1603
2039
1038
4933
6555
3568
7761
5349
7049
7549
3775
5038
466
6573
6534
1144
6200
1049
5564
1552
2953
2580
2032
7938
6739
1315
3983
152
4019
6826
2279
1782
5450
5359
2535
7806
246
359
5377
173
3836
137
6073
2215
6133
2801
7065
4464
5227
120
4569
6093
4528
7658
7067
2664
4733
2697
1557
2791
470
1146
2287
565
3920
6657
1
3310
996
2340
1692
720
1860
6447
4190
835
1989
3138
3776
5239
5661
5036
4402
5433
6847
1682
4825
294
2518
3635
816
2389
4022
1889
6463
7021
1225
374
4967
7622
2988
2546
2869
1643
3320
4433
6922
1230
1203
4149
7915
6999
3916
1423
4715
316
557
1196
3887
1836
2289
5093
7519
4897
3374
2489
2552
3918
6552
3880
942
7250
2560
5989
7190
1881
1028
7746
5646
2488
5720
5126
1570
775
7737
7580
5316
1572
3793
3854
5254
3529
1731
2890
2890
7936
222
2829
2111
7972
1647
5768
5615
1257
391
3980
27
2063
3354
5559
5139
862
5943
7784
5544
5854
6387
5880
5709
5427
5506
4085
374
1885
1161
878
7272
2
5834
4578
2768
5043
3322
2033
5650
5610
7360
3941
4224
6483
7655
4448
931
5979
4080
1606
4309
87
4360
5810
3439
2674
117
1974
6150
3789
7519
4196
6643
3433
6098
2790
2561
2608
6207
4474
4284
6071
605
7341
7246
985
1182
2967
3572
6288
7817
4037
2754
2359
7067
5675
6293
3898
5373
5443
7921
4244
3629
4946
7529
3624
1492
3193
6810
6510
2151
5840
4165
4050
2160
3764
5539
4779
5624
15
5246
1141
3160
7494
955
6801
5257
1045
7191
5481
6858
5603
90
5797
5635
1795
520
7037
5713
3437
5518
5121
5720
7974
3405
4426
1256
1199
3826
2581
1480
2483
1813
6711
1526
2232
190
7879
7131
6864
1479
5725
6010
2646
4922
6842
1548
3147
3781
2567
1123
4760
7665
3202
7656
3911
3268
4276
6020
7758
6894
5436
6585
3187
6543
6684
2714
5470
7966
7653
7878
65
7357
7315
4390
604
3447
4134
5626
4081
6595
3895
2614
3435
804
3909
5973
6708
5899
1603
3779
3444
5721
2179
5369
1989
7550
3558
3385
7741
7529
7489
1648
4032
4671
197
4964
792
7960
7009
729
4909
6424
1531
3954
6682
3527
5534
3306
3969
6288
6508
7210
1514
3231
702
1505
3547
741
2410
6117
3432
199
719
3502
7841
6915
6425
5790
2994
6317
7211
6908
5374
2801
1714
905
6407
1051
2266
4096
3284
2989
7113
969
6851
6261
1510
7837
3144
4313
4667
2862
3471
90
2626
1826
7057
5308
7500
7929
6640
6831
4990
4233
4186
2250
7832
172
174
4800
3795
5959
542
2585
1868
6065
2740
6444
2712
7629
7212
5886
6020
7716
6130
7234
3209
1650
2473
5236
122
1901
1722
4105
5911
4007
5560
6281
499
750
1613
650
3446
7569
1612
366
2428
5876
6013
6481
3289
7234
4347
5255
778
930
940
3729
6831
4980
7125
6353
5729
7969
4727
266
6024
4710
2845
1790
6836
2191
61
3640
3632
7430
3750
6326
117
4188
5985
5168
2819
2244
3209
4415
3042
2128
5474
4538
2543
2386
6929
26
7560
6457
5133
3927
973
6950
750
3994
2715
714
2623
2526
4715
251
57
6080
5623
2
6873
6400
6115
889
3759
106
5605
3434
7428
314
2781
7510
6657
1333
5664
5395
2
3465
4532
7205
4099
333
3560
7066
6033
5595
4843
5385
1015
4218
2323
2838
2180
1708
7460
265
3381
961
6894
2322
7507
6949
4753
1357
6095
120
3534
6174
772
2454
2279
5728
5406
7218
7569
7532
1578
4028
3103
6927
4027
4523
6748
2138
4073
1395
1675
7210
2073
6407
6830
1327
3446
5482
1022
7133
716
935
6948
2646
7961
1268
4333
7250
4184
1120
4526
4821
5103
6731
4931
4518
3383
2683
3517
5931
10
6328
3224
6072
273
4100
4041
1812
2304
3115
3011
302
1646
3896
6439
6849
4272
4078
204
437
5929
762
501
5575
2576
5785
3900
1652
5867
5530
7267
6294
5210
6726
6392
6859
2525
7688
1605
3283
1437
6511
4238
5293
3007
7631
2540
6722
5687
3708
6428
7315
1076
7870
7250
1448
4955
7621
7117
2498
4516
1978
753
3930
5142
3299
1659
1046
2298
1656
3838
5738
3012
12
788
5250
1974
5467
4962
227
3827
6405
552
1475
1820
2957
7124
324
1419
4365
1010
6935
5167
3256
2299
7886
3056
2364
3726
3586
2613
7319
1025
3358
1127
2134
6344
229
4636
3316
7029
2639
80
558
7062
1295
7991
5943
5117
6726
3780
4013
5207
6218
3827
6499
2130
3542
3910
3280
4167
544
2337
2644
6238
4667
5761
7148
4825
4090
2599
2517
7680
5961
3180
3623
2229
5765
144
182
2707
5616
4857
7607
752
742
4975
9
889
4915
1307
7772
1394
917
7589
1674
5088
4256
1092
6050
1424
7108
7123
778
151
7322
2209
4367
2699
3380
5369
4968
7908
1101
1644
2489
2889
6005
261
3105
2693
6645
5428
357
1758
5505
4798
7261
33
2213
7716
6739
2088
4204
5628
2857
209
6828
5711
3816
5772
7903
4460
7218
1434
2537
1484
1186
3009
1864
5642
1942
3292
3581
115
468
2614
7066
504
3821
5200
6717
4934
3579
7928
2354
2216
1027
5245
5743
7959
7443
924
5935
5841
1643
462
3517
6150
1253
7733
6506
4118
7849
3342
631
4626
3651
5411
5042
6853
4217
2117
2250
5879
7216
4341
7596
5363
6820
4838
4840
1850
1253
6595
1453
2696
7540
1565
6692
3144
6353
2679
7878
6918
1839
3887
3757
4254
5111
1942
3720
867
4911
4711
3813
5941
6718
729
808
2520
5998
4120
5658
3862
5378
4840
3655
7356
3776
2445
1216
5911
5200
7207
1514
3460
7955
1953
2386
1998
1901
1047
4815
3268
3364
5950
7355
1013
6801
3752
2029
7217
5585
1467
773
39
1702
1813
927
5396
1652
7634
7919
6246
2166
620
5451
2332
5079
1374
4891
3172
2271
1146
5191
5444
7713
2498
5456
3817
7415
7003
2652
4467
1304
6762
2885
2683
5315
919
3699
3479
6043
2867
7406
6634
3251
182
6921
6076
3762
640
4958
4334
7141
7371
3357
6015
6956
817
6615
1776
3196
905
6171
2453
2608
2268
5036
2502
7449
7677
7743
5962
943
3954
4863
273
2370
3742
5971
4179
7012
7247
4714
6917
3656
251
4487
1356
908
7224
916
3546
4113
653
258
1663
1065
4197
6375
2379
6890
4551
2602
6398
5957
3096
1620
2054
1604
6924
2070
1259
6911
6011
1504
4666
7734
658
5910
4170
7820
4378
4444
4432
2547
2371
6053
1756
4724
2638
74
4315
2559
3571
6551
3432
3475
4059
1511
1730
264
7065
7567
1859
7758
1838
611
1737
2812
3867
7969
1264
5541
4931
4789
7950
3315
659
2098
5783
7775
7741
7376
5058
7894
4228
4268
1694
4221
3038
5395
2642
3833
