3061
770
7599
6039
3933
5078
2518
1219
3243
7614
4538
6204
1616
2143
1048
350
7221
2690
2726
7453
7920
7873
3793
214
2700
4871
6658
2200
437
3811
946
600
5034
2759
1243
1451
6441
7318
6394
6036
4500
4955
3771
5016
2001
6869
3005
3448
3595
3224
5141
6827
3114
3039
3899
1724
1308
30
4359
6252
6128
6143
2984
603
2669
3573
6188
7878
1574
6982
5630
790
2253
6708
1564
4489
5984
5777
1294
2461
5592
6401
3331
320
6369
5623
1997
5774
2790
2552
3755
4689
1314
1293
309
4118
1811
198
1722
2166
7996
6012
4445
2054
2212
3962
5049
6397
3829
5118
3516
5587
6202
6002
7684
3574
4173
24
7983
631
2573
6148
508
6197
998
1066
4261
3088
5575
898
7203
7583
6954
6611
5881
3244
6373
297
3009
4083
2416
7703
5471
2143
5289
2509
6701
6613
3922
5331
4990
4369
2762
967
2626
4650
4791
7280
4188
2891
1776
6564
7939
3682
2270
4296
4655
5285
998
7629
697
324
7860
3132
6837
4342
4936
2038
7897
4755
3493
4865
5630
4596
4643
3321
2759
5506
4168
2522
6974
5051
4336
4600
4012
754
4161
6478
705
3954
2765
5030
1255
2728
2543
1407
7504
7636
1196
2549
5781
5120
426
1526
6520
3526
7048
2534
5248
14
7793
4580
5315
2501
3231
5180
2795
2049
1789
4861
1337
3069
4705
974
7084
6793
6853
3193
4282
3
1860
7722
2442
3018
5391
6571
5143
1418
7245
1180
782
7448
1806
2608
2038
3760
4210
1440
5958
6548
4187
4348
4431
3880
6316
3730
5779
7969
1076
3201
7296
6954
6302
3151
2781
6691
2965
2454
7574
7891
4797
3409
7712
1175
6433
355
6018
2194
6760
2826
5514
542
4599
4432
3665
7595
6978
2685
4813
560
2688
5518
6715
2997
2315
3114
2357
7572
7819
6945
4772
2716
5626
5186
4112
2148
5938
90
7616
3779
4430
1008
4926
3153
257
6491
6601
4154
3083
4396
534
770
635
5973
6150
2803
433
1401
1532
5412
735
6393
7542
7104
5840
2800
1670
4309
6454
743
2171
5539
813
7036
919
4058
1027
2641
2081
4013
926
2681
3526
7248
5821
3837
1189
212
3776
7064
5073
6469
6698
2469
2946
1668
1750
6942
727
7713
5507
5872
2851
2069
4032
3405
7501
4134
1031
4734
166
3352
6019
2808
2855
6623
1938
7893
7325
2596
3437
3002
6490
775
4371
5564
3563
1159
4461
4476
3135
4720
7150
3453
184
6250
7000
2988
5953
6555
2705
2150
1204
7230
557
2669
5776
1187
4874
961
3675
6441
2159
7474
1066
424
3428
7933
7774
1449
2356
7380
6491
1795
3662
4468
6457
6026
837
2266
5334
5382
6537
5027
6237
5918
5458
2533
7997
3646
7862
2438
6166
4605
2543
2585
7464
5833
4181
2150
6082
1249
2036
975
205
5621
2142
1845
94
7639
1707
7625
2645
3038
5272
4740
2917
5101
5888
5517
3647
2000
461
7589
2904
3930
1181
855
1649
1801
6977
2553
7239
2518
1513
1459
7845
974
1514
6355
845
3218
4382
6624
2240
4157
3334
3635
1359
7812
1929
7377
136
1151
5360
2243
4701
5403
3738
833
7567
5350
496
4346
3633
40
1788
220
1477
7041
7147
7159
7395
1868
4969
4112
1147
4146
4690
1120
3037
7502
4707
5087
370
1911
3185
39
6416
6678
7715
6720
3561
3111
7407
953
5158
1933
6535
6428
5534
3698
2701
1292
1633
2780
3837
1618
4951
1066
103
594
1234
7345
3461
4428
4751
5022
345
2269
7095
1116
6585
7867
4785
5398
3359
4740
3840
3075
3771
2233
4406
2000
212
4627
3959
5944
2516
3248
3987
1716
7688
2235
6963
1540
3253
2347
4191
2745
2273
432
1772
2038
3794
1175
3640
5573
2693
4819
2138
431
25
2091
4289
2917
6169
2305
7216
2710
2009
2317
4480
3077
5466
5349
5382
7319
4280
1128
1343
3537
5722
42
98
2039
5786
411
7658
6154
6647
4032
6084
5968
7065
2130
7881
1764
2108
4718
2749
1732
6168
4725
3739
4722
2966
2384
5069
5370
126
7753
7540
80
5574
4300
3005
1380
7022
2530
2950
5254
4446
1893
2896
3627
581
1902
180
7639
2660
5938
4139
3828
6892
2483
6368
2475
5650
4311
4208
2489
587
2362
6960
7794
381
6235
2308
5204
5441
5657
6969
3799
6296
4968
7402
4117
2863
6617
604
5058
7704
261
1689
7483
5956
6029
6795
1568
7845
4823
2874
864
4803
3647
2671
3352
3424
335
3039
4632
1799
7663
4505
1236
4719
3074
3720
6940
2152
7567
1541
6810
5224
1048
2945
5316
1362
3273
5541
7992
49
1186
5208
6249
5740
6095
1043
4734
3504
5729
3358
5766
7092
3693
490
4159
3027
1046
488
6170
5398
1905
1135
6565
4592
2987
7694
7123
3031
6680
5500
5809
6352
7349
1539
5907
7605
1430
6987
295
6056
5049
1583
2315
7189
6596
5686
1542
5781
4375
7450
2689
5447
6781
4149
4837
62
4089
7095
1239
3331
4187
5826
3078
256
7726
6207
2143
5692
123
5006
5302
7059
7715
3763
2792
1902
6908
7652
3899
5043
2960
453
3385
5567
7831
7035
561
6474
5052
4938
754
3796
2176
3954
6770
345
580
3168
5925
4521
792
2807
661
695
4377
5055
3909
2571
5474
3307
1628
3753
6127
7045
2435
4677
2982
1142
3957
6343
4855
7236
600
5087
2884
4689
1565
409
1974
2898
5630
4879
7324
6480
3186
5637
602
4059
4496
410
6145
3258
294
2497
1633
2705
2013
800
5274
7114
5768
5548
551
7313
3729
3885
4096
4450
4493
2035
5124
4178
7719
6087
2164
5796
1483
4095
1991
3042
4007
6052
4240
6678
55
727
6418
3497
7587
5156
2346
156
845
5706
5191
2150
7603
6606
1018
2072
6739
1634
1767
2997
5058
632
5876
5404
2001
4529
1
3666
2959
4530
382
7630
520
1788
4221
501
6009
6959
3810
1915
4887
4687
1690
741
2830
3480
81
3835
4360
7077
6544
1252
5536
2516
5497
5677
7346
1801
394
7021
4485
453
7780
7790
5914
2879
2341
2812
4927
3972
2396
2183
1402
6435
2306
7374
7131
5987
1571
4747
1272
817
7790
7931
2287
2191
657
5613
4178
6141
7467
6185
4237
1353
4712
7836
2623
7637
285
4797
660
351
6960
7407
7102
7836
7024
6335
6952
626
2817
6207
2721
3027
2860
3559
3892
5314
7321
6309
5786
143
3550
5441
5708
1088
3684
4545
1655
4108
2777
6288
4374
7322
2409
2650
6736
5471
3124
4500
6709
2693
3843
4938
6000
582
3175
3287
7168
1502
7395
4224
3072
6978
4362
6002
3949
6833
3827
4992
3820
4143
900
2991
3766
227
94
6274
4781
950
837
6225
1339
2269
1326
1934
3335
6678
6196
5566
7620
7569
4767
2552
1052
2457
150
1541
2826
5657
2270
611
4245
1625
6548
1789
1239
5925
2155
7297
2271
1929
3835
4617
1481
2741
3871
4893
6740
2546
6281
3888
6288
5187
5423
45
204
7929
2055
1834
5256
1229
2797
1777
5516
4640
2892
7638
1258
4539
4978
1804
3529
5886
6087
5421
7782
1920
1971
6254
5425
5901
2695
5958
6118
5363
5123
6711
27
5003
1069
6091
7187
5508
5078
3270
1127
3162
6330
7113
5809
3838
951
1738
7563
7141
1236
5099
2085
3083
7812
2443
1781
4832
6865
6497
564
3964
2235
2632
6272
6743
4139
550
6141
2764
3724
4736
3180
5081
2167
2517
1370
311
2857
6799
1401
7810
4347
1231
3157
3541
206
5725
4149
639
1340
5913
1911
6464
3139
4412
5339
3871
2912
3558
7421
2300
4276
6097
4336
2964
2996
5907
1670
1342
4507
3121
2444
6347
2673
3403
866
611
6093
7754
2750
2365
7093
4593
3592
3393
3630
219
4046
5725
408
7567
2672
7143
5435
2903
7010
4822
1047
3106
1615
5058
6884
2531
2883
4457
924
5793
4286
1491
1722
5750
2820
4968
2655
5457
5465
6570
7144
1386
5240
5566
6700
6935
7745
2783
5122
2356
1651
3334
1203
5430
7517
6090
2366
523
1168
1004
4491
3478
2599
5484
7907
7231
5333
3973
4329
1678
6947
3674
3845
2270
4023
6561
4708
6746
5180
2582
3980
1461
5797
3222
1811
5247
7287
6431
7380
3317
6223
394
3684
2322
4733
6344
4790
2006
3359
2187
6651
7573
5674
7762
5458
7754
4290
77
2219
4767
3885
2550
7992
6626
5592
3654
1550
2366
860
6073
2596
4793
7301
6194
7628
6219
3499
7334
3335
1392
3607
2357
5709
1590
4437
7240
2734
1686
5781
5099
263
7886
1609
2492
2985
5382
6670
3492
3254
7359
4659
2113
2104
1175
1019
6809
3093
3862
4206
4489
7931
499
2922
2393
7271
5455
7307
1593
5901
4663
3017
4807
4940
2075
987
3684
4735
2268
6595
1424
7513
3706
3547
1102
3955
5457
2106
4818
7118
7785
1316
4109
7897
4457
2045
7132
1259
5248
267
7745
1777
2329
6434
7166
1663
6347
3361
2922
3924
7894
6805
1023
3275
7940
4931
5904
1103
5330
5231
1735
1915
1404
2348
1378
6661
7509
4846
1687
713
4867
17
7399
6728
4704
2696
7839
5142
2937
3604
3448
4985
7100
2630
6090
1200
2865
4823
2702
924
846
4269
3573
1636
3730
607
7715
2424
4088
4985
5945
215
1764
7347
5751
2214
3194
529
1702
4145
7848
1956
2984
5020
6264
3617
5065
6786
4226
3048
3619
5886
5354
6099
1473
5949
217
1028
2556
4266
2009
7359
4117
7452
5350
3432
621
1390
7262
4936
7223
6099
6231
6310
2226
4132
7323
3914
1337
1327
3246
6485
2077
5967
1830
1274
4960
913
4419
2748
4870
3002
5012
7967
1898
2636
974
5604
4862
4018
3873
6649
2828
6301
2563
2341
987
1240
3288
1285
3728
2432
802
86
2498
6743
4575
3771
1234
7699
3081
5496
4238
7090
4395
3803
4475
5439
6399
297
2667
2771
3918
1134
219
3247
1166
314
5041
7481
5489
2420
4240
343
587
5731
1499
5191
1379
6928
7441
7976
4262
1104
1141
2866
1469
3940
570
6946
6671
5774
122
1608
5164
2073
2697
5700
5286
1935
7596
1171
4155
5476
5412
5067
1323
2600
3992
6383
2872
4713
1248
2956
3635
710
5090
1933
2742
1820
3381
5729
7373
3057
5735
503
5600
3367
463
1158
1885
1344
160
6118
3972
4609
587
2546
1032
7361
354
7449
6953
5967
1753
4079
5427
243
4479
3889
510
1185
7889
2839
4835
458
2793
5011
468
2225
5395
7025
377
2673
4610
1800
5430
7317
66
7174
6652
7507
4308
2324
1569
5073
5702
1308
882
2976
1971
1585
7785
3087
2262
4078
3562
7926
603
1579
5906
4062
321
5844
4497
6289
2285
4943
3848
6197
1355
1153
6024
7467
7363
3519
2507
2928
1767
2914
7111
1219
1695
1231
2069
3088
1556
3304
5444
5250
5315
3389
2937
3139
1992
5602
7636
7524
3429
2149
5399
506
5928
2598
6750
6642
290
1109
216
3910
7085
2127
5850
7580
7989
3613
125
682
4274
7642
5610
2454
6136
1952
3485
7964
4387
4136
315
5201
2010
6233
3197
1924
699
425
3875
1109
1473
4229
6977
2502
7330
5159
7169
2105
6347
7707
6619
3060
922
5515
3178
562
7835
5167
7859
7525
6777
7248
6635
5582
3660
1203
3209
2341
4592
6575
6199
5740
4978
4096
3368
3944
5267
4312
6143
5639
3332
7425
4782
891
1400
3535
6472
7517
3692
5502
1744
3199
7104
1043
1634
2651
4709
1775
4940
5550
4416
6554
6460
3384
294
1160
6773
4606
4800
1424
4357
6766
2097
4557
4397
5731
5134
7414
317
7502
6794
5278
374
376
7725
4503
2567
7940
2354
7588
4386
2283
7613
7662
4443
7852
7922
7100
2368
2896
188
807
7860
1076
5642
7928
3444
5990
4671
5803
7776
6035
1211
4027
5626
4860
686
372
168
2555
1597
3310
2215
6575
4509
3406
24
3783
6898
3984
135
265
7889
1829
4147
5402
375
7189
7490
547
2311
6138
6340
1993
1492
5572
7157
2635
6486
7218
3279
2134
7364
2013
7395
3957
2746
5091
2652
3602
2049
6815
979
2967
5229
7031
7970
1252
1011
7904
4474
4720
2455
5021
7625
4003
7092
2803
1534
7612
3657
3961
7536
404
3682
5947
3789
2742
5159
3447
1337
5427
4157
6724
1464
1707
5361
1095
6067
6100
1095
4218
429
3012
6552
212
4361
614
4223
5139
3315
1719
4748
4817
3583
6106
2828
3901
4277
6018
1861
3150
1261
4530
5143
6709
3142
7973
2581
1664
7946
7543
3578
3256
697
182
3139
5398
1678
1761
505
2224
2190
2371
1372
4036
4986
4745
3897
6549
6091
290
749
2690
6837
7190
5581
6329
2973
1141
3000
5246
5442
3084
5148
884
5586
83
4706
1507
3601
1504
5651
588
3531
5273
3931
884
7559
5971
4093
2762
2353
2699
2890
2861
6319
1508
5180
2701
7008
1961
7284
2604
128
2133
945
6594
4306
4550
2218
7916
7631
4557
3739
1440
6568
5432
2783
4243
430
4395
996
6574
6226
3056
3959
627
3627
412
7311
7739
2060
28
617
3058
2226
1895
3806
4218
771
2244
4979
6954
7528
7759
1106
1451
2797
2713
5381
3305
1771
5576
4273
5998
3526
6210
4113
5
681
4954
4086
3036
2852
824
2621
944
2564
2716
4794
1026
7497
7804
2276
4336
3177
2220
2461
2147
1427
2506
3650
7270
1686
3908
3760
6934
5981
4666
3904
226
4064
6597
7702
635
435
3908
6274
93
2015
3489
4246
6760
1395
1173
423
6062
3199
423
2490
2123
1650
2206
7591
6500
1247
6937
1016
3083
1167
6342
3522
7990
7575
3083
7010
3956
6890
4707
2155
783
2876
2220
4306
5787
2472
4001
3500
3434
5606
3236
6459
3841
1722
7410
3937
3717
3936
4908
1368
2145
1337
303
4867
1173
5173
3439
5390
2071
6265
444
4390
3264
1402
993
4538
6085
224
4795
6969
6204
2328
5058
2598
4548
6040
2645
5952
2206
7517
5658
968
2528
7645
7650
1033
5103
4811
780
479
863
7026
362
3232
4725
1720
6307
3041
6015
2264
7468
922
5794
6630
6766
6453
3129
6626
497
2457
1603
4381
3201
1964
3930
4658
4615
5778
2928
1563
7352
4900
3514
6237
5173
6708
2240
3894
3924
4809
7023
5821
7344
1975
6877
5854
7293
5805
3613
2820
623
6483
5288
2689
1816
5285
4121
7122
7627
537
3809
1935
1986
7343
2810
6734
6675
5071
3127
4180
3092
7446
6729
4467
927
5322
5135
5597
525
4254
3990
4532
1377
2955
2892
269
2559
2830
10
7638
5445
7741
3656
5252
2325
2447
734
7806
7421
6933
6679
4953
735
409
1611
4738
6582
6294
5328
2862
5051
7518
7772
24
4611
4492
4041
7082
1818
4350
7993
1876
6581
1907
7624
2260
6426
4020
7574
3405
846
5874
4890
5856
2463
3331
4582
6200
3643
4460
3948
4582
1271
1485
2218
599
3814
4106
3388
2831
6174
2668
6662
4128
496
5416
6009
2282
4017
4668
7277
5039
4244
4750
7345
1907
1947
2308
67
3544
3960
1682
5549
7450
7388
5946
664
6218
2333
3009
6973
7765
769
2736
6206
2441
1046
1367
3114
6064
6007
5535
7189
4408
2794
6843
1558
1374
2183
2212
6971
3007
208
5893
6594
1874
7262
5619
7350
1449
1091
6406
4182
1448
7099
5222
7652
3068
1586
6918
1450
5114
1572
129
1736
6251
6970
1750
5262
4704
7877
4728
4286
2542
7458
7508
2668
2761
2810
1711
4904
3016
5094
7224
280
7393
3508
5680
6971
2039
3821
5073
4019
5989
5164
1711
3122
21
6837
1305
1755
5843
1345
5875
110
1744
2123
1084
5510
936
6085
7188
1755
5814
3184
7201
6944
773
2414
165
3833
6529
5718
3216
7272
7777
3243
5697
4833
7727
3010
2347
5628
6693
1420
382
786
6694
1231
5658
4231
442
3534
6895
7071
2676
3739
1195
2757
2172
5921
6288
935
5251
7004
2774
577
7259
152
6606
6803
2027
1322
2632
3756
6129
663
3419
6288
2449
7885
438
7515
930
6858
3385
1770
1946
3363
4567
1628
1770
3903
3340
1662
7309
1848
1164
6608
1166
3755
4339
4997
3007
3302
1525
953
2237
4273
6985
6330
6019
2584
6131
6170
1025
5881
7782
2241
452
4405
3450
6238
5069
4943
7379
5042
1461
4334
6931
3021
3459
4480
2440
5697
1147
6110
6379
1476
2018
4830
3535
7824
6429
3145
880
518
2870
3264
4843
6995
5820
6056
1500
5417
5312
1337
5138
3885
7736
4250
5422
4544
6230
5507
7180
2379
6972
4370
7260
1243
6283
5935
5492
1146
7951
4686
4796
1264
1638
4145
3298
5761
1979
2440
2941
1143
7543
4250
3704
1130
7070
6386
370
359
7766
7041
83
3365
5389
6380
5166
4666
3963
897
526
4305
4616
1355
2627
7347
2540
1872
5866
5581
7463
2559
4363
6799
275
5537
4721
5090
3988
7928
3352
6085
5231
3111
3622
4873
5242
5536
6799
2947
7656
39
6512
7012
1940
1393
3263
7834
2146
4053
3390
7856
6646
3685
2228
2310
7635
2709
7500
1768
4803
5449
4734
7034
6042
3642
3902
4999
7048
2302
98
7446
6629
316
5314
5605
3600
3843
2257
242
6091
3343
4643
806
550
6391
147
2559
7537
6845
5818
1305
4148
4678
2967
6250
5554
6017
5421
4592
3192
277
909
6121
3321
4148
2540
7031
6656
708
4399
4910
2531
6236
2602
37
4028
6580
6501
882
4011
4616
4564
6334
1180
5556
707
2943
636
7401
792
5651
346
5868
2159
2623
3185
255
2172
6600
3470
3635
6949
410
284
5279
6912
4747
1807
537
3844
3644
4954
1509
6787
5719
4379
6755
1918
7391
3499
2502
211
2303
5689
6903
4836
3315
2989
6941
6816
5494
911
4787
6258
4185
5079
7320
1012
7589
713
4910
3030
3751
6171
5612
5858
3531
1235
1949
5104
3536
1744
2772
258
6263
3001
2060
194
1285
3170
4819
2978
989
272
3311
7303
7665
2347
889
6209
1598
1635
5086
7567
1602
947
1226
296
65
3385
5795
4076
7994
7244
891
1150
5116
1415
5328
1074
7140
5451
3801
2707
3410
6114
7314
5136
7067
2719
1747
1096
1279
1829
6989
4088
17
491
844
3804
4869
1695
5500
5574
6259
1786
6596
3754
3552
3381
3272
2478
3936
1573
5361
3076
7141
6697
5200
70
84
3693
1609
5453
4476
7370
783
1428
2609
1064
3579
1927
7987
1871
5501
1184
1416
397
28
4195
6163
1545
2983
2686
3837
4668
3304
5156
2986
5415
3393
2037
5581
6092
6459
6306
6472
3992
3553
155
3903
5985
3825
364
1959
432
3297
471
3532
2015
2780
319
4658
4499
4884
3546
4482
2714
6221
2317
490
6546
6490
4975
5929
1474
653
5887
6690
510
7005
2642
2336
5252
2874
3778
5058
1025
995
2407
5354
7735
2854
4031
3166
3199
6586
417
1262
7850
1573
5780
5078
379
2785
6095
383
1886
4909
1845
1386
2949
7806
1309
5077
4096
548
587
7753
5700
4248
4425
6949
4634
7794
1778
7776
2963
3527
5821
676
7937
5468
7898
3314
5803
4578
173
4968
3749
6377
691
4022
3188
750
2124
4719
6019
942
3749
2938
6187
1428
1094
3332
5225
3091
7781
3975
7466
5338
6615
1388
765
7058
3535
7460
1194
1108
6304
764
7969
3494
4730
3998
992
5867
7008
92
4045
4440
210
6819
3767
1545
4028
1182
297
2909
6507
3003
597
7546
7060
7259
6170
6245
1826
6719
5336
6965
5514
6356
7585
20
2631
6427
2146
2227
5569
864
548
615
3815
5049
650
360
870
1280
5173
3636
6641
1642
5498
6427
645
6086
7579
3191
1597
3360
6826
5324
1307
5141
7410
5103
3517
3917
2979
6123
1902
1783
5396
5968
3878
1030
6394
5070
3178
2482
6684
4242
1355
7613
7813
2265
3451
60
683
1439
4364
259
615
1708
170
7251
5407
3940
6134
1572
6734
4021
1679
1853
1215
5209
1808
5381
4603
7000
7942
2260
4013
5131
1157
7371
4184
4018
996
6015
6935
5795
7691
2739
1547
4626
4207
137
1684
812
1943
893
3603
1039
7650
1868
5203
626
7840
3851
6810
6345
2866
7937
2150
358
4229
562
7717
5184
3709
7565
3810
6499
5096
3063
7760
6300
2261
82
6486
7859
5541
3755
5929
4961
1211
1136
1691
359
6860
2618
1941
1049
5044
7630
4258
2003
4342
4243
2098
3332
4486
1969
5885
1264
144
7515
7270
6884
2736
7817
84
4504
4370
5952
7485
2863
5158
1310
5672
2821
4804
5251
958
5318
5561
1548
6140
5453
4208
6226
3879
3391
806
587
7840
1692
3742
3160
2683
7347
1467
1445
6465
2812
908
1760
4394
6463
1398
2647
2231
2762
6300
7111
4089
5432
1262
4909
5450
2407
42
317
6961
7390
915
151
2688
5221
3206
1111
1965
6900
2897
3226
478
7634
1477
3879
5191
3690
2458
7478
1914
7181
7983
5793
6704
6827
6565
6781
5454
4385
6251
3655
6671
2202
2593
4972
2985
6360
1025
535
2142
5895
89
4148
1445
2312
401
2427
2904
782
702
498
7535
5555
6115
1073
4677
6099
7920
3169
5340
1212
5760
4958
3151
310
3838
1848
3643
6521
4281
2784
7347
1084
782
2290
7191
6140
4944
1198
3
4376
5658
3480
5957
7534
4621
5759
2153
313
2796
2172
1661
271
714
6714
957
565
3900
1399
1002
7652
6361
2225
7972
2971
538
5729
6567
4760
2613
3217
2057
5940
4376
6355
3732
2170
4051
6367
4445
3975
379
7312
2446
5807
6513
1180
5681
3611
5781
7907
205
3713
5642
6766
1789
1950
7877
3179
594
3995
2348
7678
138
1338
5671
5840
729
3013
1492
7637
1877
6077
4467
2444
6361
1147
7018
993
3083
5329
589
3039
4756
7562
4243
7357
6070
6373
1307
5957
6853
218
3703
7580
1697
1923
7023
1584
2915
4981
4426
7647
3320
4986
7621
1159
4397
3299
5560
1365
585
4891
6180
4234
402
2261
19
3797
6679
3424
484
2993
7112
4980
2378
2520
2821
3051
4771
2673
1759
2071
1826
6471
6166
3262
3000
7974
6230
398
3079
5830
7080
2218
5281
1793
2519
7722
5264
6489
5143
7446
6208
268
276
131
1214
3082
7978
5458
2979
537
7020
3725
905
7079
4191
3133
221
3650
6595
2520
4958
2943
6477
37
238
1870
7032
3644
68
441
532
5689
7867
1133
3469
2549
4338
6406
3412
2739
2083
4847
44
6737
7584
3651
369
6543
3206
4942
1177
5696
2983
6180
7003
5507
33
155
1779
4919
5686
7299
4380
1143
6033
7423
2346
6966
3874
7848
3307
838
4371
6525
2164
355
87
1121
6354
6377
4936
5444
4773
7371
2716
6831
5727
1415
2088
3107
6686
211
6765
3298
7169
4268
6603
999
509
5333
6667
732
627
2128
6821
1465
6282
884
2175
7140
3697
4377
2266
3847
865
4851
6709
6965
337
6409
4014
464
6778
4124
4289
41
3928
2293
1604
4776
868
7262
1719
1728
5955
3681
3261
7688
6030
4058
7888
7213
1540
7277
1327
3632
13
576
4435
6549
3115
792
2147
338
3884
2604
7942
425
1141
4868
2580
1651
3580
5512
2473
2587
1153
5697
7172
1395
1387
748
6596
6185
152
1471
1274
7226
7337
7470
17
679
6613
2621
6000
6615
5716
4639
5960
323
5183
5130
3493
6191
385
4276
4557
1284
4530
6926
660
27
6869
2869
865
7848
1920
5457
6486
2254
209
1992
6221
36
5707
715
4375
4640
1471
3094
7987
3931
2465
2272
1567
5507
4861
3507
4862
4961
7840
7115
184
4245
2338
1487
756
733
4966
6206
4451
3440
1136
4698
1408
5775
1819
945
2611
3343
2211
2917
7031
4931
7723
3477
5723
6055
5852
4308
2400
6336
3274
4496
4671
6221
4412
5584
2901
4971
1789
1363
1505
3822
137
1359
5321
3186
6996
5934
3657
6009
5730
7594
2220
1172
2643
5893
3409
3027
586
7839
7355
5008
7076
3531
6885
1920
6498
1784
7707
6370
1239
5885
2941
1773
499
885
2160
1463
6686
6678
2392
5106
6248
6322
5941
2961
2189
206
268
7120
7963
5307
5450
6281
1402
7644
5596
7346
129
4597
6980
1004
1578
7661
3710
3559
3920
7495
4240
4174
1045
4903
242
17
6712
6409
6604
5066
4891
4770
4783
4763
1250
3995
782
6986
1785
6786
7262
3315
5108
1150
3419
168
4882
4189
3912
4718
5377
516
4997
7157
3601
1660
5863
7862
2088
7283
3137
1955
2784
672
4822
6875
2193
5866
4368
4909
480
377
2722
531
2321
3244
3878
4342
4178
7984
1991
3708
1156
1360
5926
2779
5396
2351
1428
7532
3818
6974
4350
5773
7632
1065
2196
3766
3196
4081
3372
3949
4625
1966
2960
7626
3509
3127
2217
1500
4984
6398
5597
4991
7043
5933
4357
6104
7007
5422
5752
1920
4025
2969
480
3631
2500
5321
4587
3677
1642
4002
4604
7560
6626
7869
6876
7890
2813
2113
1375
3498
7734
4679
5268
1223
1130
5928
7564
7403
3356
5996
3310
3112
1708
5085
5259
2096
1188
543
5789
7187
798
5256
4685
6845
760
4950
4082
3854
3706
1688
4079
5852
7531
3542
7440
1693
3313
6238
3027
3528
5403
2051
7894
1102
4607
2751
713
5788
4283
3083
5175
2513
5262
596
2150
3299
4642
1280
5924
2542
7091
4417
5816
7829
399
2139
5170
2254
467
3234
7981
2373
1215
762
524
291
4886
1076
6020
922
3934
7980
3832
3498
5163
4273
4011
348
1139
4172
6422
1875
1346
2872
6414
5046
5769
4802
4622
5036
2516
1026
499
1818
1377
4385
6279
6263
4533
6735
4426
4518
260
4074
6955
7101
6588
927
4164
5412
2829
3453
1545
1407
4312
6408
7235
1929
6924
2067
2623
711
7207
1879
7308
2908
2502
4235
4489
1570
4482
1795
4856
2801
7356
4299
5188
4489
1575
2316
5293
7435
4304
1
7986
5193
6727
5525
1032
7177
7112
1245
4382
749
7562
6934
1538
7132
4637
2451
4866
6216
5938
3241
7382
5153
7918
7787
1960
5836
2701
1248
5220
1670
5475
5790
899
7838
229
5469
4860
3864
4520
3810
6547
1499
6056
7522
3563
377
5479
6640
5258
3907
890
6627
5414
7334
2945
964
5941
2697
3747
3059
405
914
2710
632
2126
1324
5634
719
7639
6420
5497
540
6766
235
2384
7638
5444
418
3299
3831
6759
7597
920
4659
7253
664
937
5972
5261
5551
4044
6027
3300
1990
1231
1330
6770
5622
1003
4461
5439
948
7212
6644
7831
6612
5498
2139
4495
528
845
4181
3420
5034
26
1790
5898
3573
506
5003
5801
1089
7863
5103
2017
1454
7289
3719
5011
5793
3247
505
2147
3988
5124
4774
6350
1008
5256
4287
6887
5127
5055
2614
3687
7630
2501
4747
3291
2812
5090
3392
5739
7269
7240
7692
6390
312
2123
841
673
3749
5319
5260
3839
5733
2130
7375
7244
4210
5116
1481
4093
1794
234
4943
7712
5915
5150
6140
6905
7420
7504
2501
2734
1348
3705
6568
5022
4430
5987
4885
5613
5955
7124
3017
325
3459
2192
5537
4208
7260
3651
7914
2688
775
7633
3094
6270
1905
588
2143
5239
2091
2903
7125
4817
2435
7625
5328
6002
6514
6620
2663
5058
4538
6866
4005
3735
3870
5
7679
4766
5260
668
7676
3308
4827
4308
6558
1344
901
7011
7970
6869
6162
235
7752
4310
5841
5984
3304
5121
1364
7538
7298
3616
1682
3683
7021
2740
5118
2749
5186
4326
3464
7094
4703
2765
1000
7847
993
1327
3279
905
5497
2096
2102
3278
2955
3618
6124
4016
5281
2530
4335
4014
5836
7365
2251
6222
7096
2936
3890
5039
4797
7696
6472
2004
5185
4546
2003
4709
1015
3241
7364
7077
2640
4323
6140
7888
6225
6808
7142
621
6809
2544
285
2328
6356
4311
5648
3058
1162
2009
3899
5048
6873
2953
372
5090
6518
1138
3320
906
1872
7806
6691
2739
7640
885
2622
7561
1416
4661
4487
7787
168
3412
4219
3106
3516
1142
1365
98
3926
1332
2522
5752
1322
1393
5449
5769
6165
2488
4526
4235
4654
3702
1503
2074
4387
7776
5880
7229
1736
3329
1070
688
6759
2507
2498
365
5052
1910
4059
5499
1045
5648
3797
819
1624
4209
7887
3824
7546
113
2987
4629
6257
3650
7586
3127
6105
7321
6171
7506
7108
3456
4026
7623
222
4094
3887
1680
7095
1549
3742
6839
781
4267
2924
6332
2976
3061
5917
1120
3952
4802
3000
651
7362
6770
5985
6442
2364
4494
5787
4994
3163
5330
4155
957
265
28
7169
3910
2034
7607
4139
4549
2975
6943
1900
2052
3376
978
3877
5968
5976
478
5824
556
4397
3592
3161
4695
5310
1556
5866
2141
779
2968
2331
6343
3331
7645
1763
3228
3935
6563
7159
7836
4924
3093
1580
7029
4349
6666
301
5006
1054
32
2196
3496
4027
6206
6472
1267
1849
2297
6788
2261
2108
317
5649
4025
3659
5922
2122
4325
4578
3519
6306
3023
5184
5385
2153
4464
5420
7553
3129
5671
237
1825
4409
5712
3539
6376
6929
7055
6121
4806
2484
1533
5683
6980
3136
6710
937
808
1524
6340
1193
6646
550
6558
7053
7566
2366
1118
3391
1167
803
592
7977
424
95
7791
6923
6161
1153
536
6198
1756
1315
6820
3375
3376
4792
1076
1346
4617
4782
5278
1730
1007
6425
2966
5065
6343
7608
2085
125
3512
6984
6126
5586
412
4775
1072
6942
6141
3352
24
378
4259
6818
5962
3440
2741
3160
3907
7925
2337
5428
5979
3974
3178
7092
7065
6475
7887
2081
5435
3068
7934
6685
5515
527
3913
7646
2154
78
4329
7441
2998
2170
3637
3533
4898
3920
4108
152
505
2258
3673
2882
2371
4286
1735
4267
2423
4521
3239
6738
7056
2494
5132
3836
6940
488
34
2824
6621
941
1752
5874
2511
872
6493
3085
2270
3523
3869
4690
2780
3233
5953
1906
6659
7379
3493
7524
3584
7783
7096
6281
4748
612
5728
1485
3153
6940
6093
820
1351
1726
1108
2108
7420
2577
1480
445
5681
6907
5305
1303
3863
6122
