3628
4072
7001
2031
6688
2934
4890
7555
3827
2602
7761
3557
3050
6604
928
189
2895
5903
5711
1597
3713
3006
5395
2450
1675
1531
7853
5192
821
564
3097
2421
1311
3202
4185
4537
1324
7416
5500
1811
549
7062
4711
7738
2725
7457
7886
7940
2371
2577
3486
3124
6133
251
6615
295
3952
6014
3944
1347
3346
4946
3721
4616
760
5405
5710
3596
727
442
5709
115
6672
5915
6478
6737
962
6668
3060
3034
7440
4939
6935
6320
1090
7668
5408
368
4514
2579
937
4236
5723
3357
6188
2923
4531
3560
745
2314
3199
7700
5535
73
2614
2402
6274
4810
6586
6108
830
5452
5503
2458
6815
35
7984
5530
7553
6953
2766
6044
5408
4188
6293
2692
3558
3346
5893
6572
1105
6056
7995
2090
2107
4209
4829
1827
4910
5381
567
1816
5715
3295
5078
1290
3868
5280
6389
6447
4937
261
3330
6863
2657
974
4692
6716
6550
7854
2302
4594
5083
4633
6825
3758
680
6595
6573
3533
1130
6993
1002
5677
3591
7205
2491
2392
6187
1893
2409
6942
2108
3460
5548
6640
5551
2808
163
2447
5474
2383
3248
5911
4635
4951
503
6516
4687
7677
4747
7618
1797
215
7984
7875
7741
1944
340
40
3824
5516
1675
502
4569
2444
3739
7737
645
2999
7377
7965
5493
2470
1375
7018
2008
4011
1218
4761
2384
2318
7556
7080
394
4182
7317
4747
5222
2021
876
5391
935
5797
3601
5803
4399
7755
3629
3071
7899
3433
6757
3547
2012
260
1826
1344
1351
6525
2203
2430
6838
3501
3374
7833
1500
3087
7791
2481
3323
3282
3765
5882
2356
5672
178
1810
6567
6865
4759
1201
3460
1164
2763
7555
4422
1971
255
1865
4468
2969
3632
2168
5379
7083
5036
6981
2075
2341
1920
4648
4691
1965
4305
6906
1630
575
5684
4591
7261
7220
5393
6174
3687
2241
6596
2222
7868
6848
360
6821
401
7241
2311
4105
7874
5786
7006
2424
5384
5052
4367
6477
4224
7420
6111
2967
266
245
7532
4993
5863
2841
4814
5239
659
7868
4394
5032
3541
2436
7561
2897
7004
7015
7143
7232
1884
242
5680
7854
4509
2888
6543
1186
2656
4520
3819
6997
3478
251
1746
4021
6233
4355
2188
1675
2495
1708
737
4918
131
791
1111
7671
6267
4500
3208
2431
3698
4788
5915
1029
4211
2619
4647
255
7203
7202
4558
304
7626
3117
4480
6558
434
7507
2771
5664
7358
1413
104
3506
3599
1975
2177
3862
5244
1216
318
895
4702
888
3088
1964
3487
6308
3497
3241
5182
2484
5185
7605
4657
1686
4083
7149
2869
7426
3826
7626
3416
5381
4116
1770
7294
7612
6634
1069
5703
1037
4189
7367
508
4450
3145
3153
4563
2555
5952
1674
1674
3956
4540
2324
5319
5064
4550
3073
2200
4800
1295
2527
7
642
598
7920
6305
6046
5337
626
6837
4925
5033
1362
6196
6933
4502
5244
682
449
2508
5699
3383
3976
3081
2052
3686
3953
5388
6753
1320
3257
3662
4668
3470
2060
477
4491
7888
4216
7387
3854
7075
1422
5374
4927
330
3348
6556
6692
1216
1941
4930
656
3925
4222
5564
4481
7870
7344
3205
24
2389
3655
1217
7818
1971
7261
4136
2895
949
4224
278
7353
158
3927
245
1067
7076
4982
3002
7171
2229
2181
6449
3671
4582
5731
4926
3694
6676
5800
5475
2850
393
5830
1551
6256
853
3699
6474
7782
5765
7556
2773
6140
856
5178
6292
5365
1016
5806
7659
7392
4348
4442
4475
7983
3045
4014
508
6982
1102
4584
4546
6423
1905
3495
4085
7003
117
625
1994
6179
66
3336
1820
3597
3639
3379
6736
3489
5048
6206
3249
2942
4235
6381
5361
2019
6652
7870
7442
5713
4868
4631
6908
2382
3433
7661
366
7510
2072
2538
5022
4131
997
2088
6698
6918
1886
2113
6531
4083
1415
1016
6673
3191
6021
1761
4775
7204
328
7429
496
6961
3388
4340
2314
5258
4494
5669
7585
650
3849
6096
5767
271
569
4101
3699
5024
5252
1851
3291
1620
484
4573
3167
1726
5364
4787
7892
352
3649
1512
4707
202
5650
707
4700
7109
2150
7945
6617
1178
4936
6327
5391
2144
7973
4008
5633
1233
294
4014
2755
7697
1891
3264
4892
3570
4248
6538
4655
4328
1807
4377
594
1177
6828
6684
7287
3648
2039
1416
3065
4247
6772
1963
2743
7101
7967
1550
3897
1639
2768
1396
1256
7551
6941
5240
1954
3684
6337
4583
4931
2859
1668
659
3357
6981
5479
4291
3251
6981
995
7354
2857
4639
7101
6242
2499
6742
5277
1740
2762
6110
5397
2532
3639
3335
3137
3466
2146
4264
4002
6017
6232
21
1087
3605
6196
896
3767
4244
7275
5581
3400
4459
3127
5932
1472
3014
7152
994
6895
4509
4138
7917
1780
7850
727
6249
5952
1176
1409
4299
408
6426
1710
6812
6579
1947
716
3692
7451
719
7093
1213
2046
7802
4699
5783
2010
6443
5420
7819
5740
1192
1204
5875
6130
2867
6108
394
3154
4169
3530
80
2241
2934
5338
7967
7820
4299
3458
6903
1690
3824
4418
4781
5654
3240
3549
3654
5358
2794
2487
5631
855
141
7454
6391
2489
6079
7940
3119
2129
2448
1
1869
2855
2748
1378
1271
3906
335
4293
219
505
3353
135
7320
7437
83
7058
6714
1991
1542
5446
1732
2821
1008
7507
3007
1764
4538
7840
3026
6661
611
4951
7360
1315
7769
7609
4744
5782
5062
2238
604
1725
7831
652
2482
6449
2856
3672
6868
148
4681
5171
2524
2652
4149
444
967
143
2153
6703
4971
2029
294
6110
6933
6386
5868
1251
4371
4483
4126
2091
370
5506
869
100
4782
6737
6880
4577
1719
7004
3549
4098
4868
2516
6568
6072
6214
5556
5110
2814
4720
7967
5125
5494
3119
1731
4393
2521
6700
2956
2066
7904
3240
3835
7963
3359
822
5058
3952
3691
5252
7265
3664
1061
1880
4745
6652
4657
3775
4974
2101
7782
754
4691
5030
3603
3011
1276
6467
3999
4560
7175
7598
5383
4094
3290
1492
7643
6012
383
2775
1385
4819
2648
2498
4057
5364
6942
7267
7813
6687
2702
6599
7992
4060
3474
1729
6724
6236
3203
3147
5969
7620
833
5284
2686
1344
3333
264
7097
2180
2209
4859
4826
3326
1537
4000
1871
1019
4422
688
4003
4516
5280
5718
3503
7782
2230
7205
7714
145
121
3765
7952
7488
6469
6058
3179
1548
3864
27
7335
2611
4797
4856
3792
840
4835
416
7285
6225
6342
4179
5888
6973
2345
5306
7362
4847
2864
7884
591
4920
756
11
3778
4219
185
3510
5115
2486
2939
1369
4925
4213
5828
352
3714
7511
1198
3563
1143
3790
7613
3348
581
2564
6327
2511
111
1456
2703
1448
2597
6743
4596
2087
7545
2245
7372
172
4453
4542
6988
5441
317
7045
7567
1708
5026
3002
1555
1506
6376
4461
6404
447
2966
5680
1022
6829
6206
3999
3772
4160
1336
2880
7120
4743
4636
5857
6871
6838
5556
3408
2288
7149
5756
3994
1853
1773
774
7619
1397
6731
5729
211
1525
2942
5302
6716
250
349
3804
7575
2073
2617
4891
2039
2337
6645
7614
5636
5255
2251
4441
4000
2315
4594
888
299
2435
286
3702
6468
5514
5534
4696
1889
3708
7763
5987
3762
763
5748
3515
583
5758
7657
3258
7699
6890
6770
5880
5866
2414
7472
5306
7776
316
4929
95
5719
1149
4255
6073
2418
2556
7709
2266
810
7947
5973
547
3697
4839
7464
6735
5467
7885
7618
276
1100
7848
7748
5527
2929
6925
5788
4155
1279
6476
7077
4114
5590
6467
6129
5803
7503
4993
5503
3647
5651
57
3912
7826
4621
3988
773
6501
3847
7686
7851
2277
5548
7929
2637
1173
5368
5414
7143
6622
3424
3521
3149
5267
6576
1951
1757
3303
2300
6171
1762
4534
2057
1127
2225
6856
6935
151
6635
7518
2169
1472
6094
4145
7727
5524
67
5652
1416
7790
3641
4836
6568
7674
1144
7411
6120
5374
3675
2315
399
3815
7837
7282
373
4755
2060
7049
5367
4061
5540
7717
458
3423
6310
3631
1716
4052
6016
6891
5926
3594
7339
2129
1310
7240
4801
2185
7035
3577
7681
113
1192
2587
1571
4664
4907
6892
2683
4480
2501
3096
2070
7068
7558
466
3227
6747
253
6237
5888
1548
6702
6301
1006
6244
6700
2673
6479
7672
6811
1033
7071
6834
2746
7551
6071
2784
2446
7150
6692
1021
3306
6139
3028
2535
6833
2931
6128
7025
6036
6647
650
7931
451
5777
6178
6568
3125
7839
7252
5354
7559
1346
1933
1144
4520
2644
6930
1757
1375
1626
1567
2727
2214
777
3716
2811
7488
5401
7621
4484
865
7409
4315
1641
7445
962
73
1856
5628
5879
6946
7391
805
3374
7874
4464
5450
7966
3297
6020
4968
7219
2620
5522
3121
2625
6009
940
6423
6533
2589
786
5632
1155
6313
6638
4123
4348
4872
7748
2576
5124
2270
2089
6397
1317
5093
3906
6132
6822
6293
7926
4165
3446
7781
7378
3332
7203
7755
2299
6173
1347
7094
2344
1857
5077
1309
3554
4922
4673
6327
910
2545
1546
1580
5462
808
1522
4043
7345
6812
3988
2344
5473
1673
4631
6937
2601
2825
3041
967
2234
7774
4684
465
7582
1439
7443
5139
3658
7453
7015
1953
2411
6035
4456
7103
5424
5733
5945
2376
993
6733
3517
2757
2114
3548
6218
3670
181
6759
6331
1776
5781
982
4094
3695
4269
4569
5094
619
6387
2535
6079
4096
2684
5053
7289
2480
3005
7997
2145
133
6323
6524
1683
4703
7409
117
5206
478
7034
7489
6671
5643
1131
6611
2443
4571
1626
5936
5002
5700
3449
3447
7345
5951
3064
5735
7568
7391
3175
1515
569
6121
4269
5363
1398
650
1294
2300
4294
6410
3472
5650
6122
2065
3727
6645
2865
2206
5612
7306
3683
7577
1935
349
7516
201
5214
6333
3985
5940
7250
5181
405
1815
1455
3014
6750
4546
1602
1208
2078
5256
3534
2252
1401
1253
4366
4503
4498
414
5886
6436
4760
2921
241
5719
3476
7822
5267
2814
1785
5401
1683
88
1820
2090
2364
2275
5532
2893
3266
3075
3471
4676
2352
2846
1720
5997
666
3350
4507
5468
5850
6690
6102
6767
6667
7570
1439
2053
2948
3692
2920
7419
7166
1006
5287
7531
4993
5724
3550
4480
3343
4937
3599
3470
5108
5289
7254
894
4745
6663
733
7135
1585
1202
2803
5064
1494
1920
5492
1790
3061
1080
470
4780
5282
7112
141
7689
169
5037
3922
4085
5240
6640
4704
5326
5181
1767
7267
2958
7934
5336
4033
4002
1415
2908
7264
8
4095
5444
2832
1433
1216
7437
6209
1978
7600
914
1186
2513
2504
7936
7336
5244
436
6781
4949
1250
3952
1314
6544
7926
670
2764
567
803
2775
6352
1546
5726
778
4930
3525
7149
5438
345
7869
756
2741
6959
7410
4886
576
5203
7300
2668
2635
3394
1867
2046
6892
1028
2473
2524
2766
4065
2681
3066
1521
7370
7453
1646
5148
3768
1060
2870
4497
805
3927
5075
4644
2420
6066
5412
4046
4037
3537
6582
4971
1767
2646
3642
4241
5106
7331
4342
4070
3377
524
1454
5461
4824
3926
3795
7202
1019
1628
898
7202
3331
1032
7084
7370
2296
2975
1118
6612
3107
1066
2811
7521
2798
932
2359
5024
1657
1739
338
6508
760
3200
7188
1326
111
4416
6286
6397
7258
2867
1823
2189
2837
7101
7930
1018
2994
279
1914
1906
1211
7016
4604
6118
7095
5745
482
2348
3303
69
4101
1240
3212
82
5659
633
1376
7781
4437
2295
4711
1468
4271
4107
2544
5031
7121
3654
1696
6095
6351
548
4198
3007
7965
6873
2431
1971
4358
4430
5317
3123
6777
7021
5464
6309
7815
711
5830
6761
7514
7819
2891
2558
5974
4878
6301
3448
5604
4860
2234
3851
4028
5748
4451
5046
4498
6842
567
7627
1193
3792
7231
7167
1720
400
415
843
3108
6078
5869
915
3920
2352
6151
1841
2206
2687
940
6534
4770
7246
928
957
488
2876
3857
4151
4071
7008
1657
3884
7863
5763
746
4518
2880
483
4706
5688
1689
7873
1019
1477
40
2232
6246
5004
7542
7650
4286
2033
2354
2571
4635
5653
4066
53
386
7552
1879
4855
4295
6321
5822
7314
6882
1021
7789
3393
1243
4954
6614
2355
211
3727
7350
7397
3153
953
3053
1592
6714
1916
7403
2480
4815
6268
3257
5419
7581
7234
4555
3323
1727
581
5602
2262
3901
4358
1087
3278
3243
5116
498
3636
6890
3153
1123
3915
5296
3387
2592
3315
7044
6018
3031
1839
3871
4610
2142
2578
6966
603
4059
1965
2735
7878
1064
4117
588
2041
2940
4467
1884
138
6384
2504
1403
31
6973
476
7573
3938
5874
6045
3833
3659
7066
2978
723
7761
3109
3365
7518
2932
1686
3172
309
1446
619
2883
6865
6099
5797
3145
1287
7695
2410
1216
4367
6801
7914
1357
7514
3024
7880
2801
3699
4115
7559
951
6585
4781
933
7420
1230
2898
5285
5975
2395
3719
1343
3142
3906
6576
5686
1013
3711
730
4028
1378
3275
202
5042
3077
568
6741
4295
5620
2493
3070
1775
3539
3664
404
2464
3802
2206
2196
793
7561
6185
5617
6383
7598
360
1910
1968
5835
7759
5713
2199
7272
4024
7828
7638
2515
6902
4622
1535
6012
5302
4580
6531
4118
6401
274
5304
1238
761
7867
2368
2320
276
3437
7057
7054
6650
3690
738
5410
84
3892
4169
3353
4625
3117
2108
3384
3276
4493
3186
3455
4860
5210
1739
105
1106
2695
6966
5291
201
7188
6821
6569
5659
2198
1590
1849
4966
4544
486
3913
4300
1514
7240
3042
524
3163
2997
33
5524
6220
2293
2608
1424
1036
3453
3022
7155
4643
1584
6897
5052
2237
6363
6572
4655
7321
6773
4004
2165
7112
3097
2383
5326
6504
3718
4249
957
6005
6607
1285
694
6571
4364
7310
7714
6460
4097
136
994
5320
1703
7385
7718
2918
6317
4436
7558
2710
2520
3574
5660
7911
2912
1540
3327
4111
5112
4882
6624
4261
6261
5987
4815
3550
6303
7632
1098
3680
5328
4953
4268
7011
3010
4727
1241
4834
3586
2129
4790
3499
3966
3292
3320
3189
3077
7746
2085
3721
59
3279
5181
1007
4600
4064
5932
1733
2492
4791
2735
4753
1707
4430
6240
2201
3463
671
5549
204
723
5168
5558
5790
1370
2329
7560
4744
3365
7695
1261
2042
7145
2757
6114
1327
5520
3447
3722
7698
1523
3287
6543
4901
454
7984
4248
3442
1743
7444
193
5458
2762
6838
5412
5557
3634
2715
92
249
1534
3105
3700
6006
3632
1192
1481
3545
663
7355
78
5321
5719
1219
4820
2939
4502
3247
1015
1495
3984
7404
2494
881
1419
5794
3709
4966
4950
1182
3387
5168
935
645
3310
2766
4324
2507
5374
6299
2873
4899
1109
5695
3823
348
2236
1465
7858
3898
6052
3155
1533
7085
3732
4395
5085
7982
1210
398
4922
6637
6226
4807
5381
6637
2949
1976
6731
7432
2650
3469
1437
2215
1202
7854
5690
256
7278
3778
2076
3709
763
1460
1395
7447
3836
2411
4179
5770
6966
3954
286
2975
2986
215
7981
4296
4567
7802
2504
2760
4128
3227
7018
6191
211
6106
5972
2168
4459
5792
1026
6869
5929
2523
4528
2777
3660
2645
2037
5419
6542
4474
3871
7684
7503
1709
1394
895
1068
7599
3185
2030
176
1636
4160
927
7448
872
2467
5798
319
1607
5780
2090
753
6208
7973
168
4302
4539
3511
1168
3513
6447
6577
274
2803
4992
116
6650
5514
3831
6927
214
2916
5747
7141
7788
3083
1615
5185
1592
3910
7534
3915
1496
1016
884
5562
3986
5866
5287
7965
350
1560
1516
1641
7028
5300
343
7525
7618
6963
6682
229
4663
1830
5082
898
3101
7238
3564
7493
7777
3818
2572
1146
2012
1968
7879
197
5379
1591
6820
3450
2389
6858
2451
6838
7951
5560
865
7032
3585
1939
4249
67
388
7772
5985
817
2709
902
4911
7224
6233
3901
1523
5130
5485
187
4490
3826
209
3308
6158
1261
4562
7318
4223
1961
109
5135
6799
6948
5877
4694
7460
6666
3973
6677
3367
63
2907
5792
6186
1738
5162
6826
4352
4607
483
5442
5389
608
323
3918
1493
7156
199
3130
7385
7118
4405
3406
6314
372
6591
1432
4302
4178
3712
2547
6791
5709
4907
7398
2819
2780
3897
7386
7422
1603
482
7001
5756
547
3345
3151
651
5754
495
7180
4593
6255
1247
6915
3167
3370
6969
3569
5045
3528
7768
3330
2893
2036
854
7495
4534
6692
3752
580
6016
5481
4512
4047
7117
6181
3613
7543
3090
6080
7150
2321
219
1017
4350
1980
3470
2834
1926
5214
3248
3327
6456
4740
1726
6455
2701
5242
7774
5801
5111
3419
1692
4621
3416
248
4110
4609
7679
1635
6863
1401
3169
6645
7481
2585
2971
1100
7657
5611
5843
7672
4257
2948
3850
5790
463
3484
1828
1789
7143
6973
4637
7154
6967
7916
4989
1841
7658
6779
6327
1172
6644
1072
6001
5012
2531
629
6535
2074
4291
7088
6204
1789
7734
7578
4303
3923
4122
5428
1812
7967
4269
5237
4088
5020
6426
201
5074
7947
6341
1117
5941
2758
6340
715
4950
1102
5839
510
2114
1865
2556
4070
593
5237
5837
5384
3941
311
165
5598
7128
5958
3745
7173
6099
3991
5615
4240
6263
3063
2028
4437
6226
6924
1093
1449
7115
3592
1365
618
5553
1966
3791
5451
6869
6831
7596
7225
7508
7372
5118
1867
3064
7310
2501
6769
4273
5847
7760
4105
3890
7333
482
1872
2909
540
6586
103
5082
7409
3076
5219
1250
1034
135
2209
4277
1691
950
6770
5480
1639
523
2497
1217
1189
4915
3040
447
719
6918
2004
453
7505
4283
6385
1417
5546
7104
1166
5568
6594
5727
4786
7528
7436
7936
4999
7877
4269
4285
6353
2904
5848
526
6767
2148
6101
2927
3169
1285
3173
804
4334
4175
3302
6602
1785
1763
2326
6852
7864
6168
7278
3398
5375
5120
3447
6526
5280
5582
6848
182
6467
5965
1879
1956
3887
6936
1422
1091
6877
571
3617
5383
2242
1722
6982
7915
2791
4200
5869
5575
1983
2360
6498
4746
4662
7342
3754
6683
6328
1211
4204
5438
4659
2298
1130
4195
6534
4736
3396
2331
7089
7079
4317
1582
7822
5308
5114
864
457
4619
5394
4693
1768
1107
186
4974
4036
7839
6376
6827
3450
4354
570
1218
2950
6097
2116
5968
3475
6093
7598
7153
3507
5521
1271
1732
5461
1518
7024
39
6197
2349
4017
768
3044
3382
6375
1440
5705
1113
7093
6642
1048
344
722
1919
6582
5378
3972
5573
6688
6623
682
614
4889
1982
1333
3018
4227
437
7064
6742
5117
1807
3667
5368
2160
4469
7252
3053
7979
3780
3155
5970
4900
2290
1273
5565
7513
5476
5460
3429
7400
2217
356
6318
977
7186
763
6098
5717
2246
4015
1531
3218
4304
4082
7156
1180
5947
5509
6246
2872
6787
7968
2551
2869
2548
3325
3372
254
7188
6804
6077
1508
4339
252
5102
7420
247
6705
2234
6351
6044
6694
1596
5078
3036
1609
7655
6611
1318
1099
5037
5495
5921
3061
1037
4161
1038
2465
2196
6962
3562
1122
7732
1253
6734
4246
2680
1
4336
6911
3193
2357
3398
7993
6288
2249
695
6849
1644
3030
1767
5118
3296
7983
935
5161
2819
2619
1347
6126
4276
4189
4377
3142
1664
4150
6919
3575
2830
2609
898
5783
5363
4089
2093
5837
7366
5371
6999
3790
1499
1672
3554
208
7888
2090
4083
3884
7211
5446
5134
3718
5940
4173
7862
6696
1577
3840
1010
7012
2196
3368
53
4628
3367
2722
4633
3242
1054
3204
2427
5460
2801
53
1160
7977
7681
1840
1097
592
7432
2391
5548
1697
4959
5405
91
7598
1946
767
4968
2763
3168
2963
6906
1979
7989
7832
3642
7015
2738
7078
573
3731
6315
298
6903
1410
3458
7737
6880
5503
4221
5155
7016
6949
4721
3617
7823
7785
4253
5372
1269
578
3092
4929
1723
1295
951
27
7232
5779
1560
6471
5735
7851
615
5494
7028
2006
7428
7514
3907
6475
1273
7900
2364
6035
6718
2204
6493
1145
4300
6703
3777
2737
3818
4071
5137
866
6577
1176
1749
3147
4202
1006
4462
1028
7891
6665
5249
2284
7586
1880
4228
5196
2595
1422
255
3266
2808
1328
7043
6849
4285
720
3626
186
1355
5860
2340
4283
6270
6495
1642
3654
2505
7950
3508
7398
6248
7735
5248
3265
1003
7301
1794
5095
2806
2513
4331
92
4799
4771
2542
6973
4005
5603
2687
6050
1741
5947
6058
5232
526
2567
6800
4464
6463
2652
1792
6815
2305
648
737
96
3187
3867
2054
7697
5007
1316
4063
5916
1391
3823
2154
5985
4031
1200
2736
4279
358
555
2968
6428
5964
5585
7375
5506
3420
1466
1180
4510
4621
99
3353
7491
7780
1948
6206
6664
6096
3855
4170
5054
726
1628
7823
4880
4045
611
5378
1709
4095
6692
7683
2002
3662
1889
135
5828
3193
6371
5364
5290
821
3695
2601
5457
5909
3200
4612
5196
3978
5906
2763
6636
5781
3275
806
7890
1870
7333
5349
6907
6675
7211
776
5202
6068
4979
2420
2956
2988
545
1305
3978
4375
1474
6180
3350
4471
3497
6517
4556
7890
7325
3522
5848
4491
4596
281
1625
3415
240
3365
1120
2038
2911
4214
671
5088
5861
5543
3811
2887
5937
1738
3690
3545
2343
3758
3021
615
1787
3719
6503
6981
7348
4874
1378
5410
1897
2815
2874
4890
5585
3921
5420
1980
7799
2962
6903
7552
4560
715
1335
5278
5908
5072
205
7364
4511
6291
380
4908
6457
4352
577
1061
7595
321
7605
2440
7887
790
1150
1707
4964
5189
4912
2092
5022
1104
54
7495
4284
836
2392
4127
7764
947
4195
4122
537
7538
4466
1429
2544
6313
6613
7330
3766
7339
6398
5991
2804
1088
1304
3171
5408
810
3854
7395
2691
23
4061
6178
4806
3788
5036
1282
4784
4951
6755
4254
2506
3184
4208
2795
500
1105
3879
3897
3477
2708
6372
7857
3247
1043
1418
1007
1620
4373
7317
5560
2585
5749
4846
6830
3977
7069
6344
6552
2862
5473
1727
5977
2522
2858
2536
2730
3990
3570
1134
3350
485
6461
1819
6055
7276
7380
5640
4273
6800
4442
4307
2160
5934
1193
3345
4251
1298
2393
6926
4353
7732
2318
1484
406
80
6289
2754
6982
7265
4947
1780
2826
7053
5461
309
5951
2224
4377
4588
4378
6715
7550
6315
3203
1024
5082
898
4734
2479
7322
5287
4530
2456
4105
831
5011
4063
4009
7620
5606
3505
274
7064
4913
578
476
2777
6267
1289
3506
2197
40
3103
1531
2312
5747
3704
2340
7081
7185
3399
7722
6862
6900
6774
7080
3389
3148
594
4108
6105
5891
1389
2981
5158
5357
2031
2541
6346
7184
815
6054
828
6185
6598
7677
4323
6936
7303
1546
690
2485
432
3869
4617
2372
606
7012
6885
5829
3470
5512
7268
7299
4687
2554
1799
6361
5844
4700
4145
3623
2961
3556
3536
2363
4540
5069
1786
3871
6851
3115
7743
4534
5869
5620
7542
5460
605
2427
5190
4684
2318
6278
2315
7096
5893
5909
6463
2059
6547
3529
1917
3664
6650
455
7306
3573
2441
4541
3576
6031
5699
2382
6628
1179
4107
32
7082
4662
3400
5090
4528
86
2346
7734
4392
3575
3544
5135
87
5172
2258
6182
3361
800
4602
6830
4424
6002
4309
3781
4320
6506
7767
948
6949
6492
84
7854
2685
636
2268
3821
2464
1562
5834
3974
1610
5588
27
2810
6619
7026
6497
5632
182
1441
6158
1480
6288
5094
3589
7886
3017
4697
2126
4132
5356
1780
1163
677
6339
1025
2838
4500
3642
7995
6030
6233
2656
5972
86
7282
5199
5087
2833
1036
6086
612
4610
5385
6761
1427
4273
6362
3981
1208
1124
3495
513
513
924
2051
5242
5502
7919
4492
3209
5306
6467
3062
97
4529
2134
1497
1922
2326
4808
966
7018
6679
1053
4135
2061
5235
1827
3038
5894
2223
3738
6873
4803
6433
6242
1881
1439
1439
3429
737
4118
2694
3765
3447
6400
7844
6739
6413
6827
2795
6828
6875
7386
4337
7485
5012
2603
2205
4983
83
7629
7323
4544
990
5774
1625
5891
6216
2169
1589
6893
5199
7052
1330
2295
3224
5119
3256
3499
4564
4235
4820
6022
4286
1065
5480
2461
4584
2302
7589
7215
2904
3352
2914
5895
1139
3225
2941
5414
7687
3785
3911
3899
1588
2792
2250
6095
7270
3963
5034
5609
5983
2283
502
2245
4766
6668
5461
4818
1349
3384
6069
7892
6920
3509
2738
1531
2284
768
5008
34
657
3153
4433
848
7983
601
6514
6487
6208
5404
5081
7625
848
5327
4367
1831
3901
6291
4346
7900
965
5477
5312
1614
7938
1748
111
6851
7726
1538
4735
3186
5074
7853
6746
5099
5072
2660
5578
773
4796
7115
3615
3925
5114
7403
6476
7079
7367
4733
3384
4078
5100
5799
1146
130
2275
1757
5305
7100
3065
2462
2748
6779
3490
361
5128
3471
2944
2563
7218
4239
6717
2574
1091
7327
6763
713
2548
6386
6038
989
4477
163
269
512
1226
3079
7549
1000
3347
7617
6185
4589
3099
2619
2187
1872
2881
7646
1116
529
6248
3126
6110
7464
3154
6203
7834
7814
4443
3740
6189
3500
390
5094
2296
7760
4357
5121
4325
5455
6817
5204
7605
6181
5649
1635
1746
5378
5516
5101
7256
7078
5137
1434
3410
1695
6608
6080
6793
5467
6761
1304
2524
1904
7834
2077
2437
2518
4842
3362
6711
5670
1775
6951
579
3853
701
3922
5842
6401
5228
7692
1903
7134
5820
5566
1116
5603
7777
522
4755
2585
4705
1191
1285
2332
4619
3582
1553
63
1948
7539
4575
4918
7954
1272
7369
4369
7509
1402
2745
5552
4996
7551
3566
5022
3862
661
4746
4476
2427
4421
5012
5640
2919
7283
1019
5672
3601
2649
455
2474
1313
4109
3777
5161
4479
6709
244
338
2189
212
5731
5172
3555
5047
2695
6063
6431
986
6046
6234
6755
3715
4741
2161
396
6308
1234
6119
5542
5301
5594
5979
1574
5511
2518
6067
2235
4550
5622
817
6574
3171
2744
7468
215
2346
5576
6715
6281
6124
6072
6691
7049
6912
3509
2879
6237
4297
7633
3631
3260
4751
7664
72
6265
7063
2666
1470
4783
7243
6551
7085
7162
2598
3723
1607
2530
6140
480
3227
690
1518
2755
2354
5368
3857
7257
3720
3987
1592
4223
6742
7069
3557
7480
7001
2305
5237
490
4767
4030
2311
4491
1089
108
5972
7987
5983
3559
3621
2400
7265
479
1329
3842
1243
3249
7526
1068
2878
4447
4256
610
6352
4026
5368
1419
2485
4264
6107
3949
1893
389
5544
12
4304
2941
4261
1733
7272
2500
7601
4064
7912
1150
5553
3297
5080
3156
7428
4168
6197
4142
6164
7059
442
7185
5581
2873
720
7563
3699
6260
6949
2798
2082
5064
4558
5051
7228
5899
7444
6294
1223
7373
6543
5574
4888
3990
5760
2513
2135
2826
5435
3721
4374
5632
822
3787
7156
5152
5526
6925
4807
6302
7371
2915
3358
5103
6320
7457
2636
7135
6083
5956
6374
2187
1760
4422
1869
240
1165
7266
4359
7138
3395
2414
7308
5164
951
4174
4168
2380
3643
1343
7916
2725
5848
5123
5766
634
6019
4482
2281
3041
7834
6616
5898
3389
7793
3341
6130
3247
4364
154
3868
6766
6614
4118
7865
5764
4561
3289
2060
4001
4243
5618
6356
7584
5252
784
6960
589
4170
7256
2154
4633
2977
3153
7089
2786
285
6453
5317
3756
3612
537
1832
5924
1465
7024
3531
5599
1390
1082
5471
1776
3609
3888
3280
1536
3987
495
7007
6920
7077
4428
1083
2406
3315
4352
1326
1327
4465
1960
4772
7827
1006
2284
7293
4849
7768
2517
2029
2012
2929
7621
7598
564
6929
3844
689
2939
5743
2957
312
4932
3097
4331
4603
7320
2541
5006
4347
7326
3919
4967
3989
6803
7325
5879
659
4142
688
6409
4516
4003
6588
1742
1686
5766
1883
6425
1253
810
7636
4127
7599
5666
4260
7237
1113
5779
1912
1835
2369
3176
3815
4960
3529
4542
6903
3154
6249
3618
998
6190
845
236
7840
493
3178
6743
606
7160
4335
2576
5977
7317
7812
494
702
3445
3681
1143
1956
7818
6060
4190
4260
766
6947
6365
4350
7155
6261
5037
4971
7000
2722
1875
4111
5285
3621
7842
917
6128
226
6570
6712
3507
7239
2405
5048
6172
1641
2633
6554
6765
1090
3735
6953
2572
4836
7897
6194
2492
1038
4969
2638
7449
4600
5193
7528
5916
640
3173
3739
2576
6519
1732
6452
7660
2105
6661
1889
2305
5490
5787
2831
6478
614
7730
3108
249
698
572
6805
5132
7517
3238
5259
3912
1860
5683
243
2777
6551
100
2867
7060
5373
2608
7310
894
3853
3486
1628
5226
3717
4994
3543
5203
945
5516
6105
3274
2124
6944
2573
5224
32
2575
7894
5564
7357
1675
1340
3010
7097
7502
3349
7917
3578
6470
2074
3893
4268
2905
1273
3399
142
2126
88
1537
6142
5864
1015
4804
3018
2880
3819
372
4641
5486
3116
3126
2527
1130
7912
3015
1492
123
7474
5874
447
2177
5501
4057
7179
51
7299
1683
47
2526
1962
3813
5736
2191
6905
4992
2267
6114
3432
4399
3101
4470
7619
1751
2942
7157
1392
2148
1559
6715
1139
6353
5294
5668
4803
6350
6431
2551
7387
3911
7715
5486
3487
3135
414
1700
153
6402
2985
2088
1503
1186
6314
4356
2171
100
1710
2833
6437
4962
7464
6384
2803
4614
1031
5743
3211
715
6819
1977
3237
3978
4313
1234
6094
5815
2382
7657
2945
815
4848
4243
3182
2354
2324
1135
3143
5924
6178
7881
5778
3344
1523
894
3556
7921
5584
140
5483
3397
5227
1742
4059
6308
7381
6910
2315
640
4063
1606
4251
1166
3890
4730
1775
6298
2053
1374
1294
80
1551
6080
7931
589
6206
