5217
7900
4125
3553
7169
1210
1436
5395
79
5051
5615
6271
6760
3156
4522
5667
7133
1385
6705
91
5403
540
7690
1655
2586
4556
7142
6924
7697
2271
1157
2344
6071
4306
1175
3496
7179
3373
6851
4237
5353
7478
2085
6704
7334
1802
2930
5584
2066
7402
2813
5387
5343
4373
2564
6598
4000
1330
3945
1071
7986
3213
5447
566
7213
4993
6117
5460
4667
5766
1859
1845
32
1092
7360
5290
3748
2472
3176
2631
5440
6944
7631
7988
1424
6179
5672
6871
5839
5432
7928
3955
941
7694
1369
1766
402
52
7772
676
5009
7922
4951
58
5102
3677
1637
7188
2975
7585
6346
5236
7515
5625
2229
7897
7476
3198
3651
5469
799
1799
7173
1163
4820
7513
1834
5199
4441
7783
6651
7615
5929
840
3932
6636
2902
2449
4832
7842
4471
131
7208
7735
5838
433
2669
4248
5727
4694
6193
543
1969
174
2133
2065
1970
3299
3235
6835
5672
2322
7710
471
885
4460
4220
5435
2615
3283
1039
7337
2981
7540
1422
6254
7241
3386
643
4881
1382
5258
3485
4756
7394
1484
7898
5990
453
4567
3653
6383
49
6277
1497
1328
7040
4756
2847
1837
1802
1211
3855
352
3459
7445
6826
3281
1765
3840
1671
3370
3678
955
1565
3439
5996
3917
1689
4344
3495
139
5526
3074
7807
6773
399
2105
1000
4498
7860
6945
916
4750
3117
7863
3864
7806
630
73
3457
1516
5048
980
405
4005
4740
6920
5563
3894
2452
6094
6037
1871
3290
5619
4815
800
5140
3069
1304
3652
2630
4705
4645
5583
4043
2060
6598
2032
2316
779
5176
3745
6525
2125
7523
2632
2978
5569
1616
7902
2423
4842
7390
1856
7749
840
4013
3984
1976
5256
647
7227
5048
3029
3969
3323
1366
2643
7516
4927
1227
486
7767
5827
7289
3763
996
4154
6952
454
2656
5471
3622
1335
635
182
6869
546
3687
3359
3143
7408
2610
3633
6879
4688
6558
944
5705
1540
434
708
2588
2848
5026
2872
7580
7600
6006
1461
4443
5841
2026
6783
3885
3751
2914
6689
7737
1075
5575
5328
4326
4304
4674
5508
3976
1580
1700
5188
5756
5918
3386
5700
131
4360
5785
3920
2162
458
4045
569
4132
6311
7675
6654
4374
1810
719
4938
7778
5752
372
7408
4979
3434
3546
595
1024
2420
7302
1775
3809
1689
5344
5689
6227
2986
5584
2268
2625
7822
4372
5454
6527
658
1229
2981
7741
6030
4504
7349
2225
5258
5578
7896
1859
6216
374
6690
475
1274
4184
5779
6069
2030
5016
3688
7524
4767
1800
4923
6026
1514
5114
4324
5140
5855
7472
2224
6285
7659
2228
4190
5953
218
2908
4541
1138
5137
5823
2764
5058
2756
2690
1611
2035
4377
6851
2612
7044
4974
4016
4951
6502
3468
7400
1185
5065
1555
712
2933
718
6166
6884
7393
6119
5880
395
4245
4645
6283
1052
432
5855
2889
5625
1127
899
4892
7149
7258
3388
3922
3456
5775
3606
3341
3350
5502
5314
2596
2544
5871
85
5643
7720
1595
7394
3018
6868
4532
7264
6003
5743
2325
5241
7354
6265
178
3324
3729
871
239
2520
3761
7158
4131
195
6525
204
3047
2492
5808
2577
6019
3043
6266
1916
1624
7558
5989
4821
5232
6483
1151
1383
7738
1353
2833
1091
3676
7248
1093
1196
2884
1372
2724
3722
2005
5957
4734
2386
4522
6808
5686
6185
3967
7498
2042
2606
2577
5654
6556
3974
2221
3200
697
2101
6573
4058
364
2523
5564
5461
5808
6539
7257
874
3399
3980
6671
6939
2298
5759
2979
6022
7526
5021
7033
896
3828
1574
5957
5479
3484
573
1952
7747
7593
1223
868
2284
6869
3516
5268
2554
1334
2862
1234
998
7657
3206
6970
5391
4461
4642
1888
3600
277
2561
7981
2610
4280
3754
7308
4145
6844
4041
1416
3900
5956
3164
941
3110
6140
2800
4557
6500
5342
4064
2827
2736
98
6917
5542
6381
7627
7182
3705
5223
7560
7425
557
4201
1969
1623
1670
585
3978
4017
2406
3812
703
3525
5582
5474
3358
7363
6753
5540
3352
5128
4875
7327
4737
4956
4612
996
1404
1458
6382
2341
404
4703
7126
5265
1691
3021
869
1543
2887
5128
7071
7475
936
7511
173
7303
4937
1536
6108
2871
4763
3024
1020
5788
1963
7029
5915
4299
3078
1755
2435
3027
4093
4669
886
6024
655
5874
4637
1104
6289
6548
5876
4410
4948
1453
1721
5327
6793
7972
6330
1369
4032
2575
7620
716
5321
3155
1447
3714
6583
2787
4827
3439
2696
5876
6117
1433
6707
2513
3418
3077
6246
1841
4299
6568
674
3317
2921
2641
2989
3061
3431
6014
6030
7138
600
4634
1472
7875
6122
5428
4309
1439
2628
1865
3610
7249
40
1554
5015
5806
7153
6383
288
7454
2365
4934
2218
7823
6516
1288
6720
1577
1407
1538
6227
4142
876
447
5845
26
6349
2600
5478
6524
7234
254
5149
3727
7842
7520
4044
5645
3768
803
3078
6901
307
3212
6532
2744
4937
4811
4257
1277
7469
6968
7262
381
887
5216
3390
5056
4711
5934
1829
6581
1529
5351
3552
6953
4350
4686
4144
4141
1653
6167
6714
6770
4726
7206
6853
1141
6007
4519
1152
4019
5349
437
1713
2332
5014
3265
5044
188
2066
865
6998
3207
3705
6957
2751
5663
3342
324
7280
2059
7167
4452
239
5739
5393
3436
3574
7908
1499
3023
1731
1984
4689
4132
2236
6438
4246
3884
2184
3226
7740
652
1656
4972
76
1070
802
2809
1972
4746
3729
4073
5078
4881
7261
6726
1664
2988
3214
671
1862
2878
635
3230
601
1083
5463
6681
3326
3769
39
5567
5436
6511
335
6974
3435
5856
4265
7482
331
4920
4913
3500
6062
6950
6839
1688
7157
2743
218
989
6802
1837
5801
5385
2306
7963
3182
702
5509
1166
4295
4844
3368
6591
1027
2012
7109
7889
2617
1204
7427
5279
1143
3455
192
3421
3149
4344
2064
5370
7732
3940
7662
737
3443
7760
7650
2843
1192
6444
7406
903
5430
3182
5573
2198
6703
5070
6376
220
2692
4535
3953
4726
4748
4008
3594
2490
2375
7458
7182
7133
4511
1934
4124
6452
3820
7522
2088
7821
5242
2093
4317
4386
4933
7339
3409
4088
6938
5080
7103
2113
210
5542
2698
4317
4998
6834
6476
5056
243
6853
4785
5618
1549
1737
5405
6210
3661
5962
1720
7119
1388
1396
4413
7285
3915
7637
5905
6025
5152
3493
5713
4717
7307
4428
560
1068
2805
7839
3756
2272
7327
7329
1532
5593
1500
3113
3976
6624
726
2053
6569
665
2502
514
1697
212
3166
2596
1826
5965
2886
4159
3426
3529
3214
969
542
1117
5856
4662
240
2335
1578
3262
5372
5435
7088
7204
4600
5300
4614
5386
4592
3449
4839
6229
2987
2069
7953
7505
1134
1730
7393
6617
753
4430
6207
3541
6399
7061
3065
2727
2373
2883
1609
1744
6880
6090
1460
1227
4255
1803
3324
7500
1335
4736
2392
2803
7172
1236
4678
3979
5542
7477
4922
3501
3596
1773
7183
7709
4905
6124
3925
5010
6535
3036
2954
5041
3786
5917
7728
1958
7439
3868
637
7844
5547
6522
7596
6105
7541
4579
7286
6073
5966
295
7849
4203
3769
5835
7028
4795
3995
7056
4168
1183
5919
5923
1309
4892
3186
2466
2340
7708
7528
7663
1671
6135
7486
2393
7034
2846
6938
4210
416
1394
3127
3891
7854
7950
1723
4345
3134
7883
3144
1371
4641
1511
7883
4586
2512
5271
6918
6816
3952
1151
5985
7847
5421
5969
6672
2362
7350
7508
1674
1542
1099
5911
7997
6883
1815
7368
6459
424
5476
3871
5138
2051
2839
1370
6630
564
7920
5922
193
5680
1815
388
2724
6308
7818
3463
6615
3295
7863
2741
7896
5080
4215
3470
3425
7691
6060
6085
3153
6442
617
7566
6531
482
4214
6737
365
4837
6950
1089
4833
3379
7823
6831
3243
6914
2200
1451
7018
2925
4874
4598
7441
3356
7028
769
421
7862
6258
6925
2000
5237
4393
5208
3068
3476
4000
5575
1490
210
3421
6895
7885
7458
1343
7223
3174
7986
5907
2226
3789
2057
4793
6786
602
5170
5675
3744
2688
5471
7863
5249
4023
838
4281
1323
728
6951
4971
1224
4752
3495
2064
2761
3902
5259
5572
5910
4585
855
5023
6485
3229
644
2474
3023
3551
4034
419
5335
3225
7999
6879
7769
4735
735
5133
6661
178
4657
5997
1359
1694
5308
7971
2564
2157
7429
3913
1299
791
3539
2162
2496
3249
1393
5002
2085
5899
4996
5151
1221
1665
5906
5465
3453
5910
1576
1751
1843
3569
799
6975
6284
1737
1856
4473
5602
497
1944
1548
6822
1750
256
2617
9
4153
3931
4239
7001
7994
7169
475
6311
4043
2592
3124
7995
1417
6359
7796
6139
6093
3642
5735
6894
148
3404
4141
6331
4602
4713
515
2355
71
7339
7443
939
7329
6713
94
3740
803
7218
7534
2316
3672
2190
3646
3302
2178
3815
1034
5895
3351
398
6750
7424
7733
5135
4009
1936
2487
4262
1563
721
5415
2364
4380
1155
2858
3156
232
196
1695
45
5696
1390
6487
2606
3206
5451
3556
3838
3977
2351
6586
4338
2011
6084
6453
715
7946
1419
6595
1361
1857
670
1534
4111
6604
6634
2044
3260
4950
3273
3800
599
5072
3980
5452
3476
4537
2305
4391
2129
1368
2320
1112
5723
2470
5180
5394
5618
3349
4513
92
3774
4850
836
5654
4254
487
7691
718
2908
4033
6490
6976
2315
1766
1171
6869
4254
1596
805
7312
3518
7732
3796
5460
3823
3270
1624
2266
2679
4346
5645
3678
788
2730
6162
6988
500
224
2300
5477
6967
7369
4634
4034
3096
1060
4957
7052
5389
5882
3135
2233
7705
5092
2481
613
62
1028
5313
7772
694
777
585
2479
1794
946
1023
2731
6537
6237
6522
3226
3103
3315
3784
1771
7261
7976
7541
2212
4040
4428
5364
3480
7349
4519
4273
5869
6453
1352
4287
4385
4287
669
1790
4513
5972
808
6960
2679
827
3475
2910
582
1043
7460
3432
5140
335
35
2973
2826
6737
3282
2925
7693
4816
6601
4010
2070
2168
7498
4409
5673
3298
1565
2510
7597
3191
1348
2674
7109
6127
1183
7574
5999
1049
4579
4867
7281
2862
2546
7995
3624
6649
3107
4770
2540
7970
2509
2486
6750
5049
7575
6253
902
889
4306
1985
3441
1177
4071
531
2069
5349
4033
7116
2609
7106
6771
4003
6335
5482
1118
3316
5771
3937
2920
5658
4903
3517
5609
7019
1702
3394
1962
5399
7015
6995
576
4977
4769
2339
5969
5906
1874
1392
2630
7893
7567
2067
6528
931
6513
2610
7508
392
3240
6213
3760
2235
5426
6791
1699
5649
6399
1986
4702
7020
7346
6183
3299
2396
6477
7507
733
4188
1699
6704
866
4289
3102
3220
1301
6321
1079
7383
5778
6240
3457
6842
7209
349
4941
7748
4885
2549
3255
1152
5830
5704
981
3137
7967
7245
4278
899
5677
4234
6990
4563
6717
1033
7019
1811
5401
1808
5738
1237
6794
6279
3237
2725
5619
7066
930
5032
1211
3843
1007
1
2787
3196
2610
5338
6886
843
6009
3420
6667
10
113
1035
3993
3939
7217
7898
5602
5872
3524
277
3335
2501
3166
6793
7817
3685
1377
6756
3166
4137
7266
3605
2138
543
75
7539
1198
7873
7529
879
5000
1239
1318
6367
7354
4637
1284
5107
2313
2508
4756
2443
2485
7124
4822
4642
833
4231
7219
6483
2205
1757
7892
7510
7790
3280
7525
4383
2085
6787
2382
3755
7629
1983
1216
6190
148
5963
5415
3062
1735
6048
3772
654
6825
6482
7588
435
7980
3633
2920
3842
4827
1979
3655
7812
3931
5852
328
1725
2327
7227
800
523
2524
6368
2878
2144
7838
6934
7169
7048
2829
4376
6790
1958
7410
4650
6552
5896
5658
1716
5142
672
1498
2978
5851
1388
3303
7774
7698
4113
5795
7933
5810
681
5246
7073
4748
7796
2961
3891
5240
419
1994
2029
5129
7325
7437
2413
2019
5907
4612
7753
4431
1375
3329
5415
4652
2346
3213
3739
3676
1725
3803
4075
6997
527
6334
6168
1146
435
1944
7628
5713
3040
7095
1625
748
5046
116
6312
1417
2570
2608
80
5788
2988
1264
5326
4840
4635
7191
3968
1978
2665
3009
2974
7175
7779
6997
3712
2415
6217
3612
3646
7484
3826
4920
1216
3526
2925
3065
4321
5275
321
5863
69
6966
969
816
55
6013
4033
3831
2903
3018
4300
4179
2859
5421
7878
454
3256
3942
4833
2450
2096
4156
3930
6676
5380
5971
6926
3598
7923
7397
4714
7609
1703
6385
1624
1153
7884
1867
726
718
6563
4386
1174
561
4271
1737
7313
7155
2969
872
6400
5784
876
1338
493
6534
6424
7238
2230
7315
1842
6875
472
4952
7204
1623
605
7861
845
1388
836
6532
3308
277
6910
5395
2380
2451
4869
7424
3938
2864
2005
4043
4396
3222
3848
7320
1310
7783
4714
386
7968
6190
863
4125
2071
6946
605
4016
294
5992
7572
3983
3668
2596
888
549
6935
1674
4636
2052
2019
6050
3771
1506
2566
1143
2627
6727
5214
5333
856
306
715
4635
139
4124
2392
4495
5697
7415
6303
2708
7727
2036
454
2607
7502
5816
7020
7747
5207
7350
2647
7703
6293
239
4953
6766
1692
1272
4493
2556
2272
7825
4426
4414
7643
5347
6958
3393
7393
4743
6023
3919
5605
6573
6167
5118
7923
6088
3581
4361
3531
496
4441
5202
7888
4857
4761
112
1476
5270
7089
2614
7794
1460
6373
4080
4913
5958
838
4549
5637
2086
3476
2629
7356
2475
6811
1655
6719
1775
2174
3192
2625
478
2026
3460
747
740
613
7496
1007
6013
4864
3420
6586
1241
4269
4620
5000
7330
7070
2530
1327
4910
2801
5314
3819
5873
6453
1578
2527
4990
6430
4547
1826
4338
5504
6394
7503
623
2551
288
755
7715
6383
506
7641
2715
7896
6786
3085
6897
178
4219
3059
5502
1193
6532
4625
2063
482
6865
6133
3439
6197
2133
5211
4070
280
1975
3577
7253
2261
1829
3249
5129
4143
386
326
2988
4882
6184
2772
1245
7370
3146
161
6385
3244
243
735
7059
5557
6732
7890
7619
1384
1467
6075
6951
4120
7395
6243
3539
3199
3339
7984
2774
2657
3822
6146
1560
7444
327
4399
6950
6422
4101
4595
2919
6590
1962
2338
5388
4156
6928
7585
3387
1118
5192
606
4576
4596
7872
3996
5544
1435
4949
6194
1953
444
4864
1007
3049
2690
4816
4054
3082
786
5584
4474
1446
3528
3478
1727
2381
2600
6125
3048
1068
1691
6379
7657
7766
677
1880
6110
3147
185
5224
840
1247
2499
790
1948
4281
1351
4226
808
169
3002
3477
7822
1698
4011
5893
6340
5446
2739
6755
4034
3131
2626
2327
6897
2579
7661
7213
5096
6937
493
33
3601
2635
124
1583
2246
2422
6473
4948
1242
6127
3898
6243
5044
7100
5999
3064
3253
3972
7299
4173
6522
2546
7189
132
2612
4347
2728
221
7008
834
5605
6475
5782
7751
6931
5369
4870
7732
4495
3607
2362
6921
861
4080
7442
7997
6947
3491
4515
3938
3227
1744
7051
613
7269
7209
7508
5053
3473
788
7285
3444
5268
1544
4832
1082
6441
7184
342
6994
5856
5833
2684
1926
4977
7487
2002
7220
6590
731
3198
7446
2973
5085
7485
5020
1569
1332
5391
2844
4266
6188
5331
1043
3257
3249
4221
5551
4925
6166
4287
6226
2876
1767
5630
6607
2824
7218
5051
6922
4554
3749
1544
6084
3306
2893
2834
5209
7391
130
6891
647
4488
6172
1868
4817
255
3225
4028
2570
1158
1973
4160
2248
4298
7824
3147
2807
4928
2415
6332
4234
3227
3857
779
4389
1164
1369
3444
1465
3511
790
7873
202
1910
5314
115
1568
357
6340
2005
5288
7525
6819
2621
6535
5149
6715
5875
2750
7588
3596
2972
7355
3765
1079
2109
3826
7105
6071
7741
1021
390
4142
6754
1430
1809
6999
4191
6472
2630
1398
7650
2273
858
2471
4745
721
1577
1092
485
3818
1344
239
3241
2992
5394
1829
7431
2453
291
4221
7981
5692
1105
7992
2592
7590
1587
148
7552
7638
1328
6123
7332
4136
4395
3141
6494
497
1921
5838
2781
49
3012
7314
5728
2692
7706
5154
1146
5143
2760
6206
715
6619
5887
103
1943
5840
1254
7425
7104
1750
6162
3159
3423
3618
2288
5381
6537
5153
6558
2934
4659
2388
5383
1705
3682
2896
5736
1348
4258
5553
2052
4708
6338
5471
5744
1497
6959
737
2623
7247
1708
4443
3537
2471
1884
1160
2861
3408
3214
3630
6686
4011
2580
2310
3643
2239
3649
4820
5323
5142
6735
3539
5087
6798
1331
4315
84
5197
4649
5507
610
608
5024
6167
5218
872
5265
1793
327
3598
927
4305
4960
2376
478
4319
5788
1117
3616
84
1160
5996
3000
1887
7262
2552
4705
3732
1064
7277
6301
5130
7487
5418
5678
7886
98
833
3066
4977
4075
3447
4747
2993
4358
6835
5383
5550
4268
4490
949
2186
1710
803
942
7181
1708
2954
7493
7711
6433
1396
490
3338
6248
7511
4049
5815
7796
1174
457
3723
5147
5289
6404
6598
4768
4396
1082
1736
6829
6622
1086
5364
2966
4159
1443
5410
2556
2957
3019
1465
2805
293
2591
844
2963
6610
63
4899
1774
5950
3380
2486
5262
544
6139
6865
6011
5747
4359
6741
5297
2921
1909
3305
3734
2573
6024
69
1513
7249
2309
7214
6048
3880
7953
7277
4893
3532
7480
1555
3318
1708
2516
962
3256
5901
7958
5328
813
2633
6522
5224
372
576
5319
6489
630
2435
5766
4090
6635
3379
6829
229
4367
7461
4014
7634
2014
7217
1918
884
6675
5335
3460
6090
1266
176
5984
5196
1192
1773
324
3694
7429
3822
5751
3220
7253
6778
7015
143
3313
6155
4609
6474
5472
7657
2284
126
1168
7130
3667
1690
3208
5181
4154
6585
2491
6602
1049
5276
5232
1639
7344
4393
2688
6105
893
5004
2430
7447
7369
1575
3112
18
3740
6426
2864
5622
5783
421
4646
7280
1891
48
1015
3219
1687
6432
520
2583
5848
1388
1236
6729
3810
1810
4236
2485
4394
6870
5585
2294
4687
7054
4995
6837
2543
5826
5536
5186
6341
42
3734
2697
3280
745
4984
6919
6991
5128
190
7797
1255
6830
6149
6117
5494
5022
6367
1648
5203
1660
6965
593
7033
164
2981
1788
2384
1225
5481
7653
6986
4812
6540
5036
1760
1335
5388
7114
6308
7474
4861
5757
4985
3505
3807
1099
4362
5809
1282
4622
1152
6723
4890
2851
792
7236
3228
3931
5841
1255
1686
2507
441
6563
7810
6920
3366
6588
3986
1957
7824
7709
4571
4135
4101
4961
4236
1884
4042
3261
7524
7023
4457
1368
5521
348
5903
860
1700
4779
6880
6556
3460
374
6797
614
4819
417
7608
37
1160
948
1946
1142
636
4044
2705
2761
6572
7219
1185
6120
6281
4777
6664
3301
7121
6633
628
1113
1300
363
7143
6769
1954
7453
317
3346
1068
7241
1976
2245
712
2958
5059
6333
3552
6802
4360
3963
5415
3752
7416
1776
865
3430
4564
3657
1288
5822
4269
5990
1628
1830
1605
7350
4526
2787
3090
32
6648
6830
6463
6381
5254
3946
6989
7123
4445
2079
4981
797
5179
774
7832
255
3432
1585
6025
2468
1034
1249
6723
5472
4987
2494
4971
670
6060
2382
6180
5270
5991
527
3967
2762
1592
5647
715
4990
916
3379
4143
3244
4742
4138
7033
6381
3912
5369
4028
2910
7170
1133
5121
126
5440
4052
2302
7412
1467
6508
3090
3580
7066
4373
2537
606
1284
2526
3571
3783
3258
2047
570
2737
6507
5651
2921
5362
5387
835
112
4861
3452
2494
6408
4450
7557
1086
1997
6407
644
2138
7911
1964
2206
6471
4410
3126
6812
4471
5256
7281
818
264
7201
1871
6356
3829
2745
5429
1708
7298
7069
342
5662
1772
7937
3347
1027
4619
5563
3033
6429
1930
7402
2778
1791
6934
535
4521
5328
4861
5061
411
3870
213
4218
7242
2863
6564
4123
230
2092
5668
1952
4260
860
3828
7273
2426
1671
2537
3536
7406
2769
1401
4562
4046
4196
4086
5949
398
7982
4091
1416
3820
733
3843
731
1146
1891
4557
536
1909
2230
1637
2915
2607
5627
398
3262
336
7862
5121
2783
3599
588
7268
423
893
2814
332
1756
1249
4202
501
141
602
4312
3000
4376
6786
3008
2652
833
4630
3215
7720
3691
1767
1180
2579
6848
2880
6036
6582
7694
2567
4986
7451
1719
2223
673
5702
4111
5758
2642
882
1064
5016
3719
702
6778
298
6524
6695
7386
5902
7223
7305
5814
5041
2388
7218
6603
2927
1555
5238
6276
1787
2715
5131
3653
1291
4413
5605
7943
1540
3348
6859
5945
5895
6142
2584
2601
7796
4787
6134
1547
1013
7957
6263
7060
1801
29
6381
6268
5006
3151
7481
7518
5601
6049
4326
3253
3617
2029
4857
6873
6831
5896
7183
3289
4282
7796
3741
6240
832
7607
5746
2515
3252
569
5876
4097
7081
3494
3566
7419
7584
7000
1236
3008
6474
3059
4744
7212
7420
5341
5879
1876
6828
7101
530
3802
3162
5856
2993
6285
5650
5005
7321
6951
6674
364
5362
1002
2194
769
3963
5716
6336
2802
840
6803
1908
2585
5906
6616
6459
4067
4240
5888
5475
5954
7352
6452
3411
7608
5225
5094
4673
3478
3865
4180
1133
6133
3652
43
5707
4621
717
2472
1474
1646
4266
3180
1821
419
7869
7125
5322
3163
2527
2187
4503
6800
7579
60
3698
3584
5573
7057
2872
1302
1807
5722
4653
4382
3220
4984
3735
807
5088
5386
1371
229
5697
7542
3247
6394
1883
4779
6721
2859
5605
7248
4314
4877
32
2150
5433
5198
5804
5678
7722
7378
4343
5210
139
4769
1196
2646
7561
4916
4487
5502
7238
4930
2895
3969
6009
403
2522
5771
1344
1250
4555
7418
3363
305
2500
5435
214
2663
6646
5729
5762
5659
1261
4999
5479
2442
6849
1220
2022
3970
1646
7829
7581
3505
779
2948
3684
6193
1462
7805
544
481
2182
2995
1481
7179
4262
7331
6127
1036
1402
1487
2463
1496
7462
2618
4658
4040
6194
3168
2743
7182
1882
4382
7992
1300
2173
31
647
6349
2715
3766
4287
3000
3947
5219
7099
65
3591
5050
246
3200
1885
7455
3636
6568
4129
3752
4200
5081
2163
5699
5527
6766
6776
1986
3393
7441
4128
6019
6469
8000
4379
3691
903
1152
1296
4074
2222
678
7692
72
7720
5409
6928
3980
3166
318
7133
3245
7770
3214
4144
876
1461
4905
294
5073
1989
6966
1170
1571
6816
5919
1369
6206
5442
4178
4307
6354
5789
3525
1527
1581
4220
2232
3396
3997
7317
708
379
2342
3541
2302
2192
2437
575
3866
2899
2521
2527
2553
759
6885
274
1810
3751
7511
3274
7913
2551
1654
5877
1705
61
6177
6936
1066
2915
822
3694
6451
3930
1066
5630
890
7328
4971
625
3202
7018
3315
1800
3289
3286
6585
4943
5361
4527
3360
6095
4125
6992
3212
2895
6002
7892
623
3379
139
2886
1358
7580
3932
2307
4759
5834
2073
3374
6815
5363
4496
5428
2484
1065
1428
3038
4685
2357
3035
7936
5307
209
1701
183
1995
701
2163
537
5789
348
2003
5776
1035
7620
1620
1114
1858
7876
1683
3087
1341
6671
5540
1754
3402
4780
5654
3911
5943
1952
1792
7640
6067
7033
3133
1564
151
1116
4320
6389
3492
4516
6022
1176
1268
6290
5717
3398
4310
1889
1166
6552
1871
6935
3696
7618
7517
3485
3954
6238
1812
2718
5608
844
5074
3426
3658
336
4333
1994
7384
2034
4090
7546
2190
5748
4578
4397
2967
5018
1817
1229
5035
2529
6242
552
6507
6595
1104
7565
7431
5664
533
2437
5064
7980
3003
5365
4320
3748
2703
3146
7992
5464
3254
3587
688
5724
7954
4009
7563
5133
3465
7630
926
3518
5139
3627
6913
900
4359
3005
2571
5853
3139
7495
4188
1934
3541
4923
7632
1169
7472
5244
5507
493
4286
4930
7753
6824
5318
5175
6796
4255
7691
4415
1038
6596
7384
2231
7821
7844
766
51
2921
1140
4610
5206
6607
5116
2572
122
5419
2946
5579
7611
5857
4925
6042
7725
893
89
5005
2180
5493
4096
5083
5747
4500
7085
4682
4415
2213
5022
6918
1211
4905
7759
2126
459
7090
5817
7010
2907
2180
5873
7682
4823
4989
5705
294
1746
1805
7554
1093
2688
6515
7144
7573
4527
1783
5984
5627
4505
4167
2014
7448
4823
7853
4113
650
5675
2379
4194
2263
5819
5549
6646
4057
7444
6272
4566
3078
4277
5696
3738
2622
7810
3653
3697
4564
7285
4002
5094
2458
3043
4455
6296
6076
4529
273
1018
7454
6530
6413
5898
5127
5266
7897
5863
7773
2833
133
7114
868
5059
6781
3448
4303
5622
4744
4000
1387
4363
4498
4639
1653
6995
207
4170
7169
4222
7796
4985
4778
496
6021
3298
7304
6632
5559
6467
1979
2324
870
4769
758
2076
1315
630
4900
5301
351
7922
1700
6752
6241
201
167
373
6094
2412
1653
2152
7737
7845
1143
6281
2193
7239
1590
925
4321
7666
7600
5251
314
4512
4089
2307
3733
4163
1894
170
6835
784
2776
440
7929
6934
2614
3024
103
1470
1499
4518
4847
3321
6220
7877
3979
1365
5973
3149
5708
5434
2522
6449
4670
5720
5050
5055
367
6372
3199
1898
5105
6136
2219
7822
3068
969
535
1877
5535
2215
6764
3324
2503
7043
5954
2421
785
7849
3003
540
5014
7965
2474
4614
5806
443
5943
3665
4463
4008
3883
2023
7547
3402
2137
85
7766
5326
4189
4625
2614
3757
3487
6148
4947
5015
3095
5770
6006
7603
6981
1073
7584
3749
1783
1230
4005
5537
6262
5404
2
1345
53
1675
6049
634
253
1935
1075
3869
3161
955
4932
3937
1126
7527
7556
2476
1049
479
5904
289
4282
1714
7718
410
332
5369
5245
1822
5877
1078
2799
1664
1494
5324
5726
5833
4274
3831
1071
5843
5217
2018
3688
7090
6810
582
1077
2730
2651
7523
5127
4568
1173
634
1950
979
6684
6517
1858
3667
7491
3924
7460
2341
1392
1811
1084
64
4365
125
6686
5156
4077
2575
6817
6442
6030
2709
841
5340
4312
5300
5650
7031
1318
7563
4919
6878
7885
6201
1773
5258
110
6353
3223
2209
1967
4941
6970
1625
6628
5897
5572
2634
4682
1708
4379
6357
5188
1179
1202
5478
5974
6390
355
5531
5496
4905
6971
5549
162
2968
7709
5770
5913
1222
7691
6036
3663
773
504
1537
7210
2372
4525
206
4297
2984
5032
4148
2276
7499
1620
1241
5144
1706
2953
2613
1256
117
4335
6167
597
2289
4781
4906
7331
7720
6688
7681
6157
4639
5685
1314
3595
6236
3942
7354
2978
4129
3036
2839
7649
7159
6035
3381
5582
4947
998
4014
2848
7028
4140
5128
2933
7553
5708
7155
2382
4119
4606
4269
417
4498
2111
4137
7079
6860
5079
2152
7801
6694
5138
6862
4640
2547
2400
5369
6089
4700
3762
4712
6111
180
758
6243
2947
5701
7363
7986
6925
3472
5087
3329
6249
6475
1786
7202
4741
227
7402
6421
5233
7356
7701
3029
3420
2942
7816
3642
1558
7272
4540
1843
4374
4443
4626
5486
487
1132
1252
3232
2785
6965
5454
2611
6211
4339
3526
3767
3291
7959
4041
5227
4772
4828
2776
1547
175
2942
4999
7531
3508
4300
741
7326
6568
2343
1973
3163
5924
93
496
3894
754
7372
436
3856
3172
5433
772
202
2872
7061
282
2435
4115
7945
1089
1433
4390
3740
6955
2375
2234
1570
1025
7203
1395
5308
2609
6774
313
2870
2715
1500
3266
1828
2863
5935
895
6704
4919
5487
4005
561
6159
5459
6691
2271
4441
6517
2988
5848
2256
4080
52
4539
4644
3331
7789
2908
6674
4126
6549
1218
159
2799
6723
2140
3606
4342
3077
2571
6209
4320
3260
7404
1139
2314
2994
6346
7443
6268
6020
4572
1687
7837
1401
2082
4535
1904
7594
4865
2395
5221
5901
2742
1206
4654
7585
4353
1419
7111
7283
121
5528
6585
4721
5899
819
1033
4174
3264
7792
3236
3951
6430
7342
7450
270
4780
6064
4503
6173
265
3110
2093
3930
3355
6446
4113
2511
433
53
1565
6427
6747
4120
4528
1278
6357
4182
3901
6398
3564
5890
7002
7040
6876
382
5845
7527
5598
6419
5992
3944
5413
1566
3670
6002
2967
4158
2483
2820
4112
5821
6126
5368
5130
3170
6529
5371
707
385
2815
2634
4455
4301
315
4419
1468
7532
7141
2278
796
4424
4960
7226
7064
7919
6746
5089
7609
3814
6065
4739
6413
392
4657
327
4451
7704
2613
3955
2320
2640
535
4129
3780
1440
4733
1466
7193
1999
3145
1027
2643
2363
1327
7132
5591
4361
6972
4395
7899
333
1455
7325
6443
6950
5771
5790
918
7250
6507
4386
6607
1016
2683
6216
1481
7413
4986
4241
5113
318
3244
120
6579
7250
6348
378
5522
261
726
5709
5817
1206
7971
1931
621
5969
1315
266
282
6713
6119
2119
4488
5202
801
3032
5216
174
6645
4651
1103
4731
2558
2304
688
7167
2285
2149
3960
6736
2901
6943
6137
3756
4227
5292
4784
3284
2257
2482
3110
1315
2485
2416
1709
7345
3420
1201
1500
2265
2162
6397
3753
7187
3931
4508
588
6644
237
3133
7417
5118
6360
248
2034
3832
6486
3590
3918
3150
3004
5281
2095
4845
229
6128
4521
3283
5740
2282
7810
1973
2374
5566
2877
4563
1140
1740
4726
6053
3254
2539
6660
88
5211
2545
1279
5177
3448
7314
749
6740
4330
2582
7388
6501
6526
3757
3648
2921
4892
1469
7142
6261
7823
150
5759
966
2142
4423
1937
1802
7817
2614
3452
368
1068
2439
1669
3969
5530
7520
4706
1875
7580
7201
5958
6633
5999
6441
1724
4628
5664
560
3587
6079
3323
2430
5533
5250
4221
1729
775
4728
7502
293
264
6295
5039
255
6527
