2308
956
2251
89
1092
971
3631
1116
158
3785
7077
7844
6660
5587
5845
2134
3702
3147
374
7024
383
2978
900
3536
1226
6509
60
2502
6383
895
986
3025
1839
5501
4062
288
4719
4120
7570
7956
3273
2577
3085
3394
1331
358
7449
7745
6981
1272
7223
2153
1325
1951
2838
905
7607
6245
973
3834
6533
5844
5663
6462
3578
5779
5044
6161
1712
1867
6010
7397
5986
3325
2417
5061
5204
4495
784
3608
4871
2640
4270
4007
2535
745
4687
4763
6297
7194
7265
6080
989
4553
6934
6601
582
6021
4225
6762
2171
390
7577
2480
5623
197
836
2856
3182
3069
1273
361
5432
4268
3652
5661
3336
7313
7417
2934
1681
7525
3652
739
7584
2581
3106
6640
2053
7502
557
1991
1211
4967
1078
7690
6616
5197
7464
5944
6355
592
2194
7138
798
229
1486
1062
3494
961
2696
6406
6870
1160
4873
1894
5248
640
4912
1975
4358
7022
7478
1622
7275
7571
2936
2298
2771
3142
4030
3208
6277
7899
4961
4787
3901
3664
4960
4716
5493
165
6887
1863
4230
1048
2611
6177
6248
1118
2143
5244
4150
4916
2509
7354
6565
5288
393
858
2739
6264
6432
7594
1343
3325
7895
7965
2063
7412
2276
2042
1300
1222
383
6649
6202
103
2000
1158
746
604
597
1408
3712
1197
6415
5677
2420
3503
3437
5430
3270
4839
5290
3959
6897
5128
6914
3683
4963
2205
7911
3532
5165
5199
7773
5775
4908
7114
4085
1087
6138
3084
4077
4744
1202
778
5936
3597
2080
6473
5504
4529
2836
2561
4896
481
4532
3647
3600
5656
3698
302
522
4349
7966
502
7205
5198
3782
3720
4900
4059
5841
6383
7213
4865
5884
4567
6893
2924
2535
3749
5749
611
5883
7536
3302
7064
4632
6701
7820
6443
5298
491
6645
6434
5479
7646
4418
5433
3543
1132
1354
7397
2950
1028
5353
1555
4652
1455
599
382
4566
5344
4421
4220
2576
1114
5115
5536
72
58
1455
5949
2522
5905
2275
2888
5333
3442
1423
3289
5188
653
6235
354
5780
4278
7872
5162
4342
6787
4985
4231
1818
5940
4411
129
6965
6439
3747
6535
2353
5287
2912
6463
6542
2307
6790
5452
7208
4650
5868
7897
6488
1083
2799
1236
689
4889
4958
3649
7259
1699
1332
1865
3354
6743
478
4624
7930
4906
417
4447
2633
6005
2954
4513
2203
1779
1525
2512
746
2704
2845
6926
1183
6553
3013
2929
305
6697
6392
2740
6997
1783
3635
7455
3877
2654
4863
7885
7073
5914
6884
6061
7910
5095
7980
418
5311
2198
5589
6909
6026
983
4949
6381
1190
6402
3069
103
2295
2798
7078
2473
2090
7519
6498
1883
7716
6994
6093
707
5252
5596
6329
5724
3761
6641
6346
4502
3853
1946
2458
7398
1862
2469
4603
4316
3853
3455
6877
4506
1316
1822
117
4061
312
347
4885
7765
7610
4654
2298
2268
6904
4990
6590
852
5606
2132
5674
6240
1512
4513
3383
5440
231
6596
5750
391
7844
517
3830
6626
6131
1496
5574
2153
3911
1149
3118
6932
4516
2464
7921
7956
7220
5748
1943
6601
2769
4244
6305
1245
3836
190
803
6568
2849
7134
518
2063
4846
75
4571
2760
5441
1299
2048
2694
6450
5323
3362
6773
3641
3711
316
1257
5595
3620
5406
3313
6773
2177
5594
6578
6382
4770
7841
257
5887
7392
157
5825
308
5688
4327
2091
3657
2229
7746
5442
6821
5350
4084
5164
1597
2974
6956
1886
5287
4358
6959
1062
6853
1758
7831
4941
7008
1960
2828
2965
553
6771
5205
7741
7909
1308
2572
7758
5543
4911
1177
6655
7502
2069
6805
4065
2652
5388
5687
7693
3152
4580
6796
4734
5893
1797
3543
2717
6875
7196
1016
4371
6594
5268
3111
1215
6282
7145
5514
146
2180
5530
5575
4543
2085
1937
546
7584
3722
3809
3426
76
174
7108
3757
3727
7445
6321
2023
4888
4287
4237
4439
3714
3633
5106
713
6174
890
2266
2134
6936
7689
5549
6941
4208
7896
2291
327
2587
5163
1467
3384
7555
2713
825
472
7982
5044
2008
3235
1595
1150
7611
5011
3073
7447
1664
7618
5445
6123
4139
4937
2806
2667
4483
1511
3171
5102
2680
7319
6507
2055
2741
1517
7012
5588
5916
4830
4336
4766
6850
1726
3021
7119
1700
4093
7666
147
7522
5752
5437
4712
3016
1484
5550
314
2752
2989
4132
7570
1520
2956
2685
3271
7397
5584
5560
715
2934
3363
7291
2757
7026
4070
2877
4446
1978
1293
5429
7947
6200
5983
1433
1784
7141
7729
4097
3574
7149
87
4446
5857
7851
1409
1375
3902
4956
2954
7824
1092
2
5450
2060
6401
7835
4560
5683
1073
5879
1250
3316
56
1623
7781
6131
4777
114
6366
1973
6498
621
2503
7661
6110
1803
448
4552
3848
3093
4341
3357
3974
6501
3293
6411
2519
7391
6257
2741
3565
186
6513
4580
70
1408
1380
3173
3922
1791
6787
7815
1839
7353
4223
2566
2054
933
6217
2490
2041
1194
3297
459
640
1738
425
6914
1146
527
3985
1063
440
6702
1679
4516
6563
5555
2882
116
729
5091
957
7108
397
7159
4551
6612
7606
5255
2136
7333
5077
5142
2773
3278
5722
120
7450
123
4383
4926
5735
3141
3626
4481
4930
7402
4496
5899
7470
5521
5500
7348
3994
7796
2807
6093
790
6040
6181
2033
938
7534
2579
4105
7259
6802
3816
3932
4230
5826
1343
5301
7575
1361
7258
4416
1291
2862
5422
1699
6974
4929
28
2840
272
2801
5456
3834
1856
4482
3543
732
2105
1817
3064
3523
4701
2890
2536
1741
7461
3639
3039
4136
6988
1481
6851
1398
3671
5357
1355
6501
3462
4378
1039
2088
7364
3026
985
7622
2988
3991
2138
5504
6930
2895
2756
1151
7295
1355
7726
320
3822
2576
4786
687
7082
1424
6918
3347
1591
3731
496
7048
821
550
2702
2597
5688
7818
6784
2304
313
2593
6177
1336
1293
2248
1264
3955
3657
2965
2757
1818
5714
861
7832
3141
3167
5635
2501
7897
5304
4035
3428
7149
2463
3709
6522
4477
3556
1493
6374
264
1354
3982
1224
2351
5671
3538
6699
1291
5499
2692
5938
4139
1039
1140
4970
2361
3845
6876
7416
5168
7682
2663
470
7226
4125
4329
1071
3719
3893
6150
4110
1783
906
1517
1760
4999
352
2184
4501
3802
5058
5536
1231
4703
5730
4042
7773
5684
7131
1147
7211
368
6569
669
2893
275
2236
2359
576
424
519
2365
1256
1836
7257
677
6229
5986
1454
1731
6899
2918
7948
7333
6650
3198
3458
5645
2595
7588
4256
354
807
2883
2512
7728
6022
614
2121
3649
4223
7306
6945
816
6080
643
6538
638
4903
3878
1890
4098
7015
5219
2335
6813
614
557
7254
3223
1714
4601
5947
4946
1590
785
5911
3694
3947
705
553
7589
1618
5472
2537
2183
47
384
5854
7341
5634
5252
2663
4990
7268
55
5039
4740
29
5226
6393
5797
1293
4142
2837
4731
1637
7860
4432
3383
5468
5501
1416
1863
1171
7431
2388
4053
3677
4044
7804
552
297
6128
4148
2617
5405
6831
7103
1263
336
4973
7658
3157
3677
4129
6566
2816
2403
1513
2304
1691
3204
7983
5404
7364
6200
3984
5919
3037
3475
2604
7797
1968
2092
554
4455
4795
901
2889
5635
2217
4726
1050
1924
2530
6598
9
4022
5159
4544
5254
3697
3244
3085
7550
2007
5341
1810
2373
3340
1156
2264
3616
4487
3616
2452
3983
6562
6860
5617
6766
5970
1837
7161
1921
4754
5262
7254
6652
3668
351
1897
1255
1070
538
1232
5177
3736
415
1320
2087
6274
4559
2550
5857
790
5574
6703
1559
6421
7527
5825
5365
4313
3003
4833
7238
2836
2044
4011
4863
5827
6507
1190
5757
3315
2510
4826
6753
5331
1106
6480
835
5210
5423
4709
7457
2721
6394
2551
3480
1258
3535
7729
4386
1063
3678
6422
4853
2243
2606
6166
5289
5375
2789
7028
2699
3440
3995
1505
23
3067
6271
6585
293
138
5877
4053
1313
1027
1552
5797
3576
6465
7802
533
3826
4297
2918
5619
6432
5624
891
4091
5684
3931
5314
3366
6714
2507
6100
7298
4281
6923
834
1383
2880
4426
3536
5164
7664
2831
5488
6650
2034
6792
6935
6463
7094
2824
6414
37
5733
2500
6339
1826
1450
2964
6664
364
4440
1322
3462
3550
3828
7987
154
6014
6925
1282
7826
2320
7548
4404
3506
2024
2940
5307
3953
1683
3313
7114
1067
7285
7100
3587
6883
428
1680
4192
2705
3246
5786
7327
1735
5638
239
4746
3522
1380
4020
780
2216
5101
2770
4847
1322
7876
1266
5320
4680
204
2239
3714
5405
7578
2827
3696
6873
6236
7559
42
6902
6149
5172
5242
4325
2840
698
5990
7113
1957
6100
2780
2375
3495
689
4762
4880
7530
5016
7350
2382
5729
511
6473
7235
3271
4474
4708
4869
166
6119
4160
1855
4068
6213
6825
4947
2286
635
6043
7084
3862
1602
7629
3792
6544
3161
2522
27
3599
3554
3076
373
2626
6461
7155
3113
5102
2417
7709
7078
3817
2720
1812
7477
5320
4236
4770
4283
272
5278
64
5138
4219
7258
6965
438
879
1178
3915
1955
5295
1357
4849
66
2988
4241
3109
4906
500
7982
7342
2105
2543
1434
1762
437
427
7076
5877
4683
12
7000
6262
6751
5457
830
2894
707
4351
57
5054
7248
285
5524
1116
1550
366
3686
6461
3913
3306
2449
2092
3284
1298
3235
4658
4853
7221
1036
3372
4714
7303
5749
5546
4067
3892
3548
6590
7913
7967
4794
5903
7287
6148
1829
3131
637
787
6552
3707
5376
2599
1958
5073
3466
3863
290
629
3204
7512
5334
6756
5858
2138
7640
2731
2095
5108
7706
3982
3084
4629
3467
7222
2594
4332
556
1274
460
2927
4846
7612
3334
1618
2981
5990
7840
4580
4501
762
7767
7959
2696
1701
609
1182
4382
1126
3760
577
1701
3873
6763
30
4242
7444
988
6682
1831
1740
6845
3709
5951
2529
7941
5129
5341
4373
3566
2417
6428
2181
7254
6577
797
1241
4364
5454
4104
7479
2479
4950
1742
5296
3322
5989
716
5570
1939
5411
4884
2435
6926
4782
5030
4725
198
7409
2521
237
7878
6066
322
1611
4028
2590
6693
97
204
6660
7510
3947
4362
5602
7274
255
4086
4819
7798
3376
284
4337
7119
4902
6442
5008
2281
4570
2710
3420
5261
3617
2529
781
5358
2876
3848
7269
2040
4060
1106
7863
4210
6529
4105
4535
7867
2143
3985
5137
7458
6769
1977
1088
5944
2264
3210
2751
2346
6161
7507
6760
7292
3479
4798
7498
4049
5146
6684
7216
7316
5213
2257
5831
7420
234
2693
425
5838
4213
1924
4926
6423
4613
5839
5149
7199
580
5145
3578
7095
7029
6229
6447
5665
7974
7419
3075
165
3586
479
6843
5093
6259
1557
1077
1882
7055
6048
1676
7723
4107
3012
6857
4619
174
1741
2237
4058
3861
2309
7821
4534
2715
5097
2119
2344
727
2800
5712
1264
5967
6219
3801
7261
208
7474
676
1877
2824
1441
4956
1246
5452
6762
5349
4224
7293
3446
4623
5335
4179
1652
48
290
3527
7755
560
4100
1996
6342
5623
5249
2491
5088
467
4934
2065
6371
2464
6299
4865
113
1594
7473
244
853
2105
5240
5951
6125
3512
7261
3255
6950
1504
1827
5839
6411
5813
6457
5163
3139
7596
710
2768
1560
5920
7577
2099
5770
7207
7326
6823
1830
7894
382
589
882
5783
6686
3941
3629
808
1530
7728
7002
4382
5587
6756
4023
3255
3812
2836
596
2944
7890
5297
7799
1572
1484
5977
6769
5345
1960
6913
2100
4405
4785
3182
457
1087
497
6645
2115
2757
7957
7487
163
1549
2056
4921
5708
7927
643
2249
2498
691
4920
126
7000
7845
2021
7437
925
3630
747
2254
715
7915
6842
3724
7873
224
7991
4222
156
1219
6354
5902
5773
6530
5251
6074
453
2823
7448
7655
3392
6822
2376
1634
7614
6674
502
1157
7925
3528
4457
5829
4650
3671
1235
2199
3086
5997
4253
1951
661
7406
1654
3140
4417
2387
1018
5826
2439
5231
5837
4496
4393
6833
5850
7492
1328
4453
2879
7745
3908
4434
4506
2592
7839
6942
3884
1634
6231
5766
2035
2494
3412
333
6085
5331
193
5355
7401
4856
904
6053
7927
5519
223
1331
1191
3297
2351
3058
7439
2131
5583
7277
4939
4385
2397
3500
7447
7731
7636
5497
7285
6027
5518
2493
2289
2651
2784
4929
4771
7526
2012
7235
6950
3718
5065
520
6143
855
1602
1371
5690
7358
3090
6227
5785
4605
5930
6095
3269
7148
6784
4836
112
7200
7449
3621
3627
2713
1741
1145
1886
4085
5900
90
2143
4721
5507
4785
6164
4065
3956
5493
3638
3844
2219
2889
7311
1483
3603
7736
5065
3707
641
4561
2935
6318
1857
6025
1763
3600
752
5715
5446
5334
6087
7690
7787
7408
755
4152
4668
2653
6682
7177
870
6422
758
6624
108
2730
6041
6563
2594
2269
1825
6016
2027
7113
3993
1858
4596
3568
1536
7518
5815
7810
6012
2913
5287
3560
7796
6105
2941
1568
4522
2678
3942
6286
6952
3473
3051
3010
375
6651
754
539
461
6455
2277
575
6964
2790
2256
6157
7974
879
764
7546
7765
168
5940
944
741
4049
438
1708
4896
6656
3814
7785
6947
552
938
6698
6642
4080
6389
7897
1385
7328
7532
6737
7571
6787
7270
677
6231
7927
374
4469
4329
6048
1035
7782
6882
1199
1698
5706
4774
3624
1082
3562
1075
1420
6172
414
2809
2016
7752
3750
7262
2081
1033
5485
1341
538
707
2304
7757
222
5920
1877
4417
6111
7253
4102
4836
6591
2491
1194
3604
2702
2888
7797
1999
7164
2881
6428
4516
3312
2897
4289
4040
3522
6378
6970
7406
1993
5564
646
2110
1853
7808
916
6793
1739
2382
5011
5140
2897
2418
2663
1239
3098
3841
827
5233
3960
1798
1280
1710
6742
7102
3248
4186
3318
1832
7281
137
5817
2371
6840
5616
7212
5528
5127
4006
4401
5980
2835
4319
7999
6954
6000
5829
3307
43
1502
7221
84
1352
2896
28
6424
6097
6387
834
6581
5565
293
209
3805
6697
4505
2956
4064
6059
1370
169
2742
1178
4549
6591
6874
7767
3794
2900
1479
2354
1496
7080
5833
4766
4150
5405
3811
1102
2417
5660
529
4783
4849
1262
2781
1986
2478
1250
3546
5732
475
5147
7438
6331
5349
4823
6252
3767
6523
4216
6952
2318
7436
3499
5079
6901
6820
4461
789
5495
1302
3222
5683
2262
1259
5555
7876
1165
2979
2230
3978
7307
3033
3610
2167
5816
529
2963
6318
6235
5397
65
4011
5030
6095
7692
4528
6976
164
5077
5107
5912
4609
5860
5381
5726
591
2283
5871
6932
269
1785
487
1545
7495
4511
4111
7251
6119
5324
1254
4324
4356
1057
6813
4406
7786
7384
7826
261
7647
595
3919
4331
732
1735
3249
3161
3470
3178
2730
93
3676
6357
7650
6926
1113
2902
3885
4649
4207
3939
5790
4724
2360
4630
977
5485
5177
4321
3688
2269
7405
7573
1482
3548
7059
981
5436
2081
5142
2873
1667
4248
7198
992
4003
6166
652
1286
2600
894
7556
7079
1639
4322
7548
2608
1908
5613
3673
2366
6313
1406
6286
1439
7561
53
7367
1072
130
5727
5730
2810
7346
4824
3378
2789
4411
4500
5457
3978
2519
5642
3868
214
5987
3396
3697
2902
1476
7046
3440
7275
5892
4860
6972
1186
2058
1456
2297
5553
7700
5685
1640
5802
2798
47
6178
3210
2725
5727
6785
4191
6019
3808
6781
7872
590
1197
3181
6090
4346
6226
6096
849
2185
7938
660
4125
6068
1870
6927
5428
4418
4951
1575
6590
428
6356
6031
7020
227
4146
7922
4919
1624
2166
6199
7415
6032
1242
2077
5180
999
3948
6763
1230
825
5548
6163
537
2474
456
1033
4815
4062
5264
5712
6298
2937
4233
7290
4052
7835
4947
7562
6654
4365
4016
1960
3145
4538
212
1634
3280
2729
2701
3516
1136
1668
2123
1837
3680
4187
3184
2908
5171
1794
2964
2230
3385
3108
6458
7475
5452
4051
6957
4893
5375
1910
7894
7
3218
193
7944
1401
7807
7654
1368
6942
3309
7938
6362
519
926
3840
4330
2290
6507
6529
2385
5856
3162
2294
3189
4402
954
7505
6450
6765
3208
6684
4190
4775
1445
2659
5260
6231
419
4205
1447
3244
4457
6914
1714
4547
5989
7148
1609
6010
4526
7511
4660
5696
4033
6306
3717
5901
636
1300
3740
1820
4945
5871
2191
1689
2929
6950
6626
3104
5588
2918
1449
6680
7507
2472
705
4146
373
5616
4160
4736
6258
7313
7204
3443
823
5018
5886
7723
5829
2309
6455
4095
7604
3337
6721
2374
7846
6685
5400
6292
4839
3850
3293
3820
4832
4445
6095
3029
1932
3904
1393
2819
569
7987
1665
7246
1076
1928
477
4728
1526
6760
2127
235
6973
4540
2923
6393
6315
4759
4750
2837
4903
6075
782
249
7050
4313
3852
7837
1770
1540
559
5744
7523
4650
3914
3483
4905
2656
7694
5675
6071
4477
6100
328
4490
932
6635
6205
6146
7241
4438
495
7685
2177
7004
2569
3621
2631
1003
7629
2959
7990
1541
2138
2685
6621
6243
2352
6160
4945
1824
4058
3218
2916
2501
586
1875
1117
6047
4454
1092
2054
2519
1167
7642
6219
3815
1767
6392
7558
2803
189
4761
3776
4587
1646
7860
2003
7026
99
1807
2604
3559
5151
6087
2652
5176
2206
7630
2323
41
2228
1492
5664
3345
2042
1716
2709
5103
7310
1761
4817
4015
3560
4546
5061
3005
1671
4435
761
3755
7359
4925
6400
6554
247
748
387
1331
6956
4060
7083
6115
6715
1812
1885
7547
2885
6937
4
3952
2941
1801
6691
813
4176
5106
5065
3541
1017
2105
3194
2660
5488
7008
1798
4140
5139
324
5272
5630
6834
7097
3350
418
4525
7148
6732
6672
2322
5601
2846
2981
5833
5975
1870
3815
4575
5352
5283
2982
5105
3733
3322
5821
1766
3245
533
6664
5812
2888
6047
4766
1159
3054
4490
6606
7713
4666
5661
6692
5222
6310
3375
2682
3867
2560
3725
700
6590
5515
575
1309
844
340
4854
55
5196
1708
961
1012
6126
1266
3317
478
4548
7841
1295
6629
1097
1207
1744
5078
6488
6877
1149
2020
3928
2907
2044
2850
5580
7480
5129
7385
972
5821
2654
1115
1445
2554
4390
5538
4284
2093
4246
2492
1852
2153
7140
1473
1923
4136
1562
3941
5461
5164
4172
6768
239
3599
4138
7976
2333
7519
5750
7876
1642
106
619
3272
637
4709
181
3363
2019
4824
5047
1165
3105
4559
747
7902
3260
508
7947
2446
6058
1796
6971
662
5293
60
1428
5049
1713
7870
5341
4106
5281
52
4456
6551
1846
2903
3097
1339
3352
4823
6906
6981
2200
4916
3512
7857
6774
966
1227
5719
3028
1565
7555
407
1342
3155
1684
7146
5404
5308
3857
1161
6619
2626
6211
975
4690
3376
4530
4051
5220
4010
7880
3522
3174
336
912
6228
1786
7669
232
342
713
5547
1999
6645
586
2252
1980
5260
2031
2365
1180
2005
1613
3489
3212
5648
5249
7488
5628
4598
6491
2240
5111
518
1849
1963
5353
6020
4315
2512
144
6297
4215
6475
6676
3397
2311
4649
677
7511
5479
943
241
5060
606
7896
2443
5709
1011
4044
4941
6088
1353
4893
468
1051
7958
1048
5495
3792
1661
4986
787
3565
7944
3852
2458
6729
3455
390
6625
5443
3168
3703
4365
7613
3070
3431
870
5970
2348
4932
1129
1121
6145
2837
4864
449
2848
410
4862
6762
5785
3106
2761
2528
7182
4986
4198
387
5547
90
5107
4605
4184
5433
3769
753
7206
4871
2230
1954
6055
6897
2157
5438
4800
3662
4444
7688
26
6959
7645
1810
1822
7733
4397
5743
2588
5937
3739
2434
4015
4409
973
4985
2373
3957
976
4080
4827
6545
785
300
3160
6678
2890
6279
7192
5314
3130
6462
1262
439
3231
938
2146
7818
6413
41
5090
4105
6595
3138
4130
3986
2312
1892
1299
4715
396
5950
6981
2701
6041
81
5238
5299
3245
5255
6872
5694
6531
3142
2771
6812
157
2748
885
1970
6316
5104
6221
2382
5970
5091
7510
1655
7819
188
3154
1482
7466
5522
3364
7227
6768
6902
1375
3583
6267
6232
7104
7405
824
2554
3453
1147
7696
4057
337
1851
523
7204
313
4145
6412
3538
4556
5396
3318
7122
732
3678
7133
3140
266
5763
3772
2495
1
2736
4220
6791
3175
1132
2564
6722
3279
1701
7410
7069
6191
2104
4991
2671
1357
4516
510
1955
2220
6846
2798
3142
793
6252
2501
6931
7979
4814
4575
3111
7424
2639
2550
5072
6508
6664
7344
2999
5644
4795
3858
2484
6863
2666
2280
6275
61
7919
5781
400
7398
3502
4519
1386
5910
5482
3169
1734
22
4393
1341
2730
648
1756
5585
3466
2081
6851
3579
4758
5836
7145
6557
7907
1753
7045
3119
5230
342
6768
1761
7792
7613
5546
6003
1901
4803
4023
3990
6441
3551
6167
4822
2855
2212
3947
767
3824
6552
4376
5895
5351
5865
2948
3416
6871
1516
3275
1697
2680
6901
5858
901
6211
2999
530
5064
2154
2771
6560
2812
5503
4727
3640
3321
1354
5996
6867
475
2281
1661
4220
663
270
7806
2134
1070
1989
2589
2031
3044
7336
2407
3876
4745
1761
1195
1803
5110
1416
2647
1428
5272
3838
4389
2269
1375
5666
645
5066
7101
1362
6286
7939
141
5695
3153
1917
7910
4960
449
5620
7767
4598
1679
3425
1646
2245
4660
986
3013
7264
2497
1689
1096
6559
3442
4951
6383
1467
7692
1227
4828
2120
7103
3654
3057
2771
6626
224
2423
3099
5213
4821
7640
1443
1247
466
4596
5665
2312
3481
1056
5506
4133
5597
5619
6324
6399
6065
4224
2238
1638
7722
2311
1752
6414
1333
7372
7217
5665
4670
7427
6155
426
4715
556
825
3550
247
4133
5148
5022
7636
2465
4291
458
945
3549
936
5679
5601
611
2290
1470
6981
7068
2955
5078
5183
3642
3851
5677
1220
691
4379
6817
6309
4520
4828
7337
4546
3269
377
5786
3543
1118
1189
1128
5664
4325
4610
7671
6173
4166
4014
7182
2503
641
3293
2206
5855
6977
2248
3413
3545
1773
3955
5098
7974
3197
2724
1222
2432
290
802
3257
5627
471
1958
4955
456
6498
5979
4445
2498
3986
7969
7976
553
1623
6054
1758
4918
3242
7548
7314
7482
6773
5091
1672
5010
7716
5387
5135
5990
5705
4746
4998
4981
2409
5933
1703
7659
2950
7994
3907
4723
2852
304
3042
7377
2484
604
6909
3797
6041
9
6690
4405
4438
4371
6467
4707
2032
331
7681
7636
820
2591
3545
5078
2914
6289
4264
3536
5368
7447
5051
1526
6472
1289
439
6594
3209
749
4178
6794
7696
1847
4660
7191
5884
4106
7262
1459
6004
6220
6361
5021
5053
3675
77
1663
6256
2132
1989
3036
4514
4342
884
2283
4362
4038
2768
4952
4141
4510
4077
3559
7980
1838
6861
4662
6472
1443
7577
5011
4108
7633
2269
268
6804
3508
7715
7378
4001
5700
7715
5033
311
4912
830
7834
2998
6444
4870
4613
4765
2526
4820
6503
6844
4263
3879
655
3948
174
2598
3543
5459
1779
4700
1820
6286
6068
3732
1157
8000
7237
6068
2178
2358
7068
4541
4847
7550
6929
913
1251
5156
2129
6127
5771
4132
6677
1243
7696
2186
5539
2039
2390
4651
3340
3957
4681
2659
3636
4464
7190
3236
2757
4688
3199
6304
7601
2061
2591
6089
6021
5399
4257
5699
1227
61
7660
259
2404
3018
6961
4097
700
1949
7911
911
1193
4141
5522
321
648
5095
4967
219
2465
5088
2921
4380
6887
4755
3584
7475
4924
2853
3130
5107
3502
2785
3157
3829
1531
3655
3241
3074
3711
7679
49
13
930
6595
6209
4604
6756
1869
1877
3778
4205
2822
3008
1186
1458
7032
3987
4868
4984
3361
6722
2309
4947
2174
2605
7822
7020
6756
272
752
6008
4765
2145
5445
608
5685
3678
4535
2813
5640
4115
3199
2835
2175
3482
3559
7588
7090
6555
1699
4762
7427
6319
5669
1426
1412
162
3088
4430
188
4851
2683
3288
5795
676
4160
5754
4355
3330
1682
5974
2707
2434
5518
3707
389
5295
1837
3544
4540
7313
6778
1477
4994
158
2385
7060
973
176
5386
6658
6120
5108
3599
368
818
1426
7879
2276
6624
7678
2781
2492
4747
2761
2988
2882
7266
1632
2059
2843
5197
7712
5514
6097
2417
3907
143
76
2986
7718
6417
4076
5154
4370
3346
770
3429
2398
904
7353
6085
1934
3683
7057
6195
4036
1273
7037
3476
7610
3270
117
6523
1565
5530
813
7416
4123
242
6902
4083
6141
923
7924
7397
473
1450
6206
411
5935
3960
5217
7523
2708
4095
6873
7080
3961
5379
3718
3244
6422
3019
7289
651
3345
3841
7481
1974
2746
7171
1692
7327
3842
5899
1082
5326
5516
6973
3789
3074
7796
3753
4950
1200
5356
4000
1713
2566
5489
2949
7769
7482
262
4405
7513
726
1909
712
1874
1652
1723
2155
6499
4561
6776
1808
7134
1562
954
4919
2529
3566
2363
5068
7169
7723
102
1363
4931
6110
1864
1466
4510
4115
3000
7116
2672
1496
7968
184
5377
3357
30
5091
411
7862
1030
4495
7544
6158
6732
3821
5758
3835
4209
454
2392
2432
288
1159
881
2505
6255
3458
4081
5556
2256
4067
2166
7670
2164
2715
5839
1475
2944
89
5351
1330
590
3132
5067
5413
200
6668
728
2677
136
2679
4577
4575
2569
2374
3596
7020
1355
162
1580
2805
3704
2917
453
6279
2453
4023
1164
471
4820
279
4392
119
3101
7427
3651
3815
2164
3695
7810
4751
291
6014
3715
2607
6153
423
7211
6400
4456
4019
2830
3466
2200
4361
7067
7002
2344
2997
5401
5490
320
480
3804
2995
3782
4415
4974
2465
5360
6837
380
3559
7091
6234
150
5054
5419
6139
7535
2482
6217
5598
3357
2749
4779
5723
7291
3040
1190
1913
7817
4823
1882
161
7448
5024
3099
7614
2637
4591
3764
4074
7193
1974
568
3795
506
3833
876
2773
7375
4865
7372
4386
3055
3432
1431
6945
7846
4854
4604
2335
877
2617
1666
7411
2414
582
7422
104
7507
2890
6155
5456
307
5814
71
4979
3939
6911
1544
7412
3089
361
4611
1951
1016
2975
6427
5575
6567
1769
146
4313
2227
6102
5993
7836
2566
4766
6294
6851
5276
2825
7193
2682
7335
4616
1574
7780
6028
5962
1743
3139
5622
5681
117
7395
6814
546
6004
2126
1386
1410
4881
6300
1177
7326
1918
1754
3803
2253
1455
3292
6474
402
2778
3059
1262
823
2828
3154
4519
4739
7127
7688
6412
5343
7367
4550
3128
4294
343
4929
7676
5708
7210
5233
3749
7098
4064
2376
6763
1737
1712
7384
4971
4631
3358
3011
7657
2085
6610
1573
3018
283
6334
1423
7496
5549
953
2060
352
7072
7618
4873
3856
2097
4346
3578
6958
4560
7739
1959
3917
3184
4826
4779
7014
5459
4306
3882
269
6778
5357
278
5727
5517
3466
4187
835
6681
6008
6900
351
6986
4945
2199
3373
5713
1757
4532
5213
3988
1787
616
2044
4216
4467
3960
5588
3190
5578
1382
3337
2571
5656
5870
309
2925
5294
3633
7344
6029
1256
3529
527
4886
935
3099
5016
2795
3174
4424
6264
6811
2981
5614
2788
2274
1952
2104
1533
6937
4464
7913
714
6579
7821
3837
4980
6771
2644
1738
6826
567
2296
3959
6951
1140
6522
2750
6441
2761
312
3160
1735
7674
6669
4861
7983
7434
7985
4004
6320
3065
2981
1644
2019
7098
4835
6191
36
5686
6654
1126
5260
3153
6243
534
2864
2682
4930
2714
6983
2138
4772
3395
4005
5948
7247
798
187
2915
7415
2096
1440
908
4386
5971
7917
6528
3233
2801
2564
4000
5299
3032
7564
6309
7292
4624
301
3311
6047
1557
2669
1926
6052
6110
7520
6243
5038
7918
887
7537
1302
1838
1842
2670
3463
5985
2671
6532
1379
1270
3685
5293
1579
7123
6865
4963
4284
640
3092
4479
5381
886
7015
2889
7738
4878
7150
2492
2354
6639
6264
1834
4076
240
4555
1469
6095
1158
3750
5139
7618
7343
5820
5291
1145
940
3692
3306
1734
3356
3838
1416
3724
7933
791
7022
4498
7623
4938
3019
5052
4067
6637
3373
1750
7472
528
4132
3091
4583
4064
874
4482
4967
2875
5773
3338
3810
645
1481
102
4800
1564
4159
4047
3629
6713
3429
1518
1356
4696
7467
7104
3457
675
761
7213
2017
3137
2374
4236
3771
6989
3423
502
3822
2836
1925
4030
5124
1822
5988
7424
1256
4482
664
7604
1230
530
7297
3789
4950
5215
1802
6706
3922
7038
6317
622
736
5412
2321
7173
4581
4133
1384
6766
2772
1354
7068
2591
3120
6480
1816
6386
5254
7055
6278
3932
7074
5328
3194
4186
3733
7589
3684
7003
3483
2051
4446
3328
306
2468
7537
2759
5431
513
5236
196
7489
324
2345
5637
5023
6390
4948
1084
5748
1234
7944
7133
4978
3229
5524
1076
6601
1861
5473
1782
4014
4585
7041
3722
4252
2937
2066
3847
1052
814
194
2481
4328
1889
7896
5450
1998
3818
7876
1014
5571
7275
731
6968
2360
821
4002
5341
6248
1222
3412
4506
7524
7034
4010
1386
6847
2683
6416
2756
4290
3540
4384
7474
4487
2722
2728
2366
6134
3181
2364
959
3265
6832
1769
5483
538
6306
7660
4990
2547
5000
7994
137
3619
6174
2553
4910
673
5177
6833
7101
2295
4839
6011
4364
5089
2773
2645
2111
4390
4951
687
3201
3145
2904
2828
4500
6856
5133
4280
329
8000
1488
6199
1204
905
2827
3392
5128
7640
211
7598
552
1984
4278
6012
1635
7495
3866
5455
1561
5245
2876
3391
7646
3861
3446
3904
6577
5075
2058
150
7017
4662
7796
308
2027
7632
4995
7385
6313
3789
3718
1783
2003
