7733
4472
2338
4212
716
2866
5955
6242
7803
4207
241
989
5614
2666
3052
7559
4972
4774
4472
2853
5465
2387
2921
6764
4192
2192
7003
484
3487
6832
4976
6764
7518
5361
2370
3409
2536
5534
330
7227
3310
2517
699
2095
2127
4238
951
5324
6341
4805
4465
4259
3001
2990
2557
5578
2013
6854
3645
5285
2080
6550
7600
7230
5761
7967
4115
4183
3171
6950
981
6348
3706
3603
892
821
4520
4869
4820
6211
5843
4072
1310
2636
1234
5039
2819
7693
3625
1231
6329
5274
5170
3749
2605
6763
1420
7989
4618
36
1196
6997
7795
7753
4051
2057
1965
5404
6473
7356
2547
331
5796
6433
6955
1009
2859
1976
1397
7136
2449
4492
7141
4050
2706
5718
585
17
5496
3677
692
2258
7024
3469
3383
6095
2148
6492
4728
6273
7319
1947
6344
7721
2567
5113
6160
5584
2867
5669
5555
2053
2442
3245
3
2888
3277
1645
421
6133
4162
6621
2738
1505
3443
4161
7619
4446
1361
1325
2190
2390
4346
5813
5786
4467
3408
2730
4907
1543
7225
6401
4125
5622
7287
3522
5487
2446
1825
2190
6356
5832
6392
6919
5259
4432
7622
3257
4218
7787
3788
6765
4993
3720
1406
485
442
2649
1139
7241
3163
5392
3774
6190
5995
7564
271
3263
4159
2603
5917
2287
349
6755
2619
4507
6176
3103
3331
7971
5493
1999
5000
7372
3947
1860
6386
2370
496
5173
5591
3552
502
6870
247
4145
5063
2979
4336
3091
4895
7832
3867
7109
4756
4050
750
3812
2682
1946
1404
988
379
4149
7324
3526
4776
2827
1675
7300
3607
6277
2442
163
6773
2409
6063
1071
3136
7033
6080
3281
7562
4219
3673
2815
3032
465
7662
7600
5029
2111
34
4097
6458
2254
2680
6441
531
811
5749
5236
421
2251
5153
7578
4497
2274
671
5754
2818
4048
2757
5650
1605
7958
6911
1258
2005
3023
303
1429
3366
1887
7040
7010
4547
266
3222
3429
7251
1125
7830
2388
6358
3205
2886
515
5066
4696
5473
6590
5160
1852
1346
1562
7252
5710
7465
3792
3071
2730
197
4635
1447
5759
499
7667
4372
734
5968
3335
5569
2288
1856
1755
668
1057
899
7945
5808
3105
6200
3515
803
4023
2177
3149
5582
549
7301
6149
6315
5156
4111
3032
7252
1332
5189
7922
7936
2915
3712
830
915
3164
1812
6907
3226
5695
2506
7959
6911
2945
6619
5995
5143
2
5516
5114
900
1060
2648
346
180
6619
7870
5641
3992
5334
2383
7019
7472
4663
5403
6600
1639
1034
5626
3041
7426
2991
2248
6313
6379
1177
1270
4593
6256
4413
2143
1822
629
5885
6166
2826
5064
2014
2658
176
5926
5551
2374
1591
2039
3422
4201
344
7421
4650
4835
1618
1532
5522
625
1087
1972
1278
5538
7360
2360
3396
7543
3569
3386
2401
722
4436
3285
4082
5692
7769
1524
577
3596
7228
396
1097
6262
5485
4030
3314
4162
3896
193
1492
5863
4909
560
6170
7444
5971
459
3949
7802
1709
7828
3533
3804
2674
6007
5105
5554
6510
3775
288
339
7867
4027
5365
4124
7725
6001
2242
3005
6138
4749
4072
1866
7358
3353
5136
6003
592
5305
432
2875
3536
6336
5452
843
6771
7473
7237
3032
7405
7273
6721
4827
4301
2939
711
1379
2292
3314
1140
4730
2175
2192
6262
5883
5295
314
2481
2675
2240
5347
2
1770
695
2221
6989
4679
2835
6119
6600
5625
5423
2387
7931
4965
2258
7352
3602
4550
7827
3506
3782
6429
7405
105
987
6974
3469
7872
5433
2319
7630
4024
6775
225
4648
967
5613
5510
1225
7460
4398
1457
946
1350
6382
4447
3439
728
2428
1235
6615
4465
2132
1277
687
6431
4857
4917
4758
1732
7482
3304
4537
1270
6702
3970
4648
7433
6445
3825
3807
7548
338
1558
7780
950
5940
5337
6816
2112
1331
2944
7040
3806
1399
7952
6220
2940
1135
2898
5439
2343
2381
7947
2538
5939
5468
5183
4444
1029
7476
2172
7333
2474
331
2966
3867
5542
5508
362
1384
2381
2026
5969
6128
2144
403
4911
712
3931
4548
5021
6052
1257
5405
1785
6055
4744
2757
5909
4112
3738
2004
6774
822
2904
3201
6491
7785
841
7108
6661
5111
6415
7038
3011
1671
6454
5522
5938
1291
3320
3298
2309
3721
1828
6900
1051
3685
7763
4637
6012
5560
321
2752
5776
3224
831
6472
2977
7714
4552
296
4310
532
5339
2153
2556
1365
1662
886
7040
5152
6616
5925
1363
6316
4354
7659
7074
7554
4663
4599
5242
2318
7887
4508
6249
2408
2536
933
5905
5641
3421
2205
3772
678
5508
152
4123
382
5611
196
5244
5783
7391
7500
29
54
6119
4610
966
6427
6298
5055
3151
3255
4788
3369
5019
7562
665
3141
5580
250
4383
1562
5242
4240
4547
111
7583
3157
1348
1054
3047
1320
1947
7068
3475
5745
4442
1700
7805
153
4733
4808
5303
5592
4913
5206
2386
2204
739
7791
3222
6777
6822
343
5002
5822
2603
2201
1596
374
3148
2100
981
3469
6140
6035
2884
4964
5748
3885
2525
7811
2553
5774
5576
7066
1902
3749
5608
7875
6634
584
2585
77
6591
2250
7545
5956
641
2946
25
4286
2167
1361
4453
5028
4812
4996
6100
6123
3114
7283
1410
3913
7565
2211
4997
6330
4476
7662
850
7622
4298
6689
7412
3069
2129
2193
644
459
2347
2161
6222
6552
7824
3847
7531
4963
2154
3791
5130
1845
4099
7154
4674
1850
5899
5853
1576
2164
5974
7258
2054
3195
5522
7161
2217
7774
2616
1622
4038
251
4187
814
6611
6122
3216
1535
3062
2682
1351
404
7453
3002
5531
1960
6299
5387
2390
1436
6342
7645
132
1163
4807
96
1455
6634
1887
4467
4588
4737
5944
489
5983
2174
1741
7607
6615
5904
6841
4351
6894
4588
1419
1032
2831
2787
6003
6798
6488
1816
1049
4526
939
1564
1715
4467
5459
6956
4757
7075
2769
5639
1597
3897
4524
3075
2469
4863
3029
6634
2184
4722
3465
1581
2604
4612
6830
3925
6491
1253
2897
2715
78
6311
5896
4368
622
336
2296
7870
3789
6493
5071
5124
5345
322
814
332
3007
2286
5348
5578
1251
307
7317
7931
1232
6781
5499
6867
1052
6676
7360
7841
281
4261
1454
2274
7532
4485
5877
7113
3119
5097
1990
3612
6814
3243
4963
4934
5249
1817
734
6579
7204
7603
476
4391
3549
4797
6223
4878
5787
7180
1488
7676
2292
5844
4081
4791
4014
3857
7896
7471
5629
5504
2145
3288
5583
3109
3850
5608
4558
6022
6653
2427
4681
5837
3415
4705
7669
5896
4631
645
2167
4621
557
7112
2526
7816
5893
1108
7822
194
3543
815
5424
1469
2099
5032
539
7142
6155
6598
2699
2461
4800
1935
6101
2416
5256
1995
7211
2780
3554
2606
3407
6409
1303
6160
4752
1403
7441
1632
2745
3928
5233
2494
1317
1310
6082
5933
5549
5319
4336
1271
5926
834
6312
6054
4457
1704
1257
7419
4475
7020
4446
3765
4234
5017
7017
1575
1837
7345
2644
5872
3562
2044
3308
6011
4660
1841
7562
2385
2979
2417
6736
2617
3558
7418
2940
529
6953
1530
1202
1251
6661
307
6412
7056
851
2369
7768
7081
639
1980
5721
3700
1481
2384
4447
7964
2337
763
463
7323
7525
468
6691
6150
6803
1751
4278
3699
1590
4039
3726
1019
5854
1599
2739
4880
4684
1907
5812
331
3667
1625
4870
892
6972
6641
7862
7536
6179
2229
1679
22
513
820
7790
6594
4247
1076
4436
5898
4273
718
7019
3480
13
1695
439
2298
1004
3165
3832
833
3163
4335
582
538
7649
1500
7811
4813
5381
3030
3732
486
3727
7726
3967
6158
904
7111
1943
3991
7025
2041
7667
7022
3338
2764
4835
2005
5418
4430
6877
2478
4122
355
2749
7966
2459
6046
583
426
1130
6266
7618
445
1904
4041
6524
5163
6144
4976
6839
5054
6409
3905
7981
1076
703
2648
2660
1938
1766
1720
302
7622
2745
1194
2361
2493
3264
3512
3858
968
4428
4886
5095
826
5352
5296
190
28
4492
6811
1205
5579
4128
2250
4930
2275
3661
70
7396
2874
7965
6028
6638
5667
1648
344
7918
5520
6803
475
4324
5037
630
287
4303
1066
5816
6667
6410
726
532
3835
48
5933
3793
7165
4446
1797
1637
4249
2437
3706
2883
1136
2391
7154
6899
3221
1463
6406
3369
6502
4424
399
192
362
7307
7312
7327
3552
6533
7537
5349
1198
4229
681
7670
4715
4389
1910
5179
2473
3447
6644
7778
7187
6425
5023
5582
3994
2730
7937
2387
2857
4579
5130
3639
4643
1576
4171
4059
3691
3008
6935
5816
3623
948
2489
7279
7866
2355
2363
6620
3892
7494
3763
2232
3526
48
1649
6875
3228
5988
7407
1619
7975
7915
6770
4018
1870
6865
4424
4222
7558
106
4848
2367
2763
3836
3955
6592
4413
6157
6953
2089
4395
7511
6419
7653
4626
7841
2739
6069
6797
1379
3293
3560
3261
2591
6221
2607
2219
6423
2281
1449
6046
211
488
2388
4489
4817
4405
2798
5287
4262
710
7998
4261
1216
1499
7400
4549
6781
4465
5616
5704
7886
6428
1779
4738
2457
4285
6441
163
7211
7849
5961
924
6840
5075
2181
773
3098
2907
421
515
5765
679
4944
2853
1179
5159
2478
5745
919
6360
6831
6964
6017
2908
343
5211
7595
4904
6100
7859
7310
1930
2540
4425
929
6194
3601
2071
7358
597
3481
1246
7088
7266
1865
2286
4057
7408
5645
3806
7857
4102
30
4025
6482
6259
2127
1746
4247
2882
7258
6386
1805
948
6069
4881
5125
5600
444
7465
1048
1417
7013
7078
2314
2787
696
2005
1255
1899
4489
6191
4942
2935
554
1960
6121
2341
2917
3684
6839
1568
1440
4143
2879
7882
1614
2825
4804
2667
3807
427
2789
4143
5527
5207
3663
6318
5495
7892
372
6906
7369
2190
4932
6632
1229
525
1951
5237
1448
2320
3565
3950
6383
1106
7359
6540
3250
1618
7532
2729
1209
7616
2037
4701
3017
7450
5891
2788
2509
1946
4328
4522
6383
7736
4654
7525
6440
5943
4338
3431
6836
7008
2946
1981
7410
5450
147
2143
6726
7237
6309
2355
6013
2100
7924
5049
6678
295
7772
5773
3308
5504
3851
7257
2396
1221
3372
4568
2715
6717
5414
7985
4226
5930
5515
1004
4273
7299
6399
6180
2592
457
3746
2917
2203
2998
7848
2075
3889
2905
5669
2230
597
2453
84
1717
5151
2751
7273
5271
4825
3860
6854
5393
7724
1979
6875
153
3946
3417
6232
196
7823
4651
6354
3670
2431
2234
2252
2084
2381
5010
4249
3350
7007
991
6170
4869
3362
2354
7675
4523
7756
5224
3498
5309
1
683
3909
6476
1286
7358
7061
6327
6650
6458
5594
3683
6503
111
7134
1463
5598
6688
6142
6302
46
3460
1194
1643
4349
4954
3540
191
3613
5598
4594
1592
3131
1490
6027
6717
3936
7380
6841
6249
7493
4028
4473
71
7068
16
7699
7422
7753
3564
5532
7554
5555
4722
6285
2056
1593
2008
5506
2168
7392
1294
7244
5915
2725
4670
4636
4127
4409
796
5846
7370
2080
3511
5444
5679
7699
6855
2217
1081
1170
5592
7108
4773
410
3589
974
7599
4398
2717
161
4464
5809
4201
5649
928
4360
408
7372
5106
621
2982
6401
2481
5266
6388
5741
7482
3000
2358
1408
2681
3129
3489
3400
4275
2627
5440
3368
2610
5304
6777
4482
160
1957
4439
743
7673
6197
4273
1894
3196
7824
4353
7792
2393
5676
4703
2857
3589
5061
6380
5714
7482
1641
1026
7283
4411
4232
6417
4234
780
4531
7895
4058
6105
3844
3223
4014
5015
4832
4760
6234
2163
7303
7361
1930
2214
2386
2545
7282
7371
3749
2246
1869
3175
628
5705
1876
5250
1466
1185
566
6759
5877
4695
7032
4537
2095
4920
2117
739
978
1958
985
7703
6627
1966
3076
63
7505
5313
7801
5808
6614
7478
2170
7268
2826
3675
4320
5568
5168
4466
1743
1223
7683
1106
6964
128
462
4808
7206
3958
5488
7097
5637
3921
634
5897
3697
3350
7377
4177
4737
5665
1309
7757
599
5894
5353
1068
1727
7524
3484
3283
2761
4761
5814
2431
916
3205
266
384
5038
4560
7541
6718
1790
999
1440
6534
7102
5908
594
6017
7799
5473
7664
7846
7136
950
3430
2692
1539
1398
7800
302
18
1027
2224
1439
5913
1000
7730
7788
6734
1474
3942
3591
1901
5907
6790
7881
4512
6922
376
4719
5145
3829
90
1807
1993
2437
7551
5163
1433
2437
5302
1336
4087
4247
7603
4508
3386
513
2847
2739
2341
3707
1524
5924
5291
7481
838
7187
5735
5359
85
3608
1390
2542
2927
3784
7681
7421
4877
706
84
1776
3900
7169
5854
4032
3317
2306
3970
6700
4122
6054
4192
6957
7141
2861
3413
4059
7711
890
1599
5052
6323
1641
1020
2825
5490
3747
4676
6537
1272
4980
5537
3829
4470
7260
1253
3751
5334
3845
773
6745
282
3243
6670
3277
1890
3308
7055
5930
2435
6055
7533
5682
7515
3148
7705
536
2164
3209
5918
4011
1357
2685
5615
432
3456
5819
667
4031
1213
4758
4119
4631
5729
4412
993
7974
2550
7648
6730
3370
5820
1401
769
5159
1452
2039
191
3055
7495
1785
1654
6600
4250
3112
842
7974
1526
5830
2230
6225
3978
3074
118
3713
5679
1980
4328
7053
4113
4989
2823
4942
7544
4785
5165
5171
2079
987
1481
2357
3439
6448
3354
1280
4554
2876
6241
4883
6312
981
6198
7079
5624
2854
5983
2284
4457
3869
683
1652
1661
3750
3239
5317
6091
7260
2690
7254
411
2580
1821
6039
2500
1132
4559
1223
1288
5983
425
1684
2062
7252
3804
1200
4153
5451
6121
5865
2268
1755
6956
946
7873
6881
6706
2640
4054
872
3243
7915
7349
335
238
5044
6745
1889
778
4969
7290
3284
5697
1066
2503
2567
976
5049
3057
1308
3792
2879
580
4888
679
1537
3980
6749
6861
372
2423
6793
2204
6121
1408
3800
7446
3147
4963
1453
97
1988
3675
6963
4345
834
1648
3422
1564
6379
4343
6758
3539
1336
1114
3964
3158
1878
1773
4341
3497
3933
2262
773
1279
4098
7417
1608
5670
7194
846
408
2030
4320
5019
7491
5604
40
4623
3200
3009
2703
6281
2947
4023
3134
6696
29
4878
7398
976
1266
5621
4390
7720
5104
3395
5315
4610
7257
1810
7425
6066
3008
2741
6492
2831
5944
6987
6383
7889
6270
2818
824
294
322
374
4273
4909
3218
7514
7782
3173
5020
7186
524
7830
1241
3226
7243
1901
6955
1086
2026
3572
2257
5340
409
4005
7903
2660
3773
113
3200
7313
5879
6794
3907
5111
1716
2085
7783
2854
3917
2440
4261
2492
2817
2124
3930
980
6036
7645
445
7498
5523
4960
7254
3450
7219
7989
4146
7246
3970
2822
2717
38
6400
7806
7224
3497
2235
3172
1287
1998
7082
117
4227
930
2711
2341
2897
3001
4489
950
6005
4528
6026
4954
3698
1091
5519
5867
1554
7529
7830
2759
3909
6669
7231
4980
5161
307
257
7369
7391
1937
441
1100
4506
6325
3173
6831
6073
7802
2348
2844
3183
1411
4212
2394
2833
5686
2854
7758
5428
4751
2598
1056
3579
3058
7221
4838
921
2473
2700
4611
512
5474
2384
1312
1965
5546
7171
3828
143
5594
3273
2050
5615
1744
3569
7045
2750
4993
6827
5546
3995
6861
1248
3023
7615
4426
2595
7220
1267
141
7789
7216
4720
5283
732
7946
5654
337
2710
3082
4301
5540
3663
4570
2074
4924
374
4340
3612
5035
4234
2541
6424
1248
4237
392
6372
3750
7759
5107
2603
1191
2659
4308
663
2797
3090
2904
2261
7571
4680
3673
6294
2393
5501
5971
705
7752
58
7847
3614
2236
3726
73
7213
1314
7136
6321
7432
4456
5106
7197
5626
249
1332
3588
2907
296
6888
3355
3747
4792
4401
2310
6726
6240
6907
6145
3430
3357
6108
3842
3927
7173
5499
4940
4632
5270
4059
7937
1619
2303
542
1323
6716
6316
5147
2010
5785
6937
2970
5400
3980
3770
2332
6084
6608
5364
60
7169
299
5791
4643
6884
4964
6335
3449
3240
5347
3814
868
4782
3238
7748
2475
80
5229
6661
6705
334
3011
768
2041
4022
1993
4003
3553
6101
3893
7772
7277
3948
6558
950
3919
5530
6778
4200
6420
5909
4520
1697
4142
6185
1837
7998
1077
5292
5802
5322
4035
3738
2279
3388
4006
7768
5766
732
7905
7095
3392
4875
3771
6016
1227
7471
4165
1255
3799
6837
7486
5052
192
2034
1149
4892
2328
91
3335
5408
3485
5946
1112
3111
710
2638
3554
7150
7549
7821
5299
2488
7579
5705
584
6525
7447
3822
275
7591
7911
5803
7180
7848
3117
5472
2989
7358
1505
3074
1667
5787
5077
3840
4735
995
5600
2430
4764
2700
5835
2298
1703
2204
5890
7136
1161
5478
3216
712
5324
1175
2965
2729
5542
5383
5546
2786
4723
155
949
628
6882
1819
1473
6710
3536
4353
6100
2211
5899
6977
6080
57
46
148
2792
2140
4836
1276
630
4253
3509
6565
3618
4776
3399
7583
6489
6529
4181
4592
5644
5075
5171
6524
603
3072
576
1060
7418
7021
299
4195
6807
7247
2504
3454
621
5627
2018
3407
5425
2458
2888
7439
7398
7946
4800
4713
5172
1951
2485
1151
1330
3426
6837
4372
5792
6230
4338
3429
3263
4875
132
6383
5230
3805
6060
552
1404
7648
3393
2748
6862
5578
236
383
4905
127
911
196
4755
6626
6931
1958
3021
1713
2823
7702
4833
5254
5595
776
5855
4882
2858
3423
5414
2733
3750
1357
1710
2167
5318
6824
3089
184
86
2916
3566
4383
7800
1490
47
5123
7392
3479
173
2244
1503
6138
4620
5566
2095
2046
3861
6135
3192
6395
3195
5301
4209
3587
5316
4415
7206
5416
5116
71
6379
7411
1483
1810
4218
2770
1643
301
3102
6541
3794
2417
2472
4193
4986
6693
6855
5594
355
7536
734
4517
3564
4608
2527
733
2586
4739
2441
2073
6814
3692
6362
2878
3320
1458
4067
7221
4083
6075
1205
3832
7402
275
5144
680
4848
194
2094
7074
7710
1648
2020
6073
7832
4435
5038
3493
6139
1284
825
7556
7105
7049
4889
7778
675
4536
6331
1202
6468
1694
7957
133
2076
428
1234
5011
542
7789
3078
6906
7508
7646
4292
6415
7962
3955
4399
7835
2590
1895
5984
6383
239
4822
6494
6450
1677
7641
742
1053
5520
7885
79
3226
5497
5937
3439
151
3493
5953
1537
2677
1295
4561
5619
3877
1374
4875
29
7807
3686
567
6589
448
2404
5689
2796
4485
5632
6909
2604
5097
7861
4192
5437
6650
6389
4661
5564
595
2178
5498
4303
2277
7185
5391
4767
5970
7660
2719
6344
6350
1556
6462
7136
4942
952
5994
3633
2471
4966
4266
7831
5068
7831
3402
1855
338
2246
6898
467
1709
3744
5852
6007
1879
6336
5044
1502
270
6077
4737
6202
6740
4669
360
1388
3951
2794
6763
7475
6932
1127
1435
4163
3040
4905
2202
1568
2573
2477
3835
5302
246
5929
4240
2498
7105
1095
2580
4016
4952
3541
3090
7683
7451
4280
213
983
2133
7463
6329
5334
794
5954
2907
681
7496
7927
6843
5564
3667
6226
48
3342
2154
4093
533
5578
6000
3503
7330
6069
1623
4207
7953
7189
1519
7835
5036
656
6866
7377
455
306
1712
60
3137
5452
276
3669
3999
2550
119
4824
2909
302
4201
4130
4162
1743
1921
7222
6498
2735
5562
805
2647
1572
3494
7890
244
6607
2202
1333
3204
5090
1
5688
2302
3923
6356
5657
85
2619
4252
7662
7222
6087
4030
924
2007
6202
4722
5622
4853
3260
2375
3321
6997
3056
1559
4164
6515
6218
7367
6654
3454
2919
3013
4246
4877
1483
3530
1563
1432
2389
6181
3273
5420
3986
2086
4151
7676
1591
4703
4830
7608
4953
1984
7969
3595
735
5482
1647
1216
3801
1661
6715
1387
2541
4786
7431
7462
6717
3520
4980
5003
5587
633
4722
6461
583
1737
2327
4438
2955
7040
1717
300
7641
1441
7599
7153
3647
3642
154
6077
81
7476
1008
1654
599
7512
1988
3347
3767
6825
17
7414
3096
3822
7421
7489
7157
1842
5693
3794
3463
4603
344
5148
434
5352
3835
7575
6907
2573
5647
1609
4436
1758
7993
6688
5959
5861
4125
4930
5916
4794
920
5711
5229
6277
4872
2944
2652
3957
7912
4730
412
4246
1406
242
3512
3841
2408
535
5312
1319
7081
5049
2125
5566
7478
3869
3567
3205
7590
3874
2827
2414
1319
7379
1023
3440
548
6144
7215
4919
6708
5900
6066
5084
7402
3370
2669
7341
1260
553
1913
6388
4266
6414
5324
6326
1152
1400
7695
7153
7963
2664
5072
4936
3532
4365
4529
2706
6392
7085
4327
662
3079
789
4879
2764
198
384
1524
5203
5082
7844
4221
3706
3382
464
5757
2773
1652
5425
5083
7342
1729
4460
4204
1903
7728
7860
2199
6071
6928
6892
2923
5377
1916
5779
678
2332
7463
5730
2938
2451
1575
1328
1748
5933
4305
6585
2238
4392
6787
2496
3876
581
618
4741
1161
5117
4584
7308
4109
633
6960
1413
4963
2613
4407
4264
119
7753
2137
1481
2945
6828
6197
6310
7897
145
4323
4385
6936
2019
4276
1387
4220
2651
6369
6309
2788
4751
2930
7276
5209
2984
3572
2484
3833
1460
5959
2086
1514
4602
7565
6292
5187
2548
1172
2080
3597
208
2644
7398
7754
3794
7859
2470
3734
4045
4478
402
3414
7194
1831
5815
6611
4899
329
7876
5352
7955
2519
3427
2077
33
7964
6815
7729
6933
2104
6147
1793
742
6579
232
4657
808
5413
1482
2076
7609
1394
3117
16
2386
2445
663
6539
6686
1463
6382
6643
806
7272
4972
5177
3388
3405
5523
5384
2541
2290
3688
6670
1504
257
3059
7467
3168
3616
5390
5691
3172
5331
4759
4331
7592
5119
7859
1712
3516
1914
1858
4095
4526
6872
2836
4516
1388
6878
3116
7758
312
4010
3595
1284
2595
5062
176
1614
705
7536
4091
6673
5444
2106
89
4581
6502
3451
1595
4421
2866
3833
2571
3245
3616
4849
1849
4352
4417
15
263
536
7585
1297
1309
2413
1991
7386
6315
2544
756
7580
7482
2200
7747
794
539
2114
5317
1852
1915
4162
5351
3783
5806
7243
3412
1054
7138
5465
2550
2707
411
4337
1219
3024
4977
3616
2888
6583
4500
6601
7916
683
5559
7534
473
156
5838
1476
535
4292
282
5675
5417
2559
663
7263
6426
4922
4519
533
7241
33
1448
109
6637
1570
3174
4209
5642
3906
545
4937
1014
3504
3728
6742
1512
6210
7412
2607
5544
1244
4639
3702
1909
491
3758
3263
3039
3605
221
2989
4628
6512
1957
6186
387
449
2571
748
6953
7119
5096
6401
4929
4847
6440
1073
5261
6243
1421
4303
6657
6991
7354
3312
924
6755
5177
2214
4432
944
3253
7281
4341
3834
6317
7061
3430
4727
6551
513
5909
4641
4159
7795
11
970
2320
6146
1129
5943
909
6421
3062
2591
2498
1487
2293
288
5912
6874
5742
7347
6625
4508
1711
5819
7795
304
4805
3332
7097
3897
3615
5434
5259
4549
3323
7297
4157
5465
6359
3526
6148
3645
4829
6744
2520
6357
2662
5284
2116
4601
4535
2854
3706
5477
7272
2926
4176
3288
1286
1826
1486
4788
4461
5285
5557
714
4038
283
7275
2874
3173
4210
3720
854
1003
1441
637
7242
1234
660
2956
3318
6592
5192
2983
5144
1352
7978
918
4400
6476
1899
4816
4814
5028
62
1749
4307
1721
359
7925
2190
5900
3764
5822
5830
4071
3486
986
1563
5209
4354
1290
6764
7622
5760
2203
3241
2819
5735
3638
6812
6949
4248
6754
4775
1286
1096
5465
5438
1665
3678
4346
2671
4515
5344
1687
6823
3303
5004
2864
2718
4244
4575
1557
6360
4799
1323
281
1400
1424
6359
6615
5083
7481
512
1745
3468
3221
2556
5137
7924
3254
776
1479
2117
6902
1810
2938
3314
7404
5097
5971
1122
5671
5746
1442
7078
2317
3763
1960
1548
4640
3552
2008
3039
3304
6792
7572
2433
4015
2589
1882
3319
2521
2873
1982
7731
7233
7690
5910
2996
3519
6902
7975
3598
3902
2045
2787
5797
6324
1827
3777
2074
4892
7576
2485
3865
2864
5724
1870
1837
7226
1520
4317
7226
6386
2862
235
1652
6264
7157
5766
6201
7083
4339
7836
3712
3049
3515
5541
3158
4863
3905
3335
5876
83
6348
7078
744
7833
2712
6786
4172
6967
1118
7603
6448
6876
6967
6234
4245
2272
3663
7540
7567
4038
114
2171
2049
3797
6899
5565
6703
4267
1233
5422
1559
7213
1444
3185
6150
867
6511
7317
2568
3720
7717
1320
978
6912
3177
7818
2696
453
3839
7736
809
2179
7546
6890
6365
2437
2448
1849
2344
2141
815
2971
3412
385
711
4386
972
6884
5739
791
732
4174
7396
5648
1124
1435
301
2327
6803
3843
5070
4246
4213
4039
3629
3957
1011
6331
5006
6003
7521
3722
4186
6456
4422
3509
6625
3650
3723
5934
3887
2037
5264
2496
492
4450
4385
3778
5096
3704
1327
859
4495
6345
7555
7068
3187
5110
525
3871
2062
4769
2299
3573
3240
6416
5301
4277
7836
7715
1773
5941
2504
6459
1125
2866
6995
3427
4050
6268
2838
2282
1627
3035
7536
7749
867
6854
1748
6494
5876
2890
6639
2129
3443
4963
5803
3946
7913
1579
7356
5987
2554
2008
7079
1828
6342
7069
7753
2471
6909
1487
7071
6982
704
601
2104
2011
1747
2399
7382
7098
4508
3423
1507
6378
1192
3040
1814
6265
3029
5243
1682
5378
5911
413
3180
2012
4621
1478
1531
3024
6053
4227
2973
3121
2995
6743
3865
3652
2859
6952
7956
7556
3287
5783
2267
736
3782
6757
7728
6572
530
5498
6283
4756
56
1445
4322
4655
6939
3694
5114
2901
1534
4877
6795
7246
5733
4533
6892
6266
7533
2410
2443
2159
7406
5672
7711
4964
3162
5827
1127
44
3326
4672
5638
2355
7921
2349
7780
4227
2238
6953
6617
7418
5789
179
5163
505
3528
1256
4250
1831
4012
7276
1735
6211
6483
1837
7227
3611
7954
2279
2738
6466
7104
1902
5883
1320
2830
6127
766
3845
5173
7077
3497
7563
3908
6800
4390
4756
2415
4589
1239
632
23
1149
3466
4357
150
109
1967
1586
6467
3401
3550
7986
2071
1541
6840
3820
1776
3406
6444
1859
7230
79
3314
432
1485
2494
4710
136
6482
5470
7269
529
3027
6313
4092
6970
2573
4072
5357
1934
2416
4029
581
6997
3219
531
4194
5
7519
3105
2020
3444
3728
5300
7057
5266
3756
6097
6850
6759
2968
7408
5967
3799
7528
2051
1189
337
6492
4034
7488
2881
4320
2530
10
6769
7028
6017
5305
7286
7612
3005
350
6858
6379
1235
1963
2345
1690
4214
3492
355
5622
1208
5674
7966
2595
6868
5343
592
2828
118
586
3864
3138
3285
801
3807
3347
7814
2698
639
5456
1874
2708
5384
4759
3468
7540
3864
5933
2523
2167
1540
911
216
5683
5267
4891
4298
2593
1290
7078
7893
481
3421
2012
2937
7250
7984
4405
7839
3996
1611
5613
7121
201
2259
3744
794
4551
1259
6675
5925
983
4718
3631
6518
5412
7483
7523
2549
1620
4475
2805
4134
404
7045
643
2073
5244
1148
6733
7866
3857
3493
7072
7306
5029
6454
6873
2268
2834
4088
375
5256
4009
1472
4089
6728
4205
2500
4495
5825
6412
6809
1512
125
5324
3234
4628
4761
5227
7852
3926
4266
1235
5083
4711
7856
1074
2059
987
3843
485
55
7892
5517
5112
935
3387
5980
1470
7895
751
6480
3741
2445
3719
171
6065
829
2027
937
4472
6362
1572
5091
1747
3082
6114
1308
7202
6206
4696
1058
286
3735
2784
6840
4601
1361
1687
6324
6780
906
7852
6784
6590
7883
974
2198
2169
1016
4452
653
4949
3306
3079
4788
489
6040
5001
5120
4515
53
5306
2132
3003
4807
1366
2609
5522
944
6697
6161
205
2446
4779
606
4146
7819
7928
258
2582
4539
218
1741
6537
5793
6306
1687
1686
6752
7502
1960
2893
6111
4881
5611
3074
5641
738
1630
2532
689
4076
2199
2949
167
2600
5944
7544
1143
1013
3835
6214
1484
4593
6130
5530
2048
446
7014
7699
6651
7145
1987
819
5975
6312
7101
2670
4776
7449
938
5816
7242
7332
7626
6097
669
278
6148
4739
937
6493
5086
4264
515
4534
91
2215
4570
808
4682
120
6694
1608
6229
946
6367
5456
7601
3680
4242
3141
6311
3405
6664
2805
2998
3906
2902
825
5504
5337
2184
4720
1024
3137
5710
2650
6783
7062
1478
2246
4368
2108
6130
1007
7891
7197
1098
455
3544
3002
4324
2886
3117
5862
126
2355
5576
7642
3861
5845
509
1408
3291
4246
1594
4061
6161
1345
5790
2422
4044
1177
6977
3201
555
6672
4813
6804
5160
1909
6825
3894
4378
900
2942
1163
2533
941
6409
7716
364
7719
151
3078
4637
4743
2619
4792
7546
3050
2013
1712
6718
6311
3255
5730
1687
450
2121
7668
2222
2525
4933
5239
5853
4918
964
6854
4541
104
6757
4692
5046
2887
6957
3998
6609
3979
751
4940
6602
1560
6245
2077
3589
2737
1998
6838
6356
4855
812
7824
3374
77
3786
5062
1951
4467
5037
5051
5580
1278
2870
3433
5713
4167
3543
4529
6307
842
6702
2130
7956
3372
1530
7230
2495
4908
3773
944
3887
3852
4393
7386
7533
4357
3867
7243
5461
6900
5532
5760
5050
6686
6392
5257
6967
1303
1329
5468
2866
4547
1495
1743
1136
857
6412
7044
5870
5567
3735
5224
1686
6073
4357
5013
1190
1556
4496
598
3224
5538
6113
5694
5778
5603
5803
6861
7774
3265
3066
6466
7007
7002
5528
7957
6092
1195
359
3236
4765
1698
3616
4658
1141
7724
5480
5817
6021
1777
7992
5404
2900
4963
2622
1355
6163
2084
