2566
2530
2802
275
5131
911
4115
67
5416
4664
1861
3314
1548
6782
6190
3503
6908
6950
2656
1148
5243
1041
7999
3128
7128
2788
3021
7125
6826
2108
4345
6218
5954
192
3797
2488
3481
6451
6109
6429
6743
120
4020
342
7599
6830
6883
4090
114
6667
5404
5397
276
4788
1299
7167
5473
505
5544
1512
1860
3345
1600
3748
3948
7639
5883
2900
57
4033
5608
1308
1647
4817
1101
3485
6327
6947
269
1615
1190
7652
393
7858
2821
6400
6299
554
7969
7236
2453
6942
7090
2385
2801
6538
5295
1013
7540
1045
268
7408
4914
6170
3609
5378
2411
5649
7252
7764
7858
5828
3110
5243
920
3363
1373
1931
174
1515
2569
798
1849
457
227
2968
105
6036
76
2166
468
5401
4339
4121
4406
3776
3543
1885
5638
2821
1453
1677
4190
463
5920
7519
6047
2176
4622
3975
834
7264
925
3780
378
2938
3172
7338
5774
5512
7918
1941
1387
7902
7949
3089
7638
5472
7609
5974
1483
3140
265
3057
5475
4755
2656
2201
7799
6745
4532
654
4384
3634
2800
6265
6128
1702
4860
6158
1937
6164
5247
2917
7320
6655
4831
1007
494
5898
5051
2443
726
3723
3906
4218
6432
5160
3809
2124
7521
60
5950
4077
5314
5060
2636
6557
1559
7011
3159
7143
1008
3312
545
6905
797
7393
3464
7746
2870
6552
7045
5273
225
7240
2275
1821
4942
2421
2933
399
2578
4878
3567
633
4153
4712
1516
3526
1614
6278
4735
5893
5892
7210
2502
952
331
5690
1783
6379
1335
2097
7306
7608
7034
2813
7032
5917
3127
5761
2177
1029
579
2264
836
3531
6319
7536
1390
2429
7236
5038
7125
2842
6229
5911
1542
3900
7486
806
5949
3123
291
6822
6055
7063
4606
1654
3445
3759
6547
6865
4203
2033
4180
1482
6863
7033
2489
7160
4333
5702
5826
6638
2163
4275
7831
5453
5557
4253
7896
4073
3967
4936
6945
2210
3243
2877
1390
760
1009
2262
7123
3539
7399
4952
3783
7123
3659
1248
3112
7475
7471
3906
94
3079
5500
6543
4698
1003
5566
3751
4877
1596
1163
3653
5532
6372
276
3657
6962
1069
6950
2487
6986
2561
2170
4726
1923
2748
6021
7043
4137
5320
6204
7368
5118
7511
7829
3487
5182
2849
5323
6332
432
1210
3356
1179
110
1389
1689
796
3213
1026
6030
5710
7441
7729
2924
6527
2280
2680
6059
5677
7855
4284
1847
6274
5253
5998
1400
3318
3508
6811
5349
7512
4037
1800
3072
6760
472
1934
1865
379
4049
5296
700
4521
4782
1270
4776
895
1853
399
7850
5008
78
4713
4873
2220
5873
6059
7842
789
3057
4823
4057
3839
5598
1418
4240
1567
7765
4784
2065
7020
4656
206
1543
3100
5179
7275
3706
6653
2760
6291
4748
2204
5125
4707
4188
4446
4771
7358
6591
269
3055
2929
3020
4348
6451
6468
7751
5404
2977
1554
1732
6618
2055
6477
3535
5424
408
1646
4344
7710
6914
1303
689
154
1402
7700
3723
7607
6479
6256
3830
5997
1394
6246
1197
3921
2906
5377
4213
362
424
677
6972
1983
4822
4153
7730
7490
6433
3764
1550
1602
3537
1070
1054
1260
6346
4312
4486
2480
5781
1800
5093
6864
6983
1883
1550
7411
354
2435
6855
1525
1825
3077
4099
6323
2301
2873
859
6037
5971
1957
2983
4584
3646
6018
5636
4976
4901
1627
1211
1322
6845
2690
7025
2504
1261
5648
7249
7020
3508
3415
4078
7735
4181
1220
4118
277
4219
2228
3457
2685
6672
2372
705
7751
4544
5300
5190
3460
4937
7639
6478
4774
2076
7131
2237
3758
5775
6351
2257
7096
983
4899
5116
2497
1068
5769
7127
3153
2611
5184
1939
5043
4644
4263
7930
352
3955
2667
957
3721
5604
2719
634
222
6021
5031
7215
5382
3199
7020
1348
6958
7456
1818
3968
3780
7210
817
2092
7971
6870
1435
1786
5752
3927
4606
7853
337
2745
1288
6997
5143
3087
7831
2236
4998
4284
2765
3090
1033
5644
7207
2132
2211
5383
2557
601
7531
4326
5295
4574
4242
372
5866
6140
967
54
4718
6900
1335
7551
7411
870
7195
7733
2772
2412
1839
5153
308
2156
7541
7676
4410
4693
6545
7513
2647
4778
3420
5560
2664
2608
4247
5946
1794
3271
419
2529
6834
3203
2514
7912
5227
6125
1337
2746
3994
7912
2615
117
7706
5487
484
993
4334
1637
4247
1096
6782
1756
372
5113
588
6488
3082
4387
5750
7768
3928
5553
1763
5486
5610
889
1315
4875
4105
2965
4872
5888
3528
2274
5096
7400
3582
5889
7584
6106
4710
2443
4922
4200
29
4852
1479
2389
5568
3765
3569
6965
3818
2332
4497
2104
5700
7778
2567
7761
1874
4686
6182
3868
4868
5577
1859
1096
2313
4799
6948
4656
3029
153
4185
7446
1946
4989
6387
1520
7775
539
3949
4016
3901
3598
172
4172
4350
6510
3488
7424
5233
1061
1830
2513
4777
7866
1505
3590
5152
5574
7845
1692
5905
7212
6244
3550
868
1222
3346
5009
3670
2720
5107
7466
1864
2651
6177
7441
3768
6015
1288
750
5290
5067
6341
818
5328
2495
1543
3837
5252
5325
7952
3124
3011
1324
6572
2937
2129
3550
642
6157
4501
915
4786
1760
1419
2307
6048
5409
6242
519
6237
5814
1879
5573
6381
4630
1407
3012
4380
3074
6032
6801
3196
5030
1745
6253
110
5537
1493
913
3427
4180
6448
2894
1479
5524
413
3852
7728
1373
1119
5791
10
7472
2782
4922
1361
1476
6360
2758
2497
343
2005
2209
4001
1531
4955
3866
2935
2480
1959
3820
5496
4299
5154
4248
7164
4853
1392
1282
3081
5471
5134
4976
6008
2066
5606
6425
1594
520
1955
3966
7555
3459
5123
988
2915
5694
5991
7854
4854
2144
642
1955
6515
4957
4367
5939
273
7497
4898
5651
3752
3250
1822
494
3314
2880
5119
7949
3323
2994
4664
3546
3297
1599
2260
2522
1077
2057
1415
7091
3174
6134
7725
6406
7891
940
35
4761
6242
2998
3516
5022
4301
397
511
5462
4413
483
1462
3145
1201
5467
3154
7915
6053
631
3777
7828
338
650
4137
2992
1606
1807
7392
2015
1608
6020
5121
6019
2817
6665
743
4336
105
1065
2679
5406
851
1482
810
2151
3899
132
4393
7039
1613
2
1037
1785
3242
1407
59
6886
1519
6485
3010
3462
5923
3914
5751
2291
7087
1590
5086
3225
124
404
7573
6852
6118
1709
2070
4851
4282
7882
7233
5587
5132
997
3267
3960
4553
4942
1480
7672
4261
5098
6606
1941
5318
7966
4021
7284
3664
1439
10
3035
818
5327
422
5426
5953
4683
3140
7944
87
5525
4197
1438
2651
665
4125
1365
1342
576
6919
5895
5263
799
7058
2870
7851
1047
4063
5695
691
4049
4710
6518
2612
7122
1913
2774
7917
5775
3328
1942
4516
2882
2612
3680
6112
6977
6071
1578
955
883
384
3062
5121
4657
451
5300
916
7161
3631
3063
7187
4816
3141
7536
1599
1056
7827
6960
3044
3732
775
5465
5417
457
3187
4369
1468
598
2723
2909
130
5560
2470
6795
7364
4795
7736
1491
6786
3424
6877
3456
2208
2498
6473
105
2077
7612
2871
1325
1558
2888
1030
2679
4905
5717
7379
1522
6955
3013
2291
2232
185
6709
7117
5536
3876
5804
821
6146
4776
4770
1194
1827
2802
4934
1258
5456
2364
6824
4737
4117
6328
6159
2064
2132
7976
5948
4253
1072
3789
7954
7039
3604
4283
3581
7862
1657
2707
5626
3234
7625
652
3212
4333
6234
1264
4987
4226
3084
4177
7147
429
4517
3500
2885
1462
1149
7488
2330
7771
6753
5886
5448
647
7603
464
442
2606
811
2375
5159
2503
3266
4851
1702
4792
6785
604
3849
5985
3774
6785
2444
1667
713
7078
2171
3217
5554
5308
2421
3907
3646
4898
2214
4355
578
3705
5650
7194
7952
4913
2187
4652
2185
7533
4282
2142
5813
287
1569
1109
2643
5481
3875
1451
2586
1971
2376
7799
7679
4005
5385
7473
4410
2446
7156
6220
5237
6357
4498
7696
4964
2666
3499
4146
4998
2542
5286
7711
647
4213
3733
3001
4424
1491
7343
5929
112
6130
2585
2576
839
1848
7780
7309
3964
7277
1680
2885
2714
4661
4428
6584
4706
1903
3758
4722
1934
3515
3024
2005
413
7229
4530
2394
1480
4297
2811
4414
6807
3722
529
5750
2229
7400
447
1553
6603
753
3065
64
3579
3576
5138
6903
1259
3822
2
6402
6012
5745
4703
4119
3112
3934
3987
2661
2931
6231
3221
1078
4738
6308
3161
4861
3654
3267
6382
7390
1741
445
2327
6457
7180
6449
4729
6751
2401
46
1640
1043
5465
1579
6340
6187
6848
3881
7945
6632
7674
5170
5224
1414
2232
6565
695
507
490
935
6543
2683
6621
1275
5987
165
3996
5363
1901
7388
6193
4503
1610
5868
158
7130
1330
1384
6933
332
6767
4554
6072
5201
4248
1824
4123
31
3471
6034
5524
7482
3593
3359
3125
2185
731
2262
5569
4977
3187
7498
3666
7238
4020
1937
89
5697
4498
5964
7526
7508
4250
1707
1198
6130
1493
3695
5517
1740
4635
4632
7687
962
6175
172
3678
6812
7891
1129
4480
3064
2180
816
5078
108
5070
7649
296
4208
1532
3954
3811
1475
1863
3058
3777
4687
7758
7958
3779
980
7904
6484
2283
6647
3990
2750
2008
2500
3019
4115
2963
4049
147
5522
3150
5084
194
7351
899
7930
4372
1213
1773
7786
3884
5774
3211
7284
709
7107
2531
3654
3283
7583
5074
7427
4520
3498
1665
3014
1837
4713
1559
2120
4545
2069
3588
4588
7098
3890
3648
5857
5320
622
1361
1617
6008
3077
4104
5657
1639
2901
4152
765
2211
3299
6619
4649
468
2919
3333
257
2006
5706
6115
3047
3833
6805
7026
2027
2159
56
2717
7608
5209
980
2609
7368
4965
227
229
6995
5417
6979
3297
5974
264
3244
2981
6983
6888
188
4270
7065
7062
5
3883
5212
7073
914
4385
1499
7666
6226
4661
3205
7288
7773
2150
1674
611
5574
5095
420
7992
6681
4545
6652
4466
2681
6493
882
1669
2270
7149
423
3890
5375
6749
2516
4445
7359
7283
1634
7987
3440
2175
4972
7006
333
4182
3393
4379
3058
1959
1305
2656
3121
2151
855
2262
4931
6485
7656
2338
7162
7348
6139
1544
1987
1258
3536
620
1292
7304
5972
6248
5456
6559
970
7082
5629
109
972
3227
7758
4353
4843
7278
5659
4979
6288
6229
7077
6746
2180
7297
2192
5486
5374
5636
4549
4514
1015
5885
4558
5154
5358
7060
5022
4129
5776
7958
940
503
5673
1639
3421
2723
1227
6105
1039
5173
988
2209
6228
7556
2389
1252
2244
4421
5985
2688
2594
1746
1183
1844
2404
1856
1768
4664
4502
6885
2775
7113
5615
728
7659
190
6124
816
7049
1894
576
2990
4217
604
5508
4049
4957
7786
1820
3205
7304
4370
4872
2009
7524
2179
5394
2078
4206
6788
3478
7948
2810
6537
6159
5597
4044
6133
2174
230
3579
2023
4841
5503
5351
7411
4223
1556
2490
7424
3134
3443
4118
6709
2787
3318
7114
4515
6553
1041
1854
970
2876
2194
5116
2378
3408
5533
4632
7418
4670
5895
591
1578
7776
214
1715
6871
6498
5161
1089
7785
1327
2722
2830
1138
4375
1120
4598
3078
5696
7741
4797
2954
7540
3266
7474
796
3348
2773
500
38
5014
6079
5026
2561
6692
7919
193
2492
4064
4651
5876
2319
4175
3055
6757
3830
6795
5083
4429
7577
1732
3254
4789
3660
2583
4727
5515
3477
3826
6027
3606
6516
3081
1939
4528
7121
1625
7772
7841
1137
6806
3299
2171
3036
1640
4263
3918
788
1985
2319
7694
6267
168
2846
2193
2184
576
1085
6599
7965
3750
1784
3940
2421
5447
305
5385
910
7958
7590
5105
3657
4357
5125
2774
6805
1254
70
7078
2707
4794
6563
2024
6706
4341
5935
4908
862
53
4295
6334
205
6930
544
3189
7907
7999
7180
6660
6790
6341
3700
2955
3548
5580
5969
1805
4858
3300
3642
698
3116
1505
2625
5186
1104
7936
3378
1444
2697
657
1475
2411
5808
5652
7125
3677
6202
6647
1837
992
6805
699
7517
441
4585
2981
120
3774
2292
2595
7400
4091
1952
5520
2302
3027
6588
5148
573
6448
720
760
3811
5460
4930
7086
7237
3675
4076
123
1401
4239
5888
7649
5689
5815
5574
2362
3077
6622
448
1887
4015
1343
5493
3830
2315
1109
1263
7319
4468
1224
5658
5329
6891
6406
2926
6259
6820
3066
2539
4712
5559
4069
3139
7632
5905
7180
4616
2611
2385
4960
4007
7034
6049
4995
7989
4038
6293
6346
5684
4856
4574
4616
6169
3743
5973
1478
5171
14
5543
3178
551
6381
5456
135
6858
3185
6224
2636
5611
1978
1994
7021
6359
5731
4426
4109
7522
3214
4405
1319
4686
5024
3422
5929
2829
5921
7327
1208
5763
5420
4306
6383
2927
7491
3994
2219
2281
1472
7739
6344
1253
1842
5195
7858
1854
498
99
2837
375
4968
2185
4693
3685
3267
5100
7496
5711
961
2261
7420
3549
4144
7733
6736
355
2691
352
2730
245
5808
3519
7670
3423
4383
5811
3055
2428
2843
7584
2166
833
288
72
4014
6744
1028
6713
344
5402
3750
4102
2782
3533
4247
1353
5422
6738
2215
1929
3285
2979
4970
96
7933
4588
3067
7437
4752
5026
2405
567
4355
3815
5110
3080
2238
2725
7452
3047
73
5862
798
4474
1732
1241
4966
1492
6346
5978
3211
7305
4216
3196
7066
4479
5037
7679
4769
3198
3218
5160
2701
7650
7060
7054
1801
7397
7111
4417
2601
1319
3399
6003
5996
7140
6853
7741
1954
7553
4565
7902
6634
5622
7406
169
4595
3670
180
2591
1512
7026
2860
2544
7727
5657
2441
1848
6866
6971
5665
2786
6015
5371
7655
4869
3450
2769
375
2521
1447
2985
3375
478
4857
3385
5912
5216
92
5110
6356
5315
5449
2621
3700
7352
7050
5421
2943
3513
398
4490
7339
5153
7482
7253
7342
5655
5129
2454
6343
250
1650
1102
3408
564
5817
985
3914
3703
1936
1619
6255
4596
5190
2341
4592
6438
836
2185
4695
7710
711
1976
3953
1067
4356
5745
1722
6007
4364
1199
2174
4161
831
7442
934
5738
6288
4461
3487
3224
7229
5828
7900
3866
1690
5971
5569
1358
1936
880
7116
932
7296
6337
1459
279
5158
1046
3166
6348
397
6956
4028
6898
984
6464
882
3061
2730
2780
1782
1727
567
7974
6173
5705
123
5437
1430
97
6457
7612
196
3798
39
4027
4091
4138
4250
4666
2297
3220
5941
175
4262
1824
6535
7757
5618
3682
260
1443
5392
798
957
4760
2933
2787
236
2394
5460
3394
3808
3299
1405
4555
4506
4552
5410
5910
4188
7017
1103
1682
157
2144
6312
1704
1648
5951
4392
3120
7269
1744
5555
6536
331
3373
3726
6050
6384
258
7803
4473
2348
4468
245
5077
827
1540
5856
4263
5178
1270
2140
7008
728
5261
5404
3809
3875
7133
7757
3937
330
6325
6101
6781
3645
2475
1907
5226
5762
4494
5715
6124
512
7360
5417
5373
2698
5462
893
1909
4286
2825
1238
1421
1510
4734
3242
2153
7115
3747
509
3009
270
3837
2258
2286
2568
4034
5926
3616
7277
2459
6524
7207
7021
2134
6425
7813
2369
7649
657
4012
5699
272
317
3835
3258
7649
1253
4217
4317
7913
2282
1973
6087
327
2014
4585
1870
300
2230
2565
5680
4796
6491
4767
3338
2924
6209
913
3339
7950
7237
1325
3999
2433
7213
3191
5898
7703
6138
3842
757
698
2208
5065
2946
3025
1299
859
3024
3155
3586
6454
2997
7986
6843
7664
1299
5938
6269
3204
2521
5871
7817
3175
4302
7331
221
5312
6095
6983
3511
790
5845
1572
5245
3929
895
7213
3608
5300
3685
1172
7965
3681
6330
6131
3091
4061
6584
2177
7210
4344
2721
251
2611
2266
7697
2480
7476
4252
5428
4086
6717
7860
7283
3279
4160
975
435
4129
5481
2740
5560
3725
5092
7643
3761
4942
2175
1878
5847
5943
2512
1647
7374
3747
4179
6896
4153
4317
5201
1071
2446
6494
2869
2592
1054
879
3617
6552
33
3607
5666
4591
1288
2673
7181
5813
7438
3436
6541
3818
3551
5533
7422
5503
4775
4936
5617
3772
4750
1673
4768
4073
4428
7173
7580
7902
3831
3385
636
3343
5045
2110
5472
3983
2917
1539
3077
1745
3483
5096
2865
2168
2680
2365
5283
255
2508
7178
1628
669
2368
6587
3279
6298
2165
5925
7930
3238
3868
7830
4238
3252
7657
743
7526
2941
781
7700
1486
679
2621
3442
4187
5996
6256
4239
2193
2924
5239
1192
2212
43
3258
6290
238
679
6965
2210
993
4500
1469
7463
2768
3190
1283
238
7015
7533
6754
2509
6226
2618
2935
2355
61
5953
1518
675
4302
2192
4251
1227
1335
1030
292
2562
4368
6647
1576
6796
4550
6365
7125
4257
29
6264
5978
2858
7326
6598
2704
90
3983
2120
4590
3458
5058
10
2872
833
1403
1383
4497
854
5800
3880
5175
4034
5153
1435
7675
3321
6870
5384
6478
7867
3241
3457
6417
4016
708
3182
3017
3077
611
6005
2343
3116
1741
3312
7231
5431
2903
1110
5068
3586
6353
4322
967
4816
5704
4084
3937
988
1547
2361
6205
198
6916
260
2166
758
4869
7120
1818
564
7118
4856
7457
7801
2
5299
7054
6324
6932
6065
1839
2351
7821
2975
2641
2408
3485
3106
3670
2419
1613
3686
3469
6795
703
2655
4006
5038
6969
3226
6094
4247
3681
4982
2734
89
7104
6141
601
244
7825
5456
100
583
6944
3098
6604
1473
3256
6978
2933
5024
5109
3783
1499
2852
4743
6925
4980
6167
4695
2827
3349
4199
7905
972
1106
5663
3784
1415
3202
5787
1947
7647
6592
1566
2861
3766
2520
1445
1182
2123
6796
4543
3175
2613
5757
4907
957
1186
1302
337
4676
3386
965
6714
979
4529
7392
1769
6952
6739
2737
5469
1992
2936
1117
2400
696
4874
1237
2217
6239
7245
7488
6732
6004
6390
5394
3533
6775
5449
947
2470
3968
160
5536
3776
5588
3238
7954
4625
5747
3193
2444
4854
7021
6094
5295
6434
1355
5087
4727
7535
5068
3031
2751
402
1623
3719
2306
6016
484
4408
3848
5808
2200
6246
1231
421
2477
1554
3979
754
5766
2577
5776
1913
259
187
7982
4237
7469
5749
734
728
1196
4732
7944
5146
3521
173
7134
2260
1570
3217
7944
2516
742
7782
1325
6751
5793
2258
5677
1966
7264
1636
6776
3919
3105
1257
4344
505
5260
4298
1761
6705
2845
4956
1455
2206
680
2285
4021
594
3602
1574
110
1774
7439
5313
1736
1495
7524
7606
6993
3895
730
4719
6812
3359
5804
907
1875
2898
6254
3282
2987
5845
5690
3631
5768
2644
2489
6285
2409
1621
2962
4999
319
4404
1339
3279
5179
5288
5286
5512
5526
5928
5161
5401
1004
6384
2538
2174
1687
731
3238
6387
6198
1412
4556
6061
2884
6670
6728
1710
6272
193
1629
1095
5782
7907
3700
801
5280
2521
2036
6170
2720
913
7148
2797
2122
2927
5452
1926
2802
1802
7712
1519
41
1514
6624
4606
2398
281
2846
7540
2085
513
5987
2431
4079
6717
5800
5090
2460
6906
2923
473
6507
1352
5447
2470
6384
452
6192
4542
713
2774
5772
7205
7294
5584
5257
4161
3899
4325
3160
2680
3962
7487
4002
7477
4562
4360
7943
802
2937
6585
1565
4464
1252
5315
1205
2185
6138
4722
5301
3212
7703
4527
7879
3850
1902
1786
5879
6439
4060
7529
7096
1357
3189
2887
7828
2979
2760
7783
1201
5110
5065
7520
465
3729
1043
6107
1755
5242
461
7313
1504
1778
7476
5269
6435
518
4090
3426
6566
1431
4905
6770
5327
5905
1885
3014
3492
3100
4398
273
4408
7758
4313
6621
157
5460
1927
6603
5444
7483
6034
6805
2350
3946
1865
7682
7438
2618
5399
46
1326
7031
761
5518
1808
6985
5388
1253
589
5504
507
3183
3051
894
3526
590
7758
5612
4386
3403
6458
636
498
1977
1121
3430
6777
880
4
1237
4967
7098
1078
3420
6265
1607
7176
2952
2159
6551
4620
372
3687
5900
102
3903
6756
4907
4858
1236
1136
4845
5983
1289
2100
2666
7157
6815
7220
1311
4232
4684
6331
5036
2481
5915
7302
3446
3605
7312
1588
3530
1360
6138
7769
4899
7498
1721
7596
6609
1367
2452
5532
5282
7073
3777
3006
4978
2770
1813
6231
4239
4992
7058
2391
4552
4236
2107
5697
3394
6405
901
5807
1415
2504
7239
2290
415
4374
6690
2159
4970
6896
3808
5038
5862
1028
3326
528
2974
2456
4286
482
2436
7797
3326
5503
7668
4335
467
5862
2232
7279
7833
4066
1845
7930
3920
3443
6760
287
7986
4422
607
641
6526
2853
7085
1564
6713
2667
2531
704
7394
4226
6884
6847
2945
4997
6799
707
3358
2814
2778
754
7676
1847
6364
5387
3117
473
1937
2125
3864
6445
2230
2109
3437
28
7670
7905
7434
2346
5738
7946
7065
6966
4519
6049
3772
1882
7593
2360
220
6516
3601
3952
6393
7786
3932
2888
4695
7650
7400
7306
5529
511
1478
3980
6108
1762
4987
7084
4858
529
6615
5251
7909
5649
947
2475
3900
7387
5389
247
4889
2612
1495
6404
7075
3591
3656
3665
4554
209
4504
5500
3199
4534
4742
7320
6394
6379
491
3098
640
4994
3951
7311
5946
7750
6390
7588
1660
1685
2392
4789
3129
1076
3854
7637
2486
6289
7408
7124
215
5446
7527
5545
7490
476
5880
5865
6761
3651
5235
4983
3004
5106
6533
2109
6442
4127
7169
5326
491
5857
779
5666
5151
3296
2899
6325
1375
4997
702
1472
2073
2231
962
6092
2421
4298
622
5845
3469
7175
6201
6160
6317
7782
5605
1610
696
6350
5986
276
7119
3863
7941
873
7666
2934
6307
4579
3584
2574
7046
1885
2747
4908
4539
7406
1916
3389
3271
3588
2909
23
5275
2552
4029
980
5987
4899
4498
3320
516
5331
286
6732
4710
3867
6461
1688
2373
5286
6978
4689
3699
7295
6840
2862
2526
1243
5718
7115
6080
131
5828
5107
2486
7551
4870
3923
2124
3702
255
736
3253
5210
5978
1443
6975
5241
4614
7258
1230
629
859
5338
6739
5315
7445
6912
5315
7837
1788
6938
5316
6533
3166
1321
3207
6497
4095
3843
1544
7877
3169
1757
3036
6324
452
4248
4809
6222
428
594
2408
1455
7446
4359
7748
388
2934
1031
2108
1582
2167
5416
5050
4371
4349
314
2907
7403
3185
6912
7291
1362
6506
3370
6484
5114
1538
3119
2488
6016
3074
6295
4402
5888
7064
70
7368
5563
6803
7160
39
6569
637
36
4193
5150
2930
1286
1297
3521
1484
3648
2848
7463
2814
2100
45
6298
4803
4144
2828
7855
7800
2940
6031
6651
3976
1162
5641
166
1968
3504
1109
4472
1156
1953
2551
1729
1673
2353
5405
5601
3108
4465
7329
6135
3071
6474
6100
3713
1726
6065
3687
4408
2098
5076
673
4724
601
497
5110
3077
5270
7854
2283
3610
3037
378
7937
619
7265
6377
7936
6152
3393
6618
3571
3991
1977
287
3449
6641
4998
4889
6282
3947
5525
2409
7472
6360
3276
4818
6437
2823
3881
2400
4904
6120
2502
4843
7119
3200
1841
5514
1959
291
3845
1126
1131
3950
2562
366
7166
1597
502
2217
3644
7299
3421
4146
2646
6322
56
3830
6435
6754
7388
6614
3384
3536
4689
4612
4146
6181
6349
6789
7912
1401
3559
188
7477
1813
4721
4324
6706
5083
1720
7723
3150
3980
6026
7572
7802
5296
5224
4043
2572
4256
4390
1081
250
3799
6444
3922
541
2348
1124
5486
2078
2142
645
4715
7601
1966
6933
6246
2255
3707
6671
5659
6566
5032
2862
1150
4265
4901
2866
1291
7391
5723
4867
6397
1389
3828
838
7980
6770
4903
2911
6004
1232
3757
2512
1430
3398
511
7140
3167
3399
6407
1292
133
3873
6594
2427
5886
5810
1661
1223
4038
2397
1927
3110
3635
4670
7267
2455
3768
3770
961
504
4337
4767
3403
1137
5367
4286
6674
6148
1647
4149
7855
2285
337
6011
6864
1732
2365
5132
6228
840
35
4522
6462
4932
7470
5417
5779
221
7436
3074
561
7017
5622
2335
6284
1580
516
4451
7217
56
4784
787
1034
4100
5526
3213
1195
3455
353
6174
4091
2588
4257
3919
3670
3443
1607
3405
7533
4111
1795
3569
4591
2888
7838
3396
529
5578
537
7779
5096
1230
5324
3769
7484
4916
3270
3544
839
3766
3992
6455
826
5876
1992
7763
6548
1534
5278
6313
674
7749
1908
2100
417
1377
4149
3617
3969
4195
1782
4132
6423
6569
4326
6475
6277
2457
575
580
4078
5458
7505
441
773
3974
4640
620
1514
6780
3498
2942
795
249
3848
7103
5665
4598
4020
3277
5172
4499
4926
4174
6154
855
1703
6069
5992
7772
7400
1638
7633
2575
2128
6152
3205
2832
7927
1662
7754
4847
631
6607
1421
2843
3024
52
7061
2080
3066
6758
6346
785
6137
5882
2875
5307
5534
6395
5000
4780
673
3606
1597
7705
7271
4776
5104
3716
6974
2418
7763
7104
3905
6913
3866
5155
1715
6703
4492
4474
3964
5023
6339
4801
2105
1245
4633
3106
440
1633
6920
7759
3455
156
1290
6344
3005
5935
5811
340
984
6981
2608
7560
4994
43
7246
1823
2225
1388
5195
5312
870
296
3782
6300
1129
4984
2585
7518
7791
2502
1004
1424
91
3046
4754
3612
4385
6899
5149
1063
1183
4986
4638
7184
6405
2295
3567
4725
1253
3499
865
5616
4838
1213
7650
3642
6067
6829
5791
2037
5655
3929
4752
6709
1613
4426
4683
5566
4978
5243
6610
5396
536
7403
627
7146
3691
2034
1667
861
5462
2560
704
4856
5352
6933
5391
1437
1263
4395
6328
6340
1793
3319
3480
1927
4082
7647
6216
1273
5690
6810
6337
1569
3863
4922
5183
1606
1382
6524
4399
7130
5944
2848
1330
3925
1901
2113
1593
5088
3779
4325
6436
1159
7865
3515
4046
4916
3901
202
3988
4391
5301
5774
6165
4762
4849
345
1216
244
4503
6610
2607
1940
4472
1734
371
6875
1513
725
1513
2511
1696
5277
6929
769
2312
4125
4927
649
2052
5035
461
3579
3211
4725
1860
3943
137
4184
1062
3791
5813
4796
7781
7645
4858
6068
1547
7875
940
7650
6591
3228
3099
1257
4207
2094
6733
5782
7399
5871
4883
5311
1630
6790
6148
1676
461
267
5253
1124
6472
4413
6196
830
6441
6094
5466
4643
253
6
1233
3752
3297
2761
1244
78
3974
4466
7348
7960
1686
1187
840
2607
621
1169
2286
4255
4335
6814
1731
96
4479
1621
1436
6418
6811
3815
369
6202
1270
4203
6574
257
3456
1541
4924
2050
5765
2186
1636
6648
7097
1587
888
2389
6779
5240
1667
1659
4166
2792
3225
716
7109
3688
4917
3037
5863
939
201
4931
2347
7284
3225
7733
2952
1688
7433
3980
6744
4173
2041
4046
574
7730
6532
837
4518
3351
296
2226
7814
5966
4271
3001
1986
2403
5439
2450
1091
6730
7130
3634
7395
6417
6247
7523
4467
1140
7516
367
3759
825
6502
1097
5556
845
1021
6409
1439
1687
2065
6852
6679
6908
3795
5083
347
1435
1477
1112
4979
6269
7652
6318
5181
5472
5269
7824
185
6312
6651
3872
5873
7188
4184
977
1589
4973
2522
4960
5196
435
1091
1610
7449
3235
979
2560
3673
7009
596
7951
5635
453
539
4455
5242
6232
5006
1433
4910
7015
6491
4783
7564
7769
4970
1054
3699
4763
6979
3119
7507
3199
4954
1875
6206
4783
4062
986
6809
6106
4572
866
4201
2355
2773
7748
4471
5596
3839
5743
259
4370
6548
3116
6444
5821
4455
1720
1583
2809
7114
6540
721
3601
2780
7690
1581
7894
6287
4063
7137
3634
7578
3887
1429
6458
690
4329
7408
1788
105
1061
1088
5619
6058
6789
1574
4330
2518
1232
6931
5416
1289
2713
289
1118
4408
1646
1873
1627
5550
4156
273
6050
3820
3636
5498
2324
3173
759
1995
2896
77
1147
7197
1141
2584
1284
2405
183
6092
6677
6567
1342
1142
2443
2417
637
6560
3096
4922
6268
1727
5403
2046
7792
6483
1196
6786
5608
3596
3379
1209
624
1133
7716
6665
3736
5547
2501
6964
3554
5345
4114
6179
4590
5887
521
1473
3851
6169
7013
5045
7731
903
6234
2101
7481
2343
7877
1423
7045
237
2416
3112
5184
4607
2180
1478
4539
1454
4662
1443
2827
5241
7449
7615
2441
4576
6465
790
103
5875
7986
429
3150
3725
218
4248
454
4703
324
5468
1950
2244
3090
1094
7203
4801
3829
6945
4367
2097
2488
3787
1923
3087
2225
7228
3397
3002
6606
1124
5950
3235
4950
1442
1604
4103
7744
6093
4052
7644
4152
3351
2337
1222
62
2115
1673
4530
3518
2801
6509
6305
1965
5594
770
4902
1686
1505
340
184
7548
5369
4365
4651
7509
6676
7862
5783
2407
86
4240
7571
6093
5517
43
2839
2505
5045
6444
751
121
214
2216
5260
4397
5374
6469
4185
5987
1267
6793
877
3384
5171
1965
2173
1688
4794
3496
5028
4817
5794
4832
3495
6079
1900
583
262
3099
63
5918
4234
2018
3130
2856
2822
7712
5523
2221
3
2245
4906
2481
2180
1442
1124
4333
7012
3023
4083
2053
3337
794
659
6638
7299
180
6605
5247
5254
1629
7326
4062
6682
5471
256
5363
5653
7688
299
3650
5893
7215
6656
4487
6620
4743
2346
3783
4361
3323
7893
7024
3698
528
5669
3115
3708
2186
6732
1845
4804
7941
3003
7007
6563
5688
3663
3986
878
2052
1446
7555
3132
5166
6786
3069
7228
2506
1802
3810
4476
3234
911
7441
3612
7098
4433
2413
1769
1329
710
7975
5776
7165
3234
7502
3794
1927
2251
6114
5463
3497
594
7503
3323
5489
5797
3505
5560
3940
5225
5957
6864
1185
4393
