2184
7361
4147
2096
1253
465
1712
663
3051
6133
3334
7295
2120
6197
2375
6105
5467
5641
2815
6867
1417
5664
1002
3752
3454
2061
2359
4349
1847
69
334
5542
6683
7582
2954
722
6281
4212
5934
4383
6765
4799
7504
5793
3299
5579
7459
4761
7901
7547
278
3739
4388
5025
5750
448
3856
2512
5309
4113
2583
2699
7823
5060
1160
6154
4759
3361
5090
3311
5961
6310
6091
7539
4995
4898
4636
3814
1955
2491
1170
4107
1197
1934
3235
352
7090
4267
396
2880
79
1942
2245
2911
4760
5593
7742
7608
1090
7089
1458
2496
6107
5774
5880
7869
2392
6510
5282
4366
1782
6729
4405
7365
507
5345
3689
7557
4652
6178
7764
193
2527
2837
5916
7785
1609
1858
7
381
7639
4240
6317
4760
340
5417
6373
6337
2039
1915
4006
314
7440
5319
4769
6089
4684
4881
5961
4095
4544
7789
3401
896
6873
1926
7626
2021
4242
5677
794
3360
4844
2584
7507
1134
2894
7168
973
7402
2657
3960
854
6659
3150
6780
6868
3986
3294
4712
6811
631
7040
7782
5588
568
7326
2192
7882
6119
2725
3300
5532
800
5527
3935
7120
443
1831
1572
585
3319
4010
5219
253
6615
7286
5278
139
92
7650
7339
2116
7759
5235
3195
5982
5060
2255
4690
4443
7369
6539
4242
3668
3469
7198
2916
4466
2820
6225
3399
3679
5107
2834
2738
7261
5311
868
148
7353
1872
4137
6231
7334
4980
315
4374
2803
950
6663
2424
6744
7217
6746
5908
1168
294
5171
1523
4973
1533
6510
2267
4623
1879
5580
4733
4774
2792
297
2131
2194
3813
6936
5513
3175
2704
7134
5498
6836
4828
2287
1408
1752
6829
4328
461
4303
6645
4108
3289
1616
3297
3888
4578
5754
2754
3673
6622
1706
5175
3028
6101
1954
3442
5583
5985
4469
7710
3220
5599
4174
292
2800
2644
1934
2229
4174
4658
7187
6329
1315
4034
3707
7777
5065
3627
5281
1947
4326
6300
5584
88
386
454
4061
144
2022
7219
3236
4995
1245
5691
7046
2451
4721
5717
6914
7236
6516
3683
6787
714
1551
1311
6137
4229
6871
7401
2280
1641
5820
6793
2698
780
5420
3775
7515
1363
2816
4041
5086
4302
3003
4205
6088
2268
522
5124
5778
2946
5035
7320
1553
7804
4399
353
1890
411
2779
7270
675
5038
1427
6827
5150
7229
7304
5032
3301
3114
3398
5091
2474
6160
4415
5544
7342
7634
5464
5593
4258
6147
1756
5031
373
3524
1553
7958
5298
5364
6403
6140
6167
6836
5629
2926
713
1024
6991
5259
1422
4046
7837
6271
7751
3346
4987
4098
5260
6912
5235
6957
4658
4427
6350
5951
7065
1900
6574
614
1967
889
2467
1451
2409
5006
2128
1477
5589
3955
6014
7129
5958
5582
2567
3366
2873
3971
2826
7556
1791
3621
3061
4440
5494
2819
5739
1837
100
1403
5867
7703
1965
6397
423
2853
132
4927
5209
1406
7860
7490
5008
5808
226
6349
2043
1167
7053
996
1638
4098
3528
5720
2521
1095
2467
956
4965
1347
6897
5698
238
4549
5810
390
1973
4037
3922
537
7326
909
6803
3115
2284
5821
6780
345
4386
1090
309
5835
711
7520
5416
4645
2386
1469
4665
6323
1197
4264
5423
3877
7984
3876
7761
6476
3695
1460
3841
6401
7038
1491
6377
7688
707
6089
4637
1515
7353
2170
5886
3851
7323
6767
1935
5588
5943
1878
3532
6530
4167
4402
6382
2306
766
2390
4304
973
7770
6496
2974
6043
5631
6197
7902
6992
4381
6093
7911
5311
6678
5065
2734
1019
7138
5787
6765
200
1513
7429
4357
6983
1335
7220
7217
3509
1699
2137
3010
2445
690
2494
3863
5699
6478
4549
47
4781
5227
548
2790
613
3189
2037
7132
1035
3876
7530
3091
3218
5702
6973
1651
5111
542
4412
790
5204
5591
1822
5915
6573
6505
2476
4735
6834
5657
6073
1536
2169
6977
2011
3825
5254
5379
623
4321
1781
3008
4862
4999
242
6046
7646
7236
3297
188
588
5177
6719
7037
4703
7614
4544
7326
3399
5427
2526
3407
2719
3682
3412
2159
2715
2735
7557
4730
3274
1817
4014
5597
385
1632
3595
3777
576
769
4951
2402
7744
6299
7432
7620
341
5970
7160
3799
5494
6519
7862
3376
1887
7
5206
7956
292
5101
3121
7159
3626
4956
2711
3484
2207
3861
742
6196
1162
7312
2471
4476
1970
2
405
355
3128
3234
6736
1420
2044
388
998
6609
5508
6359
1572
4469
3351
6695
6343
7782
2171
7228
1852
1553
4009
96
5829
4429
6397
6139
5175
5120
5570
1385
1416
2635
618
944
7371
2095
4970
1943
5506
955
6320
2895
3008
7973
7607
1260
4340
1676
3610
6856
2425
6386
7594
7747
4034
1539
2641
4346
3438
4096
4382
1152
247
7653
1425
7338
1269
6762
1928
3205
747
5469
4748
7721
468
4720
4009
5300
1069
4960
3918
2619
1666
649
6488
1108
3298
7312
6782
4175
3857
1571
547
6231
1576
3127
7073
4458
2436
2750
5731
5821
909
5895
6230
7170
3278
6850
6444
4907
5418
3797
2421
4149
5062
955
2723
7411
3669
2769
806
3054
3583
5884
135
6461
3540
7386
4173
1800
6351
2784
3785
466
5259
4552
1526
7728
2463
1574
3029
2413
740
1312
6358
1589
7166
7071
6259
2210
2574
1760
575
4472
880
4934
6863
3153
871
3989
419
4035
4379
6501
5315
2290
2549
3005
1733
4806
106
6309
7329
3678
283
7575
133
1416
2928
346
6385
4460
2573
6686
4481
2783
284
1976
1148
7374
3786
2047
7615
2159
7953
5364
4470
4718
2374
3503
6849
2205
6201
1172
5126
6298
917
7278
219
2554
7041
4974
5730
7348
7229
5079
2202
1097
428
3188
2104
2969
6982
444
1788
5842
1143
2749
966
1460
3890
5986
1040
598
4537
162
4623
6195
7445
5523
20
149
1130
1680
237
4027
3690
346
2351
4191
3948
2812
123
1519
52
273
4397
6542
3016
3586
7095
4271
7882
2644
5729
1763
6977
7587
5756
6660
6756
2389
378
383
5574
6943
3737
2272
2712
6580
364
2527
2231
7274
6140
6520
6688
2737
3225
7914
6461
4245
3137
6875
1399
3412
6319
6973
538
391
1465
2213
5829
1502
3949
6298
5088
6227
5059
1065
4478
2744
7301
31
874
2783
253
5852
2321
552
6948
2000
1155
1033
273
5408
4301
257
1344
390
4100
2288
1788
335
5171
2920
702
4311
7055
6543
7131
1347
7094
5485
4308
7129
754
1234
5843
3051
2934
5556
394
7448
6967
7019
5407
6256
2992
4608
3413
3235
3290
1863
523
2097
3451
747
4956
293
3239
773
2936
3556
1768
4636
7883
4216
999
7229
4105
7166
1821
1593
6766
5751
2656
2085
7938
7251
3756
6645
7575
953
3784
4573
1674
2870
3820
5981
4640
3372
6865
5307
4603
30
6524
6928
3438
7857
2065
2181
5479
2043
2487
3060
6059
1570
5414
4587
4697
2029
3368
7855
3372
4989
2893
6340
6397
1411
5697
3736
2123
4187
4808
5485
7243
2290
5489
6686
7567
3935
6534
6509
2303
6456
1390
7873
5920
367
3052
2997
994
7749
1489
6320
871
2744
7955
3936
4985
1486
73
54
5509
7043
4750
6651
1488
4605
7072
4864
2946
1535
7806
703
2420
1442
3642
7359
4634
3885
2895
5036
3319
2104
3034
1489
4373
7843
1849
4303
1041
5398
7872
376
3785
3098
7673
2093
4546
7563
2504
5722
447
4946
5215
1082
4470
6004
777
6114
2608
5050
1898
1433
6127
1178
1226
6662
1159
7619
2350
418
2956
1186
4982
7890
1588
3091
2055
2572
5768
3023
7525
6686
2756
3663
7674
3182
863
242
1468
2788
4820
7074
7511
682
1509
1068
3140
7250
7559
6368
4083
4277
2566
44
2541
5115
1377
538
7081
7965
311
783
5752
4778
1037
6191
2079
317
22
5214
397
3017
4485
5845
524
1129
1930
6118
1015
2069
7063
6051
7259
3039
7475
3317
3415
269
6891
3805
3425
5082
1337
7464
6839
6227
3006
4735
4222
7989
2106
7635
6708
5020
3837
5196
1549
3461
1242
7742
2776
6982
6110
7763
6916
2439
86
1091
1922
4938
6904
4590
4760
6285
7141
3670
6547
3127
468
4594
4131
5715
771
6577
1997
5941
3710
7906
3748
7344
1720
2239
1462
1720
4209
1588
1668
4598
7008
4099
1063
3690
2809
2143
1009
4864
4647
3226
7014
3949
1849
1130
1846
3170
5039
4086
1360
7687
3330
3015
1792
2753
1501
6037
2437
2169
628
364
5043
5644
3415
6339
4715
5250
6815
5451
1900
7135
4847
5085
663
3198
5810
3505
1617
3844
7347
5358
1426
6381
1235
4283
3862
157
4848
3041
6420
721
469
3135
7887
5780
313
2326
583
7442
930
3925
7492
4102
4874
5432
5396
1063
5241
1602
44
3468
6228
5639
464
7582
3115
7406
4681
1062
7428
4413
629
4086
5055
2218
5462
6748
6799
4391
1462
2509
746
2621
559
238
2771
3073
6627
1342
7083
6047
434
2842
7157
1514
2690
401
5123
4411
2213
5161
7750
7544
2466
5820
5218
3522
271
5119
44
779
6469
7681
7866
4673
6980
2390
6659
5779
4805
3414
5439
5623
7670
1850
5128
6589
6004
665
3812
4392
850
2736
4388
4552
2277
1694
5815
6360
812
3867
7068
4977
3324
1394
6776
7545
2321
2101
681
7826
7220
1305
3031
5605
4739
1479
7009
7441
7822
5306
6874
6878
2895
1841
1928
7418
1567
610
5612
1669
2199
7041
6954
7657
7714
2820
4853
3593
7781
7205
3030
6138
4920
962
4905
7824
3173
4536
3824
3033
3786
1927
1911
1933
5430
7063
7699
3184
381
451
2401
5550
479
7471
7663
738
4617
2822
6583
1645
3491
6772
1256
7040
4437
1908
810
6075
621
7646
2470
5575
1306
7019
4392
7042
6455
384
5430
2833
5255
1104
2392
1802
6775
117
7700
4268
3385
2179
5243
4534
1403
4305
2953
244
1766
3243
6621
4885
1435
1583
3019
3714
3814
6598
5988
5058
6497
3706
7900
5543
969
3322
3203
2986
4313
6665
3731
2338
6922
5382
4057
4079
2362
6654
5947
727
1016
860
795
1995
3454
6943
2776
1204
5859
1168
4201
4704
4370
1129
6218
5754
6017
4513
7938
1440
6281
5589
1178
467
5954
2713
3017
6210
944
6928
6204
1306
93
5542
4419
1186
7913
7697
5959
2333
3764
6481
4126
4754
6266
5086
2968
1231
5203
1254
3126
5113
5768
6497
6448
5850
1257
4232
7092
5217
1482
7960
3004
4216
4782
540
6115
5555
3812
2843
2904
7179
5817
1218
4915
1882
6608
1648
3822
1451
5222
5851
7814
4516
5989
1410
4641
6429
6125
5575
3893
696
3418
1301
2413
4161
6235
2826
3608
6558
3922
3769
2565
6412
7907
4401
6447
5667
2910
2930
472
3770
4139
4176
3481
2719
6966
6864
5058
4895
5638
2505
3686
385
6345
3876
202
3863
6944
347
7083
3356
5880
2214
6763
748
5421
7150
2569
805
3013
3165
64
3340
2110
2665
4648
7939
504
2964
7257
1788
870
5341
4957
2859
7835
5819
1611
7746
3293
4017
503
2421
5663
7109
4976
7664
2532
6816
3388
3948
7481
1400
4201
4989
1983
5475
6168
3707
5546
2971
1328
5740
3029
1888
5406
243
3572
7889
377
1748
3706
7726
1257
1498
2454
5826
5259
3471
6980
207
7749
2744
1926
5845
6167
3373
4877
6217
6051
600
2036
4459
596
6560
685
3207
6834
4959
2823
1384
7764
4564
4107
1921
6253
7038
7499
4566
4612
410
942
4495
3966
2843
5367
2795
5037
5869
3495
3544
1069
1906
39
2599
623
3229
5841
2807
547
1240
221
3113
5107
7713
6298
112
4673
6990
5233
2365
1463
13
2974
3679
4564
642
5811
2471
6757
1312
3500
4291
3629
4465
328
6240
3142
6331
5816
7134
7981
7886
2444
5654
4679
7551
5444
3221
1319
4634
6679
4191
6606
2740
1658
6407
2996
3428
2213
1703
4398
4503
6839
1604
5462
7783
7251
203
6551
3341
4663
941
7177
1387
3720
7798
1636
5318
1596
7244
3184
6620
424
6359
7970
1403
7662
1179
7192
6616
1697
3824
3051
5293
3689
7120
1610
6050
2992
1059
6842
5611
4765
6424
7109
5252
7557
3608
5251
5442
5322
5908
5209
6794
1987
7269
3485
1224
4686
6780
3219
6962
1519
5162
5837
2672
6366
114
7734
2991
273
5145
6362
1642
5135
2651
5761
6260
3846
4173
800
2065
727
1716
7946
7218
3194
1459
4384
1505
3998
7055
5909
3198
7867
910
5596
1957
5036
4055
6817
6574
7923
1625
525
2723
4562
4655
2637
7149
7444
2659
183
243
4605
7384
6493
7457
3060
7948
5021
227
3259
1776
6563
27
4386
2247
4467
225
2947
602
6802
3879
6943
4999
2706
980
5855
6453
415
6296
3108
982
5225
2045
3594
2121
6994
6189
1461
7412
6766
3810
7078
7165
2085
7890
3433
7393
5736
7052
136
2740
5554
6186
2836
3096
6481
7749
7655
7717
5365
6119
1053
5064
1836
2888
5261
6047
6303
5492
4081
537
1110
6615
6191
6879
4976
477
4268
1074
4112
2886
5187
5471
4149
2494
250
3335
3707
5710
5673
5351
2041
3892
7545
2979
5622
338
1165
6230
1375
6420
1278
3033
6374
6700
5501
5976
4416
5010
5656
289
4489
7918
2524
5149
610
1792
7260
6511
4284
6664
745
2661
5245
1014
6460
898
4445
2038
3554
1116
6882
330
6402
3946
3934
7656
2970
3901
4808
7774
7099
1103
1768
2349
4939
3312
302
5487
3684
4257
2075
2146
4832
7827
3023
5896
4567
7904
6146
2192
7638
6755
5350
6530
152
7560
2573
118
5675
3849
5287
5549
1743
4934
580
1447
6301
5428
6616
2769
5305
1012
4122
5808
2165
6996
5065
4387
2665
4924
5611
4858
5653
2667
6786
6039
3456
7016
2573
5059
4635
6072
6385
35
5366
5278
1313
7964
7771
363
349
4145
2601
3224
5405
2499
3025
51
91
6176
5955
6501
3839
3689
7759
7184
5933
6829
4485
6308
4752
6207
1451
2028
4908
4972
7116
6243
3387
2858
7095
5583
3499
2313
2486
2136
2299
4677
5949
441
6096
5180
4773
2268
4586
6029
4913
2823
7849
3151
2711
4004
5180
6747
7544
6158
5785
4674
7312
4271
3288
7238
6920
7916
6467
3091
2639
928
3505
1497
5433
6573
6518
2389
452
4409
6885
7488
7091
6231
6667
3434
5284
3236
4771
3647
1589
6452
5313
6772
1495
5414
3632
6582
7835
5949
2559
88
7174
6888
536
2247
7404
5588
176
6728
7228
2077
7758
2019
5547
151
7824
3025
4036
470
3795
4662
7051
3635
4016
5146
1315
907
7672
3894
5462
155
3820
6766
7395
7306
2684
3962
4538
4163
4979
831
7745
5619
1133
149
2662
4112
7855
2644
5267
1011
2826
2768
4212
2590
1902
1105
1317
3497
5305
4150
3681
7290
822
6204
6635
6303
4973
3926
179
5137
5960
186
3053
546
2298
5787
234
2898
5618
1459
7318
2227
6410
4911
5436
2707
4932
5788
7323
1138
7414
1258
7959
6894
3579
4759
7526
5214
4240
2855
5709
947
1581
1296
4960
44
1478
5925
6133
5114
6858
3617
2085
695
5359
860
2385
6754
408
1470
2729
3463
3583
3088
3770
5292
7953
6374
372
4276
127
6126
7525
4531
4754
7118
6357
1434
4565
666
359
2222
5274
1799
2856
6447
6280
2957
7204
6607
924
5569
5523
1688
1786
1383
74
5004
7881
1149
4684
1784
7582
3459
3247
3252
4557
6170
4480
1100
729
2658
2202
1921
7781
1658
3372
5621
3549
4459
2759
3755
4577
5796
892
6652
5070
7998
4462
1877
2745
4105
4327
5456
2366
6846
7306
2893
5252
1675
7433
7309
6356
239
1749
945
6720
1287
7691
5853
1263
1906
442
3554
1131
6257
6033
6205
2404
3096
2905
2326
6642
1857
2385
1483
3815
916
968
7478
4485
664
6886
3232
7376
7081
6102
4255
1531
5318
1051
5453
2402
3321
1725
2779
1352
4586
8
3165
169
3553
3965
2374
1245
6129
2463
1221
1371
651
3037
5775
1054
7710
6555
4374
1255
5862
1758
3605
6456
3775
5837
6012
1413
420
2597
3404
178
5358
7483
4013
976
6361
7511
5708
5905
4988
4785
1017
2840
7148
866
3263
2641
4970
2428
2201
4828
7072
3390
7054
6113
7211
5713
557
353
4698
6222
3432
5100
2801
5875
794
2253
594
461
4344
4433
5016
6024
3495
4029
5642
1254
2171
1335
2629
5684
1733
6315
4219
2343
2408
1134
1247
4181
5165
3366
7632
7169
5830
5341
5772
6320
325
1802
6725
3847
6946
687
3245
1866
2692
6850
343
6008
3255
115
6118
3634
6639
6861
4168
2200
2419
1445
3711
3245
7230
5642
5562
7415
3015
1222
4656
1656
3984
4870
4729
6584
7533
5559
7781
6612
6515
1559
480
7111
1396
1860
1929
4227
7810
4425
7371
3549
7347
4225
3001
7597
3554
5459
3071
914
3120
7938
6143
2168
1056
5534
2681
1402
118
5417
3589
3678
6362
4459
4795
1090
2199
1452
1136
191
5203
7427
1419
155
528
1043
4518
6088
7337
1223
1511
3815
5199
5979
7755
5593
1663
6153
6760
6817
5834
7953
196
6686
762
2585
6813
5352
2590
5731
1088
5419
4913
3423
1230
7786
3361
5747
4872
6678
3488
3175
1846
3121
1651
945
7185
4699
6823
5985
6300
5567
3136
1203
3754
4394
5458
5547
4225
6542
3441
4013
2104
4054
6630
4090
3392
5335
6397
2579
616
7800
1716
2067
6901
626
6065
7988
1268
1863
6822
6531
2961
4418
7800
402
3647
7512
5514
4109
4312
2897
2648
1684
4553
1392
4911
805
2402
5035
6088
1545
552
6996
6050
7395
1048
7400
3555
1518
1276
4038
40
5880
7317
2719
4617
6920
3178
2504
6016
3914
7638
7186
4866
4420
1480
4882
6940
3766
637
3467
7329
2627
1567
391
4955
80
3899
2306
2376
5610
6532
6424
6303
5327
7668
2963
7283
3487
6351
6254
6750
7822
7585
1516
628
2677
3809
2414
6213
2674
5628
2959
716
6723
1067
1941
1028
4479
3532
2491
4648
1917
88
6480
390
3444
2387
7496
2885
1024
4953
1353
6617
4978
2119
6123
4638
5980
5857
6047
5776
1590
5439
314
6132
3891
1543
6539
5785
1189
1702
7254
89
2496
7441
2457
7998
776
508
7934
3670
3140
5193
6903
5798
5298
4085
4343
3900
1179
2899
3168
3754
3884
544
1380
2637
4363
2684
2472
4310
2617
6127
4724
5741
2158
2376
4956
6962
6193
7674
4809
2750
4844
5018
595
2215
7331
4174
543
1437
6665
5052
6484
2687
5708
1447
1675
3903
3487
7230
7421
3234
5969
471
5995
7986
6138
5468
3466
7684
2101
5651
440
25
5719
4975
2922
7838
281
3093
1642
3355
3570
3837
1411
4209
3183
3890
627
4583
513
6211
997
5568
2060
751
5428
4678
3742
2009
1406
7977
2272
7113
4096
3231
1918
7870
1959
2579
940
7042
1606
299
4149
7030
2420
1312
5827
7230
5995
6851
6088
175
4974
6165
7584
7671
5521
3170
2972
4780
6379
2550
2457
6270
6814
3168
1410
3417
2290
5289
7756
5039
6014
860
5873
5404
5631
7972
4365
5537
40
3864
3387
6042
249
596
1779
1792
3292
2731
6360
6836
1585
1894
6019
7453
7998
3392
3856
2228
5977
2803
6
2636
5794
1478
6812
3285
4204
5219
5460
3809
6834
1200
1550
7446
926
641
3666
2896
7094
6529
7979
2671
1342
7189
6794
5496
6007
6929
1720
2709
6102
6970
6159
5630
906
2400
164
5133
2800
4189
2605
5548
823
1016
4222
5887
5794
4896
2970
3096
1339
7745
6697
3531
878
6904
3284
3252
3590
2242
2439
5704
814
3101
6862
248
5333
1563
4221
5974
2634
7712
1157
1259
6879
804
256
3742
3499
808
6478
2290
7328
4651
5468
100
179
3878
4869
3434
2298
6078
2692
6112
739
6468
2306
269
6622
3357
1410
1934
3757
4900
6472
6588
4139
858
4725
971
6521
3414
791
838
1841
2109
4342
7961
7357
4773
4249
4686
5917
2177
5899
3673
4136
5193
1984
2948
7325
7359
6381
4035
3508
1729
3281
7388
2475
2909
3536
2375
4851
5637
6825
6804
4655
386
5618
5771
3386
6996
4055
7777
6660
4166
5488
4565
5368
7209
7478
7476
6269
1169
6657
6751
225
1799
672
5174
3747
6566
5746
5146
3808
1473
6303
7368
7589
5290
3400
918
2602
6654
6284
2173
7163
2213
4133
2422
6394
3722
3019
239
774
6422
2876
3657
5116
4568
4072
2586
6712
4307
7948
2395
7081
1666
5043
2998
7900
3331
3951
3092
2096
5427
3389
3285
6759
5903
6653
4437
4114
6906
5139
3113
6004
1804
4813
3721
3988
3966
5422
1538
5086
1522
1650
3995
4952
1713
3520
295
4744
6419
5846
5380
7626
688
3137
7371
6740
4317
1935
5001
5136
3709
3725
7331
3569
6410
2404
3847
2264
1718
1156
7818
6147
1421
4796
2410
7728
576
1014
3746
5996
4493
7818
361
3201
5474
5056
1032
6934
4713
545
2925
2065
6545
3589
7208
3351
2817
7713
3112
657
1258
4985
1366
7546
3067
3641
4877
73
132
5570
2519
661
1716
1469
4352
588
6573
4472
4083
1004
2071
6244
5771
3893
7080
1534
2716
122
4299
7471
6282
2676
4463
7358
6718
460
1880
3234
5717
1367
7545
1888
26
7280
3658
4151
7899
7838
7329
4998
3978
325
1852
7010
7204
4993
6869
6075
7726
2378
2244
2941
5201
6068
3560
5351
6873
5235
7709
4389
1328
3564
4113
2737
6302
6407
5162
5963
3347
6424
7109
1250
2650
4515
2689
5988
3566
4186
6121
1989
2139
7866
3190
5898
4504
7989
2134
4957
1978
1162
6581
4371
4159
2725
6760
6705
6812
6321
1792
5607
898
7745
5964
828
225
1297
5884
927
6416
6888
3664
1072
6342
3787
2830
3066
6191
5560
4369
7302
805
7367
1177
7162
7086
4572
5854
7431
6465
3226
3948
7284
6172
6366
248
7581
5750
3999
1914
4201
1431
4290
2798
7927
7521
7178
2443
4849
336
3104
7805
5430
6205
5839
4670
6455
3648
6144
5931
7017
440
1541
7471
2110
6251
6256
1008
4388
7116
6976
4746
5999
193
5330
1595
3499
95
744
4792
2051
517
4212
6521
629
7420
6135
5111
5958
3041
2052
4088
3034
4878
5956
545
7829
1209
1317
6703
2686
3519
412
3426
621
7209
7880
7636
3472
906
6639
3023
3147
3646
5863
4044
2224
6153
3506
2648
3144
7465
2421
5409
1612
6616
7674
1580
735
3789
2033
3667
475
7296
5447
4005
5740
6732
1361
3479
4354
4414
6685
5670
6107
1580
1979
6078
4598
2199
7117
7150
6296
5355
5806
725
2296
3923
2685
2348
4607
1819
6485
3407
4063
2900
6176
4229
4396
3531
1691
575
1470
7933
3424
7376
6993
3341
5956
7208
932
5244
6343
4032
1602
6372
2469
646
1667
2296
1175
405
6634
1693
7927
1801
5357
6260
2733
3169
7928
4331
6602
683
1898
4121
42
1949
6379
1083
4275
1712
1799
4358
3704
3006
4362
3580
859
1949
3331
3794
828
7479
1714
4357
7058
6141
389
1429
5142
6871
6249
5376
3538
1044
2959
6841
5685
526
1346
5110
7196
6420
7964
3047
2114
6804
6305
7710
1289
3048
414
4886
6142
3909
2074
4381
3376
892
1982
6619
2804
3662
1236
4428
6373
3024
5308
6150
6157
6003
7402
5802
4147
3270
1400
4240
6787
6111
1889
4231
5336
1949
882
7643
6766
5408
3950
1739
7136
2215
2554
4261
6454
6053
5326
222
2983
504
1524
2774
3649
7003
7441
7288
5381
5884
2201
6399
5743
3707
3678
6578
3955
541
5692
7643
7496
7871
6036
1204
87
1268
3413
6951
7675
4937
6672
3852
6778
1277
5170
3183
5795
1857
4243
6844
4071
4665
4895
224
556
7329
1036
7041
3853
6338
5261
2754
3004
5163
3237
838
4300
2273
6916
2669
5741
1871
6617
6479
1895
7956
5696
1915
2290
135
794
2331
5470
1836
6578
1371
5831
3925
5564
7205
4751
3799
270
5017
4299
7416
4450
4612
6139
6886
4910
6129
2832
6478
4331
5685
374
4484
4616
2239
7102
2810
2485
3453
5674
3012
58
1349
5256
2828
6748
3034
764
7767
2868
434
1887
7368
3823
1142
5006
1435
7710
3641
4155
6830
3240
7232
7912
1490
4494
4685
656
5875
4047
4638
5190
1853
1277
722
6964
6396
6976
7007
7145
4112
4493
2448
2145
6387
488
7994
3129
6297
5749
5242
2140
6270
7400
133
7266
2339
6858
7923
7613
4559
5534
5853
3099
5214
6739
6285
3894
1220
1478
4288
5289
3719
7475
649
2831
2882
696
5849
1151
7645
2075
4873
1015
2493
6747
999
1400
3456
554
3783
5140
1893
6214
5553
5503
6153
4268
534
5882
500
1363
1087
4259
3460
6715
3483
5656
7119
3406
6682
4387
4583
6060
3158
5223
6527
2596
5342
4169
3866
4983
3818
4198
4155
6094
5664
7840
5295
6976
6075
6393
6502
5432
5333
6461
6609
2139
3849
4440
1248
2252
2737
4312
145
3396
2137
1729
2025
4342
4565
3016
6613
2049
6840
6362
2827
4771
7054
3951
3295
2187
512
3529
1237
1985
3232
5761
4704
5415
3490
2667
6
6963
4927
5664
5767
2855
6431
2364
347
6658
7902
7815
99
6270
2768
7949
7285
6214
6640
7951
1534
1588
5402
7837
6905
2973
4180
2780
2574
1158
340
5041
1455
6476
2025
4647
7325
5418
1822
7660
3291
2271
2701
1016
5034
602
1684
5202
3545
5893
6848
1635
1025
1803
6094
471
6884
7423
7880
1764
351
7526
4467
6905
102
844
7676
825
2259
5183
5730
7100
6719
941
7095
6796
3538
5962
2882
5930
3243
4924
4603
6763
5544
7981
5375
2912
3784
5011
7510
108
7683
5857
5340
6296
3037
6874
1032
1712
7560
6507
648
3089
7763
2316
4213
6896
7382
2584
5092
4733
3630
5497
609
6649
5823
623
7551
205
7340
46
4803
1878
1715
1560
6676
4174
5511
426
6266
7191
2942
1330
922
2464
1443
2054
463
7064
7467
1574
2088
5755
5650
3126
1872
7578
4710
1183
6339
7872
3028
4964
5060
6458
4533
7678
7751
4097
629
2201
626
2698
2706
5322
3384
5139
7016
2628
6202
7249
2593
7043
6963
1854
5861
5048
3043
3259
3751
2866
4758
5846
5858
2768
6325
7520
4833
2577
5763
1209
7036
2077
928
2659
7246
134
873
7592
6632
7611
6603
6894
488
6077
4639
2534
4633
5484
5965
3131
4877
539
1540
148
6340
4836
2088
386
4222
1304
837
1008
4093
2618
4781
6111
6966
3184
4708
875
5750
6737
4767
5186
7729
6744
3352
4077
5090
4876
1665
6103
2049
5483
6705
5264
4773
6786
853
6874
4033
4906
603
1150
6025
7686
1434
5569
5149
5884
6934
3133
881
6131
6487
1432
3323
7654
5350
3549
3285
218
3210
3017
7140
673
4692
79
2074
383
7150
841
3524
2079
2565
5497
6558
5219
5991
3705
131
7677
7482
3907
5990
774
4790
4448
2510
3824
2191
4099
1181
7123
3588
7812
877
7715
1715
6097
1438
3294
7136
2687
6605
3033
4091
6357
3611
4877
4995
5634
3959
7903
846
4342
3556
7390
4309
101
1597
119
2404
3667
2770
6633
1019
6719
3299
7548
3620
17
3263
4496
5669
6851
2193
1877
1166
2862
3329
221
7199
7787
2127
239
4108
3912
301
4844
4496
2364
3857
4711
5429
1707
1592
467
6945
1801
5548
4705
2134
18
4299
2230
1621
6012
2224
2441
7678
3607
4023
5731
1671
7407
999
6042
7432
7411
388
1473
34
1339
4091
7452
61
3621
858
610
2317
1786
4852
7379
1355
1221
4558
3868
4977
7259
2099
6476
2933
7422
6505
2713
3654
6477
5382
5322
2286
332
7291
1926
7475
3096
1813
6949
2753
1747
6712
2532
4086
4878
2623
5317
6178
5577
4674
2411
5483
4070
1693
2967
1095
7080
7931
5041
6352
2246
1301
7708
25
2881
3254
4780
2519
4835
6987
7045
4075
2031
3365
7198
5633
7349
2436
7422
3615
6660
4580
430
6687
5448
3973
6291
4882
2521
1845
6671
1448
1947
3647
5482
7206
4184
7558
6541
7499
4628
6629
6570
3100
6723
3963
7773
1357
3282
5806
4807
6747
6219
6538
757
2577
5627
1162
6324
3908
7759
2177
3324
335
2323
6152
810
7160
3161
4479
6559
4004
3217
5873
7790
6065
880
4444
7908
584
429
4187
890
4328
2371
5718
6096
3866
4955
3064
117
755
6025
7772
7703
82
2805
7882
6430
6907
4527
6810
7052
7619
1426
6706
1002
4382
7146
5007
839
6177
241
6698
1772
2942
3756
6374
7548
4211
844
7819
1405
5169
3627
564
1666
5348
5497
6164
558
236
3533
1854
4675
2659
3721
5499
5274
3917
4851
694
5086
1922
4043
6104
2535
4787
4519
2874
3709
5196
6336
4864
5006
927
2168
377
5999
3966
5625
1506
1368
6601
6257
4139
2852
2598
741
456
669
5793
186
1128
2154
5351
4132
7074
6858
5944
6889
1269
4
2177
463
1073
1947
4656
1361
5704
3858
6900
2072
6568
7537
5626
7857
3501
5163
7035
2697
2056
812
882
426
7196
2364
5818
4366
3879
6698
380
2565
6182
7930
5070
3077
5696
5603
5197
3201
7144
927
1793
1872
5093
5605
2390
3804
2157
6491
531
6523
6785
1479
4690
3274
699
6321
5925
5190
4892
2814
868
480
5918
6054
1033
4339
4609
1270
3706
6386
7449
6093
7141
365
6306
7361
5457
1175
4731
2801
4554
4229
3002
3679
6614
7326
3973
6045
89
1239
7504
873
7689
6679
2970
338
3327
7941
3635
7572
7776
6301
5475
1399
2607
3586
871
6116
599
3857
5979
475
2707
4434
5581
6902
665
7266
1806
2144
5452
4629
4024
4910
5146
1331
4594
4993
3797
2599
3186
7433
1003
7659
6233
175
5281
6889
1748
1207
7889
5090
616
5911
2508
1428
6690
1284
4931
4462
7962
6462
5490
7721
7665
4704
6188
4722
2628
6339
3673
7399
5549
5585
3009
4469
1417
4090
4254
6755
2784
5987
