1187
6236
7846
1238
2399
6652
5419
5551
7465
2478
7442
7250
2297
7624
5609
3952
7507
5148
4369
2959
518
5922
5795
362
6604
2850
1313
4086
6534
2448
1278
6401
6390
2921
3177
4955
6874
7729
7880
6888
5329
3936
5139
6097
309
502
3238
223
2558
2245
3249
6083
1549
3746
2423
7472
6153
5489
7618
543
6910
5296
2128
5127
409
2274
371
6229
3953
1143
1996
1522
4428
3277
4859
7122
6914
4751
7486
3473
3120
75
5847
6507
578
7267
5185
7476
4144
1618
2335
6382
6475
686
2013
4691
6024
6149
7298
7008
3322
5020
6670
6694
7593
5
5798
1669
4367
260
2285
6937
7117
4443
4520
3508
6186
5496
7360
3631
2407
4945
6082
7833
2108
1787
6985
75
2575
2763
3663
7736
7993
3547
3237
6129
5822
1496
818
3150
5851
4554
7394
2536
7933
1302
6726
3489
2756
3146
2014
1161
7245
6207
6055
6594
4305
4488
5665
6573
1876
4021
2146
802
4072
5124
320
875
6089
4742
5935
2150
4715
5772
5746
3016
1599
1981
4448
3203
7655
4978
7993
2295
6048
1927
687
7901
304
2906
2513
7733
1746
79
2655
5447
5827
1457
6987
1668
7523
2332
6347
3913
3261
4989
3041
5525
1849
6454
7701
1461
7103
3853
7770
4853
384
683
1850
881
2917
1780
6557
7637
3806
5493
4162
3869
1478
2552
4845
1121
2560
3767
2901
5800
2767
4023
3118
4830
6165
4117
1771
4598
535
413
5416
901
3403
5499
6432
4002
5952
6700
3520
3338
1642
1633
1455
3337
3710
6353
2192
2530
7537
4100
4125
3179
617
1213
4002
4138
3074
256
3335
3255
3801
2566
4960
5635
5366
4823
6682
3644
4157
6277
215
7993
3917
1583
2382
1798
5288
89
449
3661
2526
7108
7174
3445
6377
3339
1593
2268
2536
6073
1501
1913
7767
217
5190
4812
1739
641
3839
7008
4615
6267
5372
7891
1449
5075
1365
4779
6783
2451
7305
1122
4972
7558
2570
3674
5934
3847
5859
3210
163
4996
2749
7707
570
5281
2004
4672
1762
525
6640
7515
3931
5267
647
7863
5859
4568
3088
5867
3889
4009
6930
2961
6352
7725
4196
7453
6643
2785
1391
2409
512
2418
2134
6469
508
2136
7900
6597
391
4157
942
29
737
3068
7608
4742
7853
3009
507
2977
2611
6191
6266
795
4655
2727
501
4119
1507
590
2738
5779
1470
5448
4821
2882
1440
3650
7283
6576
3802
2799
2916
4210
5473
7010
7969
3140
6947
7714
3220
3199
3127
5129
7761
7016
1634
1777
1218
1969
3782
6191
3841
4797
451
2802
4019
1778
4893
2431
1071
194
7562
2765
1270
4880
695
3294
1218
3033
3312
3472
4428
3969
5959
60
3899
6108
2631
371
5563
3395
7812
4698
906
7027
4467
5581
49
1349
7430
1196
356
2409
5971
6261
1706
3516
6479
2960
7046
1764
1046
2856
3173
1931
839
4224
4089
1931
7952
417
3218
352
6744
2881
7359
1661
5701
7773
5263
875
3520
609
7830
6221
227
5218
2744
4779
3111
682
3820
453
7790
5640
2635
1855
770
1585
7230
2774
5660
3569
6563
3609
305
1926
1935
209
1002
2695
7681
728
2507
5005
7930
3993
4253
5247
4742
3824
2161
340
5102
239
3723
5302
1896
1612
3342
4879
4446
7921
7805
6840
1939
5164
1326
7669
974
3233
396
3399
6820
4776
235
745
1068
5809
5539
1350
2156
6515
6190
6507
1474
4257
921
1893
1576
4968
4417
3218
6306
2791
1974
6622
160
5882
2703
6602
6591
4091
4710
1661
6071
439
1599
6302
6356
3886
876
1216
4812
3259
4616
5577
5377
5990
5445
4123
2975
1351
7774
5809
3600
6558
7716
3015
4904
1878
1221
1290
6222
1377
4801
3169
5449
3550
7084
2045
6662
4913
3690
3439
6272
1893
7824
2876
2221
1036
2849
2254
4726
1904
1806
3501
3918
3251
3179
6325
4145
4654
5588
907
1868
4294
1065
6633
5429
6814
2010
1839
5377
4177
2106
686
4454
5248
5569
4169
2536
4658
6818
2039
5428
5581
6591
5686
7356
4256
6029
3503
5089
5137
122
2644
4073
268
2825
5597
2986
247
4146
2431
3562
5574
2562
6267
5173
7516
2382
4117
3758
1756
294
7144
2506
3875
7327
806
7897
7979
4184
6065
6253
7340
337
2775
454
6233
6210
339
3173
2286
1739
600
7619
3138
5787
7795
3697
1181
5973
4982
3677
3559
2925
1359
5981
2299
5388
6120
2583
6341
5359
7504
820
3368
5669
7582
556
2187
450
864
4004
6833
5117
2688
5618
5391
6634
6646
6760
27
528
6400
1592
529
3918
4039
7488
6398
1099
4125
5529
103
5465
1929
5362
5795
4158
767
6033
653
3121
3674
2461
4342
5672
5578
6550
1912
6257
6569
6956
1087
2245
1540
7688
288
7954
575
5678
1910
3776
6553
5536
1785
6537
4101
1949
3372
3108
2036
3704
1333
5354
6499
4917
5244
4724
3851
1624
6269
2035
6125
1641
1589
7075
6021
2805
909
1692
6768
7335
888
7625
288
5283
3501
7632
5001
1081
4996
6755
5652
1828
7130
2753
3978
5096
1431
5019
3678
2213
3207
3327
2457
5780
6025
7808
6386
6961
5616
4308
3066
1725
6273
3004
4734
294
15
7829
6795
7700
5864
7908
2031
7302
2941
6119
2757
3564
6971
2393
921
4847
2350
3551
661
1188
2884
7654
7567
3286
2526
1145
5251
2749
5211
4711
2769
1145
3043
7813
7160
1577
4921
3870
7334
4684
5968
2164
5044
5097
4049
2200
6291
2322
7875
7709
2726
1875
7186
7958
3520
7106
4110
125
502
7814
7517
977
7385
3524
4737
6203
6012
1063
5186
169
3709
774
5749
3362
7673
4914
6918
3600
6335
5980
2979
2710
1576
3998
5627
5474
3994
103
7489
7481
2999
6103
4261
7707
6187
7247
2095
1228
2250
1965
904
6519
6167
7034
4519
1162
6101
6617
175
4313
1255
5425
3377
2236
4200
2938
7715
1268
7162
2448
3946
2945
3822
2787
7455
5506
4699
1538
2702
1793
6149
2118
2638
4569
7745
206
2609
952
5781
6067
5728
715
5455
1008
3500
96
1375
6469
1597
2355
4501
292
7121
3273
5120
2716
4061
1314
2223
2629
605
7583
2701
595
3102
4141
935
6893
1282
895
1988
6208
6769
3293
4439
2774
6635
1385
1106
6760
6721
4134
6704
3298
425
4073
1985
3341
781
2628
5034
1016
7620
3496
3495
7734
1926
4061
1703
2721
5473
6595
3458
7005
6242
3110
557
6598
6661
6934
1352
938
2479
5864
2590
1604
2756
4684
3172
6427
670
497
2542
7897
7157
7269
2988
1424
363
504
3273
1367
4315
3475
6151
4309
6924
7331
70
1674
2282
6508
2432
6381
4318
5244
2114
7242
2407
1938
6513
6838
3778
7540
2557
5716
6353
3656
4887
3047
4710
6605
4244
7929
950
7775
1280
4778
635
5949
4876
6250
104
6549
1579
30
7299
4612
6448
1413
2689
4419
3553
2941
513
423
682
6877
2698
1003
4662
741
3816
3657
3718
2679
6937
3561
301
7252
5399
3949
1312
6583
7811
6556
4083
5290
4154
5656
4364
7391
1988
6761
6433
1452
4437
7103
7805
7479
6287
6661
4888
2561
1305
987
3705
524
2288
4046
6244
3218
6172
5609
4875
4026
7999
1040
4643
379
5337
619
3080
4467
7047
5538
6973
2482
2797
1932
7654
4921
2984
202
4050
4355
3228
6122
6058
5727
209
3933
4369
5826
1340
3547
3291
4549
852
504
2438
615
1769
6065
2440
3135
671
2314
4187
3644
1211
6726
852
2341
702
3279
6407
962
2944
5822
81
5238
3999
6386
3823
7262
5888
4022
6873
3041
5480
2528
7234
3664
4401
856
3406
2262
1144
4421
2570
2460
3063
3054
6792
1748
523
5040
2833
405
1545
165
2021
175
5022
941
995
2984
2093
3838
6967
4818
1610
6702
1984
6844
4852
6727
4728
6721
3755
1473
3426
4672
4598
3999
6844
2684
3321
216
1550
3669
6814
5010
568
2862
3512
5252
5277
6685
7415
5950
6461
1412
4585
6813
2927
7673
6979
1546
4370
6678
6959
5329
1206
6241
1340
3642
7791
1518
3863
1507
3754
3433
470
375
189
5144
6266
2863
3820
6824
3432
86
3890
2924
7087
3210
7543
610
1053
2304
6211
5533
342
2884
4099
7842
7446
4129
3880
5244
3973
645
2353
504
6606
1482
4584
5668
6575
3270
1537
480
7825
3597
4875
707
6534
1245
4703
2205
5653
2543
1726
4062
1346
2698
573
4219
741
4121
3535
6284
5838
1135
4727
6936
1956
3136
6254
6421
2511
4360
6404
7705
6335
6528
7226
5049
6544
7098
4914
2517
7047
6213
1182
3902
7060
4670
523
2007
1012
386
1840
1276
4079
1943
951
5300
5182
5018
4733
6685
3678
4835
3224
2542
3031
3441
5888
703
1244
7067
2719
630
868
6528
5174
6688
2750
47
1323
1210
2514
5462
3569
4531
1728
4024
1842
5468
3601
2567
4191
4106
3517
1618
43
605
6908
4111
6528
3800
4484
3102
1346
3027
6092
3597
5695
638
7653
4182
5076
6151
4844
4183
1759
3208
4485
1100
5592
1644
7429
7885
382
1367
2672
6720
7678
4042
6750
4007
5118
7202
1674
7017
6346
7534
7613
1127
4747
5147
6963
5664
4029
6930
7107
7307
7725
588
270
6639
1677
7043
666
5445
445
6708
5320
103
2150
3301
7061
5064
973
6112
7712
5212
1439
6503
7137
7310
4972
2952
3454
5979
7176
1522
4922
4904
122
6755
7601
481
399
4897
7716
5761
6143
704
4953
4838
51
6630
4019
2526
2328
6271
592
5635
2899
4090
4290
2015
5580
592
7337
5995
2961
1004
1621
2603
2446
1806
2541
3799
4601
5313
4811
24
3739
5173
755
6392
5183
3550
2229
4313
6629
2089
4770
378
7090
3633
2148
5266
5988
2383
6414
4676
7484
2534
7654
5589
6556
2111
7793
4391
6823
5642
4078
1125
6907
7835
2509
7282
3320
2147
2699
4621
3268
4070
6576
6941
5625
4023
338
7653
3425
6539
7418
1821
6145
1479
3970
3992
7078
2174
1654
3300
6356
1937
6453
7600
1547
6189
2031
7369
2260
6771
4047
2230
6227
6137
5857
7802
3573
5863
1701
3599
6546
1959
1092
5239
1579
4725
7442
7661
7880
541
2147
626
6707
5699
5177
96
6026
2079
6410
3700
6971
7123
7790
7742
2233
344
2200
6633
124
1343
7125
6724
2865
6091
1116
4324
1869
55
1590
5142
2228
903
3469
2169
4846
5167
4225
6838
1062
2165
3714
151
3604
3438
502
5819
7574
1633
2590
738
163
1923
3869
4861
7923
7829
7673
4406
1182
2307
7301
6984
382
327
7849
6098
6691
5604
4831
4867
7846
7660
7087
1355
4021
2776
599
7503
4285
6548
7619
3288
1714
2007
4984
668
2652
5805
1143
1402
4202
7854
6510
1387
4362
2974
2551
1614
6676
5131
7156
4581
2082
18
4399
5740
1256
6188
1086
3696
5164
470
7035
5765
6017
3640
6485
6781
7681
7869
4859
5826
5703
711
5507
2604
2598
7067
740
5172
4625
2249
4743
4632
5866
1902
3663
1370
3156
4113
3829
5002
6399
6774
1933
2360
7842
5388
5746
7054
5289
1411
641
1326
7997
34
6522
3224
3549
4978
7856
2753
5068
2301
3985
4484
4309
2309
4785
6351
2937
5986
1031
4965
366
566
6545
148
165
7769
4023
6935
4294
5540
3302
187
6490
2155
258
2620
3948
1594
2070
3883
3173
1605
4182
7084
1711
5387
562
4550
3780
6115
4969
4641
3515
3783
6291
7181
7596
3328
2618
5350
1691
5077
5579
2969
3542
7918
1502
3707
3282
149
4812
4600
5083
2372
297
3853
3859
7022
5518
5552
1608
7732
1171
6079
5264
6892
963
1196
1667
1017
704
1715
2747
6385
2645
6216
6791
6321
4094
3123
4638
6122
5893
6070
3781
4819
6246
6436
1143
1581
1495
2257
7405
7814
2698
4443
563
4513
1602
3103
5195
5647
6591
4804
6536
7136
1324
212
290
7367
2077
4112
7920
4930
6614
6047
2946
1184
2352
1368
2629
6829
2011
5420
6595
911
7748
5658
1535
178
6282
3619
2686
4141
4937
5272
3508
3780
5266
6575
2551
1166
5065
893
112
5189
5303
6975
4767
195
110
2729
1672
1536
2841
2560
2978
7530
3216
2818
4477
2213
2375
6617
1383
9
658
3484
1440
3169
4888
6137
287
5107
2199
7269
6952
5218
2091
5169
3591
326
6119
7143
2316
5303
6398
287
2231
4487
2538
2134
3838
7253
4900
1971
399
7552
589
93
4052
7337
7854
4105
1951
7715
7085
325
7337
7916
2061
7375
4798
2288
1630
5072
6459
3139
7616
3013
3586
5433
1599
703
2416
3846
5475
1012
3591
4627
2157
2111
782
5837
6612
4567
968
6502
1665
5605
7699
3414
5302
6978
124
27
2983
2979
2298
2557
7938
1991
5384
7757
2329
3252
3864
5661
6667
6985
4470
6384
5297
3692
3873
610
6657
2493
5916
3330
7290
4075
1221
5360
3736
5403
6763
264
3160
5345
2395
1391
5344
6318
5381
5823
2704
6048
6207
4393
926
2670
6084
4362
2561
6049
13
5668
5673
6990
6425
6288
1316
1334
1255
907
2665
4187
6937
7740
6683
2900
3731
7478
1903
4422
762
1979
56
3879
2127
367
5550
5257
6880
3413
2211
2240
4349
6887
5111
2397
6331
2838
2053
120
4816
7357
672
3018
3796
7812
4833
1894
2794
2608
6236
7791
6942
5407
6151
1332
7841
4518
5359
4374
1442
2039
5044
5960
5006
1429
4742
6232
1282
244
7722
2166
3175
5566
49
5830
5666
3511
222
335
1017
2746
2951
7724
5141
359
3991
6803
1333
2492
6524
6542
6374
2197
4451
6542
7429
7299
5075
4463
6445
2610
3239
5384
1227
1533
5779
5758
49
622
1239
1638
1657
3683
2085
1664
2545
7417
2026
871
1067
179
4963
4232
1640
2593
5261
1893
4286
4083
6658
711
6913
981
2631
2248
1805
6685
740
3058
7879
7921
5261
1093
7514
5243
6581
2410
1725
4752
1360
6041
2017
1270
607
5224
6111
3644
7734
1296
1859
1916
2922
7461
488
2758
480
4959
6891
3458
6401
1209
5174
1215
2831
5088
3478
3216
2905
1152
748
3052
7591
2855
7508
1542
2802
3347
4487
4193
4053
1262
2414
7524
5288
4381
6206
7806
2458
5146
6189
7778
4290
6756
5771
5611
2504
1081
3790
3426
7853
2092
1175
30
7832
4880
2923
1008
3609
3289
5033
6132
4240
2522
5475
4986
7157
4805
3777
7929
404
4649
3658
2267
3284
2494
5489
1337
3236
89
1612
7225
221
2369
2479
232
1239
1022
1483
1096
3319
2266
58
3868
7513
7985
5061
7331
5681
5615
6017
412
1377
4958
2087
3436
3256
1967
4678
2405
1682
2631
2228
3883
2
4244
7671
2663
1103
7435
6831
5545
2732
5628
7756
3955
2613
7628
294
7204
1784
338
7699
7513
2403
6463
6561
7695
7798
1600
5548
6121
4136
6068
4988
3362
7805
1824
2637
2320
7464
2124
723
1112
3473
1110
2233
3183
1999
4806
3012
4970
1496
804
1996
5803
6108
5141
2112
6127
6341
4115
2238
1923
6413
1907
2123
4442
2666
4613
5805
6694
3056
3145
2494
5625
1878
1408
6238
3482
1199
7740
6866
763
7211
2106
7738
1972
1625
3728
2897
4233
4518
2992
7596
6700
2138
7103
1327
1373
6041
5497
1440
6914
7382
6057
4993
4400
859
2371
7648
1556
4343
5317
7323
3572
2210
2527
4373
6999
5950
1261
5367
1093
5358
1109
7271
392
330
7081
7633
6536
846
5632
5660
6351
1141
6212
4737
917
2540
2627
6460
4418
980
5287
3572
2647
1301
6377
833
4090
2615
7329
559
987
182
5936
2053
1415
6252
1799
399
5825
5114
3842
6929
7268
3668
4617
7108
5021
6534
6714
930
4625
4523
7559
4013
1074
5375
7065
1611
2303
1833
6495
431
6344
5765
7263
6397
6186
6006
1088
3386
1781
2532
4373
2290
636
3084
5863
6281
2101
2308
1000
7533
1626
1235
7858
175
1239
7036
3971
7027
3650
3335
1788
6180
4700
5285
5630
3926
4140
809
6203
3227
5152
4220
3015
6034
4503
4193
40
4241
2419
30
5779
4559
4467
6664
4449
7383
4020
1726
7229
7208
1679
4274
6380
7411
5497
1599
1523
7425
1235
2866
1745
6776
4488
4376
2900
1329
5293
2502
7697
3193
1170
1218
6608
3669
4787
2419
4956
6812
1970
719
2462
2863
2810
1151
7671
2397
6157
5804
6053
7912
6576
7359
7913
3471
5632
7625
3344
3560
5632
6719
3658
5277
2369
3196
3317
1458
595
4889
4787
4943
1792
1245
3989
5951
7363
2151
4518
4427
5062
7356
239
4965
489
1416
6958
4970
159
6206
6015
5244
5408
7893
809
5756
4221
3555
3700
3336
3427
2261
2934
6348
3834
4207
6545
359
6241
1442
7682
2419
4562
6533
2305
6432
5825
7942
3421
7203
706
844
6779
5346
4503
2128
2925
3734
3006
3551
5795
1934
2453
5326
5349
7491
6636
6006
4955
308
3855
6179
2505
4303
516
5184
5260
6612
4979
7757
5027
1208
1734
5559
3461
4316
2487
349
161
7927
4098
1783
428
7069
3672
416
3590
4394
1403
2663
1695
127
2533
4025
5009
5239
5182
4777
3691
540
7800
1153
7009
1999
7799
3223
1469
7991
443
3688
1713
5398
4023
6896
470
1548
1527
1876
6186
2493
642
3237
4236
158
1152
4519
4755
5169
1909
973
393
2833
830
7863
889
7976
2289
4771
7300
695
3587
1261
900
2123
6502
1646
1540
73
4195
3347
3302
5834
5424
4178
6357
2572
6512
1578
6983
630
5228
3879
1272
989
1331
3985
7943
1752
5003
4477
2049
503
2963
3499
4514
2005
1926
6581
5466
2125
6225
4938
2728
3760
7177
4186
1876
3328
5492
5203
2950
3010
927
1720
1839
4895
2544
1595
2651
3742
1666
3494
6137
2408
6077
6878
7997
1901
1284
5961
4631
1392
3077
5204
1119
5520
5484
3130
3456
5496
881
859
3931
1649
3995
4457
2342
3273
7325
6222
6414
6758
2641
5527
6715
3119
5007
2804
1087
940
7744
1870
6825
4857
5896
7824
1668
2025
6110
5478
7426
4678
3546
4096
2745
7511
5983
3519
6681
3001
1349
4158
2516
387
1503
6542
4483
2126
2362
2445
7622
3721
2580
2169
7697
2557
2943
1504
3204
6532
7787
40
3919
122
2977
6595
3666
1096
5903
3164
611
7156
4817
4742
5044
4918
1870
2322
1730
5719
2070
6989
7832
2898
3850
4093
3020
3628
7560
4431
2735
7395
1225
4317
7250
4546
7245
3001
6775
100
383
5616
2339
6509
2164
476
3331
4034
6552
352
1207
3473
4817
5003
6498
685
7815
830
7406
7052
4130
7398
3488
6706
2247
5224
6022
269
7011
7621
1583
2074
2068
1288
6753
4073
5541
1690
7883
358
7317
5822
2650
5064
1259
5830
3393
2572
7221
3225
6554
5256
4325
4067
1830
2361
1008
5969
5657
4834
7698
4996
2091
1575
292
1824
639
3552
907
694
5950
156
7360
6851
4525
1114
4837
5223
318
224
4730
7244
4206
5375
5010
5400
5906
5091
5019
7686
4608
7309
5108
2971
3209
4306
1835
3263
2507
2022
7476
5749
6285
4066
7042
3685
6663
1638
831
6385
2377
1318
5970
1257
1904
5307
3465
3599
5692
3123
5881
4323
4525
6202
266
479
2780
5399
275
4156
2967
5986
7503
7783
5993
4559
5395
4839
5072
5640
5222
2083
1391
4827
5240
4843
5779
3255
5226
1698
1413
6066
3348
7011
2685
3383
6441
5502
3323
7282
473
2412
4466
5665
7468
5971
1636
3374
1181
6318
7568
1532
3479
7029
979
565
1673
6960
6032
3157
1887
5671
6269
4881
6433
3507
3348
3505
5246
5269
672
1428
2286
2926
4260
1834
2123
1745
471
4709
341
4397
7317
4535
5985
3992
7182
1427
1150
1148
2395
6528
3437
6953
7306
282
3857
3403
7706
3773
2991
5234
2072
5017
619
3618
2682
650
7818
1146
204
2641
5063
5533
1112
1002
2088
6439
1775
576
6933
5421
3396
2572
6620
6054
3054
2698
7088
6526
7675
6104
590
3390
7310
2217
5135
191
4449
205
5273
3075
3940
1311
1777
1592
4160
1339
6129
2823
4456
6988
2080
1751
1484
4243
2933
1082
6179
6041
3107
1981
7392
4058
3962
2761
2796
1772
4565
5003
3242
6745
4008
6455
3117
1455
7981
3193
3045
7737
4317
5582
4904
1508
4584
4890
2326
5665
6960
6596
5093
2679
718
7348
3904
3712
5696
2404
3741
6674
3453
1665
2574
6871
478
7205
3994
5263
4749
39
274
4740
4693
7732
3034
7417
4091
6703
7616
3493
2437
3021
6212
6298
5732
47
7867
4697
743
6144
5445
3417
4956
3602
7217
1960
2057
7997
2442
1412
871
791
517
4978
7065
1084
7820
278
6715
6616
4829
1742
4323
479
7705
2499
4103
3165
6716
2916
6832
3340
3030
5545
7636
2585
3770
1796
1287
868
1881
6813
4296
2118
7640
6038
3337
6996
1446
7942
6061
4891
5047
4935
3235
2168
2550
34
6739
3377
1729
3857
4625
1616
1970
5899
4800
2007
4309
6305
1270
2743
6158
441
3612
3866
5594
2505
6104
6956
2517
4579
6031
5576
1094
7143
2981
4807
7537
4731
1415
4326
3297
4990
2769
337
7249
4370
5336
160
5596
5914
5550
107
4693
6539
6519
6543
4023
1085
2206
5157
3224
3435
7996
7778
2078
3535
7186
4428
1612
2167
5053
597
3961
3505
4771
1147
4362
1052
817
7762
3564
3063
7584
1935
2332
3865
6195
6300
5490
7747
255
6153
7321
1166
4506
5385
7765
1273
1978
6910
70
1794
985
4011
6977
5753
6398
3327
6450
6950
1139
7905
1182
7129
7799
6722
2593
220
1663
6401
5900
3778
3530
6271
7788
5748
2679
7781
7939
3235
155
2140
4390
3482
6034
4799
2713
7491
4703
3119
1677
5667
793
7921
6973
1050
206
4350
5842
2732
1220
5542
320
620
7238
7028
3582
4170
1882
6855
1738
4202
1278
3487
5939
2032
4094
6666
4013
352
3851
3258
3813
858
6
6580
6618
4421
5751
690
670
3387
2369
5434
7961
91
4386
7829
1871
4627
6724
3406
5668
2208
2826
4310
3181
4079
6069
363
7706
4990
7667
2106
7958
2706
6030
6436
1399
6672
5651
3241
4547
1974
1657
3236
5202
6943
5157
7058
362
560
4720
7110
6904
5344
395
885
5241
7453
7357
4736
3174
3294
6113
3600
5052
6829
3326
243
4987
4067
746
540
4150
2750
5553
1667
713
6198
5287
3688
1892
2117
2953
2425
293
5841
5317
6300
1300
1031
7038
1323
4895
5364
7709
7057
4065
1996
5129
5869
7490
7931
7269
4353
7036
736
3103
3380
2931
4142
515
1861
23
4767
1014
7312
5808
40
2001
5574
5300
7170
761
3604
3626
5138
3667
2963
2134
2878
1641
5883
2136
3467
3340
970
6758
33
153
126
4201
5576
1314
7809
1088
110
6800
4381
4059
7883
5661
5039
1212
658
2277
7783
3519
3227
3955
463
7694
4984
6736
2246
5037
1175
4592
4192
410
2617
4337
755
4039
6406
6230
2979
2671
6022
6741
1595
1469
1354
1920
7698
4944
7567
5427
506
2448
7794
7186
5514
7579
4920
5509
1929
2757
3838
2553
5453
2923
6183
1945
1868
308
2412
1993
2896
2141
2778
1048
4515
206
2895
2978
2091
4089
1680
4226
5545
4834
4250
1193
7774
594
1108
4236
6818
6417
7310
6032
5637
6987
7923
1438
677
2513
6367
956
3060
2949
897
3453
3394
1716
2298
1803
1827
2116
1200
3411
6300
6762
3456
7105
6533
7788
2283
7326
6197
3982
5408
2584
5047
5734
518
526
1078
2979
3777
2371
1675
7864
5082
4049
4168
2884
6006
5478
3846
4655
259
4803
7523
2893
7939
7102
1449
5437
653
811
371
3148
2642
130
891
927
2779
3472
6987
4167
5319
3050
4862
4599
3054
1634
7011
2352
3629
5544
3964
6447
2826
4912
2279
488
1032
2643
3884
6212
5548
3085
1286
2541
7486
5876
4405
1376
3147
7687
4600
4328
6671
7873
146
3986
7692
1035
7712
2303
1274
105
3300
362
1021
5075
6947
264
6686
1047
5724
6739
3254
6222
5372
927
840
1137
4316
5269
6792
6676
962
7619
2053
2614
543
3560
4142
3104
6764
5734
49
1772
141
6437
178
5356
787
5120
2162
2321
2642
455
5437
3110
5530
2465
3418
398
2489
6275
4831
6263
3905
1048
4968
1601
6879
6536
7738
4439
4439
4245
957
6153
7322
5710
7409
3625
5737
224
7286
2622
2932
2754
4877
787
409
4363
2113
984
7464
1560
1715
3500
3662
6654
7342
6265
7917
5600
5640
6113
5685
2002
6282
5840
6719
6621
6614
2934
2555
2216
4804
597
3784
6505
5973
7465
4717
2485
2104
7625
2744
6040
5644
6686
3885
388
4718
1126
700
6803
7311
5935
108
6294
1353
2568
4429
5168
2979
3575
2624
6269
343
274
2359
4207
6120
6948
5057
4248
4475
4445
6641
3182
466
3901
4388
6636
5070
3701
7349
5410
2163
1770
7633
1504
7063
2108
5602
1612
2289
6520
2100
4944
5247
2535
933
5134
183
6201
4657
4814
2693
4879
416
7477
2442
7391
717
7304
5391
6977
7732
7595
4104
1507
7253
5950
4661
4335
1769
652
1999
1829
3236
2036
2094
4425
2979
1461
3582
7897
3653
5861
3197
3393
291
6
3183
4064
1527
3220
6314
3848
4384
3404
4038
2326
134
7037
3403
4138
3336
5976
7723
5451
6426
6113
1817
2014
1489
2801
870
2868
3841
3798
1410
1008
3761
3211
7589
7235
7155
5040
6586
813
4159
7720
1277
6529
6889
7661
1110
3469
4684
316
897
7313
1427
4288
1305
735
5136
1322
6893
4717
4597
7810
7010
1821
5878
2168
6568
5648
3729
541
1886
7291
7955
2439
3290
2716
3028
844
5866
4840
3019
5591
1429
2142
7284
7414
6555
4491
3707
3699
395
6939
6811
1335
1416
4617
2724
1082
1370
4793
2582
4296
7914
7801
446
2452
5291
2006
3693
7352
7944
929
1048
5154
1171
1651
5195
5490
1312
1555
2848
7257
6940
2099
1789
7884
7681
3759
337
6898
4037
526
5117
2779
2243
5363
3972
6185
2897
683
2124
6734
162
746
5798
6894
4778
6875
5227
3716
660
2110
7481
5813
5072
3822
5083
6030
2241
5399
1445
7880
6181
4091
4026
4170
6043
2565
6369
2994
5480
1263
4115
3668
4203
6095
3575
4517
2535
1798
19
7638
3727
3764
833
2265
3451
6208
4010
6447
6412
3582
2517
3637
4131
4026
453
4634
3822
424
5103
1619
4704
2175
1824
5965
4116
1327
5842
748
4715
3111
3518
4629
1588
7648
2330
2429
6231
3482
6457
3619
4610
7335
3795
7666
1590
3142
2813
3139
7599
1324
4256
6375
4512
5268
4285
7037
6153
666
5113
1341
4265
5079
200
6875
5997
972
1863
128
5344
2868
871
1324
4565
3030
831
3397
5630
3290
882
567
6179
3958
5811
7830
5304
6758
2494
7814
3474
222
328
5058
4007
4662
2506
5109
2154
310
337
6504
617
3648
715
6523
6515
2783
630
4567
6796
4167
2355
1180
2253
3873
4282
7570
3712
6777
2739
5401
804
3461
7484
2251
4185
5228
3203
7481
1359
506
2824
1850
4115
6270
4670
4628
95
7206
2565
4038
6720
5116
3797
3588
4068
7731
1285
4654
6858
1227
4111
823
7886
3737
6605
6387
7060
1297
625
6349
3865
4734
1967
7011
3961
1800
7504
3970
5028
1532
7015
6500
3401
3777
4428
5221
3800
3094
4294
6980
5132
4853
5275
4231
3792
2213
786
278
2030
1254
7514
3617
741
1463
641
6490
5829
2328
2169
6632
4738
3398
1948
2339
7511
1614
6413
4144
2802
235
913
511
1904
5677
4463
2804
562
2858
4357
5472
59
1523
7944
4252
627
3463
1493
1713
6700
2582
5723
253
7659
5507
4164
6172
2699
422
3298
3809
1982
6978
7081
2503
5112
2330
6523
2865
1674
7552
1000
4323
4785
2326
5342
5442
7253
3000
3767
5432
828
1147
1857
5331
6557
7001
6669
611
4909
7102
762
5109
7286
4082
2091
5967
5050
14
5189
797
199
5330
2716
1242
988
5011
6175
984
793
7522
42
5396
5801
7147
7886
5816
5582
3147
7304
5977
5038
4245
2567
6975
7902
3357
4698
3337
566
1546
7679
5894
5176
5341
3826
3513
6631
5290
7548
1112
6848
5658
1456
1996
841
5750
4919
1149
4237
1287
3652
6606
6843
5215
4882
5332
9
5726
5856
7066
1097
3062
5827
5519
6327
3867
2312
4553
6290
6105
426
4747
339
5437
3468
1303
2955
1130
468
5757
7629
5919
5921
5285
3625
7140
761
4325
6955
1264
6962
5160
7438
1356
2692
5747
6436
3723
4812
7136
5094
1592
1314
4481
3894
4007
7853
6443
7110
1548
4008
6609
3924
568
7477
3700
5358
6011
372
525
3496
4158
6774
5114
2897
4730
353
709
341
1366
4566
203
1355
5710
1075
5956
1767
3070
996
5236
1990
1971
880
5043
3585
5556
3544
5510
3397
1723
1177
4268
7252
6615
3860
4827
1386
2302
1625
5694
2589
4710
5700
4723
4324
4445
68
6071
6484
1624
55
6225
7282
1089
3114
3365
6572
3961
7395
2228
3210
643
419
4337
4285
3270
1075
7019
7772
6154
5716
3657
2258
5711
3193
1901
7114
6733
7311
3255
5629
5760
4760
4097
332
3006
5194
3357
7088
6182
5314
6884
283
5330
7562
3798
5471
810
6590
7550
5723
5235
2010
7785
2224
2645
5091
3587
3865
5571
6516
7787
3906
3388
292
2752
1855
3509
6381
7767
769
5724
3911
2230
577
1103
5095
6696
7205
2208
609
2738
3576
5899
7459
3655
7594
4975
5529
5335
7253
5393
2127
1269
1373
542
2165
6090
746
5865
5386
272
3145
2778
7996
5552
1274
1044
4996
3378
2331
4403
1509
4050
2908
125
7403
1861
1664
4046
5371
6636
114
84
3022
7612
7279
5109
7869
55
19
4551
6079
2607
636
2966
7542
2081
7850
5605
2574
2769
6158
5337
2433
2269
5929
3170
4201
815
5851
6384
2579
1759
3020
1889
5935
5615
1868
3776
4396
1884
6084
3121
2688
