2603
6832
4152
1516
7319
5531
3948
155
1229
7437
5984
664
5935
484
5525
1446
4176
445
3902
5724
5295
296
2208
5151
4542
6839
2897
7049
30
1388
7053
3009
3696
5208
4873
2281
3605
5162
6547
1987
4282
4186
7669
1632
4201
258
6426
2765
3843
7977
1609
698
6528
6460
5886
2524
4598
7791
6999
3360
87
2050
7384
6800
5400
2740
164
168
4138
4248
316
7958
3053
7676
1261
7493
4689
147
5016
2373
5673
6782
6871
3076
1737
4630
2512
805
367
7558
6862
24
6541
7203
5841
495
6087
4125
5990
1878
1124
1902
845
474
4827
98
1153
4511
4706
1206
5246
2501
7955
6980
2792
6751
6290
3632
4167
7555
6583
1917
7006
5621
670
1947
2155
5517
42
1061
6729
7144
788
597
4316
5945
6301
3560
5595
6177
997
5519
5348
73
5685
1690
188
4771
2579
354
5090
6567
6478
5371
7631
6828
6500
6208
6539
4116
7122
4438
1821
2949
3812
5721
4418
1590
1167
4042
648
7890
2956
1510
599
4841
45
774
2414
4217
1225
1341
3982
3256
6883
6346
7494
1531
544
30
6516
6447
325
4133
7679
4828
5927
7491
2691
5655
1719
6144
1212
4224
6093
3886
2555
2340
308
4912
3173
1097
5591
2218
1521
5484
5077
2656
58
1046
2685
5123
3885
5558
7970
891
2021
4745
1413
783
4155
2192
5608
1245
7505
7793
869
2249
7816
4400
5369
7223
3667
6868
6652
1141
5750
1803
5505
3657
3408
2966
7022
5379
7841
2926
172
2990
249
5367
1900
1889
2472
7057
4173
456
4347
5095
6497
116
3438
2248
7994
2036
6855
861
1786
7169
4911
4972
428
100
4085
2637
2093
5845
6918
5072
7882
3455
4552
6793
7477
76
1497
4040
5575
4633
2856
3015
3504
972
5482
7706
2992
529
971
2142
6708
3751
6226
7398
2309
5941
6887
5432
4168
4925
6369
4751
2245
6456
4967
2588
4133
6237
4017
2384
3888
6606
3878
990
4300
1523
5693
2054
6601
2502
204
5757
4911
540
3569
5508
282
4272
7311
4351
7855
5092
7653
4982
473
556
7851
2752
4504
6087
2552
3187
3815
2801
275
3578
4474
5450
7395
6061
4157
6334
7711
2362
1071
718
5880
5853
1212
1211
3681
423
6288
5692
6587
6787
7514
6320
3998
3942
3085
7871
7058
79
3520
6244
3471
6082
851
7230
7171
1885
4757
2319
5607
6558
3185
7679
7823
4544
7554
3668
3295
6436
2545
674
7137
2327
4960
6467
7970
4335
32
2586
5168
4386
755
6342
6628
711
7849
550
2571
4307
6771
5231
4994
3662
2119
3208
3144
1983
2975
6005
426
2717
1639
4922
3096
3986
2585
1446
3938
4268
5596
4086
1005
3620
2977
5071
663
4920
176
4190
6880
833
2796
1726
3235
2161
7681
1073
1304
2010
7549
3204
3170
6831
5314
4918
4458
71
5363
1656
10
4046
4267
774
2620
1307
4207
891
5742
2014
6519
4467
7306
3010
2326
997
6012
4567
359
5080
3669
6247
763
1892
7154
7494
4487
3430
7505
5420
1525
2483
3624
4650
6991
6381
6433
5601
6092
4028
2733
2087
3965
4259
6983
3345
4333
7000
3179
1878
5084
6946
6757
6496
3349
650
6307
4354
6009
1871
5034
843
4670
5387
2862
4884
3276
662
2145
2199
6701
7309
6326
1828
156
2518
7212
5973
7414
807
3417
7077
1672
3449
7125
1035
127
6610
4725
5749
7855
7456
2664
7373
2583
1063
1958
6194
2342
2829
5733
7137
2724
77
2022
3281
4114
3558
1561
4495
6635
7423
1096
3476
6896
62
5450
2960
220
5328
2615
4244
7182
638
6601
2138
7732
5467
5016
6744
4566
5558
3635
3163
4093
7852
1352
7959
1542
6587
4191
2043
6765
7948
4925
1206
7030
6421
1738
6340
183
1739
5466
934
1454
1646
2655
7877
3930
4297
2663
5556
3276
1003
3384
7300
3481
5214
2204
1684
573
7158
5936
5474
2146
1788
6879
4480
5124
5522
5403
4137
4299
2141
2293
1563
1978
7477
7154
5747
1495
3671
491
5972
1463
4897
1772
7666
551
6045
7640
5792
1935
2050
596
7280
2381
2236
2765
129
2103
1897
527
6823
2899
7706
5531
6062
1986
7581
5288
3506
2654
716
1015
3873
7365
7075
5350
1941
623
4747
1185
5867
2361
7634
2172
2754
6279
5335
7645
3462
7457
4618
2231
728
2523
967
1115
2887
7744
2029
7694
7865
3764
3753
5428
5342
2382
6494
5820
5187
82
1946
76
2962
2137
3001
1744
852
7309
5162
4637
3357
4775
2637
1862
1255
2114
4914
3021
913
4663
5283
1423
6877
3925
6989
4027
1777
3575
4552
4837
7332
3493
1488
5072
5351
5815
5761
4069
2059
3282
1297
2837
4984
4754
5440
914
6513
498
5949
7701
1118
3805
7506
165
2586
6856
7313
3491
2674
5414
4188
2975
522
2742
3168
7441
829
3504
4787
7154
4813
818
1562
1573
3830
2672
7139
7301
4009
5285
5369
5159
5034
3125
3336
3988
179
415
2518
2219
2254
6704
7256
163
6594
7109
3617
732
3305
89
7585
3300
3650
4928
6975
6785
5983
1077
7517
2401
572
6975
5069
3147
1569
4629
1092
5994
7540
3262
7170
5917
4746
1845
1587
5344
5714
87
3843
7591
6956
324
5362
7837
4589
7566
2152
2716
6325
3356
1677
3643
3984
4582
7209
5993
2659
1661
2758
3269
2792
532
478
7830
5193
23
5347
4826
1563
935
5726
5055
7656
1785
3922
3130
1543
2799
3161
4715
5066
2399
5192
618
5778
3514
6699
1944
6004
5939
631
2661
4103
2708
6870
3181
1842
734
4838
1578
5306
5045
6006
6177
6466
6827
4169
5109
7733
5002
1982
7944
6103
769
1869
5763
1097
3658
3767
3035
7019
3961
6288
2791
7442
162
2731
3003
1813
2328
1360
7607
5847
7639
27
1190
535
393
4816
6235
4429
6925
2322
4172
483
642
1627
1253
2062
5440
5066
1708
6495
5571
6029
2289
2704
5488
2729
4515
5178
3273
4533
5972
793
6495
7014
2827
4025
2491
5408
930
1509
3581
2435
1480
7306
552
1713
1886
6510
4470
3098
4383
6377
7828
1653
6606
3973
7688
3935
4973
4317
401
2019
7561
2483
2740
4072
1029
6311
5265
7857
6744
1538
5061
1721
488
4598
2713
3640
4294
7660
3488
857
7931
2959
5717
2293
2815
7646
3581
347
5405
235
5492
6994
7618
1852
6892
5260
5511
371
5779
4923
541
635
6654
6689
4628
2878
2767
2855
7443
2822
7474
2659
6847
4334
5047
2838
1673
4275
5097
4138
7954
1522
1020
6162
6077
4521
2826
2733
1041
3860
6562
5116
4180
7736
5563
1530
2266
3677
2827
5484
5995
6115
7126
41
1521
7898
6051
2700
5945
5002
2014
6176
4876
1535
1666
1036
4651
7636
2555
456
5457
2643
2536
2572
6005
5147
7255
1477
5781
7903
7977
7464
4442
3420
4984
3575
841
412
7726
76
6525
5626
4647
3532
7895
775
1770
5519
7842
3411
7
336
6667
6830
6022
2189
1215
7713
7726
6951
3894
6919
2558
4212
3794
6593
3106
3073
1175
7066
4493
6509
458
7856
5670
6479
6392
27
2618
5633
6992
6419
2859
3625
6313
1800
3816
3702
4735
2252
1330
6163
1401
566
750
6315
1264
6550
5804
4804
2438
3549
818
5523
6933
5908
1714
4123
5569
7167
4216
1001
3406
7295
6038
2074
3962
2741
2236
1010
7780
7820
6155
5109
408
595
3
7943
1617
6536
3150
5970
3674
5392
931
798
6281
4535
430
7629
106
5808
1716
3047
5846
6341
603
1114
6586
4044
7958
3273
3601
6349
7388
5513
1275
2376
4316
5007
6563
4835
3936
2263
2860
6610
194
5765
7718
6541
6077
4409
5793
6882
7341
1497
3677
6855
5192
6847
40
6260
3076
1968
5011
5411
877
7345
4975
2835
5945
5768
4337
2089
6734
6585
4568
1881
4690
7648
3945
2048
5753
5963
987
4652
5825
7423
1547
7385
7580
1960
3010
3221
5818
3659
6478
1170
1060
6253
6990
3495
2614
977
7102
3379
5321
38
6644
1973
7768
1342
7910
4760
6885
6689
1924
529
4720
5526
2937
5949
1495
3366
3079
4692
6748
7516
6844
7099
5996
3325
5963
7520
5669
4740
6707
5746
2270
7509
352
5358
339
7416
3465
5056
1625
7291
3482
5782
4515
3715
6453
6797
6981
4512
4124
4938
2265
4297
4174
2000
7602
5633
6006
3953
2891
1254
4145
51
3744
1474
6304
6001
6395
5065
1680
6783
1195
6102
657
5569
4834
2589
3124
6123
6898
3121
6556
2000
5603
2232
3381
699
6591
1152
2702
7485
23
5172
6517
4089
3987
507
5986
4983
67
2367
4398
371
747
5917
5050
2376
2955
675
4337
7652
7169
5697
1196
4863
862
7916
1839
3134
5690
5079
6060
568
3413
1933
1339
3798
3135
5941
5632
4189
1281
5126
705
1911
7646
3590
2952
6505
6976
1893
6320
5710
418
4805
5355
4052
1709
4106
2306
3304
7428
839
5583
7115
96
64
2280
5483
6529
6252
1337
934
6634
3658
477
817
3013
4572
3915
5791
1881
4174
1121
4719
7440
1356
1590
6636
99
7304
6901
1707
1437
5546
484
3373
6180
6621
1830
5825
1029
3809
7881
1852
4902
6923
2134
6738
5082
6871
7120
6077
7414
1702
2746
6202
22
6035
3516
1433
640
3177
7196
2657
4265
5583
2050
6428
7410
2162
2563
5127
317
7832
3767
1552
4946
7701
851
5936
376
3930
3980
7608
3896
419
5555
5129
5230
4982
7923
1332
572
5842
271
2564
5083
3208
7205
3061
2920
3697
4328
3379
2972
4886
4373
719
6743
7303
1195
7773
6306
7770
3076
6474
4750
2395
5575
5638
4959
6350
1268
4693
1496
6890
2345
5769
2007
1483
5022
4737
4976
6240
6113
2962
4402
5285
5422
3872
4036
1572
7113
5777
986
6625
6314
2114
7051
4764
6221
5154
2214
7752
2318
4392
2112
3954
6872
6250
5417
5654
537
159
4604
5485
314
7759
2709
2455
2060
3759
634
7316
5475
5661
2308
3179
4262
1688
812
5882
5967
7061
2498
2577
3705
5998
4564
6056
5909
5738
4938
1406
4579
3761
2812
7371
4605
1256
4322
5672
4908
1468
958
5982
1118
4371
6408
2110
1967
7427
6891
3922
4739
2451
7692
4927
255
5556
1283
5200
1749
2181
7593
5175
1462
5355
728
5578
5407
5052
2173
3950
5666
7366
7164
4383
7951
7267
7961
4086
1172
4784
6721
7387
7487
5116
7814
6583
5768
3826
4674
4590
7031
1137
7231
823
3638
4912
142
4902
4538
4822
3289
4277
7614
6043
5615
3126
807
4430
2736
205
4704
701
6701
5501
5215
2626
5404
1195
2771
3208
3439
2927
7027
3500
4879
6931
493
4111
6692
4225
5844
443
2797
3697
7188
4856
1606
5126
2623
6829
2590
5309
1724
2116
4102
1628
2856
3193
1055
1845
4894
1071
7483
34
6740
1116
436
3157
704
5078
7125
7617
5648
552
6440
885
5326
4458
6377
4303
6719
2286
2357
7272
7330
3770
4482
6245
1673
5795
3795
1770
3268
2755
1233
87
6531
3330
5524
4507
671
2688
2385
114
6666
6095
5483
4272
5335
6835
2505
6111
4421
1894
3027
941
2297
1072
4894
7976
5985
1517
5422
1747
2415
270
2582
930
450
6232
4372
1042
5216
2558
6672
7790
5091
6108
4080
6387
2038
2790
3391
5466
2104
340
5955
3143
2309
3333
3149
3335
199
4992
1102
1916
5696
4094
3895
2197
1735
6472
557
4833
710
4025
7239
1242
4352
1700
4185
6939
3488
3643
2520
3330
4293
3765
3649
84
2821
2810
1843
963
7220
4169
7111
6952
1350
1771
2959
2573
335
3791
3462
782
549
5663
2723
1695
6516
4060
3682
1842
2580
3868
2422
2792
7701
1339
912
7506
2644
4880
2738
1735
7100
6390
7128
7896
6491
2548
5448
7061
2002
6034
5027
921
2817
7066
725
2549
2077
3456
922
3612
486
1781
2473
3564
5595
3904
131
5451
1920
6588
5398
3524
6609
4375
2316
2539
366
3126
4024
5766
250
826
3438
6812
2032
6440
4416
5331
669
2114
1971
5528
1876
6297
4801
3652
1315
1273
7859
4217
4221
1984
4215
4846
1239
7215
2017
1053
6475
3057
3983
4703
2988
7014
1155
4456
7782
1703
4349
7095
1667
4428
1790
2814
4625
1851
7930
3232
7755
6511
2763
139
7668
2716
3509
6757
4293
7103
4324
3445
3788
4253
1989
2989
7579
5971
6772
2277
3015
3877
342
127
1564
4744
5401
3308
67
5789
107
3929
5318
2521
7533
5050
2545
2527
1362
3611
3971
1861
6877
4101
6826
3214
3904
5120
5042
6690
5683
6937
1992
2743
6039
1167
5633
1707
5568
625
6225
7274
5813
2920
4705
2027
154
5933
3368
3226
5592
1883
5707
6040
2986
479
1166
4362
5146
1313
1738
1275
2606
3222
326
6549
5447
5599
6973
3251
1912
5273
6508
449
4830
4627
6021
4924
5501
3365
3645
2806
5547
3921
2534
977
4063
4687
2335
5700
1286
6828
5857
5171
7118
5980
2876
5866
5157
2768
1960
3991
4290
3620
1780
597
5568
4584
597
6141
1198
1165
5774
5419
7695
3783
5507
1413
1495
1629
6634
4230
570
6799
7606
3394
6532
709
6260
7519
4377
2368
7842
1644
4321
773
6484
6632
3506
6737
2208
13
6476
3759
1188
2743
7773
5667
4497
7470
7811
513
3575
3906
1293
7712
7642
6178
6201
3147
6706
3977
6346
5106
4550
3240
5923
997
3148
5029
2448
7910
2184
3664
1097
4954
3635
4762
2403
6623
3799
7775
373
4187
1024
1106
6651
1648
1701
545
6717
7814
3122
1070
5895
1202
5616
3406
331
5797
5098
5618
3862
2109
4445
2085
5387
656
1839
7110
574
5869
5237
2281
4146
1686
4204
7868
6245
2720
3769
6796
2732
5412
6737
968
2418
7804
5474
4134
5315
995
2329
5001
2358
3886
6105
1469
7060
2960
5816
7629
4736
2649
7382
6595
2243
7070
5139
2091
2793
171
924
958
4896
5828
988
1064
5722
6620
3988
412
1469
2917
6306
3638
6058
2852
4754
5160
5234
5909
5691
1983
5637
4727
7463
519
5146
3807
5799
7325
5533
4139
2571
652
3305
387
2084
2342
7474
6586
7012
5070
455
5563
386
5035
7762
3348
5800
6110
1693
1740
5322
3722
3159
3117
3146
7485
301
4262
879
5533
7865
5269
367
5349
5331
702
7689
4032
6806
1509
6735
5938
4342
6881
5521
5315
4315
6512
7329
4400
648
320
4423
6368
1875
6483
6085
4128
7908
4256
2804
3198
6179
3341
648
7871
4166
6332
2720
3658
1905
2647
7585
712
1885
3521
7859
507
313
7560
5034
2858
1032
3805
6825
1704
2092
7482
4263
5859
2329
5447
7884
7191
6
5633
7428
1651
1976
3691
1334
6320
1009
1938
2079
3993
4119
6164
7
7838
2774
1388
7718
1573
4068
4624
7580
5299
2594
4664
6675
2496
4422
7996
4881
1806
5987
3834
4628
7885
2986
5277
2958
3956
5412
6952
5438
5564
706
786
93
2304
1642
2547
5067
5916
2215
5531
1639
2639
352
631
3640
1252
4687
2748
6377
1869
5894
2938
4720
5169
5480
3300
3579
20
2713
2889
3667
4391
5284
1344
6175
4856
2202
2005
459
3555
758
1127
1521
1993
4500
4277
2258
705
5491
2718
1153
5206
6652
1603
2298
5614
1197
4670
3509
2527
6231
7411
6112
188
3901
11
4076
2869
4695
2963
3357
3349
7204
5528
5274
1398
4626
1682
495
971
1610
4371
3149
1302
1862
401
1438
4900
2428
2990
7313
2705
1201
5234
5405
6999
323
4856
2484
6850
4687
6141
1014
4870
2409
1634
6584
288
2302
4521
430
1385
1145
2104
5209
7108
2642
4126
1420
4766
5832
4682
1856
6660
4133
5237
701
6164
244
3620
5248
6843
5720
3174
804
7296
5318
6915
1944
2013
493
2859
7362
6812
146
468
1095
7514
1308
7604
6619
6096
655
4604
2653
1084
5486
721
5496
6831
6690
1384
3043
2232
616
4177
802
5448
1071
3304
7126
4012
7573
5347
5783
1346
3831
3597
1512
6595
2750
7425
3713
4732
4537
6840
353
6036
2219
3774
4510
2072
6904
5927
7035
892
6526
3364
2523
7531
1656
7563
7188
7817
635
3906
7971
3583
7854
6060
2514
2438
7552
7235
244
1677
3231
1550
149
3463
2061
4440
1699
4532
3031
4644
6874
4346
6234
4745
4210
4787
7045
7441
7795
3461
2896
6581
2197
6555
2018
1808
7504
1174
1487
7596
6288
5161
1070
6802
7362
7023
3451
6168
1505
5375
4783
874
5291
6379
4402
356
5072
4145
7688
1109
5757
942
154
5954
4570
7628
1750
4655
20
7538
552
1586
4673
3395
6169
6019
4178
5467
3033
5763
5700
2994
7701
4937
2354
5609
897
338
6005
3836
4962
6381
6263
6109
562
3555
2813
2745
1294
4728
2430
4816
5600
1047
6175
2325
5319
3684
5117
3635
3270
1595
21
3318
44
2941
1552
1424
1230
3406
1528
6279
2471
6011
1826
5988
6725
4468
6950
528
6065
7379
6777
6071
3800
2709
1348
6956
6270
1346
6280
2778
3086
87
7566
1411
4411
163
7726
51
6111
4278
3251
1079
4941
7274
1025
7157
5345
6655
6270
3992
3460
613
531
2675
3322
2008
6164
1111
753
2353
4692
716
2825
5989
1979
3407
3505
4439
5456
885
1114
4765
6533
7735
3382
4241
4393
4813
22
5729
5171
1296
5329
1168
1628
1677
5396
870
4913
7996
4355
6461
2904
6973
3895
7695
5147
2587
4567
3970
999
7071
5413
1139
7670
2032
3993
3383
4066
3514
7147
1087
3431
5915
7628
4843
941
6947
5396
6863
6392
3417
6300
5966
4190
2568
1068
3696
4593
6806
1924
2925
2250
3209
3842
7834
870
2980
6593
2703
6175
5903
48
2659
1323
2180
5307
4293
7674
7533
1533
6470
5589
804
7761
6062
1599
7120
7389
1395
4815
2683
6553
1909
2373
5220
3752
3664
3881
3543
6821
1695
854
6592
3153
5708
3140
6643
7053
3227
4908
3029
3688
6608
177
5784
1060
341
1346
7748
6650
1488
4295
2854
2922
3879
3242
3135
5210
3066
6506
27
6156
5676
3804
4576
1006
773
4929
1212
5778
7634
6501
2812
5044
3972
4728
350
4130
7186
4642
3518
5920
6827
2183
2027
7475
5567
5620
1152
6920
3392
696
560
3508
6397
2091
3603
3200
4693
283
194
21
5122
6372
6159
359
1185
4286
74
229
982
1678
922
85
1217
2261
7327
5795
2564
6403
7850
7739
6185
1962
5172
2030
7520
6749
3523
6023
4364
5979
3324
1672
4700
7879
7384
4750
2415
171
3702
3343
925
3753
7632
3515
6
1598
5211
7516
4971
6324
192
1016
5751
6928
1085
7763
1511
5172
1506
5614
2590
289
6819
7673
3648
5735
7303
3879
3573
2911
3509
3920
1545
2671
4783
5946
6393
5119
1438
2011
5674
1560
2077
3706
5208
6291
4459
3527
1995
7763
5270
2483
3331
2904
733
2817
7741
7399
5897
1074
3861
5221
4795
3090
5135
5277
7555
6502
7114
5847
1960
478
1057
6309
5600
4529
2183
4063
7721
2278
806
1042
7773
7810
4806
2211
1765
3859
3601
3811
2679
1216
3832
4901
6642
1242
7421
4101
7714
5815
3232
7491
1763
7022
5362
3487
7647
761
7044
2178
1146
5018
5706
6584
6790
561
4311
454
2571
1362
4597
2693
658
5182
5954
3260
389
2110
1125
6165
6397
7354
7290
6696
3703
2635
7376
3796
6774
2818
7323
125
6435
856
3049
6546
3942
5309
7703
4860
1444
1611
5410
3942
2254
3586
3200
6189
2390
614
532
3310
6396
4618
2508
3099
6871
412
6910
2449
7426
102
3449
3179
4500
2794
5569
3366
1129
7757
5197
7721
1543
4052
593
1194
5072
3209
7123
1969
7731
4303
6988
2972
6376
3503
404
751
934
6152
7783
6776
6341
6842
5414
3809
7561
6648
4501
988
709
332
5542
5812
1220
4921
3577
5033
7289
2768
381
4660
1580
1626
1520
5118
3769
5866
3785
457
1224
2748
798
1227
2173
5428
1379
5126
3267
6227
4724
5049
5429
4399
6917
6140
3471
7979
896
2482
5633
4555
1358
907
3126
1035
1692
287
2331
903
315
7430
4706
3538
4653
3740
2680
1297
4440
6824
4761
4097
3534
6160
3639
3987
7687
4015
3595
4811
3900
5709
953
7954
5676
6120
2901
6719
5749
6591
1426
6175
5412
5005
1048
2395
5085
7112
23
3900
552
6988
7472
512
7640
3467
3191
1509
328
6586
1364
3774
1761
2567
6871
5391
201
6878
2537
6059
2485
2571
3850
5546
4889
3043
2090
2455
5947
6230
2641
6548
2464
2250
1994
7031
3295
2651
6234
4857
6756
6265
2163
7607
6331
5130
7525
3627
5135
1107
7132
2510
3527
7229
7462
7744
3200
2857
3206
4030
2475
1844
4482
5470
5206
2078
783
7797
6518
3626
2687
2670
3939
4824
5073
1188
7931
2280
3572
7149
7655
7248
2739
7689
7758
1873
904
3560
5007
160
2632
2750
1038
6488
3183
3589
7749
4280
3270
6746
1023
7334
3131
7261
1507
6607
4378
2531
2674
5460
2247
3574
625
3509
1020
7618
7357
5207
7660
2110
4842
3323
3540
1494
445
164
49
5077
3463
2284
4044
7500
5095
5836
4447
4100
1396
467
534
2502
2010
6265
3790
1874
6540
5065
5859
7593
7180
6762
5848
7789
4703
5136
2482
1322
5421
3881
2884
4065
5499
4604
1708
3989
1342
5437
4395
5527
3800
7492
1027
4076
1494
5116
2571
4962
5649
6312
4602
6655
1900
2382
3486
339
1634
7829
5340
5289
498
6549
2012
2490
4664
1596
6486
7630
6343
6005
6474
3665
938
7169
232
6986
843
5282
2882
4248
7384
1774
552
2019
6482
1608
1784
5954
3967
6594
5951
3194
5108
379
4272
6077
5758
2438
209
7123
5451
2785
3761
5360
4035
3464
7708
1125
1770
5972
2709
1464
5804
5275
5779
3907
5993
7859
7714
4464
5441
2776
7101
1696
3807
7640
4936
6025
5994
194
2690
6117
2899
3698
813
2647
7235
4992
3608
1519
2975
2217
3873
4504
1028
7272
7761
1669
1433
6882
1353
3867
2991
1927
3212
3557
2578
5151
4853
7482
2919
3706
6424
1120
6994
7405
5290
354
5293
2016
4312
1527
1444
1966
6521
1718
3155
6040
3957
3804
1568
6537
4038
2646
7454
4049
356
1381
472
5339
990
4686
4760
1813
4295
2792
4340
5633
2784
3496
1987
3930
2406
3468
1320
7883
3208
1419
6321
6372
5495
2495
7758
3130
3757
777
4959
3595
4379
2958
6729
7144
3277
5530
7824
7860
1844
4138
4743
6651
1627
2174
276
2135
7234
5777
5024
5558
3555
5183
1468
903
5456
5547
2943
2814
3656
226
6527
5299
7577
7098
354
4640
7863
1175
2474
2407
7127
5666
984
4324
134
3282
3350
1878
777
2013
6780
1965
1159
5287
6063
1482
910
2911
5366
1545
1618
1192
28
7128
2660
1208
4821
3531
7507
5114
393
5170
7892
5512
5319
7598
6606
6444
1343
5627
1626
7276
2852
2641
5781
5888
1030
5112
6359
1681
4544
1783
1913
3045
5408
7592
4081
640
7146
7898
6016
3567
6729
2283
6069
5504
7864
6793
395
4212
3110
4116
7889
1468
6988
1406
7477
5582
4764
5205
3026
3651
1448
3711
4918
356
6438
4635
3771
6235
4969
7603
3123
5642
4210
3272
344
128
1812
326
7689
2782
6249
4007
1482
7877
6946
2789
4631
843
485
5001
4181
414
5737
5490
3286
1092
822
5705
7717
7324
6681
678
4178
2285
1640
4941
1549
4564
7678
7148
4674
7660
2546
4862
7890
963
5339
7330
1339
649
3809
3705
2652
7731
1754
6658
3250
5837
3939
5022
4178
2396
7962
719
2188
4150
5919
4644
3748
558
4526
7872
5815
6285
6391
5655
2733
1585
3040
634
1714
994
2938
2550
2656
1872
1501
6087
5063
5735
5215
1097
2330
2505
5982
424
2278
3876
227
1774
6709
2544
7737
7904
1303
3344
1663
6915
204
894
6595
6198
4012
7964
3569
7690
4998
6788
4926
1092
537
6837
46
3579
7158
1933
7124
3884
1268
7659
7304
7261
3094
1120
5227
3338
1886
754
4117
5294
5917
1715
3636
7568
3540
2112
563
5165
2039
2836
7866
7971
3199
7569
474
3422
7428
4964
642
6302
1128
1131
782
5490
1904
5416
2414
4514
7500
44
326
684
1651
4035
3453
980
3381
525
2808
6646
6391
853
5237
2257
1159
3439
2245
6259
3151
3846
6177
404
2648
6262
7346
4898
595
6984
1392
734
7270
7266
2932
5377
1050
90
7174
4418
6096
2173
3075
3240
7008
247
7120
6331
7001
5953
7464
28
4012
2347
5906
4032
2019
185
6376
6083
1099
5153
6650
478
7726
4122
3487
5939
2247
1753
3184
5640
1227
6916
4106
7460
2130
6517
4544
4080
5824
187
7532
1651
6856
6086
7986
4013
7772
2978
6302
5121
2451
5794
4491
6554
3426
6870
4692
2403
4432
4976
7220
7958
5645
7149
5804
4777
2762
5123
3206
6442
3137
5861
3008
1968
7801
3006
253
5207
4933
5383
2683
6328
3368
5242
7086
6957
7130
1928
5554
2055
816
1806
7030
5600
6846
1494
5105
5522
7297
720
3762
3666
4842
495
3958
6186
269
4686
7449
5689
3077
6130
1681
2903
7203
7196
2873
2208
1864
5782
1798
2724
5645
2333
7951
2623
3311
4493
7289
5131
3283
4396
7517
206
3173
3399
3686
3214
1578
1041
5344
7957
436
123
2676
7270
3551
6421
6364
5267
6145
99
5002
1153
6748
7682
2479
7237
5325
6284
4490
7921
7506
4964
7444
3990
7239
3341
3645
4150
2767
3478
1843
7545
106
1346
5823
4643
5128
3950
2277
991
5828
6236
5024
6653
7502
6702
7944
7021
375
5500
5207
5376
438
1559
4744
1731
1363
4230
1104
974
3673
189
7578
617
7056
2702
7568
6611
5796
2385
7305
7882
1173
3601
6952
1142
6793
2882
3960
6937
5145
4553
6809
5409
3052
6555
6475
6177
540
1400
6951
1011
2819
1105
186
7127
572
3303
6823
6656
6489
494
6999
1509
7342
6096
2443
2416
2774
7825
6437
6880
789
3707
5975
3212
1997
7782
7308
1738
7057
3867
2507
3327
4740
4710
2220
2270
6434
4666
1532
2067
731
7586
6485
365
5603
5580
6906
6160
6110
150
7341
2295
530
4159
3550
1912
3093
2788
7719
1246
6585
5769
4727
7445
6610
3249
71
7727
6114
4849
7776
1130
4377
4159
3797
6686
6838
6571
5572
3394
1263
4076
6722
4522
3782
5186
6215
4095
7760
2641
2818
4486
3419
7677
3004
5091
2710
3067
4700
7324
6172
4257
7517
6755
4025
561
6074
401
5623
7247
3561
7799
1443
7603
2132
7429
894
4837
679
6287
3807
4028
6581
4948
2037
6062
2136
5698
5987
4887
5259
2381
7892
7785
6814
6537
5465
6240
6598
1855
7496
5195
2726
5745
1304
6157
7237
3954
2000
4225
1372
3090
979
1361
20
1189
7461
1916
6899
2882
7923
105
6144
5614
115
6174
2609
1584
511
7651
391
5327
3410
6360
3993
1949
3732
3982
4089
5973
3979
6773
1217
6942
7321
5110
4039
5570
992
3063
2710
6317
3453
1491
2901
6891
7164
7104
3110
6298
7670
4788
6783
7431
6777
5496
4703
3075
7564
7806
4151
1295
6333
4179
2671
3665
6153
959
5914
72
11
6215
4421
7924
6838
4546
2624
3152
4899
3295
2778
4093
764
421
4302
3776
7707
7185
4963
4759
163
2822
5126
7191
7720
5242
5433
6678
2558
7547
3832
2004
3097
1334
7303
1919
3364
519
3799
2476
5923
2629
3406
2504
1363
2793
1423
4947
2137
7772
6702
2643
4594
4834
4869
1943
7588
4368
1046
4082
1483
4648
5280
281
6787
6548
6786
7741
3925
6097
6559
4304
2250
3897
3952
3144
3545
3517
5886
2509
7356
3317
7963
7974
2119
6682
2486
1531
7896
5267
6261
5643
6900
4662
2997
5750
7465
1880
5468
136
2027
615
2682
3268
6331
5608
7528
6082
4060
6862
7058
514
2691
2543
5470
1014
7795
4215
6989
334
6875
4692
672
5837
6435
7419
6880
3741
6423
3031
5773
7090
7072
5520
1341
2413
6773
841
6802
6406
5441
5746
5957
5857
1766
4425
7672
3554
3281
5898
3493
494
5373
4754
4258
2859
5579
4729
7987
3631
5767
377
665
2908
6351
7058
7592
5464
1765
7455
6449
2022
3890
7541
6763
4208
404
1116
711
6367
4950
246
126
413
7354
698
575
4590
2522
3926
1450
4356
5362
3499
4839
7388
6602
5814
922
7919
643
2958
3608
6821
7475
581
4952
1007
7440
2625
4729
7335
4561
2708
2338
5077
7157
7363
7362
6097
3297
3827
690
7303
5397
7078
7284
2297
1635
3122
5271
2179
6404
7384
1707
7505
3537
512
1305
7290
6845
7712
4859
4294
2862
1817
6007
3554
6360
186
7087
5389
461
1062
1896
6944
768
2950
5228
5658
3139
2364
7914
1688
6632
5864
5425
810
737
2552
4006
5996
1597
6520
4961
6593
5005
1399
4289
4896
2894
3058
7243
5789
4919
178
2760
7401
1366
6739
846
5673
6837
1277
7627
5406
4035
2863
7078
4219
7135
350
276
6791
3351
5236
464
1088
7499
4482
7745
812
937
48
4706
3512
6399
1011
514
4549
62
4067
6776
4463
4451
2179
7332
5498
2885
1477
2922
7698
7839
7241
7044
3322
4713
2279
4544
7145
1488
4629
5648
4894
4540
4468
6071
274
7411
5749
6332
756
5330
5937
3866
7308
848
1378
1133
343
5452
2111
573
1243
5559
6150
1377
6764
2474
2901
3899
4638
268
1426
1735
7507
5735
6677
4849
6331
1461
2282
1835
6596
5755
4858
3286
3009
7345
1459
1125
1498
4997
5495
38
4097
659
7979
7014
2319
4094
3564
3267
6432
4724
3603
4758
112
3714
2012
7053
7656
643
5468
1869
324
2623
4676
2821
5981
118
4610
2704
5468
7237
1545
4677
2679
5931
2509
1456
4811
4524
1795
4998
1679
3334
6482
5122
5448
5719
1419
258
5296
1943
6118
4986
4575
1789
2392
2804
457
5951
5256
6663
7412
7845
7992
6493
5872
4207
2628
4916
4727
2504
6703
1583
1705
462
