5696
1891
5734
5626
829
3411
3015
7700
982
4208
1382
3793
5003
828
6217
4194
2928
4200
3086
7939
3450
6940
2502
3111
1513
3394
1928
241
2242
3288
5991
1432
4755
303
2890
2663
4826
2021
3743
1628
5094
7810
2488
4842
2164
4482
4056
1540
736
7479
859
5751
1267
5323
7495
5354
133
7523
5302
3045
2575
1114
1469
2620
4559
7454
4480
4308
7655
970
7509
828
6204
4085
300
6531
6117
1251
2544
6953
2171
5273
7322
274
4259
609
1227
7552
6813
1308
3159
7203
4602
380
7840
2189
3665
4759
6168
4564
4337
7
4769
1049
4545
3402
6540
1472
685
6867
5495
4823
6469
3826
6540
1146
3617
334
7000
4396
1090
7430
4985
6488
290
306
6113
1085
7350
5769
2851
105
448
1305
3648
6574
2339
6930
2332
4179
6607
1858
6428
3453
2816
5359
2942
5924
7431
3250
864
536
985
5275
4852
3527
6867
673
7180
5905
3667
1704
3998
7339
6684
5971
5647
3227
4365
5151
7011
7207
4825
6702
6221
1454
3037
6531
3380
1957
7988
3662
3502
5936
11
7644
7850
2358
5132
1542
253
7495
624
6544
3341
6196
983
3885
1189
4924
4089
5792
6042
4935
5167
987
4239
2851
2415
5711
4295
3224
157
2153
3737
6623
1891
3502
6815
3244
3394
7597
7213
3994
5012
6632
7637
5251
6588
2984
286
461
6409
1969
5710
645
7549
6203
3138
7884
2111
7468
2898
2683
6267
3456
6391
1014
7008
1913
4929
497
6161
7782
3466
7062
238
7335
5640
4867
5641
6304
4618
4630
3857
1646
505
4499
4756
5861
31
1064
6482
3357
1817
7543
2186
6911
2341
1314
5741
4257
7032
5232
766
1413
3208
5666
5611
2127
4055
1132
3956
1961
2237
650
7331
7969
6504
417
244
4071
3728
7773
7155
7318
5577
65
71
7920
4171
4854
6883
2700
786
1628
64
2423
2394
3844
5781
477
5888
3009
2774
3677
4206
3912
6053
4209
4260
2852
3182
487
267
1500
814
4433
1282
7698
4303
7808
2314
2977
2084
1598
1458
6938
1988
2502
4953
7277
5387
4323
1410
553
4792
7698
102
3582
3962
5447
5997
2709
2270
5780
3250
4695
2986
1056
2735
7100
141
209
1082
20
1127
4694
2942
4612
5462
1141
5044
6467
7949
2083
186
3986
2554
1529
3833
1653
4121
6666
1333
7981
4395
7844
2961
7663
2233
2198
4764
2564
3703
2960
3643
6142
3096
5166
7541
1762
4293
3588
2232
6816
4312
1759
1339
6436
5460
1011
6814
6282
5675
7273
3797
1303
6863
2136
5984
5542
6871
1978
3392
848
5886
7252
7383
6328
77
7716
554
3009
6297
683
1985
371
5740
884
7229
7795
5568
390
1446
5633
1117
5548
1842
1529
6815
4461
3052
1169
5901
4660
7778
7280
6127
1481
753
7961
6332
7843
6401
3210
2166
3618
2431
6256
4264
6230
1609
5343
615
2857
3998
450
5353
331
5402
5090
3163
6624
2657
4048
2107
781
4740
841
3935
6409
2807
5674
3918
3080
3754
3060
1201
1454
561
1812
1685
1400
5511
4505
4333
1587
2221
3920
5210
2366
7049
6565
3091
1549
987
2953
7635
3468
7872
6687
1426
4934
3127
433
41
5197
97
4986
3693
1674
1674
1002
4653
6857
3290
2064
1477
5863
3016
5460
7438
2919
502
5115
5994
7745
879
6182
1827
5047
5749
726
7351
7380
665
6718
368
1417
7022
7186
2615
6839
858
580
235
6628
1597
5512
3616
7884
5905
994
4709
2442
3136
1583
1588
3288
5330
7039
2690
1412
5420
4678
4002
891
7791
507
6018
193
2430
3141
6403
5768
5121
142
6433
1011
5423
1697
6356
4566
1727
928
807
4384
6745
2205
1736
7586
6872
5272
2790
1740
3998
5489
4188
2172
1288
3321
3276
7276
947
7308
2418
3703
835
7079
1300
5217
6655
5091
778
4246
7820
237
649
6061
6751
7394
7664
2185
6886
1637
4143
3581
524
4047
4916
5073
6577
1653
6573
7991
5533
5373
3157
3443
3147
5394
5487
4276
6902
7620
1178
1409
2379
6320
4797
1014
5796
4086
7691
7958
6659
764
1425
5855
1401
7500
4452
7893
257
3439
4700
3132
4105
7863
2034
710
3815
5696
4725
4286
7279
3814
5909
1587
1411
6736
5313
4396
6689
4573
2302
4121
4293
7047
1756
7181
7991
5985
1238
306
4129
5045
372
3088
6349
1559
7281
6843
4782
5764
469
1611
7052
2409
4018
3517
3947
5701
1201
3601
7491
6417
5371
4836
3554
1500
6379
1624
1424
2932
2452
2511
5367
1026
2964
4970
2706
1654
1434
5364
660
1065
873
3056
4501
2575
6221
3700
4884
1494
4335
4811
508
5779
4916
5351
254
4929
6796
7663
886
2066
1024
2278
6397
5276
6355
7613
1703
4034
3757
1296
983
57
1126
5024
1511
543
4071
1523
5539
6201
5782
5170
1724
3034
2602
3285
4859
4236
5831
6794
1567
4922
7311
4853
3687
7885
5327
5150
365
1629
2138
4502
5969
2537
7009
7151
3036
4942
1552
1483
485
5232
3387
7449
6206
6020
7776
599
5632
2989
7666
2815
5383
6116
1912
390
6704
1184
7051
6723
7742
5700
875
1960
6443
6511
2042
1177
3638
221
7291
3815
4947
1547
1613
5763
820
1245
7439
5472
228
6746
3670
6283
1687
7994
3184
2480
5064
35
1909
7421
7226
7244
4207
1565
5091
3832
798
5993
5428
3135
3928
3263
4083
997
1084
2070
5710
6734
3901
5156
102
4079
492
2199
3182
4342
5909
4534
5643
7847
6721
6973
6035
6213
3368
6746
6065
2302
7998
3195
247
529
3690
4846
4921
2586
1333
2281
5843
5622
444
6334
7653
3127
6753
1648
253
2450
4299
692
5608
5950
6891
382
3804
158
695
625
2594
1411
6764
1811
7251
4457
6664
3744
1553
3596
7959
108
3917
5247
5765
4785
708
2523
3863
5458
3732
7711
2887
6778
716
4085
2359
2617
979
1024
3675
7643
3743
3143
4108
5929
3705
814
1767
1403
381
454
5312
226
6826
2861
5026
3731
7566
4594
5717
4890
5991
7967
177
2266
2683
7766
7273
6795
5091
911
7437
2746
1945
6488
7459
7619
5349
4136
2985
2040
5398
7191
2837
3378
2346
6877
7651
5750
7982
2427
2359
7915
103
316
5243
2049
2301
2625
3170
4404
4787
5116
6892
7416
1249
10
1774
4814
7008
1472
2655
2161
6284
5361
3590
4081
1069
2194
3455
470
3553
7205
337
2400
7438
6957
1868
4031
4015
1096
5392
6988
4863
1314
5471
6155
117
5607
4233
3237
5394
78
438
2307
6370
6295
4432
712
2547
2872
2739
4359
5962
606
861
30
220
4165
1968
7249
1876
4005
6175
3940
7145
1586
7116
5899
1271
6471
2311
2332
5110
3060
6638
3228
6776
2206
5962
5381
4674
6104
1488
4261
5839
7222
6864
1405
3394
4218
3288
7514
64
2355
6695
6175
4445
2916
2027
1437
3995
4521
4245
7636
4244
3949
7899
2703
2695
2656
6430
5102
831
3018
7094
3671
743
7094
265
1836
3433
2834
2591
5147
2659
10
7247
6305
4452
6534
235
5452
1373
6153
7064
929
2735
3601
5519
6777
6834
4241
3933
1169
4061
7167
7275
6670
2961
3338
3273
3200
5411
7223
5411
2048
5949
3817
1073
4883
4846
6103
2993
7489
1857
7291
1669
581
4226
2063
7198
2488
4617
5590
7293
2821
2901
6842
1305
4956
4072
7502
2343
5908
4315
5919
6958
262
796
4330
194
4809
7173
7387
6409
1085
5692
5250
5864
7180
4182
2621
2540
1602
2889
6067
3679
5857
4677
3802
4005
5510
913
6258
1721
3866
6157
879
5750
4655
7559
7752
5658
6237
4186
4013
3980
7440
1126
3376
6475
2142
753
3990
6623
139
1653
4618
6420
996
6117
5464
2395
2093
2199
7677
1340
7640
4576
5514
3819
1267
6964
2980
3088
540
7422
7965
2776
3031
7692
6841
5792
1830
7962
7654
581
1249
7507
310
1038
7062
3385
2486
5057
2964
3988
2985
869
6375
588
6450
5965
5428
2042
6763
6783
697
621
7648
6706
3511
2721
7547
6111
257
1543
1978
1245
2832
703
5826
2023
7630
5765
199
1436
1878
5004
370
6027
4153
1962
5121
5715
3861
6343
6877
2709
4349
1678
1365
7153
4067
79
2678
1007
5064
5120
97
1843
1598
6869
3072
720
4813
3995
5824
5115
2299
7185
3166
854
4901
3659
7156
6129
944
5500
3238
7421
6961
6069
6244
2595
6159
5565
7018
6399
898
6532
4586
2767
7010
602
236
3151
7382
7687
2632
6100
6829
4895
3765
5364
6525
1772
6625
2944
7267
6694
2708
2017
2042
1441
6749
1074
7963
1360
6476
6208
1042
3969
6381
6210
3337
5074
3715
1471
4262
7431
7125
7653
4150
13
5129
408
1942
7684
898
6182
1591
4478
1571
2954
828
7498
4706
5374
1541
2461
2974
1128
3251
2913
7633
4193
783
7033
2606
4428
6037
877
2931
499
7568
2918
3613
5711
836
4435
3326
6690
4659
4388
7101
1390
2604
6759
4836
5687
1751
2309
6488
6200
5281
1409
3197
713
1493
370
3425
2130
5755
7573
7193
2544
6576
7123
6889
3758
1470
21
2131
6309
6116
3562
1167
3951
174
5610
3535
4557
4759
6159
5259
6565
7947
1367
4517
3170
3980
7801
6355
930
5078
5109
2936
4926
1544
4874
1030
2814
7078
3899
3903
173
2548
6660
4862
4227
2878
816
1694
123
5206
3682
4750
1782
7231
151
646
3753
1256
4956
4052
6341
1979
5305
3027
3867
6491
222
6348
992
7343
3239
4746
7278
5788
3913
3386
2245
5954
1344
3480
1863
3500
5710
4750
2409
1755
6891
4929
2133
3247
7690
2033
2937
7174
50
800
2504
6481
3154
6136
3146
352
4680
3454
1932
2683
4066
2484
2722
6387
6604
5258
2699
5293
1982
5016
2565
290
7568
6489
4773
158
497
5252
3542
5746
7684
4389
6173
1125
5379
6508
2936
7722
4165
63
6860
7276
1883
581
4860
7510
6780
1550
5753
3118
6167
2985
6487
63
1817
5289
1994
4967
6972
1854
264
266
3851
7858
7561
1718
3112
3975
3696
7779
7087
7751
4813
2226
4695
7433
1318
2067
5605
7623
7044
7517
1269
7346
6225
3817
4026
730
6419
4557
7844
148
3889
1345
7924
3052
7175
3215
811
2277
862
628
4590
5469
4937
3248
7039
6608
5571
3645
5008
4293
7076
5231
6571
3479
1083
7920
657
6171
6365
664
5719
6089
1213
6894
4499
5067
4220
3391
6072
2508
1707
4782
5823
4403
446
1495
3050
3903
5611
5668
745
6619
7836
2994
6086
2831
5558
3885
2893
5989
6329
5981
5747
4872
6473
6698
560
1229
1489
7941
5907
1434
4153
1739
1367
3130
4305
4228
7890
325
4468
4533
6224
5914
2508
1587
7272
4954
2250
7681
3376
2822
162
7017
5648
5067
6703
4096
3652
7971
4691
2551
6752
4030
5496
7418
7341
5772
7478
6017
7533
1947
3664
820
2175
3443
33
6575
7519
2422
4063
6610
4738
4030
3503
7996
4902
1937
6031
1569
1131
307
4652
3508
7124
2474
4613
642
2163
6193
1705
2380
1695
7018
5008
4257
2140
4577
2004
4461
1048
1690
392
6844
6089
3815
3962
6002
7783
7782
4969
7993
5728
6274
804
4454
734
3132
3770
7020
2807
5587
4969
1280
7450
3357
6749
6301
4594
1711
2070
5420
658
1164
7949
1790
7633
3285
6754
7338
6165
1859
3391
650
5415
3459
5930
7126
5978
1291
5266
2972
5859
3717
1119
2827
5746
7561
6989
3847
7158
425
3758
3278
2586
6330
7207
7963
4342
2694
1276
6373
5955
546
1960
4133
5261
6716
7229
6517
2899
1338
4169
424
7838
5461
1845
580
5944
2822
2930
5087
7548
783
4272
6345
5485
2110
6419
2454
5055
1790
6482
5222
5085
5951
3811
6092
1400
4896
1236
7642
2723
257
147
4154
3538
544
7345
996
5346
7889
6564
1044
3992
5340
738
3923
1339
3971
5487
7597
2205
6955
2906
1239
3733
1718
4607
913
1338
997
2937
324
5390
1284
185
971
6826
1901
1666
6798
5884
1028
5296
5962
6130
7408
6118
6817
2827
931
6690
3603
5756
3478
6419
815
2706
3848
7364
7426
4563
5020
3679
3499
4387
2970
1577
3913
4261
2627
1674
6847
5630
7977
5237
2663
1701
5081
4163
206
6140
5647
2451
5893
2227
1273
4671
7719
2374
1760
2523
4440
2763
4870
5796
5731
2739
3002
541
1362
7713
5012
1647
6687
2605
2742
5676
1311
2190
6763
6353
7606
1613
2159
1613
75
6134
426
4422
4855
2195
3954
2446
1859
4564
5031
274
2022
7083
2548
7294
3919
4702
2014
3129
1717
3070
3383
3058
1664
2097
3704
6350
2199
7644
4671
3886
2407
7338
1765
2859
1672
5776
6558
3427
3729
7589
2539
7021
5954
3467
647
3588
6103
7146
2046
5441
3365
1326
5568
4867
5766
4742
6029
5681
6411
7744
5995
5477
5372
671
586
722
6095
3377
1995
5657
6869
4642
3322
3132
7351
770
6058
6553
6926
4329
3105
3374
3027
6750
6886
2360
7772
3075
2066
1974
6258
7064
555
4520
7913
3605
2457
722
7190
4859
7344
1510
7808
4030
3604
6787
6340
4194
7053
6864
7665
3272
3440
6376
5345
5545
549
3387
5808
1458
1329
2703
4403
1794
7986
4376
4998
5037
7717
1260
564
3053
956
4936
3380
877
3658
3821
4677
3436
3622
5957
5816
6268
110
3243
5016
4822
2372
6486
6127
2394
4327
1815
5340
386
605
833
901
2248
3737
557
7231
1861
826
1874
2981
538
1253
2356
4891
4508
3891
5685
5870
1073
584
3847
524
5058
5559
1029
1379
2050
3978
6145
1371
6281
3652
1675
6319
2447
2321
4596
3911
1608
2740
504
5692
5788
2749
694
1924
1105
2152
3396
7763
4314
4249
5978
7311
4318
5488
5278
3975
1014
3123
4923
7549
4197
2083
1494
4128
6180
5879
4119
4647
639
5345
1404
1471
1638
2505
5641
2064
319
3334
3394
2058
7720
7406
395
7277
1210
7364
6982
4440
743
6858
4473
6837
1359
6958
1124
886
4774
7857
1543
7026
759
4140
5547
4049
7862
1419
3077
404
4099
1080
5614
3069
3299
5702
7387
2837
6692
113
5754
384
130
3428
4412
7263
7210
583
2994
6543
1085
5880
770
5219
1955
6269
2257
4561
4733
2568
3735
5485
702
6939
5717
4486
510
3828
2282
4731
1622
4842
4822
7985
7865
2464
3832
1537
2915
7664
2030
7887
1038
4853
2741
691
1234
6818
6289
4626
2066
4160
7424
7100
5464
72
1183
1405
5729
395
4681
2086
4035
2703
266
4234
4661
4440
2160
2130
5543
1187
4710
511
1639
6624
3141
3148
5301
5935
3767
4145
1853
1073
4190
1759
5528
1049
2859
1417
7656
5307
2228
2826
7298
5807
5126
455
1208
3362
1764
2909
292
808
4649
4786
335
7728
5149
3167
3867
6152
3364
5722
4849
3874
3324
3837
1025
6998
2947
652
7086
2471
3168
1869
572
5621
6144
6206
595
7729
2215
4339
7116
1930
3914
1134
1747
3608
5254
4174
3362
6765
3432
2268
2905
3498
1206
163
4843
4109
4282
5082
5790
654
1183
4115
3462
1870
1884
3345
4310
2717
2173
1153
4670
5713
3167
7778
7835
211
3719
3402
3856
5759
5413
5990
5231
663
6719
3378
5670
572
7860
1841
1946
7930
1219
2037
4564
5086
4896
4823
3926
7481
1514
1212
5241
2889
6194
6882
6065
1081
645
2371
4224
1434
2809
3064
1531
6111
351
3437
4473
1732
5347
5
5653
4695
6558
3603
2366
1150
7291
1478
7721
6999
2929
5531
1826
1739
7060
486
4675
4790
7578
5410
1588
1767
1348
5158
2086
4621
3210
7370
3311
934
3946
3864
4037
6030
2800
4287
6893
6224
4427
4197
5709
4719
2823
4488
1622
3798
6954
5420
6833
3817
2080
3605
624
4591
2878
3123
550
3541
7839
6552
3699
2479
6341
4043
121
1134
3838
977
4941
5318
6232
4245
5246
5658
6104
4464
5194
68
1236
1469
4808
2572
5293
1924
7823
6710
723
5414
6164
7081
7547
2438
7426
2412
6673
7778
952
3212
6086
3807
2369
2259
4156
6145
2946
1485
3774
565
5373
5394
7688
5774
6637
2778
3635
7975
3656
7685
3097
4197
801
5771
7565
7473
4257
6304
967
6349
1709
6810
1977
1322
1423
571
4423
4073
2930
3134
2958
5707
6482
3847
1957
5818
5607
4808
7414
3988
3049
1246
7684
6062
4557
5521
6055
2870
7052
6511
4573
6515
7573
7892
1838
2539
4757
5931
2865
6948
4721
324
5658
7142
5898
342
2002
167
4474
1740
3270
4322
6731
6108
255
5854
5148
4683
2418
3822
1882
7761
6720
4392
7992
5566
1830
2571
4731
5358
970
51
4717
2751
4636
7619
2344
5158
4604
7069
5664
891
6470
4152
5348
6150
2236
5624
4573
7593
4366
4034
2876
2063
5660
4277
3753
1714
379
5280
3714
176
3347
836
5270
653
4144
3499
4165
4319
4534
3543
5805
909
6911
5211
5313
1870
328
4146
690
6463
305
5693
4902
3334
580
4748
7377
5314
4065
1318
3600
6532
946
4012
3723
1154
3920
6087
6445
2542
4598
4493
6055
4317
6203
6926
499
4814
2945
3667
3835
3254
4132
1787
7734
4454
5986
6958
7729
6464
5262
2246
6828
4204
3464
1115
2374
577
1329
6601
1409
4496
5520
7397
7810
7823
5510
913
1957
1565
5885
5641
4086
637
6385
3312
1202
7901
7301
556
1279
6512
5559
3917
5353
279
439
3779
910
4365
3358
4093
2278
3828
7251
5449
3696
7214
7739
1750
4297
1727
6831
2802
989
6756
1301
1670
2632
3084
52
3154
1127
480
6479
7161
5980
1775
4686
6544
2856
2171
3484
5448
3756
5019
6834
3674
7324
3920
706
1280
1525
4627
6803
1532
6294
3330
5763
2433
4730
4247
1403
7914
6028
1716
2779
5674
5704
3351
864
4450
4260
1550
7508
3390
4557
5260
3603
4575
7033
4003
1801
3682
4455
1375
3881
1354
7296
3384
1469
6582
5627
5513
1989
7518
6650
1674
1081
2556
7386
6815
441
3287
2962
2547
4633
1485
86
3440
4186
6480
7234
6854
6861
4871
6007
7238
2175
385
1234
3282
3123
5688
1658
3237
1804
2008
98
2906
7031
2578
5423
4059
4943
6896
5232
1162
828
7685
6483
6288
2620
4408
618
3613
2659
3846
3881
1081
945
4704
442
6378
5275
2965
6035
6242
7383
4285
4267
4702
2456
7131
5622
5549
3023
687
2622
7672
647
7096
2219
3928
6941
3629
3066
2252
5787
830
501
5234
3904
826
7697
7719
7723
6285
272
708
6948
6705
2237
6111
7179
6592
196
220
5758
2298
1696
2691
2218
2499
349
5217
5868
7812
6384
7210
5250
1791
791
3096
238
1507
3590
2402
2247
1823
68
2571
4095
3625
115
3972
4231
6400
2170
7085
942
4408
829
4362
3396
6372
6716
7460
6174
480
3329
7757
268
483
7382
5396
4808
499
6604
1623
5287
5517
3709
2261
6449
5514
5055
6837
1318
3130
7003
5810
5864
2013
5333
673
3697
3886
5597
1855
818
1626
4360
7583
71
5128
2080
6247
368
2121
2474
6238
4652
2304
4063
5547
2216
4557
6188
7409
7816
2429
7455
986
4080
7680
1554
6121
831
4312
4445
6389
3087
6324
5761
5752
306
6428
4922
6465
6982
7713
95
310
1684
2968
6312
2043
5097
1362
5379
1693
3908
3614
6717
2447
7751
2628
363
3945
6405
5478
5507
6594
2976
1871
3030
3936
647
4156
6544
7491
7856
7646
6394
7088
7597
6941
5494
7724
3673
3478
4010
125
4119
865
3170
7272
597
4369
7849
6393
7852
2824
3847
7998
1659
5704
3906
1176
3785
4975
5341
1270
5284
279
5856
4616
970
6984
2903
3145
1421
2025
1082
4954
2274
5729
2299
2256
2974
5856
6185
1623
5464
1924
7970
2477
6732
4876
1513
1748
5373
1995
5179
2133
5564
7211
2045
2486
3415
3994
6414
4125
659
2951
6828
5617
7563
7158
4141
4972
7419
4596
3952
4941
7773
7377
980
7215
4390
2200
6295
1001
6168
5200
786
6869
4206
6172
11
1704
252
6312
5568
4766
7056
6140
4815
7236
6135
7216
3864
3725
4092
51
2872
1853
5772
6637
6308
5740
4668
3647
7828
7728
2667
6713
3249
6037
988
1396
5143
1048
2580
3736
542
201
4357
2596
3735
2066
6383
6865
3855
686
4563
7577
1314
4033
7214
2544
6758
2005
1515
4552
4928
2353
6682
4290
418
3949
4247
3400
5464
5832
3563
1573
758
3884
7415
1470
2572
6090
2462
4828
2057
4771
6671
4047
1954
4504
4011
4904
3857
4924
592
880
4674
2581
5652
4524
403
4909
6961
980
3161
6419
5821
6889
1593
6774
2945
2338
5851
533
4243
4028
7386
2543
3260
370
4785
4961
1482
1996
7168
1341
2819
1606
2590
7529
2630
3033
1201
809
7300
2743
1466
5623
128
5043
1919
2383
2235
964
1669
756
3538
3246
4668
5061
6121
6246
3469
3627
3404
7681
3375
2883
3692
3308
7498
321
6019
3336
4372
3585
1863
4506
7465
2333
547
6606
5084
2711
6860
4291
5039
2108
4030
1632
4364
3169
7268
83
1036
569
7172
2570
7303
2817
6565
4756
4226
5113
7223
2146
538
3585
5919
7980
5745
4985
1019
3966
1122
7445
707
7619
3832
6060
4382
4414
4511
5808
830
2597
5367
1148
2393
2160
4436
391
5836
252
464
6135
6149
674
1906
942
7349
7663
2428
5129
6854
4707
2182
5817
5303
4383
6607
4639
3947
6301
5544
7367
6068
7898
5530
5150
3500
5841
1869
2129
2485
5930
6257
3598
5253
4062
6306
6402
2490
5200
380
4034
1907
1765
7748
7964
6704
344
7066
3068
1528
6739
2918
6678
3062
4676
1725
6001
7854
5489
4602
7055
1893
4844
944
4244
7408
7863
5799
6393
6227
820
764
1327
2601
1691
228
1460
6932
5068
4822
5622
3256
6124
7752
2469
5771
1016
1711
3850
7146
2479
4537
535
7575
6233
1284
3786
2370
6966
2896
1895
6466
4197
6553
7635
432
400
7920
6532
2902
1209
4245
4144
3016
3615
4903
2352
5362
3052
4358
7635
3
4487
1124
7908
28
2244
7845
3665
4639
2399
6517
5406
7153
678
2526
988
344
7829
5
2411
6762
5904
5299
318
2352
3781
770
4037
2062
243
4660
2579
768
5796
6798
2393
7602
2931
6498
35
2413
7193
1755
3212
3880
7107
1304
4314
1150
4423
6147
3683
7653
5236
6445
1097
779
282
6809
685
2914
1862
7217
7997
705
6117
73
4512
7509
7988
7793
648
1888
127
1858
6715
6247
7786
1538
1469
4559
6198
6428
5388
2007
6655
1746
4113
19
2644
7214
6037
7650
2537
7103
2145
2152
7322
1351
6293
5852
153
57
83
1072
4988
4046
2591
1500
2500
1319
7590
406
4868
266
6615
3456
267
6275
3521
2528
5973
1652
5380
2197
57
7606
4247
1615
7351
499
4118
154
5945
5788
2954
7841
1821
3408
795
7324
2199
1596
3343
1271
1489
5034
2170
7818
7248
929
7827
4153
5173
5350
2662
2295
5357
3307
357
6059
3552
6261
7702
6669
5030
3657
725
6127
2526
5334
5642
5167
4327
6024
7623
4478
3615
182
4789
6783
5718
4853
3524
91
7286
4245
1594
4247
2723
7217
5788
4039
1485
2305
5930
1493
378
1345
4955
2038
5652
3781
6312
5498
2579
6078
1229
3942
2632
6086
1662
5350
363
828
3696
3431
391
2166
6956
6107
6495
7646
4441
285
3634
7474
5077
870
470
3894
6664
6033
527
7273
6706
81
5057
6336
7454
2021
3700
341
7369
7777
1638
2896
4531
4912
6572
7580
6007
5575
2949
1312
5002
5851
2877
3088
4064
1484
1866
1985
1098
7275
2118
4182
3395
6438
7676
587
6206
5865
978
1253
4398
7658
2811
4040
3565
5978
5621
5171
6867
5943
2814
7754
4539
735
3324
1547
2384
201
4157
3145
956
6637
5315
5535
7556
7687
2696
3511
7842
3987
201
519
7118
7856
1895
270
3156
1125
688
7224
1551
1740
5202
1705
6022
4029
3067
2381
3876
1656
3175
5182
2824
3361
8
7382
253
6239
7359
6659
3705
3265
438
2545
7809
81
211
3570
6040
4608
7604
6518
5067
3634
2967
1395
2943
2782
4253
4880
4941
2008
2325
3162
4354
2177
363
7000
2136
5402
4418
3259
62
1651
5244
1317
5553
4742
4041
6222
5251
2270
6406
953
6528
7776
6021
1712
2955
4629
2772
6675
3794
6970
240
663
2251
4533
1743
7586
6128
3644
4114
3710
4091
5630
1978
5003
4378
2957
1232
1518
683
3266
5481
7835
5887
2889
1379
228
5220
2292
4589
4110
2023
2057
4257
7887
6291
3861
5095
1500
6049
4897
7329
5080
622
6375
7493
4474
7967
4191
2919
2879
7283
5370
2117
7214
3137
3051
7277
1788
661
7542
4100
772
976
6863
2919
1960
4293
2798
2684
6695
3808
6137
2741
4795
1607
486
7304
6101
1982
6748
1286
6996
5130
1239
7682
692
5723
3029
6418
4876
1878
1063
6090
6925
7595
6939
6020
6463
2511
463
184
4374
2387
6894
7847
6184
1993
7840
1759
478
5469
1060
5696
702
1752
2914
2233
4553
2092
1257
6528
3331
777
2126
4731
4334
3421
5764
3327
1182
4390
3624
3558
2235
3212
2724
2886
7091
1651
7368
1017
936
3125
7945
3211
6058
4084
3825
7397
7355
3589
812
705
1052
6679
1315
6178
2653
1492
5647
1172
7548
7804
6422
6002
3279
6341
4001
6707
5289
2792
552
1502
3394
4618
1073
7936
7806
4672
5785
7547
5378
7747
2895
4640
2736
4378
492
3546
5987
6656
6464
571
4292
6953
179
4664
6901
6780
5022
4195
7999
3142
632
2072
4689
1255
2278
1858
6084
5290
952
1789
138
6524
4528
6212
1520
1679
5657
1132
4942
6371
6904
6190
7203
7437
5571
267
6141
2756
5672
217
7549
4903
111
2537
3452
7624
6128
1259
4474
1909
3299
1860
1204
7521
3103
7306
4046
959
3396
2912
4337
3739
7730
1520
3587
5007
1641
2413
505
5801
890
4019
6632
4194
6994
3257
4982
3743
2963
4259
5063
7037
3820
5739
709
6763
3522
7680
5017
3098
3593
4284
2480
4540
1445
3677
1680
5838
7963
3701
7975
2968
3967
7037
7816
4161
150
5729
1449
7784
7911
167
4632
2830
1924
3421
508
853
6017
3156
5483
6217
2095
648
2324
1964
113
3370
4697
853
7719
1388
6285
3132
7738
4120
851
3706
1409
5367
4034
6980
5123
1185
7923
2817
5710
3677
5708
7988
6851
5730
2185
5032
794
3320
1053
2098
618
2904
4732
3007
2063
4114
3646
5262
4821
5212
5641
2313
70
6821
2849
4001
566
1593
3112
4959
6612
2533
156
7430
3299
3948
5556
5958
5692
22
2802
260
5064
1642
513
6806
3257
1797
6873
1199
6912
511
3875
2666
3474
280
6094
1701
1550
7127
1334
1062
1011
2880
7326
936
3329
7057
4827
4643
2442
5361
6954
2583
3518
7247
117
2210
7325
7569
4734
5388
1117
5890
7416
5933
1074
6793
4652
3356
1104
2377
2771
1771
927
3693
1987
7638
651
4178
851
1357
2858
6815
2228
4961
6047
6486
4759
2713
2474
12
6724
6939
3053
5404
6668
3722
4056
7088
2365
7520
1216
4212
658
1501
6947
6244
4445
2458
3785
2276
3730
1587
6374
1758
5289
6777
7851
3773
1005
7310
4978
5977
4720
688
4430
2148
7292
1611
2147
4196
6832
1793
3617
2295
358
3964
7512
6425
582
3148
386
4415
3227
821
7090
7523
3424
4024
2855
4602
3470
5510
663
3876
3904
5665
2854
3710
2242
2844
4861
2243
4296
3820
4346
2526
727
4838
3683
4581
7115
6151
1567
5438
6061
7080
5920
4050
2676
631
2390
4208
633
71
1302
1631
163
1730
4419
5423
2057
5119
2152
3159
7237
4686
6952
5937
7956
2519
5358
11
3455
330
866
129
5253
7221
4765
7616
4008
7515
4364
3910
1806
1385
561
7946
7507
2689
6245
5874
4555
1931
1108
1698
2220
6598
2290
7633
6495
3057
2667
7011
2243
1920
2265
1929
2479
6068
525
6208
4844
5254
722
2572
5086
7869
2168
2647
5554
1633
6649
5371
1492
165
2499
289
2680
3230
1653
372
6721
494
779
5016
547
6076
5768
3211
7798
1612
6403
4683
7633
7373
3079
4253
1584
2551
241
6727
4309
6896
7057
5942
4177
5190
1448
3338
5903
6443
6596
5052
4533
6104
1261
1333
6538
7631
7086
1552
2164
7353
4273
7084
2994
4521
7244
5283
4336
6032
764
992
1369
6365
7644
2222
1385
3017
7211
4825
5097
5731
727
818
3666
5093
7077
3280
2771
279
7352
2601
1594
96
4438
2831
2406
4503
1857
5289
8
5000
3328
526
673
1297
3865
2753
6030
2588
6591
5398
304
1295
2815
1749
7160
1663
2320
7231
5303
5824
1738
4772
3378
4199
3515
7633
5986
6730
6728
6243
299
3672
1488
6961
7896
4413
1704
3786
2757
7489
744
67
7972
2916
6112
6694
5462
44
2506
882
2617
7879
2655
467
6281
2925
378
4597
4880
5693
3923
7875
2598
535
322
723
2866
1470
6033
5520
6840
1094
6304
3221
4144
2704
7208
3202
2606
458
6889
3919
7375
7373
798
7540
3968
6615
6134
2260
5899
6533
7820
7486
5347
2200
4259
7517
1723
7185
5464
7149
2312
3964
4130
5538
801
4466
7771
7607
4439
2964
404
1404
6960
3160
4699
2757
6196
57
6233
3898
2850
3784
7279
2268
3309
6611
6192
3763
7445
4203
1365
17
79
2068
4103
2323
3233
283
7169
7186
1728
2079
2313
2122
2730
4302
607
550
1165
6407
2596
5476
3001
5672
5692
6863
3427
3097
1969
7066
2984
2222
7859
5142
4387
2560
2869
5308
4657
7858
6649
276
1447
1439
4772
3227
6249
1689
2911
6936
6712
2507
3400
6555
3270
4094
2981
6443
1444
6087
550
394
6448
5180
4924
4798
6569
843
1122
897
971
6447
1565
3699
4168
3741
5508
1797
2540
4652
1095
4863
6202
1809
6218
4107
2080
3140
135
4180
1478
89
2510
5
5840
7575
