1121
5317
6662
3338
1716
1384
3906
3326
4220
4670
476
6216
7911
6832
4365
1529
1973
4088
5818
7830
4215
3895
6790
407
5793
2444
2550
1343
4350
2013
440
3830
1768
4363
3598
2982
3786
1581
4667
7995
4843
5820
3905
6443
1651
5177
7431
862
664
394
5511
7994
930
4164
3039
567
7643
6010
1265
4829
5180
768
5146
6794
3539
6103
2820
1407
3817
6572
1090
6599
2798
5836
3074
4136
5775
3031
3276
1597
2750
2279
1316
4105
885
7385
3410
3267
4697
6962
2271
2648
6226
109
7880
3676
3072
2446
4526
6108
2086
3390
1713
3905
1416
5013
3111
1552
1287
376
4583
2345
4488
6712
2987
6967
5708
3583
5364
5361
3617
6794
6873
7708
7496
6093
5080
2522
2362
7972
5518
4888
5397
5039
1715
5537
1875
5434
3557
3184
1866
5980
3689
5046
4666
3332
953
2047
4172
7529
2163
7914
1618
4034
2007
3281
555
5228
7144
5885
1491
650
4531
5507
4526
1709
4133
7595
6530
6218
498
1535
1146
4223
6292
426
6550
7692
5809
407
3676
5052
6596
2219
2236
2811
6623
947
1755
7476
6973
6242
7677
505
876
7427
3254
801
3926
5344
2316
6018
2058
2599
2254
5570
6169
4334
4127
3531
3800
2466
7153
951
2894
1497
5968
4762
7800
3277
1934
5407
6595
5255
440
632
3116
2311
4785
430
3038
5987
6749
5363
3898
7374
4430
7656
1873
2867
3490
771
5339
3819
2803
5898
28
6086
6123
1885
562
6247
3482
6121
4083
6126
1668
3530
6096
1233
5655
1432
2547
4283
6756
4991
3044
5473
850
7519
7801
2201
5057
5626
427
5262
783
4891
6814
423
7639
3142
109
3828
4157
4578
5521
7263
1442
2945
61
767
39
2649
6012
2561
5561
1915
5489
7401
2746
2269
6418
4428
6846
368
1916
4802
4199
6489
1841
7663
242
3180
2531
4196
3747
7709
6175
979
2639
1792
6061
6426
31
6732
6395
5124
3459
2419
896
6621
3714
3600
4640
440
5012
6301
866
1211
7371
4267
5183
3880
6376
7321
3368
5972
1110
1285
5134
7470
5118
295
5986
7140
3681
417
3481
598
203
1730
3694
4298
5728
6691
3681
7742
7668
5719
4793
4446
2787
4694
7105
5053
688
757
5985
1938
3532
3800
2481
3295
4408
1129
4730
5696
1087
6902
7815
2786
5878
2330
1392
4248
4671
5601
4665
2850
4668
6831
2011
5493
3677
6418
1645
6146
2299
769
6960
5769
6867
3899
6544
191
7978
2714
6369
1498
2550
2214
1019
6892
4472
952
890
332
4151
1035
3978
1407
3891
7699
6250
7069
274
1003
2959
2934
6666
7183
4073
4855
3902
7986
2607
6791
7287
5845
5553
2419
3498
395
262
6639
3484
4533
6814
2004
7342
7224
999
374
398
5758
866
7078
4177
3974
7176
7369
12
4358
5405
4882
3780
6202
5492
3643
652
6677
2911
5122
2244
5366
4407
3906
5403
6444
5652
1639
6775
7975
6143
1789
6040
7757
2105
5250
4064
1561
7649
6569
7501
3143
7289
2361
1186
7961
5740
2930
2976
7932
4691
3032
649
5843
977
1438
4631
3087
3015
7344
4500
6915
1139
257
5381
5707
1210
7746
4541
6166
6563
6807
2023
5424
2057
5636
7312
2961
4688
7490
7076
5583
7301
3635
4648
2812
5411
4747
553
547
2198
736
509
2107
350
5275
1431
3252
7418
6995
7143
1879
1434
7029
6724
1863
5597
6505
4248
4540
7518
3577
7857
2130
2846
1665
685
4723
2627
4649
3484
930
7186
4674
4550
805
7913
2213
6258
4524
289
299
2241
2607
7337
407
4430
2492
162
921
3923
1043
1466
7839
6534
655
3093
3443
1030
1591
3893
5432
6893
255
1603
4818
1201
5673
7801
277
4611
4130
847
6996
3987
5087
5394
6566
123
1336
2403
480
4256
4892
4273
3428
1833
2785
5594
2028
568
5171
5637
549
1997
1624
4457
5815
6647
142
1124
7333
1090
4874
6458
6897
3330
1301
520
424
5600
2552
6749
860
289
2021
1818
2378
2200
5537
5313
135
992
1037
7209
4599
1342
5045
6506
5876
6329
433
5632
6000
3925
1259
2221
1388
6168
101
5557
689
6086
1348
2058
7213
747
7432
4154
2212
626
919
6922
4268
1981
373
7580
7756
2922
3348
5801
1147
4808
4071
2327
2243
3658
3144
5627
4385
1683
7441
1110
6353
3924
5211
5742
6518
178
1221
4948
497
6131
1474
6298
2785
598
2509
5241
1349
5119
3013
1252
1857
3311
311
1892
6494
3342
5578
5549
3239
1027
4768
4535
6178
3521
3570
4485
4894
3271
7157
4344
6873
3438
3190
5887
226
1468
16
255
4747
3233
5772
5873
5369
203
25
5177
4818
4019
4943
528
4711
3302
6157
2804
4640
5172
5307
2738
4320
4885
6917
603
4759
5276
3179
1006
5048
6297
6400
5983
3069
5560
2039
1957
6906
2984
7620
2839
417
6227
6647
4379
3204
3497
5773
1725
2688
1107
4044
7656
3733
2876
4374
3008
7220
6028
5423
4998
160
4783
5578
2970
1835
2833
7317
854
6011
1631
3089
290
4258
5459
5508
7810
6630
5773
3707
6792
492
326
4154
7904
526
2241
4945
3457
4284
2427
879
269
3433
3992
3457
1435
5587
3435
680
6897
2366
3235
1766
7270
3999
5373
5009
6880
2747
4580
7879
1135
1200
1430
1259
7455
5413
2842
1840
2138
2677
5261
5724
3853
6106
3032
3447
3334
572
5027
3509
5769
1395
4156
368
1064
3292
1118
7085
7995
7156
4631
1693
3522
7422
5175
4654
1307
2471
2889
5143
1356
7230
2965
779
2630
675
2473
2225
2858
467
3978
1082
2407
4174
4622
1257
6675
5438
7254
6488
1009
2464
1028
4706
5952
5158
2540
3476
7258
4745
3607
5480
2697
1115
5724
2668
7285
4142
2273
74
4183
7699
2269
2122
116
1652
6767
7568
3582
1092
2198
945
7730
4021
5927
4405
3616
498
3680
1103
4897
3159
282
6335
4382
2974
3459
6595
2802
1381
5694
379
6579
4441
3163
3338
7875
7900
521
1845
4770
4905
3643
7806
7879
4054
418
1173
713
6419
1467
5370
3652
325
1053
5631
6628
2546
4883
1876
3111
3807
4089
3616
2008
5228
7132
3673
4632
1219
6576
7015
2583
2515
6718
2412
828
1932
91
6571
2754
2835
3933
4026
691
3181
839
7216
671
5077
2143
5614
2091
7293
642
1874
2679
1200
3890
1294
4270
25
3149
4901
5523
260
2683
2729
5213
7713
5607
2956
5688
6816
3998
5192
7247
1877
6137
6880
5291
4723
5743
3152
3932
2029
5604
2555
5010
7555
1636
321
5024
6618
4454
4667
6313
1880
5773
6200
5817
4029
1030
34
7303
5176
2762
5153
3499
3051
1584
1144
7091
3436
7277
899
7281
7028
5389
7553
7024
2588
7603
6818
2427
4949
1339
185
7110
110
1413
6762
1102
4736
6762
5812
4232
1271
3604
5815
3437
4900
855
3611
3628
4213
3708
352
366
2148
2092
4753
1036
4647
7855
1826
5850
3611
254
4691
396
4575
2992
3299
6284
1144
1241
2727
6092
6630
7422
2884
1584
5011
1047
6698
6238
549
3774
832
3170
5481
2578
3614
7128
5046
3598
4355
2033
7244
6756
1332
3670
2154
3096
1271
4185
5125
4240
2714
7950
2629
5367
2981
5184
4896
6152
5762
7153
437
7504
6785
3209
6738
7819
2268
1508
6581
6972
4348
5083
7277
3141
6605
3454
478
7270
4818
6067
4571
556
599
5532
1185
2081
4671
7297
7924
6126
1727
5704
6321
6240
6811
4522
7446
4154
6446
6513
7809
1253
6736
2450
1391
5342
2034
2718
4897
4638
1798
1784
284
6785
7552
7859
2237
3461
7768
6396
5218
6520
3724
7821
3866
5940
6166
784
2549
3853
673
2913
2032
7507
3416
2440
7218
2625
7411
4795
5291
191
6390
6004
2706
4650
7603
2725
7336
3987
5180
1960
4503
5349
2544
1839
5418
4923
4208
7360
309
7967
6387
115
2775
6726
2849
1796
372
6596
676
6999
1152
2667
553
5499
5139
393
6532
1878
1925
1684
120
437
21
890
3284
4760
6545
867
199
5753
6119
7541
4953
5527
4787
2398
1236
1856
4110
933
2382
6065
6697
3453
7503
607
707
4587
7889
5022
7312
2326
3706
5269
911
1448
2734
4514
2115
4966
7640
834
7843
3578
6831
2453
5031
7599
3671
7614
3481
946
7358
1012
6882
4592
1127
4078
7383
7430
489
1210
6659
6280
2871
4376
7515
3583
1115
7409
149
3739
6993
6109
7991
1367
3270
4335
7678
982
3192
4727
3827
6365
5777
734
2563
5473
5589
4228
4765
4949
236
2334
6405
2953
5398
6729
3230
7954
1709
91
1911
408
4055
3289
5350
6038
3583
4053
5312
5357
1655
4731
7024
7541
4059
6232
2195
2515
7371
2634
4038
96
1387
2159
3404
6392
3341
3088
5349
1406
1820
6006
3302
7354
7107
6372
946
1055
4696
5644
5800
6763
723
3571
4166
7873
2734
7551
4108
5070
5896
1950
7424
7409
3382
2069
693
3557
6309
2276
4517
2628
1135
7230
2011
1404
1250
3543
1408
7833
5375
6366
723
545
2817
7103
163
3
7562
6662
465
1687
5783
4736
5522
2923
664
505
4870
1799
4083
1372
7831
2656
5225
4438
4185
290
5251
6710
2533
1194
5493
7986
4201
5564
1903
5133
2630
4622
7160
1340
2337
2271
4584
228
4438
1997
1665
1788
4819
6779
7997
2016
3758
3014
7947
6641
3960
3673
4673
2378
4639
1063
283
2576
6989
7777
3277
7891
856
4489
4476
5359
4954
796
6596
3839
5511
1917
7493
2261
1389
464
6448
6739
1802
32
1832
3088
2062
855
5045
6562
2425
4711
1147
1866
5854
3922
3155
4695
2131
6794
6688
2006
2527
6163
3098
1672
4179
4194
7993
873
737
2008
6588
4585
5965
1057
1181
7063
888
3609
248
5018
7831
2030
2946
4581
7782
5400
5924
2159
5366
1747
2950
3959
7522
6597
745
6454
7670
99
703
6333
4501
7796
7077
5701
1471
1773
1532
2752
6159
2258
1292
7972
2388
6671
5574
5888
2730
2893
1809
3019
2733
4606
1156
1839
4302
1950
770
7982
4374
4834
904
4624
1353
434
120
7005
2266
7677
4183
7531
525
2448
5923
3650
3949
386
7585
2490
5718
404
2814
2551
6804
2641
7957
1258
4014
7211
2348
1527
175
6785
5947
5581
7831
2046
2419
1851
5481
3145
3457
4189
7781
4412
1694
2968
2616
5441
1161
4823
3882
2789
1346
61
6728
4310
2784
1915
4757
550
6809
752
5698
3040
4466
6647
592
974
6706
3174
3203
5218
3125
5297
6503
6554
7053
697
3149
5722
6303
2782
6751
7382
6231
764
785
4263
5027
2277
2429
7185
1628
7331
7667
2788
147
2295
3961
4305
4784
7427
5413
474
944
308
1631
986
7013
6821
1485
6889
3212
332
3756
1477
5292
7379
32
2312
7340
4318
4225
5626
4586
7760
5058
5661
5569
4331
1781
1672
5698
7476
1729
3462
3034
6683
4478
3499
4426
7821
4710
6751
6261
732
5743
1338
3056
7300
3751
5414
7302
5602
6080
5292
4485
3265
2164
4261
1673
6591
5592
5298
1540
3920
4892
5611
6573
5327
1477
1656
1964
7742
5057
1398
2440
753
25
3984
4899
4021
6986
6845
5623
7733
4384
4577
5806
2556
6203
2716
1712
1245
2946
114
1205
6771
3253
5526
6645
1802
5879
4758
2345
2394
850
5335
5619
1279
3415
2684
2537
4744
4221
1906
5051
1183
5680
6090
3212
1265
249
6677
7186
5804
6044
5733
6269
951
6986
3862
3833
705
7562
2867
5672
2205
4871
1740
4590
128
5272
2847
5765
762
607
5114
7634
5652
5658
2683
2223
7713
4676
6741
7223
6259
3304
1345
6071
3778
6559
1562
610
3927
2676
2351
4183
5221
3923
2214
3462
7985
7647
1883
6609
4897
5018
4586
779
7500
6677
4330
7738
7050
7548
4170
5754
2029
2540
943
532
645
7762
1225
6826
6668
1691
6707
6029
663
7378
4466
2699
6003
7666
5774
2960
4941
371
544
6189
7703
7292
1055
3840
494
2898
940
6844
6836
2654
6186
2242
853
1818
2034
5290
2341
5278
6139
2439
4787
2156
7543
5984
7454
7174
7562
5340
6680
6666
6056
2732
6078
258
1632
2520
5575
1855
678
1530
7544
4640
3960
1561
6670
5544
1540
46
6255
1797
4948
1366
7528
2562
5683
1681
4287
6121
1491
7992
4291
4690
1393
4175
2087
3149
7637
3653
7032
7055
888
6550
4589
179
6141
5301
325
6154
7064
7977
3537
3560
7421
4664
130
6003
7155
1347
7837
1074
5270
184
5516
4470
6909
5023
1576
3230
196
6443
3221
6146
3958
1693
2238
1733
7269
575
5810
5877
3905
5867
6031
3250
6041
649
1204
7234
7201
718
2913
1277
2333
7034
1205
4101
7545
4392
2898
4355
542
2469
4251
5672
164
7500
5277
2028
6708
5412
4582
1980
3525
771
3140
5503
6064
5187
3569
6057
1269
3316
2408
7652
5154
3578
3651
816
1698
4739
5316
6953
2928
4657
646
1241
7322
1621
2060
7959
4127
1413
2963
7825
4210
7102
7957
1942
1916
793
5215
6350
7796
4662
276
4856
4721
4626
7832
2019
5946
3155
7600
5215
4816
3779
6734
5291
7016
2993
5196
614
1523
6771
972
2358
113
6871
4727
2725
2311
1782
2650
2517
3422
4963
7714
7450
2932
500
2458
5585
4300
3239
951
988
4809
6171
3790
890
234
813
1831
5620
1773
4609
7915
4051
3367
7624
4534
5015
3998
2236
6994
2074
4319
4352
7230
690
185
2933
2097
6412
6675
6105
2850
3518
1724
6630
5736
1746
5057
4569
6671
4884
5856
6995
3225
5377
1736
6398
1633
2574
7301
7026
112
1722
6484
1691
2085
7179
7148
3505
153
6014
764
3057
1556
934
2394
695
191
3938
6548
6746
3867
5162
3967
4417
7843
6235
4227
3457
2239
6632
620
7692
2651
7847
7268
5051
7359
6111
1841
1715
2560
7104
3336
3270
2148
2545
3717
2738
404
3821
83
5106
4026
875
1960
820
6762
3741
4109
5073
956
7909
7929
92
4230
5959
3989
2378
6398
742
4937
3577
3684
632
422
7574
7533
3307
1788
7683
5333
7365
2321
468
4500
1780
2919
4616
4410
6391
7119
3324
2873
3666
1988
5670
739
508
7925
3916
769
557
3884
6270
2950
28
6467
2604
7034
5404
7323
4068
5481
6165
80
3626
3379
1866
5430
1618
5224
883
3183
5594
5244
2423
6980
2760
2878
1902
6362
7827
7294
6055
6412
6146
5521
4918
2452
2157
7484
356
2488
3363
1948
6106
981
683
5168
6590
5974
6634
3857
7813
7040
1556
6317
1004
2435
1747
2263
4792
2601
5004
4461
7302
3776
3486
6321
6812
4089
6411
2246
3609
6586
4498
5121
3879
6574
3060
6506
6948
4176
593
6426
1434
5173
2395
5009
373
2560
1722
5510
7891
6568
1903
4947
2951
7029
7827
6226
3101
6913
1601
1076
4827
4759
645
2576
6748
2835
3762
2082
631
837
3934
6368
7502
5576
175
1453
6171
3322
3268
4872
4766
3038
5336
5671
158
6859
4576
7051
3136
3221
5547
70
7084
4006
969
3464
6096
5101
423
4788
1979
4689
1153
1810
6245
5860
4900
3418
3754
6085
5456
2645
608
6967
2220
2512
5201
6982
1174
6645
1508
342
7395
1584
2310
5156
3876
4895
5749
5195
783
1998
5337
7369
5750
2969
7841
5404
3059
4627
2237
1862
895
4070
2161
3445
1854
254
1591
3368
2528
1748
2498
7861
6542
3412
848
2387
3403
6283
2910
1520
2430
3864
3499
627
6376
4017
6566
4919
3797
1918
4438
2785
7910
7777
3544
594
803
618
832
5001
4738
3825
3146
6015
5636
3528
372
3528
2550
5452
7197
2893
5309
4416
3635
3291
5927
6384
3099
741
1891
7194
6514
1555
2140
2925
5155
5592
2227
1791
7636
2663
2131
1111
1770
429
4483
2758
7498
2789
7302
7042
992
4790
2196
117
181
4609
4693
5902
4902
2596
497
5892
6090
4031
1711
1749
7510
7595
2644
1751
4081
3754
4558
6357
3839
7822
613
1251
3571
5597
6127
5197
1478
5721
381
6814
6555
3870
5556
6537
5802
1035
883
6575
4872
5083
459
7729
6193
1594
1630
6958
493
5302
2717
2186
6294
6199
1644
1197
449
677
3085
5100
6615
3731
738
1242
980
2838
7157
7931
5948
7487
4508
3944
2896
5568
7358
4172
5832
3943
1824
5571
6200
1543
6707
6867
2989
5313
3502
3316
5202
2414
292
338
3218
7563
3474
6897
2369
4188
863
1918
1486
7608
6806
269
4214
3148
1235
2252
3430
6092
3997
5568
5263
3179
4392
3485
6105
5557
1297
1278
7890
3121
5498
4278
2096
3752
6110
7744
7445
1860
7491
1625
1053
6305
7235
7656
6064
4552
2176
6152
779
4329
6068
4363
4675
4120
4324
7156
839
2451
1505
2770
573
5741
1378
2737
1264
7160
1628
2379
2417
2776
263
2802
7598
6755
6269
6005
2665
5527
6484
865
3006
2166
5838
7670
4114
7567
332
2845
4887
3886
2039
2473
1555
3411
655
3904
6594
4776
6990
3069
6546
571
6781
1494
3361
795
5478
79
2324
4322
7581
2579
2001
6155
484
263
3147
3335
4877
86
3231
606
7427
5807
497
6543
759
3807
78
5264
390
5969
678
3876
967
5274
1991
4708
6442
6855
811
341
5909
6648
4754
4413
983
2089
5248
4871
335
6843
3577
3854
3005
5940
7455
7544
2204
1495
6383
7558
4183
3832
7928
4326
2381
2511
1937
1835
3496
3714
495
7
4997
6224
1163
5751
3059
4947
3429
7411
2823
5171
4564
2963
2733
3577
1099
4726
7064
2263
6589
2265
3018
2506
3516
1698
336
3537
2686
1058
3786
1210
3715
4348
6381
588
5813
6890
7925
2111
7753
5024
5692
5803
4207
5164
4659
5188
472
3429
2893
3410
1658
7944
4020
1441
2764
6504
3675
2407
1661
3912
2327
3399
4772
4785
1728
7798
6187
5247
3621
6830
5007
7168
1727
39
3000
5128
3950
675
2304
631
162
2314
7894
359
4142
4712
5876
494
6491
542
5803
690
7389
5554
6757
4093
5577
142
6934
3480
1398
5150
2326
1994
1190
5543
5373
7922
814
1459
4504
4263
7792
6503
2081
2027
2197
6722
2363
284
4229
5315
4407
4141
4992
4479
3421
4693
6621
3773
6051
3886
5937
3999
5274
7215
7851
6783
1623
4108
4611
4237
6025
1225
7208
1269
727
6560
5871
7704
1714
4429
3293
820
4353
3683
7605
7775
3968
4519
2882
3377
1939
3547
2829
2792
3575
3417
6165
6337
4304
6030
1966
5582
5763
3041
3189
1054
4596
6456
3595
5593
5890
5081
7657
7531
4237
6088
2840
2623
5560
107
2912
3353
1670
2224
5891
7960
3563
5766
7008
4781
5323
3908
990
2080
5676
7286
6948
4214
4929
6807
6063
2848
3779
255
647
6912
1163
7885
6052
3452
1654
894
7507
3439
2699
1463
6571
5963
6449
751
1160
4985
1054
5425
2411
1655
5636
6657
4699
1962
7656
6157
6958
4356
3624
7680
7269
2026
513
43
7573
2943
7977
4875
7604
3163
6175
3233
3296
5619
7771
6807
320
6132
6717
6359
5951
6157
1179
5582
6276
4303
7399
4738
2894
3166
5660
7992
4161
4442
1242
1814
3372
1836
5476
7827
6838
2597
7127
3743
2144
3069
6902
6820
1664
5209
5916
7357
4656
289
7732
2516
6390
1192
5073
7981
2951
872
2661
1677
5481
434
3768
4532
4404
1944
3617
4075
1752
5099
3881
3795
6362
3295
5854
3393
7175
1137
3586
5602
2837
1871
7466
254
2324
4835
1056
1636
4237
2506
7183
837
2650
2509
3633
3796
1096
3732
4945
3487
3443
72
3434
6548
7321
240
7320
318
107
6680
7902
7710
3761
5839
6418
5296
7691
5325
220
6956
6951
4950
5827
432
7233
5427
747
6738
56
2295
5923
2662
5309
2797
6295
1940
4898
1284
1216
172
921
1658
3040
6452
6497
6676
1011
5640
1508
7304
946
1575
3551
6436
4231
381
5568
4935
3321
5210
1875
5317
2776
3358
6994
3275
2656
3263
4139
6117
3594
7985
112
7854
1126
3559
2919
3469
7341
4994
1920
5353
7153
5915
4113
6240
5325
3232
4340
2161
3733
2173
5312
4316
2601
1390
3100
4850
2214
2459
3323
5750
3824
6449
5156
1665
5667
5042
6542
600
7156
2769
4476
7546
3627
613
2213
7220
313
344
352
5408
852
917
1183
1544
4776
4019
7463
6369
488
3819
7283
3413
398
4030
1214
6589
6523
5552
2101
904
6255
6271
3701
3927
7777
6486
7261
5670
7660
2082
1538
6610
2956
1421
6681
3135
6595
4373
408
1548
2427
1230
4152
6538
1687
684
2623
2728
5596
7054
6327
2814
539
1083
1455
1837
3499
3349
5673
3969
4567
5232
7327
1770
4709
4458
5942
7492
6838
309
5596
4823
3699
7350
4992
6048
1529
614
6127
7511
2509
6725
3787
606
301
4710
3150
2256
1268
4678
6119
3692
4641
4156
6302
7288
3368
7898
6432
5690
5196
347
7
1047
7875
5868
4090
6672
2642
7433
160
7340
7393
7219
3888
786
2238
6477
2236
6292
2148
6671
4046
1270
2151
6983
7239
4459
2275
4808
1561
7653
130
2988
6175
2112
843
1349
2892
3603
5481
1373
4332
5751
206
5088
2310
5494
1089
7165
2066
1479
3952
7853
1414
6420
4961
94
2782
1900
4826
6218
4139
5272
6049
2041
4934
4243
1296
1356
7245
1235
6433
528
553
5584
613
7757
2923
848
1870
1636
251
2587
4012
2929
7835
7614
7607
7165
6881
1245
3503
5449
5016
3110
774
1817
3387
814
6937
6649
1873
5476
5560
5575
334
5017
5714
1792
5375
12
6354
5760
7304
9
7664
5976
7603
1211
2294
1393
5190
6803
5227
4260
545
111
4909
2854
3280
6003
4564
6043
3153
1382
5567
6040
2713
3547
6123
2739
5133
4610
6914
687
1132
5064
1394
5117
3396
1597
6212
1306
7554
4308
694
2437
946
3042
3590
4246
1746
6840
7107
7175
4611
6805
1267
196
4302
2900
4948
2181
7722
2363
7075
7040
298
6709
5469
349
6276
1784
2191
2119
6221
1818
4817
354
1280
4442
1599
5891
3555
6414
440
2253
299
3955
6532
5511
2692
5013
642
152
63
4870
6262
5007
4486
3549
3921
5435
4019
5939
4822
4259
2506
6735
1596
6158
6163
7823
5519
1168
391
5602
1963
3235
2088
4988
3932
7387
7023
549
7547
7308
1676
5317
3936
140
430
1776
7734
1697
5586
3465
7162
6990
5620
6590
5882
5772
7987
1120
3811
7828
4861
2894
2976
1419
6919
4525
2778
3788
2670
5100
7288
6329
7353
1537
2360
1385
7624
773
7498
1307
7210
6685
3168
2526
5401
6719
2378
5873
5203
7719
4031
5441
7577
1493
1312
5405
7695
6405
3306
74
3376
1737
5304
3607
7661
1229
4329
6270
3659
1014
2756
6819
3038
6120
7217
4110
4829
5384
5111
6029
5031
3831
896
1488
4366
3363
6717
6816
6319
2801
7184
7510
5303
1117
2423
1596
3000
3431
2546
4921
6361
2156
6417
7562
2909
1340
3787
5499
6854
6813
1093
6729
64
7246
6403
3367
4763
3796
2175
7910
3399
1078
6305
1930
950
7853
5706
5285
7861
584
7675
6725
6058
2544
3752
1069
3552
2739
2116
6935
3574
5848
6583
7585
5029
3761
5517
4826
3952
4896
3988
4005
210
4728
433
3672
3142
7247
1622
140
6522
2488
3350
6271
7738
680
643
5399
1172
4310
1415
2835
2936
3896
5154
5198
7113
4984
4330
730
1342
4214
6506
515
5236
6944
583
268
566
2976
7739
2801
7494
4646
4603
5396
1690
7198
2097
6488
3293
1132
6926
956
4260
1853
5607
2755
4555
3777
4
2313
6638
7927
3794
4557
2037
527
3792
4062
4879
4777
6362
7131
4877
7205
7591
1437
6726
859
6095
7795
2360
2705
7831
7681
1374
3404
4474
979
6614
4707
5240
3897
7111
60
6124
372
1419
1718
5978
4704
6134
7095
1031
1661
7527
7218
656
2258
2015
2762
5678
6015
7159
4622
5527
1076
5747
3433
3460
5332
6471
443
303
5636
3821
7263
2222
7776
3581
2853
1472
5061
1160
839
3532
7309
3637
2764
5490
5755
5912
3548
5572
4205
6974
6221
6735
254
5098
3267
5439
7861
4163
4543
6202
922
2693
7340
4457
4716
1710
3438
5856
7978
2857
1556
3561
4908
1644
6970
6105
5724
2776
3123
188
2920
1097
1290
5283
3444
7098
3265
2688
2720
7745
2032
4018
7181
6187
3705
6252
1990
3073
1941
1408
4278
4444
3666
7222
3607
5033
5670
5618
7576
1171
5591
1233
30
4048
603
3797
54
7415
1929
5976
1234
5502
4813
1804
7115
3664
231
92
7409
5993
433
1246
126
310
293
2214
3030
1543
6666
6669
7799
7347
3833
3442
7452
6379
5847
6312
5145
2874
5836
2946
2859
6729
6343
1960
4597
4439
2331
7493
5779
6602
3152
7577
1508
4657
5703
3205
4472
3685
697
7323
7099
2510
2086
4386
6957
5626
1717
2111
280
1497
2645
3344
1889
6601
2127
5106
2931
1552
4988
6167
5916
7935
6487
6581
5720
2201
2881
3472
1933
695
1637
4332
999
5848
7506
2402
6807
7887
1762
5235
22
7912
2720
939
1622
688
2842
6816
2192
7192
2985
1567
4101
1773
7765
1873
4444
3986
4242
1874
122
1856
4061
274
6233
1364
4094
5152
2928
3536
6175
1513
7194
3829
2397
2749
393
4629
3476
2990
1412
3711
2746
860
2837
1361
564
5313
4930
4675
1456
6083
4618
3836
5272
3907
1861
7865
4448
7329
6180
4173
6651
5313
6599
6027
5379
133
7009
17
669
2140
2210
6536
3627
5616
4107
7421
3703
886
6969
5590
4825
2056
1564
4916
5463
3520
1823
1500
747
6625
2126
7757
1199
7314
7857
51
4972
7363
3807
3126
5275
7573
6501
5127
768
6570
6059
6786
2692
3125
1245
5282
2414
1400
1651
6665
4410
3640
7951
7595
1184
1875
7038
115
4249
5883
4310
4029
421
1853
7368
3995
2249
38
5180
5299
4370
7551
7769
6250
2400
1268
7239
3783
7677
2376
1736
2933
5630
1827
6035
4414
7
3478
2354
2979
2144
4820
11
4012
7555
7537
6746
1409
5929
2668
6349
562
3827
6315
1905
4555
7465
2564
7712
3728
6238
6190
5710
737
7549
3358
6507
5996
1658
7423
3393
2010
165
7016
2841
395
392
4878
7176
4016
3098
1277
6284
6485
840
3076
3199
4050
6501
6430
6808
6501
5087
4054
870
5294
3867
209
6022
7932
4750
6109
790
2059
7531
4709
3236
386
6301
6532
6350
4194
6551
6268
7308
3824
3484
3275
3626
3277
1364
2725
3943
4246
7370
6771
6137
3549
6051
2966
7398
3056
4132
7125
669
3901
2255
4785
3141
4804
2587
7738
2135
1201
6527
1200
477
3456
6141
4178
3489
1048
2107
701
6940
3935
4909
7871
5976
2359
2574
6932
1242
3301
7348
7500
3717
2395
1395
288
5533
888
5885
7418
5363
5384
7134
7022
1553
1106
3494
3903
3582
2982
5013
2339
2020
6783
7092
75
5599
5679
6045
5976
5710
1610
2537
195
6986
3923
3601
5423
2720
589
4134
5773
5420
2896
3067
4989
6150
1777
4282
211
1643
7855
1893
3839
4317
4391
1372
5847
1911
7778
3693
1572
592
4811
2427
4699
1675
2910
7700
2082
1914
2056
1450
3884
430
7641
2443
4209
3605
5549
4307
1308
81
3322
4850
859
5686
6314
623
3205
7591
5299
1566
4367
7561
6856
2095
7489
1166
5888
1295
497
465
2619
6770
3112
12
2540
7868
4751
581
1233
4987
842
4585
6160
2038
4344
4560
6281
1854
1904
2229
7024
986
557
7
1560
5275
4774
63
3396
5292
1454
6650
6566
222
1459
3041
1249
174
3358
2636
1358
5079
2644
1205
917
5212
1480
7578
2627
4176
3482
206
4753
3650
720
2027
7305
3955
1441
1393
3074
2942
4205
2615
7311
3293
6508
3908
5039
3748
3145
4722
1707
7376
4240
930
6972
662
7700
7811
218
131
649
1784
6990
1470
7532
4913
2882
6672
6971
4341
3576
1817
3134
2767
3590
2410
4634
7597
1475
4510
5826
4368
4802
2656
4172
5128
371
2957
1767
5248
6073
4874
1084
2406
5216
6282
6479
4115
4235
7223
7066
1036
4853
752
3559
100
3280
3478
7154
5693
7538
7070
1027
3192
243
7727
1484
5205
7683
3912
3976
5551
5269
74
4197
2203
6728
3638
7364
5443
2238
6514
1088
1016
258
458
182
3529
7827
4419
3769
5771
1843
6769
901
2428
4833
1462
4045
2603
1097
2109
848
3787
1931
6160
6821
41
7686
6933
6427
6053
6551
2860
7794
2734
2203
7157
6717
330
3250
540
1617
5409
6814
397
1885
6244
7125
6222
2022
2267
7876
6917
2391
2189
4724
7149
6379
763
977
6025
1344
4442
1072
7746
2053
2511
7134
3419
2199
5753
2380
2367
3646
4252
7958
3555
7309
125
6097
5735
4125
3534
4998
1190
5599
7037
94
6376
2676
649
124
3970
2945
7729
5023
6907
4860
977
2487
6108
6779
1262
7198
2088
1429
5947
4416
5216
2717
931
2620
747
6739
7360
1454
407
855
4648
3871
2383
7873
7300
250
1130
3692
4970
3610
7627
7691
1696
5596
5634
2758
6922
283
4961
5072
4630
2903
7512
880
5550
1331
1002
7177
3564
1689
3707
4738
7151
2784
7789
4070
7504
4682
318
6048
6102
1010
2621
392
1014
7150
2672
5727
6146
732
5666
2817
774
7265
7679
6036
1885
618
6353
7808
812
7619
4645
3761
5272
7302
3683
59
2195
4633
7170
700
6355
1332
4501
3326
2605
6197
4998
7134
6595
2471
2815
5823
1162
875
968
2131
6366
3877
843
6968
200
376
6188
6785
3404
1201
1924
1889
5331
5734
4528
6791
7062
2550
6250
5431
2918
5384
1593
6973
4016
3043
1351
5001
7463
4598
1169
4798
3566
6441
486
4562
2383
6738
4550
203
1950
4905
6834
5256
3972
2820
6969
704
6334
2096
5425
3595
6017
2808
6679
7046
2277
4891
3846
3602
1641
6355
5050
5265
7655
7559
7868
7084
5136
1918
4323
5552
