4105
5008
2742
2858
7109
514
1852
3374
7168
1739
4251
114
39
2602
2033
7868
6618
7185
7846
3930
285
7576
6455
7014
3356
6667
5081
6255
356
3554
1453
5160
4680
5478
1116
4762
7781
3080
6082
5093
5099
2614
1396
49
7187
6204
337
5715
2617
5909
2777
6465
1029
1930
2663
3071
464
6372
7466
5078
3697
5073
6518
579
917
3423
1675
7765
7572
3744
6899
849
4826
3522
7620
3621
5424
1776
3294
6280
881
2948
5954
667
3994
5154
6910
4457
2801
3101
6030
3626
6770
540
7682
6443
1155
4502
684
3963
1179
3222
4288
5556
184
5905
6654
6667
1549
1595
2985
4307
1065
7871
5399
7482
521
6281
4549
1813
6119
4061
2059
4280
1933
802
629
6216
2215
1595
3749
3283
2135
7151
2398
5789
3759
7036
2673
4797
4090
1870
4241
3686
513
2626
7595
3679
4787
6752
919
2135
5347
3517
6128
7420
5432
921
6620
6010
5955
1296
7652
7759
54
7164
1842
2590
4141
6659
952
1072
4807
1732
7163
3393
2332
5608
2302
2175
2675
2692
5293
3892
2566
7115
4269
5580
2438
7609
4541
5639
4107
4315
3444
7885
489
6154
6944
3563
6933
2249
7185
6904
7729
3403
5635
341
2123
2774
3753
100
1966
373
2391
239
5783
6839
6362
2519
7672
3336
4730
546
2709
649
7330
37
3495
5971
5293
1754
5516
2266
6069
1349
1063
806
3017
5648
7489
1240
6666
7170
3179
6850
3922
1674
7068
2801
7050
3063
3796
3458
1616
4727
4689
2110
7852
473
264
3399
6795
4010
6143
5226
6550
1100
4333
1967
7448
4415
6083
3116
2203
2593
6441
5206
4250
3475
2640
1190
5462
209
2175
5849
4723
6992
2253
5876
5801
2870
3387
2716
2870
3160
766
7815
1442
7071
1197
6984
7126
4228
3869
3355
6115
6414
6101
7027
4018
1929
1888
3653
6761
1499
1164
4790
6346
6380
1227
6020
4396
1322
7653
7684
671
5513
2507
3530
4358
6143
7906
6293
7602
1175
5465
34
1160
3429
618
4981
2745
3534
235
1543
140
5323
813
6865
1975
5625
2010
5425
6674
255
4392
4019
5382
7622
6332
4648
1537
4006
7678
4890
5477
7657
3636
6581
6475
3199
2451
2083
4688
7323
3414
7930
6559
3789
2462
6222
597
6126
4758
4999
2461
7147
2281
6308
2957
2836
3817
1065
3179
240
1486
183
1250
1303
3893
2097
5845
7830
437
5936
2622
5935
7609
1490
1187
5393
4454
1356
4076
6830
287
6510
6847
5624
5791
4957
1359
5591
3561
4691
6803
1373
6129
4180
4103
7695
2869
5840
6797
5689
7875
481
863
6571
1043
4366
1264
1988
2972
2208
7633
1696
2027
1543
4289
3709
2041
4933
5255
3687
3780
2903
1732
6088
865
865
4548
260
3220
6758
3619
1457
7613
3745
2643
2147
7451
2511
1152
1946
5362
4681
1952
6813
6621
1377
585
6439
3965
7697
2161
2744
3360
6476
5111
4294
4093
1021
1870
3455
424
1843
439
2746
4386
1512
1322
4904
6851
2595
7433
7425
2148
2342
2976
2934
5454
3033
3276
2784
5166
2335
7006
6765
1806
2809
2359
6485
4996
7628
281
1499
331
2468
5063
3041
2673
175
7199
7806
1016
6556
4280
7905
2886
3319
1274
1220
2476
7875
3947
3009
2233
660
58
2217
1915
3332
7577
5692
2730
7328
3552
2337
4914
7136
7585
6635
716
2948
1998
6229
6621
6191
5621
262
4720
3301
6209
7240
6133
5500
1801
2886
3467
3781
4853
4784
7131
5853
3066
1776
7899
144
56
367
2013
346
6911
5618
3864
6902
3445
3473
229
4879
5116
219
5489
1000
7347
4319
2683
7562
397
2064
2152
4232
7971
4030
1404
1880
152
3279
3608
3858
3219
608
137
5163
2451
1530
273
1046
979
6293
7418
3193
5712
4908
6228
1878
537
6268
1102
2588
1857
152
3646
6381
3620
6874
684
2150
6525
2650
5914
1827
6693
2159
7750
3413
4313
2729
3460
828
3086
5065
2009
1181
2576
2761
2693
2931
414
7119
671
4636
2981
7602
6339
3126
2250
4447
4891
5352
348
5689
7798
587
5904
2658
5481
422
6229
2253
7432
319
5711
2739
5999
7724
1518
3599
3749
1405
3049
6406
1937
3230
5254
5387
1882
3296
4041
2476
1846
4576
2717
7097
1108
95
7094
5055
5114
1490
380
6477
5745
2349
1469
7691
7947
2614
281
4522
1004
2799
2250
2943
2086
3012
7143
2393
1657
5881
847
5659
3994
11
6078
4540
1354
2116
5727
4620
2598
3238
1904
7028
5575
353
1415
1961
6100
2697
3823
6461
3050
6303
2958
470
3076
2838
2102
7674
2354
5779
7590
1177
5942
7547
1749
3969
5499
2919
1887
2291
3482
7637
1208
5093
1245
7821
1626
6324
1421
3227
1349
6355
6373
6447
2361
6273
198
19
2821
4994
5741
3868
6150
7353
2296
573
4650
4109
6146
1808
7536
3088
7613
2376
2069
5040
7603
2628
2509
1469
5671
6597
3343
4229
1706
4866
2566
612
6450
6721
3476
4122
7985
5387
283
4438
4694
1139
145
632
3270
6695
4387
6199
4424
7851
2254
2927
6932
3989
5347
4849
903
5774
1353
1270
3297
5286
7893
3871
7052
7442
3857
2714
1496
5233
5738
7508
6799
4791
644
85
4304
1982
3420
4254
7564
53
6324
1477
7527
5442
5434
2280
4610
5117
5325
383
926
7994
3030
7502
6142
1443
2658
1317
7468
6768
3407
2420
5805
7634
3735
6570
749
7866
7345
5087
4346
1498
7647
2161
6387
5550
7287
5098
3218
2559
6916
4621
3464
2987
2469
2757
4569
3259
5026
7881
3054
3797
140
7084
6346
5699
4451
5463
6344
7546
3960
3920
7894
7486
7020
4801
5785
6340
5312
3319
5795
7970
2106
1428
1025
6721
3290
324
620
5655
1158
3694
1038
4917
2841
3021
1378
4407
7602
494
2711
6902
3296
6627
1700
7546
4774
2473
5374
2177
7957
3670
6517
296
6266
6796
6895
2801
3828
1857
224
1249
6990
3887
767
6712
1579
1537
5417
3796
5830
5162
2074
243
451
5954
7048
4162
4029
669
5644
1206
5138
5647
6438
211
6373
1106
6302
2908
6241
4345
258
5766
3969
6251
6686
7071
6463
520
5043
4267
6281
3448
7322
1791
4884
7582
4660
1493
3115
3009
3230
7171
913
7888
7691
4172
6555
5789
7444
7282
6331
2577
2581
2798
4804
959
227
5261
3661
906
6571
1415
7940
6027
4833
7267
820
6361
1999
2469
3163
6522
5408
4094
1858
3477
4437
5388
2818
2193
1830
5771
4451
7955
4348
5045
2070
1559
4941
4431
3807
7358
6045
6891
1648
7581
4666
602
7691
2815
7922
2804
3704
3064
1366
6468
4962
3135
7748
3777
3242
6292
6067
426
2101
6620
2039
555
6205
590
6149
3044
5814
1466
6167
3957
1212
3715
4050
4714
1469
3253
316
6431
2901
116
352
1311
5002
5434
5349
7434
985
6301
4555
7012
4568
1633
3810
1917
4501
4355
4428
2294
1492
167
518
2228
5381
3729
715
147
7949
6145
375
5425
7451
2550
57
1996
881
2942
2384
5618
1139
1076
928
7530
5009
6947
3109
6647
3845
7364
3027
2013
6913
4072
2431
3528
1501
3562
5043
4381
6271
6325
4549
351
2235
5522
1527
6773
160
2841
698
7887
2037
7730
5653
5336
846
4019
7536
6441
7800
4704
31
457
6345
1385
1524
7799
7208
1192
3832
1956
7044
2433
6390
4294
677
4076
3547
5256
998
117
6528
7514
5951
5862
2693
6948
7665
6423
4707
3876
2912
6210
4027
1270
5336
1123
1939
685
5260
7214
7092
914
3201
7523
2101
3008
5255
7370
1617
1824
7298
3745
2962
1237
5581
4477
838
4157
7614
3232
2834
5148
4512
4626
7674
1397
4374
1323
6398
3981
5437
6361
699
7005
5827
5063
4452
3982
503
4634
5439
7413
4274
5473
3557
955
2175
5448
947
1384
5074
5365
7468
3076
3894
7112
4114
5149
575
5752
7338
2363
1202
4468
4557
7164
793
443
4023
6232
357
2681
7943
1983
7484
6266
6931
4401
4906
3550
4697
6693
1173
2763
2126
3885
1578
7190
2032
7724
6051
6987
7358
1473
5521
5350
3643
6501
4738
201
5764
7982
5524
2513
2730
1286
3077
4532
7341
6495
7572
7661
1646
2874
1125
197
4134
7658
3800
6757
91
4056
6758
4231
6330
2170
489
4786
4974
385
2357
3040
408
1268
2000
6105
5410
288
1764
3741
6429
1635
740
3326
5071
7327
4417
7458
4525
1181
3955
1619
6957
1865
7586
2414
1698
7468
1319
6530
1560
240
2950
5328
2279
2175
216
7074
3815
6704
1306
7320
1308
6474
6989
2448
4755
1113
6790
4705
3582
6758
497
4603
1178
1909
3600
1290
5116
5026
5056
646
6781
1309
7632
6569
6983
4280
4886
5240
750
4119
2184
1773
5277
5842
383
5144
1241
4957
4394
3070
2383
6318
4014
3034
5966
4374
19
6866
6671
3754
2028
2436
6926
3552
4339
6228
1151
4595
6415
122
1863
4199
4794
1746
3082
1309
3219
6098
657
363
1109
5164
1108
6874
1554
5593
1582
1155
1997
6061
535
582
3231
1091
5402
122
3664
3514
7219
2000
3587
4139
7520
4286
6019
6622
556
3587
6909
6666
7429
5383
866
7233
3886
3103
6122
704
1774
5922
1109
2458
4003
2683
2750
3434
3899
5552
1190
5738
276
3263
7319
1119
5914
3768
3736
4313
5037
5916
66
5715
3142
7497
293
2320
7927
4193
570
1694
5035
6559
2373
3096
2351
5574
6701
3292
3899
6982
5863
7326
2834
3114
5433
5417
1761
222
2849
7380
4393
1665
233
4637
4095
1364
3275
1827
1259
7792
846
2620
974
4081
6139
4138
1766
1391
5315
4951
1563
1896
3100
5220
5565
2609
5741
669
1109
7633
1978
1974
6985
6682
3912
1791
2139
2635
6142
4288
1675
4350
7584
3463
6535
6472
3800
4920
1416
5932
610
4316
4541
1396
2000
5353
2813
6544
4526
5003
1478
3196
1866
4999
868
2367
4726
2973
3283
5603
2056
4381
2474
661
7555
3381
3008
3233
7450
3665
1777
201
6207
6408
7655
1760
376
4189
5010
5587
5788
5906
5068
3781
4745
6966
7956
5554
3722
6799
2572
138
2016
78
2470
4535
2758
3731
5568
580
6742
5112
3379
4499
4819
7356
6635
2616
6147
1342
1826
814
7545
767
5843
1161
5315
5612
4030
3130
1081
145
3304
3382
3491
3841
7856
1449
5110
3173
355
2920
4601
4523
6569
758
942
3666
4965
3467
7252
1189
3291
7647
7862
7057
6513
2759
808
4665
4622
3948
1312
2577
3596
3851
1032
4885
4101
476
2397
6222
7545
869
5054
7354
2094
2894
7143
2000
2233
7457
6206
2784
2683
6361
5833
2191
3747
7972
6729
491
4838
6826
4417
7679
2180
181
2656
6367
1256
363
4399
5724
7220
1502
1144
1351
7726
6138
906
6799
7724
926
2029
1049
2854
5439
6913
3671
173
2203
4028
7396
5039
4386
7067
5842
2459
844
2525
6059
3021
234
4184
315
4756
1455
7238
7166
3979
7190
6555
2341
324
4566
6355
1119
3267
2177
3757
4962
236
2508
7172
1901
2171
455
2266
3479
3613
2021
5432
2757
4588
3402
1678
5127
4415
6008
5302
6246
4242
6356
1386
5272
950
572
7649
5247
6351
4380
6688
7921
1348
3887
3342
1816
7404
4327
6664
7009
2231
5107
4272
7986
4390
6884
2307
1832
4709
2467
1142
473
5779
4464
1992
1951
6940
7340
71
4736
4752
5176
3401
7786
1517
1381
2068
6138
3326
7970
1124
2904
5916
2782
6760
7656
458
2276
4308
4299
143
918
1927
4050
2694
3051
1455
3913
7822
6348
1594
314
7268
999
5117
2029
735
6339
5787
7889
6649
5338
6169
5864
1708
5730
2349
6447
6963
7830
2691
1870
1084
5781
5155
20
4218
5754
1350
3958
7514
3219
208
3137
199
1248
1599
2729
1320
7806
5901
3086
3134
6193
6531
5529
722
3178
2194
642
6822
1527
5931
6854
3422
1574
3455
5604
5284
4098
2341
879
6369
7367
710
4540
7321
2
667
6977
6808
5883
7520
5338
4719
5897
2481
2810
243
5604
7971
262
5101
1253
2123
358
65
2143
3020
6827
7629
5823
3157
1145
2369
3016
4959
6907
5247
4913
7865
7764
7511
6561
3559
6851
2544
3389
5736
3049
5532
1364
3302
3206
5632
5087
7663
5044
4332
5716
7410
7257
2867
3636
7778
2919
7905
5353
5620
4516
3032
2711
3594
7719
2798
2959
2833
1727
4709
39
4403
886
4104
2854
4472
202
7013
5111
5220
6835
3437
4254
4827
1537
4988
7435
557
669
6642
789
136
1058
3852
686
3943
3016
3348
1185
7269
2516
184
4595
193
460
2344
4360
2977
876
5280
5889
1307
7964
51
3329
6377
406
115
587
3893
7875
3211
610
1790
5407
4960
6740
2707
2425
1237
2419
2530
1084
5803
462
1558
5351
1406
4835
572
4481
7302
4819
1386
2191
3214
6134
3185
7543
1638
7969
3398
504
6436
2403
5938
762
4243
4032
182
2571
4627
1333
2154
577
3243
2931
2097
4560
2602
4715
6224
1383
4904
2459
6537
4840
2027
5659
6039
4489
5582
7148
1551
1388
3742
3428
707
5224
2361
601
7881
3381
3601
5083
4179
7953
482
4971
4854
3700
1975
1121
2465
7490
2120
5635
2831
5792
2649
5086
3963
7243
6424
6784
5352
6679
7022
1470
617
807
7557
3446
4985
2949
2254
987
5149
4538
7951
7636
1218
904
2703
6155
3889
5146
7215
4854
6654
1035
514
2665
5845
6942
1594
2491
2913
5653
4287
2984
7251
1044
3017
776
1771
543
3747
1043
5461
5120
1132
352
5585
3843
4480
4531
3246
6282
4194
4171
7108
3511
2996
6045
5700
2544
2677
5244
1678
1246
5700
804
4
2220
5968
3976
4873
5032
3525
1201
350
5915
3804
2516
4989
637
125
5125
7606
1776
711
5308
6160
3604
4668
898
5721
1101
2735
3724
4612
1454
3358
1979
206
2856
6574
7800
2328
3219
3793
1585
6746
4475
3045
1113
2345
2140
7218
3169
6190
4213
6950
4502
1743
1743
3213
4270
4833
6933
777
2021
1596
6484
5227
6911
6367
7040
1859
7082
1528
7578
6603
6749
3956
7042
3753
6315
3790
4194
5733
6631
4804
5357
3219
6077
2577
2061
7316
6703
2423
229
2151
71
6248
735
616
2410
5661
1668
4573
1863
6554
4512
2442
1341
1252
2083
7280
6464
3151
3818
1012
6456
4530
4231
3302
3072
763
3849
6026
5827
4597
1981
5682
3212
7751
5304
855
4455
4890
2298
1043
5595
4951
7858
1153
147
6829
6822
5633
5643
1429
101
4028
5279
51
2629
2999
1908
3253
182
7021
7754
3981
757
2218
6475
6274
869
5821
877
6675
5910
5020
1482
4457
2672
5383
7162
2673
7663
2096
3406
2473
7842
6060
6239
7520
2432
1561
6781
7977
6610
7853
2435
7628
2460
4435
1989
2039
300
2513
7603
7800
3099
6129
5701
7048
1160
2321
5026
2171
3044
4893
2576
1101
580
6630
971
6802
1083
5972
4244
6528
7094
6679
5401
5809
1297
6565
2113
986
1593
4026
7760
2240
6409
5952
404
5047
2209
5292
5537
59
874
189
3021
994
3682
6263
5406
688
5640
912
3102
963
3571
4056
7918
6907
4179
5719
4709
6404
6871
7254
2956
18
6743
7165
2153
2249
6285
3003
5319
4025
6902
7188
5419
6918
4812
4859
3880
5703
7813
1387
2430
1698
4885
4324
2670
3364
1138
4676
1206
4826
6476
1909
7173
159
5128
910
2188
1291
5957
800
4407
3835
4014
3026
2300
1448
1946
305
3920
7270
1763
188
856
6386
6168
5834
7410
466
3373
5939
5673
6293
161
1883
4896
1908
2923
2940
3805
3309
3970
878
4971
6894
7240
1238
5923
2098
6678
6926
297
406
696
1597
1192
2561
5177
5565
805
1629
6597
3984
5238
404
3336
1849
643
614
6230
4451
2541
7819
1159
5754
1116
4107
259
5634
5355
6200
4138
3102
7799
6442
6383
3575
4652
2392
5225
4631
5778
4578
2950
2039
2152
6290
3199
4199
4770
2453
4658
5156
4348
2659
3741
5686
5156
7053
5790
7552
4580
7784
2854
4013
3208
7499
5985
3324
7541
4290
485
7414
3476
3156
2157
5529
7009
3343
964
5449
747
1929
1908
7799
5632
6835
1405
6472
3806
2842
3315
5566
116
2265
6277
2262
4345
6938
1303
7093
134
6225
5675
1496
7130
4259
3268
4822
3672
461
513
7708
1100
2690
2153
5580
5160
3465
4579
5437
6599
1462
3791
3050
3707
1428
783
125
6708
2241
3045
2352
1675
2924
5301
6152
4333
3767
320
2736
3205
7094
3309
4470
7819
5442
7573
405
796
6087
2497
1358
2609
2498
4766
746
1407
5856
7476
2399
3212
1252
3411
7875
6894
3802
1204
2281
471
3142
578
5955
1294
3983
6635
7593
5332
1812
6447
2052
1732
3945
3832
4759
1277
4857
5051
3652
7049
6935
6293
2287
3307
2162
3322
1630
850
1614
4368
3330
5947
767
412
6833
7776
1112
2176
7170
3957
6030
775
478
1739
1950
4772
1372
1867
1894
667
1639
3038
1385
246
3781
7850
3678
6973
1112
3947
6350
3082
3797
2639
4834
43
74
5453
6588
7593
2561
457
2606
4974
3132
3730
917
1613
6648
3080
1540
1152
4243
3356
54
7307
659
1133
2711
2852
5475
4207
5760
5565
260
545
5495
171
181
7941
5341
4704
1749
2647
4292
5276
601
7469
3812
4602
3619
757
4028
6311
7844
5917
67
5604
4945
359
6110
892
1865
5892
3829
3262
4307
6092
504
3275
1120
510
7163
2500
1812
566
1968
3458
3375
827
2645
3215
2579
2407
7454
4908
1733
5010
3750
382
6329
5809
1063
5350
1044
5559
7525
4105
4881
1258
3435
4496
5339
6572
1956
57
1052
700
6577
115
3246
2612
5572
4374
2497
5014
5426
7731
3528
3810
5019
2429
1998
2641
2709
5296
7601
4081
4329
4886
3121
7202
2291
656
857
90
3748
7240
5248
4376
3702
684
7570
1138
5333
231
3884
3573
6683
3547
6756
987
286
7958
6795
1935
1435
3381
5936
7304
4147
6802
2809
7951
1490
4426
4949
811
2097
1428
6421
4106
2316
4759
933
6817
6227
2066
4262
6301
4617
836
6814
4351
5191
3019
2432
2134
3945
2805
1251
4359
1409
6510
310
3617
3137
6565
470
7504
5844
1597
2164
2633
1734
5652
3812
7684
2377
195
6272
4771
6018
7621
7560
3324
4471
3152
1692
954
2639
7862
62
3197
1972
6909
6552
6362
6003
2877
3191
949
4017
2950
5628
7578
2742
779
5265
1338
2566
1128
5921
1941
3920
1430
129
5834
4895
2668
6327
2819
4864
4160
7886
196
146
1854
1314
7563
3151
6842
7665
7196
3451
6430
1648
354
7981
2972
7780
4882
1012
5968
620
3642
3607
1066
299
3822
3428
5462
611
4611
3175
1839
173
3603
6174
2173
2462
7729
3440
7452
5657
1388
3726
1133
3232
4523
1848
7666
7395
6624
7245
5833
5257
4934
504
933
4578
162
1036
4639
5975
7306
977
4368
187
3004
4277
7680
423
3995
3936
2908
6897
924
7784
2578
2544
2532
485
271
4256
7259
6654
4912
2766
6167
6068
4825
6315
1027
3715
334
3479
4153
7498
4533
2309
5662
153
6959
7321
4799
6732
6019
1483
4423
6688
3878
2271
6667
6594
6902
5908
7385
2142
829
6487
96
3788
6905
1977
7367
681
1074
215
754
3767
7529
2428
1052
4051
3881
4670
1711
5759
1844
2956
5186
3322
5386
5854
1487
5898
4972
5603
6176
4545
2296
4396
1642
3383
5621
128
4004
5368
2422
7117
5297
5698
6180
6471
4325
4788
7860
7872
5198
1988
7261
4602
1300
4199
799
1846
6698
7187
1225
1205
4713
3700
4502
6949
7684
6867
7363
1917
7253
891
5923
5534
5952
4577
1957
426
7096
1919
3674
235
467
216
153
1580
966
5300
6992
805
3725
714
653
2731
4077
7996
1844
5264
7900
4131
4469
7829
2988
7078
4497
75
3718
2194
7381
1144
5983
2679
4765
5119
3246
1323
315
6054
3502
347
5046
2510
4023
747
1870
1869
409
7983
4630
2224
3921
6191
2112
4021
7091
1205
2498
3575
2260
3976
1841
4322
7331
4435
7496
4971
2822
3918
7269
6980
1521
1398
7028
5073
6511
3711
4665
3421
200
251
59
5458
4774
2958
4474
6959
2207
2689
7677
1934
3144
4498
1831
2959
497
3464
5148
1936
145
3314
323
640
3313
2388
4438
2209
4613
7163
3094
3260
5605
6471
6942
7326
6403
2595
5141
3560
6976
5046
1352
2650
4379
6825
1072
7355
4984
2185
6101
6563
791
7554
5902
832
6763
7330
2175
1341
781
4211
7237
2118
7433
6496
5708
3928
4686
2570
6369
1569
2566
1112
2599
1919
2878
2020
1547
7912
3991
6050
6528
2939
4799
6524
6751
2234
3165
7207
3086
7374
2
6074
2496
6056
2723
4645
4527
6691
1493
2970
1016
7137
1223
4289
396
817
5306
4131
7777
7198
2011
6757
6733
5701
5879
1141
6782
1280
6906
7380
6847
6390
924
6525
1992
6025
6925
1987
4437
3260
443
4012
2352
5448
1576
596
6229
6941
6690
2662
2837
5360
5062
1173
3306
7412
579
3491
3775
6496
5311
1145
7527
288
1041
4029
2128
4334
3239
6946
7420
2321
1444
5812
6896
3971
968
6972
602
7221
6308
1923
4005
905
1596
3681
5653
4451
68
1542
5554
7037
1552
7939
1599
2590
6326
6325
7202
4522
7535
1849
3828
3399
1609
5491
1419
971
4593
1348
1112
6770
3712
2681
5497
3856
4143
6227
3335
6646
1561
3999
2276
4964
4473
3313
4417
3737
7487
3070
2942
4563
129
5073
7880
7480
1835
7842
1412
5968
6885
887
3328
7844
2546
7032
4371
33
400
7786
7473
4010
6208
2454
2664
4907
7520
5220
698
4867
2789
1487
3859
1450
6331
3663
5484
3117
3177
4220
1930
4951
5203
3607
7399
3189
7219
4099
7900
2486
1266
3286
2861
6813
677
4011
6417
7835
4234
6235
4370
1729
5581
3544
7532
247
1146
3061
5158
987
6193
6361
6422
1026
1809
3010
2670
3286
1647
5128
5740
7134
4832
2660
6126
7444
4820
4795
2272
3728
1505
3907
1076
3660
7394
2709
3689
3861
6284
1881
1872
4776
5198
1236
1111
2059
400
1136
3389
523
908
1809
6226
1086
1846
72
383
3030
1892
7991
5434
5839
4669
2222
5058
749
294
3430
5230
1392
221
5442
5038
2753
3331
7097
3331
602
614
180
2499
839
5158
375
7163
4120
1734
1208
3531
6664
7735
6381
1915
4662
6573
6261
5788
5103
5014
1129
5056
5819
1180
6212
7743
7130
5889
5806
7303
2928
7533
7111
4193
7583
2314
5819
5018
116
6717
2175
694
774
7171
2924
169
5266
3629
4050
1339
4385
4766
7324
4559
7083
4493
5110
1028
5147
5190
7653
3507
4927
6291
6304
5639
3571
6616
7078
4665
903
7274
6622
3089
4088
2859
4521
6084
6919
3094
6989
6569
4825
4327
537
7492
5388
5755
4125
5507
2922
6329
3561
3731
1880
4686
6029
411
2554
7466
6636
3910
3909
4447
2445
1573
307
7784
5539
6996
7356
3132
7103
1284
6103
7708
6982
5303
4495
1751
7911
6233
1299
5220
2845
7634
2648
2149
7140
7656
7643
1414
1757
6603
6443
3489
4949
3084
5530
537
7201
7534
5872
5579
4833
4698
4076
2692
1610
5427
1573
2108
2200
4531
4367
1361
6727
2738
2430
2038
7651
6796
5391
1382
3412
7310
4981
5000
5662
1812
4208
3656
2033
7171
7448
1974
2487
1241
7238
7870
1982
6128
4979
6330
764
1926
7907
7528
2223
1473
707
284
6989
4136
5148
4793
6065
3799
606
1553
7471
7138
6585
3197
6297
5235
2955
29
5866
7960
6208
7014
126
1041
6978
3226
4386
5229
1296
6410
2692
3529
7049
7191
7261
6853
7811
2293
3881
455
4894
1702
6011
4913
400
356
7892
6231
3712
4525
181
3389
3291
7760
5502
1200
3787
7057
3499
3995
1133
5797
3247
868
5474
383
6884
6945
70
2415
2566
4181
4163
2307
5602
6249
4432
773
6615
5566
2462
2894
2722
5018
318
6975
2819
3686
918
3672
3064
1421
4154
6089
7504
2030
585
1996
165
6472
1685
5099
48
7784
3606
3804
7363
1012
4544
6527
7384
1065
4028
6588
3276
366
6326
1221
7556
6989
607
5540
1773
1563
3689
6112
4583
2581
7981
1498
7069
4728
5316
1533
1303
1854
5440
6945
5605
4338
4345
5745
4313
2111
1927
4626
7331
6482
4276
4084
1815
2790
4582
481
862
4642
6658
6622
21
1420
7758
7298
3093
798
3865
7236
5110
4339
385
4534
7914
4516
3893
6345
3926
3018
3631
375
2821
5500
7997
4743
7784
5558
3972
1473
5296
3916
3673
6292
975
3803
2021
2318
5459
5825
1875
2411
3628
200
4420
6626
1771
6726
1038
1500
6883
5694
608
5176
4838
3617
4718
963
548
2705
1328
7893
7996
3847
1289
14
3204
279
366
2586
6590
1830
3244
3488
3449
4343
3798
5737
7664
924
1537
143
2484
7074
4229
6786
1611
3523
52
1328
1633
2565
1601
6245
6057
7447
7531
215
1186
2536
3900
4825
2857
5752
4080
1710
5147
4102
5622
7892
1769
3641
7415
4880
2499
4648
4252
7312
6273
5439
1889
4683
7395
4764
7944
4240
5967
7301
4181
2097
422
5831
1071
3943
2155
7859
2726
2775
7486
3559
2927
1031
2807
5500
7969
3172
4734
2272
4704
2811
7735
1154
602
3069
6696
6141
626
2703
325
2151
7532
689
7263
6661
3035
1366
2394
4396
3968
1358
7883
64
3490
723
7337
6679
2343
4793
350
1734
5025
6609
6097
3677
5828
2800
2997
1948
1064
1634
3874
739
7656
7542
7976
1534
5886
3667
5612
2162
7030
5982
1804
5513
6980
5152
629
3465
3239
7139
7262
5378
2242
3703
3807
3139
7677
4196
4045
7459
1641
72
7222
2215
3482
7829
1230
3058
3508
5895
85
3998
5648
1575
4986
2151
4070
3884
1707
3984
7233
975
2198
2053
6921
1528
3388
4980
3188
5089
931
6707
7325
2158
432
964
5451
7068
3303
5534
2617
1232
7172
2061
5288
274
3784
1922
584
1892
2755
195
886
1466
428
6233
5942
6165
4601
6439
2547
5896
5859
1817
644
5878
1472
7308
6032
3326
5775
1559
4753
6000
1623
5220
1722
4758
7571
3282
110
2985
7797
7637
114
7049
5372
3953
852
6798
3432
1503
529
5739
3758
3769
794
3784
1490
7852
2799
315
3694
3245
4662
810
2110
2212
628
7997
5122
2123
2170
1078
2597
7836
1930
7626
951
5128
3802
3492
2264
7800
4313
3006
2735
6748
6440
926
6737
7116
4774
6672
3359
3104
86
6266
4915
1124
4957
6706
6107
4103
3478
1241
3167
3659
2355
3542
7671
2981
7248
6651
3010
7644
4979
1322
3207
7073
4040
435
2792
449
3964
1382
625
4979
5805
2842
2818
5838
3892
2378
5477
672
4356
3262
2
2789
2868
4990
396
2885
624
6979
2011
6811
1245
1323
936
5984
4799
7229
7398
3806
4976
7905
6886
383
982
2030
322
7317
203
6525
4337
1068
537
4569
5072
7626
1907
6671
2899
2218
5286
2352
3840
4611
7171
3868
1344
4357
2540
7196
4105
4000
6469
2181
4741
1455
7663
6029
7227
4823
1562
590
7718
3901
1055
338
5581
4252
1148
3856
3053
5076
2794
4757
613
540
5458
4664
3838
576
2639
3533
1649
2021
6628
233
5931
295
6108
477
3242
6279
4524
5329
3148
7597
204
4735
3367
3628
4761
4515
3280
565
7041
2283
6383
5624
3342
3719
3914
258
4447
2022
2932
7573
4377
1056
3415
2753
7967
2822
4456
6594
7783
4871
7261
493
3873
6119
448
7534
2875
2317
994
7286
3443
2059
1060
1415
604
2113
7469
2959
850
6910
6974
1101
5760
1375
2109
5156
5909
4582
5976
7700
1332
152
6366
5140
1714
4393
4739
1959
7456
1589
5370
2662
6985
6869
6574
6349
7880
7727
3421
2498
3198
5803
4220
7133
7274
2390
2261
3977
6055
5741
5554
1391
739
312
746
6976
6274
3803
5904
4717
1487
1751
1341
7814
4819
7980
4514
1719
3508
2235
598
6321
1795
1450
4364
6552
5567
7799
747
5609
1751
1020
5165
2159
3148
4499
4017
5885
7499
6855
143
4695
6528
384
6906
1108
1882
1287
4859
2105
1143
6698
7724
351
1101
4706
2908
4838
5132
4768
4563
2777
3556
2572
983
1097
2937
4989
2563
4406
336
6627
1473
7591
5525
2614
6641
2884
7698
2131
4592
4050
7461
5211
2623
3757
7772
6741
6623
7885
7510
6482
4451
1081
166
6985
4876
1361
7590
35
4570
2786
3085
4260
2788
7840
5569
4925
3495
3822
4854
6399
5610
7876
776
7585
6131
7436
4213
7557
6629
4188
2745
7652
7511
7788
1062
4535
937
236
2748
4889
909
1610
961
1878
3189
1625
4729
7898
3189
3710
685
2349
3822
6655
2399
7575
7276
6327
7764
3082
2650
2782
4678
995
2995
5231
545
4764
3250
1257
6737
2108
4557
2137
3870
7580
1517
748
7001
3349
302
7727
4927
5367
2646
1400
3468
2713
703
246
4083
7888
3008
2964
6461
836
5531
6377
6114
4581
7861
5930
4915
5936
71
5984
687
3913
4077
500
3085
7660
5657
5206
3036
6510
4372
4914
7355
3845
5437
463
6871
3641
7696
1527
2477
5265
7554
1584
5888
6695
5833
5607
5333
3711
7720
1994
6857
2034
5256
7364
1062
1102
3438
6937
4178
5860
181
2956
1098
4755
4150
5558
3447
4587
3766
3155
225
3754
7938
1435
7302
58
3695
2820
195
333
6383
7433
331
544
2434
3715
1115
6698
4054
2554
6512
4522
6546
5151
6948
921
3135
5209
4851
7740
2862
5165
3750
2722
3751
2849
361
3434
3357
5725
7966
6924
6511
7506
751
4444
4059
7618
4276
4212
990
2899
4536
6599
3703
4546
3951
654
7367
380
673
5820
5250
7482
4075
7057
1918
5720
1658
1432
325
641
79
6906
1796
2085
6151
2895
2466
3809
6062
911
3190
7458
