84
7378
5068
541
7704
3147
6792
5761
7968
4193
6352
3609
2215
5560
85
3336
1041
3161
5143
7848
170
3996
3388
2138
4806
1092
7334
3945
2284
2565
5559
987
4225
5508
1562
575
2932
7931
5081
6930
1522
3498
4458
4126
2793
833
197
90
5530
2941
4381
3896
6904
7337
6162
4723
4331
1177
6313
5585
3067
1856
7116
4123
4525
884
7379
6362
7372
3018
3781
6104
3984
4654
7405
616
7229
5943
2859
5338
7139
1135
5064
6013
7990
6469
378
1394
1635
6209
542
1068
882
5180
2145
7496
5169
1282
5670
917
3695
3296
4964
5978
7999
1977
7022
1049
7050
1643
7167
45
4737
318
4053
5498
5090
7379
1601
2229
2768
7627
4641
6554
3687
4151
1472
5948
4000
2255
1776
519
1738
978
3188
636
5311
4192
559
644
4083
3286
7635
3901
2057
1758
4409
1398
69
3284
5488
5459
2204
7748
3533
5169
4798
2332
2021
7278
207
351
5105
822
5929
3150
3896
500
7541
5033
2153
5407
4708
3038
1578
7163
805
4904
1856
4699
2832
3245
4561
4941
4952
4917
1063
651
6553
5926
6300
2260
2307
7809
4628
5597
729
1945
5387
1223
7767
2195
4537
599
2062
6937
1255
4189
6779
7754
1769
6793
5662
1315
7820
5908
3883
1259
6176
4296
2552
2063
353
3360
1781
3562
6518
639
1866
6123
1719
2625
6966
5439
3245
3393
3788
4780
1371
7231
6377
2382
3698
7298
3632
70
2462
5831
2040
189
2731
7188
7103
1815
7691
2467
157
4833
2787
6573
7895
5934
6402
1620
1065
3735
3323
4164
6970
3763
1091
190
2880
7608
2314
7332
6491
2930
171
968
2737
4188
3431
7217
1473
1623
2073
511
3108
4278
5754
5098
2795
6925
5070
347
3464
4795
5805
1758
7686
7124
509
1936
4791
882
6640
1537
2803
5289
1213
2828
3851
1694
7142
3168
4140
7048
1861
723
4166
1736
2474
1527
7802
4334
2524
1735
5048
3766
3785
6650
7184
4744
5427
1358
6658
3753
2015
1339
7420
308
1840
6056
6481
2888
2633
1889
4485
4670
7943
339
1047
6954
7151
3364
1814
4814
1077
6014
169
2512
6184
5093
2443
2886
7509
6372
504
2516
4665
5202
4738
5414
7263
6877
7004
1020
4030
3629
4635
2940
6295
6750
6364
5491
3694
7070
5256
5012
7306
3972
1665
2209
993
5965
6186
6954
5324
5144
2597
6267
7617
4034
3205
5880
5951
6604
7539
4255
1623
7569
1349
2776
7508
6943
1988
5984
3338
4131
4093
604
954
7753
2
5476
6467
5778
6080
7751
3238
1299
3416
2358
416
456
3173
877
376
7269
2447
6516
674
1547
7739
747
5326
6447
7214
6569
1861
2242
3902
6486
4383
1823
1605
5879
1965
6974
1059
5502
3994
7648
5279
1355
860
1768
7743
4246
3913
190
6027
5735
3142
1846
5467
2354
1227
5152
3253
6310
423
7652
4075
7915
1914
5548
3950
6612
6984
5284
2261
7271
1847
4518
1196
5799
6482
2677
2902
1621
6165
6076
4208
3617
2825
346
4729
5787
4059
6063
5476
881
1828
1680
7810
5569
5472
2247
3018
4061
3741
3881
2326
4601
4834
4502
4216
5226
4739
6169
1699
2467
753
6750
3610
7334
483
5688
6148
147
7957
3205
7053
2536
6905
3595
1794
4333
3832
3069
5381
1262
916
5870
4405
480
1280
713
2465
2319
5592
2889
436
6969
5084
2186
1492
1215
1669
4532
1732
7166
286
3722
7674
3846
4723
5539
1333
1835
3365
7039
4874
5181
97
2359
172
6732
1588
4194
4518
5005
759
4090
7064
30
7149
370
4361
787
379
5724
1576
6829
4942
6044
5735
2119
1436
6045
3407
1975
7768
1763
4376
195
3546
3612
478
4695
6024
4933
7629
6322
1042
5860
6177
1087
1798
6633
5116
6743
186
5933
1345
6022
2651
3728
5788
303
2892
2037
2072
409
7889
1688
5736
4330
6272
4705
1920
2783
2958
1906
4121
3044
962
6003
6624
7391
7455
3984
3944
4383
4570
2221
3218
933
7429
1408
3030
7613
7033
6630
2143
1700
4341
4907
6950
1613
4242
2678
6749
7731
3917
750
2123
6584
5778
514
3211
5760
1678
1285
7307
3146
3456
7858
338
2030
1108
1004
864
7648
7447
2998
1957
6901
7367
6713
1611
1577
4366
7799
4166
1912
594
1822
5752
7332
2673
3266
6390
7908
7102
2783
3270
1789
2065
1692
5838
7218
6208
2026
6548
4142
4329
5794
121
3624
1151
7681
4738
5802
7130
3153
3974
6141
1355
7554
764
5448
6745
7480
4314
5598
4038
6638
6575
7381
1207
6741
91
4810
3579
7916
7264
1560
1484
1578
2433
6118
3498
4767
2635
2418
1188
689
5664
231
7966
5150
1534
3979
5938
7196
5051
6766
3737
1936
4518
6017
4647
7917
7551
2163
1175
3564
2723
3794
7442
3054
3205
7185
1860
6087
1295
2955
3240
7529
4730
425
2791
1673
7000
5379
5134
316
1310
2236
1975
2691
3491
2679
2983
5739
3077
551
7123
6903
4257
4123
7264
6465
4914
912
296
5859
3397
3650
1677
1248
1644
3566
3257
5796
2397
7107
2312
6220
2597
2230
2930
2974
2987
1864
3566
2404
7312
770
7564
6723
590
2977
6363
6312
4289
7027
1699
705
2983
87
700
2913
70
1201
6886
7194
1349
3849
5087
6386
3666
7614
1939
7438
5046
1210
4387
857
2831
1816
4919
4544
7095
5149
5285
5506
6657
293
4218
2861
3618
2778
5407
2933
3593
3223
7415
18
912
6957
1667
2617
4032
6128
2142
1447
5193
5858
7901
4346
1886
362
3263
7727
4927
1613
3886
6863
90
357
5956
6451
556
6287
7092
921
4565
1078
4693
6210
2719
4557
4674
3993
3227
5715
4550
4374
4678
5813
6658
1049
2386
3011
4988
4077
2336
4572
5082
2024
6615
2538
6461
715
1319
3467
4012
293
6015
1879
6732
1073
6056
3982
5540
2455
188
6223
1292
776
5990
3737
6576
2810
5462
2574
1519
4559
6820
4121
4891
1093
662
2485
6631
3872
5190
1789
3883
6603
2262
3932
3168
5268
5373
1929
4838
2855
241
3489
4668
7623
6067
4905
2589
2590
7134
1513
4015
971
1277
4441
4175
4845
5472
4738
5735
26
5597
5348
4272
6554
4578
7074
1181
1989
4204
6008
5799
4673
7389
6249
2810
4852
3537
2942
2847
6942
5165
4411
1752
3283
6894
6799
4881
1010
962
4940
733
329
1645
532
6300
2720
7213
3818
4782
5907
3804
2483
2197
1708
6016
7394
7461
2760
4010
383
2196
171
7511
5531
1351
2190
7890
3579
6325
5295
4583
2474
1985
293
1982
3488
7961
6723
6802
4330
4438
2289
2611
298
7754
5343
2558
504
2756
2271
4264
1929
701
3150
1121
5012
1259
563
3966
6878
4782
5111
7622
2944
6857
3032
7829
2636
7432
3743
3605
7284
6709
3333
7256
836
3845
7626
4491
5577
1852
2712
1677
5683
6370
1110
887
1894
2418
3758
4164
7407
6279
7099
7648
6972
5382
4922
7437
7425
1584
1989
2197
1180
5530
1257
2156
7454
4334
2699
7037
3514
319
6412
310
6264
4088
2436
649
2172
379
6072
171
28
7966
3058
6806
358
655
3966
4139
732
2595
2495
3656
3693
978
6570
1614
5203
6858
3714
3507
7126
4659
678
7296
7470
1937
1301
881
4729
7016
7560
6537
552
7070
1827
1357
7049
3805
7265
3089
3074
7246
7239
5419
3813
44
5827
7935
918
6604
814
1559
693
814
2895
6291
5836
3954
4142
5571
6348
3448
94
790
6588
7783
3329
1264
4912
148
1059
7176
6614
7074
6342
1587
2262
40
2457
2424
5448
7900
2944
5825
1536
5569
2887
6877
6656
4681
6081
2428
6909
2020
3115
2154
7615
1590
3987
6559
3777
3463
4247
5316
5404
194
2880
1615
550
7935
6831
6137
399
4293
2871
6587
5409
7920
1240
4440
5240
3303
1668
656
7494
5615
1535
2442
5200
3690
1404
1474
1192
6077
886
7651
4661
5758
4052
6850
2068
3903
690
987
3145
1519
4868
7005
4510
5508
1969
7309
5981
699
6063
3086
7099
6260
1810
247
4141
3896
2657
7847
723
3875
1473
6870
3708
4154
7062
3037
5771
5594
4051
7408
4436
7308
4767
3478
3338
5887
6159
2114
2165
2119
2834
6138
766
4822
15
1286
2600
4389
774
6123
794
7583
711
1965
2827
5716
6039
6277
5407
6488
3274
7877
4146
6648
7963
4934
7944
1257
2206
3220
6809
7961
4006
2681
1153
6497
7806
1120
7853
3941
6593
2240
7460
6888
5206
81
5579
2616
5350
3462
2582
2743
7196
7471
5002
6545
358
7981
5500
5506
5246
1360
749
5467
5727
326
3257
7893
1123
7765
2957
6618
714
4501
3331
6752
7894
763
3710
138
7032
4648
1370
3488
3815
5513
2019
5029
7742
6371
4332
4389
5764
7872
1962
7629
333
6658
4580
4521
5098
2902
7670
2134
7407
7197
6260
4550
2827
1675
3989
4571
7659
4850
2803
5786
3783
2913
1961
2803
70
7679
4785
5676
5766
2400
5088
6300
296
4806
7727
5927
3296
1429
5940
473
1849
2270
3022
3195
3832
6201
7393
1716
6815
2450
4222
1141
5002
828
4444
4043
1898
3274
5490
4903
5998
7837
3584
7430
5887
4551
4012
4529
1755
1129
6615
2134
2643
6044
4401
7352
3387
499
5142
6262
4925
1753
7127
7334
3049
6422
5539
2322
1569
3844
4320
5269
2065
4955
7237
5290
1921
1228
2450
6736
6421
4198
792
726
3534
6317
3206
1214
3090
7185
616
3400
5473
5606
6752
3325
1738
6432
7404
6596
950
7101
2665
1218
2623
6794
1422
4069
1070
5115
3144
1401
1614
3145
2188
6876
5870
1997
2140
6791
7320
749
585
7522
1865
7064
1287
7472
5638
6865
6338
1344
3000
5956
3621
4758
7186
7007
3499
7124
3521
4712
5857
2499
3970
7085
6906
577
442
7677
163
5695
799
7147
7530
6607
5591
346
4929
1926
4618
6218
4192
3888
2348
5897
5447
5924
1894
5367
263
4070
3520
7593
5460
202
6970
136
3995
6664
4349
2681
4775
4683
3902
3291
2023
7186
3039
198
6634
722
7150
7379
4618
422
1052
5893
6491
1708
2957
24
149
719
6263
4271
1038
361
3444
3079
1889
2959
5565
4415
2230
5516
3123
4717
5565
924
895
184
2701
6891
2416
6280
757
958
7591
1630
7073
1129
7574
6859
5963
3609
4118
3047
5263
3033
1762
4344
5157
600
4441
1104
5528
3028
1368
6063
1840
5617
4998
4616
5265
1331
2580
3748
497
6246
6281
7561
1821
2417
4331
2546
636
6997
5572
5495
4462
5370
5747
2015
4625
4056
1757
3764
465
454
3006
147
860
6675
1324
5581
6318
7916
3571
4654
7029
6947
4089
7501
3929
7977
3453
2356
6755
4141
1530
1083
6393
437
6363
208
7427
5635
4530
6553
5785
856
6046
3183
2011
587
7532
5968
3062
2680
4977
3918
4027
7773
4989
7725
5929
4731
5913
2750
4998
7303
2607
7803
2499
685
4303
3980
5493
4966
2109
6428
7100
2790
4218
6621
2460
7276
5487
6575
4082
1669
1118
503
5723
2295
683
7605
7946
6433
2420
7644
3945
437
7373
4504
4890
4370
5470
463
3642
1910
763
6108
7005
4017
5145
125
3974
5731
2610
2599
3827
3958
7802
11
4641
4207
3116
1013
2067
7590
4261
5425
3012
1405
65
6698
2176
4096
5692
390
5869
5577
6714
3064
6671
3768
5921
2349
2460
2061
703
6599
1280
3478
6961
4081
4059
634
3866
4484
5381
7066
7284
1805
1819
5769
795
6607
3811
5622
7985
5639
7359
2270
5379
6648
4025
3877
7244
5383
4333
2238
7041
2702
4180
6679
4612
758
3470
1834
5300
2511
3800
825
5014
6933
5680
3816
1602
353
5847
1332
1892
6258
2194
5441
7380
4580
6369
3466
5740
6747
4618
7697
4965
4264
912
7992
7493
3906
5686
3799
2565
3483
2996
7911
361
3834
4877
1852
6858
7156
4447
5689
421
257
7572
7444
684
6022
4075
7696
4175
5161
7740
7221
3204
7811
4789
3191
7248
1510
6847
3924
7248
6052
7551
4127
4275
1563
2416
1919
5013
2251
3933
2944
4957
4460
719
6246
5305
467
4669
5042
4799
292
2550
718
6143
5341
768
4931
2881
188
4167
2147
3129
7446
1151
2186
4574
708
3578
2540
1935
2955
3587
7082
6815
7803
2758
6201
4945
5700
6576
4688
6460
7819
3485
5083
4161
732
1253
3652
2093
476
3729
7462
7292
903
885
7368
6047
7724
2763
4006
5366
4015
4381
6973
5303
713
3091
6167
3931
3037
7313
2816
306
4258
512
4819
7804
2614
1294
2096
7625
3345
6148
5851
245
2227
1768
6108
6771
97
4916
7265
1941
4075
1920
1700
7249
5752
2661
7125
1241
5930
883
763
3134
7302
1810
5219
4928
3707
7228
4427
1451
6147
4849
2080
703
4628
1770
5351
1039
2994
5067
7801
5375
3315
2729
2029
3480
3659
7330
5266
1153
6163
7945
6111
1101
3815
6980
6282
1800
6322
6789
5869
4966
5751
5221
5944
6521
7145
2654
7414
7618
7349
4905
1272
1455
4272
6438
254
624
3851
5261
6187
6511
5162
7280
3713
4923
1676
4664
7489
5145
5830
6681
427
6448
2621
7797
3324
6925
1816
1922
6051
468
5761
6166
2310
5379
3611
5342
788
3903
2284
6632
5741
6825
4595
732
6624
1488
3456
6964
6578
396
4397
3865
5237
6263
6755
6084
1888
1323
397
2258
7098
7222
425
3764
1215
3010
7507
3811
6703
2645
2440
5980
3376
4928
6030
3220
6894
4084
5310
61
5549
7749
3886
6835
7121
7906
4202
1069
7402
3253
1965
7736
7681
3932
7468
3437
4549
1026
663
5576
1366
5444
3975
4407
1790
1701
1956
2344
1387
7180
5730
2614
6320
5151
5781
3624
3401
3625
779
6921
1566
2758
1472
4531
4302
4584
6471
685
3676
514
1041
2146
5974
6073
5496
6038
3290
4209
1096
7207
6302
26
5843
7170
6465
4825
6047
815
814
3705
2662
1387
2439
2604
1324
117
299
3288
1981
1289
7261
2586
7547
6123
387
875
163
3498
1600
6544
6412
3810
4298
573
5039
5330
3975
2284
5879
6257
484
3217
6919
2401
4953
3965
3700
2437
4855
3392
2420
3763
150
4749
7748
7178
6427
1440
383
5629
6667
3283
388
6428
452
3906
7059
3607
4151
82
4424
617
5843
6197
1521
3657
5967
3570
3888
1527
4520
2203
6323
7774
7266
3904
7604
811
3922
5881
14
2875
2877
4575
6827
5166
3950
2771
6567
1288
2949
7362
3236
5881
5753
3338
5463
3403
4342
3865
944
1665
4900
7129
4658
3662
531
6534
1426
325
1302
7489
5102
6818
2171
7164
6917
252
7534
1963
3439
7399
729
322
5688
3607
4232
2366
3972
2422
5246
5275
5779
6575
3848
2823
5987
4175
6024
113
1915
5029
524
2546
4422
7917
1684
194
2657
176
6414
4542
5559
4790
3312
1479
6552
424
7115
5679
6807
813
7084
5943
3226
3845
1854
7851
3914
3070
5159
5457
5894
7500
7733
5787
326
2667
7422
2844
6289
3990
2469
1753
7808
1091
313
691
6279
2585
649
6982
6765
6284
2102
2571
4923
5001
2998
6670
235
1609
2630
6460
7976
2683
4228
6089
4093
1420
341
1392
1388
3985
830
2677
3717
7849
721
7283
4367
388
5781
195
550
4342
4934
4980
5198
5654
5270
7658
4146
3634
5584
1968
2420
5210
7160
6628
2090
2442
4007
7240
6337
7117
7737
6702
5563
1206
1886
6388
6028
5886
446
1517
23
1347
1806
1213
1976
2428
4545
1022
7376
2501
7721
4168
2180
4261
1492
7442
6883
1664
3514
6642
5335
7139
3121
4466
1004
6635
4209
1309
5106
6207
3422
7498
1997
838
5628
186
7838
410
7737
759
4621
6130
1554
838
6659
3638
5065
7425
4629
7932
7232
2917
2536
5211
1479
3909
3310
4497
4171
1280
4594
5969
921
2454
6196
6438
7914
310
3648
5940
6750
4547
7766
7534
942
1087
4608
7048
7144
2290
3315
759
5018
4455
1014
3241
4650
5055
6997
3635
5524
5588
6467
2882
1205
4841
2465
4314
5224
6145
678
7217
4973
6095
7357
4348
4346
4566
7988
6833
7270
6497
2793
1225
932
4151
500
7481
3060
7694
2458
5585
841
4716
4261
5805
5299
1496
4211
4584
1468
2131
5540
4741
3787
459
1028
7472
7311
4861
5999
5650
5725
6197
3383
7561
1165
543
7947
6304
3841
4556
7567
7667
5230
6148
4338
3552
4333
3296
7524
6132
5724
4671
6869
2645
2730
2895
2855
3863
1181
7204
3815
7937
2869
2997
1135
5014
4435
4915
734
4970
2136
6379
7136
6134
200
255
7070
5517
4993
620
4176
6011
2721
6105
6402
6483
4109
4878
3688
64
4038
201
5738
5635
27
5787
917
6398
4269
4321
7948
7752
4114
2873
2093
4305
7980
809
7660
5663
452
4450
1387
419
2399
3666
6845
4095
929
3124
6370
6917
4450
6346
2959
152
3146
5644
5605
7059
1319
1440
5189
4461
7662
993
694
6842
4719
3568
1978
1537
3422
3465
3630
4578
3168
6254
3170
6274
4018
3727
6212
4862
6892
6550
4189
5994
7197
3650
809
6991
7625
4916
7975
2153
3024
1939
7766
6603
2282
2151
2440
2053
4821
540
1279
7304
7911
3301
4324
5488
1743
7102
2264
397
1923
5311
4117
3936
5589
4829
2673
3621
3615
3280
6914
3226
3025
5314
2691
3769
2398
6961
2018
4242
5799
790
2342
4482
6925
4780
2491
7241
3439
430
2114
3563
5887
3014
1801
2629
5884
7602
3894
2595
5453
1862
1541
2615
7760
6585
558
1673
4287
2423
3985
5221
597
6315
4638
2283
5095
7533
7744
7430
5974
605
7495
4628
3574
2925
6610
3825
755
7035
7244
2202
5511
4754
4746
53
137
7658
3094
6910
5285
893
5702
1825
5401
7621
3882
4854
389
101
5220
2203
2888
7302
5819
4310
4753
2295
2091
837
2099
3723
5999
5604
418
752
713
7438
2958
7412
5085
1322
1729
2584
3633
2796
460
1952
7312
332
6103
1285
3685
1787
1387
3268
2951
457
1180
4807
2081
546
5844
4640
5624
1538
6477
5332
5226
3458
4599
6603
643
2203
2897
6021
6398
724
5431
6304
3406
3169
4520
3086
3350
6805
1716
20
2351
7766
3834
2659
1346
5956
712
6989
2824
4942
57
6922
1627
6321
3356
3969
3332
7373
4759
4583
2211
6843
5818
7556
3822
5329
3538
7249
916
5789
347
6231
3806
4308
7560
4039
1370
1956
4046
1870
788
2408
3550
6860
2927
6070
6410
835
745
32
573
5645
2840
7150
1940
6914
4102
6062
2727
6366
526
6214
1884
45
3741
5407
7874
7719
510
1145
5062
4437
7172
3179
1828
5405
6539
4975
6900
4355
3253
4463
5474
3950
407
7426
1377
5320
3727
434
2282
3811
2601
1607
2388
2902
203
31
3162
7124
1696
3563
4110
5020
1125
2182
3261
5211
6004
3414
4642
4882
5874
379
3438
3607
1449
337
5423
5033
929
1651
7421
4129
2735
7467
4691
6528
5577
6629
7583
4766
1200
4637
645
4203
619
6293
6139
189
1972
2984
4735
2604
6250
6892
650
6949
4613
6646
246
4644
6281
4194
93
7312
7380
3208
735
7958
7039
1462
2180
1974
7649
16
7159
3532
2814
82
5664
341
5465
7425
3554
1750
4417
2951
5111
7885
7592
4813
2850
6113
3730
1740
6829
528
3943
5938
5733
6372
141
7887
4255
1146
1716
7223
7870
1174
4398
7500
2578
3096
2596
6693
1369
5912
7180
4024
2787
180
5044
3910
48
1241
3294
4854
5765
2061
2467
6712
7854
5170
3546
4047
2539
3350
4721
4463
1430
7457
7027
3611
1355
1523
2035
7396
556
2522
4889
4430
5924
4816
2160
2474
2782
3217
2581
4280
7855
1270
420
4038
6800
164
2352
400
4399
5782
826
6829
1372
4286
7815
1890
524
911
6133
3890
2524
3434
3819
5843
2355
6413
6717
2117
7833
2600
2819
2421
2675
130
829
3081
1174
1259
6835
2372
1764
7425
2139
6396
154
720
1891
5528
840
6748
6043
874
7072
3771
952
4450
2849
1989
5821
5850
3985
7076
3695
2956
3653
1154
6533
5478
3502
2184
7666
7678
1499
2157
6763
7158
6119
3167
5981
385
5133
7838
6300
2387
3158
5299
5669
983
4566
1682
7603
2985
820
5902
7150
7536
4174
6127
5917
4567
4564
3192
6821
255
4001
5950
933
3859
4035
2086
706
2049
2004
7378
1488
1817
5812
2505
5702
4503
4539
2973
1116
6844
4917
4186
5043
4377
631
3213
6418
3678
7367
7053
4731
1952
3714
4473
6229
2592
1735
7479
7405
6954
580
5307
7904
2003
3778
1594
1263
3664
2347
7821
4192
3888
6580
3277
6185
3716
4357
6215
2059
7628
4813
1829
7817
7597
278
1454
6042
7971
6007
5898
3552
6587
7231
6554
5491
3676
1509
5051
3362
7626
7442
4313
3710
3890
6664
2409
6344
1762
3103
1993
4990
4866
5860
4538
1147
3814
1829
3120
2149
1162
1074
5988
3855
6007
1993
3786
6061
2849
3014
6802
2931
5601
6700
4750
1130
1939
5718
7312
2336
1747
7864
2271
2868
4071
6534
5553
3187
3606
3200
3478
1646
6534
839
2465
5513
2
5517
4735
2105
1345
844
227
3280
4410
4557
7236
7320
5585
7685
5857
4454
4868
3186
6687
670
2645
5686
5177
6351
6945
282
3862
2314
5969
4808
4915
4233
6788
5960
6066
3025
112
3625
2672
4926
5376
6657
7508
7562
7161
5331
6182
4042
4187
5028
4830
4797
6175
579
2718
1510
4090
6050
5055
7192
3271
5377
5373
4904
2957
2707
4913
4466
385
6529
2237
3516
3938
2951
5413
6264
3238
1373
6899
4477
7309
6711
4719
770
600
2930
3156
2167
6988
2747
6142
1746
1158
1351
4192
6694
3470
5367
2500
3383
4865
2080
4089
941
4984
7852
5699
1401
2107
2384
4555
6858
1943
5178
2393
93
7167
7221
1542
3898
7869
1104
658
2266
7105
203
1184
941
1785
6826
2912
3420
2126
7732
689
4275
2243
409
3297
7150
4808
2163
7448
5310
2126
6417
295
2113
7288
3657
1138
6973
2815
25
1490
4480
595
2963
2862
1533
6791
5578
5822
5784
7703
6331
4994
3325
7860
7091
5622
2567
2887
5647
2849
809
2949
4787
4804
4092
3008
3189
6347
1337
255
2126
158
818
7773
3121
4565
6012
4926
1646
1566
7480
3021
4830
2052
1745
7044
5752
4533
4216
1336
856
7437
2748
7634
5085
6482
5463
4301
4766
5189
81
2583
6284
329
1937
4796
6930
5787
1901
6850
7849
932
584
6496
1573
4102
1749
3026
6535
379
7557
5068
5601
671
7091
597
5827
5940
4397
7295
6499
2470
5898
2445
7811
5755
1059
6244
545
4183
424
149
5034
2499
4292
4431
5498
2227
3770
496
13
3168
6834
1615
3536
299
5420
4554
6996
6343
3628
6000
2203
6934
3000
5390
2830
2458
513
3580
4556
7249
4962
1794
5588
4267
891
3195
3869
3459
7669
7312
7061
3940
6895
4154
1634
1156
122
7089
5880
7343
7583
2205
5042
1048
7282
7192
5561
4697
65
3622
5007
4102
1210
3799
7829
5020
5666
6805
6145
1869
4158
1141
3841
3750
1819
2944
3887
6490
3142
5193
4252
4143
3714
839
1578
2874
3162
6655
4422
6408
6833
2405
3890
7312
1784
6688
3010
7267
67
6789
6563
7590
635
2334
4989
5447
4834
4107
3655
7106
2065
4462
1646
1280
2031
1371
4964
1316
557
7468
4131
2116
5281
3423
5309
4538
4910
7390
1779
5055
1698
342
4211
3579
4056
6323
7616
687
5837
7329
4120
1797
2178
1697
5879
5643
4703
3289
4323
1061
703
2502
3876
3343
4815
3689
1671
6072
4702
5994
5803
783
2600
7626
5233
205
974
7832
6597
2051
3627
5593
5021
3673
990
6943
6675
874
121
5760
7454
6066
959
7571
965
1139
7883
1192
7027
3876
6535
5306
2964
5237
931
1757
2456
5452
6046
4162
7964
5020
6025
6354
3055
1182
5890
1408
984
7111
5917
4738
5656
79
5253
3762
4354
3340
2997
7311
6218
6245
4356
290
2777
6748
6949
249
7754
1909
7313
5221
6547
4430
1425
4524
1322
5616
2120
2629
6694
3677
1983
6414
6007
4837
6984
3843
3771
7640
1219
6878
2202
7685
792
1282
7051
5507
4155
7744
6547
1111
7466
3761
561
7484
7691
7949
2955
5626
977
6767
5764
7435
1054
4784
709
4589
1811
1789
1445
3020
5404
4564
1011
2099
5732
3724
7299
7840
4035
1212
5200
4703
6558
3205
7880
6058
4340
3124
2577
6843
2418
2683
700
6704
7133
7253
6374
3252
4330
2488
3956
2848
6380
764
2237
2715
921
7551
4875
567
2428
3135
3954
1435
1414
110
7113
5736
5724
948
1804
7536
4630
1192
6079
6699
6219
6188
3394
3394
5706
1769
3480
6080
4821
6295
1687
82
7372
7841
799
4791
96
5984
2971
394
7157
7106
5348
6136
4398
1878
956
4982
6592
6337
3351
7172
3455
7271
1250
6781
3934
6648
923
5203
4547
2855
4571
970
3349
7745
5570
4861
5665
2989
86
2374
2853
7794
1633
7282
5488
257
7823
4874
4213
7581
3961
4074
962
2111
979
6901
4668
1945
845
5893
3946
11
6139
1017
3686
1338
2504
3091
921
672
2413
116
405
626
5897
2356
1242
2651
5834
4556
848
5518
2229
444
6766
388
2614
2501
5047
6851
6684
3245
1594
1661
6151
7205
7991
4221
953
1106
6009
5029
1743
3116
2161
6332
7227
7352
5185
5687
1557
1006
1810
6415
1280
2541
5719
7988
2314
1836
6431
1632
2518
2360
3286
47
7604
5104
1177
4946
4081
1909
3762
395
7964
1335
2411
6683
7074
1240
2668
1142
2217
6977
2814
2784
6496
856
7672
3750
308
961
392
6828
7789
4359
6289
2883
4313
5301
143
512
625
5677
2119
1051
4207
6845
4361
7043
1733
7377
1962
1366
4541
3581
268
7543
2716
4253
6018
2925
7406
5072
1444
2724
2839
3749
4389
4382
2408
7428
5800
67
486
3419
6830
5489
7559
1774
7479
5391
2636
2295
880
1638
7468
7809
3251
2168
2421
6606
1568
5141
3916
5743
756
2459
4085
1472
4154
421
3139
5961
1687
5983
2214
672
7065
1092
1426
7566
4483
336
2331
5235
3057
1614
2857
2977
7030
3018
599
1695
4887
3818
1007
3262
7624
4656
4717
5640
1623
197
1773
6677
6324
3459
7897
2187
6119
4684
4571
2353
6959
3656
4492
5359
5980
6702
7303
2382
3722
1868
1915
4008
1038
6682
3864
5649
221
5289
48
4345
7257
6028
446
3453
4262
7465
5329
1517
1355
4249
7248
603
3064
7227
2743
5509
3747
3337
6575
5512
5993
1353
2558
3584
199
7742
6915
6765
7315
4876
541
6618
4469
4714
2504
6830
6776
4811
4869
3221
4421
1419
4327
3378
2532
2103
1480
2773
5130
26
7302
2220
2945
1708
7753
1188
5338
2349
2270
5288
2958
4654
4671
4067
5316
3187
1624
4109
2899
4823
495
6727
5809
7428
1533
532
6107
1074
1058
6660
2791
5042
2827
6736
5430
7530
2043
1562
5637
334
4983
6167
7511
3022
1021
6610
7392
499
4523
948
2400
1041
2466
6743
3859
2426
4244
5162
1742
2697
741
5194
4651
4548
2781
2850
4679
6119
2647
5157
1953
5106
3731
665
5934
6184
7135
5191
5757
1267
4949
1457
514
4836
2087
2983
4604
315
1019
3663
6816
4578
6272
1757
782
5256
580
1866
2094
6856
5793
7242
7271
1353
5191
7249
551
3521
4362
987
3751
7783
7661
4286
4124
2744
1744
6080
2382
7903
6018
7590
724
4072
2997
2908
6419
648
4962
5684
6401
1854
5149
344
5599
1137
1669
1388
6580
7514
2491
7684
3800
1452
82
5646
4563
2630
1374
3618
6272
7872
1504
7226
1604
4008
7497
5336
4013
5493
191
5830
6543
5705
3657
2477
1964
7299
1094
1076
2129
3996
7501
1272
6458
296
3044
4043
7930
7575
442
7559
6463
5887
7749
424
2944
7117
5734
3654
3776
5116
7635
4039
6864
2923
4288
4691
3011
1948
1526
7572
7071
5850
4908
1628
6490
3033
2089
7621
4727
190
7640
3374
3405
3359
4588
7755
1453
5782
4618
1344
4890
675
6936
6225
2728
7731
3005
1654
861
2010
4396
5518
7520
6351
6216
1214
4209
5613
4888
4747
1816
2423
5961
3159
3745
4447
4090
6388
4218
7936
7768
6054
5546
4164
7458
5066
2773
3578
212
465
4302
6736
5807
663
7922
6708
3103
3570
1825
7540
1167
2417
1724
7937
3564
706
5593
6052
7254
6702
943
5815
5501
405
90
6606
1040
498
521
1333
4113
2935
2062
3124
4974
5546
6677
6869
5405
5051
2303
6006
6463
2029
2060
2357
883
5209
1888
5358
377
4896
7047
1066
2756
5337
3152
1797
1463
7669
6734
6607
4769
7731
2153
3676
4413
6774
1457
3621
6609
3837
6557
3493
5714
1200
959
3535
4612
5954
3641
6474
5431
6503
3117
5038
7922
4460
37
874
100
6596
4979
2420
6209
4206
3890
208
6798
1867
3461
4929
132
5860
7443
978
305
3587
6617
7029
4983
4610
385
5809
6168
1338
3997
4662
5553
3708
6289
5099
4239
7571
7060
215
28
3954
418
6618
7993
7761
194
4830
7622
6178
851
453
6784
7520
5506
1620
3845
377
6992
1709
2844
2167
3446
3455
4852
6373
2017
3210
7365
844
4349
6452
2651
7332
546
2151
2985
3239
2298
4260
2876
434
1032
3610
6644
2840
4145
5253
6897
7750
4053
1269
669
7584
6967
819
1397
5375
6149
6690
964
4601
6583
5210
2800
5477
7937
5150
5007
594
3051
2585
2474
6727
613
4018
5114
1472
1865
7281
4639
6621
1942
5278
6488
3725
1636
6126
3941
417
847
5011
3267
3205
1435
7850
5545
686
1922
6089
5833
6939
5747
1766
5097
2483
2087
1341
3463
7646
5865
6999
1652
5195
4405
4724
4213
6963
4314
1190
3922
1528
2453
7133
3822
5045
440
6038
6469
7575
3708
109
2092
603
1115
1447
5095
2574
4050
2297
7985
3092
5173
7352
1413
5767
6988
126
7258
2547
