5596
2417
6965
28
3807
4878
5014
2613
4752
5039
2338
4283
2624
2544
4887
389
253
5938
4374
6720
991
3531
6936
2417
6613
6650
4020
276
1294
1985
1530
6354
4136
4992
3605
3205
4697
4798
5196
4997
1446
5086
7296
6744
3035
7443
454
6199
4381
5678
3572
1162
5936
1014
1885
5627
459
7315
1554
5990
1396
672
918
6082
7767
6769
1525
7561
7539
561
283
6329
6418
940
7517
5712
3773
200
5263
3214
2955
6218
6638
5223
3094
7370
7628
3851
6708
2834
2433
4121
2213
7701
598
2593
3640
7702
5524
6163
5397
1306
1902
691
5498
3803
5240
5143
6694
5808
1154
2714
3782
718
2016
1879
1939
5291
5480
3348
4838
6527
2493
2646
997
4911
1704
4937
1428
835
7827
4948
149
1149
1372
7091
7335
586
6881
741
7403
7233
2691
7467
1904
7079
4230
1032
7080
3907
6866
5504
4411
7593
6853
7561
6330
6121
5500
5207
618
6389
7562
7997
651
5080
6465
6418
6942
7926
3493
4945
1690
5344
458
3964
1356
4076
7747
913
4598
1851
3151
5044
1641
4114
2712
7895
669
4908
3953
5174
897
5548
1745
2394
4821
970
534
6373
3498
7181
2662
5570
6407
5271
7590
5130
323
367
221
4331
2984
2485
7752
279
1006
3250
7285
2311
1632
3459
6387
4696
1022
4051
2147
1524
624
7169
1119
3235
1235
1720
479
3131
4243
3869
6172
3473
7238
228
977
1428
8
6868
4452
1853
6414
5308
1232
5075
5341
343
2380
2044
4840
5150
163
4539
5307
7745
35
2430
3905
6488
6254
6858
3589
3627
7248
3635
428
7002
1773
6660
167
2030
7222
7083
5214
6382
3239
75
7541
7309
2808
6226
3986
5112
1239
6419
5722
4517
5348
7632
1423
2202
2079
5485
3302
2597
2372
6505
1056
2349
4155
3108
7003
2853
5659
3035
2999
2532
5557
4498
6581
501
1721
4753
4991
3175
36
6903
3016
7366
1792
4480
4355
5227
7207
2386
6725
3191
7048
848
7000
3599
1988
5350
3989
2235
5706
1731
121
925
6489
7619
4632
7339
6965
5455
5192
972
7126
2947
7141
1373
5098
86
1342
544
2202
2041
2114
2483
6951
3248
5362
3468
6591
2492
419
3218
2423
5964
7103
6451
6357
6089
2893
5583
32
1262
4989
258
6085
4155
4662
3641
7100
7135
7266
4943
2129
98
5700
4573
6403
2360
7237
2711
1163
2776
3788
4006
6154
575
7476
6121
3758
7316
6989
6576
5864
3656
188
5901
408
7477
2768
6359
2074
6192
2191
4417
489
237
2166
5591
4232
2074
1570
1174
2804
547
7724
1500
4466
5106
1819
5949
692
4675
1348
6648
5073
957
4658
1958
2326
5732
4944
1666
4942
5647
4205
1639
7063
964
1096
2597
5532
1829
6931
3798
3134
7439
2511
1769
5504
3357
4383
2985
2798
1426
6830
4099
2251
5581
7332
7326
3145
2088
5198
5794
2671
4440
6154
7541
1375
7988
7379
2537
1039
6246
4933
2219
6292
3858
1845
180
6663
4782
3257
3431
2846
44
4361
3280
4691
6916
4368
3782
355
6905
4832
6120
7551
2675
7145
1932
3396
6210
5126
2450
4553
381
1735
7437
4108
4019
5828
1854
3153
7666
4137
6355
7347
408
6894
6250
7627
2370
3224
1366
2030
5933
7417
4118
5452
4620
7165
2816
3835
922
2795
4983
4237
4377
5508
3529
270
6716
237
5253
6123
461
5992
5001
3068
3229
6951
6889
1438
6234
4027
7567
6411
1100
2781
593
5847
4093
1084
908
7365
4755
746
651
6558
6912
4065
2159
1078
2214
7079
6020
2350
1990
2554
2332
3258
1127
2848
1020
304
2203
4762
3708
6391
3980
3068
3906
5728
4174
2799
6585
2836
2477
1768
7700
1749
6824
6121
4019
2608
3174
1413
5776
5985
7772
4902
6086
4195
640
1086
4616
336
4703
1326
7737
975
6372
3839
7393
5636
6790
531
453
7629
1509
228
6807
4380
6421
2363
6026
2079
7144
6067
6055
890
4388
7754
4000
6433
1318
1056
742
2302
7302
3689
5937
2544
5464
5269
6052
581
179
3112
4497
6836
7274
1127
539
488
3658
1006
5180
28
3879
1679
5848
1052
4357
5932
3093
5449
3904
7687
414
7636
952
7416
377
6051
1320
2797
6694
587
739
7326
4385
230
7973
7993
7441
1015
2067
6195
5817
6042
1721
5458
6252
3177
5482
5038
2549
4408
4804
7512
5679
6467
3090
4254
3617
655
6275
2999
192
7104
7835
4315
3264
6668
7381
6813
931
5687
1748
6968
3618
2259
3196
7902
6931
4769
6791
4305
1375
3978
6293
3642
2405
742
2309
7455
50
1915
7406
7044
2665
6626
242
626
1498
2134
7344
3757
7000
1372
5457
5182
7635
6355
5488
1454
3878
7904
1468
672
382
3213
1494
7103
193
7634
1539
5651
7894
1959
4892
3126
558
2283
4357
7160
3195
1741
3938
113
3775
1520
3756
5434
6861
1201
776
5119
3122
2467
2959
5159
3976
612
5677
5690
4371
4778
4159
2737
2876
2974
3218
7498
2684
4155
4858
4061
2802
7137
7787
3136
54
3601
2435
6377
2167
5784
4331
3126
987
4733
7889
5995
6539
1510
2878
4151
5635
431
4184
5922
5105
2495
7602
579
5076
6355
1770
3961
6834
6703
2344
762
3576
2078
992
4650
4155
834
3039
2951
1332
7824
2533
1916
7475
5069
7059
7288
6748
7466
7995
3034
402
3246
2197
4069
7883
5522
4338
7458
6871
1248
5086
283
893
7344
2062
1456
3086
3902
947
3216
7990
5713
863
6623
5451
7132
1859
6822
4075
1248
7228
7687
3180
1377
3436
6930
7516
7634
5841
3998
7479
317
1222
2303
4765
7674
4496
3692
6050
4882
5002
3513
2845
5124
1222
6554
7294
901
7321
6070
819
69
4041
3218
928
6861
956
4942
5788
1395
4306
4105
4682
5705
4448
7409
7922
239
6145
360
902
2626
2553
7062
2128
2682
5892
1394
619
3937
691
3123
6745
2163
6846
4972
6943
1809
5279
2416
6502
4303
3234
2962
505
6675
2216
2203
2632
303
301
3420
5941
4598
7521
3757
6231
637
7347
4523
2095
5188
2321
366
4375
2845
5144
629
6286
7882
640
2683
1946
3014
1057
7581
6149
2081
993
7586
7912
6841
6884
52
6462
3509
3226
1084
1805
1306
6591
5891
6399
1646
7890
594
5087
1407
7176
5830
516
5982
6642
425
2770
4369
2248
3465
1895
1734
185
479
5583
2423
1478
3893
4661
1418
387
4756
1694
2227
6083
528
6627
269
1222
2562
2779
6604
427
7709
1579
7599
2156
5606
2859
1386
7559
3904
3284
4367
3080
7725
7572
3502
2642
4171
6225
291
4983
2130
5134
465
2436
4921
20
119
6869
2142
1149
96
5819
2158
2281
7409
5345
1513
306
5520
6352
5327
5720
1590
2906
1301
726
1028
1846
6326
5501
3686
2101
6774
4240
3014
1123
4140
393
7484
6165
5037
7900
2711
6004
4421
905
3806
4155
1605
200
7118
6416
5961
3815
5241
3282
1509
645
5064
2236
4441
4457
1353
1888
380
128
7822
2107
4521
4076
3582
7388
1168
5881
4543
5204
7723
7616
7498
6386
7253
4729
1550
4970
1850
3810
783
2597
177
3556
7779
630
5969
6643
1432
751
7760
930
6731
83
7702
3038
5023
5323
3446
4412
2784
3343
5033
7195
2060
6076
4601
2219
2068
6575
6625
6213
3498
2790
4984
3339
5897
7878
588
6815
581
6276
2332
3556
7574
4474
3595
7520
2269
3546
170
2478
3227
5067
2414
6617
2619
6638
4345
3011
1456
921
5201
2265
859
4883
704
6224
3635
4833
572
212
6248
3306
7472
1513
1433
6381
768
2628
236
1756
4122
3437
7978
1773
701
6870
2256
2383
7235
1550
4522
330
1946
1836
965
5123
6788
1895
2364
5605
1775
2916
3803
2454
7282
6794
418
2440
5962
4330
4436
5038
7409
3902
3912
6277
7655
5662
580
1306
3151
6243
1916
2880
2920
6724
7422
4720
5279
807
219
137
4029
7017
1105
7753
5466
1304
4952
1706
1684
7801
147
422
2164
6249
1178
3177
652
1470
505
1989
7128
7490
4366
6884
6252
6377
7302
1889
7719
6765
394
3540
3424
2633
5538
3543
2484
4718
164
2167
7949
3693
3944
5574
4162
2960
521
2946
4896
6756
7491
7122
6959
167
911
5440
5425
1785
6379
7520
7427
2902
2130
1121
5568
7129
6800
4087
231
15
5820
6008
5234
1027
4250
434
5688
6695
3960
5286
1733
7195
2196
5678
801
4062
677
88
4970
3293
3676
3793
7636
7185
205
1684
1133
5416
7803
276
6788
6129
537
4078
5179
2680
4380
1515
7621
5779
1493
5063
3829
5742
4450
3665
6001
1329
6157
6977
5085
6799
6574
5081
2203
6285
6294
2018
1153
5307
7440
7389
476
1409
3499
3805
2899
1078
2218
4183
5951
3177
1706
497
5414
1095
3224
7232
3168
7861
4293
389
6899
6666
955
6089
4434
41
3088
1983
5147
33
3246
6754
2524
3897
833
65
4522
3919
6659
2045
6730
2512
476
3777
3504
7414
6722
1382
2418
6873
6164
551
2459
7629
6465
3456
5041
5379
4213
5520
4512
338
6969
5396
4325
7478
6657
1769
3630
7587
5467
740
2061
401
3763
430
2286
4238
3343
1978
2446
6957
522
6351
4862
7022
7465
1143
1991
4526
1102
755
3312
2588
2071
2212
7056
3707
750
6845
6373
2182
6372
1570
6206
4429
4125
6552
1125
4209
7309
3256
1096
4421
2986
4181
7796
4445
5378
3006
57
935
3667
463
4305
4126
2704
4538
495
4405
1279
3662
7460
6510
7542
2103
4942
5799
2572
6828
6585
1395
969
535
3440
4224
6959
4548
7771
7063
3876
407
5195
6503
2257
5712
81
5826
2534
2864
1061
6331
5606
3097
6693
2119
3758
1699
353
5680
4315
6968
192
4660
4025
4156
7879
199
6199
6266
6763
3367
755
6318
2492
2425
2110
1624
3911
156
3468
1113
6591
7170
7405
985
2113
5310
2886
5040
309
972
241
1226
7219
4775
3139
4981
2899
2398
6795
5498
1113
7141
607
2625
4056
1822
6169
6719
7771
3925
4474
1268
7769
2419
5514
7158
535
3081
646
3846
5638
7412
1402
2581
6874
4205
7286
2943
4621
1954
7707
7663
633
1400
1311
1750
1260
4993
6592
7831
860
7843
7034
74
107
3496
6878
4514
580
5899
4363
2891
5509
6489
6422
6118
4305
3230
4233
5590
3042
7157
6450
6951
5792
587
7471
1665
2141
2399
512
3000
3652
259
2913
4763
4858
1025
5179
3179
3264
5479
6372
7314
6311
2510
4217
5922
3071
5616
1056
4744
5940
4841
1237
3099
458
6519
7655
7532
899
3206
3274
3778
759
1313
6473
815
748
4041
4719
4319
7685
4449
2825
4851
5252
6783
7387
1118
4090
979
75
511
3350
506
3004
10
1807
3249
5747
3732
2938
2184
983
2693
5351
6001
2834
3812
7565
141
903
4258
2155
4455
4219
4179
266
1895
2300
2628
2011
3027
4469
7997
2009
2234
5525
4894
6522
4604
5533
3025
6233
1013
775
1400
7908
7209
3698
6215
3144
740
2830
2568
5127
7568
7007
6220
3344
615
4054
7596
7984
2594
5572
6851
668
2936
4297
6146
5905
6304
5399
6841
127
4909
64
7025
7534
4144
1942
1776
1629
1510
1555
7335
1459
7738
7557
6192
5027
3583
970
1170
6106
2994
5611
2573
3765
2336
5250
4367
1532
2850
2221
7501
2135
4040
1219
6314
2965
1943
1725
5987
1056
4826
1901
4726
1035
4805
6012
4670
3764
2274
7097
3105
5029
2983
7842
7366
7168
2389
7638
262
7297
1771
3904
2898
2245
6056
3829
388
4639
5793
3237
7627
5469
7273
7752
6883
1081
6161
1606
4236
4424
528
7724
3026
2500
4353
3507
4390
7226
1596
3181
3261
4917
6639
6654
362
6232
419
3255
2385
6382
6645
5582
3704
7858
5544
7868
819
7426
5385
1772
7846
5463
6967
2842
198
5871
5258
1115
2237
924
3562
7019
4834
2638
6373
487
4330
4925
2247
4413
5980
1480
6142
7010
4722
6904
7926
2958
3190
2941
429
6076
7073
4784
2008
2601
3818
864
790
2764
3718
4327
2193
7820
7754
3200
825
4111
2319
5958
843
4069
4313
7685
7395
5720
3941
7173
142
4902
953
2184
3872
5263
4665
34
7836
3876
812
2760
6850
800
3057
4925
6833
6280
5998
6732
7069
6303
5957
4973
6763
5899
3991
817
7647
5570
7119
5287
1373
2699
5387
3261
390
4509
1115
2048
4958
5282
6288
1052
3758
6707
3378
7967
4169
7431
2041
1021
2213
2781
2854
1820
4227
2753
5067
1415
715
3017
4081
1487
1152
7162
1322
6950
6335
2467
6708
7647
3574
6565
3076
7175
3116
6517
2475
5740
6132
2846
6340
3553
2009
3975
6753
4111
2539
1518
808
2441
4351
6620
1427
387
1514
4397
5636
2857
3661
523
3485
5401
801
4606
146
170
3439
5946
5725
1254
7637
4135
47
974
5435
4558
2076
1810
1356
2429
1101
2298
4503
6821
7015
3118
5027
5456
1610
2416
388
2149
7757
1335
3616
1293
4891
3646
4136
6403
3637
1864
3603
3265
6063
5325
821
163
1795
2597
7598
7795
307
6328
784
4820
3511
6002
5563
293
2181
48
6178
7759
4197
1579
2702
7751
2222
5540
5813
7138
1793
2253
54
5744
4603
6805
5246
6475
7910
7867
3719
6185
5942
18
5040
2948
330
7723
1731
2846
4337
6112
875
7715
2997
3376
1410
4644
1651
1083
7118
1834
5047
7675
2154
4945
2991
3082
2356
2178
3319
1024
1996
7111
7018
4708
4710
6226
5840
5730
3870
6702
4200
2071
6879
7385
1238
2891
134
5194
6877
7373
902
5964
3370
1701
5797
2505
2732
5499
6953
1089
3907
1341
3922
3106
979
883
912
4253
1189
3868
2955
1691
4386
634
6367
5569
490
5361
2748
2474
3799
4456
3267
6881
4263
6655
1834
1454
4280
5519
5169
7255
2621
7376
1582
7367
3866
2500
2826
7037
7552
2196
4164
782
59
7423
7577
5287
4556
4416
2657
2006
7831
2104
557
7985
2709
7619
3018
7768
7385
199
7719
425
6104
5532
7755
7703
194
5259
1947
1195
5408
3797
3655
4473
958
7282
4547
3417
3389
3784
5555
7124
7166
1504
2042
932
999
398
6733
53
2596
4013
1900
5314
99
3259
7611
7777
1435
469
4360
405
7051
6177
4285
624
3041
1179
6968
4970
7993
174
3641
4762
6963
2884
3533
2910
4766
165
1592
2544
21
5141
5555
3658
1837
6510
2570
1221
7590
5569
3701
4634
6061
2690
4041
1674
7574
4388
6524
629
4753
2782
768
5424
2523
3442
1807
5078
3004
6450
2121
6861
6103
3226
2898
6069
5232
5721
1797
200
5759
4345
5135
7002
4764
7261
5012
2922
33
1463
4682
6241
4726
2784
6166
399
3019
5495
2751
7948
5338
1636
5717
412
5076
5531
2352
2492
5495
4483
7309
4655
4647
466
2329
5589
4353
2996
2498
4779
4326
2509
941
2773
4129
5056
4686
5622
5834
6866
3764
6510
7034
5450
7354
5197
594
153
979
726
7361
3583
293
6972
552
2252
2804
6557
5881
2133
6524
2012
1904
3979
1144
7885
4963
4368
7915
5076
6298
5688
5916
2594
6123
7370
5922
6706
6789
6926
4512
2689
1505
4749
2771
1273
2521
5687
4655
1562
7957
6478
6508
3636
6320
6385
5481
6595
7744
5982
5091
6142
7679
455
295
225
6362
2210
1326
7192
952
6328
4602
2250
4382
2554
4200
3780
83
4562
7344
7256
4267
3463
149
2178
4967
4735
4909
5327
506
2169
460
4107
6856
7386
6846
2535
803
53
285
403
2561
5523
768
5743
3247
6242
688
1246
3458
2774
6227
6298
5682
3264
1107
3885
4606
7846
6922
5217
6045
2346
7165
6400
6594
5937
6253
7895
4332
5589
2424
3903
3126
4418
202
5290
7472
1595
5540
5455
6957
1132
7193
3130
1767
5971
5754
705
420
1227
3156
3887
6734
6729
7299
3946
3935
3595
6000
5698
4768
5891
578
5564
7221
1051
4547
7033
123
1259
5467
2115
5879
1857
2127
2451
4649
6704
310
7550
7829
3628
5155
4819
7315
2352
1638
2891
2182
4079
1634
2466
1648
1883
4725
3703
7116
4129
1958
5027
3500
7211
6205
6736
4324
4588
6081
3533
3042
4632
6319
1698
4284
3602
6542
6823
4283
5565
6633
5633
2740
5056
7846
1843
5650
7558
3029
4418
4524
6441
5941
6943
4954
5010
613
1210
5637
3475
6369
3520
6932
2998
4871
2315
3685
3928
7556
7725
2334
699
3137
6579
1456
4432
6045
5472
4805
1361
3000
2274
3657
5802
6419
4171
5694
6002
2063
1389
1838
1505
4431
2523
6148
2425
7483
1380
4182
2064
4371
897
4772
1620
5367
6356
763
6912
7069
6728
3370
3197
212
5036
7678
2102
2218
6843
7819
5109
2402
231
3407
7791
3845
4310
1339
6550
7821
6440
2097
2027
5788
5459
6057
7286
4632
2277
5758
7689
6284
1634
163
3941
7543
3320
7467
331
4293
7051
1351
7694
578
5960
3184
3872
6911
1947
5479
389
3964
5897
3309
1982
3325
947
7524
5622
2427
4351
1261
5564
6226
2496
6294
5996
1018
804
7675
3284
3913
1967
2512
2510
1142
5022
6416
278
5514
5467
4622
6206
433
6405
3954
7647
268
6184
6836
6262
6030
4766
3877
1111
1822
7601
3479
973
7107
7285
6707
3160
7496
2321
1344
3681
2973
246
3121
1763
2930
6719
5060
1003
1601
579
2109
4307
3156
6878
7768
4185
6663
7903
5223
993
5715
3882
1018
1210
3561
6299
248
1348
2084
3456
2546
7449
5413
823
4681
6351
6575
2430
4279
5782
1039
7495
3859
1215
5829
4179
2312
2663
7372
6554
248
5736
551
2700
4813
269
2965
6068
6457
7740
7942
7847
3347
4082
1650
5536
4930
4589
2412
7493
2547
5844
7222
2210
5963
4700
6832
7516
5140
6644
254
7263
2735
7064
4318
38
7995
5368
5827
3837
7295
1
5433
266
7138
5785
5697
1303
4256
3997
1116
5742
3762
5280
4312
2614
2325
3423
3666
2214
7394
1178
6561
6327
4255
4750
6396
3162
4791
3857
5628
1731
627
6094
5176
3577
4897
2294
5327
5574
68
4488
2126
132
35
613
2173
1707
2763
7148
4564
1599
2139
4748
4923
6440
3028
5673
712
2686
1029
5372
4658
1366
4254
5299
2106
1616
2630
127
1656
3745
6467
843
2065
1731
2672
1149
3896
6930
2186
7314
3673
3255
5805
7174
3499
4472
2853
7153
2402
607
3962
7121
1661
4305
113
6596
1333
5539
4977
242
4590
4149
4506
5605
137
664
6524
2354
4389
7449
7194
6726
6473
1955
275
3348
4210
247
886
1842
3503
1238
4881
5279
2463
6293
1323
6466
1595
6989
6440
7904
95
5672
668
7199
2450
3233
4810
4830
3150
2606
2182
5739
6880
512
3474
7110
3297
1995
4288
2275
219
763
7258
2151
2533
4062
5690
3339
4400
5494
2822
6886
2036
1328
6587
4138
6833
4930
6116
4753
4158
5105
2845
6561
3210
4753
5424
4724
7938
1712
971
2158
1030
7322
6168
4509
441
1481
175
7285
3354
7335
7695
3841
7132
3394
7343
1985
6772
5416
2949
4839
5944
7080
3293
5503
4099
4032
4753
3210
5807
5761
5700
5840
7226
3390
7010
5585
6987
3614
2509
2967
7398
7171
7971
4516
237
5244
5823
1089
479
2492
3131
281
7601
2298
2808
1745
6698
1212
6648
1622
7968
630
3416
6890
1707
3062
3778
7470
3656
596
4224
742
1828
4538
3793
1873
838
86
2762
4612
981
5524
2663
6441
744
3143
1133
7907
6022
2632
5375
2153
5394
3167
7460
1693
1814
952
208
2860
7703
5672
4702
2500
1493
7768
5846
5927
1877
5633
7201
1812
997
3135
5622
3988
103
6237
7835
2086
2754
5528
5313
1742
4842
86
7119
4763
3614
38
1854
4443
2105
7073
4780
461
5290
7516
5619
4403
2197
2208
3347
2504
5259
259
4846
2984
2045
6940
7758
4753
5549
6939
1621
5318
3003
4222
6718
2256
7335
1688
1229
4723
1403
5233
7113
2446
5329
6945
2705
4535
2619
4002
6732
1563
4208
3955
1302
711
2449
4237
5632
1895
1596
1323
579
1819
1604
3527
1122
5008
4380
5185
6435
3186
3195
6689
2228
6698
6374
3025
4313
4804
22
3306
3795
4795
120
7609
1289
5356
941
838
1961
873
6807
150
5593
2679
5551
3498
7472
3915
5716
1454
3530
4989
1654
1134
2161
4354
5077
2317
3012
7414
5840
4493
5910
4572
2031
2173
870
2781
3603
703
3233
5631
4982
1015
7119
6276
3054
4131
435
6823
7018
3683
7622
1922
7835
6394
2728
3118
2646
7545
508
7755
391
1001
6317
2071
4206
1771
1514
1875
1353
2156
885
7784
5799
441
4915
6933
1449
7475
5977
546
2472
6191
3988
4816
3784
1536
1066
5195
6508
5917
1221
2792
5225
1194
2024
5125
7556
666
7760
1563
2196
6106
7532
2817
518
2785
4991
5294
1623
1355
3721
4806
5343
4556
2681
4777
1073
7942
1050
188
3081
3646
594
6898
631
3776
705
2655
5814
6861
6765
6572
7653
6967
5845
2660
7267
5273
2196
1977
2142
3383
1473
2131
773
6766
1258
4099
3061
7111
3510
2711
7709
2600
5925
4724
4710
5255
4043
6317
2126
7518
5571
781
2969
5440
3956
1967
2927
6922
2036
4238
435
1585
2467
4071
6545
2083
1082
2906
7348
4564
6209
7817
7218
2853
7082
4247
6802
3545
821
4098
1024
5112
3938
3870
5400
3966
5061
107
4041
292
106
4154
2534
3744
2305
3261
7146
3202
1054
7057
1934
3052
3694
6786
5349
88
7932
3720
3222
1423
5068
691
3380
4689
2832
1599
2250
7906
7450
5099
6199
2787
1734
5580
2024
2046
2040
1064
6132
3157
1820
2749
4013
2388
3096
5407
2320
7708
533
6922
6501
6133
4295
7331
6550
5625
7575
1750
2410
615
1510
7922
3078
6
6578
7341
3491
3105
2194
7245
2602
623
6658
6233
139
5210
1722
277
283
5612
4100
929
1752
4209
4161
6365
854
2327
7852
2483
2597
6293
7887
7304
4212
5338
2583
706
1730
2826
4547
1032
7834
7857
2031
4391
7331
7328
5727
2739
3216
5818
5314
6257
5395
1387
2668
2982
6238
6110
4856
5093
2058
5021
7026
7124
388
209
7767
3725
6982
2369
1739
6113
5654
1437
5583
6401
4394
3648
6040
6704
7756
1157
1955
1714
411
3457
4824
7848
2535
5236
4227
5026
5654
6302
4920
644
7646
5430
2210
6385
5391
3501
499
4313
1212
3526
2621
3941
1569
6076
4628
1080
1513
5098
4730
5449
7607
7702
912
6011
5937
4735
4228
7779
2370
3028
372
7597
144
4368
3664
2532
4866
1709
2583
3475
1693
6784
5766
3276
7786
615
7602
3867
4630
7037
5984
7405
4139
5846
1727
5999
450
933
2877
7086
790
7850
5858
3661
5346
2146
4054
38
5919
3081
5247
243
7028
3638
4277
7334
7314
905
1637
599
2173
7453
7457
6158
1380
3629
6488
6097
28
528
1260
1034
3275
205
6208
3125
6649
1375
1244
7206
1184
173
3954
4000
1021
6665
5430
5853
6462
3907
3601
6863
7978
4441
2370
174
5972
1736
6858
4032
2294
333
971
7305
2107
1645
7856
5364
5212
4252
105
976
5354
4655
4295
3541
132
632
5656
1129
6738
5134
7308
341
3906
3513
1972
6493
6634
2428
250
340
3588
6962
5500
7509
1501
4817
5328
5238
5325
2756
4506
2153
6817
7248
4167
591
2861
6905
2115
6731
4674
1366
2372
2403
648
2855
6130
7904
4393
6008
3216
7668
4331
3802
7910
2950
5170
588
7106
703
6285
2662
6052
1714
3325
3125
2907
2712
4045
6178
5714
5059
7149
5531
4637
7414
85
4733
14
1805
5499
3106
7083
745
3561
4599
4183
5699
2804
1128
2517
4418
2442
4274
4647
3421
5043
2708
2531
4935
4257
6108
824
343
5740
2707
7278
3786
939
4057
5898
4575
1670
512
2217
2816
7153
4077
4837
3755
2197
3391
6875
6386
3521
1619
893
7380
27
1881
957
790
1342
4625
7802
661
3076
3484
5594
584
3481
4642
2439
465
6763
5784
7529
612
7960
7330
5492
6998
360
2810
6373
2434
2795
5227
6053
5417
665
5616
7043
7824
3711
7208
4515
3418
5942
4173
853
7664
5919
1480
6586
1113
7448
2980
5449
5922
6663
1233
5050
3591
3315
7897
130
548
2742
5958
5373
4844
4271
1948
2739
2413
580
7551
7936
7278
6867
7075
6545
3707
5416
7078
5037
7968
4293
124
5218
269
1367
7702
4179
1388
2156
2418
1359
6891
461
1675
7715
699
3272
6028
1306
7398
3992
3631
2695
4825
278
2057
5190
3027
3158
6067
3673
2513
2818
5801
4743
6161
3085
3050
7743
6990
1736
7367
1506
6810
129
5277
419
1398
319
3337
7913
5930
4200
5946
3403
7955
1403
5129
6431
386
564
2260
6999
2059
614
7003
39
2842
4627
3550
7127
4166
619
1679
6226
1008
6911
1680
2080
2710
6856
1298
3224
1588
7136
3263
483
4407
3942
5097
247
487
7469
4624
6680
5148
3215
348
1829
4724
7170
2619
219
6623
1680
5041
7418
7038
416
1987
4327
7683
7363
2528
2577
3378
1075
1574
5185
1021
5626
2429
5572
3584
5416
5721
4145
6782
4769
1955
3663
6579
2235
3223
3773
1863
4684
1430
3195
3104
3983
2264
3056
4548
5389
5760
3189
6844
3571
2185
5826
6637
3175
2459
7528
186
3531
5128
7768
1364
6871
6399
1121
5035
1033
7005
2673
4394
4787
844
6827
3266
6862
2624
862
1922
2429
290
4948
1635
7894
303
1608
7939
6849
4079
4426
1784
5906
6988
7203
3563
1072
7134
328
7517
5287
789
1006
1837
5829
3931
248
7764
3211
2080
6459
2857
5497
4859
2702
2072
845
3180
2409
5775
6962
6371
1048
53
7215
5202
902
800
2107
2499
6434
3640
3285
5464
3204
126
3776
4129
7640
3637
4001
6261
474
2094
3182
7735
5989
3576
5918
2094
372
1101
5813
6914
6957
2281
1364
6510
4771
905
7278
3742
3029
5799
6198
2521
2628
2179
2613
7280
7867
2210
1457
6020
2478
4432
5405
4290
5869
5072
6003
4103
7250
2002
7046
1104
7671
1963
3489
3712
6193
2525
873
2768
1839
7730
3621
2907
601
6736
442
6420
6474
3631
6936
7209
1537
5139
7907
1163
2664
957
6403
4133
5109
5204
2891
2893
2997
5288
790
1209
5053
5863
2304
1599
6426
1003
6135
4759
7266
2037
4565
3099
7705
4410
4306
7460
3004
3827
1915
1522
4402
4936
7032
3692
3524
7603
7866
4139
1095
7162
427
4032
1647
6293
2111
4715
2472
2406
5770
5334
6166
6552
64
3924
1204
6585
914
5768
525
4344
6028
3629
1240
7357
7596
4622
547
2347
1592
6205
1995
2419
2362
7498
1992
4631
2422
4681
6891
5532
1758
6139
5742
6133
3327
975
544
4541
4789
1606
6426
4434
7596
677
6834
2341
906
7792
6433
7096
2722
3659
2151
5252
2462
5991
6461
2512
2417
7401
6419
249
2908
3027
4402
1556
1119
1955
4852
5464
380
263
710
2288
1493
6311
5573
7154
1409
4264
3466
7385
6622
6501
6991
325
1640
4308
4697
2702
3555
6023
6262
2062
4220
645
4818
5923
2792
4057
6149
4817
1977
7525
1456
5756
6961
7246
6476
7424
4416
1116
3782
6667
5674
6933
1996
4820
4057
2171
6416
86
3210
2064
2521
5028
1835
2777
5169
397
6086
7232
57
7940
2297
4066
1796
6529
2652
6713
2222
1768
884
5196
4969
7057
503
1686
6549
7131
6489
6506
6573
4595
3805
4366
7166
3097
2904
5377
4997
2361
4022
6724
3495
6490
4727
7722
3550
5997
6711
824
4286
4349
5417
7231
2065
4470
6819
839
3901
321
2650
5458
2373
5487
4285
2559
2345
6179
7449
2718
501
954
1863
7725
7374
1668
1802
1325
7360
2399
3776
7106
6372
4279
2736
6556
1203
6724
4912
4130
3572
5313
6377
453
4260
1041
410
2017
221
6693
3695
2760
7111
1517
6128
2283
3378
6775
3406
7161
1095
4682
5445
1399
6285
6735
4732
5532
1849
3238
6717
545
6445
1037
4646
6240
3441
3029
680
7600
4292
4711
3069
5984
2112
1000
3939
3245
2140
7937
5868
6190
3530
2376
661
3784
4160
1146
3179
5631
5378
4534
4370
2826
7856
6342
1670
2257
202
299
1238
6055
4824
5472
4439
5263
2114
6970
1920
2436
7186
5758
7965
3230
7921
2739
1640
6439
2763
5076
822
2269
4482
5686
7418
4828
4551
3474
217
7837
2194
7803
7966
6925
7440
3875
4782
245
3576
6285
414
3268
819
1986
5502
2057
1664
4743
2827
4751
3897
3118
3455
220
1372
1224
5279
1871
1201
5212
5842
2509
6065
1568
7541
4396
1392
1407
7416
6755
7482
347
6527
7155
7109
6542
4625
7284
5066
7914
3276
2784
262
6862
6857
3254
2177
5201
12
7600
7567
3695
881
1981
6692
7771
6511
4546
978
4217
7650
7448
7531
2263
1095
3081
2047
3043
4626
5768
5219
4096
4153
6043
2482
1487
7939
4633
1135
5846
3437
702
4255
4495
337
7149
6889
6452
2919
420
2779
3183
7270
3899
5810
2181
4069
6974
5137
2346
3405
3820
5825
3303
7882
5235
3706
3738
5470
6361
5025
5654
7212
5155
4478
1048
4181
7269
7859
5076
5359
4372
2932
5661
1565
846
7336
7286
2663
487
7053
5964
7497
6388
1247
2179
7634
6640
6846
6943
7644
4473
5249
5798
5956
2938
6516
1330
6118
3350
1480
6239
7764
2435
156
2314
2692
5851
6623
1390
2795
5802
5275
2308
6716
1221
3592
2469
4698
1895
7045
6441
2821
2835
7674
5323
5957
7539
803
4526
7096
214
5188
6461
3081
5398
3219
6334
2349
6388
746
408
3431
4543
3301
7299
1245
4000
7706
472
957
1027
7948
6318
6309
7762
3783
3751
7075
2666
419
4116
5141
7150
818
807
1051
4192
4943
7260
1041
7839
4161
3351
4514
3907
7582
2073
482
6718
7122
5869
4592
4823
2037
7640
6778
2830
5817
949
6065
6466
2015
