1673
4943
7320
346
1684
1209
2454
4666
1424
3733
6305
7859
4027
7661
2349
6088
4012
5415
1225
5847
5022
2938
7251
6919
494
1825
1407
1816
6755
7637
3357
6768
4910
4612
6808
1035
6884
3966
2941
7679
1598
6992
2475
6353
4037
1759
1074
3616
1030
544
5317
52
4920
1719
2795
7069
5441
2179
130
4950
5213
3676
422
1679
3217
871
5305
2233
815
4804
3825
2438
7628
3980
4504
1467
1532
2934
2471
2687
7930
863
3959
7401
3777
4108
2888
5573
6819
6228
7838
2779
1224
680
1173
6167
3265
684
3345
254
844
3241
2061
708
4359
5454
3828
2545
164
1794
6653
7935
1554
7373
2471
7168
7668
1628
4594
6270
6771
701
3077
7621
7033
1922
4358
4196
1671
1830
2659
4528
2874
5970
1782
1085
4685
4497
2530
2581
917
1430
1121
111
7218
364
4026
1862
6129
6043
2835
3272
3880
4438
7879
6214
1559
1963
3439
3066
7528
4700
7064
2150
6794
284
2878
5999
6796
196
961
1527
7617
2826
5013
2671
4695
522
2544
6189
5650
3557
2175
3381
6626
4398
6312
7965
7709
1204
1292
6804
565
3305
5537
1640
4797
2333
3496
881
6214
5042
4720
4278
3613
1715
5182
4088
3824
1636
5922
2136
3354
2566
6412
2312
2035
5816
459
930
1259
238
4415
465
3641
7377
1110
5098
7491
7649
7413
6514
3822
2799
5529
1884
6109
2633
5931
3449
5037
3490
2149
3859
2512
2929
5630
4450
625
3309
3091
1556
1728
2025
5420
4734
5789
747
1132
2126
4209
6845
5272
2284
2321
2341
5246
3960
6890
1856
1486
2134
5348
1612
2090
3293
7926
3328
1656
5632
5927
1807
6153
4418
5668
698
4088
84
4170
3902
1490
7077
1846
5038
7162
808
4566
760
1336
2655
7729
4544
7289
1583
1674
1949
4815
7222
1456
2395
7681
1825
6056
5921
5922
1357
7377
5553
602
387
4821
7160
4307
7593
2766
6077
7797
2804
362
4944
50
3962
2544
6520
1978
5566
2197
7323
7146
3660
237
6146
4981
6008
351
6738
7869
3183
7023
67
2550
3907
7415
5984
798
4531
5940
3819
4002
3875
6262
3928
2463
3234
7556
4260
5435
7103
3557
131
271
4246
2444
1766
4763
6621
803
5813
616
714
4002
2492
5707
827
1750
1993
3366
7432
4094
1865
3323
2843
3199
2800
5092
2288
3323
2049
2776
3865
3796
2890
7552
7226
4241
6152
6501
5903
776
2066
3427
6314
3269
511
4408
2377
4143
6284
6077
6543
2737
2415
4602
3920
2332
5954
3954
6391
4376
1657
7907
3687
467
4929
4771
2489
6040
848
4217
6623
6806
1433
423
5743
2336
4250
953
7073
3542
2855
7396
7705
2000
6891
7149
4743
2807
3753
4113
6874
4643
5710
3014
3181
1009
6564
2787
5829
393
3536
2665
4054
3744
3130
2788
1693
2564
6326
3152
2362
4307
1154
3844
123
293
2044
7000
3960
6770
5010
213
4764
6366
6676
7286
4643
4271
4193
4686
4419
7452
6717
3733
1461
617
3107
2043
6957
2485
4798
5574
2957
1071
3420
2641
1755
1461
6941
7611
4278
5262
3977
969
1251
2275
6390
6897
6447
940
7034
1902
3110
7534
4833
4078
6407
4781
6060
643
6056
6862
1113
1971
4016
1050
7293
3908
1442
5812
3145
5960
3578
1180
2433
2653
3586
2074
7604
7774
4111
4302
2740
4715
7622
892
5395
209
1132
1667
2502
2050
4819
4394
3640
515
5743
5071
4577
892
2313
7533
3456
5783
6452
905
5537
6916
4755
4457
6666
2947
195
5981
7166
2867
5846
5450
3040
5214
6354
330
2448
500
1489
2215
7810
3120
5861
990
6308
5693
7534
1694
2905
170
288
437
2221
4133
7336
4057
5396
1874
7129
1193
3634
6345
7034
5445
6688
830
3353
7340
5350
5402
5353
2364
72
5013
7060
4633
6091
5572
7896
2517
1526
5904
4427
2862
6047
7598
6069
4198
3467
6931
1364
2114
2310
3205
7924
4288
2837
5337
2595
2809
5147
2865
6118
4362
6559
4780
7573
1492
197
3670
7109
7559
5313
4836
4197
4133
4392
4417
4187
7661
4777
5879
4284
2778
2819
2005
6647
3404
2209
2112
347
662
3870
7825
4251
5754
6904
3395
288
6773
7196
4401
1354
998
6917
5072
3542
3008
2271
1720
7415
7995
3038
5335
1388
4216
4872
6537
6879
5184
6529
57
5467
4179
2019
944
3041
102
1110
7606
5119
7103
4188
7561
2263
6247
5676
5892
5228
3277
7554
3869
7468
6851
7064
1344
6160
4354
7895
7379
343
6792
1673
857
2130
4018
2449
3313
656
5706
4057
2471
7139
2524
5355
6398
7107
3081
7162
2753
6265
2663
4074
3228
5802
3203
1451
6144
956
4862
5319
501
6842
7354
1323
1965
2889
3708
3665
581
7722
5344
5260
2732
3476
185
7108
4020
7884
5817
1167
222
5680
7784
5963
2821
6592
5111
709
4086
4206
7175
6530
1609
2765
1688
62
3369
7966
4968
6575
2127
6593
4823
1470
431
3961
7874
186
4947
2323
3649
6681
3455
5278
64
385
3011
3626
4127
285
7437
3911
7775
1495
4759
6148
7422
290
4614
597
5107
2047
817
5290
6949
6147
6719
7349
3382
3830
3060
5593
6331
4010
21
7138
60
3563
6319
3408
7241
4297
3319
4008
6372
893
6919
1117
1339
3009
359
1106
1339
4800
2307
2158
7832
6131
1560
5299
4215
1036
2791
6884
7446
6916
6502
6724
6858
3313
6002
7376
4290
1014
4480
7579
5831
2907
4711
92
437
565
7550
6761
803
2553
5008
24
2005
7576
6333
624
4098
1732
3223
150
417
7870
2525
2387
588
5920
483
2867
6316
4305
2589
4240
5796
3009
7463
6877
2913
7180
7631
1858
3916
6607
284
5758
5811
2718
5860
7771
742
472
7974
3928
7497
4088
2936
6968
3728
6480
590
5
1890
5926
6947
1441
6183
3186
5155
5455
7386
7776
7397
6311
6964
6114
2170
7683
6184
3798
7675
4750
5693
924
6683
1629
1736
3300
7567
949
4054
4401
4513
5576
2045
4888
7370
3346
3158
2635
4168
3214
4651
5438
6143
6839
708
1913
5785
1409
4570
679
3036
3995
4726
3592
2507
1606
7882
3902
5114
6571
6572
957
5451
7703
5939
2798
4223
907
4648
183
4721
3003
5847
7
4001
5983
1844
6830
6217
7855
2973
2877
1481
500
1366
1709
7899
1207
596
6852
865
2230
4247
5578
2807
6188
2204
3263
1257
1549
4633
4202
7559
2678
4538
886
7367
5288
2793
361
5896
4844
5599
6157
7843
2238
5809
7171
5143
671
5356
3259
4907
2622
7258
2404
2854
4875
6823
4692
3565
3089
7864
5708
1614
4729
1045
6254
6903
5448
1672
6139
732
4107
1305
5589
4801
3586
4590
1252
3541
2676
1254
5294
2026
3143
3182
3704
3127
7743
4803
6054
3827
3008
4532
6545
4731
2501
2593
3952
5036
4074
30
1227
7926
5120
7162
3447
6671
7239
6708
8
2613
3873
5180
7369
7337
560
4704
7746
1549
2779
3650
6267
1410
4886
305
6432
2803
1388
6416
7151
7088
2467
2676
4561
1935
2764
3598
3728
136
2112
4864
5603
258
1493
3393
3580
6332
725
1296
968
750
3897
5202
1920
7934
6562
6018
4253
1898
472
7807
4517
6128
1796
469
7162
4191
4938
687
2075
5166
4002
667
732
3906
3655
6421
7472
250
1640
6913
2876
4318
544
4447
5543
6433
5294
4172
5458
7468
4579
2506
6855
152
4350
300
6746
3874
2272
5226
4123
1279
2633
5473
5042
7565
3077
3648
4469
5407
1437
6980
962
5204
4963
3758
4703
3894
3769
5273
5489
3837
5410
5627
1974
540
1047
7075
7880
1600
1899
2488
3488
5987
4330
5858
6421
5183
791
1217
6492
6074
439
2911
619
3949
7092
4318
3111
7432
2762
955
3092
6829
7476
3735
7551
5955
585
7973
5643
4917
70
1368
1287
127
735
2562
7562
3488
741
987
4037
3877
6521
3732
7570
4451
5629
4417
1441
1483
6203
5111
1873
427
2536
2541
3641
5325
2795
6275
7740
3732
3275
5450
7113
2971
6861
3438
6633
5305
503
3235
3611
5375
2549
1683
5811
3736
3700
5948
3444
3703
615
7374
2413
2545
5042
1278
3511
7731
3291
3795
533
7582
3773
7776
7860
3634
3876
6789
722
5914
6341
7324
2966
6593
3840
5734
3484
3443
5270
7554
7386
3429
1142
991
453
568
3071
3421
253
4666
786
7887
5452
3039
5255
7145
880
1407
5085
2297
5579
7206
6393
742
824
6824
7503
2934
4106
3473
3995
4359
7359
2721
4124
7251
2305
6014
2548
2683
4689
3549
3018
2792
5594
349
5506
5697
6061
1195
1725
1593
2747
5811
45
2497
3356
4654
7201
6382
6533
6142
4995
6459
2258
7792
3827
1833
416
3213
4052
95
4493
591
1526
2245
6038
1744
5414
6484
5
6282
4098
3555
7638
6888
858
4716
1910
4100
608
1483
12
5811
1129
7206
5859
3050
7717
2736
7382
5208
491
6958
2910
2408
2347
1099
6338
5377
1290
6773
5020
2300
4351
7617
402
6075
6601
1747
403
5611
3609
234
5414
4436
6209
7973
581
848
7291
5286
5110
5820
7432
6844
7646
6857
3650
5722
6938
7136
87
7521
2559
6292
2017
3791
4247
7157
5945
7009
2472
7444
1519
4991
5041
7018
890
7307
1701
5814
1591
4438
3223
1961
7985
2964
5361
4319
7546
3630
4196
3424
2682
3894
2323
5927
7026
3635
3567
5577
1369
4745
3252
844
7545
2285
2040
4032
7307
6658
3329
3086
4068
4156
4720
2198
7131
6804
6394
4556
3937
3785
539
7449
946
5833
1013
7269
7375
6857
564
4275
6350
1624
7737
1621
96
2365
5503
487
2463
371
6928
7682
6169
6954
519
6463
6064
505
7372
856
3012
4803
420
6074
6733
1534
6831
4402
1460
4018
3060
7121
810
3908
1985
4625
3068
2253
6927
1369
2829
6925
7176
2288
3751
7514
3773
6745
2326
880
1275
6738
115
5257
2378
2511
3559
2324
4596
6875
5094
2402
3081
206
989
5764
584
2054
2930
702
4782
1732
3216
602
5791
986
2865
5834
796
3528
885
2820
7128
677
1300
2511
2893
1308
6952
1309
6694
11
4374
7409
4578
3058
1825
3641
6436
3264
5321
5426
1951
3305
1876
7196
301
7245
2538
3363
2529
7015
5430
4053
5734
1354
5
3718
391
4180
3526
1759
6600
245
2825
4085
6257
2285
7131
1293
3357
1487
3124
6354
1454
7934
6946
4141
5110
1266
1817
1858
3500
4517
3517
3967
234
6251
4045
7691
1746
2438
5413
7582
4367
2928
2436
4061
2090
7089
1541
5243
6484
3164
1601
1713
1431
6924
4065
4608
2108
7830
6253
3736
7472
2710
1898
140
721
2659
6533
3470
4501
6357
254
3448
447
4220
7347
2256
2039
6974
3140
4402
5239
7410
3161
5627
3282
4955
1412
6068
2833
6004
7033
5681
396
6932
5931
1410
3768
2903
5078
1608
4022
6821
5348
1022
4872
2521
7631
7572
5801
6598
1523
7455
1299
3919
6846
271
5277
7614
4027
2237
4843
5494
4544
7224
2940
3877
3366
2225
4778
3658
4666
2760
2526
6398
3279
1380
1435
5989
3166
405
7902
6556
4692
969
1693
7604
2943
7321
4220
5954
6784
1170
6830
383
2196
6818
2168
341
4562
7556
2838
7638
554
6791
907
7650
2854
1435
3209
3376
7351
6604
375
3012
2569
6834
4247
4079
1389
5852
2484
2093
7821
5388
4833
4127
1620
4405
6642
2936
1738
469
3347
6443
3821
3507
3282
2700
2714
2548
7598
2732
780
7911
1905
1361
6839
4528
4654
2150
4572
2674
6541
7362
2402
6692
7829
787
7698
2426
2488
485
7114
3104
6281
7333
542
653
5886
5004
1480
2130
7020
6780
1061
7137
1729
7989
5842
5624
1680
2935
7486
4167
4174
5464
7676
7360
7935
1747
3589
3351
3500
3276
7057
741
6660
7015
4524
1681
473
1206
3368
942
5098
1711
7076
3909
158
455
3179
4605
5798
1622
3122
5328
6391
1150
3100
759
4994
748
7852
3521
2477
3085
4073
5774
6121
1225
1698
5788
6856
4585
7010
3293
5343
1173
253
5635
837
7996
3877
5784
3821
5596
7548
2824
2410
3259
6442
3554
3078
4513
2794
2694
2185
176
3874
5761
7136
6542
5745
6466
1758
1666
977
1875
891
7112
7268
1674
5418
7299
2980
7986
5090
4331
1959
5613
5501
418
2682
428
687
6963
2220
6175
1870
4304
934
771
6951
3841
5845
6290
7694
5593
6790
3640
545
4475
3331
4703
38
3638
3026
1396
1354
7565
2007
1350
2361
757
7625
5158
1174
4332
1921
6663
2441
601
4307
7615
1020
6584
5076
4828
2206
5953
5069
1463
5038
5731
825
918
7330
1260
7341
1420
3578
7261
3402
945
3861
3247
5809
3696
3754
2277
1997
5120
3571
4880
4432
6153
1434
6627
7903
3397
113
5235
5178
3159
4466
6724
4847
7348
7515
4157
798
3447
877
2757
4302
1317
3471
2901
1637
4935
5762
1688
1020
7840
7075
4343
1792
4695
5410
3209
4641
3615
5486
2337
1284
4611
2014
1120
5537
702
2432
6557
6460
389
1943
481
4649
3076
2455
6736
1995
4893
1149
5405
7187
4830
3393
2395
7930
3140
4777
6684
4473
6977
650
2254
648
4689
3995
1163
4065
2471
5743
3887
2790
6335
3764
2848
1732
6290
2609
5128
2638
7696
167
6195
4112
4818
6735
1068
7324
2834
7193
3805
7524
1061
3121
1058
1900
2255
2775
6886
1651
4256
4187
378
4407
2883
5100
6769
426
7603
551
2791
7337
1670
5485
3865
1106
6863
4675
234
2562
3651
6014
5837
3112
3339
2688
6829
1195
5518
1767
2206
4801
3856
231
7499
1641
619
2590
634
7395
6317
3604
7002
5962
3871
7243
6585
5192
6618
3440
1322
6079
4406
6180
6604
5041
1606
5948
1421
2176
4819
2607
3396
2306
7590
2106
1017
4625
735
6171
1292
1720
2439
6719
7578
1909
2383
7932
3490
5433
450
3304
318
485
6764
2920
7913
5668
3602
2788
510
2914
2843
2192
2922
6007
6613
4585
5558
4245
5290
1060
7042
6130
6513
7641
3683
947
2143
6999
2056
7735
6014
7733
7432
3659
6284
1287
643
1534
7253
4438
4809
783
7485
2599
5687
4983
7210
7885
3779
6695
996
5708
3557
6600
5986
5118
7694
5893
402
5065
3455
6288
2610
6146
998
3168
5258
6671
3665
4229
1565
3816
7254
4559
5071
7008
768
3738
7255
6941
4298
2787
3036
6949
4836
1356
5054
7854
5095
5733
5945
7969
7718
1299
2683
5368
3095
4917
1012
537
1633
3307
7572
1267
5068
4359
4327
1752
4786
555
5561
6791
7986
5307
6470
7854
3293
7985
1065
3749
278
5392
1194
7468
3864
2943
7104
2602
5354
1438
3095
1137
5386
5460
883
3013
47
2177
3441
983
6722
5796
3667
935
1201
2049
6391
3393
1963
920
6193
6557
3782
6545
590
3987
6634
1329
5673
1797
6838
1707
7547
6132
2068
302
4735
7875
4022
6075
2396
4412
6949
592
1740
5217
2501
4731
2996
1493
673
6525
3619
1520
6584
3909
7764
4592
2611
792
7406
5454
7006
5038
7781
3287
7306
2999
1440
3355
3672
4267
3989
4746
6798
5492
4016
1156
4809
3076
1699
811
4266
6097
7044
3661
5253
7153
3958
392
4989
2757
6489
449
1173
3466
7227
4581
2013
7956
5830
7225
2831
6044
4794
2069
4152
1465
5206
5571
1209
138
1529
3915
7452
1947
5428
7495
157
5389
7957
5115
5759
2553
5491
5255
6815
1224
4059
6211
613
6320
2187
4041
1167
2487
6046
7783
4264
6343
376
107
1162
1680
2237
5891
2924
3869
3944
5707
4108
2115
6326
7972
5490
3889
2002
2742
3454
7427
7434
7172
1467
5814
6830
6744
7333
6008
5697
898
4077
7012
4716
7185
3744
5017
5517
4254
3823
7410
957
2727
1438
1737
323
4985
1530
2522
5813
4719
623
6425
7313
500
5382
29
761
8000
5302
4828
3061
2648
7658
4816
3221
6894
1235
7113
2102
2322
4605
1563
4145
3683
2796
3733
3186
749
6951
5314
2541
7401
2449
1347
2450
4833
3527
2621
158
4082
1858
1853
4638
3947
2569
485
2006
4964
7399
3326
2789
7742
506
1848
3555
2081
3281
1478
2342
1510
600
3374
4003
1988
4118
4644
7177
2980
7473
4421
7832
620
2486
4527
7749
1274
813
1076
6384
7522
7155
4654
4872
3094
413
4873
7754
4766
609
3328
6817
2307
2067
1100
5106
2373
2145
4682
6819
5578
6260
1276
418
5408
3110
6695
6773
2521
4902
3111
6099
2862
7137
2189
7219
3411
4838
7789
6735
5150
4557
5805
2896
7678
4175
6704
2261
1277
5555
955
2359
3950
1450
6980
679
3000
6218
7656
5017
6149
4337
316
7626
4313
7287
7134
6625
1899
1306
5017
7210
2478
4950
7288
184
3754
6993
7655
5859
7564
4005
2258
6344
3878
6164
4196
1912
3329
6990
457
6487
2820
6260
7509
6947
7446
5848
2851
3371
917
7983
2914
4443
5439
4311
6754
5594
4025
16
5737
7311
6516
6916
1210
7944
2311
286
3174
7402
1485
6014
2321
667
7750
1253
4725
178
2180
2548
3911
5210
617
2650
1988
4091
3082
3020
5659
6767
5726
452
6040
5287
1591
6947
4149
1963
7734
7612
7555
6896
7814
4796
5190
5426
5103
4866
1918
1936
1658
6363
7154
4638
1813
1476
115
5399
4854
6355
3029
348
1020
1131
7176
3619
6328
7201
4350
1653
6612
1952
1382
301
5897
4498
5924
4143
6286
7735
1912
908
630
2163
5272
2411
1036
6627
4392
7623
1661
5248
7590
1003
6746
1752
7240
5312
5083
6732
2559
5339
1045
1010
3486
5766
2717
3888
21
5199
7479
1546
1489
1125
5912
634
2008
7672
3339
5678
4232
5395
2870
4107
5511
391
7664
3591
5179
7422
729
6665
7776
7056
4136
1737
3749
4725
4110
1717
1721
4403
6965
7844
2446
3254
2658
874
7997
1378
872
5864
3795
3285
7049
451
3909
6363
790
7036
3801
6756
2711
949
632
6638
793
7902
3987
7387
4127
7361
4013
972
3167
7901
6589
866
4618
7527
4896
4902
2297
3954
7413
279
4067
2189
7097
6296
2689
7253
4584
1298
5868
4549
2791
7168
5782
5039
3547
6212
2938
6026
835
1263
4020
3431
1353
868
6275
315
3963
5362
3999
2537
7350
965
7980
7928
1538
2289
5310
4091
2561
3539
3591
150
823
7749
737
5946
2675
7962
4755
7197
3095
6449
6783
3654
7604
3244
2812
4356
3290
4927
2403
933
1338
4932
5674
2078
2032
5185
6604
7777
159
321
3186
5415
2745
1032
6735
6921
2412
6527
3359
4981
4207
3519
3549
334
7551
3595
1382
490
4456
3359
3342
779
4478
1912
6458
6751
5094
5117
4473
7188
6791
5213
4468
785
4640
6185
1565
422
2792
2465
7444
3518
429
6147
3357
7153
797
3586
6779
4151
7846
2555
4746
33
889
2667
1106
2711
5928
7509
341
4372
3524
750
5304
6383
1314
6382
6895
6347
7214
5803
263
1748
7744
6621
5682
6523
2684
1991
3750
268
905
3732
3271
1547
1693
6734
2386
2206
3126
204
3509
4884
2877
5678
7998
7116
855
3720
2258
2296
4549
2941
754
4199
3879
142
7863
5995
518
6013
109
1132
24
4242
1249
2870
6642
2875
1141
3807
260
7067
2490
4305
4215
2033
2148
4394
95
7737
6301
6257
4116
6612
2962
4363
4471
4905
1528
1591
3631
2494
7170
638
5521
6424
1113
4441
5741
2297
2966
623
2387
2387
2298
6064
1020
6417
3754
3084
7780
3919
1906
5154
7471
1970
7765
3203
2296
5282
7272
1796
3520
4581
4975
6418
6851
947
3086
3802
5577
1023
193
2807
3591
643
2069
5157
1374
1802
5600
5727
1714
6450
7297
3954
1460
7689
6078
5352
5048
7560
6947
5318
5764
2211
5804
7003
460
3993
5991
1844
295
5334
4497
1964
7095
6137
4029
1307
6289
3434
1880
6924
4953
2419
7783
732
2676
7750
2794
536
6393
6414
923
4867
4364
3909
753
2016
6039
5188
604
1527
696
5803
2600
5145
7189
582
5915
4292
5978
2995
3397
546
5392
1151
2955
6727
7999
5438
6037
7691
4312
1539
598
3457
3074
5771
634
7061
4413
5652
6007
3946
2658
7004
5717
1980
2810
42
3803
2200
1443
5830
6080
4135
3119
4090
6507
1301
231
7931
6493
5706
5801
5082
2279
5213
3603
5034
3457
2283
1
3641
1458
7981
4775
1387
1203
910
5450
544
7405
5536
7101
5551
2905
4199
5642
7340
4830
6063
654
1329
1437
4987
599
1588
901
4470
6466
3638
580
6396
6725
4538
1200
3202
547
3090
3352
1109
7235
2727
2680
2446
1534
4470
5313
6290
7767
5700
5151
7638
2279
2368
6782
5363
2577
493
5664
6134
7569
3693
5476
6480
4522
2527
2950
4693
3308
4269
5142
5644
2552
5560
7601
4467
7936
3296
5359
736
4713
3585
1888
7784
2863
5381
1655
7938
152
1084
4849
5681
5765
665
560
5248
3544
2718
2708
2975
773
6305
1098
6128
5164
3587
7583
2479
2539
6485
3631
1428
6735
1449
1156
432
372
4609
7575
2451
632
5692
2503
4171
4821
4467
3143
4121
5301
4589
7401
910
6619
1996
6626
443
4158
6305
171
3749
3265
1402
3113
2440
5080
2588
7199
6026
2504
1921
3342
6838
499
2981
7051
2565
4769
4649
2046
4380
1799
3187
7719
6486
1920
90
5484
7856
5148
4610
1102
1519
4823
2494
6006
7795
4451
7985
3691
526
4677
6078
4683
2587
5731
7145
551
6539
21
5676
2718
3681
7758
50
1993
1808
48
892
1945
5215
7801
5542
1047
5024
6501
7274
2590
5350
6211
1844
4712
482
108
3466
7805
2282
3422
4954
2396
6981
3420
7208
6008
5390
732
1943
2236
6447
2833
5172
2908
1528
3553
6417
3702
2497
2331
2306
452
3299
1782
3952
5163
7752
3943
3188
3497
3886
3489
5401
3325
4266
5106
7972
4070
159
589
2806
4258
5737
6942
7722
2185
6276
3873
1834
2590
2340
265
7189
4835
7269
3787
2721
563
4271
7233
6788
5650
1946
7361
3337
7571
1692
6997
4237
2387
663
1825
7063
4352
2394
5613
5679
3322
3197
5479
6331
1808
469
1178
7229
604
336
5283
4486
5587
536
4257
4484
4522
2843
7984
3681
163
7341
1944
5501
4540
6868
1190
3517
4235
7935
6007
3307
6232
5259
6721
1287
212
858
2730
4737
6656
7554
2371
6759
2792
6346
7555
2669
3568
5765
7752
2833
4459
1212
476
187
4176
2228
2657
6081
7536
4167
2272
1855
2173
6805
4821
3293
4481
3584
5444
1808
2943
1425
4897
511
3183
668
6706
2643
2451
5441
289
5847
2280
1190
4591
753
4558
5437
929
6602
4638
1173
3394
794
3032
3177
1380
4730
6303
2228
3601
6263
1657
4688
4993
5437
4621
3238
2262
3519
7152
7915
718
5509
652
2340
6628
4805
1559
1635
6316
5880
6514
2487
5902
7073
2626
2061
6663
6963
6918
4379
3682
6845
1353
3162
1640
763
5601
706
5162
2164
3015
6144
7128
6329
282
3079
2369
747
3943
4861
4063
6368
6691
5403
4607
2226
1005
7087
1136
2375
2348
5854
4959
5223
5743
3211
1338
1183
4118
948
1117
1316
1447
5995
1208
7616
2574
4000
7324
6768
3404
529
144
7292
5813
5177
3391
5762
5542
7733
5490
5630
98
2862
916
5617
5418
2346
3711
5299
1429
1406
5129
6535
1199
1235
3843
387
2105
287
1142
7414
2727
6045
3327
7821
5941
883
7415
886
6518
2850
7710
2015
1484
7632
6572
721
6850
2178
5759
2591
7207
3069
4644
5168
7351
5153
5861
7132
4615
1649
4939
3157
6533
7283
4625
815
2822
4038
5522
2505
367
6530
341
11
5680
890
4380
5891
5773
5914
7662
5095
7151
6905
1283
2635
855
4566
4453
4430
3563
7157
4885
4843
1190
2890
5994
1208
2393
6348
7406
1142
563
2392
6033
1969
3750
7677
3556
6831
6859
2518
5457
1001
4180
6993
426
7283
2136
4995
2677
3794
3208
1704
3946
7623
7319
3526
5746
1425
5959
6828
2299
7611
1016
6878
7686
1897
4967
4847
1462
5616
6241
879
1916
5143
6750
6121
2137
4838
4141
5381
3506
3688
4711
3581
3280
3318
2157
4288
4854
114
6720
7315
2386
1729
5209
4075
3182
4200
4010
7715
5774
3208
3535
541
1882
4844
1034
2537
7467
3500
5786
3888
6916
3228
1855
1427
6127
4436
4904
4645
4366
2970
970
745
1076
4200
4151
7176
1926
712
5446
896
5660
3913
5621
1696
3881
3236
5379
203
6371
3639
4410
6021
5965
1902
1616
7295
5023
6674
5869
7029
495
2051
5160
2074
4680
712
598
1976
1138
4837
6278
1993
7366
4678
4862
2611
6764
4556
4085
6909
3075
4063
6363
6981
3489
7169
5976
5168
1268
3009
2937
5202
2847
7758
1264
2910
1408
765
6126
3876
1407
2518
2905
6429
5847
3655
606
6330
3028
11
7072
2828
6797
5290
7827
3848
7251
670
4752
6333
5558
2018
1687
2839
920
7942
1984
5068
1909
2411
6404
3850
5605
6227
6026
5393
1758
3311
6382
1305
2681
7580
6498
5141
3437
4110
4516
5238
5080
2760
7148
3843
5815
6443
5734
3276
4219
6276
1459
4071
7736
1984
6409
4983
6836
401
7056
327
6207
6061
3140
306
1067
4314
1015
7479
4332
1333
3046
4152
7437
1131
6512
3428
3428
1509
6531
5219
6382
711
3510
2407
540
6120
1246
2174
6928
7488
4184
535
7973
2220
5027
3362
7153
4555
4698
5445
1068
5859
4168
4538
4276
6394
2034
800
4530
2217
1452
6115
5306
1505
5957
5291
4155
326
3153
6606
5776
5016
2438
2297
567
1969
744
731
6316
532
5847
7735
4305
2601
1701
2706
7895
6034
2744
3258
203
5689
7240
586
2161
4179
4795
7177
4649
5241
3439
3778
6686
7354
4306
2211
7285
3060
6411
3735
888
2655
6191
2365
3929
3367
2615
5745
7444
3318
7431
3842
3764
3746
3716
1898
2771
3472
5258
450
7936
4127
597
2741
7861
5550
6869
5771
2583
2682
6100
1169
3661
2480
3323
1277
5383
2579
1847
2788
4136
5532
1038
7133
1797
7916
3804
237
730
3666
5499
2046
2121
4941
116
1898
6335
4794
7893
6222
1895
5654
3794
1838
6005
2846
477
129
7424
5412
2119
3929
6565
7537
1895
1386
2985
798
7295
4787
5041
3784
3753
6327
6538
6848
5137
7640
1216
7915
253
4187
6475
2875
7941
7933
7965
4947
7189
3325
788
6341
1073
15
527
1913
6994
4040
5071
1519
7003
6958
3913
713
7801
264
1673
363
1224
5636
4625
7517
6781
1577
5041
5115
1369
1126
6028
4412
2489
1755
3101
2474
3823
1369
7796
5944
7941
5791
2118
811
4029
4728
3060
5753
1919
5645
3674
4067
2479
7414
6371
7217
2377
927
3475
7566
2402
6261
4637
6032
7719
4453
7138
6820
526
4943
277
6804
2559
2861
3003
6249
6064
4566
2008
5552
5169
2496
1997
5585
6135
4271
5355
6816
6322
3724
4157
2157
7047
4152
6512
5712
3099
7358
7095
102
6624
2633
1197
2775
4714
4338
1726
2471
3781
1623
5075
3524
7306
3159
7530
330
1317
7810
7282
502
1930
5985
3911
7007
7617
3149
4920
3495
764
6143
4676
5664
2288
4689
4675
159
975
7600
2425
7099
6119
1161
696
1380
967
1753
3981
684
5466
2925
1304
6708
6487
6153
1629
1169
2724
2237
6604
7499
3638
3351
6359
7272
1259
1100
294
7373
5641
6976
5120
5827
5298
443
4687
171
792
915
6012
3685
3263
2311
7138
851
3476
5601
1278
7048
203
7011
2618
5987
383
7384
3426
1886
4165
601
6438
3988
6299
1812
7120
7911
3621
7775
2631
6430
1411
3498
7977
3567
4920
5291
5667
4232
78
2917
6435
5881
2542
1559
4720
1187
408
7930
3805
475
2507
161
7040
4027
5642
3046
7235
6355
6790
5233
1744
1803
7890
3704
6746
659
7281
7683
3143
73
4378
3490
5701
5158
2392
1197
7986
6427
6667
3765
5112
3296
6510
7963
2681
6711
6713
2086
5487
5820
4892
5960
5927
1436
940
6129
3770
3244
5487
1325
4086
2473
7735
893
3687
3377
1584
6546
7673
4629
3529
2231
4873
970
474
4479
7458
2936
878
2851
1137
7535
1006
6452
7628
4902
1581
2423
3603
6821
3740
5857
4126
5107
4488
2616
307
2627
1441
4697
6391
6616
4982
3899
7365
875
3716
3678
1082
1115
3777
5147
1568
58
6347
6032
2630
1156
4337
7987
7688
5380
5409
2074
4518
1858
298
5315
2357
460
1050
2845
7678
6710
5351
3811
7541
1236
3286
4695
6638
1951
303
7602
7508
3113
6905
2707
7958
4274
775
1155
2860
5687
235
2448
647
1964
7023
7467
5458
3727
5630
349
2519
130
4553
7462
996
3938
3165
1649
6150
7511
3350
189
5663
4727
5674
6879
7073
193
2132
557
4458
805
5288
4465
790
1166
2162
2379
7342
4254
6305
796
6025
6244
6088
7213
3534
5234
2624
4761
3394
1568
3385
3307
7084
6614
2685
7122
3588
2715
447
2141
4986
3066
994
1956
6393
4497
1786
614
6942
4188
3345
2532
5553
3280
3559
352
7986
5596
331
1191
4180
3775
7280
1027
5893
5716
5638
6310
1003
673
6265
6449
6729
5164
1565
6623
5925
4249
5372
1297
5382
262
7061
5985
5280
4755
4395
2259
2292
737
7638
5347
3087
5612
5197
7442
5884
2290
4575
3752
6481
1112
6219
3655
7477
1220
12
1851
4152
5796
5173
489
5213
126
7685
589
4602
5267
5085
1999
1961
686
1258
2191
2306
739
259
6412
7044
3910
3980
6487
6355
4161
6177
4520
6063
6915
7577
1386
6219
1970
3178
108
339
5965
1951
1996
6981
7993
5483
2442
2415
4797
66
2373
1976
6963
3477
2075
7488
4304
6174
2350
3668
2681
4353
3283
6480
5068
7198
2298
1854
675
2884
3629
6389
5700
619
3555
6320
6794
4637
6695
1379
1221
5270
4686
1099
1528
4356
6920
2161
64
4745
5724
2128
3965
4985
2464
3037
