3681
6648
949
6932
7969
5486
5713
302
3133
3587
377
7090
5265
7628
372
650
3632
738
1610
5885
4330
2741
7948
7868
352
6629
5986
4721
2449
2893
6466
7337
6596
106
5244
1098
3781
3676
2485
6569
5124
6633
5911
5259
4041
5040
7136
6144
7039
5118
5300
4293
6601
1834
7330
1191
1426
2862
4662
3876
669
1452
6529
1004
5591
5919
7559
212
6724
1708
433
1765
2997
2380
984
7086
2685
27
4529
3452
1651
7854
843
5202
7184
34
6428
3252
270
6464
4328
5202
2295
5280
5588
5943
2826
4790
154
7541
5491
6848
3126
3628
7763
5074
6288
2138
1167
2025
4416
4162
3162
154
1760
6614
7153
181
5345
3030
18
2648
7962
2680
2624
4012
822
3182
3607
2195
2702
3534
34
3687
5832
6420
1681
7562
3374
2078
7757
7155
7985
2836
5801
7634
2552
2137
4451
5369
6563
5613
7795
3276
4377
1332
6342
3608
5567
6537
4409
6516
2306
5022
73
1683
2155
3055
7424
2842
445
6451
561
7254
7973
5960
597
6892
461
7163
4847
1402
1734
4225
2511
1517
266
827
5598
1769
4309
7819
1233
3221
1046
6415
3707
4827
1046
6371
2598
6528
2557
5390
5011
7653
2397
1661
5537
2189
5737
4838
2008
7355
2171
514
5145
1126
5609
7391
931
4217
5498
357
1909
6708
6057
3188
3485
1282
4730
6245
1200
1430
5684
3432
25
1085
6954
1838
4144
675
4966
5277
3804
2533
535
3917
187
4960
2228
2185
7211
4280
2610
6210
3015
774
1720
465
837
6365
6304
3887
1098
5667
1030
7628
3465
6445
5233
2665
2218
2752
3712
2904
3183
6870
5031
590
4888
1533
4093
6697
345
879
4912
5707
1886
6481
5821
6196
5753
1515
6381
4644
6160
2010
5800
4149
4396
7265
4812
6646
3528
6533
7495
5824
5051
2579
6120
1259
7521
1764
3436
371
1629
5328
2011
7558
3516
3296
3370
3462
5199
4742
1950
1726
7037
7179
4593
984
7527
3889
2278
2264
578
500
2781
396
6628
1670
3853
7344
7157
2175
6452
7017
2784
5
1862
1802
6907
7587
863
7911
2151
1058
5654
7346
1320
6185
7495
5042
2650
3282
7079
6687
4583
2591
7832
969
7677
1177
803
6622
5117
4074
1337
2058
7670
5683
7921
3929
6850
4108
6480
6530
7578
6130
6841
5171
5263
3994
2292
548
5905
5319
7751
1231
3200
5853
3020
5375
7620
1025
1059
2359
5070
6028
4598
4157
492
2754
1448
4690
5746
7144
331
2465
7254
2360
1147
7793
849
6231
1217
7240
6462
627
3872
6554
6754
1250
4495
5369
3595
1016
4475
7471
1282
4257
1067
2420
3196
2876
2831
5674
1074
7953
3729
6297
7887
7305
3106
4911
4917
1522
233
5110
5735
7134
7309
4
7584
4556
4839
7864
1269
6659
7595
502
6233
3738
3606
4276
2436
7282
7172
545
962
288
6113
17
218
821
3110
3764
7252
4959
5869
4086
281
7465
4329
106
282
1498
185
6248
1252
2103
3823
7077
7582
5239
6030
7296
6743
1509
7370
2757
1205
7976
789
3899
2857
272
1163
2947
195
832
6834
2790
2335
1684
4385
7324
5704
4479
6111
3859
2484
4641
7142
662
1886
1632
7411
4791
6825
1838
801
7431
7617
4822
4908
957
2938
5638
673
3816
3400
5129
3394
5024
1655
6192
3455
1626
4950
3436
2263
3511
3282
178
5677
2142
7106
1379
4798
6219
7836
4623
5837
684
3262
3280
1910
1315
4783
7255
200
7903
1427
4187
7397
6381
2991
494
2540
2748
2563
2191
2721
7915
5755
6313
350
1724
6304
2391
1739
3597
4696
4159
5927
2063
7900
6440
45
2949
4440
2691
1063
791
1831
368
1743
2489
190
5587
5684
3546
531
7141
4265
1084
64
6268
6141
647
3256
25
7605
468
7473
6991
2511
5378
7400
4732
4625
2348
2276
5965
5213
847
6394
7142
5886
2665
614
2345
2328
3234
1514
6913
308
5590
6329
2405
5805
2035
1656
4888
343
5256
6309
846
1689
1287
4617
1206
7527
4229
2632
6686
4137
7452
7572
6102
2411
1991
6697
4128
6012
4867
2940
50
1498
5314
7492
3455
2299
3518
3412
2109
3782
1538
960
7007
2396
321
5146
4526
1820
2930
7788
4814
4703
6347
3176
3273
2208
2488
1454
3428
1679
6056
4467
5124
7696
3119
3292
1272
2912
5607
3681
301
4674
7166
791
6887
4642
1041
248
3907
4524
1515
5942
1245
2988
1147
6365
4868
5690
236
1196
823
5466
3717
722
693
615
2012
6831
6552
2210
3077
1078
678
1095
3074
225
7368
4158
5686
1311
6294
6992
6124
5489
5118
1410
2265
3744
6744
7286
3916
1997
5981
3854
5427
1365
1985
6946
3995
6147
4883
2755
6338
122
517
140
5831
3942
4918
4802
7202
2589
1636
7830
5188
1075
7977
4720
6436
1253
2233
7037
158
4089
1291
5197
3007
5133
4291
5807
3294
3128
416
3745
4663
1600
6650
2585
7255
5982
5890
931
6004
1601
2121
6433
1741
6293
5038
2001
6693
380
7152
1671
3591
6453
7203
890
1228
143
5296
7832
6592
790
3923
2110
3065
1943
2657
4529
6609
1295
966
2635
4023
3314
2059
6942
582
6851
1924
3277
7483
3331
2063
2750
7499
4923
1116
7289
3090
7046
4267
3205
2489
2644
6679
6758
4000
798
5142
4964
5992
5789
5176
744
1375
55
1016
5216
1815
913
7126
3052
1620
5136
5025
7816
4875
4729
1277
2359
5638
657
5966
5008
654
6801
6862
7347
5469
6497
3342
4228
1875
1170
7560
579
620
7316
66
331
3588
3479
221
80
46
7393
5450
42
3384
1118
1472
1703
114
3246
7695
6001
3410
7043
3347
758
3912
7553
1341
7033
5249
4797
3309
5256
1316
5241
5662
6769
3494
7471
5950
606
5598
7646
3491
16
1588
1092
3742
1876
325
7703
604
1226
3720
5049
4080
7630
3260
569
3454
541
6937
7381
6704
6110
6742
1581
2910
4322
6455
1437
4017
947
4416
1977
1081
7938
3715
5991
6698
3149
7685
3460
3673
5811
7150
5883
1623
2488
4916
1147
7319
4459
813
5049
6309
4602
5757
371
6153
5667
1538
3069
1392
606
7620
3025
2313
5907
5781
7453
3749
3742
1177
7123
7484
7626
617
7843
5617
6014
5322
510
4550
64
1273
3735
3098
915
5499
5811
5481
1200
381
6863
3867
1538
5407
6603
3152
4419
2460
2044
283
2250
184
621
4018
576
7483
3349
2975
902
4044
7033
6732
6015
4333
1137
3696
5026
1972
235
3574
4375
3881
5213
4325
7056
1720
5767
4683
3055
5345
5949
1840
6372
2527
5423
4768
2482
5477
5192
3599
6068
966
3337
3503
7030
3979
5961
7557
5170
7311
2325
7857
4143
7511
2388
4484
2109
1236
5464
4550
6343
4495
7766
7763
3164
64
1621
545
2626
176
7297
4460
7888
7743
1162
4572
6672
3141
4147
530
5654
3034
7174
5684
567
5299
388
5256
1818
5337
7819
4467
6994
7904
5407
2786
6093
5562
5792
7476
2819
2402
3956
4606
1455
4923
7964
1904
5494
4336
2344
7398
4605
6149
6957
188
4476
4177
3867
2965
3151
1425
869
2165
7027
918
7606
7582
2403
375
7936
2220
5538
6157
2583
232
6365
251
3620
7576
5450
2680
3591
2846
3630
2997
7341
2115
2891
5190
3195
1136
113
800
2064
7458
1456
2869
7760
6025
197
4385
3624
7502
1666
6751
4061
1661
2127
5825
1205
2788
3367
5566
839
1856
1228
6113
5438
2438
3280
4651
6473
2501
1263
1179
1838
4406
5270
4611
3821
5321
3178
5196
328
5961
5035
3090
1047
6518
7210
2113
5704
2503
678
723
5118
3347
4868
3723
2259
2701
7679
2042
4085
2450
7033
1055
5539
7056
2483
3498
7526
6116
987
4697
2723
714
1726
1595
550
4243
144
40
6839
6828
5322
7377
925
2638
7979
5227
7399
7369
4378
1315
4595
3208
5814
1106
3701
5192
4925
4009
2734
3098
5057
6598
7664
7643
4566
5913
6531
2465
6200
7023
4710
6978
1879
452
3248
2033
867
2438
2248
7772
5249
2097
2402
5714
2855
735
871
6036
4325
2338
486
4999
4554
2639
7308
3438
4130
7372
4057
7176
4121
5750
7291
7043
3783
184
3607
737
2700
6485
4338
6228
6338
3972
1151
3468
2773
7874
3949
493
219
5745
3706
5044
4350
273
4850
6164
7537
5383
3792
3270
913
4332
3814
5706
7563
4916
7620
3454
4328
5727
7545
5903
872
7742
3079
4655
5203
3870
590
7300
2981
3547
432
1644
297
2651
6127
5024
2272
5320
7791
2226
1667
7429
390
4809
7839
1797
107
2582
153
7888
2874
4871
7007
7070
7479
2274
6902
244
284
7263
7420
7395
5376
2413
5390
6454
6213
5361
6668
569
4467
7370
4479
5499
6825
5715
6551
6850
5568
2955
4797
5957
4864
45
1406
1821
5234
6384
4398
7465
602
6598
5863
5385
1245
7243
3955
6332
1007
5228
3487
1779
2144
957
1340
136
5048
2991
2591
5109
5985
5972
5628
2690
4269
2450
4539
5440
3695
1731
7813
1707
205
6733
4155
4605
6019
4125
1231
4753
5934
1675
6571
4158
2904
4376
1531
7894
7337
6801
858
4114
2011
638
5492
6227
7007
6397
728
5103
3430
3273
3536
4819
6291
2991
2975
5816
787
3221
1741
7282
7220
889
1978
4939
4609
366
28
1432
2348
6633
1927
6080
4359
1729
4507
2622
1899
2534
480
7233
7595
7439
6546
6431
1655
3285
5084
6762
163
3865
2052
5470
4226
1237
4888
6937
4579
5688
1611
4123
4124
1557
5112
3729
3583
5258
3653
2932
1793
5123
7436
4314
31
901
3427
7808
1784
6123
3838
1939
4951
5170
2467
4725
1433
6896
1900
7047
5038
3863
5104
1995
4320
390
396
7251
4326
6600
5184
4564
5796
5722
4194
5163
3275
524
3297
2564
5049
1935
6092
4927
4930
6653
1996
769
7902
2351
2332
1483
83
4268
350
1883
5287
7055
2407
3005
6388
6985
3493
5615
2161
4876
6155
7493
2040
1160
3137
3051
3365
5500
3018
953
4687
6815
451
6779
4073
2082
7212
652
6596
5296
155
3199
6980
1145
5121
7130
7867
74
5782
600
6755
5739
3861
6976
5025
1043
2636
697
2836
5444
2653
6354
2166
3442
7143
7153
7006
5564
341
4437
590
1465
4692
7353
6819
3465
3840
3166
5382
4450
7597
4364
4262
4031
2659
7723
4174
1864
6237
5725
968
82
5041
6889
2565
3955
7087
4037
4060
297
4066
2538
6380
7259
1989
6054
1087
845
949
1491
4449
6552
3692
5136
3514
4444
6126
7961
1674
4816
6291
6460
7194
5121
7040
3457
3498
7553
5502
5096
2947
7936
1355
6172
4991
4769
7267
2446
5295
7620
998
486
5839
2812
1947
7478
4265
2640
5105
1670
3801
7659
7413
3366
2815
327
717
3261
748
5496
4213
4199
5413
5444
836
1711
632
3561
1312
232
5737
2487
3886
1443
732
6001
5735
3985
7692
5103
1120
2397
4974
7568
6458
3999
5469
2050
3252
2890
4011
1716
603
696
1488
7442
4061
5252
211
1094
4198
7804
1284
7586
1995
58
335
2295
7900
1199
1713
7009
6669
1295
4638
3110
4386
7747
3768
3622
6933
1273
1738
1534
1282
1735
7005
5169
3543
4361
7642
729
7304
872
4984
6650
945
7991
3843
7768
5824
3003
1412
339
1388
874
799
745
4529
4256
7621
5443
1043
7064
923
6684
1944
2570
2916
2667
503
4025
4851
2774
2332
1286
531
2070
6659
3227
5466
4284
1026
3833
838
2024
7114
4161
4196
5653
483
709
2470
4502
4557
2549
5920
459
5524
5263
3100
222
3116
1833
3278
926
6586
576
5340
2910
1053
7683
471
7550
1091
7028
6017
4090
4034
5907
1490
2065
505
1434
1850
3663
6020
5387
869
3867
2002
7988
7723
7901
6934
4350
2777
7410
2036
4441
6074
7050
1373
740
3478
7151
1673
7740
6733
7584
7288
4911
5197
7044
5982
6612
7149
5018
7302
1439
3294
7346
4106
94
3520
808
2865
6761
2617
7826
851
7584
5249
4503
1055
2050
711
3480
6938
904
2470
2039
7233
2933
4580
3062
5482
4542
1285
4716
5148
5706
6535
4437
3863
5307
1625
7999
6357
436
7104
5105
5982
7068
3382
4895
6562
209
5452
507
5971
7842
5593
7612
5907
670
1267
3248
482
2137
7490
5826
7192
4584
4049
72
1448
7308
5527
5283
7445
7275
7670
3282
650
553
5300
6224
5025
3749
4379
4587
3189
1784
3502
2054
4680
2206
5539
5624
5329
6536
4215
2006
6684
1356
2792
1264
5591
7221
208
3006
5595
5742
6591
6130
2130
1493
7497
4366
3073
4035
3493
4957
876
514
7596
575
7261
5633
1485
7534
4031
29
3567
313
5157
7753
5954
3001
2266
7886
4955
4132
1324
5286
7236
1485
3083
111
3403
5991
5140
1698
5372
1890
7450
5566
7455
1312
4718
3911
4007
2090
266
1180
1270
1403
1543
7520
5955
5725
5237
6812
1753
3560
2861
6081
1248
3468
830
1100
4792
1772
3081
7729
6170
4724
3888
1336
3573
4053
2174
1372
2535
649
199
1101
4767
2824
7387
2832
7778
912
5418
4522
121
1867
64
7614
3217
7383
5174
647
5468
2922
3522
1858
1879
7183
708
1154
1288
6555
2212
878
3776
831
1621
2080
3182
1238
2392
755
984
2397
2125
2254
3254
2112
1693
4359
4963
5863
7240
6584
220
3423
7978
1750
325
1256
7745
786
7788
6692
2584
6022
6210
6909
6760
5502
6742
5816
4629
5872
65
1937
1705
388
7710
239
3158
1754
6695
4614
3309
7503
5836
2960
860
1025
731
4939
5798
6463
5504
2564
1620
822
503
4885
3659
7492
1813
4647
2382
6690
6950
4465
2117
7663
1529
1662
3342
3775
4520
1645
940
3921
1429
4895
7318
6110
7376
1587
1954
850
4215
2714
2958
4547
1893
690
4405
4777
3378
7280
754
5926
1645
4121
4948
5345
4665
6445
4504
6171
3140
4910
287
4701
2367
4631
5465
4474
2549
3809
386
2613
7076
2177
2365
4589
1189
2062
7032
3160
4132
3508
466
2818
2803
3939
2504
5442
3199
1425
1348
2618
5564
1771
5827
3569
5856
2091
1377
1361
6183
5767
7944
4078
946
5290
1912
6188
4096
1254
5253
3476
1420
3271
7495
2648
5497
3448
3707
3607
6533
5997
5529
3720
6932
3395
3304
2144
3739
6665
353
480
5350
1758
7252
1994
7671
4663
5551
6175
269
1119
2869
3364
6041
3521
1299
7420
3474
7889
7107
5787
7003
2428
4449
685
2379
7894
6418
6355
1833
5492
2249
6512
1927
1880
1173
5829
2393
5619
5878
239
3459
7363
2652
781
480
5760
2607
7219
6845
6922
3605
190
5946
1155
202
3682
7072
7123
4960
7869
1992
2567
6792
4754
6899
6467
4834
2689
5455
3768
5945
7246
5433
472
3310
192
6297
293
404
2804
5566
4047
4937
5380
1764
1142
6686
7799
374
2722
1215
528
7871
7078
7520
316
1256
6221
5823
6728
4543
6570
7722
5217
3470
1175
4949
138
5015
1395
2312
3968
7851
4874
1101
6718
6645
5458
359
1668
886
211
949
106
812
2100
7856
6159
1692
6063
127
5517
3458
6600
374
7352
4049
1752
2532
4641
1288
825
7249
7653
7531
3016
3126
7253
3223
4626
1264
5384
7650
469
6733
1369
5460
4027
4203
2097
397
2265
1969
6650
744
7240
5500
3126
5820
2546
28
7795
2389
4986
2460
433
1177
7663
554
7286
1169
712
1130
5247
4863
1257
140
1048
2485
2074
3548
1436
1640
3941
1348
3705
3125
7237
4561
3343
6544
4116
7947
2508
564
5092
4134
374
769
6033
3557
1157
3005
2205
6812
4025
3719
952
1531
5401
6799
7800
7538
7222
5128
21
2325
1965
1655
7462
2236
6911
1889
6884
6215
284
1088
4357
775
7427
4071
7204
1985
5488
7502
5662
6265
3083
830
4656
6937
673
5316
2354
7495
6040
3742
621
7115
3643
4408
4336
3602
7977
6913
6416
3370
6236
7726
7647
1304
4715
2474
7644
5729
4838
161
6375
3265
7055
413
2720
4904
6912
3412
3443
4022
1037
777
4044
7073
6913
6322
7831
2962
6468
2731
1843
2865
283
218
3467
7319
2935
7538
2789
3476
6806
6676
1989
2282
1084
4922
80
2989
4074
1649
4491
6956
546
2270
5684
2130
738
1555
537
4822
3581
1652
6543
2645
5928
3877
247
6484
1363
1280
2085
51
1235
4929
5199
3468
3220
5975
931
6743
1522
1865
2343
7025
6868
2414
1119
4399
7386
7411
1768
6752
161
2214
5402
3259
272
4843
7284
2038
7329
1720
953
3270
4790
77
6264
1622
7997
5203
3432
1566
300
1652
2830
6419
3221
4059
2941
4445
262
6131
3067
7736
4061
1006
3174
1521
3543
4031
5443
4041
6061
3728
672
2142
2482
5201
6250
5919
7027
6970
6975
5085
5217
2672
2761
6179
4087
7970
1335
3263
4579
3923
1015
5137
2035
2735
7280
2608
524
4944
3194
3040
407
1195
3799
5357
3566
7378
1246
6459
99
2170
3641
7399
6518
6850
7232
3111
2386
6863
7117
4723
7092
7008
3324
6655
7233
71
3605
3279
2912
420
46
5971
3176
1356
6242
293
1559
5966
497
3163
337
7345
6703
2078
1867
1727
1190
117
2947
7351
3202
6876
6900
26
6520
83
7511
7629
1279
3315
6749
7383
476
4315
3178
7095
1416
4510
1641
2535
285
7633
1825
5131
6354
153
7993
2762
3159
4900
256
5262
3170
2979
1570
213
2021
4403
7665
2759
1444
5061
480
2515
125
5984
10
4061
7960
3000
4889
2200
5716
978
1884
4670
3370
4673
2556
5939
5768
6772
2125
1027
7760
7496
6226
788
5936
2884
1920
3474
7376
7586
3275
3912
1663
3304
4202
956
6997
4518
3485
7748
4004
3134
7399
3372
4474
2881
4766
6120
4667
3087
13
7402
5505
4844
2284
5824
2498
854
5689
4597
1327
4743
5042
2669
4370
3236
2039
4145
6841
2011
5873
1990
4080
3279
4736
6217
2893
578
4862
5103
1291
116
7186
5391
3786
7783
7041
440
3761
3791
3477
3536
2700
5155
7993
809
1627
2045
2919
4380
3910
1072
1992
7001
1447
4728
1888
2917
4825
4475
2396
817
6169
855
2398
3337
5796
1053
4327
3015
6701
2096
7532
4207
5498
7457
1162
3438
1773
2141
3393
7919
3095
7806
7194
4276
2125
5343
4015
4853
1730
7318
1281
2866
7826
7546
3683
3171
1077
6588
1327
1945
2304
2934
6913
7220
5041
7425
4542
3163
973
4878
6311
2610
4129
1903
1630
5074
5422
2876
976
6406
938
1766
7841
893
7208
6262
7910
6366
2323
1314
886
94
4626
1656
1082
2286
6738
880
5226
1239
1413
2290
6909
3433
5061
5578
4838
3616
6801
4548
3533
6390
6882
1676
7251
4437
4458
1968
1934
6372
6476
1526
2703
4450
1011
4515
1026
3066
22
1005
4938
6313
7982
4106
3230
6644
7605
4944
5333
2965
1267
2205
1769
3888
4766
908
7428
7729
6715
4120
888
6566
6323
7037
176
911
6148
1964
7014
2418
5077
1534
4459
5432
3580
2261
160
7270
4516
1996
2250
6357
3130
985
5745
2800
3251
3212
7481
6806
3890
3883
2127
792
2068
377
7283
670
2824
4345
2982
912
407
6222
5820
1129
1908
2716
2184
931
5484
231
3709
7471
5761
3261
7189
1793
7725
4312
6398
4369
593
800
5602
3190
7791
3839
5147
5920
950
638
993
219
201
5517
1843
6956
7400
5661
4460
1847
1808
3241
1113
7731
7108
3804
5538
3136
1717
3485
1471
5714
3487
6180
6557
6420
2774
5740
1506
4990
4530
6939
6944
6400
571
4363
3509
3472
3895
982
4623
6059
5697
3252
244
3794
581
3024
6472
4440
1013
4089
7175
811
2963
7780
4291
3205
1869
1311
7819
5963
2617
6575
2030
4186
7633
1190
7550
469
99
1630
2187
6547
3351
2952
6515
4658
90
6175
2696
7755
5234
3209
1110
7437
7196
5588
4107
4657
6515
1632
5864
676
3339
1446
2103
5757
3882
4850
3946
5569
3943
6708
7546
986
1395
7738
5779
779
6747
1308
3328
7664
6663
5170
1359
191
4339
6946
3545
6543
7795
1210
7197
6445
7546
1877
4654
850
4006
6025
2865
4695
4021
1596
5730
7120
2129
1047
5688
6399
98
7621
3445
5368
7932
2967
5466
3358
6929
4032
3958
922
7217
6377
5833
7597
5981
538
4239
3557
7243
4712
3087
1518
5177
6075
6446
4993
6666
4282
3093
4596
5638
7396
7353
3423
4474
2539
1367
2154
4920
3832
3070
116
4944
2244
1087
1399
6865
3854
6530
7070
295
1536
3090
4489
3924
3093
7353
1756
6156
6851
2903
7967
5454
3410
5347
5760
6728
2543
726
31
4253
4120
1630
3530
6416
1477
3561
5044
1000
7966
2155
6213
3107
546
241
2303
1921
1332
5171
5623
3575
5723
4518
3307
902
1590
788
1818
6226
6830
2141
5175
4283
725
3129
7421
7922
1707
4244
3828
4031
6540
1298
5930
1187
1494
71
6709
3066
2860
6476
5642
2353
3567
5394
7497
901
3706
3162
4377
5282
6075
90
3905
1928
1902
3523
2415
7663
7756
2336
6059
1907
2417
920
1669
5341
3750
6333
1849
207
1571
2272
60
6735
1171
1775
1075
5074
1444
668
2580
3987
3090
6646
5318
858
5118
3050
2270
3075
1013
2320
5440
5575
6950
1216
507
1610
7269
5868
4100
3107
2299
3129
3405
6827
779
2014
2596
4184
3050
5514
2250
679
4447
4110
7318
6912
4984
5862
3481
6257
7562
6682
1711
6592
1966
5536
5978
346
6088
7583
6651
5071
4027
7533
7320
2383
548
3076
1907
5699
3166
7635
2519
2356
5598
7075
6921
974
2262
7812
1621
5777
1432
2238
7863
2663
6005
5369
7540
3530
7165
7645
856
7137
7505
863
7591
6398
3714
2170
7884
1676
7189
5396
7866
847
1069
4302
5009
7155
7256
4930
5153
736
5003
2977
7159
4042
2398
5730
478
6137
1304
7469
1043
6
1091
4596
5738
479
4394
5459
1257
1947
2022
5076
5872
2954
6347
3576
6672
1197
2848
7172
4176
5261
658
2778
224
1833
1805
3923
6322
7641
3077
5704
560
5216
1332
6855
5517
7699
39
7591
312
5657
2237
4619
4073
4034
992
7143
7304
6677
2678
7673
3558
4513
2462
2107
4264
3378
6079
5699
189
7845
14
6045
5608
6756
6651
835
998
4162
1535
1169
2454
3425
3796
3413
5427
17
1514
29
3684
2922
2041
255
897
764
3087
4382
4303
4373
3094
5750
4798
3618
66
4681
4137
952
987
3254
1638
6423
3716
1249
3270
1262
1861
3736
1664
4847
2733
830
6203
6889
3443
801
1796
2239
2244
7218
7702
5875
6006
799
4294
4469
5964
7705
2041
1352
235
5102
31
4740
5818
4566
3795
4313
3420
6658
179
6091
7736
2673
7852
6920
6536
5363
359
144
4726
1376
6429
4841
5171
2333
3295
28
1366
470
2595
7034
3854
5497
325
3470
359
729
5354
5405
5091
3579
7574
7129
4178
4119
2076
3526
2634
738
5934
1685
163
1934
5371
2807
7216
2039
3194
775
4030
1754
3197
1042
775
92
1450
6444
7904
55
1993
3027
1348
4535
3654
6913
4060
105
17
99
5876
304
6317
6479
3761
5025
1799
1297
524
7428
6053
1998
5979
1464
7733
7311
7567
7281
6502
6139
3309
5053
4151
3978
3733
4230
2102
3904
381
2324
2377
4203
340
3105
6859
4118
193
6415
4447
459
6735
1371
7059
5598
997
3275
7950
7765
2605
4542
1653
6921
1244
931
7020
7488
1100
7660
7697
455
225
7186
3604
4117
2265
1450
93
7572
7966
6752
4808
4228
7043
2142
5478
6822
38
2414
892
5239
1992
5726
6636
6133
5050
3397
6487
1016
4622
7893
3054
5258
5893
6614
3823
3229
4423
7231
6352
6826
905
4438
7902
6163
4284
4230
7385
5143
6393
1497
1692
2067
1162
7333
4310
2214
1312
11
3334
4996
1535
2569
7361
1492
2847
4979
6567
5404
7955
5963
6911
2699
2008
254
2211
1520
5509
6266
1716
4143
1635
4317
837
4077
2703
3507
5824
4399
5486
3524
7713
907
7957
6625
7595
999
3331
2462
7192
7424
4140
7761
1305
5207
1260
6861
2280
1061
5452
6532
7986
3874
2704
816
2140
7313
2243
6883
7239
1803
5266
6763
7860
6788
3399
7294
1068
7723
6337
4038
2113
7806
4461
5765
3630
3040
2263
6504
5090
7509
1458
5215
6716
7226
3681
5419
3429
4282
1220
1298
5664
1291
1872
4961
1786
6378
4571
567
6169
6288
4485
3398
4885
667
2100
6697
1480
3079
3627
7798
408
18
5554
482
4532
3147
5226
3372
6030
6870
6309
3968
2326
4488
4222
5860
1699
6895
226
7834
4319
2499
87
389
2828
5099
6091
3689
763
7167
5920
3464
2178
726
1359
29
1164
3727
2680
2158
1622
753
1680
3654
6177
1669
5907
6239
2103
1637
7461
6551
4892
3323
5200
1349
6555
2800
1932
507
7389
5185
7541
2850
7977
3535
7252
3319
2661
4390
5922
2144
4935
3765
2624
3825
158
6418
3210
4715
6572
3461
7308
3551
1985
5561
2153
4669
7781
7505
3965
1575
869
4952
1944
4067
1451
1555
5995
770
3389
4792
7586
5774
7756
1126
1654
3361
6995
3377
2979
6222
936
4557
2949
1255
3756
2473
5653
3980
5926
7886
81
726
2770
962
4621
2911
6195
7824
639
1762
7322
3042
3547
7033
1863
3514
250
7136
2640
2754
1567
106
1369
1910
2914
7737
2656
1383
4711
11
6005
4209
2788
2489
1387
1051
3502
3722
384
2301
5488
7371
1451
6530
4076
6873
855
1367
6804
1274
5486
7780
2845
6512
4659
6385
6489
2548
3440
5246
3212
5427
2136
1583
4898
3198
3073
6995
5502
2171
1340
5237
543
851
7927
2841
1569
3001
4308
3482
4769
6410
56
1254
2374
13
7578
2049
5165
807
1623
2569
4493
81
2438
7177
7329
1909
1729
3091
3230
4976
6460
6639
7824
4533
6527
7699
7343
3472
7673
5885
6854
22
7745
2654
5430
4416
1798
1682
3221
818
638
6977
4331
5207
4289
1347
5562
1619
1627
3326
5053
4526
4556
5796
1803
4305
6077
2341
2541
6660
4988
2529
3519
4917
4544
2530
1454
3200
6051
3087
2865
4865
2503
5075
148
6660
3151
1261
7801
3914
1749
6428
7151
7145
370
4021
5470
5547
7633
1462
7099
5777
7142
5521
2041
2754
3695
613
4922
6175
6049
6580
4868
7341
5965
2931
5547
2463
2114
629
2913
7241
5269
3568
4144
25
5070
3172
549
5388
5850
6238
5141
1086
4772
2349
1859
4211
597
4492
5344
2650
7486
718
6051
1377
6614
4990
7196
3357
3316
4734
2580
2783
4351
4501
613
1181
6810
1644
5543
2056
4663
1873
977
4374
5941
5121
7495
3349
4717
6117
5292
315
3981
4729
2446
7302
6299
3612
1704
6610
7497
7216
3781
1855
1193
1991
7612
2976
2912
443
5648
2029
4307
2084
6453
4224
7471
3791
3744
1615
7582
3004
1226
7437
3642
4208
3339
7703
785
365
5430
4878
7000
3411
150
2630
5058
4283
3284
5299
4230
2871
4027
2702
534
1792
4297
3738
1489
3736
7741
7633
5381
1792
3436
5131
6541
4083
7764
4247
3418
7898
5495
6145
5990
4265
5701
3327
7439
1177
289
5702
4876
4708
1047
4641
3727
6355
7728
3126
4616
4441
1524
2950
5711
1565
4599
5499
2135
1959
7958
6771
5428
5776
6266
1166
1514
5174
2134
6204
4472
2434
6213
5914
93
5670
6854
6857
6888
2684
7280
2327
7183
7173
5564
1239
1307
7070
3204
3409
4034
5148
3765
6071
7223
5343
7122
4767
4542
5822
3884
2953
5197
5966
1757
5313
210
7558
2417
240
3481
2486
7010
3076
6164
2066
1003
7821
850
1867
562
4605
7581
1151
7724
5402
2810
4185
896
705
4006
1520
7620
2315
7366
819
4890
6147
2057
7546
1179
5421
3386
6934
5243
1592
4849
3158
2627
577
1463
5515
6793
3587
4166
5166
7351
2160
837
3976
3711
6342
2790
6640
1445
3846
5811
7147
4566
875
4996
6774
958
990
1548
2047
6710
1810
2881
7421
5538
6968
5028
7099
2703
651
3071
2589
5753
262
6157
6411
4142
7542
4958
4521
4574
2876
4637
6864
7005
1974
6816
7259
631
232
3950
6347
6392
3902
4966
7459
5605
170
5060
3713
554
5637
143
971
4304
6591
1120
527
7216
5106
2938
6309
109
4214
733
1296
2930
5979
2348
1757
4023
92
6158
7318
7088
105
2084
7930
5961
3634
6476
2108
173
4356
5934
7199
100
5957
4621
4847
2382
7825
1962
3915
1292
4914
2982
3940
5532
2487
364
1328
90
4374
4550
6010
369
5608
4705
7997
1289
2836
704
2332
531
3694
3077
925
6533
449
5767
6247
2576
2635
3325
5928
3734
1966
6606
7547
6436
7911
5717
5319
1182
1383
6787
3896
6785
6206
6545
3755
7404
182
4178
5578
7112
2957
304
4255
5033
432
2375
4587
5573
7261
934
7420
4007
733
7877
5494
5340
3987
715
1139
4598
3672
4782
3233
6655
2207
6764
7326
5229
6569
7469
1145
701
7655
1084
7177
6789
485
7800
3942
3451
7075
845
7572
2541
7393
3484
3412
7913
2745
6164
1207
1431
5413
4658
2913
5203
4563
5865
129
5506
821
3412
863
7404
4075
2657
5728
6197
2425
3453
4391
2967
6022
4676
5678
3120
2691
273
3626
2763
3559
4004
487
4127
1629
7015
4266
4241
4707
1332
1513
1027
6703
2029
1471
1394
3842
1644
608
2738
2783
7271
2688
5944
5876
5209
3189
7330
359
7759
3453
855
4446
4704
88
4017
1069
3590
2455
5048
6525
61
143
1416
4266
7264
5818
7832
351
3030
1543
4384
4112
5872
4747
1537
7615
4554
6429
806
7308
5168
2129
2635
1728
7444
1646
5356
5653
2736
1940
6700
2058
3235
3141
1910
263
964
765
1231
442
2240
4810
5224
4360
5844
1452
89
6515
1810
643
7620
6326
4401
4136
419
5018
5068
2864
5962
2323
7278
4662
6663
5189
