6449
2591
935
4113
1540
7840
2840
7512
5124
6220
7844
5811
996
7130
2623
3129
7238
398
3608
6394
3280
2538
7444
7435
3125
6729
3130
2864
3464
4666
3739
3408
2087
5364
2418
2957
1923
3304
7800
5595
835
208
4766
6677
3804
34
7356
115
7589
909
2570
5790
94
647
1249
1865
6977
251
7616
5042
5880
124
143
4236
321
439
2751
7938
4543
4580
2087
7752
6822
1194
1104
758
2175
1879
4581
2304
5903
6156
2992
5546
4396
3217
6494
76
6090
3678
4276
4246
179
5743
6019
4900
4603
213
4336
5984
4033
1415
702
1743
4575
6137
7281
1669
6896
1366
7593
7791
6440
2398
587
3647
4820
1825
3301
2254
1597
2032
2069
5979
1373
6321
5321
2432
2578
2031
7009
4380
1974
6161
5551
1053
4920
1585
769
4384
541
6389
328
6592
7408
1335
3191
1412
4629
2010
1806
3131
7277
5434
3716
5070
4469
6034
3855
2645
1363
4648
6362
4010
2335
5243
871
7645
31
868
4939
4700
2354
7039
7497
1609
3836
2655
2605
2925
681
1990
2129
7627
5565
7315
6376
1821
2322
2903
552
1105
6654
3935
7328
2986
7367
5450
639
5075
5338
574
2931
7859
7369
4176
5890
7771
170
7569
7226
7429
6731
395
1301
5507
1344
1773
1050
2944
6630
256
1827
6926
3582
4392
4094
4540
7348
954
1147
5960
2441
668
3349
4164
6549
4355
505
2125
6253
3147
5951
5448
7938
1652
3361
7092
3790
6014
4008
411
6627
385
3770
522
1621
6555
1841
7899
751
6420
1841
5663
5174
7759
3106
1596
458
7698
6252
3027
1672
1347
5849
2990
7641
7765
7040
7268
4333
5878
4385
4624
2668
7244
2977
6449
94
7276
544
4406
4078
5773
4281
1032
5035
1094
4179
2601
1020
7043
1446
1342
5632
2925
3078
7641
3636
3254
655
4820
599
1852
3415
4116
4527
1783
1576
2895
7568
5093
6869
3142
144
3738
1961
1638
2707
6766
4508
1263
174
6710
4510
1702
4601
5796
1461
7485
4242
496
2940
1386
6586
3723
3514
3318
1272
5222
2006
2866
1860
3719
6785
292
2585
3410
1833
1962
2282
3997
6775
2327
2002
7600
4505
2506
5413
4991
4973
7658
6925
5326
5712
2686
3819
2266
1810
1091
3996
3924
7403
4155
4028
680
3805
1054
4622
5276
6966
5230
4990
1172
5255
7720
255
613
5364
6347
7477
4021
5314
3506
7058
5947
6099
2994
5011
4659
5398
2053
7065
470
4203
7160
6124
2181
2913
1387
2639
2542
4881
6437
1575
4735
4045
4728
3902
386
2896
1474
6386
3465
4393
1004
4556
3534
1038
7330
7994
7493
3156
1735
6859
6317
736
3377
3679
1545
3925
4195
4373
4252
59
227
198
5477
3794
7844
7783
645
5398
6780
5234
7277
6938
6142
5684
2694
3823
6592
5275
7104
3030
1038
2091
4867
3041
734
3500
288
3819
4005
2465
5066
1795
3015
6845
3291
2887
2304
6125
6646
897
6763
2879
3867
4000
7373
2749
1298
4768
7841
4564
5936
3478
7288
2160
518
6724
67
6002
7155
5678
7421
2857
1055
1189
5237
4819
3424
7341
6412
3294
7627
7130
5318
5346
644
382
364
105
2292
4006
343
929
4559
384
3238
2623
1206
6425
1516
6198
949
6072
1675
2070
1680
6349
5442
2476
3348
2548
2178
369
4446
5625
34
878
429
575
1205
7883
6447
3299
6131
1986
6034
2690
5534
3823
1322
4247
6849
2468
219
5025
1036
6084
6832
1014
7777
3896
7940
3831
2108
777
7130
4486
5725
4943
6378
42
2017
4589
2070
4107
3887
4007
7840
1264
7871
1880
4092
1423
3319
4748
2168
4949
3957
7216
7386
6002
2765
5019
3674
1438
1320
831
5889
6546
7282
4722
6952
855
3037
6846
6879
4822
73
5776
7929
2506
3780
6908
845
5700
3297
3275
6863
7850
6019
2538
6926
5405
6676
4159
5408
6574
1137
2605
5391
887
5664
803
3550
2607
5886
762
34
7062
2891
4284
6334
3198
7234
4093
672
6779
1978
3229
1369
6703
278
4945
6186
1710
6047
7079
1476
6110
1418
5154
2821
2269
3430
4836
5679
4721
5209
205
123
5848
4940
2612
6454
7018
7159
5937
4651
3754
4049
519
1854
7271
3468
1861
5509
7345
5292
7520
2941
503
450
5277
7469
4768
1275
7201
1268
6622
4272
650
2455
5020
1578
4096
6784
1162
442
5295
3150
2515
7141
4674
7854
7722
6727
2382
1261
4732
4636
7229
2840
1542
2309
3832
113
5392
615
2655
7440
3179
1532
6288
7005
234
3502
6869
4138
4406
5010
6451
5379
6600
4879
5310
6651
2056
3104
361
4838
4905
4550
1179
3038
1725
3742
6267
2877
7831
5743
3481
2385
3296
167
2215
5798
6160
1394
400
725
4901
5333
1378
2254
3536
6387
7382
354
5521
1187
3180
6564
7605
2865
3249
1727
5005
445
1703
2428
5206
5731
2433
4429
4670
6920
3458
1557
3588
4444
2627
3568
6286
7485
6676
1602
4567
5628
4910
311
681
1375
7144
5411
6294
4160
576
7961
2187
6130
1474
5921
1421
4220
4838
5402
407
2386
4957
6785
2971
5051
6902
968
3344
6660
2510
4246
1204
342
1413
5785
5539
6851
4197
4289
1053
528
3812
6937
5956
4452
6835
3633
1922
3318
3705
5758
1406
7474
2645
5380
2984
6342
1384
2518
3301
4353
4948
5864
7653
3828
4725
7886
6011
5633
4994
7904
6143
2487
3848
7655
490
3443
7873
6488
7750
7298
620
4516
5616
6416
1764
5831
5310
4818
6269
4423
1683
6177
7099
2156
161
6136
3000
521
5961
7313
4456
5984
1822
1357
1790
2642
7809
3704
2884
7146
1557
4338
3529
3301
826
5434
2335
1646
7879
1307
6809
883
2616
3527
2495
4399
2374
2768
4968
5590
5076
4293
233
3232
721
3657
1053
5669
3020
4819
3463
3319
1109
338
109
275
6249
3314
6599
5570
419
436
5273
6433
2219
6937
2195
5907
5288
5118
2876
7975
1119
2981
5755
5570
6528
4432
1388
1635
676
5677
1768
3726
536
283
1766
3291
3686
235
2361
6135
939
4086
335
7528
3231
1768
7664
922
2435
7465
5264
7227
5507
1218
306
4710
7431
714
2590
4594
5624
4962
4056
923
144
7943
7932
6437
1530
7999
5861
1177
4632
4942
1928
6776
6408
5190
7095
7641
782
7274
2938
215
1839
4379
115
5206
6738
3128
896
7243
6710
6061
3719
1269
1432
6818
813
3113
7812
3104
3756
4330
5404
5974
4474
7100
5995
776
5303
1692
2999
6739
3382
5338
2279
5428
2867
797
6921
5211
3502
3615
6349
4592
7116
7037
5748
4507
6029
2969
7131
7324
551
2320
7735
4999
6941
3307
5540
3677
1912
188
5839
4608
3377
568
3932
3205
4377
7928
4278
4751
3996
3101
4639
969
5345
7123
3526
1337
1239
4826
7777
2297
7176
4272
6893
4216
113
2270
3443
1887
1319
5536
370
3827
1849
3613
589
7537
3272
5884
2294
6502
6073
7925
909
1470
2070
77
7155
5138
7188
3691
1117
4255
4061
5381
6858
311
4910
1630
2866
4868
6083
92
6242
6301
5299
862
7742
4241
4553
7325
3795
5416
6370
6103
405
3413
2466
5981
6668
6826
7534
2372
1842
485
2742
5641
6229
5522
3005
489
6925
671
4042
7250
2960
1658
3195
491
1331
7412
3256
7250
1192
7004
2241
4337
1762
801
865
3487
7715
6853
7023
1283
2745
1663
5159
6244
7530
5802
3940
2950
2821
4387
7815
2423
6592
7294
5675
718
4931
3900
5939
3777
1172
3202
5641
3606
5552
3496
3531
7973
4863
1670
6179
1944
5998
2602
5675
2834
3960
7575
5199
2544
5366
2996
7143
60
5087
1773
3873
6529
6640
5369
473
7317
6111
2328
6413
5015
7328
2244
2387
187
3657
2796
7067
2158
2651
5089
2789
7739
482
7924
2057
1009
7608
2662
2850
374
5381
3966
875
7405
499
5380
4095
4676
3819
4216
805
1219
5389
402
5167
2727
3956
5677
3479
378
7692
7193
6583
4744
5163
6408
3172
6402
1616
1899
5603
1277
7426
3913
7087
2506
5377
3075
6156
5630
2404
4974
3676
4382
483
5622
5969
1296
1074
7181
7982
1588
388
4972
4756
331
3104
5567
2500
7831
3052
4356
7777
4866
4188
3125
3577
7597
3615
218
6702
2092
4537
4405
1128
6276
7257
7195
7947
300
5421
2258
7523
2352
2183
5121
7606
5931
5721
6768
4375
6398
1717
1854
7326
7734
1617
4614
1646
3308
6940
2472
7504
2166
5049
991
4013
4555
4054
7646
4495
7738
2086
5851
6106
4304
7005
816
4832
6792
583
6999
4363
5685
6600
2665
6208
6581
6814
4569
3410
4418
6950
5679
3088
325
2001
1034
2179
1635
1242
6537
1336
4953
4496
7436
4571
4424
3733
7138
6727
7261
2600
3496
1435
2712
1338
5550
3342
6055
7858
103
5880
77
647
7200
2682
3255
6578
5133
4702
1570
7789
5869
342
3746
2698
7436
7858
7543
6368
3096
995
3131
5522
6039
5844
4686
6828
3245
470
6503
7982
6287
429
3097
2984
3212
907
575
4832
1758
3482
6073
6232
1688
7067
3734
6642
186
1298
2218
7424
6692
648
5401
1561
6581
2509
5906
6462
6482
7381
202
7376
3328
3650
7077
3387
1113
933
3042
4945
6741
4027
461
2800
2178
2096
4433
646
6993
969
4067
104
7877
5408
2921
5896
2104
4462
7996
1539
7709
4848
56
7517
955
3742
4331
59
1046
5131
5894
2509
6097
6350
5560
901
3732
519
3050
7565
1423
6363
2954
5918
2740
2968
4585
2626
7875
1944
5025
4244
4955
7806
7860
2917
6653
4931
2180
1365
7164
231
309
4105
6020
6266
1234
6727
6203
3738
5175
141
7882
1430
1049
5151
6643
3117
6551
4437
4696
109
1710
1461
2521
4533
5938
6344
1334
2728
3777
2880
4229
1110
5708
273
783
2297
1117
4660
746
1046
4467
3178
7281
141
4049
3395
2456
13
3036
4467
2188
4591
7796
7665
2929
7760
776
905
4933
4844
3633
4849
1326
579
447
1146
4369
7851
4557
3058
5120
6596
7349
1210
6290
3838
4387
1927
6801
2926
6205
6112
4729
6827
6877
4794
7395
5569
3470
410
1839
5433
6323
4176
5791
3201
4747
999
5623
5791
7518
3306
4908
5907
1650
2954
3324
3684
2040
4000
5530
3928
7262
7337
90
7662
7415
694
592
3267
5391
3035
7813
5556
5179
6364
6570
6744
2750
6701
6085
7521
4199
434
4904
4620
170
7151
6521
2475
4920
6224
5185
7264
6531
6478
3236
2846
6719
6212
5525
3668
7034
5423
3006
2501
6924
1350
3114
7668
7009
118
7209
5923
5182
1416
6099
3050
949
1288
3743
2748
528
2028
252
4579
3753
5177
5536
3771
4387
7412
7487
7698
3926
283
7571
2817
5564
6329
5786
7821
4564
2725
4948
1063
7091
2504
1630
6530
4413
6870
2811
826
676
1376
6929
637
6201
7561
5071
4037
3835
5310
3302
5031
7836
7936
4452
4282
5914
7143
947
7127
868
1537
328
7828
7627
4694
5122
4273
7359
5279
7408
3371
382
1000
6830
4917
6307
2044
16
5142
4807
7735
2216
3717
5567
1555
2292
5062
4424
7971
7800
3651
2747
521
5331
7030
6138
3490
3729
1517
2725
104
4617
4776
5968
409
4547
1545
5032
2261
4221
1246
6159
1563
846
4698
4413
429
7628
5301
981
2408
3182
1557
7152
189
361
5253
1559
3780
6345
6504
6542
5701
6423
2378
7572
4042
6784
7728
132
6765
95
4761
492
3609
1962
4987
3451
4510
6579
593
1349
4713
1492
6679
5201
576
5073
3358
6493
381
4372
6680
4856
2568
7525
4972
7287
5964
853
559
4918
1773
2864
6786
2431
4007
5111
2807
1366
2155
5155
3708
409
523
7416
733
7477
5337
4960
1429
4626
5736
4015
6261
7882
3677
3855
2814
6644
3677
1229
6822
3629
5249
1787
6729
3100
2032
1460
992
1777
2928
1073
4438
2122
759
3225
518
2659
4703
39
2173
6863
1669
751
4479
2159
694
6840
4171
2878
4667
4100
1769
451
411
7246
4441
1131
966
2601
3159
3299
1652
5630
1218
3580
3843
4611
3154
3832
4101
6281
4727
3937
6762
3218
5231
3484
7866
7933
4623
7630
7160
5605
7896
3444
40
3189
2001
5790
3555
5100
4125
3944
2500
3388
2508
2082
5484
6987
7565
393
7307
3936
361
4787
3312
1630
3127
4647
1275
1739
4551
1058
4262
1470
5211
6049
6554
7631
7370
3802
7505
7834
12
4478
5892
868
5184
6491
3346
2001
2225
3966
509
3611
3310
1986
5559
5387
1780
6234
1470
1508
5762
7842
1391
2153
1520
1256
1939
363
2248
5620
5637
2763
1250
7364
5381
3892
6024
4241
4552
1301
1819
3874
3293
7932
2912
5471
5226
6403
7799
7903
3970
309
5643
5733
3471
7735
6653
5936
6994
441
1603
1689
3317
1080
5451
1164
1951
1538
5902
743
2909
2976
3977
6362
145
2657
6597
5446
3512
6751
4215
6531
3405
3622
4099
6956
4825
297
1851
537
2072
6382
207
5165
7457
2898
7936
7831
4455
775
7366
7291
53
4971
6317
6916
7338
1637
212
1684
5171
2139
2563
6378
6448
2716
1550
2805
2508
551
4091
2371
4734
1377
7519
4298
813
7268
1719
6301
7310
2406
5263
820
7460
6687
5553
2112
3159
4260
829
6849
5689
6043
3048
3541
5391
4292
5073
1131
3529
7610
3164
1008
5692
4130
1621
4299
3562
2202
3585
4973
4168
5158
7120
7538
5874
5507
7721
3594
7734
3752
6996
2413
4561
6697
6186
7714
457
471
5492
191
3419
3983
5263
1846
6909
1473
2337
7782
442
258
2318
7499
2089
278
5281
7141
6528
1243
284
7103
1551
1810
840
2138
6195
5446
5954
7635
2424
1812
3956
255
7628
6956
900
993
4926
5603
1399
6133
4065
4409
1504
6156
5539
5288
4411
3885
7722
3472
2004
2256
6496
6714
3512
423
809
7489
4346
2062
2731
3855
1011
2891
7825
2046
4289
5298
7533
546
3419
7677
2604
1654
549
4866
1643
5520
3412
7162
6317
6879
5947
1647
3582
6889
2413
1119
5104
3360
2056
7714
4586
2876
209
27
944
6997
6592
2597
894
772
6720
4497
666
6392
2826
3244
553
2238
7995
2205
2943
1960
2874
539
3662
7052
3168
4030
6034
5184
1144
6331
4572
2150
3430
3224
5154
3362
6157
2230
2289
6579
569
5975
1188
4027
5392
171
450
3326
7663
7794
2706
2499
401
5386
4361
661
1736
4331
2020
7013
1181
514
6792
3601
4826
1910
1198
461
4112
7013
4544
5445
415
2936
2549
1668
4249
4895
7938
1050
2085
4368
3181
1420
576
2871
7533
6611
2852
7185
584
3440
1959
6844
4804
5273
7582
5419
4916
6784
7590
1088
4728
2148
3464
2926
3578
2524
6734
1056
3532
147
5824
3416
3083
6131
5924
915
7389
2952
847
2007
5814
3438
7996
4753
2242
2942
7279
7529
2547
7237
614
4043
3721
3937
610
7496
5018
5078
686
6746
1972
3470
5061
5781
3019
3452
5152
653
6484
6782
4225
4706
7360
1321
6637
2970
1426
3518
1064
4628
7337
2674
6203
3503
424
5482
5363
7319
6502
7761
3858
5286
6130
6696
4698
7897
742
4366
6501
1053
212
1097
187
6298
924
1095
1434
5937
2174
689
478
316
6941
502
48
4342
7825
584
2182
2258
1175
1132
7331
1310
3344
618
4749
1944
3006
5867
391
4485
3275
4601
7762
5222
4703
3696
3329
7568
2919
4439
2614
1127
1025
4958
6253
4244
5023
2581
7689
496
1654
4747
2675
6443
395
7043
5222
2469
6768
5032
2721
616
7617
4194
3931
6077
2905
723
6026
4070
2220
7989
4112
3849
6077
4779
4909
3066
3547
1356
4912
6168
4756
7707
3307
2096
3180
5243
5568
3598
5388
303
5988
2697
6951
3184
4169
1764
5227
6
2032
5304
1831
1590
3858
5261
836
7570
1025
7520
3468
1229
457
1779
4677
6390
379
6940
2002
4490
1179
6359
3704
7284
5360
4912
7260
6910
4130
76
309
4662
3519
5815
7722
5631
5760
4776
2525
1661
1140
6586
4867
130
1068
3828
937
319
4842
1916
2833
7224
1226
59
1504
267
4232
7925
4064
4349
2624
971
4994
6999
12
2059
1717
4707
1282
2609
24
1128
659
1471
7918
1263
3821
1021
2449
3082
3240
6701
7003
4634
6455
1780
17
801
641
5637
6249
2307
5699
7124
3392
2883
5438
1709
1055
1627
4843
3599
832
2192
3890
6824
2088
346
2658
2491
675
5086
7134
7725
1041
390
1856
2678
4695
6176
2272
5739
6827
1978
7363
6453
521
5868
223
796
4367
6640
1055
6952
1758
7898
2699
5102
1468
820
7071
2411
5588
6461
5969
6502
6618
4266
2993
7784
7447
4095
3551
5875
5246
7423
4642
6456
4107
1733
1563
5349
3764
1607
3040
2696
4192
3155
6678
3013
1544
1758
3728
1775
7012
6237
7165
3720
2500
4315
1884
140
448
4590
5474
120
7204
402
6746
2138
4520
1110
900
6441
376
5070
5866
5023
2171
4029
6899
7919
6728
5279
5899
3636
7869
6161
789
7729
1024
5463
3924
747
5079
4360
4213
6686
4797
3052
5784
6454
7256
5583
2430
6917
806
548
4114
6377
3893
3197
1433
7710
6582
3269
1622
2522
4464
6977
7071
2245
2750
127
1040
4838
1178
4659
7438
1080
5127
391
2511
6953
1344
1515
4619
1527
7464
5581
3179
5262
5803
2762
4168
7666
3586
1327
2865
7302
1867
4781
2240
4541
5703
96
4489
5498
7986
5511
2072
844
7855
2237
1236
7610
2225
2103
6083
1297
4468
5262
3743
5619
7394
1395
6032
25
3405
4427
2986
4360
7318
5316
1880
7584
6820
3073
7025
4111
863
4901
1807
2385
4359
7109
6123
753
3557
2643
6266
4913
5293
1854
2632
509
4433
2291
7166
5523
5259
324
5821
5610
185
425
5228
933
171
4805
1577
5616
610
6318
7524
7499
7937
4748
6534
5927
1896
5926
1798
6188
3474
873
4807
464
4377
7625
6983
4193
6869
1487
5638
2978
6526
4627
7923
2951
1434
3726
5141
7514
3282
3043
2328
2364
2378
7824
1342
2754
6676
1972
2963
1501
1254
3983
3107
2264
7124
4106
6509
2916
856
2801
661
3468
4408
4548
1611
4816
4979
6747
5364
5406
5590
2676
5103
2367
2939
2449
1970
6844
5939
493
4999
187
6031
1116
4002
2396
2973
3442
2326
3024
4436
1424
5305
6789
3475
5804
448
7375
3303
6861
6941
6302
2430
5444
3753
4251
156
194
3084
4652
917
3045
7435
2625
3600
5283
4002
2686
30
3693
6043
1559
4293
1949
1813
417
1895
7378
348
7688
7054
3360
6061
7040
1983
706
5429
811
6053
7089
5057
3243
238
4233
7357
2028
4315
3402
7817
5621
1000
1590
2481
5597
3249
5189
4676
7354
2429
7576
7290
4193
3686
2317
3729
4540
3932
5247
133
2728
2132
4958
5792
769
570
3111
5281
5900
1468
620
7341
5336
6088
4053
4363
5761
5743
2968
6687
5476
34
4290
4734
4858
3763
3214
105
3755
3162
472
5720
21
1751
6647
7152
4921
5333
3643
5622
4485
492
138
7939
6179
1012
5170
3942
6300
232
6568
5645
2785
4599
5486
4457
5155
4219
6837
6455
4036
3419
3320
3621
5497
6974
3651
5429
6156
5242
176
101
133
3527
3961
2915
3082
290
2964
3423
2781
1566
7029
4333
6617
4065
4444
5846
3154
5099
7127
4377
2793
6557
507
1105
3367
4927
3994
5096
7179
1705
879
6328
2027
2236
1862
569
247
3685
3627
4786
1348
5979
3172
5607
3335
7750
3363
407
3571
5821
5227
3037
2416
3082
750
665
3607
3402
7564
3185
5135
6111
5816
5171
5774
5184
6570
4140
6677
6194
3746
1291
6228
2908
2693
4751
4431
4214
343
1051
664
5850
4255
6921
7884
5022
3665
4597
7937
3699
7980
1997
6764
93
351
3854
2422
858
3762
1090
4135
7902
3492
2886
7650
189
5422
4010
7078
2041
105
6679
6005
2553
1339
1469
7742
1365
59
1046
51
1933
807
6156
1029
3817
5219
6574
3092
3933
4448
423
2306
976
3209
5506
4814
194
2822
2517
4326
6510
6434
332
7683
7407
1936
5649
353
725
3225
5537
5588
1767
1324
3887
5583
6531
1445
6920
5504
2389
1858
5677
764
910
7710
837
3554
1943
141
1755
3519
7110
158
3166
1026
6018
2599
5177
5177
4
7865
4325
2341
1161
2193
2676
4914
5804
4162
1961
6498
1082
5615
1957
2497
2311
4113
2117
5190
3726
4377
3214
2821
7257
1342
3920
1963
2705
7608
2018
7090
2066
645
1864
2078
581
3406
2070
4342
4959
3081
1018
486
4404
3512
5751
1649
6082
367
7600
4911
3598
5084
1022
6423
2653
3735
1523
379
6973
3442
216
4112
5211
6319
4619
1866
5474
5569
7017
6840
3703
5887
3517
7273
6545
2986
3070
5230
5819
121
6944
321
7879
732
6966
5776
4344
5207
4347
4466
7531
2579
646
2251
7356
7487
65
1085
3359
2246
4161
5280
4404
6204
5503
734
755
3564
1558
3551
7742
4787
925
5436
4330
416
7824
280
6
5208
5417
4809
3980
3841
2083
5238
3029
740
6482
6982
1880
6143
3844
54
7860
447
581
6411
3537
7881
5062
5412
692
1132
1899
6005
6373
6542
2397
6396
1832
377
772
4678
7911
1779
3505
7241
3284
4688
3716
6767
103
4346
2122
4923
7459
174
3820
4778
4984
7168
6102
4354
4273
3849
6887
2260
3417
6527
3252
1489
3481
6001
4298
5904
2347
1007
5217
2760
3424
3046
4294
2878
3775
3396
6212
222
6875
6752
1277
910
7068
5890
5699
3753
908
4543
2026
1454
884
4223
268
6136
2891
7465
2563
6086
7747
5463
6516
7906
2555
6908
6273
5619
4827
5208
7271
3732
955
6053
4732
2970
7330
129
196
6901
2559
4706
5195
5593
6770
4642
5917
7156
4667
1774
1756
2364
5975
3958
6411
6825
3474
3765
5923
153
7365
2901
4031
5752
3572
5407
419
3305
3168
6133
1587
2123
5159
6111
3221
1728
4679
2491
117
6799
4875
3365
4474
228
3217
1128
7221
7966
6339
2077
5508
3285
5006
4467
7104
6625
7424
2577
265
6658
4690
6840
2559
1371
1036
5836
3268
6201
449
7697
2892
5034
1074
2781
5563
660
812
6119
7769
520
2964
803
1698
5500
7329
3233
485
3591
7749
6930
312
5098
2843
6383
1601
957
4336
7658
6814
1229
493
7237
3714
6495
7136
5000
6509
1129
3112
2229
2903
945
7097
4633
4770
1024
4340
6124
7405
4400
4898
7955
7356
340
1227
827
6605
780
2769
6575
5057
1372
1655
6402
1390
3639
2234
496
2477
4447
6230
1606
6426
5942
242
5398
7808
4262
5182
7054
4736
4548
5718
4645
3134
5036
7706
2376
4412
6813
539
3002
7649
6737
6866
4857
3086
4048
2712
1332
5458
3205
5931
3139
6573
3074
1377
2987
4892
3729
5820
2727
1649
7819
4061
4663
5654
4305
4716
6582
7002
6098
6356
3416
5316
5892
3433
4582
5246
6185
2056
2073
3975
7698
7007
3702
4699
2775
3060
770
3496
6715
4325
60
5511
3694
1740
3107
2210
4502
6904
2641
5875
4048
1658
7073
5112
2574
5389
7669
5921
6041
634
7451
767
1011
789
2859
6741
7845
4823
5672
3901
4928
5372
5765
3780
6457
5133
7013
6854
1778
2614
7090
4171
1624
7806
6893
1456
2800
710
4210
3574
5635
1743
5263
5139
6046
6984
3101
2074
5172
1175
3235
5115
4762
673
994
3704
3096
3582
485
999
5760
6911
4316
5584
5939
5218
1088
2404
1821
183
482
6249
3938
6656
4625
1952
315
3483
2964
4439
1279
7923
705
6141
1062
2114
755
5672
3297
7184
7175
1325
7290
3777
2475
506
5051
4175
2526
2172
6274
2655
2936
1013
4273
3842
4814
2421
2958
5551
2726
1513
6780
536
3537
1164
1948
6726
3102
236
239
2537
129
6480
2968
810
4705
1319
7008
6761
5059
4503
2700
3934
1064
6933
5976
1054
4500
4310
4710
791
5523
3715
3080
36
897
1496
2181
5782
3821
988
5647
6643
2255
1540
2452
1136
2733
2209
4969
3937
5537
6514
4452
689
4492
3183
4835
4967
5755
7869
7117
7686
1965
4566
230
2343
6750
6067
3611
4945
4789
2362
4010
3517
4470
3047
5320
5827
948
7245
5832
2331
2144
1291
1011
7838
6013
4806
2109
1836
4322
4445
7704
6864
3682
3114
7938
1981
3507
5115
3795
6816
7931
1142
231
1606
933
1426
1678
2684
966
7335
6716
494
4619
3715
258
4017
7000
5389
5199
497
3599
3762
6477
3198
4720
5216
939
3290
4169
1660
167
497
1884
6303
7953
4989
5277
4706
3372
2795
6894
5153
2976
1966
2275
2138
7730
3499
6139
3219
6169
2259
4064
6730
5250
7967
2986
6357
4967
380
3553
4282
3209
2377
4883
2390
3574
5943
3001
2095
4168
6405
4369
4935
3853
137
1438
500
7494
5039
1637
6403
4078
5623
4801
1889
4987
4035
5731
3434
269
5631
4707
5750
1758
7300
294
2343
5258
956
4758
2988
2409
2037
2181
5126
4382
406
5189
7742
5157
7593
2221
7023
5465
708
5494
4894
6107
1383
6269
2363
1396
2819
6947
4351
118
3022
5600
4216
4230
5836
1172
1993
6793
3581
3248
6124
3060
6866
4257
7731
7612
7137
7306
2191
3886
1842
6958
7662
6421
784
1233
5198
1535
7934
7603
6081
2448
804
4493
314
4521
5838
5876
7012
2295
2627
260
4792
7803
1244
1113
3316
2938
3878
6366
7106
6892
2023
4537
5193
2751
3220
3536
1794
6285
2896
6279
2762
4437
6992
987
5471
4476
2126
265
4112
6458
4787
1949
3980
4314
1928
7767
4535
2241
304
6804
3034
5672
552
7481
4050
4246
676
5848
4538
3507
7001
1465
7834
3567
7286
678
3027
2606
2941
2478
792
5329
5757
5037
866
7222
5083
2498
941
7607
7489
82
2680
2167
1187
2946
1734
6513
13
3661
4511
2619
2601
5641
2492
3219
4170
7318
1260
3407
1869
3155
6904
4672
2355
1714
6403
4803
827
5389
4654
1533
748
6551
6913
6278
1508
7585
4006
7866
4986
3364
3599
7441
3693
1869
547
6802
3341
4285
132
5405
1297
4935
1800
1819
749
475
3882
4409
3036
6100
2597
3777
6150
7190
117
2036
4275
956
2817
3136
374
4283
6985
4650
5741
4702
6736
1096
3610
5904
6969
1833
2122
6376
5479
7874
4044
696
754
6406
1832
7169
4075
5742
1345
3689
7488
1374
2943
4220
5753
2314
2681
1304
7135
1691
4078
30
4543
6408
7502
3054
5329
7062
562
7672
5438
3512
6268
5912
4877
3968
6824
5795
7570
7087
5001
7464
6280
5784
5178
2244
7905
1471
1171
2047
1592
5572
5804
7784
5373
182
4392
686
3501
6557
2216
6488
7358
6512
3686
4068
4462
2660
7794
6864
4384
3752
2960
3682
1899
5139
2570
3168
2067
440
1488
6743
2652
3991
2754
6001
2174
7875
791
265
1979
1106
4980
7995
7222
6438
513
2998
6348
610
5313
2425
3009
1429
2426
1596
3862
4151
1523
5459
6884
4834
2036
5452
4261
6031
4058
3558
7432
3404
1499
3206
7385
5683
7546
5128
5041
2726
1994
1984
5477
2740
1665
2452
7517
1244
6293
1428
5738
497
432
6518
3891
392
5863
2425
3046
4743
5301
3951
7914
7208
7422
4775
7443
3049
5780
2150
7296
3520
5668
3163
4773
4713
3780
2416
3477
187
7152
2389
1010
1478
6558
4168
7805
2915
2385
3942
7983
6284
4889
4785
7705
3009
281
3869
5151
7030
166
5020
1837
6914
6126
3401
6958
7012
4301
6042
5130
1423
274
6520
2882
1014
4773
4152
4282
1403
5278
7180
2674
3449
1439
6896
6661
5066
1569
1287
4312
6136
4063
6079
7700
3309
3005
1867
7206
498
1638
4795
5730
6139
5789
2719
495
7509
1773
5072
7550
4244
2484
7756
1121
6724
6142
108
1671
4625
4927
5302
7983
2456
2770
3511
92
3899
3248
5802
5595
2046
2318
459
6454
1438
6431
5175
326
6712
3236
4949
1176
5939
579
4724
2462
5755
1207
194
3104
1326
7261
3554
5735
5891
7697
4154
1516
4849
7668
872
745
2168
1702
4631
6424
7254
1951
7840
7238
7466
56
4107
3088
5684
1216
6928
3269
7498
6271
1823
722
2040
2619
3458
6507
7574
1481
7071
3166
7784
2734
830
7567
7507
1691
6510
5495
7484
6236
6266
7460
7934
628
4043
5085
6749
2942
418
3157
497
718
1751
5196
2106
1337
494
3082
2816
2593
6998
5571
1096
3705
4601
2820
4989
4675
7578
3620
7061
4928
5786
2816
1141
7688
3609
7815
3835
2638
772
3994
6294
6484
5875
6201
7717
5149
210
3878
2937
6700
3513
1393
706
5922
3392
6421
727
4472
420
5204
868
1061
4708
6143
3077
2352
3639
2677
989
1948
3114
2864
5130
4085
1779
6399
6942
342
2837
4458
1859
7279
2289
1865
7177
4801
5760
7815
7059
5356
2226
414
5253
4374
5616
7199
2813
1175
890
4497
6890
830
7663
1680
4952
7200
7485
6609
4355
2714
2471
7550
2952
7185
4927
6674
5977
2411
6316
2402
2990
5890
1012
2707
1803
3341
2287
7894
5532
7063
4243
1904
1341
2559
4036
7613
1480
3797
1910
2040
2853
6420
3733
5772
6514
3075
2422
7831
1345
4703
6405
7689
1113
5310
2310
1027
5358
2597
1918
4491
4172
4597
1360
7725
6022
5192
7831
5602
5654
6789
6227
3218
683
4111
1147
1818
4247
781
3355
1182
5064
4330
5577
5890
3495
7415
6360
248
3143
6869
6529
1887
1751
450
6038
2536
2861
6532
1062
876
1892
3908
6344
2754
1289
7394
605
6041
932
5758
7071
6691
6285
3429
3132
592
4402
4936
6546
4813
6176
2355
4989
3246
616
5382
3305
7643
721
886
1799
7902
1151
6087
3542
1237
2286
3293
7012
2758
2223
192
7195
5523
2425
4549
4114
1872
5061
3262
5124
4903
1170
7910
7566
5222
62
3595
6119
7787
4171
1224
2764
7844
7849
7898
2768
2770
4144
3369
5325
