5202
6424
3927
3939
7321
7864
7942
4408
857
676
5371
7974
547
6255
1696
3006
5145
4146
5761
423
224
7927
6279
247
7576
4748
6275
6650
5510
3736
4841
7540
2840
4399
1037
6067
5365
6674
4630
3227
7906
4564
5606
5600
7985
1608
2816
7905
7972
325
4461
6082
4235
7703
6927
5014
5549
5472
1727
2024
7373
1072
761
5826
491
4904
5104
4505
5859
5529
4843
1081
4639
1653
6246
3883
5280
1108
4450
5315
1171
7943
6181
913
4441
427
5139
5945
989
3978
5277
3079
992
6403
7264
2139
4974
6356
2343
2808
6648
7573
3599
510
2739
4511
6988
4156
4221
2870
5768
6995
2669
2736
6927
2820
657
433
7649
5381
1292
7664
2627
1686
6014
1664
5199
3395
3240
7776
3605
7580
4741
3325
2725
5284
1750
1127
672
1069
2989
2710
7539
3978
7055
223
7163
4005
5438
1683
5893
1906
5579
6811
7011
5571
4297
5558
314
7375
2575
1265
2978
4628
592
1010
1466
1501
2006
344
2753
2758
2584
5369
246
3744
2689
3487
5792
5209
4594
1221
476
7141
6298
1455
2518
1825
7648
2781
2207
4244
3950
1111
7512
2297
3200
3043
1521
2517
1278
6683
4079
2900
6323
5477
4923
779
2440
4396
4539
1178
3496
830
1739
5729
3522
7820
3157
4069
1834
4617
3470
6767
2058
3477
3592
5929
4768
7385
2210
6665
7321
4553
7022
4913
1391
5547
1778
604
2987
4607
7144
960
1954
2973
6691
1535
2050
253
5709
2393
6379
2254
4723
4555
885
593
53
4184
4544
1364
4642
158
4053
6176
1064
6564
4935
2473
2535
6892
3128
5262
3211
4794
7120
7427
2685
4926
4575
987
4477
7598
6312
3025
6107
2441
2294
365
4641
123
6520
4038
5256
3231
5135
4660
5890
7851
7472
3332
2767
7857
4910
3452
3468
5661
4790
128
1147
664
1642
5838
5207
3188
2452
1139
7804
6879
5306
768
4366
507
7931
2922
2416
6937
2376
570
949
5669
699
1682
3929
6335
2351
6135
1371
7521
2335
2313
903
4859
1054
1435
6713
6780
5515
4466
825
1719
858
536
5237
6110
2647
1935
7276
3794
1546
6471
7908
4611
954
2873
1979
4501
6590
5240
6210
5366
964
3142
7691
6810
7303
7324
2165
4252
763
3864
5787
7554
2085
2308
2204
4976
2796
1027
2438
491
3816
320
2252
7639
2456
7162
691
5718
2944
160
1537
4019
4403
6546
6239
6414
3881
4615
3902
3740
5317
5069
7346
1773
1154
6926
2480
7124
7752
4309
6957
4608
6100
3142
4618
7928
4112
4474
5827
1708
7074
7942
6267
5345
7722
8000
913
5043
174
1783
5891
3126
5656
4475
7303
659
1868
6130
6286
1836
4477
5224
6386
2744
4385
6706
2963
745
6880
7271
6109
3491
5229
6219
453
2084
6799
5517
5566
3524
4887
498
4627
4645
7882
1802
4165
4953
5742
2095
3436
4107
5485
3395
5041
4943
3040
652
2554
3184
92
7133
4366
745
5616
6335
7028
5289
4058
1744
7509
1180
4271
4896
6500
3889
4938
2999
4596
5875
6056
6912
6854
3952
7663
6309
5638
7899
678
3362
2064
1578
2424
5226
4449
1890
4674
1408
7396
7321
6552
3783
4309
6723
408
4967
872
6014
5231
7602
2760
7762
4159
3018
6730
349
4083
3751
426
5954
7105
241
3804
5973
786
4353
3674
5531
5233
2607
7673
6693
7983
3250
2056
4610
6576
3956
1103
4684
6475
7870
7099
3113
5609
7534
3017
7298
4289
1237
5709
6908
1857
420
7024
2096
4372
1207
3993
3819
2860
3120
6079
5363
7482
2814
3372
5577
2875
1119
614
871
7267
3278
3696
914
4184
4229
5856
4519
4736
4449
5828
4043
7044
1482
1265
3004
6786
3008
586
3644
568
2927
2353
3061
6270
1107
5207
4882
2286
2615
5908
828
3763
5254
907
340
5690
3847
3090
6090
3969
1860
4685
6343
1029
6360
5356
6631
307
2720
397
4020
6026
6807
6814
3186
2466
3293
2790
3611
2342
1508
4004
19
4138
219
948
337
5220
5949
5198
4626
5824
2866
1069
6617
5468
2858
6328
3073
3522
1559
6666
6544
2235
3962
6706
1659
6043
3090
5424
3636
1620
6923
2136
748
4710
2657
396
4617
1425
3147
5666
5346
2273
5305
4997
5680
4293
5891
159
2490
662
7614
7922
7474
3537
4795
3075
6575
7626
7939
4537
6165
6379
7847
6606
7663
4144
4423
7193
1390
3507
5656
467
495
838
2712
3283
3832
3398
5761
5987
7408
2750
6337
7424
2900
2469
6586
953
7331
6773
4225
7481
3740
3828
4684
5117
5096
4327
808
6887
4723
1777
3813
6223
342
6625
6257
4480
1123
6915
3469
3815
1340
4916
7200
7226
2468
3013
6336
1082
2112
1923
1029
3114
443
1995
4148
6477
1087
2547
1140
4886
683
4259
82
4566
1746
1650
6486
1912
766
5061
5950
73
180
4028
7908
4369
1796
5498
6043
4617
3729
7835
361
4212
6674
6163
2232
5880
6583
7573
6152
2573
6339
5054
7914
3627
3715
6387
1834
95
3235
5870
2342
5092
6328
6602
4274
94
7053
7592
5881
3024
7430
7753
5507
1877
388
5269
1546
4415
5896
637
3368
6549
5860
704
3514
2667
1718
5180
7415
6204
1140
6037
4791
3905
6035
6805
5331
2432
4733
5461
64
4438
2591
1779
4019
5408
5985
3238
5913
7689
6249
2699
328
5719
31
1366
4662
517
2692
1571
5074
2683
7325
6327
2965
4848
3348
2185
7182
2093
6115
88
4051
4844
7391
2718
4407
5333
3287
6303
2899
6239
3944
5577
923
4986
7507
7775
4806
688
4359
7104
6650
4628
3202
1561
6481
6419
2749
989
7702
7043
43
16
3208
2326
5652
7757
1420
673
5856
3880
1871
6315
7992
3264
3354
893
7269
588
4720
5968
3728
2877
1984
1837
1100
2728
2930
3511
1441
3533
5993
4250
2792
3517
5618
5857
1391
5274
5577
52
4055
6324
7843
6391
7618
4928
571
465
2442
5207
718
5433
6058
4877
365
5817
5779
2232
3573
513
7775
3631
3545
718
372
2702
141
4027
5417
54
4324
6496
4247
4521
3248
6002
4694
3109
1191
3400
287
478
7315
633
1514
958
2877
3286
3645
5347
6189
6147
4898
1819
5731
2788
647
5554
822
4461
5641
7882
2719
6703
3898
263
775
6950
2919
4121
128
2402
4229
4567
2847
6692
4245
2490
3218
4560
4593
698
1051
3262
3142
1121
1865
4053
6891
3380
3941
6509
3645
1701
1319
1614
5997
7969
2366
5884
2633
339
7082
3820
6363
2863
6014
2877
7459
817
2422
6674
4290
108
5763
1184
685
478
2572
4237
7287
6188
6491
1061
7750
6576
3484
1207
5054
4238
2663
4533
7677
3686
5039
5753
7898
7564
2160
7780
4038
5827
2712
238
5062
2958
6017
4805
2713
3314
3955
3486
1748
1655
6219
6149
2988
2551
6385
6549
6270
6598
5987
1077
5251
682
7302
5722
7554
2138
5553
26
3502
4099
6613
7868
1262
4957
414
5338
3928
3590
7941
5973
1037
4405
5537
2287
3013
5689
5628
2842
1862
2930
3249
443
5494
1334
6428
3273
3651
4803
6483
3723
7217
896
5291
7714
2801
5027
1805
80
4689
749
7334
238
7702
3666
7040
6180
5280
7637
1296
2454
3760
3434
2102
5037
282
4228
6416
804
4123
7506
1655
658
5036
6377
4043
7318
6835
887
1670
6218
1899
7756
3283
4319
1184
2379
2493
2510
7972
2587
7320
2426
2039
6431
5301
7030
6599
1743
6002
6222
3192
2857
4607
136
5969
5076
6446
7882
4782
7277
4146
7358
5213
7584
6240
1700
7180
6960
422
7892
840
7111
2650
1814
4277
6749
6331
3460
4782
7382
1011
2073
572
485
7340
2917
1478
2748
380
7295
6435
2247
7289
3487
1723
7315
2309
2482
2910
4396
951
175
5031
1038
5397
1068
6236
1773
179
3032
7496
4816
7892
7130
162
6526
6528
388
3793
3805
1744
2471
7594
980
4439
4381
2450
5540
30
6181
4681
887
2939
812
4974
3289
2347
5215
4280
1299
6014
3524
4182
5175
7386
2801
5816
2871
2035
2993
4283
6170
4163
6972
1014
6379
6185
1345
6795
2831
3394
2776
1939
6907
2350
1619
5492
7267
687
3138
2012
7137
684
6915
7133
4723
7060
6790
5620
1261
630
5157
7693
1676
295
4294
5759
5510
5065
4967
11
1198
5690
6115
4316
5428
2951
7793
3267
1349
1491
286
6241
5780
7452
4273
5462
1777
5770
3777
7279
3355
7164
5578
5883
7634
2727
872
1794
803
6889
3759
5698
2127
5201
3200
1598
7807
2129
2783
461
3111
6744
901
5164
5790
203
6866
7304
3348
5769
2740
2120
2553
1025
3056
7232
98
1604
6054
6069
4749
1550
480
7323
2090
3763
6331
551
6271
2092
2702
7415
1621
5177
7165
4358
5860
3496
6689
392
334
6029
3986
6211
7412
4282
5847
2269
4237
4763
3844
2011
3458
7758
5102
4745
7760
3295
882
7306
2180
722
786
1055
4335
1798
2901
4931
4327
7252
6601
1483
6220
3072
2494
7906
3215
3256
5215
6834
5286
3712
157
1982
5168
7476
7948
864
1533
2091
4516
4673
5781
4075
2172
6704
1335
2248
2873
86
1859
2492
4642
1643
3964
1991
211
2664
7310
2671
3658
7261
2161
4978
4839
674
5716
5567
6111
6851
1882
4738
6306
5531
6445
3823
1711
640
2097
7059
2588
3422
2158
4527
5756
7734
7296
5567
4167
7414
1092
6278
2681
1241
5529
407
6480
1037
5655
7344
1585
6646
1877
6737
3115
6613
710
7061
454
6862
4241
4661
5679
4319
5061
6157
7921
334
3339
5373
5828
686
1715
7607
4145
3073
5396
2621
875
3074
4304
2357
2999
2321
7119
4352
1533
3932
4281
999
3162
1297
1579
3488
6120
3141
5574
5010
3866
4891
4567
4978
1476
2447
3810
6346
2099
1191
3985
3119
413
2303
1487
7396
5703
6769
624
614
7642
2744
3187
7373
1390
61
1544
2076
6561
4510
6765
2717
1816
7176
6167
5458
3813
5613
163
6714
2638
749
4367
403
7383
4033
7767
3044
3802
2548
857
3387
2158
5759
6927
1216
1193
2440
7918
2886
5936
7876
644
127
5178
7833
4103
641
5518
983
1670
7290
6867
4147
198
6109
5543
5752
3781
4965
3150
3794
3383
1565
4860
6279
376
5555
6821
1145
2687
7189
3132
5494
191
1784
6048
3794
6691
6332
5356
5314
7708
3985
2274
5018
3705
3272
7018
2233
3054
3100
825
3310
3838
1212
1848
2171
809
4528
5335
2687
5253
6247
1481
1450
4417
1339
2722
7154
6441
5006
2654
380
3943
76
6142
5017
5071
4041
5907
69
6412
5371
4573
2492
1136
1974
3058
2505
4108
4332
3979
2405
3101
663
5002
4133
7946
6144
3723
5588
2188
2026
3549
3619
7766
2278
2552
2023
5632
2067
2803
1552
2515
960
5697
2554
4236
7861
719
3046
6142
4282
99
32
2924
3622
4287
3751
2152
6864
5786
5880
628
6160
4399
1417
4383
1466
86
1256
3961
7434
1733
5750
3320
710
6844
3195
7354
4825
3789
4057
6954
611
4313
547
7926
803
4445
3536
1403
955
3726
4485
764
3769
48
7056
7574
22
1583
6240
1704
2445
4885
4965
4090
7185
983
275
3116
5817
5742
6762
1714
4808
662
7137
4970
158
1285
4098
187
6214
6492
1766
7660
4715
3607
7187
5290
1618
1427
2397
4031
2663
6402
3493
3439
5367
1983
4507
4044
1365
7242
3007
277
5848
5535
7224
1907
516
2055
5297
969
3298
2969
5682
752
1911
6111
1795
4750
5503
1573
5058
5036
5953
2161
6848
5221
1653
3940
6382
7286
3444
6005
7418
5523
6579
4395
1086
6452
322
1820
2030
7044
2239
6272
5693
6500
6570
430
1947
701
2858
4884
6303
3497
6985
2530
1567
1588
7499
7488
6838
509
4835
2554
5557
7512
1678
2878
6126
2179
4827
7287
4195
3041
1717
6415
6448
7097
7445
6997
5743
5899
5793
6724
150
5417
1500
6031
5113
1360
534
2602
2303
1803
1421
4653
5571
869
2569
5641
5807
7483
7893
4665
4203
2431
7720
180
1877
6624
7970
435
7409
5517
2633
3548
1650
3025
7075
5425
4359
2905
5995
4844
6678
6028
5612
3032
6280
5676
3151
1832
289
2828
3008
2731
7362
3744
3505
6811
5949
7631
1244
6686
1297
6945
1415
5167
1511
2475
2155
7225
3918
4778
189
2616
2527
3115
2988
1327
2719
4502
7373
2817
2071
2128
6141
891
3799
5497
4307
4938
5431
3426
3624
7050
4831
4410
5414
270
2252
5404
4574
4972
5342
1464
53
5879
4731
1689
2980
6507
5995
7199
3831
391
3445
1529
1804
2221
4048
3045
5063
2656
3970
4383
3920
6253
1150
4231
1326
7684
7244
2986
1932
6662
4326
2004
5304
5320
878
1194
2485
2619
615
1443
5492
2843
6629
5445
7253
7844
3622
2960
4031
1893
6254
2737
2262
2746
2713
7015
7583
5146
7779
2130
7856
3692
2823
6460
7148
7257
557
7717
5401
2302
2015
2208
4050
6521
6624
6757
4153
2536
5164
4723
38
6479
6877
6636
598
4990
4759
1533
2495
1217
5896
5695
3001
6304
2886
4108
3034
6901
962
5323
201
2661
4911
5171
2455
1959
5298
4361
706
3092
2737
1278
241
1987
2424
3132
7767
7959
3041
5286
5375
1054
2966
2847
1988
713
2259
3640
4308
4028
3418
2965
2550
6735
7326
166
5557
1188
533
2074
1781
5125
952
6328
4263
7146
1346
4575
470
6846
5115
3421
6060
174
2447
5073
4117
7632
7772
1258
4876
4395
3714
2290
6924
1020
2859
5595
3971
7932
2387
970
4255
7544
3271
1098
4731
6983
5389
3133
17
6101
1187
217
2509
3868
298
7746
6439
4526
3902
3250
2426
4157
7621
1713
3096
512
6695
7280
5082
886
7121
961
7046
7959
2597
5291
230
1292
1511
4114
4977
1341
5126
1171
1296
7288
6330
5140
7920
4833
7387
7905
194
2201
5561
7115
2884
6385
6058
3413
1702
1872
717
4834
6588
4170
4135
5458
2616
5634
5018
1075
5189
3679
5511
1425
2282
545
296
5669
4962
5384
6642
66
4080
6850
471
3787
3649
3565
2094
5457
4096
1607
2027
2875
2884
4586
7605
815
7538
7740
2093
6325
6155
3289
2269
5675
5628
5260
4102
43
1063
5712
7004
5511
4182
2039
3981
7586
6292
6136
7346
5873
5049
2537
6652
1944
1142
1156
2538
7272
98
7367
7142
7717
6467
6378
134
1446
5196
2256
5233
4621
5675
4313
556
1900
7967
853
7928
476
1046
5857
5949
7274
6391
920
7007
2226
3245
4564
6516
6735
4487
5481
7617
7565
2988
7461
1683
7375
369
3460
5569
5479
5317
6721
2058
3823
3404
1034
4276
2361
3775
7698
7198
2387
6166
5878
4934
5425
5740
576
2464
586
4883
3387
5729
7397
7888
6266
2887
2718
1564
4768
6039
1011
3012
477
2619
5676
6854
414
1772
2916
4931
2771
2123
770
4398
7439
1555
5264
1289
6064
5480
5048
3764
442
4152
3722
141
288
7471
1355
49
7002
7960
6779
6552
625
1720
6641
6739
794
4241
6713
133
2786
7037
3806
2371
6706
3373
5842
1537
6254
1258
2052
1346
6579
54
6911
1227
294
5812
4448
7617
4366
2474
3225
2796
3815
1061
6962
2084
3155
6759
4981
6435
3847
1044
1751
209
5253
6892
6479
7348
6205
4024
5412
2026
1196
5178
7174
1511
2403
1560
7798
2394
3077
3446
3660
6399
2150
615
2338
5062
4519
3068
5179
5196
1045
4888
1909
5278
3323
2862
4358
1561
6214
1285
7214
5850
5104
7276
6987
5581
2200
5964
3549
3287
1668
998
7750
3496
534
66
7828
5459
7910
6142
2978
1224
4692
3652
4244
7560
6211
4087
6105
7168
150
2825
3126
1581
2998
4509
1517
341
1512
1874
7999
7108
5283
2862
1102
1530
481
5891
2724
1529
5722
7689
672
7696
2271
7258
3500
1750
7893
4904
6066
343
6635
4508
5499
6591
6081
6573
5724
4892
7823
4022
1293
2529
4070
6559
2912
7130
2176
1590
6935
7764
6015
3800
2305
901
3158
7620
1308
5140
974
3875
6207
6023
6752
909
7364
148
5050
330
3873
2883
4856
246
1954
3322
4982
850
2283
532
1636
308
1199
2674
892
6808
3561
192
252
3329
6888
3600
874
2527
1811
7297
4768
1330
6548
5855
3975
2815
3911
6932
6807
3925
844
2514
847
1073
3596
7946
7195
5627
5169
3
3512
3478
1056
2065
1056
2373
4979
2975
7233
605
816
2715
6498
6249
3290
5570
2515
3162
2791
4523
5275
3004
2462
1132
4523
2425
1975
6219
7137
7468
7258
6401
6788
7523
1136
3621
2529
2347
3819
6587
4035
2517
433
7405
7550
4990
3907
4683
3217
436
6445
7115
781
3363
198
2298
873
4153
511
6407
1418
1129
2062
323
2852
379
7783
6007
1947
7721
4040
309
7817
959
6590
7989
1984
119
4315
1928
7879
3119
5195
3566
5353
6362
6901
6642
2502
690
2326
2488
2054
490
6367
3613
7713
3197
5776
305
4238
5380
1367
7838
5202
4864
417
4828
2036
1814
5267
4303
7551
1025
798
2232
5228
2111
4458
6654
7912
6503
2979
7073
1372
5161
3599
7991
1754
5454
6000
6009
907
7934
7590
6320
7506
1310
7949
5841
1605
7589
1300
5371
568
7707
4058
7937
4959
4911
5322
88
1806
6540
2726
2841
2596
6777
2919
7001
5470
3068
1957
1717
1164
7274
2612
2056
3415
38
7368
6405
2640
4306
2338
4896
1883
5751
5737
2923
5073
2412
3041
4217
2404
7982
3518
3249
3666
6116
6735
2892
545
2270
583
7150
473
3919
1573
4487
105
448
4686
3856
1071
4308
2660
499
4724
2583
6306
7090
6101
2675
3097
5947
296
5436
7099
6051
3567
3128
236
5986
5218
5669
1819
1647
3689
3919
7171
727
97
3643
3585
2933
3842
1268
7850
3854
103
5553
2525
3112
1388
7982
5106
6669
7577
7982
1308
3804
5999
1608
1797
4852
5152
6392
2243
500
4709
7378
454
5765
141
6717
1748
5106
7824
7460
7875
2146
6222
1420
7288
2280
4666
1027
3354
3380
4534
6318
1678
4800
1444
5154
7858
4132
2880
5325
7865
1028
7334
155
1491
6658
6083
6106
2445
1469
426
7337
6312
6589
3117
6267
2688
1139
2422
7432
2059
5257
2439
5667
7232
4033
5099
3163
3926
1782
3538
5417
4061
2656
1289
7774
5424
2774
2411
7019
7327
5794
6699
6139
7687
70
7286
6185
5683
2583
4535
1551
679
55
5527
2596
6575
6725
6772
188
1517
2283
47
1582
6280
5694
840
5759
1860
5108
720
7533
7688
6751
5314
5928
2621
2948
26
3453
1404
4619
1258
4146
2739
5756
3087
1605
3482
2571
4303
604
5034
4445
1577
2345
6157
1058
4504
4321
1264
3627
649
5523
176
6273
5885
1948
7492
481
7595
3386
681
4245
6181
6071
2487
6107
2126
3242
5566
2112
3548
4877
3322
3447
7548
1343
4400
368
6237
7690
6288
3982
3763
2404
1905
3520
3775
3502
415
1765
2330
4262
7997
6071
4888
3358
3413
7379
795
407
4616
6301
5172
733
4863
4820
3378
6921
635
3828
7613
5371
5050
5547
1053
7736
6558
5578
3584
6481
3468
6977
5365
519
4456
4448
7681
2816
7605
4895
1615
2994
7164
4652
4013
6997
11
3025
3831
1047
4459
1263
7487
168
1372
6565
3302
835
7473
6296
639
4390
4766
2728
2513
3455
6665
1220
2594
3226
7653
2907
1670
6919
2755
4181
3342
4802
5546
2644
7982
7059
5397
530
7873
1946
7128
4777
7917
7757
2494
2258
6988
3965
7083
1024
1801
2462
7349
2601
3769
3100
5438
4225
5389
232
6811
5040
6439
1958
1635
7018
7726
1603
4442
6169
2352
3027
7493
3656
7611
7691
1964
3817
3291
1209
7093
2153
6062
6253
7403
2218
4950
1986
3322
1641
4400
1219
4038
7754
4209
1667
7682
3505
2892
3697
6784
628
6651
4206
7215
2509
5268
3425
2508
7814
1945
7481
3474
2525
1020
6168
7580
7547
564
82
5809
5453
6568
1784
7918
6305
7426
3967
46
5866
1719
6194
925
6703
5765
1410
1547
7622
1344
1428
4124
5054
2017
5630
6986
7451
1833
6360
5369
710
1785
5061
4101
713
4319
2609
4972
5702
4337
3984
3028
2164
566
2555
65
7622
702
4955
7038
999
7279
6361
7115
7542
6705
3690
844
5402
182
4794
3916
4854
7822
7931
1983
4351
1223
4044
1059
1160
7212
2870
1941
7064
6634
4446
1499
367
688
362
7744
7853
6464
2950
7454
502
6386
50
5844
5264
3499
5191
4778
7244
6252
2604
969
472
1353
1616
7400
547
255
2805
2261
1002
2850
1920
864
3576
6011
4248
923
5670
5510
3590
6990
7488
2857
6831
5341
3866
4447
6971
5
3674
4763
4877
3020
1785
3232
4352
154
3265
5867
5476
1783
5267
528
6963
1607
2726
3068
7985
3703
2831
4201
2414
2000
5793
5233
7648
3544
561
7758
6801
2559
4221
3709
2606
2822
3180
7503
3909
7096
5031
2722
3817
7215
4920
6535
1369
424
7854
2134
1057
2058
5142
4580
968
2270
4557
1520
6927
6455
3473
580
2565
927
4825
1068
4250
1484
6474
2911
4678
1253
7114
5125
5274
2917
1593
6613
3696
4484
3008
6491
76
3459
3880
2532
1612
5795
2057
7392
5296
4591
799
4266
1809
4099
5799
5599
772
729
1333
3916
5405
4925
6446
4865
7557
293
4415
7407
1631
2355
6695
3471
2158
3086
1597
2222
6175
3785
6266
4536
4366
5177
5363
6913
2005
2420
5062
6614
7857
7599
3474
1784
5984
1269
1524
2163
5349
1392
224
2089
1582
4544
7214
1873
2804
7648
1714
7275
5533
688
3726
3933
1753
3907
3537
3038
122
1207
2039
6728
5298
1465
7041
5724
5388
4904
5818
7676
6512
649
895
4230
6437
344
193
1716
1703
600
102
214
4722
6859
4677
1263
4286
473
1181
424
1382
3353
540
5590
1919
6574
7042
933
2203
3674
3144
2846
1237
7586
2472
5406
6119
2622
7601
3633
3428
4298
867
3276
832
2058
3998
4946
1710
3032
129
5927
1671
6215
4141
4805
3350
6278
7427
5704
5321
6419
3697
6380
6083
3431
6221
1556
609
3120
192
4252
1481
5420
126
4161
1572
2471
831
4348
2830
7279
569
2192
3514
6963
2947
4791
2515
644
5089
1799
4947
3275
6937
2383
650
1894
2489
5910
1669
1502
7820
6050
1469
5153
2947
3280
6573
3849
1426
6144
5654
1082
4246
4107
854
4010
7341
2692
4047
4005
4197
5061
1777
3414
3664
7439
4744
7607
3910
6011
2640
289
2872
741
1637
2937
4303
2307
4186
63
3298
7952
6769
7542
4399
6728
7834
2198
1376
7661
128
4730
3089
3404
6767
747
372
7063
5740
5056
6059
5397
2716
4225
589
6737
6426
7534
7174
2811
5406
1712
7128
1679
7212
7145
149
7966
874
1435
5316
3919
3766
4745
3647
5942
4671
7584
2250
19
3791
3776
3662
4339
5695
3895
5459
7353
3949
3263
7879
2687
7171
2749
7980
6333
781
7493
1544
167
4534
5864
6946
3722
3077
1919
7702
3838
5742
2029
7451
625
620
5305
6828
173
3394
724
5445
1608
7063
3138
430
5507
630
4850
6562
6482
6429
4858
5604
5729
3140
4354
7386
3171
7375
7790
7888
2882
6691
3376
7142
2777
766
7379
2836
7607
2664
491
633
1327
7025
1811
2169
1610
583
3575
3776
7270
4831
1556
3195
5195
4379
1375
3077
2598
1538
3261
5958
1825
2944
993
3933
7287
3302
2016
7694
2671
1982
370
5400
5774
6648
4213
6488
4464
5121
4941
5612
4431
153
2448
2078
2970
294
6045
6950
5009
6742
7253
67
1776
891
4174
7258
1691
3051
3003
1850
1349
7412
383
4882
6407
3458
6481
4098
3908
7031
2599
4190
7242
1039
4193
2030
3965
2416
4491
153
2205
3946
5087
1833
2346
472
4068
2456
7418
2901
2932
7256
7034
6436
1537
3754
1165
1294
1568
1050
4239
2571
2156
7580
5816
756
110
715
3111
3603
252
3837
6186
1488
393
7869
4885
62
6034
903
4461
1011
1310
107
1963
1795
5257
6261
6045
6005
5664
6978
5818
6729
6417
6018
6519
6039
5361
5168
3629
6236
1746
213
6324
3582
4482
5995
1547
5992
1615
7682
1305
1361
1829
5529
3687
6129
79
7163
4120
6458
5030
175
456
900
6790
299
1007
7590
3410
1523
5026
3664
2980
6007
2358
7976
6782
5307
3539
6602
471
4096
5593
3294
4079
5733
3729
1263
5889
3278
7939
7528
3685
3474
3910
713
3054
1547
4677
1258
21
2798
3192
5236
2913
289
6167
2009
2769
2777
1551
3551
5077
259
1909
5759
907
3620
4181
3556
2103
6288
1892
6946
3949
5610
6563
7619
3400
3633
1414
1564
2838
1435
7185
3488
4101
6062
7068
6468
6775
1944
6964
2636
3992
1018
3530
7235
4457
3662
2474
4654
1518
3432
5467
4655
4378
2753
2025
740
2295
5459
1833
1167
366
1730
1133
6886
2657
1751
7331
2583
3896
6845
192
6970
2587
4734
3020
5146
5119
630
585
2188
4944
5442
5198
7929
5473
6081
3536
6004
2443
5262
4263
4555
4848
250
2035
3533
3807
5142
2661
5699
7054
7392
2304
3847
2643
5254
2416
2256
1467
5041
7576
2743
2099
282
5530
761
7324
1037
1760
4620
995
6228
1038
5573
5752
4180
3432
7499
2156
784
7402
6064
1968
4558
208
6311
7609
3510
3751
5292
402
3684
2127
598
2403
3570
5260
4534
7055
2376
5182
672
7665
6124
6138
6105
7873
1054
4225
1828
1563
4208
6709
828
2762
2443
5095
4060
6174
403
1747
284
5456
4986
4266
373
3695
1081
5171
5302
7883
5362
3719
7683
7012
7693
7280
7830
6089
2240
1471
4063
6657
7952
3755
989
1252
2969
4103
5530
5024
5588
2512
1417
4274
2142
1973
5867
1842
57
6860
3686
5687
6747
4961
7816
969
3053
4484
5177
6066
2406
6812
4747
6088
7755
1882
2256
1416
1553
3460
950
7861
5981
3865
1011
5254
5106
3630
7298
3034
3378
3884
6406
480
960
6948
4208
246
5713
5550
3282
3440
6123
1862
338
3169
2045
3930
4650
4684
7380
5971
4480
6778
1407
2870
3791
2994
3526
7118
6797
6059
1907
5831
754
3949
1570
7999
6209
1408
6976
1900
3480
1103
294
7960
5391
2484
2198
5340
6676
1095
7069
6769
5820
6358
3141
6399
6180
2431
2061
2723
301
6606
6978
4425
3675
1083
5486
7245
4849
6381
4793
3711
7069
7603
5237
4116
3020
3909
1845
5127
4170
674
880
4577
1315
7752
6483
5825
5491
6520
2824
6557
1207
1677
2838
4661
7839
3095
5096
2322
6704
2193
2382
4898
5741
2343
3884
6402
7838
1410
5764
6514
3900
7719
7326
6833
2420
2622
593
2062
6972
3786
5464
1578
7436
2806
7960
3523
3702
6762
6494
1027
6495
6431
384
2814
1926
5691
4138
4974
1967
735
3727
5398
5896
7509
1358
4412
511
7401
4046
890
885
1873
1806
4615
4491
2834
511
6165
5527
1103
3627
708
4229
3105
1024
6196
6357
1777
6472
973
5776
2661
465
6235
914
1634
319
4995
6801
5855
6037
679
5918
1939
6439
2752
2202
65
7305
5152
5520
6286
754
4282
6517
6947
7931
4990
1363
3921
4217
3120
613
751
1782
1204
2092
798
2659
5677
7342
2276
1981
7334
3206
6210
6825
1621
199
5349
1438
3381
3837
7619
6062
5774
1619
5510
2289
433
5485
49
4978
3270
7432
4328
3632
3581
5586
5781
54
872
2209
3258
6973
2773
5479
6644
4439
5214
7704
3657
1032
38
5591
5911
568
3752
3443
5399
7807
1999
5024
7339
6563
1383
6310
5741
1887
5096
5756
3369
1930
1797
2413
2517
4665
402
6928
7548
259
2747
2400
2627
6299
5976
489
2382
4256
1360
5714
5444
3806
993
6056
3476
3322
7
4131
2343
6024
4494
2915
3052
1799
6702
5858
3050
787
5898
6530
5437
1232
2615
5514
6162
5694
2019
3925
7551
7574
922
6528
2823
7296
555
116
6399
1297
3455
2319
823
347
541
7247
4891
3097
2550
6206
4955
7074
2186
3072
4686
316
1065
3957
2186
6446
5953
932
1760
1483
7314
6415
6618
4079
915
6802
6250
5948
6882
4249
4689
7707
831
7662
7652
1803
3564
5672
2255
406
7133
4504
5745
2863
4005
5049
1661
1206
5696
5829
7846
117
2472
4010
6240
1667
5407
5384
4830
3232
6022
957
4182
6987
743
6652
3257
3212
7825
1628
6546
647
2827
6914
7437
494
2342
4650
6637
2463
5466
2471
141
1713
3635
4810
5676
1906
4942
1637
6452
6811
3770
537
7820
7865
5693
3105
6815
4654
895
6847
3808
4416
6383
5708
1182
5043
4138
2261
3017
69
7650
3101
2453
363
2264
3529
4080
2490
2334
79
7681
1949
6163
6898
3340
3920
1020
1975
3480
6016
1694
6333
5841
567
2672
3616
4820
6958
1976
6717
4311
4071
4154
1260
2338
6985
7642
4387
2393
7222
4901
950
4698
1463
5024
5134
5686
4357
2566
3516
5034
6886
1192
3325
7834
6460
1920
7499
7987
4174
262
5228
5540
2439
3622
7834
5469
1868
3932
392
5771
6514
1490
5804
5409
7638
5951
3598
324
647
5776
933
5220
4263
6167
3957
84
7762
7085
1077
7834
2567
6548
2269
6284
5730
4908
4309
3443
2411
5122
5842
891
3116
5753
1313
5050
6217
7399
251
1583
3062
7479
6845
4634
3946
7951
2198
1650
2396
3944
5211
378
7011
3860
5593
6093
3395
1545
1901
150
7592
5725
4722
3356
3868
5216
2358
2814
7154
6666
875
3470
7584
6466
5099
5546
6455
7319
5614
6283
7304
6968
3510
7105
7614
5576
1723
157
1348
4144
4025
4535
4156
5962
2377
6401
157
5917
1944
6404
1241
2581
4717
958
90
5567
6215
7217
3701
1573
5566
7785
4837
3
3915
4402
2828
5985
2259
5575
1123
3134
526
3168
3255
7772
4694
2712
1897
7477
2082
6529
5557
5723
3876
4179
3197
4101
4775
7657
186
7717
4854
3497
6694
5908
947
