7958
421
708
5339
4304
1902
1053
4046
1944
325
5305
357
7856
7981
611
7634
5571
6469
5731
3855
4543
1540
7761
3322
7696
6434
3577
2776
2180
3437
996
3638
391
305
7066
3748
2575
5048
5380
6676
5793
2814
7640
4265
4847
5348
7803
2073
2500
6772
3166
648
1698
3962
4043
6181
925
7756
250
2873
7312
2303
2516
3219
4042
6403
1856
4252
3230
6489
4439
6401
2081
6524
4685
3823
6974
7570
7616
6116
5508
4969
2347
4667
5764
5160
2893
4822
4638
2241
6709
1681
4615
5608
3526
3472
1040
6302
7877
7811
6984
5287
4628
1044
2144
6663
4359
4680
7842
5466
6083
6319
1284
7266
5990
4333
1286
2633
5424
4000
6264
7686
4285
7273
4066
5152
5538
7508
6576
7220
6676
1620
2663
4915
4065
2300
642
1928
995
1266
7663
657
3359
7751
2349
2461
1364
4828
4100
133
4020
2191
5191
5704
5509
5696
7511
3180
6404
4411
5860
6435
3799
6378
6083
7750
5529
1824
1944
6612
5331
7723
1822
2841
7326
6979
1909
1964
5939
1753
3398
7161
4809
3572
5466
7607
2187
1634
7084
2376
4595
1814
3075
637
7604
1904
2558
3072
3518
7040
2310
7058
604
1188
2255
2222
1897
6545
4198
2678
4851
7247
7428
529
2032
4273
7797
5261
7296
7924
3399
3036
7425
3870
7173
4009
4456
7220
3434
6773
5476
6652
6345
138
3111
7234
1266
3896
5848
6889
4848
1904
4391
7726
6812
1982
1735
1133
2601
6390
2395
917
4076
2054
4691
763
1217
3653
7094
5832
1949
3825
5647
5478
2401
1896
5479
3055
3346
6273
5284
3203
687
1112
861
7915
447
738
5809
3212
4947
3100
6602
448
7171
4145
17
4539
4661
3893
454
3955
2720
6275
475
4282
6251
3733
5203
6721
2159
7414
4990
115
6892
1194
7281
6684
4612
729
1043
3524
150
5698
6806
860
5606
2227
4648
4113
626
1321
2973
1098
2745
5887
1820
773
4410
4813
7810
4760
819
3945
5179
6087
7438
7085
1431
7471
3446
6609
2745
417
3416
1414
7519
1963
1270
7938
2391
4710
4796
245
3128
5378
2321
3596
7999
2224
7448
2939
6140
2698
6637
2938
6786
1628
5724
4357
3312
5433
7513
1540
4500
6419
4220
5069
3818
2391
1494
7853
5213
6763
874
6756
3362
7636
7475
3318
2859
6199
126
4534
2646
1331
673
2908
2717
2637
1493
6269
5079
4637
7068
7015
721
5274
6605
6849
3255
22
7661
5888
3230
7669
5595
2780
3400
2829
28
3527
4148
3858
3207
5275
5232
660
6770
2884
6919
2168
1538
5965
6454
2977
4718
5518
5186
6136
2949
2871
2491
1738
7199
7396
3460
550
2985
5196
6964
3971
5443
7844
2040
4685
7927
6908
7582
2404
2589
2606
5073
4571
2360
6717
1385
96
1261
5122
6159
5674
7284
6694
7892
2807
51
766
2760
405
4482
2036
1781
313
4281
1606
5838
6313
7963
4965
5793
3729
2756
7285
32
4146
1250
7533
6790
3007
2720
3958
1722
3841
6068
1377
6536
7230
2442
3832
2089
3992
5954
1861
1916
4489
109
5512
3093
7552
6598
3967
4984
2922
5820
5437
4507
4081
1739
6199
1365
5251
4626
6391
6218
5262
7273
3787
4972
1764
7099
5639
4175
6507
7821
1252
2445
6724
1133
492
6799
1636
1779
1313
2317
1580
7892
2358
6822
2067
1232
1180
7602
1745
3195
2375
57
3547
1633
5615
5656
5677
3583
5035
2102
5947
3565
1480
4056
946
1443
3776
4143
7642
1593
5206
2136
7134
4088
6363
3340
5406
4171
5437
3706
3372
6397
7579
3022
5293
1763
445
4549
4485
7515
7873
3790
5421
3321
5248
7513
1240
2814
4931
5661
6921
7790
1987
6651
3064
5339
6468
2578
5912
2952
3056
15
2504
171
2891
2952
4970
2587
118
3991
4600
2268
1226
226
2421
6378
7324
882
6152
3735
4436
3789
3939
2185
4253
3802
4511
7546
3596
6519
4117
2700
3620
1719
2708
2196
1453
5490
897
7451
3717
4130
7494
6079
6731
6883
4586
5901
7924
5858
2794
4884
842
1719
2536
4402
4247
5549
4474
2964
3467
703
7867
3289
7653
999
5175
3888
7458
5538
5167
5355
1286
7104
521
7927
4587
5934
5430
3657
4349
3927
6933
2168
3137
6588
3954
1703
4591
3874
5624
1775
7385
1397
777
4953
3546
1254
2490
5832
2653
492
4179
4073
5266
3747
7816
4709
6039
5702
5312
4462
4310
5393
2166
3738
7220
3018
2297
4362
5613
532
1
1778
5241
6738
4199
7409
4591
2117
3296
650
5389
1941
899
642
2492
6190
6533
1428
3341
5251
1957
3145
6845
205
3989
6430
5634
2161
7012
7779
5588
1110
7688
5212
2874
1107
2550
6903
1053
1856
6580
7531
1588
7752
2719
2996
7745
7646
987
6990
3953
2024
1935
3801
5810
1749
474
7408
7815
236
2290
5895
3648
6820
5322
1897
2
6028
1493
190
1204
78
4414
2836
5825
5656
484
899
6029
4749
3061
3451
1854
4067
1125
4846
3182
7259
5686
554
807
6918
5732
641
4597
3461
6049
616
3793
6762
4636
7907
2446
525
2429
1639
3059
7660
7907
4245
4157
3651
1930
4221
2853
7939
3524
6756
2050
950
3865
254
3478
6454
4266
1435
873
2576
3368
2160
6467
2455
5104
1103
5428
1023
7000
3191
7668
7130
3442
1487
9
3542
6895
6768
6339
5011
1113
6043
4184
6338
4586
5012
2838
6543
2648
5236
2608
5131
4339
6594
4132
5593
3654
4727
4797
2057
5738
251
3937
995
2541
6501
4080
117
88
5654
7071
7028
5654
4771
1103
4928
1293
7951
280
4236
2047
4936
7068
2644
2063
6985
328
4373
2808
7024
1548
7425
757
3794
5764
7886
6848
848
1668
1815
6621
2646
3803
4278
4938
4860
2741
5435
1063
5834
5536
7368
2467
4468
960
6063
2884
3691
3147
1971
3387
4984
2731
3465
7073
4512
2418
1965
7660
5415
1210
1823
2352
1625
3988
4321
5933
6178
464
5248
3601
83
3289
1769
7030
2025
6596
3918
7793
6132
3708
2180
6210
7408
5042
61
1979
6873
1160
6169
58
778
2392
4193
2617
5742
2008
580
124
2498
764
2877
7825
914
5429
3601
6963
2057
4748
2206
6101
6059
488
4195
2053
389
6238
3580
7236
2737
4529
1796
1651
3985
1921
7190
600
5231
1685
3142
3735
1792
3228
7965
1752
7874
4523
6817
6552
3026
5497
2692
5409
7417
3955
7965
5140
4266
7975
1694
6307
1033
1458
2190
3609
7689
439
5728
4140
5033
2994
6298
6407
2131
7699
952
3440
1006
1129
6079
7457
261
6673
7724
4326
1084
4714
5249
7119
2133
1493
6263
3237
2757
1400
1756
7398
6328
1368
5366
3740
1808
6180
1213
3807
2876
5595
3955
3778
408
2482
4039
1319
5438
7831
6847
7582
2756
6044
1572
1294
7663
6167
169
5443
341
2923
4883
5412
5458
7447
5022
3826
7223
3914
6744
1164
551
2984
990
5339
3656
5652
4314
3595
4772
4285
5629
5550
6886
7240
6485
5793
46
6329
1930
5441
2329
6259
691
288
2434
6032
2010
4859
6074
161
4551
4392
6072
445
1707
7221
4508
7845
2358
6918
4248
5567
6678
774
7740
1594
6755
2735
868
4669
1861
2754
2058
161
7385
2307
5065
716
4631
4343
2389
3498
594
4769
5653
6773
6640
6402
5848
6674
3351
6550
718
1922
5071
3839
7500
4483
3634
5515
7503
555
7389
2784
7063
2281
6100
6213
7284
2501
1375
2585
6413
4320
3316
4847
6777
5559
634
1636
7322
188
1594
2754
5196
2505
6987
2883
3634
6163
1984
1158
1011
4795
6835
936
3175
6996
7854
2585
7449
3799
1192
6836
4704
1480
6930
4827
538
2732
4647
4407
5159
6990
5186
3080
666
2824
1376
5487
3685
4895
4330
7817
5866
5118
4713
7611
4909
3627
2279
3532
7719
4438
3287
4813
4404
3092
5597
2691
2552
3319
5328
7405
330
2948
2305
1782
3239
566
608
2896
6277
7930
462
4131
2219
4919
5057
4059
6991
6887
3849
261
6190
1259
6098
5188
4649
893
6029
3841
5685
488
2462
2977
2061
791
459
5113
1812
3884
5628
2247
4276
213
1650
3502
3632
1920
6569
5482
252
1465
4105
4655
2260
3401
1599
3636
4318
7528
2618
1793
3385
6173
6914
5576
7284
7238
7931
2776
4405
1087
2162
7648
3073
3445
4705
5730
1144
7143
1015
3377
2144
6744
3275
722
3193
227
4272
476
4871
2802
2407
2574
5198
7313
7574
598
3433
4250
2595
4898
2168
1800
698
2932
1375
4901
726
2415
6601
745
5696
1761
206
7064
1495
3094
5901
6875
7645
531
4319
7310
3041
3253
5636
6562
1577
1805
4616
1140
603
3771
879
7684
5722
5559
7907
283
922
6267
1852
6443
1394
7726
1969
6588
7057
853
5816
1116
62
3369
6124
1938
3941
655
7394
6551
4676
2368
4930
5610
2453
6621
7296
6508
1017
3214
972
4938
4544
4073
1770
3327
3786
3896
7677
4295
3205
1053
2496
5158
5900
6701
6254
2500
127
1224
4772
3544
4724
3487
7506
2055
2908
767
5007
996
1783
3215
932
3782
2690
6172
7747
7138
2729
5130
6566
3446
1143
7958
3821
7330
6804
3647
864
1655
7643
1621
6037
4827
7415
5432
6610
1188
3569
7577
2768
3348
5971
1023
3311
7372
881
1656
348
275
5089
190
4500
1789
7681
2023
5322
4633
2933
3428
7546
1938
6281
2338
5379
2139
4490
4753
5744
5401
4949
598
1184
5627
6545
697
2515
2115
7775
1639
3679
45
68
110
569
5022
112
2439
7095
4900
7753
1238
6767
2793
7590
7820
6379
6757
5987
6859
4287
3775
7667
5499
6711
1563
2441
1622
6475
2611
1299
4911
6435
4792
7976
3827
197
6062
6775
2342
6943
3113
1459
5939
2715
5854
3399
7215
7208
2341
6204
1379
5574
1334
2547
7476
4510
3798
6082
3446
5344
7703
883
4992
7666
1149
2338
1762
1549
7582
6567
477
3177
3468
6942
1754
3856
4043
6027
5535
6379
4553
1164
6787
731
5614
1411
2654
6972
897
2578
7784
7914
5044
4672
7141
99
7819
2027
5859
2552
7018
4273
3776
6009
1843
3551
7831
3184
5774
3067
915
3253
3310
5098
2480
5976
5593
4487
4266
6258
3908
976
6318
3687
7496
3965
2451
1032
6295
6882
2627
1459
1059
235
7668
4940
1849
2756
481
7820
2839
4117
5735
3571
2598
6807
1681
3789
2645
2831
5580
7364
4738
4038
6363
1470
2434
6896
6675
3697
5941
3437
229
1778
6894
6014
6984
2651
5598
4558
966
4042
3236
7595
5801
1119
1232
7211
4792
1177
3715
2719
4787
4559
7742
2401
5562
6587
5455
5011
3633
1185
1634
3505
2008
4234
4574
741
6159
4254
4661
480
2220
872
1508
5038
4571
5323
5531
5907
5710
388
7249
1032
6916
1711
306
5110
4105
7941
2707
3242
2975
1394
3682
308
2809
3943
1964
644
277
3504
4484
3363
3259
4755
2391
3116
2866
363
2521
5941
4457
6713
5698
6720
6036
4311
7815
5514
520
4568
7752
7648
3160
2465
3298
5031
700
6203
5201
3673
720
966
7849
3853
4792
4418
2364
1576
1299
4968
6343
6544
4195
3376
7051
5961
5019
768
7034
2666
1017
7253
7596
2998
2927
2624
4836
4325
2505
605
1346
1781
7886
7470
412
3243
761
4902
1986
4544
4332
4523
1555
1060
3439
1422
2528
107
6055
7343
1925
4532
4354
3411
6276
5251
2300
1505
6530
4352
4428
6031
6365
4784
2839
542
870
1889
5473
7117
5824
5554
4605
2755
2702
6993
2743
6245
7963
191
979
472
7047
953
5981
3663
5132
5515
4358
3410
1586
5376
1225
3088
5788
957
4766
2778
4115
5130
7993
6532
4762
7499
4716
5258
966
7011
2254
3536
4382
4878
7660
7065
2443
3552
5532
2133
6322
2505
6025
6861
4648
7448
6949
1904
337
835
4508
2867
6343
2212
4869
4317
887
5190
7945
2646
6766
2298
2907
7264
3585
2696
3054
3265
6190
1287
4267
3554
2788
4232
692
2021
2520
3961
1714
4474
5399
7552
5271
3934
3128
3380
5483
3062
229
1946
880
3753
5543
4607
5253
6713
6122
2713
3058
1083
6365
1297
5596
3396
171
4455
416
2268
5364
5274
5620
5032
7124
2002
5109
4683
748
644
2291
2611
4643
5352
4607
7000
4613
6561
3237
5155
33
6874
6267
7067
1325
3376
7998
3443
137
3235
3987
7127
1999
2808
2466
5156
6851
7419
4104
614
2310
1618
7499
375
6024
7615
3625
1213
1375
5962
441
5488
4461
2573
5282
6030
6157
7565
642
1759
1707
4919
5919
2828
3195
2766
3710
7080
3493
7018
4011
406
5837
1641
1031
2274
1157
3610
515
2855
5665
739
4772
78
1965
3773
2030
5038
4617
2533
6663
5269
5957
7311
7316
1403
3654
5087
6194
7009
1222
4627
2831
3742
6567
7956
447
2367
5757
4168
7213
4124
4024
3716
3000
5182
1529
3319
4969
6913
3453
5838
2677
2481
1485
3384
1216
4629
926
2178
297
6029
4305
7393
1258
1495
1151
4355
832
1229
5473
4400
3069
6132
7881
7576
5459
7306
5585
5281
2263
1883
6592
7194
1377
5861
779
3233
5582
4264
6370
7560
1522
7652
5887
2559
7773
7900
6013
3070
4906
2916
6233
5655
3154
988
2864
4570
7894
1842
6389
6615
5313
3772
3194
2477
3169
2764
6741
209
505
7208
1952
5022
1902
4677
2115
5946
6796
5134
7001
7700
4876
4274
4007
6580
7893
5032
2581
7495
6775
6388
373
1599
6710
4078
2778
961
5816
303
1549
856
7678
3002
4520
2140
3028
6274
580
2137
1282
743
640
938
1511
4000
2400
763
4071
1596
116
2452
3332
3718
5746
6919
2804
6277
5159
3058
2210
4980
4232
7435
5390
7234
4761
6139
553
6534
3250
41
7205
6328
5563
4950
6098
4372
5128
3142
2433
4484
5112
1595
900
4192
3691
3086
3238
5555
6353
6460
6767
7297
360
6727
6864
3745
824
4942
2216
7690
3047
5749
550
5256
7385
2538
4306
877
6262
3023
5059
2487
3475
7408
2915
5487
3419
2701
2696
7889
1851
6896
5183
1572
6441
6060
2803
1055
4523
5084
3694
1279
7206
2807
7345
2311
2424
2144
727
2631
3940
1766
581
7116
766
2091
1302
837
862
5234
4803
7475
397
1966
7735
3872
1901
884
4324
845
5263
2994
6061
5619
6772
839
1470
857
6076
677
3607
2262
477
3617
5141
2411
4320
1608
2153
3826
4863
3253
3039
1746
5321
7420
2975
266
2104
4346
7230
7966
467
709
775
5611
2984
7489
4598
4760
3882
6521
1100
4458
4679
2642
4391
1381
6666
4128
180
4867
7707
1577
6605
7593
4828
1590
653
6647
1977
6145
1035
1472
5771
6355
1473
6078
3717
5477
3266
4880
7838
1534
1053
7390
268
6991
5364
2875
3563
6038
855
4942
3021
4640
3625
2845
3910
3612
2089
6871
3039
6429
5943
1224
5663
6685
589
3771
5865
4262
1833
6029
576
860
3115
3578
4479
6817
3102
6156
4088
5552
3248
527
7862
7820
7669
7124
7241
3975
1678
1188
228
657
6728
4398
6936
1585
5342
1010
7104
258
3858
5202
1859
5875
7145
4791
1646
4468
4725
4070
3926
5285
3831
2707
4364
5744
989
6845
1107
2164
2179
7488
3291
7744
2558
2420
4638
5797
3363
3235
2579
2353
534
1747
6855
3555
2443
3711
3634
2525
6625
1803
7706
6773
2831
2347
967
6888
2296
2928
3108
4089
3315
3332
1750
5284
2007
2913
1453
7452
2200
7006
3757
5620
2343
4435
4663
2689
4597
5354
4070
7641
7953
513
2972
5796
5554
3797
4411
4266
2405
6579
5477
5290
7359
5392
4128
1514
1927
3232
1569
7083
5773
2159
1484
491
7250
3997
4268
3745
4042
5790
762
7324
3131
6973
2974
6016
124
7627
6529
4238
4083
3697
7091
1057
108
6030
2040
315
3993
1240
6377
7470
3136
1675
2061
1553
2813
2879
5147
170
6813
7862
3716
4429
7359
3650
5462
2084
2074
7943
894
1285
1576
5654
3999
5169
2959
1277
6347
5837
5342
4987
6899
7933
32
5483
6288
5247
7249
1011
3135
3701
809
7281
6012
1064
1274
6333
7261
4282
7056
2004
3819
2375
1818
2268
6380
5022
6563
3563
7126
1786
1574
6131
1990
4168
161
401
6349
3889
5537
2173
865
670
359
4721
850
513
6024
7576
2886
4152
1521
3320
6094
2655
2100
5584
4340
6729
1122
3644
178
3277
1389
7981
3744
2667
2949
3261
937
115
3962
5706
1079
3671
2136
916
2783
5774
4566
1933
6418
6397
3505
3253
5271
7779
7880
7462
1224
1740
5199
477
1804
7859
1234
2176
4093
7180
1591
1322
1539
7018
6405
5495
4531
6718
7211
2824
800
5083
7802
333
3316
776
6568
7138
5973
6253
6485
7265
2918
6094
4545
1225
987
338
4087
4118
6980
5523
1090
7405
3839
3050
5436
3831
5536
2601
4117
7154
5486
7983
2243
24
5477
7786
782
3732
2341
7400
3536
2733
3976
4254
2069
6061
7782
5971
287
1716
5155
4490
1307
3148
7386
2300
6569
3958
4151
5899
7206
6780
5924
2529
985
1982
4357
1013
2113
5790
7537
1447
4166
5463
3075
7495
5662
5501
4355
4252
6227
430
1509
6676
7244
7323
1130
1921
67
4275
2466
2992
3259
3053
1207
7245
4158
2143
28
7360
1962
3453
5481
1713
3228
2228
3538
6254
7285
5316
1307
2126
962
2594
2162
2047
249
2996
2842
2606
5516
3531
3103
168
19
3819
2887
461
3760
1566
3135
2239
5556
7879
4687
4345
2026
5159
5215
1336
2667
228
6871
5254
2016
4359
1352
6630
5187
3047
5372
374
3135
2252
5070
1385
989
3016
4869
3671
2848
4976
6576
4359
522
3077
4882
1667
4876
4256
6587
3747
1959
7011
509
3902
4099
6814
931
6151
1272
765
6623
6979
4505
2862
239
2899
7991
1238
3468
6926
7896
415
6691
2554
3376
7682
7566
3860
7380
2795
5754
746
3485
3823
987
2109
5435
5659
7331
5187
1684
6528
4486
5296
3232
4100
7535
5655
7242
1750
2511
6893
1917
3723
999
974
6360
3145
2286
3272
2216
5766
4174
5636
595
3028
2996
2302
1637
1354
2957
5900
4766
3929
338
159
6170
5091
1321
5825
1873
7870
5269
1078
175
5265
7014
7646
4621
1041
2932
5181
1655
785
3500
6665
1262
1261
6605
3566
4073
1788
3929
3618
4221
6536
7202
1412
4682
1939
6001
2428
1316
1962
7865
6414
2320
2837
3051
7086
5074
4213
7910
3689
5224
2453
1911
4764
6078
3403
7355
5270
486
5620
3210
1762
3797
207
4439
7062
2091
7966
2694
1736
4054
4121
1649
3966
4781
5563
5897
1759
1516
3800
3629
3507
1437
4534
7673
5824
2036
5956
1616
66
1597
5390
1744
5809
1263
2908
3284
7019
1929
1332
5450
1034
3189
3342
4016
2995
3500
7882
7922
3244
7289
2227
5837
2101
4956
1063
2686
5457
2941
3383
1974
4030
3316
3189
4806
7027
5393
6520
3715
3731
6886
5436
2632
306
4221
217
3568
1600
505
1142
6296
2228
5868
535
5398
3375
2682
4870
2052
2112
5004
1507
4285
881
1117
2390
7008
97
1903
5699
1625
4501
489
7642
587
2001
5640
5514
3178
6548
4325
5896
3580
6048
5902
4704
7503
3487
6334
6879
3815
4195
7626
1247
148
7200
5020
3151
723
98
4860
3326
3389
512
1599
1731
6476
6053
370
1379
2573
2692
3168
1583
6846
4136
7304
3540
5279
2192
2186
5843
1150
3642
6687
1625
6881
6396
7413
2029
1141
2638
2381
3432
4721
2609
1362
6082
4830
6955
4092
5314
2806
3454
2710
4029
3505
5425
3219
5108
5292
2164
2928
671
6507
3478
7357
6317
4443
5574
3747
6952
6065
7750
1264
4568
7928
1253
7230
3494
1084
6587
4787
1719
2623
6434
4948
1271
5859
3303
6017
132
3514
1181
155
6497
5183
5413
6748
1104
2512
5315
4200
6048
4730
5200
1101
4514
7442
1968
3788
209
2069
1251
7252
6776
633
1955
7658
6478
1751
3986
4888
2487
1754
1127
5964
1343
5689
6096
1578
7815
5615
5499
7435
5726
27
7973
6526
4346
3048
2431
6065
7059
4704
5166
5470
1869
4660
5550
3680
2218
4639
1666
4726
6923
7327
5493
6352
4876
6769
7310
414
4818
7244
4530
1868
67
2416
5347
7798
2695
6095
647
1258
6742
7825
294
3581
2099
6997
2700
5857
3978
6799
3045
2362
1795
310
5651
7727
4065
5188
1587
6662
7727
6169
1543
4932
2296
7414
6014
246
5820
4560
3197
7317
490
864
7848
2693
1444
5794
7997
5993
7811
444
964
3248
2885
4515
745
856
1886
1805
1850
7653
7728
3390
2892
272
3124
6254
3326
2786
7510
7632
241
4365
5574
2738
3241
3653
1200
6372
142
7524
2854
3875
7885
7420
613
6082
1126
3142
726
6916
6181
6138
641
1796
5984
1107
5601
7782
4834
1000
245
3542
2155
445
4783
6042
6751
5738
2422
1986
6782
1641
6134
3253
562
7609
34
6199
6643
3668
6712
2416
6599
3375
3899
4068
1390
148
1188
4661
5702
1563
1383
1272
4608
4623
3516
1320
4718
6084
325
2157
3848
799
2041
3883
7893
7041
3446
4402
7419
3799
3050
599
7391
4609
6171
419
257
6081
7297
6832
5190
2564
4728
5974
5717
4986
5263
653
494
642
1829
4528
182
4121
4631
7718
5248
1376
4319
4599
6148
5860
6350
3653
4445
386
1620
159
1874
5912
4000
3277
7582
6766
4289
6782
3177
3192
2309
3979
4179
5287
4935
3743
3361
5090
4537
3459
1334
4470
3392
3247
4646
6536
590
6337
1759
7314
1703
2799
5363
3186
7787
6675
7038
6669
622
3431
728
7652
2574
5731
1940
1838
5921
2299
7478
7820
7358
4307
2587
4012
7429
3359
3763
4594
632
6547
5617
6764
1357
420
4276
7269
1653
6229
6632
1486
1221
7582
5366
7064
3301
4243
162
1893
1395
2306
6555
1009
7297
492
5602
3620
4321
5646
2440
5888
4615
476
4550
4505
593
2014
6434
4382
4540
7467
698
3415
3488
3494
5555
1516
1103
171
4395
4772
2270
6342
2609
3931
2219
4786
6041
3742
1187
4467
2641
4078
1839
4811
5568
3624
7867
1842
6495
7665
5660
7162
2418
4247
2669
5629
243
4439
2537
7920
6924
809
6483
3866
2210
1337
3550
5285
6763
1269
6495
5437
1906
6173
3563
6989
7924
4173
5125
6063
6615
951
7377
82
1930
2035
4225
2135
5882
2483
6460
3672
2122
4830
931
6548
2145
2861
5956
5237
1741
6743
5661
6919
4275
434
5041
4678
4002
886
5839
4207
2850
6878
3583
6294
4061
4786
6208
4801
4196
1973
3217
2154
344
7744
4501
762
3662
6007
35
7798
7871
7453
6112
2396
2087
1066
6060
1728
3707
5658
5604
4066
5384
1046
2251
3692
7100
5820
7162
222
232
1284
4928
292
7705
6515
4092
277
3701
2697
5121
1481
6920
4175
316
5859
3905
4998
3578
2822
7626
4015
1424
5934
7144
5689
3666
3885
5593
7194
788
2720
277
557
1809
7443
2171
4646
4193
3586
6662
1299
4627
2487
1776
6501
2658
3997
6530
598
2060
6226
1858
3790
2955
6164
6035
7297
6360
1497
6777
2703
3544
884
426
4386
6404
992
5189
4560
4831
5953
2580
5058
4555
6484
6500
6087
684
2996
1104
6427
1954
3605
6035
4578
6380
4407
6697
7176
667
4195
2384
1986
6637
7597
3581
2214
2193
807
2442
7972
7904
658
5488
4638
1330
7563
3507
3918
680
7302
1250
2056
1792
2538
3572
2526
5217
7480
2017
3599
1390
5763
4843
902
6564
4018
4270
2780
1275
962
6294
5159
7217
1626
434
4239
3277
7306
7454
2610
2321
3776
1906
4648
5084
2767
1020
6574
1897
3780
1868
3695
3300
547
2303
1777
6396
6122
2205
3022
1213
7158
6201
7743
3239
7524
4658
854
933
6690
4062
4667
4856
1430
7732
6583
6832
6308
5848
4709
3578
1159
6887
7546
2839
2050
1131
1118
5614
2162
7903
5091
7019
6970
6964
1631
3945
5509
1083
1035
7930
5066
2709
6417
7066
5171
3943
366
1254
4893
6382
5636
2848
4718
4784
6352
5956
2084
2496
2046
6236
7649
1356
4907
5861
4957
1706
7966
6245
2203
5796
3607
5641
5861
2906
1970
3149
6061
5804
6514
4176
2147
740
2977
7561
3927
1689
1660
1502
2502
6570
925
35
6512
3034
4156
5389
2522
4847
1359
4612
1988
1791
112
5890
4292
3678
1735
3132
7806
6023
4603
173
2992
3465
5052
1413
187
5298
5148
866
4953
5758
34
1497
469
4159
182
7545
6815
1907
1848
452
5492
1343
4833
810
5007
7634
290
6470
7028
109
7581
6726
6480
128
2645
5444
4116
507
5871
6984
2543
6986
3412
1459
7708
946
6479
477
2252
5186
1373
4144
4644
933
4067
2557
6644
5333
6333
1726
7800
5990
200
5244
6698
3500
1959
348
60
3824
6426
3305
6363
7386
2846
5245
2547
2247
2357
5087
4670
2977
5242
7866
2270
4171
3912
2146
7632
1359
3013
478
4357
2151
6412
4125
3168
2324
1733
7285
5401
1001
4769
2015
2494
2572
2461
5599
6101
6552
2662
1465
1276
3543
1247
7787
2096
5199
228
4230
7432
2699
4367
2815
7634
436
3887
4274
2495
1057
5450
3584
611
2666
6435
3075
4900
2651
6017
1817
2546
2582
4004
3626
3412
547
4969
798
657
7490
2826
4702
953
1994
5841
4154
2761
5806
6444
3911
2972
7605
5741
6504
152
4091
6595
7662
5841
2247
94
4791
6567
6528
66
3640
1586
7318
2102
3592
2087
297
3294
7531
3345
4856
6496
7537
3973
1532
6610
1497
5699
1465
564
3680
4145
6483
5440
5534
2653
5766
5387
2889
5687
1525
3322
608
455
2179
3268
5253
767
4443
1708
3850
88
2134
3785
7572
6116
7414
535
3115
3969
1702
5383
3924
2600
7877
4146
860
407
6896
5984
1495
3101
4709
1512
4824
5222
2568
2442
2569
5652
5440
1716
98
4552
5264
4806
6399
1440
882
1422
3352
7870
7341
667
64
4381
81
4112
4198
1980
7778
3219
4493
3480
1880
1666
5295
6044
4551
6160
4896
4368
3890
6403
3999
1366
7664
3135
6281
5460
7809
2310
345
5644
1672
1665
3747
5360
6950
1788
5368
4107
1161
5760
7797
7776
6492
1032
2261
2748
6506
1867
3172
5712
5942
5786
7067
5218
3288
3589
4886
7690
7045
7663
3168
4812
2237
6427
7903
7268
1235
3793
2912
2073
1201
1769
3754
6477
839
4934
237
1032
2576
987
6315
1883
2228
4952
1545
5391
1285
4123
4832
5174
5990
4623
4102
448
5385
7275
7989
7165
7532
5822
1111
1054
6436
6063
2961
417
482
260
3355
1512
6617
249
758
4842
1768
6676
2896
2502
5113
6908
4471
6002
5284
2800
4061
413
1120
5315
3086
4899
6191
3826
6535
6093
3583
4147
5829
5794
2439
2716
3577
2557
6370
4337
5131
3347
2210
6266
6756
1277
4038
4947
3669
4511
6653
2000
5325
2946
1377
6206
5395
5956
842
1857
3667
472
2899
1972
3929
2711
7851
2178
5831
1322
7170
5895
2680
7820
6847
3346
3601
4851
7046
3318
5812
7763
5871
3738
3051
4698
3902
3514
3927
1296
317
1395
3017
6167
3714
2291
7623
832
1389
7623
472
4009
402
41
4226
3039
1376
4416
5646
3512
1189
5064
242
7971
7380
4420
5334
2795
1181
6005
5895
6672
7847
6214
5647
4949
4692
7295
6082
6035
6312
662
6874
3976
7347
1643
659
1843
3823
7380
4613
5388
7184
4434
7703
2658
2514
1129
4919
787
3259
1635
3647
364
7073
3286
7440
6224
4777
3246
1522
7209
2344
1199
720
1654
4298
502
7321
5509
6977
7920
7750
36
3912
5385
2192
2632
262
437
7889
159
6596
3080
4608
1364
5596
2866
7659
1186
4523
7261
7367
1704
1442
329
5771
6240
250
970
725
1591
2631
3518
6172
3166
6775
3605
4339
4444
5237
66
768
5782
7651
1070
2258
3601
1231
494
1476
1774
6894
4893
4220
3442
6302
1902
7719
7226
375
4827
517
3597
7524
4255
4713
345
4900
4001
253
3601
2298
5336
6887
3049
1120
6932
5245
2283
923
6179
1325
6416
1936
5380
2784
958
6227
5900
307
5147
518
6524
1431
958
6319
4619
797
4988
5712
1618
3392
7262
1973
7712
4172
4435
896
6493
7746
6545
3058
3702
267
1367
6487
6579
6583
3886
7633
3687
7468
7012
1479
7902
2856
7194
7198
315
6477
2352
4098
6936
572
4971
4421
2480
213
7222
5162
7054
1518
2129
3002
12
659
229
5328
2939
6556
6479
1336
7385
3307
5641
5440
3970
1311
3882
993
3848
6587
4606
6115
7251
6842
1094
1675
1566
2064
6775
2122
73
4579
5854
116
1815
266
7333
3792
4060
6243
4827
4484
5729
7410
6429
5412
2897
6813
6795
7560
7566
4985
7682
6233
6320
6009
4659
2466
6106
6723
2174
4233
2350
4778
2943
3637
6228
6716
3991
6054
1826
6353
3982
987
588
7001
1266
4066
5048
4492
6413
533
1596
4826
4572
4886
6109
1313
4451
6025
6568
6382
1556
5451
2678
4327
258
3818
4603
1944
6105
7624
1050
1781
5876
3641
4841
4864
2615
1985
5060
6480
236
870
2971
4970
5585
5037
7592
5298
7634
4931
7224
1329
5471
6176
3837
5840
7338
7322
5651
4716
4325
2695
1849
1774
2088
1347
240
5747
371
690
1098
3315
3397
7695
6240
7454
7920
5426
4163
7019
4761
7837
7139
4453
3076
6922
6781
3003
4492
1493
3698
2365
2615
1951
415
3264
1716
1732
5509
5826
6836
2091
212
6908
6939
6752
1373
3241
5036
7709
2160
5820
4740
7672
2777
1181
5328
1312
240
2126
4450
3686
2888
1738
1612
7220
2541
5153
3811
7170
5009
7667
1975
1054
7399
6044
5136
2675
3
2777
2849
7859
2643
2276
6773
4362
6144
6141
1452
666
1001
4621
3829
1212
5100
2607
6604
3838
2611
6686
7625
7166
3310
6633
6840
7962
7372
4263
1691
6759
7363
1956
1577
3598
2290
5472
497
5706
3758
