5388
3894
983
3531
689
7714
2364
2866
6621
4719
5593
2816
1000
1087
3592
3381
5626
3542
7212
1003
4709
2935
852
4139
2068
2788
2678
5634
6924
3104
3404
662
3715
7370
2693
2548
1177
2892
4614
1755
6665
7080
6087
743
268
7378
358
1993
6841
6280
2780
1739
1657
788
4958
2260
5698
6471
1048
3955
3956
3720
831
7503
5259
2994
5453
3856
7986
3572
1488
5381
7575
3332
6464
5613
4990
1929
5601
3800
4266
3870
6410
7524
1379
3371
2227
4878
2868
2582
1109
4715
6274
4339
7674
1174
1064
5633
6854
6336
2080
5948
5892
569
6815
2392
7908
7076
6158
2756
2208
883
7928
7654
3640
48
6243
3548
2714
7876
6561
3303
2571
6068
5557
4006
621
1230
178
5365
2509
5618
7130
2598
1920
1686
1664
1101
6828
3952
7815
2535
4089
5672
6254
2358
2727
2229
1866
6713
3625
7442
3777
7339
4555
3071
3913
4708
5320
6004
4768
5742
4263
1429
3419
7373
5032
2304
917
1382
2748
1340
5274
4447
4307
757
7460
4958
2240
6538
7366
5529
7586
4503
4165
973
4314
896
7607
7037
794
6361
6641
3081
4726
1696
6809
7979
432
675
5327
779
706
1229
1779
7537
2001
3453
200
5883
6089
5652
3408
2083
2840
3900
7213
1648
6006
940
3180
1248
154
2355
160
2268
2527
6761
7258
2459
6270
2711
3295
1738
6805
261
6276
1374
644
4716
4977
6353
6115
6690
3568
7435
7273
3089
196
1941
404
6399
7974
3147
5750
5713
976
760
5341
5481
3755
6972
4337
4869
2603
810
4097
183
7890
3561
4673
6842
5849
6646
1256
6139
3509
3322
6571
3414
5943
7533
2138
50
2541
3444
7894
7337
1988
561
791
107
1617
5794
2079
2636
1255
4266
514
5682
6156
2041
5233
5566
2591
81
3373
7409
2556
5942
326
1626
3319
3608
1236
7163
5067
814
6928
4661
5157
6837
5008
1550
3777
2215
361
6941
3306
1693
2791
4163
2798
2882
254
5157
4204
526
2367
1201
7372
2903
940
6538
2869
5864
1277
1174
7773
3670
7585
352
7456
450
1535
7134
4425
750
3369
4110
3460
1528
598
6658
4785
5290
6109
6508
5365
1642
6494
4198
879
6506
4764
6162
1097
2320
1091
7766
5231
5939
3747
600
7953
7862
1956
765
2433
2222
2227
4226
1552
7007
790
1275
7690
1410
3963
2593
4481
692
5379
1362
1154
7888
679
2015
7945
1185
6665
7312
4222
5695
6085
4367
240
5440
6061
596
7149
268
1795
6662
3306
3332
3923
7544
6941
6830
6695
7256
1457
6617
4400
1058
5762
2444
6178
7879
328
6753
7979
6362
4712
7253
761
6942
5908
3164
2698
2320
5501
6504
700
6853
4488
3535
7819
1722
1377
6696
5890
508
1550
6378
124
1043
7953
4298
6741
841
4648
4794
875
2964
6623
6633
5914
4772
7478
736
5172
3031
3184
7281
1837
5426
1021
1980
7298
6560
6764
633
2521
1644
4624
2322
4580
7467
6032
6468
7407
3034
7537
4371
3017
2090
6989
1105
1263
6643
921
1866
1103
5283
5555
2897
2327
7406
6247
2628
5140
5446
7042
2411
3672
1757
1279
2135
441
5325
3957
32
480
4487
4020
7291
5100
1100
5895
6051
1210
3614
4395
6557
3431
3232
405
3993
5805
6019
5622
1821
7990
2077
421
6828
404
7295
2945
2574
3728
7467
7841
6001
7163
7110
3128
4961
1606
2010
7087
5040
5114
6359
1122
4334
1721
7940
2784
4599
6378
6354
7850
4658
1369
1803
3255
1307
3596
7925
4780
1218
135
3349
5035
7416
433
5410
6876
2772
4165
4942
482
7236
7456
3690
3440
5711
5162
3530
1254
1832
6327
6043
3702
1482
7640
1364
7077
1560
263
545
6848
2315
5285
4927
5879
836
3270
4654
576
3448
3654
4510
4554
2083
3779
7223
6758
5285
6990
6327
4246
7684
6647
4436
2771
6782
5685
7842
3779
4573
7785
1538
5803
5005
7217
4163
4296
5538
2630
5214
6239
5
6275
2004
5723
327
5825
2396
3304
1512
7804
3799
7737
3518
458
4442
7515
1142
4830
3272
4617
115
1118
6832
2797
58
3283
1394
596
3620
1356
4244
2474
5368
1273
7793
3338
7207
7516
6248
1195
4148
3812
4928
6064
7969
1277
3684
2202
946
3959
153
6812
5423
5974
5154
1946
3697
4856
6059
3446
5707
1688
1444
5609
1651
4916
5246
1936
2758
4518
6839
5418
4532
6516
2025
2589
1182
5192
7961
1391
5105
2125
7190
4492
1923
6254
1379
4802
3424
4177
6073
2301
3079
4454
1658
6645
3260
23
2769
5495
3282
5154
175
2939
6389
1316
998
1752
2838
4772
3372
4710
7655
4128
1784
6923
5186
6727
3601
5734
7375
2676
1098
2558
6438
3550
3276
158
210
165
4111
2293
1766
2842
212
7742
5099
5302
2626
2054
171
112
2270
7332
4887
2319
1876
6636
1198
7134
2326
944
2105
142
1098
448
6274
5355
1637
4006
7685
7063
4871
5700
3314
7063
7936
3039
6820
5459
7810
6051
2020
2867
3332
2419
4411
2058
6316
4393
7962
1760
3013
4487
3681
2660
3674
7966
6943
738
2639
880
2825
6409
6534
2435
6952
2846
219
6210
3754
5717
115
2502
7171
7694
579
2120
3713
4364
1141
6114
5631
7200
7885
2486
3713
1653
3981
4571
5989
2833
2020
3112
5830
7272
3163
3538
1110
1139
3723
6620
3523
835
3399
3241
4810
3983
2907
3889
2017
3436
352
4151
6014
3568
7508
1558
7689
5854
5422
7412
7432
6056
1739
2154
5085
7670
864
1065
3785
2080
7625
6810
1060
6025
2657
2844
686
2524
4564
5660
3669
1034
2362
2995
3122
5954
4740
3430
6009
5545
452
5353
5529
3217
6380
5165
1245
90
4603
5629
55
1798
1883
7804
7207
4220
7800
5510
6314
2138
2164
7184
2521
4374
7793
4269
337
6532
480
4717
1938
5863
3900
4946
6147
3213
952
537
6811
7873
2415
5792
1481
3491
4206
7180
6262
2451
1408
3782
5395
103
5156
2911
6537
2141
1690
4493
3266
1840
4345
892
5838
3328
1245
7784
5313
2395
7135
321
4346
1654
1755
3511
5138
6808
7150
889
2461
1818
7503
659
2057
6661
6102
3287
5904
2141
1201
6179
6835
1399
1096
303
1112
2615
6922
4164
2373
3813
5252
2244
5012
4272
7874
3593
4892
7046
6804
2273
3949
2619
5873
2598
1360
3937
7125
3823
3189
6182
3411
4396
5076
3329
144
2580
813
1977
527
2361
2888
3402
1516
877
5862
4905
1847
7435
7513
2045
6391
3516
7061
1898
5652
344
7356
790
3721
2886
7117
3956
6514
4025
6178
4989
2662
7854
5448
3504
5489
751
6974
4239
5168
3184
1009
3755
3218
489
6131
7750
2250
3562
7725
7287
3937
5960
7599
5688
7627
691
7832
6257
5297
952
1967
1606
5573
6719
4125
2327
5963
5985
794
2275
902
1339
3778
7356
2501
2564
5892
7133
287
1535
2239
955
7685
3540
1622
6826
4248
2123
1662
7686
4116
4133
3206
7208
582
3932
552
3995
2822
4200
863
5150
7302
294
2956
3499
1483
2992
5926
2958
1036
6759
1403
378
160
3824
1451
5518
7213
5712
4768
2939
5866
4919
6125
3117
7928
2497
585
2373
59
484
7323
3297
3022
6707
5496
2491
5953
28
933
6065
893
2550
59
1333
2270
2151
4400
4956
2817
5781
4432
2332
686
4291
3781
2379
7606
4733
4605
7717
164
3948
4385
7892
2507
6842
243
6153
7786
2687
2576
7610
4679
21
5990
1448
3656
3568
4968
7017
5888
3360
2528
5662
432
7975
2780
248
5741
6612
4711
5342
3217
7341
3127
7049
1176
6552
2263
7626
7982
2505
138
7043
5428
2920
7351
6991
1377
64
6083
2564
1681
84
1888
1535
5604
5407
6539
3367
6116
7817
7173
7019
2010
6462
234
425
1287
7018
6102
6319
1686
6722
735
3583
5717
2635
3177
1047
2707
6736
5801
4522
1557
5595
4805
4994
5631
1863
6986
2809
4054
3151
6234
7466
6743
6541
6496
6943
1829
6694
7172
459
5813
254
4060
5222
3574
2930
1702
5890
4502
4408
6369
4364
4601
6804
3212
2264
3192
5746
3142
5300
979
4131
5902
4759
7964
493
6391
3145
3734
5299
2361
6488
1217
304
6504
6327
7487
7361
2443
3562
2368
4469
4471
4946
5278
7424
5636
149
1130
7606
4376
3528
1193
5489
7062
6330
6415
1004
3051
6420
7096
3009
5898
7073
4436
3474
3685
2431
2280
5549
5837
1518
779
1063
4148
7078
6209
2400
4818
5988
1555
3085
1013
2753
5897
6031
6523
6959
4188
2567
5427
2630
3100
1298
5469
3716
5537
7635
7485
3616
7739
738
5946
4928
886
7369
4447
2516
2863
4604
970
898
1679
5697
6893
7560
6205
3609
2811
6456
3256
4485
402
715
150
766
2132
1962
2865
5762
1617
7203
2036
7655
5908
1115
6652
1521
3967
7048
5910
7673
6738
6717
6624
2103
1095
4418
6863
2286
2165
4566
3426
5820
5203
3323
327
2812
582
5890
3405
865
4802
5599
5149
6899
4959
7103
7409
1989
4915
2307
2408
5244
3716
7069
5876
854
1080
2756
1418
2010
6599
3738
1217
3870
3795
2643
5089
7321
3319
1197
5356
4953
842
4575
6662
5031
1981
6061
2126
3139
4427
3486
2128
1186
2317
7683
7159
6004
1435
1060
2107
5000
6646
5430
3483
3543
3967
2127
7594
7960
7167
2720
6206
1625
3508
6809
1254
7026
227
1938
4771
5556
1287
1597
3076
1584
744
2239
2740
1685
1635
1116
5705
5544
6102
2776
7895
5972
4772
3587
4996
7975
3626
7113
619
1610
3387
3550
7764
1786
2902
5399
193
2761
2570
1201
5064
5782
3133
7576
3477
455
586
808
6346
2293
4736
7683
2076
7073
5259
2280
1369
7713
4947
5032
2492
1858
4983
2079
185
1234
1357
2788
6339
4262
23
6916
6186
5573
3809
354
1797
7407
6240
7992
2668
6061
3806
270
1744
3615
1939
1390
3833
4437
7299
366
3507
5264
7355
7724
4132
151
4312
4097
3809
6633
4502
6273
7073
2946
87
1807
3208
5688
6682
7583
7566
5101
3626
1344
5043
3376
4433
3344
3960
725
5305
3932
2391
3404
6368
4206
7609
2645
5712
5200
3308
641
7547
967
1263
5083
7151
4302
3740
4321
6829
5655
511
2628
4885
4733
4267
437
2588
3050
7641
5744
4769
499
5335
1250
7849
2734
511
2351
5000
1115
5762
6471
3460
7955
1148
7554
4919
144
859
5155
5290
1432
5517
7763
1620
4288
6883
5211
5718
655
3575
6968
204
6673
7413
5707
1340
8
1208
853
4003
557
2600
131
3739
3322
6312
5517
2311
5976
3146
6555
1563
3477
3034
1297
4673
7461
2668
2503
4529
4449
6184
5483
4632
3914
1342
6812
5264
5777
5267
3975
6482
7539
7068
1545
7120
5387
4752
2122
3167
4197
481
1956
1174
6602
4190
5299
3338
6723
5451
5688
3712
6744
3755
4198
6680
7160
999
4079
7733
922
5180
7741
3323
2627
5613
6201
7176
2407
182
7707
6672
6336
4237
7744
3131
5895
1490
45
1266
863
744
5111
3033
4866
3348
2846
131
6216
7782
110
6801
5439
5080
4364
4815
5323
5455
7589
1793
5830
7083
4569
1221
6424
1686
6605
6483
5511
428
5465
138
6344
7577
2749
3731
6936
6212
1017
6876
1003
5558
5833
6922
7489
2160
2455
6749
1227
1596
4897
1907
682
1602
3126
327
3172
4108
1842
913
5938
137
42
993
1213
2801
6804
2375
7967
1125
4030
5621
860
1009
7952
7545
3934
6930
6243
1693
6114
6292
5565
3307
7008
958
776
6800
6706
6366
1441
6498
6659
214
621
4551
2229
1656
4125
7195
2265
184
6197
6745
6961
5643
3512
5256
6255
3992
3502
4555
1240
4020
2157
4699
7851
5369
5540
2872
5207
1720
7777
7182
801
3615
2966
4838
5372
4557
6597
4067
4234
5192
6433
5046
1711
1438
2770
3
3971
7128
1812
3078
1636
3939
5857
485
5486
1987
1460
4909
7572
4291
1648
7947
4632
7570
5823
5917
6154
7099
1722
4351
5812
6699
5906
7723
6432
2185
3978
3148
4953
993
3841
2968
2975
6844
1580
400
4490
5901
4227
6434
1420
5562
1008
1742
6726
5907
2277
6075
4188
3262
6052
5594
4030
972
4286
6975
6333
273
2763
1102
3400
7758
3526
275
3460
567
1494
5441
6608
4040
6967
4123
1215
1916
1126
1650
2026
4549
3356
5877
1273
555
4902
3533
211
4495
6994
6284
2574
2342
6611
6262
5908
3990
7596
6152
1596
6408
1237
5009
6465
3518
7144
7638
4907
6191
4255
6073
1185
6953
7349
7922
1146
4278
7642
6846
547
1883
2532
137
2654
6577
6148
6052
6508
4164
358
2274
3112
5758
598
3241
2929
6114
2864
7021
2777
7770
2304
1498
1954
1636
3073
3402
1774
1516
233
6988
647
1702
2280
5363
878
5121
4951
1329
4125
1839
924
5820
5768
6075
1262
1854
3778
2013
7567
4945
2133
5913
6655
3228
6993
345
6061
4100
1643
6026
5396
1921
1547
5256
4569
6399
6976
6816
3874
4646
1738
3250
5479
6732
7329
6528
4268
4400
144
2657
3817
593
6899
5489
3861
5630
3958
3663
4366
851
3236
7947
3566
3797
5578
5852
4600
690
1039
2777
4524
6239
6901
1657
476
1396
7225
5961
2110
7864
7306
3074
119
5683
4146
6173
4713
3778
3223
3333
5669
4981
2054
2471
6770
7151
5163
1263
7312
2001
7430
640
7205
6230
7113
7376
1617
640
5479
4930
1659
688
4246
5101
3110
1177
3217
4316
2693
5212
7889
4620
7053
2821
7892
7312
5607
6693
5944
5484
198
3547
1408
1932
3954
324
2237
2573
7269
7679
7454
5331
830
5063
1938
527
5251
4232
7468
5782
2624
3236
4874
4478
2071
4424
1336
3274
5642
4096
3088
6538
5272
3348
7228
4104
4180
4485
5860
5559
6127
5077
5780
1666
29
3481
2427
5643
4210
1666
4441
7273
7293
732
5871
271
5704
1641
5746
3168
7068
881
7795
5956
1921
621
7598
249
3844
403
710
6347
2815
1412
6402
6109
5759
5537
5428
5563
4236
4767
4592
4066
2760
7952
7961
688
2054
3339
2049
6416
3716
5058
6437
7082
529
279
5304
2945
2731
6597
4194
3212
7079
302
3296
837
4354
6975
324
2478
3306
4191
7990
7940
7820
7887
1002
3077
3692
1134
2549
960
6563
3635
2995
5902
4661
7801
5004
6147
900
56
4482
6379
283
1367
1507
1907
1664
4741
196
6628
7546
7856
5624
4726
61
1877
2350
797
2411
4312
5299
1108
5796
3659
7794
2075
1981
5918
719
2737
7321
7039
6282
7115
1414
2820
6937
5368
589
2620
856
3206
3127
2997
3203
7305
4901
5926
6987
5273
3912
2856
7005
6709
1780
2985
2638
6675
7595
5079
5738
6626
4237
5354
7947
5043
140
5942
3212
3215
4013
1869
2082
7194
2809
7866
5204
5865
2084
7555
170
3874
2074
2894
1427
2775
7388
1028
6305
2655
3682
3774
7418
2221
5359
4839
5439
6200
4852
7176
2644
7501
221
7691
4344
7113
7637
1633
3377
5128
7842
6952
2029
1323
431
6763
6927
3140
4178
2122
4518
7324
2404
1297
5826
7044
6558
2505
4163
2477
6306
7432
1816
4719
695
7415
2519
2885
5736
3487
7690
1694
3593
3018
1794
2154
1619
6907
1191
4235
3196
5890
6809
1461
665
2428
5408
107
6136
3255
3558
3369
3083
514
4657
1267
4114
2176
7302
7899
1961
2881
691
5224
5423
5295
455
1717
7434
1838
3106
1723
2902
7460
7480
6203
2626
6921
6394
5033
5511
1251
3279
6800
152
2547
6133
6873
4022
7545
630
6101
6155
7834
7061
387
6243
912
5860
7363
1744
1739
3868
6055
4637
6586
1260
2273
3736
5253
7909
612
5003
2904
198
2531
7914
5012
549
5502
2084
4005
518
4763
6702
4884
4007
6701
3771
5906
1787
7658
346
7555
4150
3064
5827
933
2207
3716
5299
7579
662
4491
978
4270
4224
2230
3549
6219
691
5596
7782
4509
4157
6
6988
4617
1401
7785
4578
895
1557
1103
6688
6968
2931
4778
5185
3056
1093
4507
5203
3942
813
6469
1105
7238
5795
5068
4135
1437
6614
1413
6061
689
4903
6317
3048
5769
2575
7744
6182
710
6448
5179
1937
6833
2801
177
7744
7376
6370
3084
6810
4001
1723
6168
486
7516
1016
3721
831
3288
375
5332
1764
1725
7029
1311
5760
121
3632
3304
1948
5911
531
2071
3240
5625
170
2095
6679
4328
438
3123
3492
2805
7648
6156
286
5964
6453
5048
6877
4039
6154
4472
2727
3480
2564
7768
2771
3659
5503
703
7983
6204
2693
6912
7058
3483
6523
3164
1319
7991
7256
3756
3255
4781
5702
1208
5955
4913
5214
173
6970
593
7924
1462
7821
2010
4843
5560
1491
3475
7088
7287
3458
5597
5831
5344
7017
3010
474
4029
6875
2400
724
1400
2724
3182
6220
5962
1616
2688
459
4213
884
1994
1843
765
5965
6234
5923
541
4823
5887
7137
7894
3197
1712
674
1224
7496
4694
5168
6527
1969
3442
6820
1685
7787
3592
7216
3330
5451
3441
2940
138
3196
1502
7971
4322
6471
171
2236
6897
7020
4260
4302
7792
219
2685
3225
2923
7847
7289
7632
2652
1175
7621
3996
842
1915
3581
3291
5346
1880
2571
1809
172
2962
1445
4536
2261
6256
387
2375
5808
6965
928
2091
5139
6913
5769
811
4948
3682
1683
3700
7100
5858
3174
7359
7738
2740
6051
2453
215
6893
7660
3732
2447
5964
1532
3254
1635
2453
3346
4891
4769
2300
984
2678
7341
3609
780
1258
5323
5393
2325
2545
4140
3710
4277
1970
525
1264
1093
728
2584
7994
3625
2805
1912
5594
5835
545
7350
4921
7139
81
3984
2623
3116
6081
5071
968
4020
3941
5783
5483
2668
1680
1820
6677
3661
1234
4336
18
5542
4107
160
3693
700
4431
5342
4685
3314
3210
2576
603
7076
728
6220
5844
5515
1629
2661
1847
567
3089
2374
7352
5928
2566
6045
524
3825
1838
3677
6014
2952
7144
3205
2433
2906
5013
4724
7256
1440
1108
6139
3239
1272
7704
7308
7071
3631
4111
5890
823
7686
4796
2476
1348
7323
3488
2154
5297
7896
933
2407
7728
5535
547
5998
1864
1526
216
69
1939
7239
7103
6526
5477
593
7077
1891
649
4817
5568
2168
6181
4669
1842
3351
1534
7351
7821
6954
2660
6905
4928
2561
7632
4960
4461
6650
2652
1649
661
466
4582
6160
1833
7470
5213
4498
1185
3408
2296
5042
22
3823
1970
4124
3252
466
4525
6615
3077
7386
5007
4735
1541
2736
4013
2555
6385
7259
2015
3545
1390
1964
212
5075
3573
3903
870
6399
3282
2631
887
5038
110
243
6669
1969
7239
2469
90
5765
2589
6203
5151
1251
6292
7701
2975
4933
2312
2621
6137
6268
1094
1165
3084
7779
4369
6105
1615
3052
1246
2327
2602
5000
6697
4495
2544
6881
5609
7577
577
7790
6009
6723
3836
3014
2040
1975
7840
3423
7279
7807
5851
1645
1428
5873
924
3051
6437
7819
2104
5906
3894
6876
1542
3140
5308
7465
6992
1476
1495
3530
7036
1177
5313
6222
4724
4267
5614
6154
330
3351
4843
3153
224
3507
1015
140
3482
5906
6478
4063
2579
1156
7118
988
394
3370
5172
5412
7025
7951
4256
6167
7749
4811
2161
3556
1133
2279
7344
7300
1335
7973
3191
5315
2364
7910
3251
4466
6684
623
4229
800
4712
4884
3228
2398
808
989
2950
1825
1748
1301
6360
6095
5974
5973
6610
3084
6301
2069
682
5289
1486
6136
7413
1825
1859
4181
1902
1913
4743
2587
1811
5269
2413
6091
2788
6106
3475
2449
5576
5996
122
5930
4038
1548
7249
7742
6508
3570
2656
5762
6344
5140
2000
655
5031
3576
6181
992
6215
4663
5909
6032
5668
7793
86
3139
807
7741
6541
5930
269
4879
812
2293
3510
3507
1299
3226
5790
5252
7397
671
7263
1741
1475
691
7879
3348
3442
267
870
6119
926
1264
7598
3203
4584
6550
3934
7131
7064
4362
5757
917
2838
2127
5963
6165
2893
6056
2192
3627
2343
1975
6761
6025
2570
6666
1843
2962
7658
7600
464
4911
6419
4733
1415
1883
1811
1253
2322
7844
617
7013
5366
624
1033
3613
5787
682
3975
784
5972
3547
5138
1557
7782
7821
5032
2691
7782
1898
645
1213
5491
7826
4489
2240
7901
1070
2080
2852
3653
4943
3491
6978
4294
1916
4960
5655
603
6854
4949
789
3358
571
5785
6475
7825
708
7110
7026
776
7317
3877
6281
1484
5420
4101
488
1056
7271
7095
1413
4081
4042
2608
453
2161
5030
5156
3013
1229
721
1245
5497
1622
7469
5229
5805
7063
6674
4521
4027
1523
600
149
5524
7665
1848
1917
772
7247
5402
4785
545
1064
5885
7456
1578
1577
1669
2971
691
1646
2603
5777
7419
2981
3477
1559
6406
3713
2411
6348
4096
6451
6331
3819
2760
6873
2993
628
2650
4946
3443
320
550
2541
7056
7368
7607
3264
5380
6338
3755
3878
1465
2013
5589
3559
5907
6275
2213
4322
2535
4125
293
101
3444
3912
2958
2102
6423
628
3886
1787
6811
4000
1567
7127
7531
5380
2262
2608
2574
7209
5119
1712
2618
3544
525
7051
3467
1674
7250
6921
6123
3074
3795
3577
5152
4208
3384
7204
2266
7910
4956
1236
2314
2500
6159
1871
2111
3387
6763
2474
3803
1803
694
1610
2980
1298
3618
825
2200
482
7655
5026
5290
1451
7395
4846
6501
6630
6666
6287
6781
6270
1655
5072
6677
4000
5876
259
128
732
5481
1143
3836
6942
5678
7039
3141
2090
4455
2394
7165
7024
5159
405
2508
5148
1481
3295
3197
6293
7458
7027
5907
7297
1641
2967
598
2194
5036
2755
6337
7856
264
4638
2716
3716
7790
648
1569
233
7106
557
7779
1951
1385
6340
4747
5491
666
2125
866
3481
2090
7458
7695
764
2537
5453
421
7676
7454
2796
4477
5578
6113
7568
1317
7835
2103
1641
2417
6888
269
3167
727
1660
5363
7062
3980
5941
5360
2348
3087
7681
5018
845
6864
3982
2528
2459
3137
6151
7866
5774
5138
7584
6448
4366
6344
2846
5795
2285
6880
4961
378
6730
3755
2520
5911
1870
5588
1203
5416
1854
2984
4166
359
584
5254
443
2621
369
5736
325
618
6862
3932
4160
5754
3520
1310
5632
1573
3089
5498
1164
912
6293
5975
5389
5965
4585
6292
4492
7405
7841
6166
6708
1638
6218
3624
7511
6172
3540
583
4614
2808
3679
728
3445
4112
2486
928
7221
6547
7260
4981
1453
6811
2736
300
4412
7491
3675
7285
1356
2228
4032
7766
5286
3975
7294
4885
6019
4104
3837
4166
4713
4256
1828
7118
1149
4695
4655
7036
5213
4434
347
6751
257
6919
6217
2202
5602
1606
4278
1444
2183
6719
2983
5558
4268
2446
2282
1586
3325
3122
1957
3237
7193
3624
7817
2329
7862
772
6013
554
4143
4359
3096
4146
4211
134
7620
5108
2034
208
277
3706
4452
6491
6218
6299
7549
7153
4530
2012
5356
5545
964
1521
907
1886
5669
2630
5121
6516
7839
3100
1513
7582
2544
7882
5767
7779
5877
7211
3531
2642
2478
4058
4881
507
3146
7276
5242
5500
1616
7603
3183
2331
3496
7978
3233
3055
7241
3401
7320
5725
461
1012
908
1681
1738
3078
7417
4352
31
6925
4931
6326
50
1824
6904
3533
4537
7233
5658
4674
5938
5705
5100
5165
6449
5813
2441
2439
397
7642
1664
7201
3330
1945
4185
2424
6640
2208
6280
171
1451
4206
6049
1771
5188
3496
3383
7200
4166
1257
3947
5153
2588
4188
7502
2226
1679
7701
5115
2684
4361
4922
5877
3849
6346
4835
471
334
5943
635
635
2735
7765
6125
5170
6375
2790
7997
3807
586
2330
4924
5101
2326
6181
2618
1540
537
1604
1574
1870
3315
6939
4392
1978
7609
1497
6455
6847
343
4468
1274
3389
2218
162
4122
4431
7046
5456
3836
7423
7029
3544
71
5642
7984
3484
780
4623
7029
6398
2105
1586
2296
1238
2057
5016
4585
4703
5131
1473
1694
5025
6908
5316
2991
4703
1593
996
4110
2491
4280
7572
3100
4972
7353
4817
7227
5368
5709
5913
6677
1712
1862
3112
1962
7456
7296
7558
5949
1423
4539
1873
3883
5060
4818
4869
644
92
3320
1595
6372
833
7302
4509
3351
1089
720
7076
3582
256
7693
1743
3215
235
5529
538
7808
836
1490
3343
4124
3922
1920
1993
5974
3952
4335
17
7806
5982
1573
2578
920
311
3327
4747
2755
3557
878
5231
6284
2363
4195
3518
2267
487
5347
2204
532
4564
3076
1605
5690
2931
3853
550
6878
4350
6710
1640
5260
1448
5593
7422
2405
2772
3036
4235
3151
6067
6959
6295
1315
4961
6992
3535
1550
4619
765
2343
3005
5065
482
3123
3781
2729
3309
1926
3434
3321
3247
7282
6000
7992
3045
5293
1005
4824
4669
241
7749
7620
2681
4432
4723
6789
1798
7150
1416
1453
1614
3079
6667
4671
2441
1950
4742
7524
2696
4881
6803
4273
7181
7923
2028
4803
1514
2567
3636
2003
4400
988
7555
1280
5255
503
5917
7373
6137
5094
3438
2790
6794
4221
4839
267
6829
6530
2285
7760
7630
5252
6167
1678
599
4607
5711
1357
2248
806
6389
2387
5965
4121
5447
4589
2796
262
7834
3749
6482
3710
6502
2047
1996
2549
4079
876
4308
1579
3196
2343
2318
5849
1297
2355
1292
2951
2552
4677
1945
3736
2905
3781
2651
6141
7948
3400
535
254
3483
2314
3934
5075
3982
3990
5210
6566
4842
3801
2292
306
7592
4679
419
1712
6166
7879
1642
441
142
1370
1449
3324
1085
7204
6538
6275
7433
2194
5653
1975
2708
2699
5077
2426
6964
5875
4461
2792
1792
6033
962
547
6793
223
7070
3320
2860
112
1747
7077
7908
1445
149
5816
306
3144
1616
7223
3065
6672
1053
5412
2277
6256
5560
571
3436
515
96
2627
2899
5045
3299
6435
7590
2813
7358
4862
4369
4885
4930
2939
1932
1597
7604
5889
5554
3524
3651
5485
6494
5630
1364
6270
5444
351
6300
2616
7601
239
2014
7119
4031
6406
7873
7170
6841
6397
7750
4313
3772
5692
3205
4458
4520
4726
2783
2424
4717
1718
4147
4637
3129
6624
5704
3272
63
5866
178
3033
289
4408
3752
4701
4242
4473
1697
633
5498
3643
6011
6904
4226
2069
1238
979
6657
46
4048
7978
4459
6035
7924
3001
2250
7108
6467
4944
1642
4143
7766
3867
5590
2153
6103
7332
4413
3061
2078
903
4014
2132
7803
7167
2918
4533
2786
3460
4030
1751
6052
5347
7858
6322
2308
4420
6057
4168
3313
1689
2795
6872
131
6820
776
3195
2069
2168
6028
899
5058
1021
5726
5898
1283
1931
2476
2173
2865
5227
2342
4266
2971
3703
2717
7088
1556
6381
5877
6728
625
3577
2037
2588
7288
5678
6601
2103
2822
1417
1787
116
3480
899
6008
6112
6089
2721
3199
3089
2135
3791
490
3173
562
7101
1024
5249
4862
4988
1012
7572
6310
6036
4773
4746
6928
5227
1376
2238
4081
6732
4291
6625
5549
6591
2080
2756
4495
2230
1121
3877
4294
2078
7815
7077
5078
4518
6541
4394
3105
1011
1129
6841
7368
5802
1125
3851
2455
978
5683
2734
2370
6349
3253
1885
7560
7224
2686
497
3472
5089
1008
2069
643
1768
5518
3399
5161
7045
7649
2239
5553
1883
7942
1806
570
7099
7854
1800
4504
3291
3300
3117
1811
7596
2400
2348
4269
1141
1713
7
7385
712
7050
2245
5106
4219
7704
2631
1340
1090
2971
1582
7168
443
4872
3076
930
4149
5972
3705
450
1840
6007
3258
6501
1001
4898
3609
6256
4554
3850
116
2605
6541
156
2352
1804
3201
75
3145
2345
4870
2636
3697
1033
5700
2525
1694
1375
6288
7225
5601
1512
1733
808
4450
2807
3306
217
422
2248
354
3067
1970
5153
7500
4613
6757
6836
2768
390
1489
4894
4339
6125
2841
2234
1222
918
2645
5764
3388
5326
719
5329
3724
2061
5474
4264
6244
1441
2880
1379
5144
3339
1214
521
7610
5199
5244
4003
4417
213
2752
5255
2569
1963
5007
443
2020
6664
7870
938
1102
349
6947
2075
2746
6914
6832
163
6373
4934
6872
4816
3389
1652
3704
7980
7170
2539
6597
4363
7759
2475
1945
4198
7825
1701
2330
1300
7277
6113
7125
1981
5196
1399
7460
7089
5620
3201
313
6126
5994
7933
2782
6910
6461
7141
7437
1156
6924
3226
7288
7807
7935
3120
2212
3285
1590
1624
1125
2864
1033
3157
6814
6037
1672
6179
922
5049
6480
7034
6958
5551
7408
4185
6545
4120
7421
8000
4424
7535
1981
1043
5251
391
6117
3410
4748
6112
19
6343
1555
6571
1614
1558
689
4156
2975
3298
4379
6542
755
624
1669
1347
3720
5453
3648
3172
6334
7939
1442
5582
137
5542
7407
3024
1084
2064
1144
6451
4160
4088
578
2671
3100
6966
720
5021
6731
3079
7075
6511
3313
7407
201
5727
2903
2680
5895
3793
4476
3517
7197
1795
3755
7997
4914
3452
1714
1069
5789
1461
4181
6590
6911
5523
7263
2553
5237
658
1362
7160
538
5389
39
4127
1343
4656
4747
3861
7884
7404
2476
2192
3590
4900
2703
4661
1570
7137
1964
3963
7296
7613
7031
5971
2575
5521
72
826
6228
1051
2458
2282
3569
4432
5593
5471
2739
4007
6684
3258
7819
7607
121
5090
439
189
3054
7906
597
3778
3819
5524
5121
157
2602
3021
2384
4213
5080
2050
1643
5817
3370
7611
2597
1976
6217
3717
6068
5167
7365
2110
5268
7828
850
4182
1771
3356
225
7056
6660
3712
228
2002
1144
7524
7485
299
3523
5459
365
4302
4451
1393
5746
5967
3989
4747
7909
6988
4786
6510
1749
3897
4238
465
1300
1344
1435
2384
203
6627
4331
1061
2174
5129
7571
6758
4142
1551
1734
2182
6716
7381
1471
571
7923
2110
3299
5239
1760
7428
3099
5731
2120
516
3568
237
