1064
3023
5031
610
3785
7229
1831
2478
1345
7136
3333
4777
5554
5984
7444
6313
4915
7067
1651
1738
91
5873
2568
5978
7386
4959
6968
3984
1468
1298
3343
6966
5604
20
6460
7575
41
14
5275
2413
6529
1838
1636
1687
173
5897
4217
6923
4233
232
5199
2596
4275
1057
1359
3333
5332
5115
4905
2476
4509
7992
2645
3767
4931
7218
4704
173
883
4629
5481
7925
605
4783
3232
5653
3927
6632
7329
7132
632
7117
724
7488
396
1148
1993
5138
7167
4140
6726
3886
3817
7421
5186
1664
4501
4625
5144
3669
5859
5213
3044
5251
2200
1423
5666
6169
3570
1773
6022
3541
4018
5878
5706
249
5335
4147
6637
1393
4911
7718
1353
764
7162
2299
5741
3786
7720
4302
4305
6038
6012
7221
259
3242
7484
3453
7112
5806
1919
7165
1493
6256
466
7747
1802
2290
217
2309
439
2346
7496
5003
7117
934
7284
1559
6897
4064
6685
5633
7456
3247
7254
3720
5581
5541
1142
4963
178
2276
5034
7151
1018
7394
3539
5209
7619
1190
4475
3579
5165
2458
3568
3220
6749
1477
7312
4514
7329
6433
4732
7320
4983
2636
7612
2046
4988
5005
7333
2591
3476
1397
4655
1120
2024
2559
359
6724
5763
175
3425
869
3683
4064
2478
7830
4265
7019
5798
5831
1823
548
5297
7393
2038
1942
1429
535
3584
5960
6896
1653
3638
2558
7966
2713
5068
6742
6449
2665
4766
7717
535
755
3393
689
2181
3181
7261
3263
4890
2496
7566
1528
3368
4444
7167
7365
7058
400
885
6702
6402
1252
1537
585
7963
7095
7637
4765
7115
4806
1147
553
2547
1061
919
6766
6808
2416
7861
7520
1191
4637
4798
201
816
6915
830
7606
4731
6389
4556
7045
6668
2388
2734
7461
4482
4723
1785
4101
6
4564
5923
710
6403
2846
3151
420
3944
7910
7097
7371
5053
852
3322
3703
7598
3081
6784
3476
3599
595
5217
6711
6057
4149
441
1620
7046
1775
2035
771
4607
6989
4213
6660
5893
3712
3537
6715
3651
7347
4316
6640
5474
1719
7697
7307
2363
3646
5955
3897
5427
5997
1340
5068
7150
7928
1758
5374
227
420
2116
4503
3727
6659
6592
2910
1724
3206
1180
2636
1174
5367
6986
5346
3598
2596
4172
6823
7166
1027
7854
1642
3288
3951
3201
6473
6154
2175
2182
4989
6386
5376
6156
7810
3995
5685
2168
2100
1480
3783
1891
177
4449
2955
3073
5730
3501
4461
515
7092
1654
3606
7726
4432
5510
7720
5949
3116
730
6689
3528
1212
5012
4582
1855
3624
5750
3349
1508
893
270
7557
7056
6123
2384
4484
5803
4058
7699
1253
7873
1993
3554
2808
5311
3877
838
6936
7797
4464
2463
1509
338
3304
2737
1961
6177
2470
2219
4250
312
156
7162
6892
7233
4627
264
1246
5292
1817
5638
7462
7622
563
5106
6895
1099
5637
1157
1068
2269
566
6721
2917
1728
957
7575
4863
4937
3925
869
999
2033
1646
5639
2744
6387
1705
7095
5401
2958
3763
3589
3544
5065
6307
6491
4354
6949
4354
5566
7298
6554
3921
1373
2936
1120
7907
1555
626
3888
5961
4120
5156
881
3317
5425
4556
1926
5089
2621
1348
1354
5579
2416
6080
53
4662
2674
71
7167
817
2468
6204
4117
3109
1306
3922
3526
891
4634
5187
1837
2908
3199
5234
6871
3215
4880
5248
6282
7583
7659
1706
7033
1707
7629
7676
937
161
5815
2821
638
2144
6686
948
2863
4990
630
5874
1300
4295
2519
6356
5834
6125
6235
7757
1818
5312
420
5176
6843
688
2064
1952
3617
785
6874
3198
6141
6794
3429
2409
6897
5347
991
6796
1189
1274
7175
1704
5609
5871
2998
7764
2221
3682
5812
4996
5183
4877
1933
7991
1325
2235
6822
4468
7052
7311
4421
1966
4780
1257
5534
6978
2435
5631
1897
194
4129
3952
4277
2423
5735
1878
2075
3620
6056
4244
7406
1299
793
3490
4625
3651
7322
1766
2529
7420
935
6942
255
6909
1899
4987
4996
6415
637
2652
1166
1612
1220
3900
5949
1806
6223
5386
3096
5404
1760
4979
1313
6438
3713
883
5333
7423
2072
5595
7237
5727
1227
1219
7896
7095
7788
7539
1025
2143
7247
3350
1424
2199
377
186
6962
6032
6399
5390
3729
4455
6395
5850
7940
5005
4106
5153
2871
6812
2077
6027
3233
357
443
2554
7709
2699
7910
1019
5671
2958
6052
4975
6773
1142
2267
6688
7014
791
5637
7484
4800
3914
6608
915
730
6493
4808
1730
46
7872
3825
4244
3181
4994
1306
7163
31
1825
6754
2878
1227
1583
4245
1831
851
7096
2092
4388
658
731
6201
4475
1070
4122
7454
3709
919
6214
6782
5353
7333
4699
1173
2132
3845
6839
2311
5832
4767
317
7739
4075
2487
5593
5314
4892
6194
1936
7920
3014
178
4873
1193
6256
2079
3467
2078
5243
5440
111
2081
4863
1287
1122
4379
2348
7168
4802
3953
4320
4932
7723
6628
960
3419
4181
3702
398
1181
2991
5463
7447
332
4279
1146
6559
3116
1993
6328
1410
1244
6879
3661
2114
619
2613
484
971
5725
332
1062
6914
5700
1381
7097
299
5482
6711
4899
4039
6324
4597
3623
1802
3719
5230
7228
5286
3767
1980
6278
2975
5920
2704
1489
5394
7334
1900
6584
2090
6969
4082
3262
151
1166
3098
2448
2213
6067
6620
1473
7078
224
3617
6677
4064
4987
5208
6864
2878
2996
5312
6568
6243
7679
6872
434
1276
7703
2250
1809
6955
131
7488
2706
2965
7393
4751
330
880
4510
3609
7450
2012
359
5430
1533
2436
4226
2442
1834
4907
2679
3257
4559
1723
1168
5051
7764
3449
4150
2244
1836
5892
883
3957
6826
1299
7985
7748
2697
4504
5529
2310
7398
6763
2054
1057
4110
4933
3653
7858
5256
1377
7570
4564
1789
2042
395
2080
5721
3588
1847
4602
5340
7545
960
1975
2131
5376
1343
2618
2775
27
1748
6843
5548
6514
303
2301
5095
862
694
7004
3175
4522
5682
6260
7746
4676
1818
1390
7701
1901
7684
5236
2822
7926
7706
1575
949
2465
5168
4772
7287
3639
6496
7746
3877
7806
5189
1389
1711
4307
5550
1180
870
6257
6227
1589
5638
578
1717
3654
5395
5429
5016
166
1676
2782
2860
1485
3594
3339
1276
385
61
6107
3923
2367
2046
5864
394
2055
6093
4474
663
5908
7235
5334
2416
6769
160
6870
6035
1155
1974
7779
6445
543
2227
3449
3372
6190
887
4705
6669
498
4554
4088
5366
1535
7059
2117
5667
7340
6716
4785
5193
487
1756
4988
4340
5670
4436
2531
73
5044
725
5519
119
1455
1920
3613
766
3484
4630
664
2323
1592
2158
3595
3642
2962
6759
4220
242
3816
7271
2575
769
6116
6113
3079
3690
625
5863
554
1388
1862
2675
6582
5133
7728
114
6752
1561
6414
5736
5152
1251
5776
7312
6077
4810
5754
2787
2808
3966
1675
5386
3632
5608
4044
642
5929
4361
5910
2077
3545
4632
7486
95
5825
4915
906
5098
375
3551
105
3907
2611
5582
5244
329
3455
3745
6842
340
6775
2942
7712
7949
4625
6345
3697
3427
3463
2506
3730
1219
5427
4066
3750
7444
2525
6866
6306
293
5062
2022
1094
5782
4825
1213
3749
5472
1693
1539
6188
2919
5842
1791
4150
2856
921
3914
7428
2668
2661
4769
5380
434
3341
2218
6703
6069
856
7190
4501
1903
4296
3880
7122
6165
4149
4033
3010
3197
2473
3153
1007
5064
6094
1788
3450
385
6002
7529
6987
1323
6983
5906
7737
7188
5447
7000
7909
5746
4164
1244
5893
225
2378
3387
1038
5762
375
2253
6022
5041
3157
1987
2011
182
1667
5390
3899
3734
6494
7843
1689
2594
7504
4083
4220
1552
6586
6831
2206
280
75
1383
6045
4488
2846
580
2546
1492
7665
889
1067
2210
3919
206
2476
1964
1041
4602
2574
6039
4426
934
43
2588
723
2793
4555
3361
3474
7925
4505
6659
6462
5356
3205
6401
3142
3989
3438
2169
4939
5761
1201
3063
4223
7135
4063
1324
6732
5090
5052
6105
5927
7918
3577
7374
636
1333
4529
6952
2221
1465
549
7004
223
2350
6785
6354
7951
185
5558
5980
2628
2156
7198
203
2911
6263
414
952
6307
7248
6959
3432
5245
183
538
3277
497
6775
4876
7675
4081
1591
6692
7084
696
765
983
2206
7683
7820
7293
7351
6545
5595
902
697
7238
6691
3599
5393
3938
7753
4213
1827
5020
1885
5857
5419
6497
2526
7569
338
5342
5937
2143
2125
5768
762
3164
4630
4408
2451
3524
1998
871
91
3474
6293
7659
1498
585
7907
7671
7265
5791
1223
3167
7408
1747
4247
3635
5500
4870
3909
6597
2965
7845
2103
2571
7029
3308
1629
3267
1553
5690
6420
631
2248
3114
5818
2208
1301
2890
4514
4800
4335
3984
6430
114
6022
2344
857
4942
5292
3827
4247
6294
3793
2666
6406
3612
4927
5258
5641
722
2136
7059
327
6250
7902
4399
3034
4869
4685
7356
2345
298
3166
6506
1733
4170
5887
5497
4717
5324
7932
4009
5444
696
198
6392
5370
7693
3703
6581
5571
1545
1471
4222
3697
6732
1440
1978
3596
5928
5545
2988
4403
7217
4866
310
7979
3766
1521
5949
7369
7659
5818
5277
3196
900
5608
7531
3169
6931
3608
3875
5667
7994
5550
7067
6034
2735
7277
3287
6245
7367
2269
1804
1327
3627
7445
6755
7336
6445
3759
5586
4949
7986
4483
1832
274
6100
1911
7294
7097
6567
2732
410
1568
5337
3670
6063
7668
7346
6227
5459
2053
4503
450
2047
6601
393
7400
805
6013
1013
7377
5786
7785
6829
3241
5145
4691
1750
289
875
679
5726
1158
7238
1775
3501
7308
864
4070
1747
143
6044
3878
2386
4351
5424
693
4902
2201
5490
4070
4733
2228
6121
3203
934
2022
152
1467
4583
6739
2556
5928
1462
4997
3525
1451
4692
6844
6030
3250
3285
7899
2529
1982
1857
6279
753
1957
7686
1249
3955
6478
7169
4917
2451
1021
2774
4326
6321
770
569
6169
5184
6604
23
7543
6530
3345
596
1931
390
7424
7625
68
3674
4627
3521
5166
4956
4778
1790
1525
6262
5252
5936
4290
3808
4391
5673
1117
993
2024
7826
319
7080
1243
6765
5623
101
6792
7419
3871
559
1827
2186
1573
3926
5354
708
737
7063
3874
3606
4126
2474
929
5867
5074
99
2427
3857
809
2378
2484
2864
5420
25
6343
3695
4912
7012
5343
6814
98
138
4095
3554
1529
5935
2582
2690
6819
7846
6348
3717
3503
4182
7426
7557
151
4981
3143
4602
4629
2353
1919
101
3500
1750
6241
5045
5381
46
3497
3582
968
2456
532
5785
4825
2589
2785
2000
5196
2377
5175
3323
7041
2215
4430
6131
7317
3743
7547
5134
4897
7144
1100
4631
90
6928
6184
2943
7565
7536
2228
2852
4416
67
7784
7978
7843
3686
854
4115
4116
5948
750
2742
5446
3643
6381
2498
3680
3447
4129
7943
4316
5146
4402
1297
2409
6283
808
3863
2234
1225
2336
6755
800
4879
6675
4122
2453
3013
5561
852
4195
3897
372
3473
4822
3695
7657
4688
1881
6828
3901
7198
6654
7985
1458
3174
6651
2362
7554
7777
2621
7582
2627
3719
3727
2392
354
3347
3765
5011
156
7452
5439
5432
771
3680
1486
2625
241
6298
1389
5568
89
1061
3935
912
7333
5943
3363
1463
4440
2064
4641
1374
3505
2613
7157
2009
567
403
7072
173
3730
5483
7804
6740
3474
2358
3939
1716
6688
5732
7514
5381
2389
5193
857
709
7694
1429
1406
1670
2342
468
6486
7703
6251
781
5646
7961
5976
875
941
1395
3822
7176
2215
2216
5952
7095
756
162
2391
807
7513
7360
1902
1443
5443
3570
3057
1740
1564
1284
7304
3667
7095
5561
4745
5849
5390
5240
3642
1934
1583
7701
2568
3856
6367
1858
7130
6787
4064
1522
7506
2603
2181
3602
6195
385
2685
728
5293
1103
3509
1374
7717
2702
6183
319
6822
3094
2710
2660
5335
5436
1768
316
3426
2158
1422
335
2569
7945
1971
6828
2648
4885
1947
5019
5930
1178
3832
2550
5527
5540
6065
5009
7881
1504
613
1380
1145
6285
7623
6020
6903
3251
3429
3112
5509
5700
7274
6491
7707
2816
7671
2230
1114
1383
223
7442
496
6221
3715
2671
3295
7869
2523
2796
7847
4904
463
6268
4559
6798
1201
5501
3193
6387
7835
6555
990
854
3
4812
5983
1218
3380
2951
2490
1525
2446
2778
4080
4575
6531
2284
2511
4510
7661
1397
5347
4370
1707
5155
5100
7850
7276
2017
4645
6938
3389
5406
5551
7919
5086
4108
363
2398
3503
931
7324
5212
7433
3711
2533
3374
5951
1612
3246
7174
1892
2333
33
4527
7649
1846
6541
5860
6229
7089
3666
1863
1593
1112
7884
5373
4878
4321
594
4005
5735
4622
1157
1074
1696
6486
7695
514
262
594
5513
4190
3512
1182
7969
5026
6960
1091
3143
6933
1721
1554
3960
1698
7873
4844
1685
6483
4025
7900
7397
3233
6031
6560
3715
6876
4485
7417
5465
7442
2370
1958
5115
4261
1633
7506
3723
6692
3184
5702
4752
4240
886
2400
6436
4345
203
4226
3527
7666
1280
2600
1061
1671
6995
1287
561
4148
5110
4774
2724
6046
3687
3173
5542
4874
2847
404
7926
5959
1836
7289
550
127
1686
702
7019
3156
7912
1223
5011
7665
4882
1309
370
1015
3282
3467
3735
2548
7537
6105
5350
4209
4647
4464
5268
7881
5467
5241
7206
5972
2864
1201
3593
5372
2045
2644
7623
7718
6221
1685
5613
1777
1473
5855
2448
2790
704
7180
4522
934
4765
4554
3331
161
3765
7852
410
6849
2061
3268
124
2781
1577
2545
2253
4030
7014
6277
3396
4836
409
4026
4509
2343
519
7689
377
2767
1391
6303
6198
3308
6868
1536
945
2887
5802
1685
3410
981
5871
5228
643
7340
4056
2705
3766
5480
701
6039
461
4577
3802
6245
7120
1911
6430
2789
3791
1829
5984
4671
5734
422
7842
1169
475
6085
6121
3821
1002
1511
5591
795
4099
812
7305
174
786
142
1115
6802
985
7392
2711
683
623
5282
6834
825
4039
2127
7718
6748
6360
969
588
7732
94
958
1373
1715
287
2916
2818
6619
5679
4326
1330
1807
1908
1741
4884
7347
5089
1490
1792
2450
2328
1767
1656
4499
3382
5481
1267
2127
2717
1977
7796
4554
6542
4507
236
4741
4280
1154
5584
527
7914
6218
7838
3201
7298
2741
2789
6153
5920
853
6917
4074
7383
2335
3481
7331
6809
4408
4120
1137
2756
345
5453
2507
1273
4737
7769
7346
2821
1049
76
1349
2721
5630
4924
2090
6850
16
4889
4192
5887
113
7712
1006
616
2820
7180
7569
7527
1395
6915
4053
4625
7188
7261
3954
6862
7209
1716
93
3771
7172
4311
3932
175
5451
7954
5782
4001
7945
1690
103
3976
4448
5615
5232
7359
4679
4059
5729
3446
346
5917
1458
5679
7045
596
5074
764
6324
294
4046
3501
7334
4419
5823
4819
3118
2075
1887
904
5017
4162
3269
7294
3749
6528
595
4178
2126
4776
7263
1141
6524
7061
1097
7983
5636
6878
3247
4829
5863
3095
2385
5320
1502
7079
5391
6309
3407
1108
533
3210
768
3783
338
5984
2523
40
4021
5668
830
2094
3091
5455
4104
2029
441
7696
3768
2535
6493
3385
1950
3954
3771
1834
1221
236
1739
3615
3294
3662
4072
7047
6319
5468
2353
1476
7519
6382
2058
164
1898
1613
6255
538
2045
7136
4428
3097
6665
6372
173
4155
84
2527
3677
2685
5306
5233
1556
5142
5893
5076
2238
3227
4783
974
2203
2297
753
7553
1687
1324
7244
3906
3288
3076
2806
2874
1794
5658
6766
3831
6926
7410
3731
4750
6216
2185
1592
1527
5267
5372
4786
2699
701
6228
3842
4598
6394
57
2962
6372
3665
3628
1059
5655
742
6899
6115
6915
1230
6910
7026
4045
7895
3478
4547
1994
1954
1668
4094
1692
3968
3375
2100
5584
3967
4031
3866
2132
2759
3849
360
7996
6257
4533
4155
6068
2150
914
7190
205
2159
5468
3497
3073
6701
6106
2032
5013
2062
621
2534
5478
74
28
797
390
7023
6737
1912
290
4339
692
3283
3257
6980
1613
3196
1381
3431
7426
2168
2461
2624
2391
7508
3118
3979
7856
7219
2979
7553
5390
6054
1137
6171
5921
1767
2286
4932
2372
6190
7518
7659
6657
6658
7273
1923
1129
4651
4866
2309
4181
4275
6200
1571
7836
1395
7676
4500
692
2114
1079
7491
7112
3161
7791
667
2122
2977
3439
6552
5025
7236
2727
3438
138
478
641
5541
3611
3967
3973
7095
3758
5222
447
1496
5952
4250
2610
6863
3487
6592
3989
5697
2497
84
457
4632
2788
5415
1812
3504
3088
3850
2650
7371
5624
3057
7737
4300
5716
7128
1793
6507
3842
6192
7538
1387
6574
2531
1864
3935
3537
4514
4034
3896
1774
3160
7579
4897
6713
5973
4226
7028
4954
7059
3390
5934
3475
4651
3682
1594
7012
7482
3914
2722
3360
5125
7761
6088
5486
1882
6486
1365
6596
3649
3090
3252
5133
4133
5529
1268
1372
4509
2354
5484
2121
1368
7081
2507
7526
3422
6067
65
4589
5941
2000
5998
1171
553
3674
665
213
2172
2409
1291
2284
5666
2483
7844
758
4414
5648
3629
258
5218
1506
4279
3332
2008
6914
3825
4757
5347
1767
5066
3277
7491
4998
3040
6623
4039
607
183
884
5710
2603
1771
4826
5880
3692
5417
963
6842
2286
1738
6812
796
1385
6612
1174
1173
6535
725
382
7785
5242
5963
6730
3047
2176
6115
4972
4799
4233
7115
4988
3312
4437
4824
7673
520
4422
4989
5251
3663
6015
3135
4959
1869
449
3995
7440
580
4333
1448
3694
3571
3525
813
7972
5073
2968
1278
2089
3217
6403
4627
6734
5960
6080
2999
6913
2016
5743
1182
4705
1517
1710
6931
6992
3176
5354
546
2367
1831
3147
3920
1754
7538
6161
7924
2768
4634
6437
2345
972
1776
7284
1615
6336
728
1430
3838
6178
3784
171
1812
1127
7302
3418
1452
4280
1035
4962
4151
7937
6155
1074
5466
2409
4647
3980
6506
2768
4924
4340
394
5782
4527
7740
1447
4101
7996
1596
2621
4301
2344
2333
1983
1245
2376
230
2920
2665
7628
5318
646
3642
3096
1976
5514
5174
193
3968
4432
5835
403
269
6040
6205
3922
6037
5186
7679
4212
3311
7759
5188
6003
5607
2272
4021
946
1071
501
418
5681
6239
1710
4070
5462
3543
1991
501
7436
2637
5251
6495
448
2751
5376
5484
7372
4408
654
1699
2787
6779
3716
1059
3566
6281
1572
3647
4356
3598
5484
5904
2350
2478
5877
2833
1312
5666
2426
1690
824
4982
4413
3893
1523
31
2193
3977
161
1924
3542
5068
5231
4232
5430
6426
959
1121
7455
4426
886
4494
1923
3529
7541
2534
6855
5692
3154
810
4529
183
4485
5545
4729
546
5371
3081
6805
3588
1155
1410
6845
2043
2757
7891
4320
5682
973
7911
4095
2632
5457
5674
4245
6509
6611
1281
353
7916
4075
3439
2553
3755
4226
1784
548
5098
5751
836
3441
5356
5432
5748
2972
2691
4644
680
5584
2340
6859
399
5759
1517
6132
5959
1318
6570
2068
5714
2839
31
4964
5470
3864
1274
7726
3881
5131
5640
3007
4083
7949
3463
4666
6681
5312
117
4143
1845
341
4671
650
2154
6258
1777
3181
3224
6803
723
2277
1172
7153
6446
2843
4991
2752
2428
6107
6028
3396
4027
2049
1313
6778
5578
3673
3724
6877
4472
2889
1458
1209
92
2052
6918
2200
1756
6904
4164
1555
5945
3476
5239
4590
2252
3315
1221
3352
3184
4664
3927
6882
535
1716
6167
7567
5392
7195
2698
3808
3364
5118
7998
7904
5533
6140
6639
4661
4729
7835
4150
6969
5001
1590
5315
245
5294
704
2771
2346
5781
1773
7577
3864
5682
284
3449
3205
1190
4271
5381
3434
2010
1467
7446
7467
4362
5270
6901
1376
3446
4115
1310
1389
3522
2389
6254
3742
3921
2097
640
3286
7296
7854
3440
2887
5347
6397
5025
7585
4321
7825
3161
4703
7390
2817
5496
3051
3611
1589
846
4334
5343
3972
2286
1798
2150
2103
3071
999
5229
7668
1763
4200
5843
7811
1219
1589
7953
3008
2185
4658
7318
2412
2585
6680
66
1445
3116
3922
1013
5236
2723
5538
498
3061
4074
1040
6753
2969
2516
4149
5916
4652
4598
596
7866
7994
2854
296
3
6648
5882
4556
1006
5893
1341
4795
1076
454
6410
1582
787
7044
4982
7998
3202
7182
5120
5204
6443
1243
4274
5829
6099
7320
5853
5628
7664
6214
4537
5790
4748
107
3945
5022
6434
6678
2434
752
6747
1714
5943
7447
4326
4400
928
4278
1255
7091
3046
4751
3047
1911
7255
5950
6772
3559
4999
4980
1864
4653
6555
7630
2125
1090
7007
2000
617
2754
4525
962
2918
5244
5074
1414
229
3191
5018
5507
3022
1478
4220
5327
6010
4972
4839
4277
1050
4834
7336
1218
7443
5884
309
6008
6141
4666
7613
7093
1542
1318
6098
6178
201
4695
3459
744
3970
5782
5103
332
7941
6904
5810
7267
5211
7083
790
5347
6104
873
2526
6246
7364
1136
522
6722
5142
1158
5747
2169
261
4197
22
1169
5984
7167
1853
1201
7841
6562
4810
4966
7391
7182
107
1194
4616
4588
5268
7002
944
248
2642
4398
4887
5662
2814
6227
2390
7260
3993
5930
7608
297
5039
3360
2279
6958
6527
505
2092
3666
2627
1205
7983
302
2737
2451
3408
2652
5278
2045
4167
1449
5363
1272
5316
3559
6624
5095
4278
4404
1645
4
1322
1052
4581
2909
4556
4612
2876
2994
7309
958
660
1313
3237
5917
3883
7969
7892
5382
3364
4686
170
2149
1614
83
2899
711
6763
6905
3243
1129
4105
87
4779
5825
1347
1092
7588
2426
124
7654
7595
5612
4344
2907
1988
6454
6915
7646
823
2138
3308
5768
1446
6056
2049
3803
4786
180
563
163
4253
5980
5081
6553
1312
2773
7256
994
7959
1223
1881
3693
6463
1982
3144
6206
627
413
6358
3614
2648
1992
6265
5276
1804
318
3595
2073
7764
3394
4181
1400
1555
6621
7471
5269
2723
3446
4072
1154
2004
7735
7662
6902
2067
4036
6087
3777
7596
5955
6428
7098
937
7380
553
5375
3667
2741
4303
2731
6214
7173
6740
6606
7614
336
4613
3494
197
893
6679
1446
2410
7839
2046
3303
5306
7229
2552
5609
4172
4836
1942
4375
5500
4095
6297
4321
7371
1925
4274
1262
4818
5832
5836
4627
1530
2740
5349
2621
283
2532
7756
1360
2921
7440
6132
7067
7420
6748
1871
3225
2454
5542
7673
3687
7885
7624
4832
457
1124
2615
235
6652
7710
5430
5691
462
7556
5597
7271
7776
4071
7039
1391
3509
365
1166
6029
6881
4405
5851
2686
4370
1068
459
3988
7877
7305
2141
1411
5681
615
6434
5619
7140
2789
5662
7365
160
5149
4322
1458
128
3432
5336
788
4126
3200
4743
4603
1527
7648
7029
6810
3438
7313
6796
820
3361
1969
4877
2870
1864
4690
4516
2953
3776
4283
2318
4189
6246
7037
6705
3261
1659
1885
5381
4015
6158
4206
7832
2643
1427
6100
4831
4333
2373
6551
7078
6123
5867
5160
1256
7295
659
2486
7093
2526
2596
5704
3143
248
3814
5614
2995
1827
2668
902
413
341
1063
6470
3855
7676
5337
7508
6841
2625
1274
5979
4144
3227
6802
4438
1474
5525
4827
4759
3292
3119
818
7932
5309
5098
6420
116
5874
721
703
1087
3892
1755
7504
4222
6892
7245
2525
6888
2595
5441
588
1188
689
1349
2654
7438
7370
6671
5007
681
3218
149
824
735
2632
7457
455
130
3402
6008
5545
5374
3658
6270
7314
6531
764
7504
898
2632
3513
7914
7975
3641
4435
3172
4560
3237
2891
5829
5364
6742
5393
3835
3856
6673
4679
5278
3378
5205
428
4703
7958
4151
4679
1898
3481
6004
2874
5005
1531
4301
3528
3979
180
3121
751
4725
4449
2680
6744
1148
4192
3967
3031
863
766
4336
3959
3821
7320
6384
5746
7009
1631
5333
1086
1822
1260
1586
2562
6518
6889
4424
5867
3856
5259
5147
800
158
4080
231
7749
2353
2975
6762
5340
4498
5100
2953
720
1400
5051
7517
4195
4624
1740
2364
2591
3151
5530
734
1772
3640
4157
4336
7217
6606
3917
4104
7606
7743
4376
6793
3918
3309
4602
2389
7342
98
251
3216
4354
6992
5121
7321
6067
2600
1926
578
5090
4650
4543
3772
7948
3395
6621
3231
6041
2868
2898
5191
4084
5685
5768
3649
7799
5284
6099
2772
170
3253
4293
6315
6907
6967
6382
5163
3922
5243
3933
940
3969
2669
874
741
13
5045
584
5489
844
5949
1926
5496
3315
7475
1765
162
3324
2424
6937
6391
7397
6843
5811
7806
140
562
6386
1924
988
7207
1114
7689
5067
5144
1273
22
216
4345
3976
7003
2782
7735
1761
6706
2305
2756
7968
4109
4227
5420
5241
2714
2627
5150
3675
3696
690
6472
563
988
5610
7004
4140
1108
5758
7014
3546
3778
3605
3446
424
4122
2242
5082
596
370
2373
2537
1480
2476
3388
4295
4163
4817
3580
3641
4560
17
1094
410
5399
1770
1862
4995
7702
6160
6530
3196
2834
168
4823
3246
611
6550
6976
2158
7401
5268
983
1353
1304
2861
3760
6019
6738
5650
4617
3665
6827
2079
1693
6149
5662
4688
1226
7421
3275
6650
3414
3894
1941
1650
1251
2312
3360
7789
1377
786
1156
3418
7168
6869
5310
6059
2901
7575
5327
2849
4182
5707
7381
4121
3380
5730
322
5370
1604
1304
2171
3457
3369
5926
6697
7431
6915
1109
1764
4433
7296
5418
6390
899
1115
5772
2473
5385
2698
3604
3395
378
7694
7886
221
6719
6616
6567
3478
6272
2993
810
6533
2178
6187
3729
5272
4124
5998
81
6155
4591
7342
7787
7501
2783
142
5988
1351
2468
4525
4537
4843
3057
3776
3208
7713
5762
7952
2834
6182
6978
5244
4519
1321
3692
1473
1312
1808
7814
2096
994
2730
1469
3294
374
974
3010
6370
7094
3301
1837
2966
1634
12
6180
5988
5487
4937
2664
3779
6081
5824
4100
2260
6530
4975
1988
1490
7432
3551
7741
1293
6434
2578
4172
6237
3394
3588
1196
7870
1879
4326
3229
1907
196
7665
6061
2693
826
6641
3174
1044
1782
154
3355
6371
7081
2759
3214
6125
6800
1484
683
5355
4454
2084
691
4662
7685
4677
4215
7245
7314
6961
3060
7158
3691
3548
4201
6123
1120
4863
3615
4657
364
1171
3849
1741
4332
364
1804
1086
1480
2672
3196
2411
7767
1614
7147
4659
4683
7574
6041
816
7971
5284
3147
5248
6854
356
6274
3516
1460
3804
116
5117
830
6941
4820
6786
4004
4781
4082
5397
1160
7226
4043
2408
7508
5454
1819
942
240
2748
1415
3912
5663
1387
7732
3363
4200
6990
2341
3147
6611
5605
3351
212
5636
6362
4616
435
7226
283
5013
4010
4039
631
1311
513
258
3867
2325
5345
2369
4148
1122
7249
1281
4480
2824
7553
6264
4299
978
3063
809
6970
579
22
2768
6771
3029
3033
7702
5783
5027
5613
1201
3879
1310
6399
6152
369
4667
7098
2154
3252
3826
5207
1043
6271
7304
3124
7583
7686
7343
1300
5093
6270
1660
6123
7799
7058
7042
322
6937
6245
1529
7316
7607
3692
6740
2116
5652
7286
714
1788
6708
1153
7743
3845
4423
5368
1973
763
5156
5851
3242
5603
3900
7662
4438
3294
3364
6577
6847
1727
7078
4822
5509
6491
891
3203
5074
7310
7854
3972
3730
5065
5252
7509
5599
3141
4701
4390
4860
4664
4566
4898
6923
5608
4346
3128
7474
4087
1035
5691
4877
4144
6267
7151
7172
6649
4758
6564
4621
6131
1092
384
7532
994
7811
3762
6163
6987
5803
2048
2470
3347
2745
6632
3292
252
1452
1515
2991
2141
4293
1402
3548
970
1123
2296
3393
1091
217
2903
3241
2590
670
4969
737
6551
7684
7501
4456
3393
4258
5918
5775
7396
4930
1796
1699
4737
6779
2068
5691
2295
3310
6040
6059
1160
682
375
3609
1662
3211
5239
7722
3693
2068
671
1556
4470
831
2908
6872
6871
5129
160
7537
7860
4425
4224
1564
2984
5273
7070
5318
7363
5887
71
3285
2298
5989
6748
6703
4018
237
6238
101
2421
912
969
6446
1431
4152
816
2012
5558
6054
1284
2021
2481
4866
2840
4299
5109
6787
7588
4884
5256
5865
3636
2526
5159
4177
2312
7071
555
5322
3070
3144
7515
2667
4192
2515
6566
5713
4951
832
6754
1173
1068
7214
7203
3773
2481
4248
3378
1392
2056
6189
87
47
3918
1647
6758
6381
5078
4109
1894
6257
3572
4818
1324
305
64
6350
1077
775
3383
6145
830
7906
1705
1462
6663
1761
5175
951
1168
4214
156
7808
3822
2526
394
1811
6334
5739
1233
3083
785
4244
3536
688
3453
2911
6733
6277
7786
7937
1523
3582
6028
5117
2671
3978
1389
5415
6666
7191
2094
694
5471
3924
2282
2482
281
630
2447
3568
6827
6999
6755
4684
473
575
2711
2697
6471
1694
2548
4797
409
5069
4956
6821
7786
5679
2131
5327
4579
1334
976
4297
692
219
1164
2921
1500
3403
7973
1055
4298
3600
7103
3624
2174
4709
5914
4402
6064
2244
1275
5856
1791
981
4271
7650
1923
6528
4773
7615
4541
937
7176
5435
3597
6818
7400
6460
5656
4752
3599
7993
726
3327
422
1916
6686
6091
5852
81
3353
865
6807
7391
3956
1551
5405
4639
7668
7150
1971
35
1059
4671
5071
6896
3129
2247
4731
1197
2656
4696
4439
255
2547
1042
3979
4174
3127
3311
7180
3201
7106
4188
2357
735
573
825
2908
5423
608
388
892
6586
6303
6470
7117
7358
2293
7674
2957
2408
2119
509
7521
315
6937
7400
5098
639
7727
6222
5700
