5623
2703
4395
3888
4891
3727
6825
4481
7986
4434
3261
5946
7048
1463
1025
468
7778
1768
3274
983
1476
6917
197
130
3622
965
4899
295
3985
3272
3032
45
7651
6271
1693
5990
6348
6402
2520
2668
6804
6520
554
3525
169
5683
3124
4025
6698
3026
2553
3666
4037
1986
5942
786
4717
6850
255
380
4645
7343
2603
356
7369
2636
815
7513
5672
906
4807
233
4847
2699
4509
48
3308
1640
3057
5658
1746
7606
3950
3911
6073
1240
2127
3361
3104
901
7916
16
5016
2922
1606
305
1281
7489
6730
887
2459
2791
824
7798
7811
2240
6098
5688
375
1068
7897
7074
6347
3947
3760
7892
5895
4441
258
7326
3005
6759
5413
6325
5780
3444
7264
7827
1905
7747
3097
4079
5795
4785
4373
3939
5703
7076
5316
2112
6259
5080
2767
3712
5369
3865
3450
3196
5309
6790
7615
6065
1303
3110
5562
7567
4834
3004
6056
3873
1852
2720
7403
2274
2073
200
741
4618
208
155
6089
4435
1021
2306
5473
1179
7718
4448
6548
3992
2454
2059
6256
5923
2871
2887
1411
608
1619
6383
4429
1964
4276
3963
3762
3857
1789
2798
7543
1578
1061
320
5255
1631
7323
2342
4868
7353
5975
6513
2910
2900
1808
3583
5394
1546
4319
2344
6913
6860
4508
1863
5894
1301
5146
418
4487
2301
3873
7273
2131
1718
4861
4212
2135
1435
2499
695
2117
5579
3334
5190
7345
4775
5672
6176
4184
1110
333
1806
6409
1274
7100
298
7796
5775
3952
2334
1172
4546
4400
2510
3821
82
1238
1540
4029
5382
6208
2802
1739
3580
986
7057
3981
5332
2541
359
1719
6536
6266
6426
1881
665
7039
7610
3819
7426
7007
353
4911
7795
3698
5646
5568
381
5760
1966
2664
6477
2577
1546
6800
3558
439
5562
5997
6722
84
7803
1324
441
1620
5372
1917
6323
7410
4251
6328
7019
2862
5826
882
2313
4880
667
880
476
3768
6786
1560
884
1088
1258
4942
2541
6443
959
5669
4809
5474
4955
6634
1917
4373
5941
6418
294
6183
6738
4461
5311
1162
4961
6583
2117
1342
1654
3030
4063
6595
3197
3669
2710
1442
878
5450
2634
1557
6494
681
7810
3197
5447
3818
5803
6689
5687
4116
3210
1590
1580
4625
4960
2522
5255
6592
572
938
5835
3950
7284
7870
7557
2737
5340
847
7287
3218
5560
1542
5372
1122
5143
531
3484
6668
2291
2201
641
3826
3551
3468
5868
3675
2538
5757
1719
2357
3342
3564
6118
3640
3060
7521
5089
2029
3654
6391
2916
4837
2695
6866
7689
1557
2235
2250
7588
5811
1989
2228
2750
2591
6342
4688
1297
4341
1319
3277
803
4943
7143
3951
445
3071
3860
3330
3263
5588
5024
2768
4070
297
317
7380
5769
6793
6336
771
1932
502
2725
1314
5487
635
7351
6704
4018
7086
2562
3426
3046
4365
3154
229
3490
6421
4314
2726
2811
7461
3046
1307
629
531
3640
4987
1439
304
6090
1890
462
1101
5305
690
4129
1228
3591
6560
3749
4399
3638
455
4295
4264
906
603
2758
4995
7817
1432
1902
2695
2977
7734
4803
3776
4772
7576
279
3712
5934
7087
3955
4248
1184
953
6735
1101
2104
6511
6150
1870
595
1601
3879
2942
977
6800
319
6840
5417
926
7697
3774
7733
1424
332
7948
7878
7115
800
4375
7921
5326
6260
286
4039
5512
7864
4714
1472
3654
2745
7535
7263
6763
2369
2110
6471
4446
2987
4425
6715
4182
5513
116
5296
5802
4530
7617
1764
7174
6079
955
3043
3773
1411
5097
4325
3090
2262
1663
2523
1974
4090
5361
6026
6887
4262
6970
5434
2491
1447
2241
2617
3198
995
3795
1063
7845
3427
4268
6823
4191
3073
7053
5989
542
3176
2387
2315
7077
5369
3432
7241
7556
817
5656
6568
1469
82
1109
5487
2011
4568
1201
5695
2304
6703
6049
1532
1615
6256
5190
2001
5963
6615
2849
4766
5670
6069
6371
7354
2778
5020
5958
4939
7063
6049
5490
475
4758
4296
3719
3991
5506
4292
6109
6094
5293
1767
5814
180
3979
7719
6827
7342
1867
5044
2349
934
3970
6799
4055
4197
4712
754
6295
4459
303
3308
467
6327
677
3323
4483
4380
2715
5515
382
2877
2552
2377
5498
4186
1623
1360
4579
1707
2094
3760
6202
6754
2974
7875
4953
4289
2466
3600
408
4794
3451
7888
5944
7583
5165
2218
7376
3309
4573
4629
2864
704
6472
587
1778
897
1730
6860
3609
5148
2947
2107
4108
3678
3657
2162
6115
7416
1345
571
1952
5410
3541
6655
6710
537
2270
7896
3827
5044
1506
5216
2026
1864
3819
1517
1562
4414
391
501
2748
4021
6603
4771
3970
5614
3768
3507
4630
7808
2806
5106
571
6437
2454
3267
6029
6875
2086
3427
4900
294
5756
2973
3566
5294
7853
226
6522
6701
2678
4002
974
7906
6825
5048
6639
6680
6728
7391
6052
876
3063
4204
5019
7693
6551
7340
5456
6510
3635
3997
6335
5810
4955
7425
6009
4141
3666
6583
2236
2557
1428
6427
820
5760
5448
816
537
6403
7167
5246
4856
6255
2064
778
5883
1213
693
5583
3251
2125
5185
930
6337
6259
2625
7651
4101
5309
77
2587
3127
7465
4334
7183
5660
3963
1497
606
2940
4110
4013
5019
4676
3447
5707
6689
5221
1561
3464
1284
237
816
3155
6471
6323
723
4047
5974
988
5396
2986
98
4212
197
1708
599
7944
3311
292
7094
3163
6154
5852
1169
2332
6831
2707
3536
3805
3003
4452
1580
7069
7455
690
6684
4427
1646
2717
514
1865
3864
5421
7852
6576
7754
83
5000
7753
2069
501
7626
4514
1021
6321
6755
7213
7460
7265
2226
1890
7868
5745
6040
7723
7560
1263
4492
3758
2003
5945
4051
1922
7096
759
1485
6848
3169
7016
4580
6541
3277
7476
4819
2678
3689
167
83
6276
5280
6576
7244
3272
7559
3550
5268
4478
1707
1745
7686
3442
7404
1925
2994
1275
7830
5769
2285
4325
456
2982
6633
4789
4518
7698
4794
2613
7799
7961
7646
1418
5087
3136
5565
3726
7947
7041
1742
1770
5926
1929
1102
1096
7790
761
1545
6400
2995
2588
7949
4825
1977
6686
2591
1116
358
4336
3348
6674
1177
4653
6295
3310
2421
5807
4734
6384
6176
6702
397
2178
5294
378
5088
3361
6799
719
5612
6051
6551
7372
3280
4916
1248
5939
6064
1725
3270
2099
5532
7772
3795
6970
2660
6897
293
2934
5220
4084
3119
5580
956
6518
177
7404
4874
6191
5160
1118
2344
6376
1713
6275
2519
4668
1788
465
5570
5753
1392
7415
634
975
3698
7978
238
4556
7195
278
1688
2510
3581
2865
5875
3182
3364
5579
6050
4571
6694
613
1629
4287
1521
4068
1668
1063
5643
316
7993
1524
7057
5573
3597
2526
2228
1645
7404
5503
7002
1204
3556
5739
5617
6758
7097
46
4638
6733
4804
5140
3435
1498
5419
1311
3552
1644
1150
7468
1844
178
4951
7468
5245
2001
7780
1507
6095
71
1382
378
3963
5857
1163
2990
7096
4473
7473
540
3315
2991
3873
7604
76
7954
4238
1072
5197
5704
2778
4698
3613
7093
4972
3221
901
1768
2117
7406
7084
4464
1243
1721
1481
7291
2105
1067
6318
2560
7278
1232
2630
2903
616
1835
3911
6221
5307
2661
6142
3525
1078
2606
6455
721
2790
3888
3701
6833
2747
4752
4283
1175
1727
7541
6777
3876
7205
3761
6468
4787
7556
7047
4063
4801
7048
2635
5574
3902
6937
3777
3965
856
1054
5516
2461
1542
1647
5398
325
5915
4150
6601
1705
1622
1494
177
4683
6533
2411
7039
5472
3688
6452
5223
4843
7888
2991
6265
4838
1078
4624
4831
363
3230
6177
5165
4105
6637
5802
7696
2008
2216
3290
2424
5279
271
7633
7987
4247
3546
2442
3270
1962
684
5633
1015
5160
2023
3246
4026
6317
6243
990
583
2266
1565
6279
6370
3659
6621
4073
4173
1592
4477
3061
7926
6080
4966
6950
7168
2956
332
3245
3238
1954
3083
3460
7314
4601
1431
6968
3137
4427
6617
1678
1613
4276
4963
7594
4250
5804
2205
7930
4683
7046
4343
544
5214
2577
5145
22
3440
2380
4385
1612
4533
2166
1792
3666
6666
3943
2849
4058
1864
1634
7324
4629
875
4294
6766
976
1986
3229
29
1460
5986
7609
4554
212
7247
6705
1907
4931
2148
693
4510
3454
7225
189
7400
7736
2596
5430
7115
4866
3211
463
819
7248
7953
1002
653
4138
4457
5948
6463
3179
5736
7667
1150
5597
2326
2179
136
4264
1708
3066
1843
7987
6870
3064
3190
6128
6635
1832
4779
6241
6065
3738
3101
7053
7936
7098
6400
3450
4221
7532
5227
4011
7443
853
6104
3912
5032
7020
760
3192
1503
285
5315
7310
1853
1749
3839
3324
480
6642
6439
972
7174
4980
4387
6402
5114
1846
2852
4596
3844
5972
4202
3560
4036
3317
4119
6616
2190
1559
5317
1608
2977
1772
6595
673
5965
2418
1539
2788
1310
468
6401
87
2889
6503
4423
1298
2231
1072
5088
1324
7921
6740
1079
3697
4271
310
2713
2562
911
2848
3820
5413
4516
5089
2509
1614
4675
7824
134
4100
1241
7806
5292
7788
1271
1565
400
4346
6198
1563
4888
1748
66
7956
5755
5312
2542
2558
6477
3564
3965
3682
2309
2017
4104
7892
1434
2104
2739
2779
3391
6031
784
3522
6002
4564
7090
436
3841
7023
6789
3476
1657
163
3406
6345
1690
2332
3525
2207
4252
6699
5472
5312
6620
6452
4383
4161
4933
7258
7736
4719
7721
1227
6016
4674
5809
7990
6066
2452
2512
627
7385
7902
3691
7315
86
2566
6340
4815
5475
5870
6061
612
4527
7767
1743
4069
4882
7953
7080
7542
5510
4789
90
14
2653
598
4727
6434
7553
2362
1816
6095
5402
7196
4574
1331
3620
3115
4263
141
6133
2416
2300
3243
24
7916
4611
5826
1554
2629
1032
2567
4348
925
5448
2228
6331
7930
5960
5194
2813
4093
6536
4299
5074
1669
6117
5900
7700
2640
6659
6586
3619
6093
3559
3510
4962
1075
5370
1071
7996
2822
5386
5888
6442
7834
7524
3514
4310
6481
7404
2317
2575
1523
5153
2992
4480
4587
7021
4791
592
7896
1901
5865
3821
1370
6369
2034
4771
5177
3115
6747
1235
2498
7176
3723
3332
3643
5987
7672
4582
1620
92
3069
6044
4038
5948
1884
695
1014
5846
3078
2567
5050
2591
3500
1187
4222
160
3053
7077
5838
6659
3478
1274
5529
100
734
1632
616
2346
6743
3300
5328
4954
5469
1012
6495
2894
4174
5454
2159
1091
421
4870
7933
3602
1037
1480
3397
7701
3672
2589
5869
21
565
4229
1916
1427
5174
3088
7645
4987
6900
2731
7770
4545
2597
4874
6375
2816
1658
1040
6188
2033
784
4570
3934
2408
572
6946
4892
1844
987
4285
6151
5151
3987
3629
5470
7756
7841
5016
912
3994
5590
4331
7331
1470
71
7187
5719
2718
672
5489
1744
7338
1261
2836
3860
7800
7494
7847
5597
5444
2103
2460
6318
685
5498
4206
230
1702
137
7062
4670
6295
5751
231
5408
2659
6497
187
3315
1085
6598
4719
6851
252
864
3027
252
6616
7427
7639
2251
2688
288
2969
7898
160
4512
1024
6225
6197
6204
240
7200
6081
2673
3618
1332
2629
4821
3409
7114
7761
4958
7499
929
2265
1236
4951
6128
4280
1815
6779
5283
3454
3464
5368
6461
2368
5431
841
1483
1880
3368
5415
2930
7503
3361
1705
143
4653
4577
3435
2391
511
5112
6367
2759
6311
4148
6246
7535
5200
708
901
2823
2684
2742
1449
7230
3377
776
6529
2920
2080
5416
4248
1487
3811
4606
427
6282
6551
2259
86
2709
7317
4865
3387
2620
6368
1053
1706
7609
2139
1726
3312
5459
7892
4111
6227
7686
289
4271
4292
2939
5828
773
3698
7745
4061
3446
4240
892
910
2827
4550
7647
1589
2937
2601
5699
1791
103
2005
4525
5963
7057
5179
6987
6418
35
2330
903
2370
7739
4134
7860
2723
6945
6350
3841
4449
5574
1700
7167
3966
1612
5331
452
2830
6395
7362
7850
4789
3466
2266
527
3082
4946
5296
1086
2878
3628
7776
6038
6657
5257
1010
1889
4914
6580
440
3109
4719
2399
6458
168
2322
2979
3617
4292
2726
771
5312
4619
68
2855
6172
1899
5739
6936
7003
4708
5836
1504
1032
1735
2101
3062
89
1391
441
4398
6303
1153
7798
6066
3421
2900
6309
523
5518
1329
701
5217
2108
3870
4174
5750
5393
4844
7042
5545
2488
5303
7912
6712
8000
7736
3054
2277
342
4192
403
7921
6590
2265
3377
6704
3592
2551
4965
2166
5566
5069
4493
6983
7324
2655
4432
7465
4086
5608
5223
4652
2951
6463
6813
5884
3543
160
7567
2760
2913
2734
4
1221
5043
6385
4551
6780
4738
1141
7943
569
6189
3971
1765
2858
6968
306
7106
956
7821
7067
6061
4368
1362
1033
4918
5109
6800
4960
2825
5260
5553
2599
5408
1942
1524
5514
5124
7698
2469
6761
3403
2717
5751
6985
6990
3792
4553
5440
2650
7841
2264
3606
889
4224
7699
1293
714
2523
5566
4474
4412
3470
1314
7632
3328
7961
1112
235
4558
5552
3493
5255
3404
466
1234
7667
1386
4394
6368
1414
7965
1150
3050
7874
1367
5496
410
889
1085
5643
631
728
4280
2330
2085
5416
1524
2852
5941
6298
4142
5371
1793
5551
4661
4350
6924
7153
6733
5846
3679
6882
1364
2161
5888
7480
1400
6144
5077
2731
1240
6025
3618
7609
3028
1487
133
7470
6888
4442
4776
4671
1473
1468
3916
3768
7953
42
6172
2023
5636
639
77
3979
5571
1855
819
7532
1513
7520
6735
4953
6577
3205
2202
7280
2924
1438
5801
6614
6481
4249
5799
6350
2131
6519
1823
2029
5904
6301
1964
3954
445
6125
5431
2569
3499
6029
2244
366
3155
5666
7819
7384
5020
5651
406
4695
2731
6771
6579
923
594
5315
2117
6523
6067
1479
7375
5865
4615
1087
7685
2563
5912
1940
1377
3155
4908
7825
1011
6168
5533
7464
6108
5512
7386
6173
1581
4846
4665
5227
3056
650
5773
6687
6442
6188
3934
7962
6980
6405
7415
7669
252
4337
3793
4336
3963
6573
4854
5445
963
3411
1009
6582
6789
4263
3274
4313
6092
7225
1445
6545
6667
351
3295
6658
574
1484
332
3993
4788
7110
4441
3061
6542
6916
5219
1944
1759
2301
39
3064
4622
7866
4066
5098
7680
7500
7462
393
2809
4181
4407
6832
4801
1757
4390
980
2333
5654
4809
1975
4541
5178
7018
2023
3567
641
6745
5474
2819
6002
980
3200
6752
246
6884
7625
6934
5158
604
31
7559
4710
2002
2754
328
2897
4532
1051
7092
2919
7402
5003
6409
2710
198
6065
6904
2970
5485
1437
3317
2463
7184
7118
1237
601
7021
5735
5223
3888
5372
1511
4492
7332
563
5400
5925
4947
3512
7948
7370
3778
4075
3238
3022
2972
6847
309
2050
5372
2874
4613
5179
3743
5514
1989
3878
4299
2849
6561
996
2540
1723
6646
3693
874
7978
722
4974
4833
5100
3633
2083
3455
2312
3366
2462
7714
6688
3149
3722
6192
1604
3269
6273
1488
2570
3241
763
5467
4661
1003
474
5443
330
7892
5490
1477
1448
3017
7291
1484
1323
7907
3125
3514
3177
5430
4484
102
2218
6411
5738
5563
4820
771
1707
3048
7124
7883
1597
2621
5616
5605
7014
3176
735
6994
7791
3091
3598
3390
7552
4738
6995
7104
322
907
819
1942
2645
7491
2073
6850
426
5392
653
7083
1763
7055
5939
190
7549
6630
2090
7665
7492
6369
1581
6422
2059
5047
1082
1636
6773
5314
2743
3492
89
6932
4802
5867
4314
3331
2223
4481
382
7430
34
4782
846
3297
261
2580
6101
6868
803
7976
5155
2974
1497
2194
1696
4523
3369
7825
3849
7745
5794
7243
1000
2893
475
2944
7752
754
3778
1244
3797
3595
5047
4980
1218
3836
2155
1155
3805
6028
7974
6377
507
2281
1470
1888
2088
6216
6615
5181
5460
1156
1503
4497
3916
6296
1025
2171
1124
3874
6613
6332
2990
4976
1447
1646
5383
6551
885
5886
1767
7449
6688
7844
5668
2808
7233
5535
6732
7781
5257
1658
4268
162
6084
5188
5996
7411
4892
2247
294
4825
7969
83
3714
1519
3019
7292
6591
7226
3400
6222
3459
7149
2185
4509
2755
571
1873
3675
2992
2083
1571
6780
3617
2872
1946
7909
7572
1735
3291
3955
7115
6666
6454
115
3879
1506
5025
2629
2806
4257
1401
2902
2723
4191
7223
218
731
456
5778
3062
4348
1809
3838
1014
7366
3606
3692
1738
152
4783
3755
96
4482
5408
2500
1404
1110
4091
2982
5779
670
5708
2291
2607
6627
3297
6607
576
1016
2213
2524
7686
818
3994
5700
1376
7252
25
229
5488
1400
4612
7106
5379
3607
4507
7737
5107
5073
6655
6653
556
5267
6723
3913
2648
1285
7546
4047
7489
2357
7901
7943
3552
6383
1111
5041
7174
6222
1469
1933
851
7850
5111
1563
6629
6283
7478
5310
4942
4627
6926
264
3332
1716
3601
4269
5054
6467
305
2334
2612
6836
1523
2252
4223
2150
2394
6737
3377
886
1783
7254
1110
5258
3386
6323
6177
7115
465
1209
1597
1782
5385
7002
2433
4765
661
790
3348
3302
2139
5110
80
5588
3759
2719
6565
2378
4512
3244
2260
467
7476
6174
379
2391
3098
3337
1122
4460
6612
5518
6267
989
2998
7051
6936
7751
7562
3446
2439
7512
1144
7562
513
3288
2597
87
4043
2694
6525
623
925
7553
1152
3143
654
2838
1512
4509
1718
1262
5990
182
2185
3202
3872
1026
3598
3682
1621
7638
5181
5415
7768
1412
7452
309
6597
7060
6402
171
4944
145
4792
4020
6779
7880
1827
6200
7610
3129
3136
6667
3710
2785
2955
4445
7465
3032
6777
6739
5995
3646
2223
2527
5889
4057
6688
6528
4227
295
4156
2233
871
1141
559
5842
4469
5468
2089
7046
4127
1155
690
1566
1720
5882
7350
7088
4826
1549
7278
6766
6705
7239
1444
3426
6419
6234
4231
5629
77
4
3847
6075
5484
1064
7093
7288
6710
2718
2778
1250
4901
1788
4542
5210
7029
144
5666
7855
944
6159
1297
2759
6763
3723
3838
7710
119
5546
1646
3781
910
2459
6091
3144
1250
865
6801
4023
752
5945
5146
2870
2302
1313
4622
2341
7169
6090
7992
2423
5504
4201
5355
6822
5372
1076
5021
4726
4296
5955
6775
5788
1393
7053
2093
116
2152
7096
3821
7080
7901
7926
24
1739
4872
917
5409
960
4678
1248
2249
1629
5425
6952
445
3048
1418
3163
4229
128
6712
6353
5174
7202
5074
7826
473
4494
3945
3094
7111
4776
4715
138
3606
3823
5315
6242
57
276
1216
1316
7551
5367
1412
4687
628
3745
3314
635
5849
7070
3600
1275
4554
1033
1059
4480
4396
1464
1217
4422
2470
1011
6167
425
6750
1372
2729
4041
7265
3959
5514
117
2361
6526
2677
6256
7837
4791
6503
2251
5196
1
276
2938
2538
1942
3089
7773
987
7891
128
4237
598
5367
1883
746
6755
7897
6293
4698
6852
1223
7234
3938
4730
2049
1323
2734
3085
531
6200
831
4840
2093
2065
5073
691
7574
7299
7522
2766
2591
6755
3345
4170
6526
4600
779
3839
5603
7226
6942
2159
7255
6814
4227
3519
43
306
852
140
6244
5478
3984
4843
5229
7483
4683
2492
545
6870
4627
5438
1002
6627
664
3454
1572
5005
5009
5477
5933
3944
4942
3871
2604
7618
1835
5913
5567
4742
4718
80
6198
7266
2586
4996
5603
5439
573
6551
2682
1901
3459
6097
1034
5959
5021
4239
376
6364
2588
6809
2723
2848
4906
4634
786
5000
2737
6992
6713
4990
4146
1008
6504
5095
349
6875
5791
1343
7148
787
5879
2900
489
3049
2473
5889
12
2844
5688
7701
5240
2477
392
351
6819
4560
1177
3228
418
7625
6512
1439
3210
3398
6715
429
2264
944
5553
573
7818
7301
6961
2899
4652
1091
7944
5920
4888
7294
475
5583
4608
165
3814
995
7771
6224
5680
6950
3476
3816
3449
2098
6351
5074
4278
5325
3202
6645
5269
5727
6355
5439
4494
275
6190
4882
4108
2577
138
7414
6717
4768
1235
7247
6544
1423
7875
6197
287
5952
3272
1172
4629
4072
7090
3960
6571
3655
6394
3802
1970
2283
584
5797
2597
1542
2013
4074
3414
6589
7329
7035
5386
2555
5271
3132
3462
4721
5583
5647
7046
561
3997
3666
698
2004
1707
817
5250
7364
5951
1802
5137
3251
2061
3159
3770
1201
4907
4934
2694
2023
4314
6783
1574
4047
5399
388
3945
6564
882
1670
5154
5289
526
329
166
995
4890
5165
5859
4963
7291
6088
7030
1950
7942
5482
1776
6441
2480
1387
6498
6633
7726
2679
5123
7372
4771
350
7194
6538
2141
922
4826
1809
4351
7463
7357
2589
5490
7140
571
5206
2779
7371
7068
2774
3314
3832
2859
7701
3
4117
6149
7884
1484
2808
6552
1179
3337
7084
3652
1752
3238
5245
5798
6088
3097
2942
457
6074
5206
5753
685
6717
3981
6677
3100
3442
1967
2594
7777
7944
4497
5004
4428
2271
4687
5704
155
3974
6015
1598
4781
3184
26
883
3113
6120
273
2902
4876
4933
5671
1902
5699
5324
6989
6148
359
7044
4600
830
6306
1510
598
4966
5182
7817
5619
5156
1002
7987
5071
3163
5605
7225
2126
14
2578
2150
4890
966
1121
1328
5532
5186
6940
5756
6545
3927
3985
6103
3385
85
5446
4912
2551
6047
7171
6068
301
7742
7015
2673
5982
6081
1605
7403
7278
833
1684
2361
1557
7756
2571
5831
2890
2307
960
2914
3134
3872
1743
303
4435
214
807
2930
2192
1981
5620
7845
5160
6909
7211
5356
6353
6071
5535
3177
5016
7388
3259
256
1912
6382
791
7965
2850
1297
2743
2502
647
1997
2916
757
7558
3079
4163
502
417
1817
193
2143
3019
3299
196
4581
241
7212
5186
742
5053
3714
4658
6015
1945
3521
905
7132
4638
2111
4520
4586
1442
3527
6914
4222
7872
2571
6373
4022
124
1935
2176
2202
5718
3728
884
7711
4398
123
2613
7802
2780
6894
376
2094
1792
5864
4617
7676
7074
5101
1039
5699
386
7521
3206
7084
807
96
6000
7422
18
3226
6292
6148
6778
326
7392
2282
5767
7847
3934
588
2809
4760
5411
6695
3439
4249
1731
6664
1155
1439
7880
2452
6077
883
6056
5663
427
6479
3988
897
872
4621
4490
4416
7448
7422
1486
938
1688
3613
7957
450
2691
4831
5183
2903
2529
5156
1965
7522
1532
3597
3242
4793
3622
7352
7533
1713
6844
5326
2980
1994
2845
7659
2515
2899
3886
3571
1115
1459
4872
2523
4922
3414
2754
5821
2683
175
923
1971
7656
47
701
5156
5634
1179
2035
4560
6310
2221
1434
2053
7217
5038
1294
4687
4552
6573
3809
5590
7516
161
2651
4745
6584
5939
1062
6825
2272
7054
4164
5951
6419
7943
2296
2031
1061
3279
5619
3042
3329
685
1043
5348
6747
5556
805
5548
6293
1833
7325
5479
6298
3245
6798
2585
2532
3772
4013
4978
2664
6294
282
4515
5771
7986
1948
5559
2460
2879
3130
1302
4338
5923
2253
6972
4558
4008
5732
6474
3152
1598
1482
403
2007
5501
628
3043
3455
2306
2441
3552
4472
3408
3744
2426
7898
6785
5640
5891
3825
2771
5742
2600
6019
7369
1247
6694
7388
1782
3152
1269
2653
4705
3876
6816
4828
455
1114
424
2713
7954
2993
5315
2188
7994
3863
6009
7784
1814
1228
7928
551
6552
2007
7307
5285
5634
7135
5203
4513
4978
2721
1242
6116
5610
4982
3737
5130
6751
2491
3375
3308
3650
1494
301
4712
6308
5645
463
2313
3415
4167
5128
902
4581
2780
3190
4414
5542
6287
265
4251
4421
7854
4127
3831
7703
2013
482
590
7531
2706
1400
3417
3035
3471
4806
1465
6087
2014
607
267
3332
6153
6728
7247
352
2351
3445
1407
7537
1348
5217
1370
2677
1828
2819
817
1802
3324
385
3249
4232
5074
4976
4089
5385
2138
7857
7776
2611
4008
6388
5674
126
4587
4825
1203
5343
5041
3575
118
7813
4866
4341
5514
1373
1413
5077
7454
2257
2384
5288
7153
3303
6031
2939
632
4765
5360
7177
3645
1537
5496
6663
3111
6111
5521
2450
1345
2982
1887
3188
1168
2863
3977
372
7061
2953
633
6021
306
4
7365
1235
3566
737
4757
7321
6516
7634
2252
403
5940
7080
7496
1748
2683
3220
4022
6336
4702
4554
910
3540
6368
735
7734
5333
4531
320
2653
339
5040
1485
585
1083
2770
1567
1692
2993
6355
5086
2671
169
2019
1564
2835
3986
4147
768
5668
7981
3634
2484
6299
6666
4964
3595
5776
3428
2086
2038
4957
3135
1085
6084
1088
7586
4302
3727
717
2287
1947
820
2336
2930
2670
858
887
4850
7256
3212
4650
2925
3982
116
4372
2697
3312
3057
1244
2138
6358
3769
2861
7479
7504
5700
6614
3811
675
5299
5041
3373
1033
2193
7880
7708
3881
3839
6528
6432
721
1840
7466
882
7108
3014
1411
6334
5445
5850
6262
7123
7540
379
7958
2488
2623
337
3095
1082
6363
4176
4822
934
6191
7834
5351
3217
6848
1364
2541
6538
3643
3258
6610
2769
697
410
5103
5210
1572
6420
3309
1949
522
3958
3925
3233
5656
3246
7747
4731
2496
1136
5829
5473
7054
6362
2277
5632
6731
7555
1097
1661
2989
6715
797
1002
3163
5045
3466
7795
1158
1904
2644
3874
2447
588
1973
7250
7890
2980
74
5795
4618
3887
5483
1279
3321
4657
666
6816
705
4229
7340
7294
1961
6651
2832
1249
1000
1208
4004
3062
1308
1113
6014
4302
5345
2819
6018
102
5814
1122
2380
5899
6925
6068
1936
320
3103
3090
2662
3101
617
2970
6010
7957
1079
7500
447
1047
6206
2008
5955
3871
1607
2069
4916
7792
5324
996
6524
1003
1207
5248
6111
6802
6848
2923
7987
3187
5502
2919
4587
4793
7975
3551
6772
6760
7609
6717
365
3895
3307
516
4885
3241
6902
6441
7752
4166
349
3129
4464
1055
4806
7159
1900
7436
7953
396
6720
2374
5673
7135
7921
6231
6234
338
4017
7668
3761
936
4454
6312
2585
7354
2488
5937
2062
180
839
7681
2538
5759
4836
3212
3287
7456
6001
7841
285
3009
5834
2302
7190
7075
609
5014
4555
7665
2789
3341
630
3925
2938
1727
1573
2566
4613
5769
2256
6695
819
6099
3972
1858
3454
830
5975
1605
4655
282
947
5696
5858
5881
2247
7155
4065
2637
2615
2969
1970
5002
5253
2740
7484
1876
3226
4188
5545
3543
7776
1636
244
295
1983
6202
3724
3985
5727
2655
4643
1107
2047
2094
7722
1763
3639
825
6429
6777
335
4742
2495
1547
7811
7677
3709
7758
1699
3916
391
1582
4575
7323
5288
7462
6761
571
1563
1358
7618
6239
530
2335
3124
2842
7739
1535
4780
6397
2196
4554
7849
2012
4832
4247
4703
7879
906
721
2997
378
6072
4258
856
2111
5258
7678
3156
1895
4335
183
3811
618
5307
1312
7546
6455
821
6908
22
2595
1047
5281
5250
3724
2081
3172
4987
825
3527
5771
7304
4155
3067
1142
5190
1548
4512
6231
4062
5267
2541
4106
2049
6361
1618
6671
97
3337
3434
4759
4670
7090
6554
4122
2039
2246
7776
3287
5071
3020
6908
2729
3594
6422
7017
745
3486
4241
6115
112
1469
1777
3997
6670
4444
5625
398
7034
3194
2313
477
272
7930
2871
1260
172
6499
6807
3057
1937
7695
3315
7391
7047
6241
4822
3060
4083
758
5761
3666
3619
6019
1458
6780
679
4671
2498
2723
5497
7965
7165
1859
7379
631
5401
6943
5272
3041
6532
2986
2718
4666
941
6176
1971
4156
4676
7661
100
6398
221
7420
4512
1686
3439
7339
7419
3572
819
1496
6193
3959
3341
1811
2674
7100
1291
5708
1941
3422
372
169
1272
2931
5912
5514
3919
7480
2025
5351
7543
3817
5543
1227
3283
3551
2621
6288
4108
1153
1195
3739
3098
5245
1952
2366
2523
465
3535
1320
3380
5966
7341
1105
3115
1216
5341
1647
5401
2248
2957
2154
5283
4974
4442
2063
5761
784
5870
6248
4335
5478
1413
5794
4461
1769
4568
7271
750
516
1960
2231
2873
4707
7897
7750
2301
1668
5337
464
5252
3500
1731
932
5548
2898
5569
1750
2264
4890
5042
4525
5295
3973
1586
5176
6309
2248
1417
2551
7176
1777
5390
6452
6789
665
2463
1054
4012
4622
4153
3440
5411
718
2080
3392
4446
5914
2231
3526
4905
6795
2045
3425
3530
5906
6144
6767
5466
1007
2868
5235
6445
7020
3748
6368
3717
5374
148
5667
7697
4319
5053
2776
7881
7444
1452
4358
2097
7716
2704
3917
4548
6135
4963
2023
7846
7572
6425
5920
3948
839
6328
4720
2600
2658
5519
6289
2754
4513
2982
390
6508
95
3439
7103
1089
7840
2637
4874
192
4017
1203
235
1337
4360
670
3158
4736
6204
6416
1504
5032
1357
4943
122
698
6268
4345
1896
2459
2602
7832
3886
4550
4742
1247
3906
7127
6881
3319
2066
4263
2190
5689
2451
5160
2220
4413
1864
6163
6030
2056
6283
164
5058
7537
603
1103
2169
5894
4284
2120
2954
5253
1633
2585
7688
6139
4565
2267
2247
7771
5577
3934
110
2180
2379
1446
5363
2595
1334
5525
1455
2640
6616
1071
6207
6398
4080
4276
7288
7136
961
806
4360
5235
2632
5524
4719
1765
3404
216
1091
6132
727
4775
3507
3112
5866
7707
2063
3026
1711
4646
1119
3202
2979
7126
2414
6197
2881
3397
4113
1749
1865
4010
2102
7993
3136
2955
1468
2064
6065
336
623
5312
4546
4417
2680
2211
5318
6962
4145
3182
5435
7021
2875
2405
914
6429
6281
689
5936
7595
316
6102
4976
5774
3303
7335
6618
783
4999
1372
8
4062
1901
1767
