6645
3437
5213
3073
2548
6619
7627
6202
5088
4689
4542
1787
7094
4640
2520
4350
1489
5149
2748
502
2583
6515
3998
1739
2262
687
5492
4162
2830
5118
345
683
6028
2154
4510
5558
1854
7688
3712
4645
7223
1495
3548
2768
7351
5161
3852
1068
1281
4914
6578
2400
2580
7920
3594
2164
4826
7710
5936
5323
3056
4836
6423
425
7656
111
125
3518
3489
3091
3760
1285
7578
4390
6990
5320
4446
6214
1481
6012
2807
324
3762
1130
7008
5442
4239
2215
4121
5211
2435
4021
6772
4360
6757
5525
7956
1653
6858
7912
4644
2621
6128
1725
1874
2368
7652
1979
1811
3573
953
2784
2846
5610
2100
5154
6388
1265
617
4899
7136
5220
2545
2214
7382
3350
6983
4154
4371
5058
6593
5440
5904
7297
7598
5806
42
3780
4097
982
1171
2988
3203
4683
3112
7429
2013
7039
5747
2816
2472
5120
4672
5936
602
3137
523
6203
6248
7948
4183
7624
2404
5523
4950
3627
2948
7312
4470
6287
5590
3832
2670
7078
2079
4614
7523
5305
6730
1212
7716
323
7561
496
4943
2575
6840
6059
1739
6630
7312
5213
5788
5106
2001
4794
5521
1690
4866
3148
2242
3103
7315
6075
1358
1574
7173
5425
423
1338
2758
2847
5744
5546
5660
819
73
7148
7523
7975
6076
6450
4865
3442
1536
6999
4603
466
936
933
7583
3006
561
3642
4434
1268
4130
4477
7992
6989
5663
7219
7947
4277
1091
6468
6444
6678
4325
7177
2646
4648
6843
2797
2730
1908
7368
2906
3178
6634
3416
1443
4602
7438
858
4155
169
3221
127
435
663
2645
2915
7441
2457
6588
4938
5461
685
3843
3407
795
4037
7575
4312
5074
6556
4331
5960
3434
7233
7358
1211
6340
6249
859
891
6760
3583
1610
2485
6106
6535
2207
4142
2507
6868
335
5142
7099
1806
6670
902
6456
2612
4984
695
5151
910
4978
5761
2482
2714
7681
6880
40
5368
5543
4742
6602
5908
3886
3412
2402
6624
4365
7742
5560
2059
1002
932
1109
7222
1592
2139
4114
794
7902
7045
6296
3293
1398
2564
1438
3501
7922
2318
3470
7750
7487
4471
2388
191
2362
6438
7633
3595
6406
3011
4562
6140
7399
6211
2674
2422
7138
6805
1088
3327
1782
7130
5610
1415
1377
61
2724
6016
1221
139
2016
5134
3332
3538
991
3842
1661
7112
3227
5295
6829
6565
2014
2210
6581
4109
1576
4311
5844
3953
616
5365
974
69
2845
7042
5050
2087
1087
975
671
6610
7941
3254
4545
4297
4004
5944
1574
6908
5468
6096
4164
5620
1109
1245
958
4722
333
6799
5365
2646
1510
7111
1689
5958
7398
3304
2778
6306
1182
4944
5008
610
5670
4561
612
3555
7540
3853
7022
3709
3764
3976
5807
3280
6955
3548
7540
6989
853
5824
3977
1244
3717
2998
344
30
1302
3658
1806
6934
3121
2509
409
1076
4866
5875
2517
2661
3739
1224
6560
4169
6665
3736
4897
5606
1654
368
6300
4
6424
7970
6595
3108
5869
3862
7061
403
2561
4444
4554
1459
2866
2650
674
4531
392
6907
7402
7826
6737
3539
2803
7590
2021
4766
5713
3008
6760
4254
7372
6516
4911
3221
2883
4581
7565
4577
872
4900
7639
3644
4098
6024
1220
1988
5941
4539
5888
540
4976
5293
7584
210
1256
1149
6147
2275
6382
1788
5781
7704
3893
398
3218
1097
347
5145
5106
3825
976
2812
3637
6469
3150
5585
1337
2538
2722
486
6601
5715
3221
645
5607
4244
6706
7420
3219
1427
995
7509
3215
4137
6082
4415
1190
7313
5490
192
5513
2927
6775
1390
7666
5963
2444
7463
5117
6776
2572
1127
6247
7580
5199
105
1747
4002
6691
6675
1859
5057
4049
3841
4828
4028
6060
5049
3644
5710
895
1553
6563
7715
3381
7847
4939
1813
7238
6760
1073
1485
7686
7034
274
7689
5676
5527
4054
2895
2997
292
2798
1914
1588
3654
1958
6727
2914
5273
6173
6397
5017
5400
6713
3120
6606
2998
2472
5377
5770
7037
473
6510
3375
7423
630
7983
658
7171
5786
6541
7047
1
1143
7632
7103
7797
7099
3175
7984
1576
7625
5407
2506
7685
343
6407
4622
4854
2349
4217
724
3558
1486
6285
6100
448
5228
4611
3937
3997
4940
643
425
3814
150
5219
1080
5582
6843
3812
6754
675
6763
3910
1358
3325
4981
4642
1944
5165
2743
1281
5772
3707
7444
5395
7940
5654
1639
5404
640
1708
943
3559
4349
2813
88
737
4186
6700
2988
4240
3035
6246
5085
1333
4111
4749
514
4376
827
5682
4048
1692
1079
4124
7712
4322
2635
1065
2537
6443
964
20
7571
6444
2814
5335
2921
5800
7494
2342
1002
7291
5417
340
4038
91
4142
4583
6465
347
5402
1147
852
2345
3700
2865
1828
1948
2553
2144
5658
1621
1618
1848
2541
6051
3870
6034
7971
6533
6633
1984
3989
190
7137
725
3200
6709
2827
7659
5660
5228
1956
1042
6299
77
7229
721
5346
666
1615
3142
1466
1403
5164
6418
7585
6219
344
3084
2748
6883
3564
3836
6682
5954
3140
3724
3901
7253
2721
6996
3607
2835
6161
4620
3516
4904
4336
3766
6971
1154
3255
812
3235
3612
6802
2065
4365
3226
2846
4682
585
4469
7048
1266
7637
1066
3966
5156
2098
1783
1915
5889
6946
924
3274
1630
1602
6561
922
7697
1900
2722
4959
723
6707
3201
2440
5086
1322
1619
5830
3207
6162
6042
2241
6701
7693
4689
7915
6746
7735
6176
2505
1915
5066
666
6478
6632
2804
5804
1832
1904
5175
47
4357
2093
3619
1986
2297
3696
1314
2909
1575
5396
5473
3465
3279
4000
4469
1780
483
4477
1461
5106
4583
964
3052
2164
3775
7555
5431
3436
1638
5196
3296
4491
5443
818
5713
242
2625
2590
4355
7761
2390
3097
817
3546
6358
6947
6506
2822
7512
237
5405
4174
7862
3109
2576
5823
1203
5020
1694
3875
7636
2645
6266
1340
2444
1380
6731
3737
2049
111
7947
7462
2241
2669
4877
2016
4187
106
4914
3568
2325
4108
5206
1086
5849
6766
2033
1119
5523
2617
7972
207
4483
7649
6247
6395
4765
330
5681
7143
5947
5566
3780
2407
7540
7681
7329
3370
518
404
152
6358
7616
4124
5500
4168
1662
1736
2684
938
2606
5915
5348
6029
4483
6894
6049
4823
6955
1063
5607
7349
5653
2207
7909
785
647
6955
2252
384
1855
5752
5094
767
6419
689
7842
3582
2622
2938
6398
76
2863
7240
827
2572
4690
6867
7
7793
1345
1878
5657
6223
5131
6179
5293
6584
4900
361
1700
4673
5263
1596
7134
5498
1163
7714
6182
6301
1940
6220
2284
2406
2348
1051
1019
1678
1231
2978
4117
1494
6107
5602
5553
1114
2790
1948
6307
384
1343
6158
6002
7078
6600
7872
6993
1105
5921
4518
451
552
1205
3586
7651
765
5943
4915
7374
2854
1451
2085
5827
6723
5160
4436
4759
5837
7846
7416
7089
4566
3729
4189
2398
4158
1391
7922
7773
1287
2502
4268
6217
508
5134
5179
3800
6968
1394
7120
2740
7307
246
1426
5112
1855
4349
2933
6265
6300
7730
5234
5967
6491
4642
5425
2177
6354
3245
143
3484
4261
6765
4871
7448
2401
5814
1405
2732
1673
261
6221
4321
4955
2125
6642
7976
955
1588
2151
3023
4137
845
4025
72
603
7914
6292
69
7169
115
5411
7256
5777
404
495
5763
6056
664
5653
5915
7714
2905
391
1431
2734
1512
7405
6286
4375
2143
738
4981
4426
76
2293
6220
3768
4522
555
2316
1744
5951
1437
1474
6927
3360
91
6081
2566
1539
4983
2600
2667
6996
2724
1095
5830
5181
4522
6180
1571
1911
6350
2355
1086
3963
1392
615
277
2297
776
6791
6454
2330
1362
4603
1147
5571
3815
4539
6831
3829
5442
3094
304
6999
4377
7217
6824
7156
4819
604
1406
3044
6544
638
5350
1813
2322
2623
1746
5387
2065
7222
1974
5639
2879
1970
1212
1112
7173
6323
3095
2259
2563
2733
6036
1552
7799
4486
3375
250
685
4291
6299
7995
7517
5799
194
5339
5511
2796
6674
7938
3731
2498
7059
261
6830
980
5553
556
7015
3775
3642
5298
5146
5636
7150
7010
1514
2878
4273
2548
7527
2643
3743
2284
2246
4270
5542
6147
7596
6641
168
7327
6087
6863
1217
6359
3267
56
4399
6587
6352
4027
780
3316
5912
3599
3536
6409
1029
1499
2560
1658
654
6691
1693
470
5278
1803
3735
4741
4414
3195
6935
4873
885
3955
6690
6612
4769
2545
2133
6055
4644
3053
5476
496
1492
7582
4136
5993
7391
2695
183
7385
5645
5685
4304
3261
5843
1456
6577
3850
7944
1141
2178
303
4519
3223
6420
4304
4624
3360
6279
7646
7828
259
7660
6550
6049
547
7137
730
2777
4058
1930
2335
3156
5055
2275
7651
2298
6947
1844
5904
7531
6635
7601
6221
478
5481
7810
6281
2579
977
6337
2366
3531
617
3610
1343
3308
5099
4514
5515
1681
5281
6294
1191
5946
7260
6493
279
4060
3607
4877
3085
2150
2165
6489
5341
6506
6547
5457
5948
2748
4621
462
4258
1333
2877
4062
882
6742
3952
7496
7408
4894
3991
3716
911
4829
5642
4666
2232
7012
2578
4450
5078
5607
7428
451
2486
3328
4797
306
547
6156
1159
2335
1057
2327
5158
2120
7767
288
7129
404
7951
6459
6584
6340
6566
3552
5357
4112
7681
4370
3834
980
5297
5135
2106
1133
7538
3604
568
2429
7366
7591
3787
5745
1893
4524
6503
3947
5886
2893
3469
787
3871
6208
4708
6074
4564
3292
7361
2903
3074
6665
6644
7150
820
5580
6470
1028
5037
5897
3198
6339
7058
4972
4256
6030
3050
4106
7783
5208
5531
3773
1601
1115
3562
6624
5567
7937
5676
5113
345
894
4764
1229
2703
2362
7821
4312
2828
1934
2224
6355
4514
3700
7529
3044
1292
417
4159
2420
5132
75
6691
3092
7043
7967
2973
7977
7236
4270
1509
1089
3513
7138
2444
7526
1552
1350
231
596
4592
4607
5417
3150
5993
6656
2049
1137
7090
2495
4411
2796
2559
4190
6776
5560
7495
7451
1175
3482
6518
7669
2834
1254
3388
873
3403
5082
6660
2676
4649
6951
5901
5991
5639
6229
1564
5832
6861
4080
13
4646
6339
5392
405
5466
4332
2393
288
6878
3355
4537
3993
1553
543
7699
2571
6943
5392
5019
7171
349
4495
2180
3799
1777
3495
6138
3718
5986
1810
1544
4973
1099
4120
7657
6724
1914
5714
2123
4033
107
3866
5894
221
2333
1670
1959
2072
1884
7000
1548
5101
7143
2999
7929
4579
6186
3490
6047
498
4895
1129
1399
5817
1215
1865
7510
5928
4324
7152
5015
422
7751
3053
4596
4166
6247
7731
7986
5480
3828
705
2825
7843
3718
1021
963
1879
7716
1047
5736
138
6678
4068
697
3076
1274
906
1590
6358
3170
7499
7797
3822
884
7498
3239
2635
7490
2217
4454
3826
1586
206
4814
5687
687
7985
1526
1633
3469
4458
6424
5980
1919
2387
3095
2608
5857
1290
5833
3768
1191
673
6384
5257
7542
4469
1952
638
1772
7797
5369
7715
4563
5210
7577
4718
154
1811
7896
1522
6226
144
7339
3327
4322
6427
1989
395
4923
947
4178
3469
7803
3274
6345
2333
5999
7768
4683
1453
4863
2770
1569
960
4587
5593
4621
5931
6256
1769
1825
1832
3674
526
5624
3424
7427
2084
6522
2052
7353
1636
7018
6007
7985
7299
5618
4852
4428
2650
7745
5448
1427
2451
6168
6594
1298
3604
6942
3893
7737
1506
3992
257
4332
3584
3007
3926
3627
3045
2319
4369
7758
19
1347
1177
2712
7714
6308
1703
2790
1786
6440
3963
3987
6075
911
6413
6929
786
6828
6024
7092
6338
3884
4632
6983
3072
3934
7448
1915
7771
6910
4101
7074
4835
996
3271
6600
4573
3001
2542
4473
2268
168
5063
5443
2420
40
6876
5947
5062
7776
4289
1521
6133
2359
4003
1822
937
7916
1969
3112
2191
4912
4216
6705
3960
5629
7555
7564
31
1743
4909
675
5754
7822
1399
2416
4449
7444
1861
956
258
1141
3181
2774
811
1767
5870
2677
662
7099
5275
5580
6649
3070
2876
529
5870
3405
298
813
526
5953
2832
843
7325
2941
3338
2665
5627
1866
5389
4281
5315
3271
3319
1739
6717
156
1308
5816
7599
6503
6863
5037
2167
5711
4065
7828
6391
4899
2086
7127
6690
817
7792
2529
7369
4131
2182
5017
3944
4953
1022
2166
6901
7495
3043
4250
4659
3863
7631
2329
5596
2594
4812
33
5808
210
4307
3141
3062
4140
4466
145
5710
2433
245
3826
7954
6290
6111
6998
877
1042
2201
622
549
4552
5932
4412
847
144
5176
1326
7206
4219
216
6273
4286
2485
2387
345
7929
5616
6080
7759
3183
1249
7139
4302
6121
3512
2032
5075
4637
6800
2071
5972
835
699
1065
5787
4407
4709
5030
6887
3346
5898
2685
2455
2492
3134
6110
5742
951
2284
273
7445
6305
5117
578
2016
3240
7921
6879
5099
6581
3102
6866
1430
2119
2737
5553
6775
3461
1138
7101
1585
7923
5236
572
3488
4937
413
3743
5105
7976
3353
3217
6970
2717
722
4520
7734
2949
772
7657
7400
1462
243
5096
6199
7788
4858
175
3277
6252
3691
6906
1150
7900
1014
4236
4324
154
2210
5668
7515
345
7409
4759
4855
110
5877
3984
5175
2764
1257
3432
4641
2485
3129
5291
5552
7856
5511
3348
261
1969
6248
1449
2343
2474
4721
7195
6624
1085
1927
463
2180
5646
5178
2622
3924
2981
1451
4628
3713
290
3076
2090
572
7688
5214
904
1791
7402
4393
7357
7802
4482
1473
2834
2702
6250
3843
6203
693
5849
877
5683
4552
4123
691
7137
1431
747
7245
544
6654
7812
5396
4144
3047
2315
3634
6
1204
1534
5313
5626
1773
3835
3797
2431
51
5846
4953
2573
6843
2332
3100
586
5333
162
3112
569
7564
694
2339
4799
2013
4284
5121
895
2521
1343
6537
1227
3673
1431
2363
7475
4026
4263
450
2615
7853
6358
2178
731
3424
6677
2535
806
1398
5604
7148
6609
2777
7739
3531
4448
7810
6223
1991
7819
2103
6255
2872
2563
5648
6252
3390
3568
2604
2400
7778
5846
3961
2504
2514
3071
3590
3152
3653
6775
392
7765
4448
6633
1276
3623
6140
6895
6446
6383
1403
5605
4424
4842
246
5595
4215
7449
4832
6722
723
180
7005
7167
4805
7021
6231
4185
3089
4000
946
5010
852
10
2245
6105
4840
1741
7441
7953
1487
2073
6417
661
2096
5018
7624
6211
5426
590
7060
249
1744
7491
111
5593
177
3496
1155
3013
3740
5035
3876
2569
698
3559
4861
314
1357
5635
3346
53
2588
876
1712
3587
5607
219
2356
4526
1266
749
4568
7939
4770
22
4256
2932
7326
5910
4399
651
2789
7291
2091
5708
7282
162
2524
1556
1086
5353
6162
1512
893
6380
3238
6714
2938
400
4360
5629
6542
2631
4553
2668
7659
372
1688
1229
4699
2754
6248
3285
6581
6842
4224
4480
3009
251
4852
6607
744
7466
6792
7579
323
1139
3396
979
3820
1567
1107
3997
5298
6268
6213
88
3198
2071
5371
5974
6259
3886
909
346
2395
4609
4670
4887
5234
4995
1333
5540
1701
1662
248
3351
3119
2768
2320
6732
3809
3753
6738
2319
7003
665
3865
7540
5274
3285
7707
7130
3714
534
5445
1413
5676
7063
4638
4623
305
4608
1649
5118
7230
5785
4853
7772
5277
6546
4934
6700
1510
7629
1724
7985
7797
6374
1900
4711
7070
1620
3573
6021
270
2346
5339
3611
6503
1980
715
7292
554
6939
817
741
6956
1733
5481
4877
5675
6337
1237
5387
2836
5040
1727
3540
3920
7070
5321
5201
4146
1529
2351
2233
5707
2389
5701
1110
3427
7801
7561
3449
3022
527
3730
4753
2893
7271
3872
4246
3223
6303
5748
2083
6097
4772
2487
2179
4022
3723
5592
3042
3730
5682
4037
2811
7158
1549
2549
6334
2576
5342
3998
5607
2678
7937
4296
5624
7400
3415
7534
5411
925
7696
7286
2911
154
3229
6622
4850
1751
5468
121
4155
3634
4109
3883
3458
6775
5940
6995
1662
2835
5221
1111
767
7337
4569
3147
3100
3429
3252
2448
7728
3737
110
4518
1356
6344
1026
5834
7860
377
393
1140
568
450
1065
5674
1492
5030
5432
4676
66
7582
3121
7571
6708
7918
1574
4139
1053
5110
901
5237
2685
2452
3185
202
6711
4896
3173
5368
5940
107
2838
7887
4643
2467
360
6337
4550
1753
173
870
914
2601
4303
4504
4905
6642
6391
69
2314
5781
583
1175
3687
5513
2545
4866
1580
6315
1190
5210
5554
2502
7793
7576
1994
5816
4964
4695
2578
7070
5920
74
2467
3918
1634
323
550
7900
6438
4038
1525
7450
1969
2678
6562
2517
7195
1929
4543
7183
4936
1244
5193
5251
369
5827
552
7950
2231
6842
6106
5374
772
6003
7767
1967
2983
1853
6006
2917
6269
5077
6019
7086
7769
7660
3905
1193
2489
6084
6105
3107
5598
361
3240
1952
5200
235
8000
1955
2743
927
1624
6728
3363
6741
2839
5234
2328
2125
4159
3727
7039
4433
2586
1049
7522
6247
5426
6376
174
7009
2302
5905
5313
1554
7740
5230
6012
3056
3775
221
593
4701
787
5493
2713
7198
5969
4169
3936
3702
3470
3603
1688
2488
4546
1899
7083
1290
5113
3235
4460
2024
3667
3686
6399
1854
5380
7252
6888
658
5584
7560
2499
5805
1747
3272
7487
5517
83
6959
7778
5236
7933
840
4679
2062
5966
6895
6916
2722
103
3301
5933
2715
4211
2859
3990
4702
6095
2280
1944
5704
3997
5608
5269
6022
5125
5631
6118
5401
1393
7947
3057
5973
458
6634
2895
7038
3276
7681
3918
5758
2125
3214
7343
1484
5170
7551
2113
4671
7848
3891
7186
3469
1378
7991
3620
4612
1289
2760
5449
2613
3015
4106
4753
7269
3970
5072
88
5628
6168
1747
1355
2527
5010
476
4483
2040
2178
3396
4645
3675
1818
1168
1242
1212
2167
434
5292
4385
2338
5534
1139
7408
4450
804
4432
7553
6483
1308
6173
3251
6933
7356
7569
3437
6090
5750
6550
6239
3203
7951
5581
1495
3681
6832
6087
4270
400
3418
2681
2498
1281
2415
1661
6063
1430
2041
7296
7572
5943
693
2629
7979
6995
1554
5612
2144
4959
7605
3016
313
6664
3346
890
2510
5567
5769
6884
5851
3488
960
6617
4369
965
341
3268
7785
3750
3181
1325
5847
5658
6518
5976
4801
555
5585
6625
1008
7431
549
6354
3182
476
3635
2560
2262
3514
2049
7045
5335
6510
457
432
5485
7753
5787
2321
4241
7573
5398
5880
2097
2556
7359
1381
6043
5356
5997
6589
5387
4870
5270
4944
960
2020
405
6873
7416
4815
7714
1504
5126
2113
6810
147
4630
2207
6924
4331
26
5424
3801
4789
3095
6672
7876
6462
4316
969
7371
5615
7722
5070
6750
1917
4573
163
2002
31
2543
2330
1237
2483
691
5407
7849
6430
485
6626
44
5383
2158
952
2962
7685
4348
6445
3372
398
3530
6789
5135
6331
6898
5482
6985
7760
4674
3303
409
3151
3501
4400
3023
2392
6997
2148
7567
5183
2111
2316
2528
7484
4208
4380
3296
3653
1014
1905
7228
7877
5475
4442
1775
7257
2408
982
4756
6825
980
2064
1349
2753
4296
2579
3925
1667
6125
4959
4634
3262
4573
7689
5204
1957
2951
3268
5506
2989
2846
5668
5918
4746
929
2730
187
5401
184
1774
2835
6904
5974
4060
3819
90
3027
2119
5345
2898
1708
6298
7883
3680
803
4467
99
99
6195
6623
7651
466
4830
19
894
7632
4117
4052
1185
6549
3808
710
7935
6407
7776
5982
3110
3972
1038
1449
542
2651
4590
4573
3650
7404
3133
5138
1622
2956
4338
1343
6592
7668
1442
4192
7659
409
6515
4076
1424
118
7853
2436
4605
1975
6618
1794
5968
4478
5328
3086
430
3786
2939
7328
1184
2922
2871
2228
2050
2141
7628
3371
1947
2716
5632
5037
294
1112
1772
671
4282
3885
7422
1779
1907
5516
107
4296
6729
6613
1053
6010
2585
4706
7859
6930
5219
4055
2996
2758
399
1793
1491
950
7154
5817
1092
7317
3464
5631
1960
4297
7186
1535
1783
7387
4709
6718
403
4060
5253
4678
3732
4736
3677
6187
7078
3781
307
708
1152
1605
1989
5246
4301
7751
2393
6715
808
5242
7237
4725
6847
6779
4034
5171
615
3775
3322
2645
3121
487
3212
7600
6909
3749
6812
3063
4461
4198
5541
2035
4157
7114
4184
7507
7479
3165
7850
649
3870
3170
5507
6236
2549
3277
3826
3419
6635
6819
1371
1651
4046
5073
5811
6000
5617
3824
2251
1589
26
4753
4427
6642
4419
2290
6163
2708
1883
3917
4141
5186
6910
4486
1637
1974
2151
1433
1163
1386
884
3864
5362
979
5744
4510
6951
6935
170
504
5155
7675
3605
3277
7166
5675
6690
6647
2997
3116
3097
869
6672
2912
1374
6541
1923
5931
2221
2547
1854
348
6820
6948
4686
223
4798
3981
5776
6081
7883
610
6663
4132
2522
665
5388
6730
6803
6016
3819
1148
3378
1820
4291
2698
7531
7439
2379
3590
2191
1944
6547
2355
449
198
4586
2572
5669
47
4075
3252
4390
144
2169
7326
5465
4520
5937
2436
7560
7480
2040
1341
2367
4566
7747
1319
6511
4477
255
1929
7093
1526
2174
5425
6951
1851
7497
5586
2031
6419
6121
4980
6742
6338
1995
3337
4544
2706
1608
7567
4945
7812
2616
1220
7858
4661
1641
1805
289
2680
3082
589
4616
6099
4874
4099
72
6276
5961
5494
5629
2699
642
567
604
4783
507
2611
2638
540
6310
2056
3675
2541
848
1415
6333
907
7980
239
6322
5675
4789
7971
2101
5425
2256
2301
2196
6741
5369
1008
6749
1225
4564
4536
905
6355
7824
3458
3656
3889
6761
2198
787
140
1208
7921
1586
4126
7924
2819
7937
1842
6934
2256
7674
5472
3242
1871
4820
6790
7333
7913
7401
4471
3464
7943
2364
5461
7725
645
7848
3536
1406
2518
3807
850
5901
1909
2553
1843
4826
1812
3287
6463
1182
5112
4977
7244
1458
5473
7017
2502
3453
6917
7417
691
5004
3736
4264
2282
5106
1134
4713
3936
6936
2653
4639
4752
3346
1755
987
2069
358
6643
1408
3952
3810
4402
2369
3108
7272
310
3718
4220
4015
1436
7415
4846
2537
3037
862
1119
7157
6981
132
6664
6771
3883
3325
50
640
122
6275
3606
6990
3589
6425
4870
1633
4374
3309
2574
3879
311
6268
7632
5117
5945
4039
5476
4116
5292
3356
1107
6652
349
6252
54
576
1415
6136
7317
5721
1931
5787
7413
6290
4856
6121
4626
4087
3679
1762
5952
979
3879
7174
5357
7346
834
7300
3336
1148
7162
3758
5661
1014
1944
5640
156
3824
5314
4185
3933
4895
5021
5557
5264
5112
119
7786
546
2646
899
1103
6040
7817
2823
5169
1045
1509
2787
2166
4445
1726
3756
5148
3089
2834
5421
2912
5900
7760
5347
2020
3733
2256
5404
591
1171
1401
894
496
3939
2137
5877
1956
6741
6011
7316
867
4899
7297
2289
7077
1913
2039
6433
661
5240
3562
411
6522
1776
7972
717
4554
7474
7370
7031
671
6589
4036
4526
3568
4661
6080
3061
319
2114
6835
4824
199
514
1838
2431
4245
707
2028
7875
6591
6665
6611
1009
4999
2377
5733
1750
2918
7620
2631
2809
2953
3244
71
7087
1592
5214
5890
4758
7576
3022
2969
544
4451
2722
5384
2958
6668
3347
3780
2171
2750
5133
3262
5484
4869
6760
3083
4795
5616
5416
4387
5129
6061
1742
6119
2013
581
4149
4604
1992
5798
5024
4520
1950
4854
5128
6115
1306
4684
4326
4961
4543
866
4378
3882
4882
2337
2169
7756
7223
7179
7041
7148
2517
1375
1363
5921
3242
5285
7212
7029
7371
3091
2587
4770
5591
7507
5050
2739
3845
578
3336
5493
5130
4943
5142
3944
121
4542
4951
7435
3091
4867
6929
3471
4164
7592
6193
1074
5985
1929
4449
7928
2207
4341
363
1863
2106
3509
3039
4832
2164
1256
809
7552
7384
1851
5052
2652
3910
1747
7750
5781
5775
862
601
478
2812
2756
1253
1252
2170
2209
1091
7792
3792
3191
4132
7237
1780
464
618
4497
7188
6375
7048
7179
5901
2983
3361
363
7316
2235
7413
4917
1167
5964
2142
2136
3755
6677
2478
7415
7694
2512
6193
5996
1509
5300
3432
1255
7378
2628
1752
4215
6372
1328
4270
4021
1759
1118
3625
2520
3434
7038
6923
2616
5368
2238
6700
7774
5387
7897
7383
6629
7705
3068
7329
930
4024
2320
3701
3763
1063
2248
6012
3573
6873
6780
4334
2913
7471
6514
4504
5573
1859
1213
6198
2086
4640
376
5634
6314
1969
5755
4503
4731
4629
5427
2937
4326
3566
6467
1933
4081
321
3806
5718
3601
5361
3215
4835
3041
2612
2798
4465
3966
1791
435
12
5116
3800
7509
6212
1421
5629
5558
803
3551
7155
6759
6996
2756
7130
7910
2748
2375
1283
391
1569
7024
279
6397
5751
5152
5181
4723
257
4725
6658
2730
861
451
3410
3863
3183
6097
6159
7041
6566
2284
3376
2174
6108
5553
858
4758
7399
3921
5946
1241
4910
72
5480
2481
5030
7200
195
6757
553
6372
7844
5419
4384
6999
4754
2858
1693
6026
7174
263
4016
7844
7899
6389
4338
5262
3385
104
2143
4213
7555
803
6832
2237
7560
1197
7742
7842
3727
6916
6105
2449
73
6906
4405
732
2246
5579
4952
4142
2795
1152
7262
4614
4353
7434
5561
3687
2904
1069
10
3601
4817
4782
6035
4287
4268
4893
2651
5665
6292
4714
7527
1640
3277
6607
4488
1665
2421
4852
6554
3986
3260
1341
2516
1505
7304
2701
3452
4466
1939
4912
665
1217
609
5119
5646
6199
890
6733
6291
226
7579
1164
6590
1323
6176
1607
66
5705
5660
7786
3770
2738
1356
2192
2047
2423
3687
6877
207
2144
4366
5001
3280
7558
1676
3050
4688
4808
5518
4127
2399
5891
3680
5510
2977
1185
2613
5627
3177
5410
481
6130
7821
1181
922
2077
4910
810
1331
4083
3113
1669
3335
6304
5999
5648
7864
7865
5953
7743
5232
3099
3276
5444
3048
5423
4011
1146
4317
3768
5222
3841
3261
6247
1402
4812
5472
1267
1907
6942
7511
3533
7439
4055
6993
2053
2329
2698
7754
6934
780
1668
893
500
5076
7047
6631
2587
3735
7851
6212
5695
6642
5990
3823
6253
880
2741
1599
4704
1769
2774
6835
5883
4798
4628
1621
4757
5053
6332
3052
638
5748
3496
4200
6917
971
7180
6551
1193
6881
4719
1143
4605
7426
38
7764
1000
5562
2423
2589
5368
2813
7781
7247
5757
3505
6408
6027
128
2933
1238
6859
3971
3040
7219
6326
2072
7408
6311
3826
7639
2823
2195
6401
761
5775
7246
7845
3577
1247
2996
4841
7356
5477
386
6938
2251
4707
644
5304
4480
5295
7747
4721
5037
7848
6085
7634
4014
1948
4935
1336
4355
1167
3269
4534
7303
7981
2075
3077
2711
3227
2776
1072
3359
1456
4811
856
3234
877
2763
479
5010
868
2349
7135
115
3964
48
2665
2207
3098
3680
2089
2415
3911
216
7031
1377
4205
1122
6189
6752
4693
1924
6450
2248
1552
2855
5319
4084
5671
7366
73
4803
4321
5444
7911
657
2411
2511
280
2730
7470
7512
3289
4565
7863
4760
4359
3017
6741
3158
4009
3380
4365
7416
3775
5249
6123
4602
980
5481
3810
7780
6325
990
6586
4886
3132
3069
3455
974
4077
3374
2515
1752
3993
2773
5086
4756
2020
2374
296
7512
3099
1535
3458
6132
901
99
146
2708
7139
6152
874
5846
6754
571
2613
4981
2693
7075
2036
7432
985
4578
3274
2391
2888
2392
35
312
1857
7908
1557
4483
124
2888
6019
6567
7432
2425
6075
5269
5537
4120
3505
1858
7456
4811
1442
903
1145
5923
994
1169
1753
7347
2424
2040
5786
7815
6933
1111
5749
1548
3423
3792
6333
56
2464
4397
292
2797
5354
6396
5968
1500
2537
7879
7988
4
558
5880
4517
7395
6371
1079
6652
2129
1706
3106
3817
2494
5797
1530
6539
5554
3937
1415
2122
3277
63
3811
2641
2718
7733
2795
7292
5090
4211
228
7807
6323
2367
608
6959
2892
7196
7822
2848
1822
2697
7284
1178
6913
2852
6637
6944
5887
5437
4738
7679
3009
6313
5725
6911
4401
6261
983
541
1976
3444
2546
3202
3814
6094
3645
3875
3818
6812
5440
177
4709
7043
7001
2670
5418
2409
2795
4611
2048
6196
2299
2026
1715
3781
2846
5372
2777
2687
7410
7497
1900
1125
3063
3192
6889
7120
7458
2231
6811
4076
5019
2182
2473
5117
555
299
2453
2141
5353
5510
4133
7756
6341
6989
4835
4464
7027
6638
4390
211
7958
1383
939
5383
5973
7434
4817
4140
2011
5268
5851
6810
1354
3706
4089
1944
5205
5997
4385
5197
770
7198
4803
2771
2109
2156
2036
116
2556
943
5011
464
289
763
5889
3819
6841
4384
1933
99
5573
3525
123
3751
2417
3532
6227
6738
23
4214
6733
6187
7540
420
1784
989
7880
6046
7632
999
933
1383
4553
5295
5997
1234
4854
7790
4333
7775
2244
1072
6115
3127
7577
1478
768
7079
6493
1848
778
6556
1659
2482
3378
5645
7526
4217
1625
6640
1528
5123
2997
7333
1353
7847
7257
6692
983
946
5411
7883
1385
6862
4116
6578
5200
2001
3993
6725
2735
1511
3299
2514
4753
5983
6980
6853
4597
5423
6114
1601
7406
6292
6647
3623
7506
195
6584
3033
6612
6556
1976
1794
2992
716
80
2261
1550
1870
353
5362
5095
6597
697
1694
1099
5585
4263
6135
4188
7634
5607
1078
2682
2232
6508
7188
1458
2615
3925
3787
2434
3201
7419
1324
5680
3824
3801
1209
7545
7
2041
2258
7026
7959
5016
3414
3349
7128
6503
7827
1566
2463
4714
5522
