379
1478
4376
1842
2550
269
3010
1876
4947
4155
7218
3115
2139
5340
6563
2341
6364
7737
7962
3905
5665
2966
5943
2374
6520
5504
7539
7767
2772
6778
6142
202
3807
6294
3968
3574
6894
1066
781
6451
7754
5889
258
4234
1339
2621
5710
2932
4221
1116
6061
4102
3902
2903
3361
1782
2607
744
6265
3469
759
3718
5802
4641
6114
7077
7196
3567
1524
5980
3415
5197
4470
7460
6695
735
7871
757
1820
3528
7557
276
7776
4055
1245
1482
181
4622
7695
3152
4227
4812
5110
7676
1410
4278
905
3621
6340
678
6198
3204
2566
2945
6579
7205
4298
7917
3401
1306
7653
1692
2734
2004
4722
5897
2755
6608
6908
6122
249
3350
3245
4670
3636
4249
4489
2669
729
7165
3537
3998
3451
7629
6017
1223
3550
2708
2070
6240
5713
7788
6388
2759
807
4597
3527
3414
6755
3561
3463
4085
7612
6630
495
5067
661
1201
2030
414
5605
6189
6840
3375
7798
7698
4028
4838
3597
1013
7487
4050
7142
3520
6997
5835
1752
1500
611
3312
7064
2884
4703
4216
6726
6855
2823
6918
4266
3648
3824
2652
2016
156
5321
5954
4548
4137
6074
1509
3299
4110
2186
3398
4330
2069
4743
1432
5215
5522
4753
1598
1662
3871
1648
996
1875
1825
220
5417
3709
598
712
4648
1007
4565
4744
6462
5669
7791
1703
6034
3133
5831
2501
796
3555
503
4209
3320
1278
1507
4054
3382
2542
5441
5895
3253
811
3564
6483
3602
1202
5580
445
1774
2371
7047
4780
6924
5411
7867
1782
4335
2257
2632
6271
3942
6866
4758
1423
7411
7285
2048
4917
7429
1812
3625
3066
7291
6168
1865
1992
7340
3238
4674
2628
3306
4747
4140
6767
6382
934
1345
1362
2515
7496
2564
5785
3796
5844
777
616
4607
3192
6515
6682
2701
1829
1139
4144
4109
6159
5198
7021
3944
6812
369
407
6390
6622
3108
803
1096
4681
6145
6096
4751
7321
7693
2354
7224
5142
2150
5087
2097
3122
5870
5540
381
132
2470
3025
2216
6371
3692
3439
6727
1474
1746
7225
254
4959
4135
5897
6277
7313
5009
4138
5565
6625
731
7932
2289
231
7922
1335
2690
5108
3509
2745
1373
6965
1220
1289
5362
3905
2208
1658
3879
2220
6794
204
1420
4529
6244
756
6680
4150
2420
4453
704
6677
4019
7903
888
1626
3303
1933
331
5326
4243
1580
3419
3767
2776
7916
5445
3074
6839
4339
4645
4147
1135
6159
3419
3142
1428
7437
911
1966
4853
3877
4092
270
3813
65
5656
2349
5491
7415
3758
2970
6842
6490
2457
7176
2178
7813
1854
2225
7700
282
2993
6516
2984
1507
689
7525
4996
4803
2346
5977
674
296
4945
2339
5801
2333
4132
4298
6409
2926
4345
5267
7621
2005
5947
1491
4325
3035
3890
7783
713
2564
2427
4569
7803
4617
6779
4706
4206
985
1133
3425
6057
3513
4732
4154
961
3954
2849
7183
3757
5468
3854
399
7750
1903
5328
5884
7019
6806
1281
1857
3866
385
862
3350
2693
159
3979
3020
6269
4661
5844
248
4528
28
1331
3569
6440
7942
4956
5131
549
291
4579
2036
4673
3940
4514
1222
7862
1804
4298
6816
4303
1159
5678
441
4294
3762
4232
3006
4968
366
3555
3586
1252
910
1177
2928
5302
5931
5650
4222
7866
5546
7773
7146
5064
7900
1168
5143
7804
6819
4237
576
1322
4700
400
505
520
7492
6009
6604
4268
3470
6313
3607
85
7824
4200
183
7054
7896
4582
5735
4746
5082
7774
6657
292
5869
4331
2686
3339
2482
922
6792
4848
5546
7270
4177
2752
3377
2543
6812
7364
5336
6444
3091
3022
2619
3795
2961
4908
6647
605
1070
3676
552
4322
6796
1049
7777
907
5347
910
7438
4294
5063
1253
691
5807
4006
6550
6887
7980
3578
6135
2516
3606
1299
5351
3277
4439
1638
1263
4258
7791
2499
3046
2429
1323
3395
1930
4037
5702
5188
736
4085
5546
5131
1617
2202
7500
978
1641
6770
1374
7100
7702
4250
4958
7301
4491
2898
7661
6069
822
6638
651
197
1221
3433
246
1843
6770
4959
5958
4082
2347
1886
6279
5294
4153
2376
1473
609
7041
3052
1858
2054
4892
6024
5362
3542
7360
3880
1285
1309
1688
4842
4395
6662
784
3220
1800
5376
4573
2248
7759
661
2002
5957
3663
5758
6141
3926
3966
6324
391
7657
4950
4185
6316
2369
4544
3455
5986
2019
7363
753
6788
2262
3376
1883
6273
1616
1615
2719
263
4437
5686
6983
222
2947
5786
469
6992
1384
4118
6441
3283
2661
5742
6602
3997
992
6807
5105
5831
6970
1700
2194
1739
2201
2674
6758
2369
1424
6745
3723
4226
4769
4552
5470
335
2282
1066
2659
7421
5079
5487
958
2964
965
5908
3611
4321
6441
2999
2609
1208
2121
831
1721
114
1261
3499
5214
5177
5077
4985
6900
293
3507
271
4923
7604
7263
196
35
5895
1647
7492
7474
1893
581
7110
1264
4751
6658
222
5371
1381
447
5972
853
2681
1364
7571
5829
3127
6544
3717
6827
3947
1185
66
6086
5843
7984
5227
6860
501
5658
554
6408
5246
7636
6602
2982
386
2299
4012
7241
4250
4164
6014
7022
792
4615
6172
1905
3764
6443
1396
1125
3728
7814
1993
3359
5251
930
6009
4309
490
2803
406
1563
6856
1242
4355
5405
472
5883
3944
2187
5591
2462
1705
589
7245
6928
3166
504
7436
7265
1215
7866
2046
6456
2329
5296
431
3826
7139
6596
5044
2729
3586
6335
5183
1010
6875
5778
745
1609
1972
7560
7926
636
919
2772
2386
3548
7536
2357
2469
1961
1101
4624
4752
4087
5219
4445
6227
5575
3325
3954
4609
6705
3870
148
5920
1754
2156
3964
557
6062
1895
1309
7919
3652
5106
563
3836
6183
1877
7021
2962
1298
1725
1466
7717
3183
5196
7903
7486
5826
5251
6059
4059
3828
5406
1870
4641
5766
1784
2089
6280
1352
768
805
1373
696
2618
6596
7930
1655
2205
979
4045
5689
5983
282
7115
1614
7540
756
907
7304
2936
3690
3600
3602
1152
3308
5352
7243
5188
5907
89
5601
3154
3900
6369
284
5309
1242
1274
2923
155
5862
7173
4549
6907
1135
3261
6397
7582
5821
1690
2450
5256
7174
2705
280
5389
6371
2826
6190
3720
243
2452
7917
1175
4121
7568
2752
6667
6093
1941
2596
3870
5257
7825
1230
7009
3731
7617
714
5920
4654
4930
3216
3448
4065
3319
6668
6937
3641
1627
6189
7516
7677
745
3287
4374
6647
7372
5982
4857
5255
4715
3518
6813
2435
6926
5435
1988
4283
5659
7926
693
925
6138
5204
3234
6427
5543
2688
6043
7469
7804
4222
7978
7708
6936
7760
604
4489
2643
3433
4790
3939
7770
6177
2854
2557
1141
3096
3976
1895
644
3828
238
5095
822
5649
5365
7847
1840
777
2228
4000
2627
7822
6545
7661
1949
4139
7396
4369
405
7699
4289
4325
1892
6611
2203
1131
464
4679
1406
1471
4244
799
3268
333
1456
7239
4865
1911
3814
6736
1731
5115
6008
3960
6090
2682
1591
6942
3346
5464
3691
3568
2088
6271
2276
1538
7246
7024
4595
6136
5646
7325
430
7002
7167
2569
4211
60
1581
1699
7792
1835
4831
6278
7145
7288
6166
2150
7565
7684
7717
4605
4690
1701
2296
6010
5825
5673
2223
4728
4407
4828
4725
2320
2590
353
2014
1798
2064
4038
2168
717
1332
7766
7831
1573
649
879
6646
3468
2699
5690
7490
5577
7890
4012
7966
3191
2585
7799
4682
3280
7787
3790
1166
5933
2785
3640
6806
3035
3920
7079
5990
3394
5083
879
1166
594
1281
573
5821
4434
2256
6809
5874
5292
3291
4591
7133
2539
2578
5496
3619
5598
5096
2024
5034
1661
7513
3890
7768
4211
2553
6557
583
7068
613
2632
4314
3717
7
6228
139
1427
3425
5809
4346
147
7135
1236
692
7914
609
6019
3642
1686
6576
2302
2226
6913
5506
1814
2678
2004
3373
1933
4384
2818
409
2852
4802
3230
3264
3856
3334
4427
1640
5322
2813
6093
6107
7916
5744
147
5015
1804
4041
3013
1147
7126
7155
3866
4513
7717
6885
3714
3334
4861
3925
1599
3339
5329
4919
6353
3341
6083
2307
1120
5767
2751
4628
6894
4936
1734
987
439
6160
403
67
1605
6322
6385
5717
5965
6249
2765
4949
5169
1039
7730
5132
7689
3564
2451
1870
1803
6355
3797
5503
4220
529
1573
7105
5950
3862
6547
208
5892
4522
3997
6898
5923
258
2399
5241
4722
5555
4159
2482
467
3927
1221
3249
3821
6190
7539
2431
1560
7657
3580
5818
7049
3170
1792
6599
6286
6380
386
3081
4264
2230
7787
5000
4987
5495
1763
5204
4106
7761
5340
824
4352
1533
7026
3276
2868
838
6469
3238
6672
7740
623
2720
7110
1921
1059
3203
294
551
80
255
1483
5483
7208
3598
3335
6213
2352
2015
2770
6346
4180
3173
4175
3713
1660
2358
3514
6677
5947
3111
3540
3791
493
7047
2824
3467
6531
549
1167
1778
4379
757
6334
1962
7496
5523
5559
5763
2739
4511
2187
5476
5992
5959
1927
3464
5327
7964
2589
578
2269
1192
3600
5657
398
6214
5255
5944
2725
4527
3303
1658
5056
788
4954
912
2109
3847
746
2189
6663
6788
4649
7382
6121
2967
6264
7384
7777
3268
7116
5451
1473
7720
5284
6431
6810
7468
7108
2471
106
1955
5402
7470
4349
5177
1379
4043
6928
1270
7049
736
3792
1209
3666
7617
7380
3414
6620
2304
476
397
536
6709
4816
2085
7018
5716
6020
4993
3267
3962
5092
7884
4216
1010
1705
96
795
6200
7318
5789
5461
5639
2163
6911
7170
5703
2013
3560
1689
1746
4991
4841
2621
7242
705
7277
4647
3489
2303
5350
4582
3256
5651
4791
6921
2748
43
5916
2585
585
1322
6976
2554
6682
523
7345
7097
1799
6198
3090
866
6553
1499
7206
5069
3834
1136
6945
6344
7027
104
5926
641
7512
6806
4358
5806
4379
6513
478
606
5679
1160
6419
3323
3464
105
4670
7426
7160
7048
4859
2252
6760
330
5023
4394
1769
2368
3869
7612
2104
7867
3364
886
3534
7529
4045
842
5720
1108
7068
1267
6108
4462
4231
934
7503
1213
1110
1606
3327
7974
3342
4784
6061
1255
4169
6673
7493
351
4914
7020
628
5293
965
1240
6166
4826
2902
3776
1489
3259
5106
6197
7697
982
218
2475
7904
2550
1724
2251
2492
3336
2642
989
1223
1959
1985
3008
1497
6199
7698
2025
4052
4557
7292
1793
3391
7603
7437
3698
688
4791
7845
6265
3537
7431
1766
6523
5686
5849
3641
2470
1258
3221
877
5242
4761
5619
523
5302
5103
6550
3651
2678
7212
4714
107
2438
4994
471
7480
6217
6944
6503
1058
2643
2380
7851
993
4834
5007
5550
6041
2660
6464
7018
415
3945
7959
4564
445
4806
1937
4378
1356
5316
1938
7664
6143
7510
6712
3124
2487
831
2402
455
7797
2460
3033
308
5501
2208
307
2958
5615
1766
3308
7386
6986
5408
5909
3980
5033
440
3101
44
3212
2115
4319
1210
2744
4150
4580
2237
7444
512
7645
7485
4101
1084
1983
6698
358
2046
4991
2517
3422
1959
35
2530
2706
2674
3648
1246
7112
7456
6678
548
4245
7341
7874
2066
3616
3033
5160
378
5037
648
98
6162
4099
1322
7450
724
7908
3689
7313
5861
6103
3931
2828
1885
7773
6621
4895
763
6537
1562
6227
5012
181
457
5901
1862
5698
7441
6418
5681
6895
5774
4572
5224
4213
3867
5622
6744
6525
1746
5346
3941
975
6387
5777
6903
1856
2068
307
5223
1947
4588
2935
3335
542
4416
3095
6204
2306
7916
398
7845
1665
2333
4413
5094
4709
6718
5127
6764
7159
2336
7625
3005
7770
301
2868
3084
3928
7457
3959
6989
5491
5192
1320
2270
1435
3591
662
921
547
2259
5115
4901
3318
4686
2318
4708
151
4633
5141
2663
7047
2729
4202
7560
5842
2879
6505
5083
5459
2761
306
2244
6268
4673
138
506
6313
4178
5920
3554
136
5774
7644
6068
7735
1322
2324
172
4925
3493
3318
2115
6664
938
4786
1324
1640
4081
4055
4873
3956
2989
6568
3171
5821
3628
2526
5089
5017
7629
7295
1316
376
5758
2640
4902
1279
7954
3012
6277
140
4481
1199
7462
2775
4654
5611
1130
7208
6512
7541
873
2878
2605
1489
6069
7085
319
7052
5380
6345
2589
3051
6065
6530
565
2957
1994
213
7306
2476
1329
7501
4068
5361
2363
6944
5029
3385
564
2782
3640
910
2873
7399
7273
7700
7311
4863
3858
213
2708
5734
4180
2128
7965
7721
1040
4550
1576
7912
1748
4601
1844
5384
1147
23
1812
3243
4488
730
5651
4913
4425
54
161
4202
6145
187
7063
7286
1949
6974
6381
4397
4286
4003
6030
5658
7064
143
2473
1784
2411
7652
6397
4884
438
2820
407
4146
4516
1766
5536
2250
4249
6726
4281
1112
3502
1037
170
6998
4506
6423
6827
3400
7670
2900
6877
2045
647
2178
4288
3542
4993
7870
4729
4629
7289
4098
7745
7562
3504
4853
6535
1945
4559
2609
6586
1559
6478
6629
3332
5361
3559
7379
3296
4785
3573
3343
7238
1631
4225
6781
1249
6872
61
6475
7305
3483
6216
5222
2786
1842
4904
5424
6602
613
5692
750
7795
2864
7618
361
7363
4342
6273
3866
1972
7549
3238
1450
6349
5698
5589
6583
3905
5777
7484
1948
486
6081
1676
3696
1733
7226
3442
7152
6341
1339
6873
5195
4100
3755
2681
3898
7979
3148
2368
6753
7699
4549
5323
930
7209
6328
888
7791
4616
509
2529
6061
2587
4395
2509
6511
2843
4847
5821
3281
7834
1578
445
6290
6711
3761
1278
2615
614
2323
4158
2353
1821
2200
7704
1611
5646
723
6699
4912
3553
1664
754
3112
983
5586
2225
6121
2059
129
3422
645
151
797
6414
3834
3933
5389
1328
4176
122
748
2036
3369
4940
4141
4904
7033
919
3599
2419
1461
2343
2272
7209
1019
986
1781
5121
7492
4333
1889
5975
4869
1781
1742
6931
4363
3272
717
6
482
7684
497
5676
5714
408
6166
7586
348
7313
814
4222
628
2720
4913
182
2327
730
4247
4407
2259
7730
2931
6786
5997
6935
1328
2241
5668
6058
3101
1890
7078
4391
3620
7383
233
6507
5570
6787
7973
1274
5770
244
7172
6245
3269
3059
1251
7566
4779
6825
3599
5902
6930
3888
3091
1572
4314
2590
6306
162
1742
5720
492
6483
4511
772
5801
2449
6718
4572
1325
282
3505
3048
5098
667
2158
978
1250
3983
5468
3493
6512
2558
2758
5151
2073
5520
2382
5712
7923
2876
4162
2360
3449
4472
7731
1408
1068
666
5335
7480
7124
5984
3198
7868
5351
4274
7431
1203
3704
4412
4661
5014
5766
776
2010
6230
4688
2858
5511
7537
7061
2619
1532
2299
2288
803
4076
7715
5465
1267
65
4173
5439
3171
5631
1847
3599
5559
395
1560
7951
2240
5895
5013
1276
7350
5098
4861
3899
4337
3813
1848
7787
6619
693
2383
6216
4468
7484
7166
6011
7292
4631
618
3188
596
2735
2034
5595
1324
5099
5589
2115
3328
7456
7207
4138
2621
2500
1586
612
1516
759
7390
7789
5202
2815
6620
7017
907
6929
6614
1971
3373
5230
7221
1299
6994
2811
104
4699
1195
634
3417
7447
6373
6022
759
3936
3071
3315
2238
7707
2883
5639
4041
5788
3065
428
6560
7315
4648
1488
4288
1270
7917
123
155
2542
4277
2418
1018
6254
214
2324
293
7045
444
3312
465
6806
6920
1546
7964
1423
2044
2579
7931
775
7147
4662
1289
6779
4311
131
3088
1888
1839
1642
7812
6222
5712
909
5038
167
650
202
4130
4970
1133
1283
1688
3256
1944
4707
2205
6563
2582
798
7389
5786
2678
1387
6517
34
4965
4029
688
3120
7181
23
1282
1010
529
3714
7801
6655
5738
4352
41
3980
2290
6922
5842
106
147
4566
266
4303
462
5324
6482
3228
4495
4405
4129
4728
3603
1821
455
5071
323
3376
1949
7903
2068
7
3233
3715
7479
4140
6180
1506
2757
1017
2076
3455
6378
359
5769
2245
7266
4381
6278
1328
1258
232
4508
7747
5556
5853
3893
5113
7073
3082
1930
1941
6278
7231
3226
4019
2531
2551
7605
6989
7611
3207
5912
5463
4610
4904
2491
7486
5455
4437
6595
3717
993
3808
7377
6017
5014
6491
960
3475
7570
1503
584
3357
218
2815
5032
6173
2698
7489
6625
3447
500
879
3765
1644
1163
1847
1163
7040
7908
2063
3751
6097
5390
7171
4538
2167
4981
2710
1177
705
1635
6743
6375
7056
808
3218
2501
6342
6734
3176
2608
431
3788
3528
3649
2123
1769
7487
6599
6439
6091
7602
4149
5594
5980
6406
2880
1309
3005
1625
6484
4607
6587
4611
3433
7208
5586
5515
6683
3139
4850
4467
2788
6382
5470
6113
1834
2088
6290
4277
1531
2516
792
1281
3705
7340
4971
1450
703
7427
4668
6834
5596
2805
3638
6204
5201
534
5046
349
2102
3859
1791
4533
5517
930
3821
4134
5221
4534
7561
4896
375
3017
2662
369
827
2343
2108
1978
4446
4752
4527
407
3756
6155
5960
7245
7931
5087
2873
3681
338
2601
6974
378
5589
6215
5017
77
2476
7046
3511
1379
2814
6967
4519
2893
1096
6902
575
124
2203
7407
766
7035
4778
1734
5611
4090
2008
4829
6885
2180
1750
1826
689
4106
2005
5013
7229
6831
4827
7375
5872
5440
4212
2606
6031
5351
4858
3255
1557
269
2730
6729
5800
2603
3699
368
13
3739
1134
4981
7102
7700
1080
3685
2634
7864
355
6859
4893
2631
805
5443
819
1078
296
3229
4441
3968
5523
4400
5423
4711
970
4428
6971
7711
7721
5392
5653
6388
1071
2094
2786
6667
5293
2967
6902
2752
1857
252
815
3781
5684
5716
4517
6948
1771
6157
3416
4688
486
1966
6994
3219
3519
5529
1034
2629
2218
2849
3026
5629
7684
4886
7269
602
6838
5869
2612
300
4789
5632
281
2100
4467
5099
7138
2424
4773
1271
2132
3035
6048
1926
5359
2507
1803
4579
4904
4513
3434
5792
6426
174
6288
7245
3422
3096
4852
6019
2855
1570
7248
2805
1458
7106
1676
1593
6150
3048
4583
2306
5677
5829
4899
6931
5935
7564
94
2276
5109
5858
7787
771
118
5138
2758
6744
4931
5615
6460
189
1695
214
1490
6603
7291
6577
5167
119
7604
7493
2865
3268
7550
7592
5011
2147
5987
2202
6708
7446
1084
6692
1163
1131
4043
59
7221
1637
6362
5394
52
5993
2701
5425
2360
5211
7225
1730
5513
4937
3702
3780
939
7996
7862
267
6586
947
2168
4082
5572
4855
930
6149
3865
6507
4989
4787
5901
1099
2600
475
687
2479
6273
4927
3688
4821
296
3512
2507
6815
608
3501
3526
5266
7220
1322
6849
3124
7541
3009
1378
3635
4458
7738
2245
7160
600
941
6322
7607
2332
767
2859
4617
6914
1609
7793
2934
1312
3795
5628
4113
3080
5381
2578
6605
4168
2960
4663
5247
1485
3530
1495
3619
4411
2786
3125
712
4197
4726
7523
6925
3827
2911
3578
4181
6559
3845
3385
3334
7500
3913
2574
4567
3575
5083
7369
5676
3824
6536
7148
1836
2557
3473
6035
6570
144
3638
1297
3591
561
6658
217
7414
6598
4829
3497
6848
7440
4483
577
3755
7614
2796
5848
4866
7578
2134
6814
7966
1612
5443
7138
3405
4278
6697
2735
3778
7971
4436
2161
1515
1900
6322
6810
910
3878
4649
1620
5282
4226
6372
5280
611
7833
5153
5856
7865
5360
4389
5075
862
6963
33
2744
1772
4226
4283
317
7150
7205
4898
2443
7944
1109
5821
3951
1406
7148
647
7729
7899
1813
300
6605
7051
3625
1530
2288
4562
4827
5227
4519
7043
4197
1430
5096
3827
665
4030
155
1155
2092
5512
382
4867
773
7093
6494
102
4991
496
7269
2192
5323
7882
7135
2934
7091
4827
2092
1667
1724
4653
5824
7888
1151
1394
529
5771
7997
5653
1514
2865
4646
4238
4312
5531
1159
5892
6509
3961
387
7795
570
2117
6844
1151
2990
7514
7039
236
5893
7526
6139
6475
6818
2646
3973
2695
5240
5615
7217
4222
151
1450
5854
2821
994
1561
1449
5391
7683
1993
7515
4679
4292
7113
5236
1962
546
4716
4960
4599
7094
1011
3360
871
1939
2271
585
3496
863
172
6686
253
6657
6043
7542
6133
4227
3257
5539
3691
6475
5863
1341
1505
297
5149
7871
3731
3137
3239
5094
5040
2459
6184
568
7407
3791
1936
4385
3873
4509
7597
4035
3435
4954
7648
584
7627
412
3113
6145
3340
2485
7672
6280
6562
4374
1823
137
1375
7968
5436
877
750
1103
4997
6653
1896
752
3125
2775
7271
4873
672
7562
2681
1000
3496
3276
5536
6055
1783
1763
6704
1829
3346
4829
3035
1832
6807
5742
2326
621
1891
1886
4299
7123
7577
5833
3881
6021
1913
404
6974
4878
3515
4259
5687
963
7257
4455
5201
5992
5951
1323
1985
1469
6574
6742
364
6425
2284
5695
54
3911
3419
1560
5120
6423
2288
3431
7448
3916
930
934
425
1105
1033
6790
1310
6427
6598
5463
6166
1148
6774
5017
5577
1942
1034
6093
6829
679
6413
915
6515
3218
2985
1358
38
4417
2894
2916
534
4
108
2515
5374
2240
7578
7872
5421
4362
1155
5698
7661
1484
3545
844
1466
7792
6756
3468
2375
2011
2791
2656
7598
5323
912
3159
6857
5365
7318
6257
4413
2333
712
4736
22
4180
6171
2387
7773
2437
3838
3818
904
4835
7810
4942
101
5168
1979
5603
3515
3114
2025
2849
4831
2572
718
6677
6720
2816
6572
5934
167
6301
5305
2066
999
5944
4105
5135
1317
2867
2181
2910
4472
3025
701
3791
3644
7779
5711
3222
2349
2753
150
4464
4865
7507
7000
5723
3699
1517
7999
359
7729
3348
6563
7280
2862
6759
3017
7976
6362
7096
7863
2578
4129
1521
7179
5061
1529
4966
1034
5248
7942
2213
7610
6122
5596
7760
3343
3311
7235
606
2525
651
3936
435
7047
278
5429
7100
15
7306
4048
2794
3836
4106
3924
5727
1359
3796
5962
2534
2479
6468
1795
1089
7468
3033
4543
6437
1481
699
5958
561
5543
4283
1623
4366
3193
1868
211
2858
7439
3887
3172
2220
5170
5057
7436
3302
4310
1001
5637
3961
6590
2101
2899
481
1769
4045
2492
4807
3290
7982
828
3135
3293
2392
5089
2693
2878
3536
4201
2755
143
3493
4996
5352
7709
2658
7038
705
5125
2297
6593
7052
7094
1577
2394
1180
4392
5963
7517
2491
1681
2606
7790
6637
4460
5611
6569
7801
5314
7927
1403
7680
997
1244
5424
2782
7357
1711
5512
1994
7382
1481
5172
3860
7239
1249
6506
3801
583
7167
5380
7189
2858
3971
1699
7251
5190
4963
5387
5155
535
7026
3533
5522
2121
7715
2172
7814
6758
5510
763
5767
7686
4475
7094
1191
2653
1698
5307
1318
5985
6896
4344
4265
2117
1119
302
2857
4364
5661
6194
3288
7181
6925
1247
1703
986
5477
1118
2146
717
7540
5106
7851
5982
4064
4100
5292
3764
2654
3194
2337
7552
5582
7981
206
634
1640
6773
6075
5477
882
1475
6661
1475
1742
3083
5452
7481
7829
596
976
6302
3744
2174
7042
7965
3775
5308
1407
5663
186
3880
1384
1736
2879
415
7999
4141
7852
1204
3291
6743
989
6092
6332
1313
7516
5005
3247
6288
5694
844
2095
854
4037
2158
102
5732
3275
2138
1058
6987
903
3452
5908
2904
4067
3269
5505
5739
5839
5857
6534
2167
4504
2186
5985
3751
4543
319
1120
2949
387
3782
2983
3415
7747
5520
3031
2265
3504
1069
5876
3328
1558
4324
265
7098
2048
3993
5442
1789
3403
1135
7914
4053
4499
876
3429
4521
3699
5921
2153
4834
6871
2498
2022
2922
6840
1644
4784
5207
6105
4635
2330
6558
823
1369
7971
1011
5309
7936
6479
995
1788
3740
430
536
7828
4416
6436
676
5730
7229
6896
6301
2215
4966
1302
6298
2246
3467
6673
3794
1450
3324
6067
3445
3397
5226
7347
5611
1545
7173
5691
1328
3086
6116
6889
4373
844
5872
5752
3223
3278
7640
5776
7015
7203
986
3998
3120
6849
5074
1561
2558
7473
1002
890
6094
3398
733
440
3514
3856
5904
6180
3264
535
5230
6111
299
2798
1512
1741
1846
2693
875
5583
6020
1806
1085
7805
5341
637
7637
5927
6803
3320
4154
1330
4456
818
6199
5278
2710
6571
1937
7730
7265
2937
6251
7630
6327
6800
6826
2333
1650
4650
6412
5949
125
3314
238
5203
1578
4965
7125
3870
4970
6732
5448
1095
1565
6562
4008
6674
6028
728
6350
2386
4736
1927
72
2166
2853
6927
25
7367
2793
7786
5774
2394
453
1756
6814
594
4464
2254
2894
4099
5963
4508
7175
255
7920
3523
6503
5090
1869
3261
994
7575
4621
3008
2941
3555
1369
6190
6626
5104
5038
575
499
7994
6691
3766
530
2649
2052
2229
1799
1615
1532
6959
4849
3876
6942
1939
5453
7
3994
6142
3353
5736
865
3491
4088
933
81
1119
1406
528
5666
6141
1996
2561
474
4979
5371
5336
3610
777
3683
7899
2363
721
3583
38
966
4930
5714
4325
994
5276
5490
7603
6862
6594
5350
3432
4364
2976
3935
4159
2321
2447
905
2420
3451
6713
676
1459
6521
4356
1985
2650
7341
2508
1042
4193
7430
206
2483
5838
1542
5384
7821
3733
6637
6700
4238
5847
1298
3310
2028
6722
1133
5953
7050
6353
5360
2876
4367
7199
5072
980
7418
308
1481
5017
5025
3304
4811
5122
744
4248
2956
253
7144
1286
3701
2677
67
2179
4807
3359
5036
4973
6709
6579
2420
5701
1581
5549
720
3770
7246
5570
1110
7312
5119
1899
5431
5781
1422
223
2601
60
990
3478
3830
3429
3218
7314
149
5496
4203
1451
1992
5876
1294
7709
2437
2841
3090
5663
481
6473
3954
2969
3636
1943
705
5558
6380
1162
2449
974
1229
1053
7516
40
3422
25
39
6938
2031
1297
1335
3218
5576
3217
745
1349
2303
1575
7856
34
5928
4682
1866
5576
6101
1783
1250
5801
5453
4226
43
6250
685
2969
5425
7418
7166
51
4021
5669
5279
4726
6024
5131
5687
3450
577
1371
1012
1834
6705
1155
1889
3722
690
3058
692
7353
1911
4239
1362
7837
912
5393
2023
3846
5969
2050
3518
2341
7955
4550
4354
7884
7519
600
333
4305
5880
2878
4577
3729
7568
1227
3068
1752
660
5706
2552
7151
7889
83
1204
877
1396
5961
7105
7618
531
7811
6973
206
7225
7450
3887
1005
7670
1613
3634
2452
7730
4889
1644
7380
1460
4430
7317
4570
7379
3604
1384
5377
3603
7406
6313
738
1394
1042
6580
7959
2071
1885
103
6978
4004
3553
1019
1879
7057
3198
826
7984
3561
6016
7203
4820
4915
7191
765
5334
1288
5857
6687
1581
2298
6483
6372
6826
1189
4013
513
6013
7390
1533
2398
2917
2091
6467
6851
1877
13
3944
3306
1249
4777
1535
6017
572
4416
378
3969
3328
5141
2368
3263
6278
695
2330
6264
224
6775
419
680
3259
1721
6233
1487
7772
5310
4323
5104
739
7761
3346
2723
2478
824
5354
2781
4925
392
4679
301
4002
6218
3163
1484
6400
3660
7216
3196
2467
880
5984
5126
2996
3493
946
1167
6874
75
7393
4329
2738
4975
4402
6186
6648
6014
4036
222
4636
1589
3229
5404
2997
4801
4011
26
5968
719
4048
3077
1486
98
3472
6793
1507
7292
13
4281
6446
837
4855
5792
5171
672
4895
4578
1796
3694
1902
1184
6703
3663
4294
3259
5055
7614
3454
2520
1479
6758
5497
3922
6058
3401
7214
3018
7986
54
5969
5292
2778
408
3331
496
6169
6829
7092
7435
3962
4770
2404
2138
2603
2498
2195
7572
5616
6799
5343
4030
1358
557
3991
1115
693
3653
6969
6736
1356
3300
7551
378
4353
6111
6660
1163
7389
7011
5902
856
6597
3461
7896
5815
7548
5907
3672
6368
3116
119
2508
46
5242
2543
3857
18
5078
5318
1947
6651
6266
4214
227
6523
2004
2015
4258
6639
7986
6505
5481
2774
4251
7447
139
6033
2597
527
5971
6459
7673
6820
7099
7641
1822
198
2496
2054
3732
6921
6427
1917
2778
1928
395
6727
2553
5632
1663
5540
6778
7052
2136
3470
1690
1168
2771
1865
7132
1633
2588
6283
1117
3111
7250
901
6600
5165
6219
3264
5382
271
2783
5978
1415
5507
4762
2672
2811
1700
2824
984
7453
2309
5577
5615
7006
7116
5623
5446
5604
7810
4807
1975
2560
7620
7773
3105
1797
7057
7189
2985
2459
1226
6834
5345
2234
6406
2298
2123
777
5918
3825
2834
659
6161
2751
5142
6647
5824
6098
5032
2343
3746
7013
2094
1536
4261
2899
4024
4472
2970
6936
3655
117
2601
2821
3944
7340
2879
5129
4281
4515
5233
6149
2622
878
2649
6752
6206
6853
6243
4794
5609
7766
3534
3021
6055
1069
7298
919
4224
1337
4178
6763
766
2849
1922
2956
5148
2407
2675
2041
5968
6951
3659
298
585
3073
5675
2910
3711
3444
6689
3402
5151
1806
5234
6621
7145
7666
1996
1491
6611
1065
4520
4790
5262
6438
414
1320
1818
4341
6549
3110
7682
5457
658
5155
1994
2747
4470
6485
3648
7951
939
4186
6521
160
6224
3362
4736
2287
4626
1297
2907
3348
316
7871
121
6716
6837
2099
5333
179
7818
2569
4262
5624
5587
34
2509
7139
5739
5807
4113
393
2545
2938
3933
2475
2505
1202
7804
7230
6310
7108
2319
1642
6941
5018
6383
547
5661
1714
3178
5770
6649
5567
2633
3610
7199
6874
6463
4312
2920
5653
7310
1913
5158
7952
5627
1957
7082
1411
5612
580
2946
3968
4814
5161
753
7650
7936
4617
7848
6229
6840
1224
3852
7727
5602
1960
3302
2904
6353
