3196
5818
6058
323
4825
710
1757
6784
3587
3086
5985
6731
5407
6432
5708
4814
5339
2764
5209
1431
7311
5828
2034
1712
2670
1616
6707
692
4641
7843
4277
4481
6852
3097
753
4252
2960
5219
247
5469
4007
5657
2366
2974
6414
2742
2519
2636
5287
5939
2503
4295
7712
2162
1938
2792
5231
5397
5185
700
6238
4878
4136
2784
4637
7205
3893
6
115
3204
3099
467
1825
363
1742
4674
4502
5115
5656
329
405
89
1688
1519
7109
5654
2672
5857
4463
6859
5190
2976
1891
1057
2665
3066
2902
780
4978
852
868
7056
5200
1328
7076
1640
2244
3176
2879
712
7350
3108
5630
5398
2293
3769
540
6064
5739
1285
2385
7627
4990
4765
2830
1518
1685
7294
5503
192
5985
7755
5290
5947
5204
1730
7865
6321
5309
6023
7040
1120
1692
4562
4265
6835
2695
3453
621
6881
4675
4011
3027
754
3720
3059
946
3860
6372
7265
1225
7812
66
4269
1292
2363
138
1322
7269
5538
4552
3815
6737
6797
7708
973
3259
3862
1904
850
1890
531
3115
194
655
3510
1995
4370
2937
5316
4178
1235
1192
2818
1074
4632
5501
4514
6503
6731
5286
6753
519
4566
1256
4283
1828
5398
6945
6717
3558
4603
5690
754
1545
7631
4839
3757
6891
6666
6721
3512
7106
3309
5367
2501
2023
3797
2885
1474
7058
7396
3371
7374
5047
3820
472
3535
4852
586
515
3477
4156
822
1880
2187
2502
587
7474
142
2404
5185
1761
7085
6048
3698
3190
729
4426
3072
7579
6927
278
1309
4915
6805
2305
3194
4548
1608
5417
6244
3577
4008
7764
7986
6885
7346
788
7439
4424
7455
6524
7286
1015
711
1549
5367
7017
6285
4341
7703
4897
3901
3463
1154
3115
4127
2085
2456
7531
257
1528
5954
2103
7869
1730
3311
3160
3312
1925
4326
3276
6066
973
1128
4523
3024
3017
5755
1075
7226
4576
6932
763
3115
2601
2963
2970
1357
1781
126
673
5296
5931
3599
5178
5986
1716
5190
5181
704
2709
3605
5901
6249
4210
6953
6985
7958
629
5743
331
6273
1872
1158
5936
2581
1328
2925
3774
2868
2610
327
3575
6161
885
7146
968
5589
6764
1484
7533
2859
5853
2583
3025
1954
3992
7368
1051
7051
4408
4895
3528
3571
6634
3433
6059
5401
1242
4699
167
6237
2841
4525
5683
7829
5069
343
4193
5620
2073
4634
7684
2455
2151
2613
5620
4773
4469
3376
381
7015
3339
5132
1326
5201
6355
4886
4297
5914
3465
1290
3692
7438
4292
1689
5489
5163
1311
3204
3300
322
3139
7406
6684
898
7572
5347
6755
6599
3139
4971
2855
1922
1402
8
1881
6910
3509
5831
4032
3250
340
4362
1946
886
5000
5623
4173
6546
7850
1407
977
6884
4359
6413
411
5441
4611
6005
859
4657
7960
6375
2590
2930
1988
5088
4047
7856
2335
3028
4140
4588
5122
2973
5270
2754
6850
798
5824
2153
5655
1976
5790
3809
2316
4463
7535
2201
5496
4257
6332
3082
6527
3009
1461
7044
6991
2238
7460
1859
146
6957
7622
608
229
6809
3244
2347
5554
5811
1510
1274
5132
7312
212
789
6257
1314
4479
1157
1423
7802
4034
5184
7552
7113
4141
1510
5403
5780
3939
3073
694
4650
6796
6700
5644
4053
5526
3841
65
2912
394
733
2312
7325
1539
6867
2965
7804
5269
1314
2512
1679
3505
5495
4927
217
4487
1008
4333
2347
2034
6485
5855
6999
5706
1353
5585
3725
6619
2178
5478
7393
725
7431
473
7967
7943
7412
6643
6822
5296
6782
1846
5934
5449
1450
3166
5857
3314
7735
3356
3780
3082
6939
1049
6608
5345
3417
4027
4904
798
3759
6297
3757
48
6426
1065
173
3332
3912
971
3614
7352
548
3363
2203
5806
2482
6570
1891
4184
7820
338
3152
7909
380
2843
3849
1892
4731
7205
5957
7056
3362
4645
1975
3387
5582
4748
6769
2569
7925
5577
859
7656
1095
6051
53
4179
12
7916
5300
4305
3644
3590
3378
7001
1768
3681
2481
5708
1234
4433
3898
7960
656
4779
5248
1604
4026
1714
6459
2594
3334
7565
3813
804
1900
4629
4866
4080
5382
6195
7343
7086
7373
5229
443
154
2113
6824
27
1767
2001
4105
3205
5169
3326
5214
1221
4839
298
6631
3080
490
5099
1437
6375
1116
4017
3092
3180
6813
6974
453
1876
2713
715
6423
3053
5290
2626
289
2985
2318
2609
7825
5541
3954
1851
5256
6079
6587
5180
344
7531
6705
7168
1974
3447
5143
4674
844
2899
7093
4294
3244
7940
6601
6592
5152
21
2983
1443
1693
3430
3217
4720
1553
3833
7065
677
4574
3527
7827
6845
903
124
2669
3366
6327
337
887
5946
6204
5638
202
2521
4990
1409
7444
7426
2071
6640
4459
5652
7032
3530
6366
1306
984
60
5119
5918
4039
4348
3857
4637
3017
3350
553
7409
3702
4928
4703
4467
1225
7795
1398
470
5866
7060
2407
6699
4956
687
2357
3296
6229
6103
731
478
4443
3407
7965
5605
5732
1868
2585
4595
5440
449
3336
4422
6498
2857
7676
6700
2890
1757
527
2738
6386
1394
5852
3019
6809
1597
1390
510
443
4164
6960
7700
1927
7453
6406
1947
4598
1027
5801
6434
2235
3047
2249
6664
3613
327
4072
6931
7257
381
6607
1025
6574
5729
748
6611
229
3090
628
3030
4341
1654
314
1494
1307
2036
4982
7301
4055
4692
7752
6888
7251
5234
918
1805
2088
4933
6694
4503
2492
3330
2320
2077
3202
1242
239
7340
478
4649
5033
3801
4364
1064
7517
1029
4891
3108
7014
7991
7885
6825
5909
7696
5909
1638
4732
5911
5836
1302
7847
114
5719
1280
4671
1115
7593
2371
6808
7566
7634
32
2290
4481
5234
3630
4200
6475
187
848
1433
1310
2284
1818
5684
5504
4056
1872
7048
3786
2243
889
4229
5052
7179
3113
6403
7348
7163
3119
6962
3387
5931
3197
9
1439
593
7708
456
6328
7357
63
3226
7048
2685
2668
1135
441
1419
4242
3311
3868
6285
4174
2182
6272
5535
6548
203
3899
5735
5535
1859
2167
4435
3503
7568
963
264
3368
2045
52
5727
3073
4797
7291
6670
7332
4003
5294
5611
1269
2154
6240
4187
4220
3714
3402
5142
227
7849
7607
5831
536
1317
2926
695
6609
6526
2736
4976
7505
1360
1143
3060
6213
1783
2359
526
4435
3077
5698
6500
3156
4511
1036
2943
1935
1407
4444
7210
6982
5332
5958
996
4564
4491
5431
3464
2495
1339
3785
1016
1319
40
2359
7066
7248
4627
5473
5498
938
7731
7230
3185
228
5531
21
3880
5151
5961
3791
1835
6970
7364
1572
1996
811
5356
4972
259
5030
7102
69
3770
2216
5684
4817
4813
7353
827
6202
6338
5363
5714
2505
5543
7749
2342
1584
603
263
4828
7396
2047
5936
674
4953
6628
3682
1897
4171
5866
870
7018
3169
7939
4851
2414
2304
6354
2790
6489
3923
7084
5886
1883
1039
7365
4830
5184
1594
5775
6186
2460
927
2831
4116
2698
6461
4984
1
3682
7477
1803
4756
2147
3739
5656
914
6890
5522
2756
3027
3455
5499
7771
6479
2447
7298
1963
7623
6887
1347
2243
2789
2451
5714
5315
280
1561
4084
5331
419
1254
2650
4120
5235
7735
3213
4827
320
915
5699
4465
1063
2902
4839
4075
2997
2661
5031
6645
6893
5504
6889
7466
950
7995
3578
3651
2829
2258
7382
5544
2352
6674
2268
2178
933
2768
2083
1489
5465
2520
2942
6850
335
1412
2511
3196
2267
4462
3885
3611
1139
7043
4362
4885
5689
4366
6624
6411
3043
4271
7027
6429
2575
4257
984
1612
4577
2834
1104
5767
1902
5835
4607
5541
5178
545
870
5827
4593
7436
819
4390
3788
3145
6780
1457
184
2190
7283
2236
1416
7365
278
2789
6417
7299
4306
790
327
1611
5359
7771
3427
3971
1336
903
303
6725
5309
55
7166
6595
1491
5819
2593
3629
1714
1207
3367
7936
587
1079
7057
7889
5668
7148
3479
917
6700
5871
4762
4403
1207
7139
5903
4750
2793
3334
3500
6127
5781
5863
5961
1842
2583
4254
685
6466
3313
2964
5917
5570
5442
1408
5379
5992
3413
2576
4090
1565
1469
2060
4612
2442
1922
407
2309
576
7276
852
5578
4110
6615
2209
2430
7283
631
3852
1272
6492
1119
7908
3527
7284
3371
1950
5834
7126
2189
6535
5855
324
7281
7240
3446
923
4857
114
5337
5420
6352
3183
2624
1592
5020
49
6205
4446
5818
5913
139
1898
6695
5771
2363
6243
7064
2684
535
5441
6365
7798
1583
6263
2346
4210
3017
1997
3765
7764
6827
6775
4297
3772
1519
5531
4958
1860
4949
3191
1045
2398
3504
4791
4048
3887
6882
5160
4304
3399
351
2355
7491
4847
1901
2328
7477
5014
4542
2691
97
7054
6974
4165
2992
4738
6468
4383
1852
7116
4768
1612
3069
5191
7352
1542
5594
696
934
6228
6000
53
1214
4950
3699
1247
4012
683
6674
7693
6174
6226
7844
3592
5432
1480
6727
6612
1366
141
4724
5613
2564
504
1294
6390
4782
4131
1284
3358
7791
5791
7277
113
5019
4169
1834
1716
336
7988
4801
2286
6284
250
6822
1709
1923
5695
3484
6897
4052
2729
5945
869
2959
485
107
4724
4681
1644
5648
4397
5565
6759
7156
2267
5181
4514
4371
949
1396
6514
3628
7254
6181
4201
810
4573
5947
2911
7309
4314
5312
442
7824
2500
7705
3754
7475
5759
3291
906
5479
6575
3925
7072
631
5781
26
4122
1234
917
6211
1540
877
5918
6283
2179
2276
799
6620
3836
2224
1858
5034
5517
5666
2303
7081
6580
5114
3369
6642
538
4492
7094
1876
2830
7724
7908
7581
5472
6055
2148
2994
1149
7092
644
7678
6891
5414
553
6965
3960
5514
2907
2569
5233
2306
2562
7589
4606
3509
5432
3023
4
1285
3905
106
465
5014
6838
4279
3696
6276
7677
4812
876
6536
3311
3234
7484
7312
1098
5612
7821
3879
974
6413
3701
7453
3386
7890
4080
3191
4143
3173
7181
3307
5349
5528
1970
512
3508
70
3455
1020
6360
7372
3000
5281
3510
1122
1855
6821
5486
6351
3199
4479
2799
333
4447
2250
2474
1898
3003
7279
2714
5145
40
7477
1885
3187
2818
7024
5980
1020
4864
1875
6041
6711
3174
5067
5685
3520
7937
5121
4573
4463
3902
3132
2151
6796
5605
657
1395
453
4216
2262
6100
7025
1015
4182
3389
1716
1739
2141
3241
2368
5820
197
2336
1317
3125
7103
373
4329
7856
7939
4616
7209
7183
4965
7062
3842
5702
4854
613
4715
6985
4821
7673
3630
1175
4971
2252
1875
6390
4205
2085
2783
2042
395
4667
6125
155
4012
2913
4653
1704
3242
2808
1746
5800
2116
7498
2974
5321
6535
2140
4077
7325
142
4931
2506
6059
14
6696
2649
5209
473
3989
2537
7921
3179
5807
2735
6528
1855
7816
7167
98
4045
3277
2980
6285
1720
7020
1061
4020
1123
792
4572
2502
2545
3521
4493
3857
6721
2228
2971
7682
2905
3630
6261
1918
2803
4005
2729
7401
4125
2917
6397
1093
4899
6603
3020
3793
5415
6506
7034
2973
3137
1286
7989
5815
5596
5059
7261
6268
5538
464
7056
455
2419
2545
1068
1508
3200
504
1529
1983
5476
6760
6065
5749
1451
195
1537
3126
3198
2526
5994
2705
4007
1191
5387
2193
2305
1670
5923
1887
6781
544
3977
3309
7475
6929
838
2760
2869
7119
7449
7125
6295
7207
2339
4103
4567
5805
1153
7507
951
4844
1069
5078
7470
3649
7029
7887
5258
3847
3611
1888
2286
6410
5015
5448
2376
5336
4560
5200
1781
5910
6642
5136
7020
5242
6954
4305
5045
7310
2960
4707
596
4469
5410
7749
6013
5721
6678
5
2831
7926
4487
124
3465
7021
1479
1505
4069
5885
5090
565
5334
418
1132
1195
6372
5594
1080
2026
3191
6479
4456
1152
6042
3396
1773
495
6133
2350
2805
1433
2857
4728
3524
6251
6297
7245
3039
3333
5514
5865
4957
3718
5950
2574
4501
1278
7604
5521
2544
5454
568
2079
6383
6880
7449
6884
627
2664
3684
636
1794
918
3502
5859
443
4531
6619
5249
5925
6253
7676
7128
1763
7905
5059
4321
2420
5648
7180
339
1378
7317
3961
6174
75
7215
3565
5586
5892
3641
4382
4355
2735
4014
1361
7523
324
7447
3951
3162
6162
4106
1670
3477
6035
1718
746
1421
7561
7548
2927
2696
3395
7570
4044
291
7865
4850
4519
6624
5874
4134
5790
7570
3295
4850
6497
335
6283
4651
5250
839
3423
943
946
494
3319
3570
5186
2890
4129
7804
1998
7720
1175
861
3336
1992
3067
7091
4767
937
7766
7989
1296
220
2713
6310
6615
4627
3875
7476
3643
6965
3826
2577
1873
1482
5652
5895
5822
451
979
6223
1725
847
3558
202
5499
2482
6847
5967
5337
7175
7161
5039
6904
5087
5535
3570
515
3698
509
128
2570
839
929
480
4780
7053
1736
4215
6595
5665
4257
1554
2664
6461
6695
6730
4450
1833
522
4425
7681
4135
7523
3171
3094
4758
3169
3140
3476
39
344
5355
5758
137
2693
7006
3970
565
2389
5409
5419
3843
5317
1369
7558
5232
3201
4016
5964
1524
2629
5625
6082
3074
6055
3763
2788
3255
4601
6871
7060
6839
6159
4283
4775
7711
4532
2588
1731
7328
7052
6378
2525
6984
3767
2991
4230
7644
7417
6656
4358
129
1871
1412
3016
2343
4214
2494
5528
1901
1530
7914
1260
1457
6074
2805
2877
608
3617
3145
3989
53
7521
1267
5091
5275
259
5950
25
4903
1530
5930
2224
6099
7002
7673
2233
6128
7603
7094
382
661
7714
3835
3447
5671
7807
7213
5553
3356
7946
6985
4711
5668
845
3568
208
186
5134
3361
4952
3558
6873
451
6522
5632
3948
5581
3055
5507
1725
813
5959
2804
7620
88
3791
1934
10
1314
914
4123
7743
3353
2984
1853
5911
3985
50
825
2473
5667
2050
3155
4475
1313
2127
3883
214
6646
3715
1336
7073
6696
3459
4919
5049
1946
4143
1014
126
5598
6111
2513
2122
3491
3254
378
1143
2500
2900
1416
4795
4351
1101
1025
2007
5332
7755
162
4904
6174
4431
7160
5981
5574
6735
6586
3141
1203
3631
5298
2164
1133
846
5650
5722
3103
941
689
2700
146
4875
3662
5404
3676
4832
3088
3232
5135
6130
5151
5980
275
1755
6091
7564
5856
2327
5225
7558
2845
3182
5958
6693
667
7057
7445
1773
838
5732
6933
5701
663
6711
4231
2293
7067
1897
3182
3217
6240
1278
6764
1193
556
1921
1112
4255
6844
7895
3801
631
1060
6521
6392
1287
1271
7592
4909
2607
1434
6190
1571
4382
435
7365
6129
5881
431
1588
1607
1769
2386
5257
4306
3711
4283
5458
1362
7894
4421
6374
4688
2917
2295
4147
1810
5457
4379
4813
4837
4651
64
5834
7618
5620
6137
7245
36
7893
5394
4899
5512
1505
7263
4332
4391
4742
4000
6569
1250
70
4792
5660
6682
3406
7980
3107
4774
153
4220
7306
6208
6414
1451
6811
4643
2736
4171
624
2671
6311
2094
5531
4711
1611
5421
1422
3412
6275
6957
2800
2797
805
7181
5335
7227
4806
1306
3535
1198
1294
6530
2634
1170
6944
2079
6922
2504
995
2480
5903
3128
5274
266
3825
1896
878
4535
7592
6584
7185
2705
2518
612
7283
2460
2491
3644
7912
6344
1526
4709
7196
4129
1755
2785
1895
2448
6388
5972
4058
1062
6720
2123
521
3353
2948
1268
3303
4320
79
2104
1256
670
7564
7054
3780
5569
5082
4474
5480
4071
869
4282
7076
1090
7638
4536
1052
4671
1821
4633
88
7419
485
1908
2648
1222
7729
1855
1808
2860
5932
6906
3767
6300
1875
2460
2198
1731
227
5187
5043
3837
7245
1227
1993
5396
2615
669
5364
1066
7952
7340
1629
5369
4882
4642
368
6103
3542
7504
5932
3137
2892
3665
1117
7951
1891
6892
5754
7847
363
6817
5084
5206
3269
2231
5362
7886
2701
2111
4987
1171
6542
1852
761
7426
6173
4128
3725
7948
33
4691
6968
7167
5819
2224
5482
4313
1322
315
6061
4011
4665
4614
5990
5340
4799
5879
6155
7501
982
761
4928
1099
1915
7609
325
2865
104
877
4984
6561
673
4257
2763
502
7390
1607
2787
139
2558
4717
3414
5077
79
5082
5145
7388
3330
7808
1814
552
4556
644
2464
7909
117
6498
1512
1937
73
5922
4171
7093
1802
7670
362
4293
4415
6843
4253
3141
6372
5088
7507
377
1282
2984
1302
7008
4163
4388
2932
6068
6779
6885
3269
1027
6002
2835
5012
1536
6828
7208
6150
4889
5409
3107
1835
1427
7308
2745
4705
3361
5824
4428
5565
7091
3501
4713
4606
1517
7842
3324
1254
1656
699
1065
6240
4218
1039
6410
7164
4436
3844
5632
7728
7687
4778
5687
6625
3394
4611
872
7008
1425
4431
2635
2990
7890
2148
2318
940
672
7078
7927
400
2090
3436
2429
4738
4973
3651
6444
363
4529
1261
6983
1498
1166
5440
5329
7246
3231
6755
7566
5763
5505
2264
769
4772
6226
3008
3967
2272
2695
3728
1902
7559
5644
3275
1504
280
4878
3391
5286
7521
7056
6785
4640
7687
4301
5353
3680
139
4748
4887
4257
7520
5997
6906
1977
4175
2350
4822
2648
5683
5244
3725
6773
7388
4608
2038
7300
266
4346
5560
2476
3680
1673
1519
5530
5344
1333
173
4800
3794
5465
5019
2886
995
1164
2418
954
2686
3324
3339
5511
3670
4129
525
44
5717
3781
4043
5544
1822
3033
3002
6176
6430
5399
1098
4227
4771
6314
1327
652
7599
2656
672
4714
6871
4183
6883
6040
5583
7771
3810
3925
5355
2749
5214
337
6585
8000
174
7237
4369
5782
7933
2478
6487
2365
437
4854
803
2914
1989
5682
3875
2489
3507
6704
7039
7152
1251
5417
6727
5836
6749
2320
3223
3702
922
7743
1778
694
2904
4831
7018
7633
958
2398
1689
4699
7573
4611
4328
6407
5232
251
6599
1203
2556
4011
7475
6945
5903
6850
6672
2049
5859
3514
1618
6172
7655
6962
3353
1607
7741
1014
5301
6928
6008
2577
8
795
1686
4298
2269
6893
4662
4969
439
7752
1530
5110
6976
6782
4916
856
4851
5533
2300
4942
6465
2220
3961
6542
6852
1695
5339
3713
1350
3555
5424
768
1076
6145
668
344
3609
4668
5258
6115
2795
3299
1935
2139
4911
2424
3559
6025
6076
5942
4157
5461
979
2219
6369
5970
6045
3042
7294
4837
7844
4500
4084
5444
3620
5318
6119
2701
1552
4376
5446
2558
362
5129
4490
7845
1615
205
2701
2229
1510
4217
6188
1427
3589
1781
4276
1134
5013
4008
2990
5236
1378
5348
2270
5743
5632
6634
3674
860
5009
5860
6209
1345
5351
1524
6545
2938
205
1844
3197
4527
5246
3696
7988
573
7897
6068
8
4407
2151
3530
5903
5059
1753
4458
3824
7014
6823
3023
6703
4152
7703
114
2149
6723
3082
4893
3437
6577
4333
830
3679
6610
2487
6516
5650
287
4103
1182
7317
4081
589
7345
2200
1529
6356
4746
6325
3531
5828
335
4718
1737
4409
7456
5891
5599
1866
4128
4957
4888
7346
4780
737
4410
3846
3112
2919
446
7781
3017
253
5798
5825
5982
6340
7395
3988
2357
5636
3064
4552
3701
7652
5966
5928
7054
4293
1527
7638
2716
4127
3415
5564
5925
6889
1332
3888
961
2558
7500
3394
5307
7647
5848
1522
3006
1080
2772
581
6828
6794
1973
2251
4087
3106
171
7309
2380
4866
1997
5907
6544
1820
4089
58
524
4930
3000
4776
7245
6638
7051
1650
5870
420
2348
2365
6228
2385
1430
2921
7960
692
4487
7947
2496
1662
6197
3995
3647
487
3960
1718
5138
3554
7410
880
7924
6390
3088
7435
26
6732
5812
6802
308
2161
6368
103
7392
7222
2100
6742
3501
6209
1108
3967
3634
2031
5291
4562
3673
6709
2444
4282
2583
2600
1597
2522
7944
6020
3001
7425
5286
7540
5058
5456
3652
1960
6910
4301
3192
5608
4634
7293
7304
5539
2557
5412
121
6150
1382
2185
6513
6399
7731
4758
4161
4988
510
5373
5223
6087
5898
1937
4368
6508
491
4606
6783
6817
3835
7525
610
5152
7953
4478
4246
7201
6759
2170
1425
5734
7425
4327
1280
1247
7478
6196
7010
7916
5659
6169
70
1433
7359
5930
4795
4660
55
7621
2494
1913
176
3344
2458
5117
1573
4016
3265
1775
7850
4564
944
2707
4919
3701
681
1225
2506
2536
2698
6920
5411
62
1231
4363
6683
7493
7647
7862
4192
3395
1649
5455
3981
5817
5737
2177
2691
5988
1990
4709
4597
210
645
1036
2396
5131
292
835
6132
651
23
6037
7228
6091
5104
6550
4461
1166
5705
3141
1665
6410
3602
6861
4249
1121
5653
4589
5800
2137
2464
6250
1156
3874
3175
7457
1650
1217
2974
6065
3392
2728
1154
3156
6962
623
3476
5383
3590
2389
945
1020
4869
1719
1258
7396
7170
5355
1980
220
7042
1342
2427
7263
1734
6815
7632
6127
7608
4376
1121
1331
1009
3414
511
4832
7771
6248
1361
1087
3638
7375
1568
1200
5320
2314
5607
5711
5492
7775
6456
181
145
3700
6819
1741
399
6915
174
3635
7169
2516
2339
7019
3984
889
2806
3734
5691
3770
3376
183
6829
2302
2208
4574
7471
324
3689
566
5185
270
4830
6618
6048
4585
1869
5551
5465
320
227
7119
4873
2313
2565
3742
6134
5675
7894
3890
6902
2769
3423
3743
6052
1915
159
2116
957
7070
1935
5865
5878
3605
1150
1577
5770
90
7959
6659
4092
2044
140
3165
45
5767
3979
1941
4718
6296
1255
6732
5669
965
107
2058
2205
7459
2705
819
5064
2344
1106
119
7947
2229
3861
6750
7294
5270
2614
2729
2490
738
7235
71
2504
7875
3422
2702
6557
7918
31
990
3002
7268
2974
2005
7777
2634
6652
5566
2138
2651
807
7615
6806
7650
3507
546
6671
7539
2488
6164
3000
808
438
6602
6900
4473
3827
5608
1131
2504
4667
224
528
1313
6089
1511
3418
5042
4888
2576
5186
2686
3420
6387
7706
5331
3443
5070
3375
4126
2522
18
372
3616
1590
4423
5761
4399
1330
434
3373
902
1939
5880
5133
1278
6100
219
6646
746
1726
2060
5497
3072
5814
6520
1714
2849
4345
5546
1353
3307
7914
6931
3822
4643
4330
110
1811
516
3478
305
6602
5962
3183
2272
2661
7714
7384
4256
1948
4000
5680
3236
4081
5209
6490
4970
6678
1863
7554
1816
5728
7364
492
1189
1870
7736
2541
2126
2427
7247
283
2493
5816
2897
3219
7246
7986
7955
7871
1332
2101
5513
5404
736
5629
368
4977
1122
6220
1855
3146
2530
4637
2469
5563
506
2540
1659
4916
1890
3948
5443
3443
6969
7673
4074
4870
3912
7759
4989
3104
7714
107
5337
3600
2084
2224
7226
5923
7271
2488
7881
3808
5819
1755
3360
7665
3270
1016
846
5744
7608
5230
1907
1967
3598
6573
3704
2972
7009
4908
1658
4465
1788
911
1757
7742
6801
7372
4854
6025
2023
3506
1257
1962
6364
3512
7393
7769
5978
6601
4992
1401
2698
831
7599
4577
5822
2071
3695
7615
2346
2683
489
593
1148
3614
7274
4028
7398
2214
606
4870
2997
6382
7968
5978
4225
2089
7439
6698
7894
1991
5909
5605
3937
2327
3218
3776
7474
6817
1172
4355
1698
5162
2449
3280
6892
7529
7455
1638
7087
3373
266
1004
83
183
4704
4764
2131
5200
7973
1595
4395
6500
6800
1732
858
1188
1008
6834
4793
5748
3431
643
6418
1271
3085
6672
7900
6989
1287
5789
6232
1856
1397
2106
142
2066
2565
6093
564
3807
369
904
1508
3544
4576
651
5713
305
7648
6848
845
2108
6530
5574
1864
5000
2929
5149
3426
5951
2851
3957
4914
6661
6015
5776
5453
5023
7775
5343
3845
7265
319
5873
6265
4715
5081
4903
1712
5348
6148
4476
6725
3295
2180
2393
206
6270
7013
5128
6681
1569
2105
3586
7203
2335
2376
4616
3420
7632
4568
6185
2498
3333
7212
328
1186
5319
928
3992
7122
1173
2480
217
3612
6720
4998
2815
4144
6027
4140
4126
5781
2738
1610
21
3640
5749
4106
4614
6931
2947
5119
7666
6774
2566
7934
7843
2809
3137
7010
506
604
7979
4903
3327
3982
4740
2247
2115
1770
3917
3802
6155
4779
5240
1477
5766
5934
909
7814
5428
7533
1164
522
4131
7369
7861
6357
5162
2002
6425
1610
2788
86
7296
2619
6968
4256
470
4416
5930
6770
1420
4706
5024
3662
3598
6129
5604
5338
2155
3381
1093
5811
500
4361
115
1326
1090
7862
5383
6321
6881
4826
174
7793
5208
6535
5962
4964
520
6400
6428
1966
4991
1714
1372
4760
2606
694
4896
609
7243
1417
7553
2424
41
849
459
2459
5614
5931
632
5605
3283
7671
2094
2060
7536
5054
4682
4844
2275
5956
5015
252
5337
5239
6849
4064
1555
7885
5097
4512
315
3379
4916
3727
6927
1997
5545
476
7606
3369
2575
1392
1683
1768
6890
4226
7095
7761
4648
5274
485
235
2620
2683
2590
4744
2918
7487
2318
2337
3504
5256
7532
6077
1860
6706
7037
7827
4849
6521
3350
469
664
258
5656
4388
2181
4047
1507
3652
3612
3128
645
7870
1679
6622
4473
5730
3677
1795
280
6368
3060
87
3910
3816
5820
3154
7863
4996
235
1334
4442
5903
4097
2643
6737
2267
513
6748
1064
5011
3014
7346
5528
6039
7559
7291
1523
2600
3411
1711
3537
1344
4387
37
5215
2305
6418
5943
7662
4495
6139
693
6327
1367
3160
6321
3218
203
4676
2619
1457
5996
1270
4342
5836
1409
632
4479
829
4514
2604
4159
7914
4558
2473
3414
4209
1541
4955
3282
3817
4941
367
4832
2997
7894
384
7661
1204
7546
4785
2004
6873
7786
880
2434
2720
1794
49
5304
5806
7279
3328
717
7111
7047
6065
459
2322
112
3036
7783
5443
5501
4887
6356
4043
2425
766
862
2068
121
800
4888
3966
2474
7721
3306
7153
2515
2655
6148
3891
1752
817
6854
4476
1143
3472
5171
135
953
856
7111
4717
2129
7463
1821
1095
2860
1271
3652
629
5195
171
4323
5223
2719
5936
4439
2070
5684
4823
1675
5869
1529
7227
4344
5771
1353
6649
7438
3933
1040
2878
4136
2108
4437
1604
6147
2824
4796
3845
4601
7983
7190
6227
282
7830
2093
5077
1360
1272
6430
4919
6037
4606
4767
396
5110
6127
43
5647
4471
4261
7722
3565
5803
7860
4454
1161
333
4797
2001
4352
2179
5020
7118
2008
2437
7030
6360
710
7765
2191
2132
2934
7290
1323
372
6583
2227
3106
3601
4959
6753
424
6241
1049
6426
1175
4904
5482
6919
3465
1860
4807
3431
7869
3558
3137
6704
2493
1692
5921
962
864
3590
3193
5871
5255
857
6217
1908
52
4477
5845
1583
864
1276
6540
7747
1496
1005
2846
3767
19
4285
4447
1317
1502
6775
65
2815
7149
4028
6184
381
6160
3903
3580
3259
2998
2768
7312
6520
995
4068
3199
1237
4165
6844
2735
485
7822
1613
2886
7486
234
5077
6743
4226
6038
3338
5150
5605
2940
1796
7128
6373
4059
6747
2787
5337
7694
2462
4105
3559
4741
3809
7427
5651
1186
2315
1632
3919
4730
3456
7121
7683
1240
2338
3990
1023
5340
7472
3800
4188
6782
3190
3810
981
2820
6726
7840
1179
1339
4382
3419
4122
6348
1236
6186
7335
1729
4579
3691
3999
5932
6353
2407
6589
7076
5509
7166
4959
1544
4618
7389
2637
6260
4477
2907
620
7340
1700
1057
4142
5278
2474
1594
5634
4148
459
3561
2140
3435
3708
2201
5748
528
4381
104
291
4351
2289
6257
2056
3143
2920
798
7708
5940
338
622
6695
4563
5666
6145
2923
4976
6481
3699
6714
2238
3813
3932
6314
4959
3221
1767
1370
2760
2141
4043
7873
4703
622
1764
7100
72
822
5134
1295
5052
2974
5605
4621
4278
3192
3168
5282
5128
5063
6818
1698
6751
5031
1209
669
6465
5900
2384
6265
2700
6842
7194
5865
507
2388
7275
5824
2069
7954
5710
3444
7655
6373
4816
7113
6875
3984
4678
1001
7990
6832
7441
7539
3904
7168
5235
625
5168
6079
504
4280
7336
5311
874
7289
7414
3815
277
111
3805
6027
5516
5820
362
2546
937
2028
7791
5503
1773
7910
7678
695
355
3087
887
5810
3838
6147
2616
844
4040
1207
6819
4076
6115
6446
5012
72
2946
7473
3239
6469
5979
95
1782
2658
476
3015
2179
1363
958
3779
4253
6608
7616
5996
5548
5802
1732
5331
7505
6926
6247
6555
4873
947
7635
1678
5450
1598
3403
4180
1044
102
2819
4081
805
1101
3485
7466
261
658
3775
7215
2328
5117
3893
4262
7421
2650
5513
4471
5733
7534
5324
3256
6936
6113
761
1949
5627
3111
1987
6369
3204
5805
3822
7681
6850
4487
7431
6013
1564
6967
1404
7682
3075
5816
3968
642
5669
1010
4386
7876
4706
3479
6446
3802
7953
1465
2812
4146
4319
315
7842
2726
1048
1087
625
5936
1896
2047
2128
3197
2812
3021
4437
3924
1652
1315
4512
3233
2999
4606
5999
5580
6352
2696
3860
2933
5181
1207
5625
1442
1585
1712
762
7362
3360
2470
2821
3314
7615
4036
1701
7509
5356
4337
35
6287
242
1621
1640
3093
4116
4098
6392
7084
2561
7431
1204
4619
6636
1501
549
291
3055
3282
1297
4607
6732
4324
963
4644
986
7833
1589
5135
2592
6633
667
2778
4741
1602
2613
4821
3338
7675
5525
7588
277
4955
7668
130
531
7252
6603
1165
4147
2981
7078
7365
3180
7346
4079
2551
5756
7845
2011
7597
4943
7
5634
2341
5645
6798
1875
3532
7231
7217
921
6388
46
2035
5176
6785
962
6245
1765
7853
3309
6055
4639
5778
6265
2568
6459
865
5652
4012
435
4795
7688
2577
5090
7284
7075
7443
1979
6106
5052
3094
