4984
1371
6465
2300
1549
1724
5107
5947
4753
1887
5288
6691
2635
4247
6688
5936
7117
7041
2627
1875
2188
6318
2173
5198
6693
7457
7475
2883
2991
5617
7684
824
1950
5428
5839
4002
7764
3800
2178
7097
6590
2785
4068
925
4731
1440
5140
5102
6649
6924
7057
4574
4404
140
4092
300
7079
3100
2890
4435
2831
4443
3554
3105
3050
3135
7658
7931
7360
3134
144
2692
1137
1119
4756
1592
762
1223
3849
5642
3233
2250
986
7437
735
467
5993
1527
4179
3998
5713
929
4569
6431
1634
1788
5786
1755
7861
7263
7820
6769
1030
5182
4976
5205
2718
394
6987
2466
4570
1816
5142
7006
5015
1948
3758
5633
716
6280
868
1313
1254
3689
3637
1373
734
7410
2203
2907
5716
3281
6138
4921
5676
2699
11
1958
279
6224
4353
5788
1901
5318
2592
5862
7806
4670
2651
5607
3649
6346
5163
6760
239
3616
922
3026
806
6865
541
4841
3957
7953
1214
4730
3787
2864
6840
4891
6741
5104
111
5719
6888
1172
4783
2162
1780
5218
652
6152
7220
5875
3237
5606
610
1284
2281
4874
7849
509
6903
5159
78
5344
5129
4627
2459
105
7364
1876
7261
3510
954
1483
2204
2738
1484
4305
4386
4822
4400
681
1672
4358
2076
550
6494
2229
2688
5540
4218
7330
5969
5552
2699
7806
7429
6799
1837
6381
702
1691
2688
5555
6867
4603
5913
82
6857
1825
4044
682
7666
5770
7463
5744
4249
7768
5096
4006
5466
5762
1522
1812
2290
1703
3456
1928
7688
7943
4083
7657
7244
2864
3035
5948
4241
7547
4727
1543
621
1833
6365
6910
6664
5838
5697
2345
6249
2158
2495
1429
526
5970
4820
7604
7988
5203
990
5969
5753
1874
508
6856
1639
1631
2688
6368
6621
4533
5959
1744
503
4239
6473
6671
2653
3517
5293
3674
4728
5274
2215
807
2059
6668
3958
4946
5103
5448
3110
1994
3425
3564
2708
3758
2315
2282
6987
7515
87
1792
1215
6538
6197
1634
2815
7066
4073
5746
7719
5665
1305
3668
2762
6498
6409
3240
6453
2343
6297
5657
130
2683
7711
789
6436
1029
6328
6234
2897
6922
2973
6473
938
181
933
3227
7051
4037
1237
4151
1522
7389
3749
5462
3240
4941
4419
3214
2852
5663
2625
1583
1497
7823
2859
4182
7483
5809
141
4560
6288
527
4302
7284
4173
2024
6095
4206
6231
7552
5800
6743
1340
6035
7830
1053
362
5737
6165
6587
7808
5764
3804
2734
7691
7105
6888
5176
1752
264
1100
4735
1584
6739
4451
1262
3148
2810
6306
4844
1961
2139
1312
321
248
1268
7792
563
2378
3490
153
71
7053
712
6686
5681
5655
1213
2865
2251
3997
3992
2247
91
1213
4865
2059
7977
6647
2381
4040
6880
2922
2029
746
3010
6395
6722
4274
3461
201
3368
4382
7474
4282
5566
920
1666
6181
4425
7008
3201
6506
4637
3786
4272
447
4706
3304
2326
7715
1422
7245
2807
5474
846
925
3225
5044
5035
3423
1060
121
3675
2296
3082
4344
6599
5795
1183
4363
597
684
6423
1787
4368
7721
1881
6468
5816
3268
6891
1840
7620
6136
2091
7488
1298
2045
5471
4312
5929
4427
443
1123
6617
2316
7463
4699
774
3414
5956
2808
4435
1263
4681
4999
488
1444
3419
1533
1675
5166
1518
3392
4976
3523
5836
4997
2693
5458
4135
2590
6382
2904
3466
4110
1531
7641
3162
103
7182
1240
2849
369
5741
4063
1413
4126
287
750
4862
3770
2373
4038
7513
1923
6283
4403
3749
5817
126
2077
2721
5171
7201
2657
6722
6278
7407
7007
5284
2695
2499
782
2655
6211
4000
7147
4767
2332
1018
7599
6367
3729
416
7298
7120
673
3429
858
4081
3110
1579
1752
3649
269
6010
367
1219
5859
2849
3796
6693
6078
2851
3265
4397
1879
3974
7499
155
7161
6927
4373
3436
950
5775
5804
3132
6439
2607
2214
2832
2400
5720
7263
5630
4923
2447
5309
617
4682
2529
782
7361
2775
1711
970
1246
1660
562
4707
5565
3802
3706
7145
1569
5876
2919
3066
5763
3914
6930
2499
7401
1787
6575
3425
5126
4134
5662
3541
3737
2636
207
7347
2124
633
3458
370
4046
2138
5306
7826
217
4368
1300
1066
783
3219
201
5735
54
1274
4498
676
929
3490
7304
667
762
3809
7456
3423
5349
7585
5424
6290
4625
5076
3845
4540
3813
3114
7254
2972
5878
7382
359
804
3621
7814
4849
6416
5962
676
6561
7809
3157
1137
1464
4063
4961
5329
3254
4150
4072
6052
1472
588
5198
4913
6119
3245
452
6456
580
5591
5166
4617
4907
5864
4625
328
83
6183
7046
1515
3514
7788
6547
1585
2193
311
5624
2958
4004
5585
1584
1001
2069
78
2761
7270
2465
1177
1324
5442
3893
5943
5725
6029
7452
5756
2212
7989
2972
2679
1068
3695
5962
3953
391
3458
7772
1339
2564
4715
1046
5824
3349
5778
945
2944
5264
4346
1281
7192
2050
3289
5964
4559
5223
3908
5602
6457
772
4287
4993
457
4498
6923
617
3242
436
4506
4765
7541
5068
5482
3430
5454
6711
6392
2087
4743
4143
4979
2646
1593
1531
3793
530
2618
4084
3285
1560
5453
6834
2926
5252
3330
7374
6360
7697
5076
3244
6844
580
6178
885
6271
7559
5407
7408
4776
3425
1976
599
4760
4521
1554
5474
3653
3360
1007
5566
5251
645
2318
1719
1633
5763
3475
4094
7515
7283
4804
6212
3136
1482
2907
546
3224
2116
2564
2375
6228
7273
1452
4442
2475
6793
400
7046
6972
3675
3796
5170
6015
2388
5348
281
3595
7340
5895
1725
4200
2817
688
6844
6126
7977
5907
731
7826
2444
7907
6489
5790
5953
1492
3074
3448
4922
4761
211
3918
2493
1766
880
2065
2457
5417
4833
5619
3668
5389
4914
5774
3653
6783
2047
1192
1896
519
2272
2379
3596
5836
4547
3757
4031
7076
4894
3019
7966
1181
737
2200
6925
7874
4061
5613
5937
6162
3344
7261
5728
3387
6393
6215
3873
7404
5557
36
1204
2058
1419
6013
3715
2572
1193
654
5292
30
5769
2268
4593
1121
1085
469
2738
3957
5269
1698
6309
1971
2817
4692
2911
7614
1850
926
3355
5270
5339
3241
6054
5286
2665
3994
1246
3901
1033
1523
2949
2865
825
7527
5466
1552
7548
855
4582
6654
852
6374
4756
3459
6769
5644
7721
4813
1195
7826
514
444
4390
7357
5422
1122
5348
7499
4585
7231
6817
6728
5833
4597
7548
5718
7322
2729
5278
3988
5115
1586
2491
380
7846
3652
752
6764
2341
5446
1747
7186
4869
2235
1400
2335
4994
2002
2676
3095
3487
1187
476
7699
5441
1678
3157
3237
4230
6368
3981
974
873
3323
7848
3260
2928
7122
7187
435
5906
7804
1521
4394
3894
1342
3562
5257
7750
6482
3781
2699
3881
3090
7957
1551
6259
4770
5257
690
1819
7986
5575
4308
571
1991
5076
3403
3264
3647
6641
2632
6512
5536
373
512
7599
6391
2643
6217
422
6324
6715
5391
7297
6691
5894
3724
5506
1978
995
685
5176
286
6580
1328
2300
4721
5908
2291
1352
96
4875
3182
4447
435
5296
1257
2507
4639
503
323
578
6694
2621
5391
5404
4127
6607
1210
3786
2926
994
5183
1746
2213
854
2665
2514
5209
4564
1554
6903
4738
3658
2501
3695
6825
5991
5914
2680
1895
4126
876
96
5642
3597
7630
6086
5610
4407
7840
2827
6698
6777
5313
7184
4689
45
5478
2169
3417
5201
1741
518
3824
3690
1944
533
1061
1981
3141
5532
7305
7701
1190
5903
6738
2026
6082
2286
6966
4060
1973
4682
4210
2563
3103
7586
3316
4595
5358
3452
7943
6846
4709
3152
6342
1846
7022
4660
314
5567
2393
5979
1635
2259
5011
6221
142
7653
2298
4898
7191
2686
6393
5366
6963
2272
1322
6631
4248
6078
4806
6239
7611
4185
5547
5123
853
6554
749
6231
1528
5529
1867
3285
2040
3196
5810
1532
1895
4995
4497
5811
4365
2531
4179
2642
1226
3597
7198
5297
3229
2852
1068
1204
2733
2996
236
3693
2772
4818
469
458
2233
897
5655
2859
7608
3851
7941
6898
5161
801
3601
4808
1547
3399
1418
770
4723
544
1446
3029
7747
7764
1677
4721
7568
4265
3142
5071
790
6424
4470
4698
7977
6270
1334
4736
7928
6108
713
6394
4245
4506
5753
4218
7802
2743
6299
5465
342
4713
2521
1302
188
6181
6549
4983
5606
1134
3916
1183
3016
2445
3902
2244
1971
3687
5326
5010
663
292
4889
3761
6910
4917
3579
6246
425
5727
6830
7879
7588
3840
1614
7479
1633
2595
3932
7194
6209
5333
7426
1938
2452
3616
829
3899
718
7118
1105
3257
7560
611
4888
4988
504
7284
6609
2704
4142
7143
6873
5063
6702
7421
7470
5721
6433
2384
1449
1704
3561
451
3059
454
3934
271
4581
6394
6074
4425
5779
7789
7128
4318
4461
5592
455
3653
1525
5184
4366
5495
7715
4279
3389
5932
126
4577
4432
1842
7908
7713
5203
2505
5407
5933
7380
1198
2848
3330
4996
4951
2523
1748
2934
226
2744
1394
7217
3937
632
6782
4645
3551
1307
4562
2193
6751
752
2040
6284
4276
1497
5202
1682
5664
1895
3772
7591
5993
515
5200
7414
2138
2744
4270
1468
2626
4930
6431
3068
6774
1317
7393
4132
1209
219
3762
6803
409
5617
2330
6590
4185
3489
5335
253
4488
445
5039
5127
4675
3164
734
6588
1170
5225
5010
6217
4069
3458
7580
6413
3408
4632
3488
5240
5796
520
459
831
2227
7828
5272
160
4662
1945
3625
5947
5196
3445
3611
7036
5295
934
5551
7937
6543
7806
28
5949
2092
1326
5588
5719
6747
79
6857
4629
512
3103
5760
4263
1007
3321
1959
1216
3094
4465
7908
7339
2993
4200
7507
1584
5675
2681
1496
3870
4878
1660
7562
2096
5015
5959
456
5694
2646
3934
3642
5851
6555
7057
208
4966
2606
7553
2341
6029
897
3772
3177
1305
623
4225
4757
188
1231
4396
953
6846
1327
3675
1885
1058
6221
5293
3988
4236
1988
3137
7879
2603
1670
1965
2253
6611
627
4604
1881
7583
3176
5884
4050
3124
582
673
2289
7552
2674
4902
565
135
5005
3940
5026
7311
7943
6949
5836
7991
7229
2713
2012
5756
3490
542
1385
5415
6319
7663
2781
7882
4867
7576
7565
5261
5821
4349
737
7241
415
4411
3698
1609
5222
124
3537
64
5260
5674
604
2834
2989
1516
861
4022
4767
2508
2692
6363
2792
614
7070
4800
7211
6196
2620
2068
7451
5067
7506
6520
1048
7648
402
6019
3051
6126
6892
7158
277
960
4922
1626
2632
570
725
7447
384
5564
4872
2261
331
2643
5254
4240
3303
545
4607
3686
7820
1588
4346
1546
927
827
4249
364
5765
2701
5020
4155
6360
5033
4114
357
6800
2425
2858
2775
7267
4401
1653
5061
1451
3531
7844
60
3641
2919
3824
3722
5086
6154
4404
7175
2572
192
6629
7846
4645
2006
3271
754
5361
3555
289
4098
1162
7153
4884
6668
7879
238
705
395
3117
318
5408
5648
7918
7658
2548
6430
3282
3482
904
2044
587
6199
6993
2403
6545
5732
1416
2169
6370
4362
6853
3262
3297
7824
4148
54
4239
1981
5475
1431
5881
3483
5071
6817
6080
1126
5797
2667
3384
3140
4394
2639
6328
5879
5400
3787
380
2928
4482
2615
3124
4294
4130
3843
1144
6005
1435
1374
5568
2994
3428
6136
3460
862
6641
7240
811
7742
7665
6245
2500
4550
1716
4292
5079
2695
336
2485
2385
6212
6335
6929
4992
6943
3171
7722
5101
2548
1925
4311
3696
6779
5225
5280
7268
3056
3915
2662
7048
7198
6589
7671
4802
7322
1360
868
4560
6486
1541
6464
6059
4284
6738
1891
1316
6614
3645
3365
3238
6428
3077
6237
297
7420
4864
6112
4664
626
4894
2874
7379
4355
1237
2361
3800
5464
350
6834
3343
6085
576
6053
7164
4412
1972
5141
6703
1929
318
7658
7120
2146
4097
4778
7811
5751
3760
7204
6190
1410
7874
6357
2364
5873
3857
5792
6755
7278
5839
983
2009
7411
3961
1443
1705
6801
3753
6945
5871
6916
5271
5359
2858
168
7442
5128
5625
5637
3006
666
1679
3046
980
6202
4826
4922
3403
4581
6858
2363
3993
376
3283
3214
254
6218
4725
2333
7570
1975
2350
5415
2744
5213
1878
7487
2400
3340
4647
2712
6349
399
878
2002
7742
1244
4577
4875
2517
3080
7631
421
3318
1539
6467
7824
3101
2336
6632
2842
7395
3678
4221
6254
7605
3558
5021
6022
349
3279
4510
296
2613
6138
6965
1450
4653
3892
6468
2221
4569
3607
5063
1368
5807
1592
392
7397
3014
3430
3145
7549
40
5414
7485
3257
3463
352
869
3842
6692
5289
6462
4179
1144
2224
1049
3124
6072
3148
1114
4688
7124
5474
317
7485
2958
5500
5888
1856
3483
2379
3543
5018
6220
6191
2430
1209
1550
6079
1869
5069
81
4680
7610
6585
427
5933
2162
3583
2219
2072
613
3886
6285
1288
6397
1057
6469
7910
2358
3763
7770
6542
3151
4536
3111
3339
2377
3141
146
1989
1080
6542
949
6783
3846
4384
3979
3105
1795
1801
7532
1363
2298
7454
770
6821
1838
304
5765
1473
2786
6684
2776
2134
5791
2572
4661
5949
1715
1817
1374
7826
5086
3314
457
402
5281
7333
5130
6640
4473
1157
7669
5043
7748
3478
1950
1477
5703
2394
1098
2235
1745
7671
573
1271
1168
5650
2995
1070
1439
7465
3929
4570
5072
2319
311
353
2839
2044
2924
2238
6804
365
3409
4278
85
2529
6825
3822
3871
4317
4911
4719
5316
3199
377
5501
6306
3958
7838
2000
5447
6998
5399
312
959
4906
7930
1187
5591
1544
2280
1167
3946
5204
3060
6515
4653
4689
1799
633
6958
1682
5726
55
7340
3790
1631
6995
3879
1169
3439
5035
3461
2161
6747
5184
7287
246
4460
7706
5300
3357
2543
2678
3145
7683
5535
6741
7526
7412
1434
1332
1093
5628
1808
246
2866
1823
6507
1737
1667
2428
6774
3415
239
315
6244
3537
6006
6269
1617
915
5970
7941
2284
3583
4046
1379
6303
5826
7253
2787
2307
6538
4989
2701
782
3954
6779
2298
5258
629
6652
2435
4266
1588
5597
1810
1874
6583
742
2768
3783
7882
2582
1147
4949
4677
1534
6526
4599
6753
3612
6746
1372
5035
357
33
950
6788
5699
4511
4763
5993
3048
3470
4723
1349
540
91
4581
6377
932
6999
274
5315
7600
6137
13
1616
425
566
2470
3415
2274
6282
3607
1913
6979
4613
4575
1757
5872
4868
7968
664
6404
3668
5332
5813
5553
6260
417
7269
3124
4626
7120
2195
5651
6433
3027
5775
7921
3817
391
2152
6917
4864
2711
7285
4299
5551
7752
6323
2627
5884
360
6559
7456
1769
6625
425
3430
4923
5414
1165
1998
7895
7690
3732
7963
3664
7911
7528
2291
3744
1811
2699
4905
5113
6379
5289
148
6815
5178
3329
2697
7090
3290
3540
6281
7254
6460
2751
1260
6870
3003
772
6713
3039
4521
2972
6346
4274
6418
3240
7549
6227
2051
6614
865
5165
6217
7919
7579
6586
5348
7994
2559
1163
6341
1173
536
6486
2619
6733
5512
3761
2395
2360
5615
4660
4311
5493
1143
4934
5383
5246
3504
699
2262
261
6889
1490
1799
6899
912
5724
5212
6239
4245
6473
6213
6812
2860
1406
170
7924
1514
7710
3331
4455
5096
1738
6590
4383
740
5156
647
5929
2751
6386
1977
4274
6487
7307
4770
3964
5799
1677
45
1107
1108
2384
364
1573
3363
1739
4550
7797
192
7492
6585
1604
536
6434
7789
6142
5767
2085
7201
4957
2259
3581
6259
1001
5514
1475
5280
7065
4043
4118
6016
3373
3949
266
5696
2675
1378
4225
1364
1952
5651
5898
1294
5287
7915
3039
5169
6087
182
1290
485
4581
144
914
7540
2300
690
3959
7875
4852
426
2593
7788
1090
637
3577
938
3324
3962
5088
7604
5810
3078
7227
5885
2205
7618
1670
4301
5180
2763
5069
6601
5843
6166
2872
117
4506
2986
3601
958
4286
3926
2711
6119
2827
1252
4745
3593
1573
4290
2674
7711
2095
4147
895
1701
2935
4707
6485
5420
5692
1604
4363
530
6290
742
4297
1735
6618
4644
6145
401
3818
2661
5797
4122
6353
2904
4644
4458
4292
6376
1796
7551
4520
1714
68
3560
7360
6490
3641
2412
158
6288
3074
1941
2650
948
2760
7794
7398
7404
1346
2268
791
6260
5065
7523
75
5054
2589
683
4631
4905
3054
3091
4903
54
7888
6757
3870
1902
315
1548
1281
7072
6494
6164
662
5108
53
4703
2267
1388
4733
7611
7061
4247
3552
946
7580
2548
2772
168
403
6246
2008
5576
3432
1699
6794
4853
6159
7327
4717
7114
6764
3801
5442
4408
6488
6014
257
3242
5803
5826
6183
7309
7318
7433
4002
5064
2621
2734
6426
1314
1248
1507
1231
2439
3629
2605
4276
7098
559
23
6858
100
4833
2433
4714
2862
3476
5001
6329
7620
5648
2517
6166
6102
3601
1472
4094
7926
4645
3020
914
5142
3347
5119
606
7937
6481
6881
5211
4079
7967
6054
7687
5977
5111
5914
7977
2885
3252
4055
6361
6716
1923
2304
5409
7858
6118
4322
5130
2852
723
3441
7564
5593
4403
5375
1543
2160
1262
6401
2417
1339
6366
7769
3825
4045
7099
7176
1916
4644
6238
4552
6848
6877
1119
2024
1596
3480
1475
5778
4855
2490
5072
7666
4632
7514
5744
2745
5983
6499
6657
1887
2295
4802
2184
7108
7221
3057
1526
7685
6978
1910
4271
4445
2298
6983
6053
7971
1453
3767
573
2928
6430
4608
980
3467
7862
3162
3985
3635
3358
2521
3046
5514
2280
4295
1967
7290
4612
7916
120
6737
3925
6436
634
7487
7592
4883
1898
4910
2743
2324
2099
3762
6393
7053
1041
4933
5063
1257
5483
3938
7278
2838
5343
2840
4657
5335
7357
2865
7429
7039
3940
6033
4913
3638
3311
5104
5005
7540
5193
706
3381
320
3152
2617
2616
7869
3387
80
1076
2781
1856
2769
2388
1761
1949
383
5527
4673
6585
4221
3177
303
7236
5883
3517
4763
243
378
6257
4144
3227
3695
4689
4230
3508
7775
5107
5410
3520
1288
587
2673
7698
467
5291
6252
3932
5949
3941
7852
2771
2707
6709
2989
976
7255
2598
1430
4558
2196
3329
4897
3263
2262
5428
4609
7353
6201
7040
4942
1258
7991
7377
5615
4696
2924
3535
1289
473
3836
1832
67
2461
101
3347
630
6335
6513
3301
3129
3148
2632
602
4394
1576
3198
6831
4871
4858
1937
4340
3524
6529
7053
6068
4761
1052
2515
3793
7412
7140
5285
6272
5919
1598
1907
1996
3892
7572
3656
2114
7980
7223
4613
3005
4649
1586
3734
1915
207
5141
584
1653
2425
3388
2600
4665
7630
7325
5238
77
506
1849
7992
3707
5287
6091
1426
181
7424
1162
7193
2911
5327
545
1107
1780
7722
3889
5519
3420
5878
5037
2188
7040
6478
2369
2889
3138
34
1117
2696
5907
3632
5047
4176
3363
6313
7908
5485
5497
6892
4689
1268
2964
3001
1514
781
5461
1048
3465
2054
570
7392
4249
2944
2268
430
6224
7822
5409
2405
3526
997
3090
7656
1781
1820
6826
1416
7284
96
2608
1906
1724
2659
1222
3036
1585
67
327
3761
4404
3512
7370
105
3066
2284
514
7013
897
7034
2380
1657
7140
7419
4543
7539
827
3327
4953
3826
1901
1656
1444
2511
2186
7731
872
7023
7208
4421
5530
1594
4749
3077
5136
1838
1897
3825
754
651
973
7230
6747
3156
4123
5732
205
3875
7423
7786
7743
74
4461
1811
6678
7223
5645
3686
7679
3110
7249
189
7164
3027
3715
3183
6306
2009
3851
7885
125
798
840
7905
5605
1052
4109
1847
2755
270
3691
3821
4954
4853
2285
1945
5480
4950
1069
3869
1283
5290
7557
3958
6420
4477
7648
2101
6463
3892
1559
5132
3210
5268
1313
3301
3627
1750
7537
5930
1746
5396
1754
2529
4789
7640
6770
3079
1816
5346
3913
2418
1369
7735
6855
4193
726
5658
872
263
4930
5928
1965
4859
6708
4797
4514
2544
6271
303
4433
1006
5227
1113
4078
7860
3208
2939
2394
5364
5771
2538
46
3498
820
872
2887
839
1582
7004
611
2848
1369
2928
820
3360
6886
4985
6765
5863
2677
4020
456
6842
4301
3475
6835
6940
3203
6282
7124
7238
4283
4183
7616
4513
1444
1530
4972
6144
4728
885
2283
1586
4532
1710
2295
5617
5010
1661
2555
1997
7941
147
2076
2969
6243
1324
1919
4987
3390
1844
1018
220
7688
6114
5316
4380
7455
4580
2657
4506
77
4135
1470
4656
7121
3935
3327
2710
1000
2708
5590
5204
30
4856
1339
2403
6449
2673
4049
6692
6036
2914
2251
3140
1636
4745
49
1329
6811
7947
5527
3717
948
1639
4599
4808
951
1953
5046
4110
4916
260
5754
7113
2293
2979
7959
2845
4708
5550
4836
3179
6480
7434
1723
3850
5253
7448
3606
2828
6522
5905
4100
2289
7041
6309
4637
1805
5196
5172
7538
5295
4614
6855
4793
4846
6154
918
2157
7225
7369
1201
4106
7126
2358
5246
4884
4715
3614
1030
248
6948
715
3669
7909
5974
5684
7928
5551
7004
7575
6189
7907
4292
288
5139
2776
6015
4717
3987
3766
3299
5852
2191
1736
170
7758
4402
4926
1598
6703
4332
7921
1119
4114
7136
706
2655
6658
4398
4489
884
7913
4001
1591
6871
1938
5581
4672
6732
6250
7226
2505
1600
7567
1019
5309
3645
4615
763
4392
1993
5339
5348
6183
7440
2809
6945
4807
7280
329
7033
5099
6687
6836
2899
1366
4009
6185
3540
5176
5409
111
4961
5235
3953
4228
7004
3493
3224
62
4646
433
6552
4453
1095
301
4548
7524
7175
1552
6347
2396
4167
553
5355
3394
3395
2218
1010
206
7856
5219
5099
4562
1631
4574
4737
859
3053
5063
766
5491
1201
6779
1037
7640
3833
6337
2937
4638
6749
272
1426
1924
4376
4226
1397
6041
2374
4510
2311
5697
1434
7316
7097
4331
1852
5612
955
4348
4547
2674
4574
5467
5614
6011
7499
51
6915
7734
2020
1891
259
6236
3230
2473
2983
2586
1959
665
5336
79
3120
2092
2421
7728
1895
1494
5770
399
4079
4594
4273
599
6744
2413
3503
3652
2508
1535
6608
6099
2692
2930
1081
2585
165
5323
2022
1507
6920
3464
4484
5182
5973
3209
7391
4264
5791
5232
3238
2886
575
7478
3239
1671
4190
6192
6943
5147
6151
70
1164
2600
3441
4676
4936
3736
3168
4268
4737
2671
5697
2768
6562
1118
5983
7811
1883
4620
1540
4740
4155
649
2338
5128
7289
22
5586
2596
3199
3689
7709
4305
5230
6864
702
7585
1746
4954
1200
1976
4591
1542
3673
6829
1376
5469
2300
4706
6833
2803
1130
1834
403
981
2913
6505
3549
1874
7293
5143
6438
618
6252
5209
836
1079
7713
5974
3733
7160
6411
267
1980
1102
6701
7082
7750
3517
7080
1722
7843
335
5532
7007
1998
7272
3419
3048
7781
3809
2883
5784
6255
1585
2039
2262
343
1050
3646
5710
3465
5833
4306
6241
2112
5184
5749
7548
2288
6839
2140
4318
1679
5965
2194
2034
4315
110
4139
2798
385
1837
3369
6494
2212
348
3775
1979
4051
5076
3843
6181
6841
7567
1932
7368
5238
4229
1907
6528
5741
5877
2403
5142
4785
141
5332
3938
4771
6847
3982
7220
671
3387
4503
7878
3939
4159
1544
1808
781
6644
1020
361
234
1827
5883
2890
7034
6917
822
5673
7775
7359
1567
1682
6225
6098
3371
5354
290
7398
2194
3651
3209
3295
2505
4526
6673
1776
5667
2163
2418
2145
3280
4485
5244
523
358
3756
3883
7484
3198
6192
2568
4577
1615
5113
3614
1120
1155
770
2244
2149
3095
3553
5680
6642
4700
6367
995
2232
5746
2802
5578
3231
4054
4967
4016
7057
2404
6162
4613
6933
237
1799
1539
3906
857
3182
7169
2038
3336
1320
7303
2451
4085
2560
2647
7541
3347
5784
2311
6683
6560
5171
6961
6866
1171
6610
1020
3806
7082
5994
4333
5842
7559
7917
7231
4641
611
7417
3324
5372
2362
7440
2412
2582
3900
2373
7160
6399
1003
1663
5155
1359
2796
5651
1787
1969
5144
6011
1264
5800
7192
1173
1231
2937
5574
6515
7747
6301
3291
4564
5545
8
1736
3997
3193
3844
3051
1501
4551
6435
540
2736
5216
3728
7469
6091
7637
614
7179
6603
90
3879
2461
1825
2749
3929
7728
2524
7376
1273
6153
5209
1839
6785
3920
2395
2346
1019
6835
6421
1567
7476
1880
4921
260
2878
2435
2960
5011
1409
1840
185
3088
581
533
6237
3662
6460
7421
1217
6094
1039
7627
5626
5130
797
2340
6359
2796
6323
1362
2225
2286
4100
2136
6510
4904
3409
5084
263
3054
7742
5976
6242
2368
1650
1735
3648
7389
4100
3388
3732
106
3155
4565
3844
2537
4662
4482
3185
4106
7521
2441
5934
3459
1891
3658
5317
3542
5065
4406
4460
2803
1329
3233
7347
5649
4104
5197
4211
142
7255
5446
1982
1127
303
4758
6718
893
3762
5747
1344
4664
1298
6208
2506
5431
1713
7056
2839
7348
435
3791
1003
2434
2955
2638
1087
3704
1352
3412
7627
5416
2124
6081
2405
2848
412
2949
1780
3664
3643
6308
3172
2262
3228
3795
4735
3803
3926
2255
2546
2970
1121
1164
6357
3348
4116
4016
3129
3976
1236
2258
1093
7824
6809
3346
3866
3971
5695
4284
7579
7736
2160
7529
111
1642
4614
2770
5280
1020
223
6422
4231
609
3285
5783
2812
7006
1137
1144
3792
1405
4833
7897
5587
5796
4979
791
460
2820
1411
290
991
7937
3008
4287
1007
3565
2294
1721
3494
1794
6169
5727
1502
7502
116
4962
6828
1340
637
1470
544
6055
954
230
4228
2928
1792
1711
6650
1295
4318
3837
244
980
4381
3149
453
6969
122
7289
7661
5244
6348
6419
5642
4523
4004
2916
168
2358
6712
1000
533
4030
463
4707
4346
5933
5962
7058
4898
4873
96
3436
2928
57
6608
2256
211
6693
2910
7564
3577
7428
139
7627
2886
1238
3888
1817
1947
7301
3435
3539
7812
2273
7983
5342
3513
3843
6124
7217
444
5963
4949
4413
3432
3455
949
4915
347
601
7183
7590
7044
3334
5830
2220
4372
4868
2451
1259
6853
3650
1228
2318
4446
4488
3258
3224
5648
1855
2877
468
5873
4224
2301
5495
3036
4220
4665
4607
985
2949
1217
6650
5634
7096
6032
4958
5698
7933
7339
1880
5643
4187
4275
7927
3925
1946
2653
3444
5482
7075
5221
1090
6778
2254
4964
4486
6193
1428
5957
4953
881
3192
1909
6902
4198
7489
2042
5604
5596
6209
4264
1826
5259
1643
42
1766
436
711
4940
4484
6199
3287
4740
2172
6959
535
5414
3039
768
7391
5905
2383
1195
984
6661
4342
3115
4764
4842
5363
1091
2146
3249
5067
7028
1484
5095
1137
310
2273
6704
3399
877
4979
5073
6729
6065
4331
4034
5703
2056
6902
208
907
1880
1965
7927
7836
427
691
1518
5182
4390
412
4165
7324
6121
3339
3524
792
4786
4040
5832
3237
3517
6557
6120
2443
748
3068
3681
3538
3145
6853
4261
7002
5439
3075
7964
3571
1046
7447
5267
497
4252
7517
5882
851
2189
7357
6392
230
4723
4495
5175
6897
7503
6230
2781
3304
1096
4885
1748
3629
2776
5704
5933
7878
6416
1783
2454
586
746
7316
2899
6874
2870
658
386
6992
6129
7635
6586
7086
3271
2963
5741
1889
924
3976
3294
1240
2744
2821
7915
3200
3029
7755
5868
1321
3577
4864
7892
2541
656
2257
7672
5792
1369
483
2000
5106
6609
512
5595
6451
7981
7360
6304
4395
5280
4964
2104
5967
3656
2901
5124
3041
537
1627
7004
397
4096
1877
3531
1411
7966
3501
329
5061
1621
5566
3438
1081
7294
376
2937
6066
3446
3492
4459
7942
6970
953
3832
584
2349
782
4019
797
1773
6785
3713
4338
769
2362
4390
2373
2589
6945
5709
6311
7718
1957
318
5447
2443
172
3545
3243
7963
760
5733
6442
5427
4049
1479
6530
2068
2712
3402
4189
7109
6496
2135
5818
5672
185
1752
7085
839
6135
7884
7715
6628
3402
3430
7232
6843
4249
5540
7232
7345
4353
4833
3252
5169
3259
5900
4884
1750
5263
7078
3245
7710
32
1448
791
4808
5024
3356
1824
1006
5784
3969
6691
1398
6658
184
304
3097
2234
724
5981
3448
408
1938
5650
1996
7099
7382
4486
4048
2978
7778
1711
4297
7324
2006
1969
139
6003
5520
6902
2543
3430
6607
2144
7101
3209
6919
4847
2542
7803
3775
7699
4205
5427
5102
1707
496
4322
699
7409
6237
2594
1605
5148
6963
6954
1276
3579
414
1584
3181
7672
2033
4984
359
7831
5718
2860
2450
4352
3630
7310
2231
3627
4764
5494
4896
2650
6951
2632
434
6701
4309
4891
5996
2606
275
364
2942
1273
1176
5562
1173
5676
1474
2922
2622
7678
6639
7057
3236
7707
3465
6535
6330
238
1021
4571
2377
2130
4059
41
5612
5579
806
6634
6694
7084
2336
4375
504
1320
4157
6117
7652
1848
5891
4692
909
1638
134
5602
4575
5889
5963
1906
2430
5285
7520
1454
740
2179
1356
6343
5667
4275
6
4627
5751
327
99
807
7790
7187
3604
6553
2957
7222
3075
4836
4817
1539
6804
833
5799
5752
3161
1876
3453
6089
4059
2615
510
829
5234
4120
270
2560
7803
7636
3366
2236
5920
6725
5313
2562
3202
4186
6336
6935
449
182
2975
4594
5676
5246
7839
7386
3416
525
7764
2470
2286
5954
6391
1610
939
6025
5867
1278
4929
3393
7040
7559
7593
4056
2281
720
6323
6942
4180
2778
352
1637
6236
3749
3698
3807
3051
3016
4549
4052
3062
3326
5514
5383
96
1160
1248
3649
4125
7808
6026
2402
876
1235
961
7654
