2170
5561
5198
3013
2657
1794
1729
6982
421
7835
7936
3800
5138
4147
208
6681
4060
3930
2455
3993
7740
3778
6242
583
5518
7912
1495
1852
5442
504
4295
3369
2290
297
2384
890
7081
7059
3090
4504
4272
6379
7442
1936
2253
4129
1784
3564
3557
2703
1393
3151
2557
7648
5162
501
7571
2316
4316
7806
2740
3880
604
1227
3903
7031
754
1900
4177
4536
7734
3933
6641
2962
3507
6030
1759
4986
3638
648
1091
5149
2074
7507
6142
3832
3167
3733
965
7546
4458
3242
830
6931
454
3307
4292
4626
1130
6151
3931
2201
1905
3991
7505
3332
3569
5134
660
4501
1942
535
1342
912
7382
489
7695
3358
4656
536
2079
1631
1126
7924
3652
7277
5817
7528
1510
6016
141
3650
6082
1613
6020
1543
3545
2063
7932
1194
5831
2717
3215
7623
3885
2909
6254
1113
2105
2328
3320
6897
4850
7720
2178
6679
1137
2402
3699
185
5972
3908
7141
7719
3024
6859
5016
1435
1983
280
7350
589
3265
1837
3920
5505
59
1740
5924
3796
7517
7236
1639
724
5208
4028
7631
7054
5547
864
1755
4125
3614
5297
115
6708
4439
6526
3376
6276
1161
5278
766
5660
3301
2737
7812
4491
4315
1439
3678
1806
6343
6867
6726
2754
1787
4999
670
5988
7669
2478
7564
6126
7359
7070
3245
6856
2686
7812
1496
1987
6155
5699
7876
1153
7324
5465
1071
2371
198
4743
2507
455
4370
4587
6467
5366
732
1598
2272
1002
4057
7238
4586
5786
3323
1559
4887
2121
5407
2806
6530
5155
869
1071
4432
1603
5617
4018
6932
272
4701
2147
4457
6103
3202
4026
596
2405
3921
1025
7394
1398
6593
4905
4458
2704
4413
4787
1653
3698
6118
1644
5489
1450
6636
5957
373
959
6049
6214
5339
171
2470
926
960
2471
546
6725
2431
1269
443
2896
3371
787
2644
5673
4665
4043
6751
3472
3026
1297
6627
5134
6809
2921
7905
993
5697
3401
4095
504
6436
7429
5674
6583
191
1436
6450
4293
555
7086
5768
5058
6317
6259
7907
3949
2722
2891
4971
1733
683
3336
3185
7948
3420
5843
5794
4839
1417
4500
1249
5570
5715
6284
840
2408
7225
4498
4488
1515
1314
6515
3534
2356
7399
6131
4371
6468
1245
6715
5396
255
6691
1575
163
4594
2875
5970
35
328
4760
417
7626
4877
7354
4887
4842
1268
5877
4795
4164
7187
4115
398
3313
4642
7172
7512
1460
3624
7867
4554
4448
7042
6134
5478
6132
2743
743
3698
5382
4830
1158
5254
1986
7908
3173
2728
6433
220
4109
2432
6040
1773
4010
6343
4527
123
6143
2919
5328
1866
1957
3765
6638
5679
1636
2885
83
5420
2390
4013
114
6124
3295
3430
5470
7279
2952
4740
3983
6263
139
3770
1902
7120
5707
6208
5913
4593
7691
1676
4995
1560
532
4088
5309
2898
5706
5852
4387
7991
730
2253
3141
2081
102
1354
2781
7656
1286
487
3535
5050
1098
5141
4122
248
2907
4038
1681
2278
1354
6219
743
7508
411
5554
1238
5602
75
1400
6050
1384
6718
6132
5404
6652
4258
7569
182
1809
6871
6437
6709
4126
6986
6497
1839
3918
1775
5099
3112
441
4389
305
1367
6501
3319
3396
3103
3533
2915
4066
5724
5671
7501
19
3550
1988
6427
4802
5952
1533
674
6510
1654
1542
3733
5305
4893
7767
6736
3865
6252
5553
7184
893
5854
2226
1480
3214
7269
5117
3408
7533
6842
1560
1507
913
2611
4590
3182
1897
7647
6113
7555
3454
1629
1663
7782
4533
3785
1438
3185
2257
1466
2298
3284
480
1996
1392
552
5760
5689
3651
636
6644
2784
953
5795
3815
7608
3271
7221
123
7245
3141
4232
7970
1110
5073
2038
2353
7119
3728
6208
6892
1336
1619
2889
4210
4360
1467
5386
4614
6719
7728
3366
3259
5515
1726
6091
3881
6643
2633
1610
6446
3501
7280
3309
5253
3623
6581
6302
506
5889
2724
2665
5729
2709
3296
7771
1289
272
4060
2457
4252
2447
4601
1518
5173
396
1202
6955
6182
5199
2618
1336
24
5209
5974
7836
3997
5568
4233
7503
718
1192
2020
904
4860
1258
1222
6002
4772
1429
5880
6530
3060
7808
3559
699
5914
1651
2702
7775
6370
156
1661
6197
7457
4779
1981
4837
5412
4511
4733
7600
753
2601
2921
2309
2523
1038
3000
7040
7011
392
7876
6661
6799
764
3958
6793
5509
7152
1007
3752
3813
6738
1770
3496
7705
5432
1709
3861
2964
6180
4888
344
2186
6591
2162
7180
1800
4615
7682
2149
3566
4711
5307
4295
1710
2799
1255
257
5598
6666
2891
4796
6166
1424
5398
1641
2043
2575
5068
4314
5521
2796
7591
791
5360
7916
1518
5940
4639
17
4988
5458
1104
3957
7155
60
900
3543
6233
2889
4194
242
674
3098
1488
5724
6040
4291
1939
3287
178
7013
4200
6808
4981
2057
6870
4107
7010
7770
1690
4235
1783
7026
5431
4738
4483
2641
7743
4973
6121
1354
5357
4504
6368
2687
6880
3141
7067
6919
6502
1728
5853
6274
3193
6224
3432
4145
5615
7720
60
4643
5220
875
88
4323
7804
2992
6663
7413
1911
3199
5532
1670
2889
6868
3525
3434
7298
903
6282
6254
940
5707
1949
2698
4685
5459
491
7949
1376
3472
2501
3488
7646
7729
661
2056
6043
649
73
1961
5804
3090
1427
3470
1034
7711
6291
1321
452
4831
460
1776
2943
2254
7119
13
7173
98
124
6929
6582
1250
6319
1917
1582
7779
4935
7783
4030
5068
2156
5188
3768
2439
7404
4965
7097
463
4181
7901
2538
70
6165
3638
7121
6767
2173
6702
5267
201
4672
4381
4139
358
7981
101
7771
1721
6803
3613
7410
4726
7720
2304
1183
4523
3922
1553
1696
2028
7390
1646
2232
6352
1252
6194
1030
4263
7542
7547
4730
6378
144
1180
6311
3223
7725
2851
4914
5737
5290
551
306
4367
2236
844
6610
4205
997
6793
6807
6827
1004
6046
7540
4404
4129
750
3580
5098
1372
3033
2181
3273
3124
2363
5453
5939
5704
5304
4049
6973
4320
3930
676
4214
4087
1792
7926
6398
6386
7297
3345
7164
7509
1742
7120
2079
1467
3776
6388
55
7315
1698
2892
5705
910
7304
6134
2631
1375
5821
1072
6797
4901
7532
2074
5628
702
7740
5545
4215
2183
1728
4019
3500
7133
7092
3211
1029
5372
1176
2778
7676
7378
2260
7723
4827
6123
7368
745
4879
3825
3962
7978
5398
4047
4669
5009
7326
6585
1057
7038
2148
6828
7671
3566
2698
746
3963
6343
175
1825
786
6631
6382
398
6758
6344
5943
6451
6697
2857
1433
6800
7795
4616
459
1110
2946
777
4752
7749
6631
7631
357
1623
7879
3562
1149
4626
2997
4381
2804
921
2886
5653
6098
3484
1179
2082
2320
6618
1967
6731
1827
3835
484
3769
622
5120
2675
3916
7348
7165
7503
2156
2130
5354
6089
5962
3434
4516
2027
6463
5707
5343
5180
926
1251
339
4144
764
4961
3056
6070
4548
7409
6280
5533
7705
4203
1620
2865
1432
904
5411
349
6403
3333
869
979
1697
7141
4144
4744
2667
5693
1435
6898
2439
5141
4810
2839
5469
7607
1476
434
2104
6375
2140
663
1259
6651
4911
2161
3856
1953
7935
6677
3938
1733
3474
2658
2198
4237
3512
969
4686
2142
3353
6092
4395
4792
7178
521
5399
1767
3166
6975
7983
1955
7312
3618
5938
751
4152
2474
7020
6419
2251
943
2906
2772
7009
4071
1438
1919
3595
4951
7589
3708
3235
3624
6987
4764
2576
7009
5816
5025
7352
1512
1047
2006
5540
3560
7147
231
149
7195
6886
3280
7077
5486
5769
6546
6111
152
5824
5560
2266
1263
2715
6055
3711
7317
3418
6798
7517
1864
2747
3155
2033
6691
3404
5718
3989
918
7813
5159
1850
3067
1890
2470
5620
4576
3494
2260
7787
4668
6818
3489
2781
6056
4917
7793
2589
5704
5172
4054
7005
2730
4213
5350
2016
4899
7258
7520
7239
7089
3244
7261
7178
1061
1681
6739
2245
6774
1984
2219
446
1582
1220
807
4572
5564
4238
7434
1174
7443
1062
3530
7888
1504
2614
6895
4817
6322
2208
7214
1106
725
6654
7549
4354
3179
166
2837
3365
5904
2042
317
6641
1277
5531
1676
1918
1201
4364
6761
4275
7769
5090
1258
125
1783
2265
3877
7062
3096
4219
6433
7731
4254
313
6232
3433
2036
7098
628
6629
7440
3779
3905
1927
3980
5665
5092
6852
4607
7718
1297
5446
7920
6995
1008
4126
7316
1159
734
1860
2898
184
7883
6300
4655
4068
5008
3509
6264
1521
6416
5262
5170
3149
1325
6469
7200
5787
6522
998
4909
4412
1791
1277
4921
4870
1733
4378
2804
4570
7702
2350
1346
2542
201
7051
5216
5451
690
5555
6258
4302
5133
7435
1216
7335
4834
835
4195
6069
5074
7172
6726
6771
7308
4461
7223
7080
2764
4948
6532
3287
3192
6348
4586
1111
6491
6940
3995
4361
2093
6948
4907
6382
7613
5319
6915
4345
196
6458
809
6418
1824
1540
4861
244
4588
7401
905
2157
6465
3665
3624
2531
4462
3466
5024
2928
7694
3100
3069
5522
6044
5578
7064
2904
6879
2515
717
2272
1910
7232
7372
1952
444
2691
6182
1927
3367
7033
3079
6568
3254
4561
1717
4864
4523
4177
393
2363
4303
302
4658
2245
403
458
7901
5581
1412
361
4526
3704
4074
2021
1227
200
377
6822
3026
2671
1105
372
7654
2772
4830
5473
7958
6747
5554
12
2019
693
7577
1753
5218
3008
51
5599
2682
3910
621
2782
5960
440
2779
3036
1079
3083
6252
5727
1423
2968
5238
899
4163
2081
5515
984
7390
7025
3039
267
4142
1420
5502
3422
21
3365
971
7570
3023
7184
4680
1630
5849
2425
5732
812
575
3346
5935
1012
3725
4617
7871
2589
4818
4806
4294
4933
5753
3964
6993
7963
3503
2154
2823
813
2889
1484
1715
105
1157
7927
1639
1774
7997
7864
1486
1588
3613
3561
2978
1236
815
1095
3601
1883
4104
3428
3467
2599
1842
6810
7089
6492
452
873
3694
7818
7848
4917
5734
96
2766
5450
7914
7772
4122
7199
1653
5052
1213
6199
4551
5625
7990
6426
7840
4056
4345
2433
1245
4471
285
7745
572
1690
1074
1270
1014
5715
1410
1311
5034
599
7201
5102
5740
5906
2925
1744
5714
7516
6542
6373
4302
5754
741
5694
2363
1313
1035
2804
934
5086
7412
3927
1003
2051
2274
3367
6667
31
1085
3333
2646
3574
2057
7039
2198
10
2155
409
2077
1442
3477
6915
6623
4662
4230
3209
2981
1778
381
7693
4823
3528
5582
724
4924
7361
7713
7999
7959
2686
5383
930
7393
2468
6812
3835
5207
2264
6215
7924
7652
4412
4311
7756
2889
1071
4634
7843
6661
929
4075
4267
2154
6396
3396
5993
2192
6360
3004
7896
6810
5161
4500
7290
486
2363
2482
3237
775
2505
2066
4642
343
928
198
1181
7171
2025
4334
481
3344
4589
1146
3417
4539
5500
2136
3318
568
6878
1401
1937
5836
1978
6495
1970
6551
6528
6435
3685
7913
864
4897
6778
2415
5015
6762
6398
3550
969
5402
6027
525
7748
4883
6542
4284
6546
3835
5568
2817
6471
2546
5226
2951
6291
1504
5148
453
798
4203
5433
3970
7420
4751
3562
2204
5202
2590
4275
1185
863
180
7373
5563
5921
2147
5022
4522
2993
2706
4107
5362
995
3591
2295
7829
1774
1903
7478
4410
2426
240
5778
255
5276
3173
3670
7301
2478
383
3591
6518
5220
7858
6314
4753
3148
621
7227
236
6401
2017
5290
6761
7012
850
3675
967
1204
7872
7409
7471
7289
6517
5237
1442
4529
2285
5346
4282
7277
346
7299
4408
2077
4121
498
1443
3778
3552
7631
6065
6003
1497
7779
3739
2923
7094
3885
1294
5308
1112
2103
3693
4909
5464
2551
7840
4925
2349
1380
2799
7017
2150
1200
1856
5997
7126
4272
242
835
5588
428
2147
3221
417
1265
444
1025
6047
4667
660
5790
3831
2062
7649
137
4224
4353
6538
3455
1680
5027
867
437
3273
7179
2968
6393
7807
2978
6016
5579
7346
4136
2557
2836
159
2170
236
239
3972
3019
7724
4419
1233
797
447
669
3054
1127
5207
4843
215
5949
4127
4096
2565
2555
5381
6942
2598
417
2994
681
1825
2802
3514
1492
3671
7805
5645
7737
7861
3153
7638
3724
3090
7402
4182
4117
6490
5941
6971
742
949
3171
5277
23
2885
646
3378
2569
4890
7504
1412
1786
4546
4524
4107
5888
135
3125
5714
7939
7482
7021
2191
2166
6640
4611
1720
3560
4636
1794
5132
391
5294
5817
258
6377
2502
1970
2123
1550
6365
6267
2869
5137
1768
3076
2127
5199
7152
2560
3964
785
2078
6083
1403
7311
6398
5059
5559
3475
1754
4484
3937
852
157
7418
6206
4356
7884
221
1311
3681
6725
3041
4888
2879
6864
3869
5262
1695
6289
7149
7843
1854
650
6918
1432
2549
4864
543
4191
1437
7040
458
7493
66
737
4850
4492
6741
3716
2248
5826
7920
1640
7537
4972
2085
1571
4826
4694
2344
3750
143
398
7898
4214
5476
7857
2479
6837
2517
983
3939
7080
7857
6651
1346
3361
3025
61
2856
3861
4213
7488
6159
7540
7699
353
2194
4447
2494
3153
5804
149
3098
2649
2513
6212
1187
2579
5700
7154
317
4285
1856
1007
5663
6959
4780
911
6099
5866
7288
7870
856
6062
5467
6185
3211
3718
4073
286
4609
6475
2724
2249
5309
5907
1986
1210
7900
1155
1481
5302
1073
7724
7306
589
4563
1848
1413
5889
948
6890
440
2440
6621
5932
1679
723
7258
3579
2962
4337
1308
4934
7078
1589
1399
3844
4026
7914
794
5808
3641
3533
4385
6053
5191
3132
4244
4630
7761
3958
6499
4781
1236
7340
4069
4933
7
575
1631
2499
7593
2280
5021
6736
7402
1163
2754
613
4865
5934
2077
5464
316
7808
1624
3359
316
4570
383
6108
2065
4072
3142
3916
1572
3227
3323
7503
4406
3736
2789
2140
569
5394
2701
6051
5172
4542
1668
5873
265
3471
4329
6358
3278
6826
5941
4757
684
240
1691
2882
4839
6225
5968
4128
7924
4308
4558
705
5350
7861
1303
3831
5620
7985
5502
7768
7745
1144
3528
4657
4006
956
6431
7141
2035
1810
734
1548
6739
5369
4082
6844
6665
1629
6387
1403
6195
7545
1027
2982
5603
1578
2494
6644
6805
3406
4681
7510
718
461
4969
1700
5896
7379
5599
5762
1917
382
7013
3801
222
4470
1314
294
4609
2656
2806
2800
5665
3085
3572
72
5956
5341
2699
5772
7545
6625
1561
3474
4845
7677
4655
3962
3827
491
4932
4897
339
1830
3792
897
602
4961
745
2300
1610
3413
82
4722
6818
1069
753
1545
5525
644
7889
4966
6
6173
1664
7008
5302
5132
1036
68
1765
3040
1061
6995
2103
457
3610
6207
5629
916
1511
1147
7405
6574
6484
809
5713
735
1405
7395
2664
6435
5511
1109
1563
6926
7199
3926
5334
6741
378
1897
4526
6997
7047
7673
3214
7789
5615
6737
817
454
2867
4821
1697
1096
6375
375
5637
1174
5963
2120
1910
4320
6522
2045
6213
6344
3269
555
1422
284
895
5710
6417
669
6039
7171
1294
5655
825
2088
3161
6862
3040
5983
1088
2705
2153
1796
404
3429
6164
463
6837
7390
1782
6934
2644
2611
2483
4764
389
3780
4258
5299
5054
2220
2836
1791
5955
6726
7048
6710
1855
6476
6854
286
3987
3314
1876
4226
5295
4301
194
6691
5805
2529
1927
306
3669
1074
5601
3184
5824
2543
6936
552
2511
1007
592
5518
5902
5684
1326
1289
1960
781
3598
3180
2466
7118
7465
7493
6737
7666
3159
679
6965
3529
1603
3574
4987
2356
412
7528
727
6272
3607
4895
4927
4611
501
3149
7321
3756
2493
7233
3993
4965
5296
5149
5490
7369
6349
2133
6122
2840
7592
5900
2687
665
366
2403
981
2658
7717
4983
3693
2504
3801
3271
6270
1838
7773
6833
390
5146
2404
1065
169
7705
174
2976
7363
3246
1558
7966
5954
7127
4790
1756
250
4754
7251
7824
6227
4038
4003
7285
1538
5318
6652
445
2325
1105
6824
7542
3886
6775
5988
6595
5734
5755
1273
4468
2844
4362
5233
2416
3191
5231
7157
5599
1168
6172
6696
6666
981
4823
3878
3240
2973
1876
5765
3192
2982
3084
6575
7133
5046
6194
3165
4881
6029
4128
5577
7814
5776
5113
7996
6140
1760
1242
1939
9
5833
894
3861
1701
2392
5534
6930
6714
2773
4747
855
7612
6404
1830
3146
3093
2565
5799
7150
674
5085
2782
5904
7598
5438
1881
266
2665
7528
6769
7264
1017
1631
4591
1589
3307
2014
6978
6227
2150
223
214
7103
1481
4747
1194
347
7484
1469
5375
6052
3692
413
6150
5587
2995
1976
1517
2581
7948
1664
6646
5743
2284
834
3567
6621
7454
6643
459
764
569
3591
1484
1037
7613
7121
4287
3770
1682
5693
4387
3957
1078
5939
888
1781
5443
7430
3977
7488
4921
5813
7047
4940
3807
4530
1362
1924
1709
3176
178
3250
5107
2726
6969
5983
3511
5261
5702
1495
4083
3647
1848
1951
5987
5381
2341
4613
6486
4987
2730
6176
1772
4877
4225
1682
2800
6090
2292
5953
3202
4510
7061
2928
907
7465
6386
2981
2596
1035
4794
5131
1480
4311
6654
2782
5653
6257
4486
2351
4548
7867
5854
4047
399
2733
5297
1413
3682
5028
3220
1986
294
3057
5028
1504
4164
4935
1520
867
1647
7586
7470
6881
7019
5208
7674
398
5841
1393
3979
5591
5141
6557
2225
1645
6914
3160
1593
143
2241
6425
1406
360
949
3079
7936
5703
1745
2213
4669
3426
574
1346
367
4097
4352
6178
2329
5921
6264
5509
6078
1380
6734
5665
807
7134
643
2064
3664
571
1044
2654
1915
7654
4928
1298
5309
6525
648
4368
6429
2681
252
6016
4480
5821
3930
7328
2792
2362
4125
1041
6054
2609
3785
4821
7044
1225
3013
360
815
3081
3168
504
7843
2479
2394
202
1129
4026
620
3704
7353
6871
3434
1038
7176
1555
5643
1560
6013
4780
68
1014
4971
3814
3465
7641
6747
24
6734
867
5873
6984
5292
4278
7522
133
6366
4235
203
7352
7761
3182
2200
638
4393
6852
7483
4151
6010
7420
2173
7667
4029
3638
556
4419
6007
5945
3463
2245
6677
2157
3604
445
3104
4565
4261
2664
7245
2179
7703
7324
6184
196
5629
2445
5034
503
3136
3628
559
7759
1662
1740
7543
2969
1464
7834
1904
2471
5881
4836
4363
7073
3929
3453
801
277
3466
19
6827
6335
3816
4110
3155
2407
7629
5937
1588
5407
4032
7322
1264
736
3206
2384
7083
4098
4279
6876
7270
6983
1633
6176
4653
3039
7042
7891
6700
3031
7379
614
2042
4556
2159
802
5744
6220
304
7139
6191
798
5996
1620
4390
4955
3375
1677
3938
3938
3978
991
1420
1574
4085
3025
5659
7645
6194
7148
5659
7449
6615
3438
5362
4903
415
750
4614
2197
414
4961
4759
5758
5804
3186
3960
7293
1346
5989
600
5147
348
25
3552
3282
1962
300
5902
217
2458
4809
3272
6195
5166
6844
6470
2318
2141
1760
2148
6022
7822
6001
5467
5917
4952
4646
6377
2910
6026
7197
4026
7111
923
3055
1588
6262
4768
5190
256
468
4548
7275
4546
4288
6135
3497
1532
103
4712
4446
2858
6911
5891
7169
6683
473
4536
7640
6831
7184
7170
274
4689
7242
4835
1718
5555
1599
7950
6331
3581
478
7955
147
3813
6149
180
6761
636
1534
422
4141
5669
5734
6236
471
1221
4414
4096
3285
2541
6366
5958
4518
2967
4026
2794
6098
5137
5677
7411
7888
6240
1828
2974
3146
2951
7139
2331
3686
5888
4815
5592
3724
7870
1916
7001
6283
1494
3006
2701
5907
4180
3355
994
1455
5028
7670
5438
6627
1823
4060
7072
7162
6970
4172
773
6774
3888
4560
1696
2119
5927
3355
1937
263
1633
1485
2701
6628
1345
5686
3755
3055
1469
6628
7346
4130
911
3912
5545
3048
6037
6330
642
1351
577
7295
2726
5886
2122
4467
7208
1968
3370
5941
5904
2193
6144
1564
16
1635
1000
4570
4227
1018
1464
4374
2162
4018
431
6850
5361
4762
2647
2641
5436
870
3744
1549
7038
1844
3209
2380
5326
5570
2927
7661
7922
3264
7602
4032
1591
4661
1551
1639
2356
2503
7522
6448
7805
4812
4103
6647
6530
206
2650
7309
4519
6192
1284
4745
836
4338
6946
7065
2200
3062
823
4053
6218
3959
1627
5991
525
5987
4947
7619
6223
4906
1140
1588
3795
1116
7873
4468
7077
5235
5928
6794
4644
1241
1486
247
7499
1998
944
1524
5714
6224
7958
1644
4264
5339
2636
2534
3070
6761
2616
7590
5691
7407
3753
6811
1288
2421
4588
6541
4995
4846
4953
713
5659
508
1426
5701
6856
3985
7596
6626
251
4208
2209
833
4893
3848
2310
3726
4992
2270
5009
2092
7777
1993
199
4417
103
4567
1146
950
5
6393
7628
116
165
1320
1860
6634
2345
2775
6211
6059
1771
6337
2805
841
6737
3621
946
459
1164
6164
6792
877
3343
4036
1235
7669
7073
745
4771
5453
6187
7593
490
6402
7982
4376
1302
4464
5164
1731
2634
3894
4900
5093
6937
7552
7513
7771
50
7243
947
7903
7892
452
3708
5705
6497
1033
5558
6202
3142
5027
1725
724
6717
3866
5030
7024
2275
232
4173
2853
3050
2550
7271
6711
6024
5899
3209
7275
6393
2672
317
5266
357
3937
4221
7642
7361
6354
28
5005
7136
622
4357
3031
6661
5096
139
1065
3625
2859
2761
7011
4985
1926
7898
5338
805
1512
2628
7057
4034
2481
4374
7569
4148
1499
4430
5354
3970
1346
3140
657
7539
5218
6316
7
6116
2352
1654
4208
6053
6887
3396
3670
2244
3819
7262
7373
587
5498
964
4421
2190
6497
4959
5259
2440
5401
3280
7628
3834
5505
3756
6458
2564
7477
5535
5164
5510
129
2977
3462
1605
6388
1536
266
3103
6879
3766
7592
4081
7573
2978
2978
191
7539
5487
1393
946
4173
6084
7460
5709
5301
3652
4433
3105
7929
264
4048
588
2954
6488
2297
6852
1020
123
1862
7826
803
5328
7402
7011
5198
7299
2586
4007
7427
3881
110
4298
3453
356
4041
7768
3700
2863
1008
7812
6830
3946
7551
3900
4880
4758
4050
2502
4116
5363
3266
7199
1527
6394
1260
4695
5373
6871
5578
3700
3692
4284
5018
605
376
625
5545
3894
1058
6787
7312
4490
6855
2675
7959
6977
4098
2425
7230
1999
5056
5046
2651
427
22
6394
4329
4404
6560
1212
4483
3454
5909
1008
6785
857
3249
575
2106
1384
6123
682
5901
6859
1208
1291
4569
4424
5631
6267
6671
6029
1430
4946
2996
2083
5973
6841
1742
5410
7214
2080
372
6284
6413
3878
666
977
1168
5746
2998
4533
7827
6594
7729
2193
4258
7470
7703
5850
4189
6658
2844
3527
1959
1710
3463
5577
1862
2897
2722
3555
3102
7963
2934
1634
4019
6289
7867
5628
4112
2814
5388
222
5147
82
3631
2810
6533
166
7034
3533
427
480
4252
5831
5291
356
3084
5518
3192
322
4965
1625
4298
2797
7456
5837
5059
4299
2719
1364
1803
2470
1401
2104
6841
1587
1511
2961
5618
7122
3597
3150
5252
919
362
1830
3042
5427
3363
569
5184
3700
5825
1401
7712
5184
5547
7799
2369
7084
4279
1953
4943
556
5370
4387
1460
2171
371
4
7852
1323
2658
5795
2138
2323
2700
4922
3052
687
6694
677
6488
83
5661
3805
4561
3995
7097
1452
5786
7627
1781
3169
4032
3626
3371
4802
6253
2429
3595
7449
2338
4122
4661
7646
181
5099
7193
7363
4156
3367
6050
2100
3307
142
1772
6501
5438
3422
3610
5377
3498
459
6420
7894
4140
3053
2099
1215
316
4646
3823
2130
5723
5922
6026
4591
1175
1616
5602
6755
278
3321
4454
4930
111
4117
4478
4142
1169
1024
5844
4261
3988
3698
4886
4936
3521
4792
2723
3779
496
1431
5392
7416
157
5101
1904
2226
2250
1316
1505
1834
7585
3297
4245
4307
5381
6074
5026
4742
1280
2465
6662
5392
1263
4597
1254
7330
2955
7702
5887
2565
7045
2372
1422
7593
6210
6356
7277
3607
3308
1348
1109
6659
7947
3197
859
3163
6165
5277
150
4187
3418
6428
2674
2945
620
6790
5469
2074
6503
3282
6377
2532
5757
3646
873
139
6473
1569
3976
5710
3309
676
3775
1600
5892
897
2347
4375
7067
3753
7038
2269
2649
2431
528
2052
1809
2074
2517
3320
3474
2858
4214
4119
3812
459
2769
7124
6630
867
4805
3187
5502
6591
6408
5360
2881
2161
5287
1901
510
6061
803
4729
6724
6801
3409
884
1487
1383
752
2933
4960
3912
2144
479
4771
4686
4351
5649
3629
4615
2700
7950
4626
7157
5611
2322
2238
3432
3713
7016
7691
2286
6871
3386
5773
5064
6927
1982
2701
1669
4016
4926
3428
98
1221
679
4831
5021
6230
2413
124
7610
1606
2600
7203
7866
158
7904
72
4252
1107
2047
1854
4017
1620
480
6118
4976
3495
4545
2455
6887
170
4947
7440
4333
4435
6302
4280
933
7180
7209
5167
3138
3059
3610
5833
1424
1933
5713
4993
4082
6558
2246
3047
5626
1557
1896
2318
2118
3699
978
5371
5058
6548
895
6067
1523
4161
3694
3907
2001
6635
6812
1261
2354
188
4802
682
6321
7296
2860
5529
358
5306
7315
5666
7575
1122
363
789
6821
5037
3879
5165
1067
740
2706
4701
3706
3090
7568
5928
2021
4528
6669
3782
6499
1193
7817
2740
7784
5475
5927
3347
2732
2781
5353
364
6715
4095
3078
7952
5773
7580
7321
266
7084
1028
6789
2808
253
403
2056
217
2709
7019
419
2955
1128
6713
1707
5196
1398
4439
5612
7865
4591
1738
6140
6051
6076
4923
589
6675
1451
287
7900
4820
5094
697
2945
2337
4880
7161
7052
3653
3000
5887
377
868
6928
4974
3391
6266
4234
7328
5327
3412
5445
6555
7910
3230
187
657
5991
7694
165
4520
4418
4530
2186
3987
6933
3236
7033
2609
1422
1564
1922
3906
3820
3912
6415
6377
6923
3129
532
2171
2627
4304
2083
3262
7007
3311
1567
6877
5713
3982
3565
4460
2350
4953
5347
2733
5769
1227
1959
1522
319
6360
2881
1715
1817
7166
5753
5826
50
7303
3180
5579
6227
6828
4760
2879
2000
7552
2703
7215
2984
3588
3444
2532
2631
5256
4162
1310
6115
234
403
2148
3450
4396
3157
2163
574
5865
2037
4367
5648
5336
1085
7019
1999
7311
6174
4861
1360
213
1341
7027
2135
4125
3568
1140
2796
3194
5238
1987
7217
5806
5741
2918
73
5401
618
6227
4475
837
7146
7754
2384
3554
5579
5473
4398
1354
5730
5689
4732
6148
5958
7349
2703
183
5774
4239
6444
4779
4079
7768
2409
941
2078
3213
6100
658
6530
2929
5956
2354
5143
7825
1649
7909
7746
3323
890
6695
3360
6860
7615
6408
6919
3009
2619
4248
4772
5236
6688
4101
7371
3619
1779
4911
4189
2094
5306
379
153
3329
7999
9
3038
4690
3668
2227
1596
4805
3196
6721
4466
5331
1638
6174
497
2405
3412
6250
2989
3772
4920
1382
6731
2297
1731
2296
3469
5983
7839
7080
5301
5726
5035
529
4323
739
7705
1746
2883
1264
428
6804
1646
4957
3167
3389
2455
6169
4961
5795
7420
8000
7584
1540
4593
2809
265
3904
445
4343
5417
1209
4738
2965
7935
5440
4775
1535
533
1732
1351
1658
4338
6940
7300
3676
5623
4006
4731
5382
1348
5468
1349
6653
3327
1372
2270
3727
6798
2730
1431
4761
3548
1947
2738
5836
6077
4182
7070
272
4408
6302
1279
3203
1487
2373
191
1866
1129
5485
7803
1394
5027
4076
6795
2961
7888
7090
1602
3794
1269
6713
7311
7648
2166
454
7156
7894
4075
6313
6900
830
1169
466
5295
6158
3926
2327
7710
7348
7720
4780
3246
503
6964
2429
2028
3171
2249
5055
450
6853
4286
6176
5493
2781
5452
3886
7353
2073
2207
6752
3339
1961
7043
6033
5073
7830
7512
1720
6852
5160
7762
4192
2683
3004
7650
3130
6903
2808
6462
3570
2320
3505
5273
1808
5619
2860
2505
2254
7896
4670
5839
7676
779
6131
7952
3152
6050
1846
7301
5257
281
2596
363
4675
2458
7879
5048
7581
5366
5362
6894
6285
6545
2670
5511
731
1656
2983
5166
2952
1726
3949
2464
3175
5954
151
7717
7165
6388
4552
6301
4074
4924
7496
2120
1733
3670
7925
5294
4398
3169
4775
1982
3186
133
554
5549
4897
4718
7552
1169
7120
1034
1841
5482
174
2506
7873
4886
3342
1493
3394
7515
458
1655
1004
6475
1675
1785
3450
779
5109
4092
5304
747
7873
4268
1743
5089
669
2097
1408
7852
3365
7160
6490
6969
131
5339
1657
7161
4010
7152
2087
3579
983
3217
258
6284
7535
3
1299
4654
1932
3190
2485
6446
5220
1720
6107
2393
7184
6252
3668
3470
424
172
7524
7260
459
5047
6770
6104
1695
6688
2178
6532
2408
1451
3713
6321
6722
5159
474
3407
2315
1611
7604
2221
7136
2911
5517
3877
7563
5549
923
149
1554
6039
1118
776
1245
7954
460
3761
7094
2517
6311
6361
4207
5906
6236
3775
3622
5724
3571
4786
6284
5148
1552
7713
1419
7426
2013
533
1675
873
4998
7853
5029
4009
1805
2964
1346
2924
1037
6418
3064
3607
749
3656
312
424
2004
6177
7685
6256
5280
4907
6277
2827
3221
5878
713
2803
1201
5196
4064
4711
2168
5006
7275
812
858
2991
5924
6547
7860
470
237
6652
7758
7309
4343
5501
949
7481
1846
7731
3388
4590
3338
2185
4342
326
186
1536
7482
3759
6195
637
2370
2002
5588
6808
6797
1885
3877
1722
6747
4887
249
1762
2593
488
4072
4365
3199
7204
598
362
7627
