7138
2606
2422
2842
5409
7178
1649
3393
1770
2182
1289
4463
1124
2219
7523
5087
5377
5262
6061
7559
680
155
7904
2463
37
4935
6553
4233
3545
7180
741
3632
6222
7905
4012
7544
2717
1075
2001
3629
322
6850
7022
5724
7758
6527
3180
6287
5404
2548
783
7736
6041
1865
6117
5981
2077
7959
2019
2096
251
7700
4607
3449
5330
1183
7055
677
4836
4638
1870
328
1901
1588
227
4186
6593
4601
4000
3277
3673
6253
5806
5079
5302
5856
4066
468
7297
583
1693
6835
5499
3800
4640
2713
6518
3343
7831
5369
4974
7960
3800
3446
7853
7917
3705
4445
2289
3037
6
5957
1876
1976
4502
7432
1204
2902
7757
3243
7204
3308
876
4990
6741
3980
6753
4983
749
6229
2301
880
2524
59
3321
5774
2913
3644
2841
4492
7074
7976
1940
927
4042
5149
2976
5153
7676
6049
5387
560
1190
6312
321
5053
3466
7919
4732
6255
5037
716
7184
4860
3663
7199
2224
6450
2256
4782
1665
3325
5595
7756
6510
7898
6037
230
3810
3759
3100
3759
4277
833
4847
1278
855
107
4245
5037
5304
7067
6709
5499
7434
6741
6313
427
3955
227
4227
4603
240
3582
6528
4728
7665
1189
7240
6942
3134
7898
4104
6272
2932
5029
6592
1861
2120
922
757
5993
2532
821
2886
969
3824
7823
4654
93
5177
2061
1250
5076
2701
6330
4561
7806
5075
3602
4047
641
6919
6633
1907
7033
5140
41
450
1353
787
947
3951
4999
1400
3693
5136
1309
85
4708
1297
5820
3744
854
2997
7351
7410
4210
5227
5957
747
6032
3519
1661
1436
5782
5051
6114
5463
5599
92
1911
6271
6496
2815
7735
3419
869
19
4011
7898
6648
901
7545
4170
1747
5074
1632
3910
4988
7587
7515
2905
2103
7882
593
6271
3844
6882
438
596
6691
251
3709
1410
1016
2778
672
3345
1372
81
209
2478
6243
2250
6563
2729
5273
2121
2913
3571
1273
780
3533
4180
7237
2597
7321
3315
3803
3717
6314
7508
7618
1418
5255
2188
877
5730
6887
6237
5042
1590
7101
2787
1000
6176
4491
172
513
2024
5348
2567
385
2056
2161
1297
3158
2464
4242
1061
4541
6317
2823
7403
1735
2787
5682
851
2118
5625
7604
5782
7835
1451
4538
5960
4975
1925
168
1488
2961
4347
3733
6623
1112
5044
59
5891
7124
7615
2798
2566
2892
6193
1643
6095
4757
182
2825
4313
1659
1612
890
1974
6543
4270
7485
7956
957
5627
986
5519
5589
4616
978
3167
2904
7949
4257
7185
3008
333
3945
571
7129
4565
7588
61
1211
6144
7952
6610
1252
6886
969
322
640
7993
2958
2512
5105
7562
6146
1108
6096
981
818
6263
4283
2671
3888
6355
265
229
3432
5340
4385
3040
5112
1441
4634
3229
360
1374
6760
176
7484
2426
7196
5780
3201
4387
7278
759
7260
6995
7912
2709
4740
2728
2760
6415
3758
3627
6035
3870
6439
7688
5512
7409
5967
2132
207
6997
2826
382
6827
2899
6010
5131
4366
6680
1343
4760
2282
6459
686
4596
3209
5949
786
1694
70
743
7884
3378
694
2445
7740
3152
2860
2443
6613
7944
5561
3902
4483
5667
2988
66
750
4401
7976
2350
5124
94
7028
7232
4965
4123
6179
3170
6155
5318
6225
3014
2657
2706
4911
126
4446
4576
3947
860
4248
932
2781
1427
4196
7074
4818
2761
3688
6945
6997
3706
2336
3647
6732
1155
5727
5804
3932
35
6234
1002
6977
3629
4150
7827
7926
5556
5818
1062
1218
3539
92
1649
2458
4358
3907
2162
7666
7730
508
1455
7460
621
2192
2988
493
5338
4211
6557
3581
413
3440
7602
3619
4408
1738
6931
7942
7018
6243
2331
23
5534
2768
4867
4242
7773
2670
1428
3894
4040
5715
7228
4692
2032
1421
7054
3065
6633
1504
4128
3690
2981
3891
2149
6178
3311
1535
1501
2720
2787
3067
7986
4840
4060
463
2148
6433
5985
4669
2911
7200
6170
2479
2039
598
7133
6208
7727
6926
7760
6475
1509
858
7655
7793
4
6097
173
6406
7651
7616
5254
3233
3544
5185
6767
1688
4174
1353
1058
5245
6403
898
164
5916
6555
6798
1514
4166
4171
7970
605
2518
4456
7777
791
1825
4159
7321
1073
6969
7714
3938
2725
1761
6486
5205
4344
4501
1831
1480
5493
1473
6978
2180
7919
517
7946
1944
5379
6972
1340
1042
3297
1891
3658
6022
4541
3555
7460
1147
300
4979
1981
364
5818
1220
2475
5929
7254
5092
3714
3773
3544
1719
6052
6095
1665
966
7808
4126
381
2905
732
1839
5556
4165
6210
4571
7410
1248
2064
5520
6412
2376
7940
6521
976
1905
6732
6864
5489
1485
7664
7038
5043
1168
6158
323
5275
7246
978
5246
6866
193
1804
5232
2465
919
193
5924
1018
7776
767
3610
1597
2303
2013
2820
733
6541
6835
1401
6024
3907
4089
977
6085
2248
7537
3598
7981
6718
558
2016
3715
1676
6587
4158
1259
4943
2069
4040
2498
7624
2947
3721
5007
1432
2795
7123
5541
7576
2249
5069
708
1342
7250
4932
4298
6506
3920
5604
4796
725
5901
3442
6363
7626
6632
7334
3760
1192
794
3605
4500
5114
2357
1856
816
5139
6126
461
6762
1411
4562
808
4650
7797
2123
5919
3657
2751
3288
1222
2228
2310
3501
1656
2960
2989
7947
5404
1839
3478
3772
4928
2577
2766
3154
4109
367
276
7228
179
7331
4381
1549
2910
1532
5338
5271
1315
2680
284
5047
3005
3168
7799
2491
3509
6762
4303
4989
4375
196
1992
4404
3694
5739
6630
3659
6453
3076
1345
7505
1433
5146
5891
3962
5529
3489
511
1678
6164
1806
7238
5896
1104
6536
1518
5184
4573
5713
5411
1095
3031
427
5384
3674
3733
3401
6597
1149
2538
3595
1858
5696
6999
3527
3776
5112
1869
3276
6750
1630
4751
5121
87
6928
362
5661
1050
1124
342
1553
6789
3306
4847
7916
4976
3341
5080
1984
7152
5085
3493
4837
5978
2588
6259
1907
5438
6639
1803
3483
5255
1270
5166
3236
1578
1031
5622
4060
6414
2362
5732
5061
1437
4862
24
1384
2614
1045
4774
900
1460
5888
6518
1377
3008
7058
4004
6802
2645
2318
335
4335
4090
5483
3637
2493
720
4829
2348
3633
910
5371
406
756
2637
6660
4556
5327
4567
5045
6434
613
6116
540
2249
7997
2996
3913
2163
4564
1387
3730
5084
3656
6508
2927
7573
27
5999
4788
2745
7185
1436
1041
1450
3989
4029
2158
5488
991
7207
5782
2693
1933
737
5722
5199
7474
7473
5672
4296
6203
6908
2455
4663
1506
2004
7537
932
3544
3539
3613
4080
3975
4724
5654
409
828
4676
2670
2736
3511
7216
5369
3077
3362
7473
3124
3459
2563
5785
3442
363
3648
4607
2487
5146
4702
837
5637
3813
1973
1707
583
7651
1465
6013
6543
2270
2101
5182
3366
4543
2028
3702
7572
659
5596
75
4230
3503
2145
6468
2913
7089
6603
1061
1502
836
3455
3486
2413
1519
5660
4391
2706
5785
7326
3449
6687
2063
7861
7492
410
6540
1178
3076
3489
6135
6403
7416
2380
5222
2453
7599
6111
4341
242
7380
1494
2944
5921
5083
1006
7149
2688
2034
3860
6609
4932
131
1744
6602
3901
5331
1654
867
7838
4919
2565
4275
2685
3406
2634
5118
2474
2520
4910
5727
4150
4854
1525
4735
3651
2723
1420
2524
750
6864
1830
5510
2018
3802
5135
3823
1270
5460
7526
5645
5669
6092
2111
1879
7948
2552
1929
4948
3420
7535
4189
7843
1387
6804
5881
7058
7953
6917
6824
560
6037
3527
2863
1753
2556
2661
492
2831
3080
1682
940
4325
6124
6637
6976
1932
553
6150
595
2496
4229
3958
7524
6340
6082
5532
1016
1283
290
739
1341
6940
7394
6215
5268
6006
5857
6134
3090
2277
4512
7694
4499
2519
7390
95
4200
2318
327
993
6511
6212
2743
148
3286
7865
5222
551
7822
2519
1071
7884
1998
6262
4235
3435
2018
3757
4720
4499
7496
6373
1255
5479
5270
5491
7412
4012
2130
611
5304
3363
5126
1683
990
4909
1311
3519
3083
1593
7163
2170
4584
7007
5860
1733
5896
381
5577
6985
1266
468
7033
7862
3587
3968
1131
6614
4155
921
3293
3253
1834
1970
6454
2624
3096
363
6411
1527
6515
7826
6000
6959
814
158
7703
3268
6214
6994
6844
3019
936
7051
7000
2773
657
5330
819
2514
2949
5252
4898
413
4840
1249
299
2794
7919
633
755
2726
939
1022
5716
1918
6493
5274
3533
1769
6610
5172
1627
3376
3188
439
3748
6905
5453
2752
7788
3221
5280
832
7336
7196
3187
461
2498
733
373
7175
7954
2998
3669
1283
1806
934
7413
7869
746
90
7311
3194
4814
7856
2780
4631
4800
3590
1731
2664
3928
7230
7158
2344
4059
7371
7079
3136
3391
1931
5439
2455
5481
3585
7042
7015
927
4539
1708
6778
6612
6798
1350
5752
4134
4990
2301
4531
6771
4331
1142
5765
4254
2673
3289
7313
4862
7138
7762
2938
5086
3181
526
7586
6746
1062
4647
4475
4328
1069
6683
2413
5581
139
987
6990
4015
2948
4028
32
4958
5628
2511
6925
7932
2676
5402
5530
5131
989
6684
7247
1312
5375
5816
6490
5373
2868
889
3475
1691
76
2863
7287
2304
675
5878
7272
6589
720
5485
4539
1019
7283
109
2712
515
1643
875
5396
877
1385
4494
4550
4812
1444
7327
252
6589
2938
1843
2967
2498
2428
7881
2637
2526
5498
1480
2515
6046
7852
957
5565
1121
6486
5656
3483
7735
1037
2521
6821
6157
3756
2715
1565
804
3024
5536
3115
4986
5136
4508
2855
6299
7394
6412
7431
1868
3587
168
6838
4899
3767
675
1066
4805
2180
7271
2895
2471
6176
7492
3970
1250
6129
2095
6962
952
2555
3058
2342
6049
6327
6521
359
2795
3423
6752
442
1867
3392
5953
1944
969
7978
1258
2626
3785
3193
3622
7065
5351
4253
3496
3839
1876
6185
3301
5997
4831
4425
3377
4273
6629
6185
626
7062
2010
3333
3492
2290
5297
1455
3804
7574
2062
296
6260
2123
5156
7231
4316
2250
7611
7399
5985
2180
1851
4704
4127
4105
7673
5446
4342
7994
4212
5712
148
1046
344
1706
7246
4529
6806
3127
1972
200
902
5560
5115
1928
3809
1118
5754
2293
4444
4147
804
5864
7428
4861
2230
7883
1528
7258
394
3143
4570
1217
80
4946
6349
2792
1273
3287
6710
4429
2019
5193
247
1027
3177
4223
4138
2673
3697
2611
635
973
2508
5948
5326
98
4787
1489
7172
2798
1774
5662
6672
15
5477
2388
4917
6042
5733
1643
3163
4493
2349
2388
2846
6867
2288
2472
1193
4873
6321
1674
3921
6491
85
307
2887
1270
4630
3635
4030
2031
5234
7296
7504
1350
5483
6873
2657
1365
1403
6780
6483
1220
7405
7493
6706
7000
6873
6175
644
5140
6277
1747
3883
6045
1854
6941
7215
4201
2450
5384
7227
3801
464
184
1230
3437
3832
523
6457
65
3258
7738
5818
1035
4588
7905
2915
4278
3964
5412
3866
386
2928
2313
5961
7547
7122
593
1867
4436
1414
7809
4307
6450
6647
2754
3981
3430
6950
2492
363
4110
2964
7476
7037
2392
3030
5274
1987
4326
4857
1366
3964
1266
5773
1682
744
7320
6114
3183
6210
6552
7082
5048
3423
1315
391
484
1024
6918
4687
2097
6583
2827
7259
7749
3345
2222
6270
5357
4049
1305
2615
1358
2797
3793
6210
3650
7088
3190
6449
1356
151
7654
2270
6118
7196
2120
3275
629
311
2870
972
6354
6782
7979
1588
4530
1807
5478
4754
3274
3836
4039
6667
6580
5900
6811
5678
38
3301
6491
5497
7321
545
4091
2318
3925
4837
3459
2960
4538
1928
4885
2145
3330
4812
6019
6100
6003
4496
246
627
4575
2944
3361
4444
6460
5758
3793
5680
6955
7364
5046
2375
6201
6994
1286
6503
6966
5169
1445
5397
5039
6439
3582
1671
7748
469
2320
7835
7760
1843
3483
7020
3284
7750
1756
3700
2386
4434
6413
7032
3811
4419
3502
781
293
232
3728
2169
4221
3371
1588
2639
3964
2571
1552
7739
6494
6645
1255
1125
6505
5103
3847
6444
7081
1429
5030
2076
739
5416
5445
7211
4393
2073
549
123
3979
812
1173
6347
5333
7605
3545
212
617
2795
7724
1514
5418
6721
5974
2374
465
1613
2601
1155
967
6816
5109
4199
3270
5837
1813
7257
5411
633
706
4021
7695
3830
2127
5438
7794
4277
4989
479
5329
784
398
1378
943
7889
5595
5947
3433
1355
4311
7885
6240
7147
7538
3239
5762
6818
7635
975
2282
3361
2576
7020
549
3507
3148
5149
3818
1688
6000
453
7298
4647
1127
110
2834
2172
4964
4931
1167
1387
5795
5270
7024
5806
3280
5690
6425
5651
6287
6236
5845
3391
5404
1300
755
6321
1460
2128
3938
92
258
6160
6542
2608
2837
3240
4379
3954
4942
7889
7613
1560
7062
3767
14
7849
4246
7721
7661
7574
1335
5805
4978
4901
6540
6981
6123
1678
7421
3589
6850
7165
4820
4651
6771
5637
647
6161
4613
6768
7890
7515
6098
3862
1372
3549
3220
4191
959
7423
2576
1118
7972
1484
3903
1174
2722
3970
5118
7943
2215
2428
1167
3370
6555
1354
5245
5605
5537
2675
2394
6007
1461
6363
5612
1222
6818
2964
7207
3044
4914
2458
963
5171
3248
4139
353
4078
3355
3602
5071
2142
4291
1535
7589
660
5663
2227
1762
519
7406
7259
4269
406
4936
1238
7052
2930
2128
7088
4587
2598
6488
4555
4418
7336
6102
251
6812
3599
4092
2006
3391
3843
7726
960
7894
7285
6506
5448
3794
3420
4252
3550
4274
2732
7805
4018
4404
4932
6194
2801
4459
792
6756
2706
7260
5700
5533
3196
1639
1467
7584
3849
4479
6180
5451
3590
1385
7797
5998
7790
416
6378
4157
230
2922
1750
7488
7340
5217
2151
1317
2945
7373
5856
3225
2867
4664
3629
2404
5506
6512
4020
7086
4698
4903
7576
3328
2218
5882
596
7830
7759
5892
6239
2888
5782
4382
7134
4025
56
1567
1772
7808
7368
2659
7469
3887
4820
5913
1965
5631
2615
5289
7646
4959
5918
2567
7266
4556
6253
3618
3338
4687
4971
4661
94
334
6174
3839
6443
3085
2119
2243
7440
2557
4703
6522
2942
1110
7759
3089
859
3164
7402
4154
7402
5439
7341
5167
1733
7787
1854
24
5052
4306
1065
6669
428
4666
3300
392
3028
5119
6304
5656
5089
4656
1760
5834
5271
7983
4796
5689
1771
4506
255
1758
1355
292
671
7599
1491
6733
854
6200
7367
4054
7643
6280
2314
1454
7706
6718
1526
781
6998
6099
459
5009
3403
4279
6034
2564
5384
4577
3366
5961
842
4063
3920
4047
951
6461
4711
35
2478
3585
1805
1314
3793
4566
2154
7517
3816
4535
4417
5960
5338
2234
381
6815
2901
6346
5888
5306
6921
6089
7388
2717
6703
3817
2205
5077
2358
2923
1316
7317
352
6869
6540
652
1778
4343
5559
5672
7684
147
7138
5203
5242
441
3811
6468
994
2370
7256
3779
2054
3199
6803
7291
6973
1828
2107
5534
5663
3594
3891
97
5265
2864
1419
7312
7169
970
7170
972
2948
2610
5200
1325
4196
4187
2315
1462
5026
3847
1539
7575
2452
5352
1386
2205
6803
377
2724
3077
1738
5567
4759
5773
4637
5328
6158
4407
5198
6201
301
2914
7368
5345
4561
2920
3256
1394
2708
7477
903
745
1591
7482
1555
1629
4915
5650
1581
6771
870
1991
2431
1856
4113
7890
1209
45
3442
4064
2392
2173
3775
4783
66
5868
6194
153
6031
4127
7735
3869
2932
4276
3548
1821
7422
2278
7170
2013
3618
5401
1662
569
2107
7491
4775
2152
6943
6911
7283
2653
1316
131
1133
5049
5449
3413
6667
7839
6083
5921
1168
504
7945
6893
201
7995
7639
2951
2812
2109
3552
4382
4733
6187
4875
1111
1742
4764
5960
2815
3492
1802
1655
5273
575
3379
7499
7506
3396
1673
1674
1153
6412
3980
2706
7096
56
6255
7497
1084
4063
6841
5955
7435
2059
6723
6743
2929
7955
4902
7528
2847
4858
4275
5594
3684
6785
687
948
6097
7875
4111
3642
5340
1122
7417
6638
3223
5367
3185
7304
4750
4755
6715
2393
5261
1653
7377
2816
7549
2961
2142
1017
3757
5267
5491
5500
5680
3819
4158
468
3550
419
7172
6491
7688
4614
7020
5535
2149
6124
628
1584
5794
439
3521
1723
6873
2127
3384
1901
2339
2860
7428
5481
1194
4221
4888
6955
1899
7917
7896
3906
1959
5472
3490
4682
720
4205
4476
1409
1945
6194
2940
3760
5665
6777
1518
2191
308
451
399
7288
3952
3553
4600
7463
631
6564
6092
3994
3511
2500
2501
1039
4143
1726
353
3782
7834
541
6962
1742
3219
7861
1553
7598
3687
6156
4874
7371
5763
7038
3295
1029
6915
4797
230
5647
6683
367
5667
5329
301
6154
1469
1492
4809
4143
6692
3443
4384
7380
1973
378
2335
3313
5360
5221
6149
5200
6390
7601
1399
6369
6918
1537
5397
6963
3815
1946
3908
1937
6207
4225
2834
1725
2122
36
905
4664
7665
3878
2118
5862
4843
2369
2189
827
3231
2582
6477
1048
5702
6600
3303
6881
2659
47
1333
224
6462
3620
6064
61
5307
5715
4716
284
1386
1462
6083
2001
6384
330
4629
4218
1917
3350
2235
4161
1666
2385
6550
2020
6282
7989
467
5084
6880
2599
410
3271
1477
4066
2951
7446
5706
2954
7452
1811
3130
973
2660
5888
5942
1529
7849
6329
5805
4664
6919
5941
6981
6423
6887
1523
3270
1473
7070
4535
3530
1111
2171
5445
6409
2729
7928
4478
3351
4690
2793
120
2789
2330
761
35
5331
7286
4748
324
2824
1945
2392
990
2073
2618
1488
6667
6704
6396
6111
3828
5648
4155
6852
7753
7862
4360
3709
5181
7912
3508
7414
4857
6333
6728
3597
7040
690
5300
1397
1691
5762
14
5962
1260
6903
110
7386
2139
5660
1834
3897
5140
2788
2567
6294
7090
2299
7588
2138
7644
3792
3698
1291
1424
1658
7829
780
3157
2664
2586
401
7313
6825
7458
6490
2665
2466
6854
6034
2099
5338
92
6642
3218
2961
4746
7602
5556
6342
7976
7981
6464
2946
7715
2742
7495
7127
2469
6589
3255
48
6410
7768
3272
3918
6583
7628
7411
2920
4758
5567
1302
3176
3741
5904
7264
3799
1882
5388
2172
928
346
2990
6293
1925
3244
2482
1288
912
2369
890
3069
1861
3874
2439
5094
4858
945
6652
1781
1432
1219
1761
4485
446
4300
6227
6822
1746
7541
1874
6253
3626
2376
5285
5701
7257
5454
2798
4259
7601
6959
21
7694
5718
6643
4796
5135
7069
5104
6470
1904
7916
7025
4553
3238
6269
6024
5487
953
380
5913
4603
1401
6546
6240
1937
1647
3950
1692
702
1291
7049
3839
1297
7771
7258
396
3322
1201
3290
3097
7617
5882
7421
7729
7750
3633
2600
7112
2717
7117
4872
902
7019
7264
4849
1253
6621
7211
7701
7737
7710
2373
5471
5639
414
4865
328
1178
4824
3348
27
363
656
5932
5763
4843
3458
385
7396
664
1478
1820
194
3900
5808
5830
2349
3639
5380
4796
214
2139
3396
772
7558
3574
847
528
7652
4625
4152
1446
6659
3643
7095
5150
6688
2450
5073
4209
6423
5503
7204
5743
5158
1020
5159
1114
6468
5163
6567
423
334
28
1674
5798
3192
4393
765
2083
2704
42
3355
891
4977
5612
4928
1771
2809
7829
5946
933
5180
6210
750
2037
6203
1125
6773
20
2620
6879
5669
6729
3477
7089
1104
6717
2251
732
5815
1814
4026
1536
6693
7705
3253
5279
3471
6740
3686
6354
6982
6264
6357
4277
3918
2536
772
1464
3005
1067
6418
2847
2359
6810
3545
5580
7465
2244
460
3062
2005
3607
4235
957
2509
3614
4222
11
6762
5513
6872
4967
7106
4530
6961
5072
2902
4341
2662
4191
4252
7129
2573
1394
7272
6887
5782
7298
1589
1075
3139
4198
5844
6252
1807
6837
47
7276
3860
53
7482
6287
1921
7457
1764
1661
7571
7541
6321
6963
1659
2413
3651
4626
5260
5079
6479
5528
6957
321
2897
4411
2793
3141
6378
2828
7144
2448
3287
2213
5152
6722
4879
5478
2929
3
4025
7650
100
4263
2585
4988
6028
3339
1062
1902
6700
7289
675
3167
2589
5147
818
4306
74
2404
6832
4760
1387
6564
6734
4346
2944
502
6754
3025
3162
2731
3788
2172
3580
4630
159
5832
7598
6715
3494
2740
3984
6974
3034
6859
4212
7080
2733
2714
2112
5309
4918
4896
7514
3235
2251
2763
6707
5055
6219
4528
6274
5123
6000
3218
296
5319
6604
610
2050
3755
1955
7730
3303
3012
5215
3399
7764
2598
2532
2037
5501
3613
1741
7247
4070
6338
223
820
4198
1009
5300
425
6165
705
2157
1475
8
6339
7787
5630
599
5113
3468
3831
3371
4654
7849
3424
7650
1063
4484
2421
3893
3167
3253
506
4340
6054
4863
134
1228
6949
436
362
2019
2197
2360
2034
7366
5305
4413
5300
3239
2017
5578
1311
2599
3353
5835
2113
865
6598
7976
299
6104
7153
6240
4042
7313
3162
2851
705
5270
4254
971
7675
5702
5597
5025
4505
7440
4158
6012
1848
1265
6307
2940
2148
2662
2996
4032
3318
6700
7743
4816
1459
3793
1077
7596
4904
5138
5753
1717
555
1471
4650
4804
6912
7838
1074
2573
7487
1293
4150
616
758
7215
1338
1863
6259
7361
6025
7377
7944
5541
1873
4218
2542
5275
6491
2424
4976
954
6912
1759
4694
1622
52
3103
5975
4758
7952
7897
6856
1714
953
5514
2042
5312
1976
5944
5990
1809
6443
7476
5538
1740
7199
1293
3279
2756
3296
5860
3581
651
6217
4063
1947
2846
4490
690
4768
3898
4078
7452
3955
7895
5991
1160
6684
6088
1681
1063
5270
5470
282
2767
7416
2931
5313
3490
2213
7065
6941
1863
2069
6571
3976
252
2531
7158
7928
1159
6843
5019
2462
1651
7840
3742
3739
7983
2252
6975
5747
1223
1528
4354
7157
6933
4801
6875
6016
2357
5139
4664
4962
7095
3548
488
5504
7900
6245
1907
7505
178
4800
2542
3716
3514
4096
5129
7213
4452
2429
6588
1208
4630
2819
6715
7292
5372
20
7711
1249
1836
107
640
2165
100
3056
3304
5413
5322
2241
4691
3882
5923
2209
3038
4937
2674
2744
4945
1734
7648
4719
4532
7968
1319
3165
1366
974
5030
3512
7376
4674
734
6565
4507
2605
2504
2320
3164
3173
5398
785
1254
4823
2038
7439
1943
483
6373
3502
1021
4308
3810
3086
7357
3361
4449
5555
5900
6799
6259
4974
5067
6254
6685
4181
6427
1525
260
1171
7611
3867
7758
703
7597
4500
164
2178
1177
6604
826
4965
1389
714
1478
1783
1762
7349
6515
4090
6010
3826
3827
5928
3953
2255
187
7481
1258
7127
1748
6943
1837
6247
6264
7932
5256
7490
2872
2443
5916
4765
1595
7007
5360
7033
877
1151
2761
2702
6966
4825
3610
2184
1532
6194
5426
3046
1309
7014
7741
4379
6694
4846
1037
1999
771
4060
2884
7987
6120
6541
859
1282
2764
1834
6977
1644
5551
1785
6401
1310
1817
7236
364
2187
1753
2267
7178
2328
1119
7671
7635
1261
119
5566
2050
6418
1369
4752
6084
4984
2550
6153
7883
1789
2863
2115
272
4487
888
6005
4124
167
888
4391
2766
6768
7436
1786
7321
268
4787
4631
2025
2107
1398
205
593
7611
5598
712
1433
1100
4278
3270
4356
173
6610
7649
6721
7242
5624
1810
7161
848
7973
6042
1208
6509
1970
6088
7830
1260
4496
609
805
3071
1010
6491
1349
6502
6296
4881
7695
7745
6266
7191
7071
4618
2159
5961
7158
6772
1139
4460
3976
1720
481
4899
4908
4312
5952
1614
2553
5333
2071
64
4056
5336
1831
5014
6266
1388
3638
2817
6204
4967
6640
3230
5740
7226
4296
336
2717
3103
4717
2804
4042
3673
154
582
6873
7531
7304
3326
7474
1457
4711
7961
5760
3332
1834
7380
2522
2756
6323
6884
3367
6577
4634
5401
2808
715
7938
7891
2925
1237
1796
5895
5594
558
3119
1557
5360
2244
4147
5463
7523
5654
3329
88
7954
5697
2648
5354
4382
4430
5231
528
4458
2433
3317
1610
6427
117
2926
5190
1547
635
7787
7516
2954
6476
7801
4023
2796
71
428
4841
1994
2937
4366
2893
7574
6537
3698
558
7135
7363
5664
5260
5737
7078
3952
2982
2725
4814
883
5802
6748
1449
6599
5208
6558
5228
4417
7155
7115
2683
1119
1344
6133
7098
7964
7322
1634
5147
1056
2909
7645
4504
5211
2952
1630
2503
1116
4205
4915
2262
7900
5443
2507
5892
5862
3115
203
6927
1770
514
2340
1952
2272
4868
2643
2592
6071
762
332
3070
5901
5830
5671
931
1871
3058
366
5970
2892
32
1600
5106
500
4365
658
6486
715
4917
3479
6463
1204
5352
2805
756
7111
286
3849
4283
2169
4277
1010
4939
7736
2140
1974
3484
1302
1279
2806
912
4995
5791
709
5390
947
1333
2801
5103
4185
5120
7604
2060
511
5667
717
1156
7010
204
5424
2376
6359
1540
2155
6533
6921
5423
3043
3710
7831
5964
654
3403
4538
2341
1557
4711
127
5219
4524
2606
4377
2340
4990
6508
5188
145
5351
3178
5101
839
1875
7199
3137
6277
2758
4380
7810
237
2741
1375
5127
4849
7647
6032
6895
2421
3689
7220
7459
2840
460
6762
6690
4204
3201
5121
96
7425
7588
5873
5474
6764
7918
3738
6245
2463
1162
5422
4960
256
3642
3004
1963
7409
2063
4727
3802
4284
2537
5731
7225
7989
7917
6930
7474
7926
5717
2716
4954
4995
3842
2341
805
760
1636
389
5371
444
5717
3759
1317
3156
2446
1940
7328
3950
6915
1809
1824
6646
7605
2139
1970
5719
5749
2718
5146
5249
6170
1614
5823
6093
1663
1642
5518
5763
7444
215
2266
5926
5117
2748
5733
3573
3808
1046
6698
7846
2194
2823
429
1872
7087
5556
7452
200
1057
2427
7665
4440
4607
2178
2628
5366
1803
7955
5772
2520
879
7505
2390
4830
1389
7800
5913
3730
714
7468
7350
3829
3506
1351
2877
4041
4122
507
146
2427
3785
1247
4933
1337
5944
7530
7200
3335
1142
3399
2580
3361
4840
1777
7589
1328
3910
7063
3259
3087
3761
3897
4148
7713
6680
1199
7768
2397
6849
3475
603
5138
4791
7808
1674
6096
69
6747
2049
5053
6293
7662
340
3787
2297
5263
1378
6724
1558
1420
3533
6380
1893
808
5581
475
1965
3757
2378
6579
450
5200
2311
3899
7576
4118
446
3191
5499
476
230
4077
3247
982
7114
7465
2476
5079
909
7956
5695
7225
2815
7974
3942
2397
2508
5199
1265
1637
5656
5423
6762
3865
848
7011
2680
1068
1184
1058
6084
6890
6666
4650
5419
3300
7905
15
5789
7227
3183
3240
26
396
4000
4817
1769
1252
495
6659
3871
7749
2285
3560
3863
1040
6090
6513
1432
6802
6826
489
1615
6544
1346
5933
4184
2176
4507
2139
4871
1784
7665
4421
400
5650
5034
3629
7204
5246
5488
952
5665
1094
3599
3842
273
6701
6855
673
5646
6898
7779
6872
561
7476
4190
7599
1366
631
5910
1750
4037
1429
7051
7781
4924
5350
7123
5290
5037
764
5394
3914
1254
7812
7467
4164
3132
1437
5304
3380
6330
3321
7169
5042
5634
1950
4677
7839
6769
6589
3533
1635
2317
2471
2390
589
6616
6260
5910
5447
6410
7884
3902
2107
1608
5301
790
393
6055
5103
5581
4337
3503
2286
3657
3337
6032
719
887
7135
2008
2831
1977
7027
3609
7548
7187
7692
2599
3692
5772
398
5730
3975
6783
5583
7126
6030
7525
2323
1564
4589
4032
3977
2151
2872
1233
2908
7457
2914
3616
3238
6477
5464
5978
2704
4743
854
5760
198
962
283
1180
5961
6167
51
2533
68
2193
3930
2956
6969
1182
7042
5051
5117
1337
4370
6479
3721
2093
2648
4850
3678
4945
3226
3623
7967
5175
876
5440
3621
1801
4235
6763
6379
145
4760
7532
1288
3556
5532
2644
264
6599
31
3827
2767
7564
5378
5857
7977
4957
944
532
2585
1694
4464
6510
1943
1573
6811
7965
3502
1468
2685
3699
4394
896
2414
1341
7901
276
378
7141
6785
710
5258
6860
3828
2739
5
4008
242
3331
3684
5740
7131
2273
429
3056
4105
564
4772
6420
4019
6401
3981
2590
5361
1512
2469
4453
948
3791
1037
7422
1625
4600
2274
4069
5425
5061
1430
1990
6296
262
4376
6716
3342
7877
1960
7766
3655
1373
958
6511
3645
4443
7753
2542
3940
2036
1209
3851
5249
1189
5382
145
7442
5008
2326
2277
6418
2603
433
6133
1359
6273
1146
7578
1768
3756
5909
1912
3049
4242
3554
3000
2738
7828
3958
7235
1361
2487
7608
6462
4835
7122
7735
2177
3598
4405
7910
236
2589
3415
713
7661
2513
3138
4394
1227
4065
5343
4216
4564
4403
7081
7038
5338
7773
6731
3675
4232
2745
4934
2499
2805
2630
6473
6318
3472
2416
7616
4980
7001
5001
875
7372
5822
3471
2995
329
5427
297
1478
5236
878
5002
4466
4715
6608
1965
4959
7051
7954
6977
159
1568
1678
3639
5466
6616
3418
4741
2877
533
432
2352
1445
4437
5446
1036
6149
7993
6311
4550
7481
5433
4352
4583
6291
656
7854
5219
6208
3925
5375
174
25
2764
2609
3270
7255
4448
1301
6317
2651
1521
1591
2692
3215
6558
3569
2126
3077
2206
1756
530
1915
4859
2017
7414
4526
4495
2541
6294
6807
7141
589
3336
1891
7490
2248
497
5686
3700
6741
5555
3235
1106
7357
1072
3882
1056
6325
3548
2734
4126
2703
1049
1224
421
2149
1133
6405
4559
7098
636
4110
1172
5631
543
795
416
4539
3095
3889
2035
1593
2527
7659
4744
3944
2907
5038
221
7922
6181
4968
5076
3877
6026
2774
