6950
235
3950
1299
5374
4598
643
5951
6031
6756
4748
933
6069
6938
2196
7499
4282
6436
7018
3942
6837
5684
1669
3091
3623
5822
2940
7118
7393
7131
999
2003
7140
7087
1080
6957
6851
5172
4706
2480
3966
3598
4710
6302
7774
6245
6276
1685
2645
4711
318
1274
5549
6819
6384
3118
548
3318
4581
5473
4363
5034
4933
4582
4029
6382
1003
4662
7253
3112
3553
1609
7213
5381
1506
5804
3178
7739
7326
5334
1273
6641
37
1287
4813
1308
5873
2845
7573
2440
1887
5519
4902
1647
5203
12
6391
2029
150
6834
828
7199
42
1415
5928
3426
3881
6093
7188
273
1818
324
7217
6516
6055
1551
6745
6585
3524
2344
6629
2623
1112
5443
4328
1758
4674
7981
970
543
3111
2077
2071
1457
6614
1980
1370
7955
388
4881
5597
1432
2108
1002
3752
6090
3451
4752
2776
3439
3963
2358
1257
716
5517
5307
2781
4021
1428
6977
1288
6532
6458
6969
4596
4597
2728
7545
7902
627
3323
76
3263
4307
4755
1752
3084
7598
2622
2707
2492
2404
3459
2264
2093
5146
5156
4409
7689
3652
7283
3747
3504
4684
2905
616
7293
7779
240
3763
7883
3487
3979
5072
4134
3822
3940
7328
79
5450
6265
4831
1784
1748
447
2052
7759
5680
6701
1991
5959
4319
4153
4035
2750
5477
6860
658
52
5434
7857
6179
970
3355
3549
6040
7357
6074
4113
2136
5729
3948
7288
769
2330
7656
5882
6236
1303
344
2062
6939
5333
1046
7491
3036
596
1789
7238
7881
5114
1233
3117
4643
6561
2589
3763
1820
42
1935
5541
4464
1503
6287
3723
179
4398
5702
5962
7749
5296
595
3432
4445
601
436
2872
2161
1377
3483
3203
7285
6417
77
2204
6621
5979
1153
7073
3457
579
2929
147
6366
5624
4730
2785
6004
1856
7644
6858
4808
5139
6162
717
1671
2272
7755
4537
4710
6533
7974
7813
7552
5766
3449
7549
4262
490
3914
4014
4445
6465
5325
4231
1283
1597
3782
7832
3411
6495
5491
3207
5987
7055
6857
177
1374
1264
1671
4993
6494
6210
2983
61
6970
7329
2968
1200
5991
7197
73
6368
1665
5819
353
5244
2017
7234
1552
7095
4782
5734
719
1684
6937
6333
987
3061
7823
6800
3804
3779
2669
4008
2790
826
698
2368
184
3550
1188
5937
6342
1235
1197
2252
1969
5178
4400
6171
4059
847
2864
3820
2015
454
5988
986
7478
3048
3232
5878
6416
184
1761
446
151
1608
4601
3155
5529
1395
4431
4987
5911
5964
955
3254
109
7712
5437
3562
3822
5307
6229
4929
6264
3715
7921
4887
6902
4004
4322
2110
756
6604
1560
3816
4226
5974
7236
5064
7299
2479
69
2969
2702
6633
2164
1655
4507
1843
5601
2820
6105
7247
6383
2134
6877
4985
7729
1712
7150
5439
4128
2070
4510
6140
7243
621
6610
1087
453
6689
6573
3241
3595
7311
940
2537
7558
347
7395
7533
6827
7840
5071
6076
3315
4097
3950
6607
1818
1705
3845
2378
2829
13
6943
235
3199
6000
3942
258
1513
6790
5116
2966
2499
7910
3186
117
1709
5396
3210
7870
506
3001
5201
6320
2328
1548
5278
2680
2044
808
5124
587
975
636
3992
3030
6175
1497
7916
2407
849
7498
6530
1468
1035
1684
535
442
7469
6266
7400
6469
1717
7266
5860
6363
5298
367
5609
699
1378
3791
4055
530
4872
5786
6541
1992
7123
410
3803
5763
3798
1441
3623
6808
6532
3792
5505
7013
3938
3938
7534
2348
2713
6480
5075
5358
4559
7771
6611
4519
60
6522
7794
3332
668
4000
5137
4977
5866
5149
2904
5732
1207
3733
7077
3024
6842
4466
7791
2915
7254
1284
3685
4566
84
7169
1679
5919
4786
4940
3979
497
6455
781
4087
7952
5935
5527
5843
2635
3365
1411
4042
4682
2799
4314
1330
6763
5060
1657
7614
1074
6743
421
797
5867
4042
72
2028
6014
1002
6167
7356
2153
2234
7070
4141
5650
2881
76
5805
1799
4344
4736
3007
6171
3476
2603
4446
1703
5070
6138
2284
7017
1206
2371
7718
5968
1175
1713
606
1666
7478
3628
6304
3024
7073
5494
6096
7761
390
7916
7685
3288
4469
4141
5008
3766
5427
6126
4365
2111
6309
7166
4802
811
1316
1347
1427
1121
129
6625
5302
7717
4571
161
5470
4667
7450
5129
5211
1680
7276
3247
1950
5683
704
7709
2758
2730
7124
2748
5242
3500
5110
4333
5239
700
4327
2294
1333
5223
1004
6772
1696
659
428
3915
764
2025
2201
6804
6851
449
2018
1625
2854
2692
929
6443
4824
4201
1819
1679
3423
7839
5636
3444
3741
4577
5623
7185
2328
3091
450
7438
3190
5320
7585
4214
3428
1822
2213
3572
2510
530
2391
4504
3931
1016
369
1299
2953
3757
4230
4279
1734
2642
5519
1792
276
1725
635
6505
451
5051
7251
773
2357
7965
900
5884
7641
356
1885
733
1475
6915
287
1297
2154
5461
387
2988
2961
1424
6330
7933
2406
3025
7764
7516
1608
7475
2662
1908
760
2915
4590
6521
2322
6398
3278
2932
2589
159
7080
5250
3652
7916
2257
7602
4073
4946
3165
6321
2051
7232
1625
5287
5346
7472
3135
2718
3701
16
960
4739
7077
6931
7986
635
1845
6673
1849
5393
1101
2800
5137
3226
1816
2263
4880
3317
181
787
3893
5616
5784
2103
7793
6084
7134
6857
505
199
6703
801
3352
4369
1871
1439
3502
759
4521
7931
1638
6370
381
3931
4874
3729
2255
5105
2204
2642
6841
6934
1109
7014
4570
6810
7170
6438
766
7024
7627
6935
2895
4741
3370
2641
6807
6377
5165
5829
2514
2835
564
1047
6919
4669
618
6766
7189
4216
1915
5700
4704
7000
7828
1936
3877
6359
901
6386
1358
1904
4996
7193
335
1823
4735
351
7370
5394
7323
3812
1347
2933
4303
1424
708
1411
5980
990
6394
2681
7353
2057
7987
7544
6157
6735
5064
7018
3904
6585
4751
6321
3811
4097
1937
5331
4447
4896
2290
7791
4530
4932
5975
7330
6582
5651
6064
2255
266
1947
1195
5909
2810
4456
4177
7536
5203
4464
3975
6848
2767
3511
4639
7695
5980
4626
1464
343
867
1778
7451
6104
3591
997
246
1084
6551
5161
527
2822
3599
5401
728
7393
92
4089
7912
6940
4873
1880
365
5453
240
4720
7030
2057
1107
3779
3981
4908
3085
6320
2825
326
4305
3274
7650
3662
4723
6008
3743
3176
5073
2839
202
5777
5680
5170
5924
1913
2602
4292
5786
4120
4124
4136
7088
3345
2191
1368
896
5304
3738
2778
4710
3377
2763
3623
3362
6281
7014
7498
5265
5486
2945
4491
2159
5746
410
2044
196
3861
5705
7482
5483
2855
2356
3779
6465
7660
2273
6304
2064
4687
7106
5612
2164
7887
7179
3864
6146
3204
3817
104
7195
1302
7981
2025
4615
1585
6895
7157
6493
5793
176
1009
6351
6460
2468
5919
7762
7154
3221
5667
1054
1559
492
2967
3216
1808
2540
3791
1883
6781
6435
377
4812
4104
5360
2758
5122
7100
6994
345
7701
3813
1111
7662
4172
6421
1995
595
5982
6933
4527
7534
3896
6620
7068
6445
1189
7465
1725
1035
1567
3017
3232
7929
7955
7367
5425
5265
261
7414
944
7134
2133
3674
6440
733
3159
4849
2168
5091
2431
3295
3588
5314
7437
1013
627
1228
1364
980
7038
4571
3260
860
7634
3697
3257
4414
2910
3571
4033
5363
3500
1253
2613
7315
5195
7801
296
6055
5472
7685
6162
2634
92
6102
4540
1804
4539
5959
6366
2948
985
7667
6401
2161
4780
172
3440
588
2601
5199
3438
3170
4273
1218
7994
6871
2926
5662
775
4332
1111
7461
5689
6647
548
7306
5041
7780
1430
5038
3443
1765
2365
7773
3451
1956
335
614
680
3636
5785
2866
7517
2843
3146
4882
555
448
3323
7367
7538
1701
7175
7340
4341
6262
7021
5901
4116
4021
812
6517
612
4966
1447
3808
2558
3861
7680
5787
2133
6776
1799
2037
4240
2517
123
5761
1550
3852
5101
5743
1133
5579
2761
7267
777
6614
159
472
4351
716
1776
335
7027
7220
2263
5165
1130
6857
5525
4727
3684
4702
4391
207
4684
4656
7904
4273
4303
7248
6984
6634
3085
4555
4662
5674
4833
1044
5857
7845
1467
2945
4729
472
7751
4842
1185
2735
5058
907
5711
3072
7378
1857
3526
1667
5806
882
4906
1514
1365
7980
5587
5887
4189
255
7603
6402
3525
2417
6600
2755
5503
7907
7580
6557
3465
5329
199
2591
1043
2583
4415
301
3566
5434
4069
3840
412
2004
5237
7611
7441
1711
1602
3030
2473
914
369
7671
3509
209
7124
2705
281
5974
6227
7273
1469
5561
1331
1329
5902
6490
7110
3874
3617
6845
3902
2212
1220
5465
985
1554
979
7910
1774
3278
3710
2071
81
6521
4344
6655
7990
5478
1258
163
192
5173
2142
6619
6560
6274
894
5680
3983
6587
2592
683
5577
1951
4924
3111
3680
3086
5889
1676
6688
968
4522
2054
2737
1557
6094
7061
3789
5946
1200
235
4914
7302
5060
3149
4602
6452
5033
2446
5806
4898
6440
868
5837
1698
1044
986
201
6989
2095
4943
3962
7251
4542
2496
3747
3443
1503
4333
2434
3952
6464
1374
3592
7379
2633
3710
3066
5058
2320
4576
3171
3961
1199
1487
3031
5551
4814
1940
4926
6119
7780
177
3966
4536
7432
1840
3075
3367
5796
6250
625
303
1142
5146
3835
1441
7806
5618
4780
2543
6918
7786
5877
2038
444
2020
6539
3907
3033
451
6798
2891
5533
4164
492
5655
764
7796
3769
2997
7138
7206
7428
3879
4331
3809
1817
6261
7214
5916
2074
6609
483
5726
2684
6515
5450
3527
403
385
3306
3450
551
4972
6903
2648
7027
5283
280
7464
7705
4476
1368
660
211
3678
1308
3074
5216
1464
5906
6197
5473
6088
7398
5021
1870
6787
1986
4805
4000
3273
5870
2001
5045
4546
1220
6772
113
4628
5327
6800
5242
6661
6111
7810
5303
177
7360
3038
3016
6945
2398
667
7442
2705
4923
7691
5085
6029
4758
5862
7981
6215
5075
6548
2220
1251
5854
2680
5756
2034
5627
1221
5276
3414
2850
4920
1185
4660
2328
4445
4584
6550
6209
7302
1237
4870
1395
7756
1853
5897
2205
1183
994
7308
883
767
1747
4852
5082
6591
4332
4315
5064
1836
4520
2936
7408
7624
4752
1806
1862
411
4551
1089
7168
2502
912
5632
3557
1888
1
2626
2850
4065
4371
2806
7628
4551
5160
308
7769
7274
5083
6011
4553
2769
3183
6932
4035
3073
2057
6643
2073
6985
6365
5758
269
3192
3223
5859
2133
4852
7817
1716
4449
5565
1681
485
4032
2931
4154
5936
4069
5964
3373
4212
7669
7481
7408
1492
46
356
2968
2998
5738
2026
2537
894
2501
6518
5331
3422
2840
7168
2630
6742
2709
3887
3094
4157
5901
2020
2249
392
5052
1882
4530
5932
5052
1937
957
3516
3287
3450
6295
6219
25
2906
4812
6522
2801
2602
303
5294
6317
1617
1773
3818
1828
4124
469
991
1083
2328
6778
2532
7237
7902
6011
506
1719
3266
4247
1226
5372
696
6338
2490
638
4640
3989
1376
5542
4631
2503
1015
5720
3980
583
946
5366
6888
1956
6771
1226
657
6797
1275
4159
4051
5956
817
6039
5414
1787
4270
4502
970
7826
1740
7919
5179
4395
7264
1811
6032
7799
2565
5797
2753
6427
7824
7199
2233
4959
1578
6803
94
524
4257
5024
5910
87
2169
1751
845
5151
1371
7978
2923
4294
4359
5438
5412
3565
5345
4185
4388
2100
3330
5787
83
4028
3509
631
5902
1824
118
6566
3426
5562
6711
6021
6755
4225
6440
750
179
1946
4699
4636
4765
6564
6468
4744
3191
5584
2184
5522
6409
4878
503
2395
5526
2491
6160
7054
214
3197
6359
4062
7215
2800
5310
828
7848
5287
409
7925
1662
7570
4731
4387
5976
503
6595
6517
6966
7564
301
504
612
4773
1749
3628
4325
6521
7839
6678
4139
2624
3638
7167
6438
7917
7296
1512
3455
7808
4530
6844
2501
6832
6039
3339
7174
4072
7357
689
6163
7127
2062
2069
6045
7563
2839
4861
3659
546
1562
3893
6754
2179
3746
5455
6596
7175
3352
2599
3582
4271
1649
6324
6530
5106
4049
7767
2713
7515
5040
5664
7553
3283
851
75
3192
6215
2609
7016
4945
2126
1430
2644
3269
2580
5606
7569
2284
5913
3136
4674
3395
1065
3633
3906
2662
3786
2849
3009
3531
6086
1996
7711
1308
2257
302
4792
1572
180
563
3084
4720
313
7444
5288
3242
785
5243
5067
6393
58
2283
892
6462
5321
6089
7181
6076
1548
7252
347
440
363
2729
2255
493
4175
4751
5987
1558
6029
6608
2821
6813
2308
3128
7000
4028
2903
6692
893
2190
1189
345
2224
2784
3312
4026
6513
2178
6896
3307
1802
7203
6287
7062
1895
377
1535
3807
7301
4121
7825
7237
7436
1336
4287
5744
1679
1094
905
5130
3486
4912
6153
2940
3374
2437
4228
3255
246
6897
3741
1611
7963
6499
1122
1887
3268
2587
3706
3282
900
4279
1975
5071
7620
3333
4156
2011
5344
800
6368
169
2933
536
7262
7815
7688
6267
7194
1977
6492
6559
2791
2375
4424
3507
174
1674
2224
2446
305
1501
188
3392
6801
4937
5035
6248
7338
2791
3814
230
682
6182
5523
3700
4947
1445
7901
5466
1550
7742
2437
3155
1121
2812
2491
4305
2553
30
4514
335
2837
3676
1688
3929
4251
2899
4215
5301
5200
4933
3686
738
736
7642
868
4106
7365
4964
2604
114
7097
4021
3728
1884
1790
1793
4961
6290
3257
2843
2507
6011
888
7345
1905
7688
250
6622
675
4594
955
5516
5248
1158
208
5048
6836
4837
926
5444
4647
4226
2013
6361
3656
1420
6068
5651
414
2055
1095
7068
7198
2553
5117
1486
5481
2256
5226
6054
7850
2114
5190
7323
6733
2264
5691
684
5931
7439
6374
1775
7788
5045
5442
7652
202
6780
3937
2502
6831
7937
1181
4178
3174
1205
2071
2554
7352
7083
5656
1180
1873
2803
4854
6512
6891
5959
3120
6884
5209
91
1742
1484
5659
1346
2739
3919
5292
2155
6797
5899
6766
613
7930
785
6998
7345
3786
947
1250
7764
2240
2521
1571
7156
4364
7817
3070
6675
6276
559
3015
7116
6458
418
4945
1066
5982
5355
4784
6645
1264
7580
1131
133
191
7161
4593
3473
5702
5686
7640
148
3872
5823
3339
667
1321
6799
5747
5189
7206
246
2421
2908
4350
801
1247
158
6524
1733
7513
4685
6461
5796
4050
1646
6981
6669
5958
231
2953
3837
6183
482
4891
2773
4971
3585
3308
622
7951
1967
3895
5397
7935
4086
4184
2154
2096
7744
366
3857
6703
1625
3241
3723
6113
7732
7100
4704
3623
6348
4475
4656
5726
7454
3088
6693
6979
1793
344
5320
7277
220
410
1324
5109
1003
1903
4199
3888
7779
2595
4107
7494
6164
6174
7757
2126
1219
2113
7182
4620
1499
4405
6362
1776
216
6710
282
4113
2303
578
6564
5532
2219
5841
3436
7060
2004
5907
2684
7238
6853
958
6202
3499
1679
1643
3202
3615
4681
2240
539
6179
2776
6170
7966
7711
5529
3555
2103
7798
7690
2783
283
1441
1400
3258
2871
5488
1890
3388
6253
6791
2731
7429
7160
4004
307
1837
3644
2302
4593
3158
1966
690
4071
6859
1164
257
4699
2747
1019
5764
2303
4682
7581
405
1853
7307
1719
7972
6224
6203
6857
4327
3136
7190
1705
4206
1715
7359
5270
2901
5996
4425
1693
4097
3696
2505
6046
1869
398
6403
5225
3866
616
1687
2760
3889
4061
7432
6631
1668
5472
4362
323
1580
6084
7626
5898
3161
4303
7435
1747
2342
3826
3294
6527
5631
7625
5726
7628
2185
5070
7262
908
4734
972
4429
1585
1131
7319
2793
6743
4961
1766
6522
4748
2784
3394
4130
1387
6916
7375
7140
3264
3353
6070
7643
512
4324
2276
1063
7026
2171
5760
3391
544
1782
1126
5447
622
2185
6134
2023
322
6308
349
5911
1741
4846
1543
776
5837
6829
1535
676
35
3855
1875
2368
242
2599
4879
4499
5195
1110
5091
1346
580
3039
7017
5217
1195
7449
2056
2316
5101
6490
1263
1045
1772
3083
6238
7597
2637
3589
3528
6387
6076
5019
7071
6009
7877
1502
379
736
5302
3400
3231
7212
1870
4672
7833
1149
4383
3884
5644
7596
160
367
126
6522
5288
839
677
4354
6910
4094
7101
3335
6120
5916
6912
7474
6424
436
654
3033
942
2020
3751
7205
1014
36
1770
4757
3993
504
2049
798
3365
4516
5441
399
841
193
6276
2093
3115
5744
289
3609
3509
2885
3303
3988
7309
7218
937
4932
7498
5342
2091
2794
4843
3280
2060
2637
2595
1735
7259
3161
6075
165
4295
7768
3046
6091
4408
6884
3341
4612
7212
3509
4099
7212
380
4485
5276
5623
6154
4879
7731
3101
3378
5225
6032
78
6422
3879
1890
1977
4393
6071
64
7678
747
2401
1108
7149
1839
7643
1447
6926
3236
6809
4798
370
5976
1702
5936
5839
6931
7879
1997
5998
133
142
4191
1627
3315
1121
7664
5343
4324
6066
7712
4231
3173
5029
5673
1772
7297
3869
7
306
1750
4942
2330
5926
842
7961
410
1368
305
1293
532
3941
574
2986
2447
7275
1032
2531
1084
7538
524
1780
3212
7740
4606
4709
1725
5683
4405
332
1736
1687
6177
4428
4818
7859
1390
6359
5665
707
2709
1135
4868
5305
1226
1544
1194
3398
449
4524
6670
3866
7351
6626
7287
1114
6895
542
3499
3692
6270
4658
3541
2465
2158
718
1629
2451
3654
313
7675
4892
6690
4495
4572
6970
5612
2714
4363
1411
7459
5682
5975
3009
5037
3664
1550
4563
2961
736
5885
3339
446
7517
4930
4765
5377
6797
1338
3135
4865
7385
7598
6859
940
7075
2978
948
4512
474
6286
5168
1999
5191
3803
729
6049
1990
4586
6882
6451
7367
5244
1357
4893
3277
2351
7085
6606
4421
6790
5023
500
2682
3451
5313
214
1255
3290
6471
7763
7313
3059
7659
6337
7374
7615
1892
532
4532
2837
3104
2267
960
1378
3738
865
1145
6637
221
5354
3448
6266
1268
871
3507
1729
2173
3520
6180
7294
5655
3704
393
2237
4828
2371
5696
1986
551
2954
4242
7599
3889
552
2648
6349
7282
7153
5246
4537
6291
4950
7940
819
7071
4732
7491
3757
6596
5181
6258
2980
5092
1101
4638
2591
6096
2176
6693
6209
2371
1161
7040
2782
5201
6102
5722
5083
1289
868
5302
4160
1385
7482
877
4766
4243
288
7288
1711
6332
3381
2711
2150
4851
3099
5928
1082
200
1468
265
1713
5045
5253
4531
1358
471
5081
3012
6129
7261
1929
4850
6649
7304
7057
5227
4887
6404
7081
4631
7471
6138
3284
4933
4001
3158
678
179
4355
2540
1941
2790
3608
1823
7541
5925
5121
7489
1474
5207
2299
2430
7407
6805
3510
3986
2543
7700
6657
6868
6415
2248
4501
5886
1597
3095
6170
4700
741
7311
5161
1964
4924
2207
5294
5450
2950
3578
3134
2549
4498
1708
5843
3406
5655
3119
1913
2540
486
6810
981
5794
4342
6520
1956
3541
7491
6817
6043
5165
6457
3183
352
1748
6562
2090
1563
1367
5275
2466
6128
4683
5014
3361
7708
7576
972
4115
2862
6620
6830
7444
2970
3110
3386
2362
5794
923
7084
7403
6864
2179
6196
7245
2385
6106
7825
3202
599
202
238
7664
3148
7772
3547
5704
2888
7627
2920
5313
5600
2431
4567
6134
5702
553
6721
1072
4149
5402
2397
5971
1937
5793
1666
2142
432
1989
7681
6709
2812
5967
5307
6125
612
3727
3304
561
6620
7610
2357
7569
6451
152
4087
5060
4114
4421
2227
5240
7231
3525
3499
5112
517
7074
864
127
4810
5765
5829
1255
5138
7176
4730
5599
6882
4452
6710
7919
3339
5498
1619
6630
2843
1757
4744
2259
866
1745
1101
264
3608
7382
6353
2475
1463
5823
5681
3432
6368
5771
7742
7739
6962
1614
3700
434
576
293
3231
7439
6820
358
7992
2927
6721
3069
1612
2673
2785
3074
2403
133
3812
1270
1048
4975
3200
7511
4294
7804
4165
6508
6719
7714
854
7705
6825
2741
1103
5922
3366
831
1095
6450
4920
4424
3894
7841
5320
815
3308
1005
6968
2259
3523
2703
4541
1621
3439
7332
7203
786
5657
4350
4868
1937
2636
426
6671
2664
3538
492
611
5243
7760
7933
2819
3857
6568
7724
3814
650
2553
7476
124
3836
2268
7927
920
6318
829
6166
2296
2843
2150
5498
4273
7443
3505
182
3368
6677
7372
1004
5278
7548
2474
3134
6956
7576
6286
2233
7557
715
7984
3820
5608
5468
4532
7469
6095
6897
5549
3733
171
5413
5648
5613
3801
3335
3278
4988
2889
7406
5655
5592
1384
4344
1914
4669
1823
243
6502
5857
3299
7465
523
7697
4022
2627
2133
4162
6827
2370
4516
7285
7679
826
1843
2701
906
6170
4189
3762
3724
6966
348
2932
2447
4855
7431
2794
3130
1719
51
2338
7703
707
4210
5358
6322
188
1506
6875
5681
1668
6739
250
6231
4129
1065
5390
1022
5338
7186
3551
2776
116
6650
6428
1028
981
5871
313
14
4046
4949
3618
2314
7233
6513
7786
5028
4443
2975
504
5199
4215
1009
4194
2375
6290
3472
7512
3692
1626
6195
5345
3757
5844
3303
5543
7088
4495
873
5259
6543
1658
2572
5715
2259
3692
6493
1919
2058
6259
5418
4185
4365
5003
6022
4763
4428
4208
4976
275
1602
2989
1042
4890
7611
5026
3111
6080
671
7435
1790
4686
6696
7533
3153
1667
4532
4092
6099
7171
5040
4628
791
3315
5822
1347
6816
858
7018
1484
1963
5859
3260
5242
7133
5533
588
7948
6039
6278
3122
6871
3085
5203
3870
3012
1675
1574
6908
3381
1488
1062
7705
7567
3433
6655
809
1165
4679
2239
740
4890
7731
635
1254
1184
3245
3875
3195
5336
6066
589
725
2289
3191
752
5351
2251
3072
113
2603
6111
4122
5889
2504
5567
7960
2564
6161
3459
2210
7402
5663
5066
3374
7899
4503
6015
2330
3043
1931
2842
4249
2369
5225
4424
7812
7039
2220
3462
6334
1495
4848
2810
5547
7390
2582
4021
823
5669
3530
283
2559
1423
3832
5120
1416
1481
5127
6979
6722
7653
6809
1371
6856
7738
4852
3261
917
1392
4542
4711
3347
6183
4705
6296
2632
4501
6152
7950
1117
6080
7338
7549
3538
3696
1800
1018
3701
2941
2133
4117
3569
3100
5793
6936
839
363
7428
3502
909
1514
212
6249
7721
4672
1965
1506
4145
32
1993
5112
3724
1285
7358
7545
5729
2449
3549
5303
3600
3987
252
3595
1805
2560
380
5349
1055
7653
3323
147
6252
2566
5915
4305
1183
3328
4836
4230
3482
7807
7391
6613
1278
2019
7115
956
55
718
1987
2282
6604
1590
3159
554
850
7260
5835
6116
3592
6227
2764
7655
2662
4507
599
4424
3752
3142
4917
7974
6316
3207
3860
185
873
5459
5368
2813
693
2475
6108
3021
2
7837
2753
1108
7191
7952
5862
2072
1819
7713
4819
4533
2542
6845
32
2643
6341
4264
6531
6081
5954
3895
2035
4360
6189
7735
7447
7334
1487
3030
1679
613
4390
2730
2039
5575
1891
2994
6713
3129
4307
7654
4929
6234
706
224
5532
7568
3906
6404
889
5799
5363
5181
635
2389
310
6076
6447
7439
7535
3310
1367
496
491
3261
6429
3671
1810
4389
7071
1666
6932
4715
2734
4296
2655
3853
6429
6893
7666
4230
2273
7507
7791
2622
3350
2227
2376
4201
1079
3888
3920
1386
5837
3830
6829
5934
7573
5926
5702
1765
6774
2448
3920
2567
1846
1212
3752
5108
1374
5168
7481
3468
3181
4167
5676
7056
1763
2556
6066
5321
1607
434
3875
6153
5635
7831
1377
4186
6813
2588
7726
5566
2391
1278
7644
6093
595
2648
3997
5763
1589
6007
6880
6521
3523
4484
3316
5589
4348
1102
7145
7584
5736
1111
4937
1538
3289
4925
704
6136
6648
3009
1355
7559
5421
3660
3946
5800
5093
5225
3859
1909
1666
1427
1971
4698
3991
4098
1064
6031
6360
7329
2532
7712
2799
2729
6337
4772
90
1222
1505
6024
3354
1419
5840
6726
7685
2603
7809
3907
2938
2945
876
5218
2250
7922
6347
5149
7983
5531
2775
3808
311
5488
7669
5726
1593
7284
7458
1386
4683
6486
162
3283
6481
6896
3123
3095
1363
4071
2550
243
4438
6757
481
4628
4318
7318
3638
7372
4157
3405
3103
4778
5809
2713
4786
1496
2023
5778
5332
7055
7343
5745
2457
7928
5970
7120
1429
464
4959
5122
7792
6483
5185
5581
7610
1468
7280
7965
6794
2045
6848
6103
7621
1560
5061
6028
2034
4634
2019
1937
5538
789
7974
6083
1557
4601
5237
2496
7184
3630
6507
2033
2094
7693
1864
6368
4552
3905
703
6137
5297
7347
6132
6938
322
7237
2794
3251
1492
4989
10
41
5946
6560
4669
6932
4088
2341
5530
4114
4254
7099
343
6243
4365
2774
7702
7771
2054
2413
5399
1221
2695
2090
1379
6297
103
1061
4232
2356
7128
1494
1038
4929
7990
89
6289
3398
4486
999
6445
4430
322
5766
1974
5780
2799
4012
2039
1678
3934
2789
5405
4430
3787
3394
6126
5921
1759
3266
7356
4414
4564
10
3098
7839
3282
6629
4388
4795
6727
7224
5880
4167
570
5961
2384
1373
3328
3651
6936
5745
3876
6624
4000
4906
6701
260
7505
6161
71
3303
2554
1652
7167
5237
2886
5020
6556
4643
4182
2624
2747
6224
3565
3597
5860
2958
2550
6486
796
412
2821
6012
2022
625
4094
88
5532
6269
432
5600
4849
5256
6745
2063
1969
7905
1208
6367
2258
14
5529
2593
5940
5652
7421
7037
3869
6310
5031
6766
5857
6364
4486
2069
5207
1136
2862
7623
167
3748
4627
2093
650
5870
4943
5253
4123
3222
6517
95
6780
169
5171
5221
4635
4914
7630
3008
5757
5295
6100
1246
1358
5158
4003
3936
5041
5528
6399
2887
5729
4223
2608
7301
4631
3891
1768
969
2412
383
7533
4271
7879
4426
6477
7052
6792
4729
4863
835
897
7305
6447
3264
3250
3313
5105
2649
7978
3383
3340
4833
1346
2844
5228
818
6738
3016
5928
6396
7155
2898
293
5266
5509
6250
2059
963
6166
1736
259
5058
6987
3419
4060
7800
7723
1533
5001
3074
2047
5876
1305
5686
5880
1589
1641
2975
1528
5449
7959
4509
6195
5757
3073
6676
3181
1738
1068
228
615
4915
3670
7159
2848
2632
5933
892
5922
7793
5583
2395
2654
6051
4009
2144
5492
7698
1552
6021
5038
6846
1546
4718
88
2429
1254
3527
4259
6263
4132
5953
4899
1780
6002
964
905
5132
6252
7244
5907
3218
2642
7267
5067
3526
3377
381
6202
2189
7660
3196
3978
4052
6796
3848
2892
2088
4442
1417
5541
7003
6076
4075
6566
176
1199
1150
797
489
5282
6496
6553
63
2797
1480
2340
5841
1340
7907
5873
6561
6807
2220
309
4780
2880
7199
4361
6467
7926
7909
3441
3878
2390
5264
7785
2705
4117
3413
7764
2641
2909
551
1113
2568
1015
2498
2949
3579
413
4166
5743
510
7261
4456
1824
3153
6504
3304
7651
2609
1712
1830
5356
6391
3192
3152
5524
3392
3579
2461
1973
955
776
4836
2931
7359
4567
5067
7324
6095
5942
6355
5451
4102
3621
1052
5138
3488
940
5160
1577
1125
6193
7301
2543
1835
231
7549
720
5810
756
7391
2626
1848
1573
1748
4865
6039
24
3726
1350
5915
5010
5333
6792
2445
3471
4518
3042
6368
408
3276
3642
4892
4646
3433
1833
4176
2760
106
5217
2641
326
3181
4644
3131
3450
4850
7479
5945
6583
6458
3240
3775
3731
5117
3314
6619
5005
7337
1079
848
4379
1228
659
3259
594
7838
2125
229
4732
4230
6444
699
3605
362
2660
2130
1041
6219
2158
5486
3473
7384
1083
4157
5289
3092
2015
2467
2771
966
100
4217
3765
5869
4223
2498
5295
6347
3580
7749
1277
444
3401
974
6833
820
4642
1260
5739
3995
3121
4420
1526
2911
7594
4337
4990
7910
3439
4276
6255
4336
1659
4847
682
5445
6146
7841
4074
7361
428
7829
5394
7710
742
4928
6766
1142
435
6688
4079
6558
1928
1282
6611
1623
3267
1554
3884
2779
411
1328
4911
5559
7686
4707
7958
4443
2338
2313
2708
5552
6107
86
6773
891
4567
4931
6386
4061
124
949
4350
4166
1647
3325
2528
4219
5509
5305
3192
95
1340
1923
764
2996
4556
373
482
1108
2471
1430
5402
6297
4619
7082
6572
4127
6496
7605
4267
5761
7217
4115
7882
4325
1471
756
7938
7335
324
6012
3098
3712
4659
5242
6142
4975
4978
4528
1610
5221
2540
4146
4125
4689
2760
6318
7793
7640
1191
1509
4438
5488
1020
341
7182
5788
1872
4133
3781
5975
1970
4308
3315
4119
2821
4023
1263
935
6138
4707
3346
187
2344
7939
1450
7268
2087
517
3055
3624
628
7632
5739
6021
3265
579
7218
4043
7230
599
3976
2128
2381
7959
7208
1424
1808
4106
4404
3322
3036
2938
1730
3762
6065
521
4842
5933
3038
107
6910
1076
4228
3502
7173
6879
2747
2842
5271
7967
2585
3299
3576
5986
7804
3148
3118
3394
294
369
6994
1345
2279
745
5466
6957
1934
5723
2015
148
6901
756
5989
5101
7439
6913
4447
6595
4559
6431
3520
5160
4906
1062
6056
2134
607
5549
3073
2516
6079
5038
4011
1066
196
2186
4191
681
457
26
7790
30
7186
1208
3931
6124
3415
7511
6987
2932
5186
1912
6242
2002
6095
7007
3180
4119
3857
7461
2807
2547
342
3831
530
1905
3337
3717
5857
4812
3979
1124
2316
4587
2871
4759
5322
342
2181
3473
7112
5761
4597
5813
5432
1150
4561
3258
4628
7775
4280
2569
2938
7915
1699
3587
675
6785
1033
4133
4186
2345
