5061
3309
3451
1062
1910
966
7280
6904
558
1262
4307
6543
7513
6923
5617
6030
4609
1798
5077
2521
4534
2242
5373
7979
2487
2738
3860
4927
2138
7076
6677
2494
3538
2347
2358
7870
2235
6096
6806
1263
1932
7709
4505
6713
5242
3366
7297
5189
7139
1206
3134
5438
5725
5129
1785
1948
842
1110
1771
7479
3997
7258
2785
1246
4377
525
1569
1797
1892
4318
7919
2448
6547
4844
4679
4948
7392
2740
1176
5914
7551
1031
7785
4999
2881
2171
3071
4410
1453
3753
1975
2250
5482
2258
3239
2199
791
4540
1899
4601
716
5479
7454
1872
2568
5382
3758
3816
2903
2171
4219
5416
645
793
5489
2912
1958
6838
2048
5476
5916
3870
7720
7366
2576
637
1445
5024
1954
3214
2933
4249
6097
7384
2219
2669
3238
3687
3302
1403
1217
7751
166
3923
7761
2943
3079
2016
7191
2243
7337
2157
4182
715
6558
2667
7274
1053
4551
1388
871
1834
4646
7725
6595
5150
2007
4202
1430
1513
7010
1936
6292
5911
3714
3621
254
6948
2193
4306
5457
2468
5014
3895
4980
7246
5429
68
619
5266
7498
1100
2422
2541
4948
5053
4985
422
4657
6720
7321
5829
2140
893
7432
909
2101
5201
3186
7283
851
1986
1842
2821
3889
5858
2369
60
2574
7689
6778
2784
4257
7258
7511
4057
3392
4389
6404
4053
6653
218
4237
4956
750
959
1044
7993
5385
7717
7586
7133
7707
1868
3465
4134
718
6922
6642
909
722
4722
7445
5585
5739
2387
6424
5761
7290
6142
7907
5588
6666
4905
1217
909
2967
7148
2973
640
5560
197
5314
647
3659
6392
6184
4370
7079
2760
2596
7519
5383
1274
7323
2485
7847
5651
6075
7997
7054
5314
2785
6557
3498
255
952
5682
1406
7127
3246
7661
927
7987
5324
4921
5382
7565
1185
7310
28
2027
5655
4471
6341
2478
572
4878
6113
2213
2127
2879
7596
505
4355
5101
5909
1913
3651
4219
5720
4543
1692
2329
3945
7904
5042
5546
7642
3906
4062
3201
3171
7077
4285
5376
4513
7967
7311
2536
2886
3544
4447
1202
4305
4680
7194
2760
7751
1162
7653
2050
1678
190
2428
7906
989
2947
4711
5638
5757
3816
5315
3351
1072
5601
1882
93
7601
1630
7322
7383
1891
160
193
5601
3389
626
4129
311
7988
2493
4515
455
4458
6831
1462
284
7225
308
1541
6674
4947
333
7735
7774
1084
7324
1835
5261
819
2745
4626
6216
579
7257
4494
5741
7210
4700
6120
1951
1593
198
3176
3865
7385
296
3450
5017
6919
6261
2404
2155
6305
3208
5598
4159
5807
3399
4393
727
3765
1359
3820
2073
2789
5740
7993
1050
4153
6099
7178
6199
7457
3769
2810
1047
2442
4003
4108
683
311
2082
6421
3272
2728
822
6094
4378
1876
2759
6459
2545
6038
4791
5493
3418
1907
4198
5167
1238
3669
2353
7144
5853
7136
1611
1029
5192
608
1723
4530
7752
1788
503
4809
7626
3817
6632
2154
384
5347
6023
4884
2232
7384
4786
2893
6349
2393
6589
1154
6332
6973
2087
2999
861
359
3873
1958
2809
3015
5773
1333
1623
5052
522
560
6300
3123
2306
3557
2411
1624
1727
241
811
7825
1345
5357
3590
4870
3035
2605
2867
7327
4203
3982
5819
2437
6441
7395
4623
498
6740
4354
1218
5938
3844
5529
5986
7543
5591
3376
6686
896
3227
2614
6144
5880
1028
7831
3600
242
4013
2053
3273
7024
2961
4275
6701
670
1773
4164
1329
3640
3038
371
5341
5149
5111
4495
3843
4089
5789
3867
5666
3721
668
5330
5279
127
7526
7908
1256
4553
7241
910
2673
487
7477
3908
3055
363
2786
7040
6806
155
3015
5325
6314
5260
1992
3456
7460
7959
2677
3716
3702
273
3120
6232
607
551
5540
6296
7353
4050
6145
4651
630
5771
6346
7778
3028
6256
426
4317
4680
4852
6833
1046
933
7577
3482
5845
1020
7557
2565
7994
4761
1110
2276
7039
2404
5916
4505
1334
3362
5914
4135
3149
7808
6669
4273
7258
4043
7431
509
3191
1693
5770
7802
3497
3987
4793
1511
6634
4271
4801
3098
2541
5446
7934
4238
187
7200
2370
7952
3968
4067
6333
6358
4364
5005
5631
7158
4736
2154
5397
5736
7176
4641
4842
1785
3124
347
4080
7391
244
7689
2035
749
3268
3484
4586
6721
881
1625
5351
1905
1698
6479
3141
3537
5672
6410
4986
2406
7379
3785
29
1554
4441
1667
1262
4199
7213
5406
765
6534
6207
3086
7653
6004
1238
5027
3684
2768
5848
2833
2270
7438
2097
5698
2705
2578
1101
6265
3836
116
3131
1393
3365
2230
1586
3564
7072
3080
3591
1115
5235
375
3372
6821
6358
7232
5753
3836
4802
2418
5026
135
4953
4873
7071
125
7108
2758
2948
3247
728
1640
396
3008
7115
6614
1527
3243
7395
3269
2863
2959
4141
7594
5280
4012
7672
3638
3330
399
1494
2853
5581
4760
840
4388
3408
6017
2932
6501
6609
5860
4856
3988
4456
679
4018
7173
3835
6162
3204
3244
119
7103
2378
3074
6155
5670
1117
4693
7886
3447
1136
3945
3707
6364
240
5945
7236
1687
528
1530
5697
6093
7798
7408
49
833
4793
7757
3454
3145
7145
429
27
1662
5914
694
1912
6084
7942
5081
5728
3589
1859
334
3583
3892
529
2716
7286
2979
3915
2528
3333
1117
7369
4943
505
5597
3121
3371
6934
5930
3463
917
5251
4550
3089
3850
6604
1523
7927
6797
5628
4944
1515
7765
1593
1866
6626
6256
5737
2132
2957
1548
3974
6774
3605
2517
5876
4197
2687
455
246
7753
2400
4225
4475
1279
539
2929
3296
2530
271
7688
6823
641
6985
2977
6620
250
4786
4628
1071
3022
7874
5172
7494
2808
7861
3673
4684
7643
3676
3587
6651
586
7909
2456
2954
3282
152
3023
5276
7004
6727
7728
6800
6258
73
1242
564
4137
4739
595
4258
5507
496
1664
3984
4966
324
5176
716
305
5392
5082
5340
2025
4007
1672
5920
4798
4736
5183
4307
1834
5056
6404
416
6727
6196
5315
5956
5418
7854
2129
4559
7636
4208
3821
531
7662
2108
1228
778
6681
5453
7139
104
1990
4622
682
6064
3466
7229
3840
7899
1787
4982
990
6553
5275
117
1381
4873
3273
2324
7436
2832
3651
3812
2242
978
614
2162
367
3632
5246
3845
2129
7137
3636
2326
5172
6180
2458
3985
2947
7144
5454
1673
7853
3296
538
6792
6478
511
4706
1863
1757
6040
74
3670
3387
6555
3261
3623
1588
5973
3517
7283
7464
3302
7282
7167
6771
3602
3294
1973
3666
828
4291
5901
2579
4041
473
6848
1671
531
2948
2515
3657
1753
660
3855
6478
4198
1000
4420
4381
1835
2634
5960
5271
3515
5672
214
149
3442
1972
7613
6370
4417
5439
6991
4819
4686
4568
4324
1798
4031
210
5926
7119
908
1224
5645
4679
1839
954
567
5663
5956
1523
6868
5385
7336
7887
883
631
6365
7343
7340
736
6864
4920
3743
1127
809
697
2661
1713
6913
7780
3017
3632
7024
6950
1825
1564
766
3282
6594
950
4556
582
1837
615
7241
2578
3871
4411
6359
90
5782
4701
3106
6427
6123
4774
7406
1210
1468
3854
7499
6272
3566
7021
2048
5398
4022
6795
5041
3858
1445
3582
4923
5035
5823
7255
5770
164
4800
3323
2675
2273
7749
6267
5620
3214
203
1468
7055
3429
1446
6618
7856
5571
6413
3140
2337
5924
5791
3840
5509
2227
6970
7498
2820
6136
827
3963
7529
1952
1301
4354
6991
3893
1458
2446
6614
6797
2958
5474
2206
5528
6832
1199
6265
4714
5745
1543
6994
5208
72
5334
7508
6598
1031
1804
4642
3855
4326
3259
4419
2727
337
1437
7277
2937
7127
7714
1003
4550
7692
5960
2842
3618
2386
3303
4556
5995
4298
7983
3780
6352
3880
3655
5565
5275
3934
3421
2611
5963
1541
313
6617
5890
1138
4108
7407
2124
3612
2624
672
7897
5534
1086
6020
5794
6860
3510
5091
4638
5927
5170
995
7148
4745
7608
4395
3342
2169
7395
4348
5589
7230
6639
5364
1013
4613
2797
2024
4037
1473
5341
1612
2543
2872
3716
5715
21
5892
1778
560
5960
1693
7853
811
4468
6997
7641
7920
7330
4165
2990
2588
4349
7843
928
4425
3764
963
1196
28
6543
4953
5814
4045
4138
1179
1610
6411
2032
3574
1367
3778
7779
3629
5638
6460
6553
2819
5032
947
4413
5864
2214
6701
144
5977
5795
2511
6497
4048
7644
1613
264
6719
7291
3741
6837
1390
5978
2313
6356
2704
7037
3332
3807
6745
2886
59
1351
6486
2360
6870
1073
584
3485
1149
947
5475
2905
259
4380
5817
5726
2279
2348
415
6887
5388
7882
2390
3712
1207
3296
7700
4539
2442
7923
2611
7627
5489
2160
356
4681
5842
4129
6169
6303
282
3819
4979
6570
109
3516
753
1622
6263
6163
2165
4699
6239
6835
3510
4927
370
2608
6228
7791
7226
1308
627
5740
6037
256
481
81
2368
4524
6331
3104
6941
5339
3426
3674
969
904
2635
4325
4015
3894
353
1380
117
2415
1277
6300
6451
359
4235
2373
6034
4114
2093
7467
7160
952
5310
1301
4931
6420
224
7011
6725
4342
4318
1572
6713
1777
5013
6755
7004
6638
4182
3418
741
934
6522
1394
2645
4681
3778
805
357
426
4198
3298
742
7108
3505
7514
2982
3233
7803
3713
4122
6599
4354
3348
2111
7378
3761
5847
6864
5999
2531
6303
1219
4049
3610
6323
3258
166
4071
2244
6910
2177
5046
2258
5920
4318
7456
3552
1863
2436
7365
922
1088
5919
6036
7810
5243
1641
4628
6517
3516
7972
5656
5227
7352
2946
7689
4507
4823
3524
1325
6013
6435
4973
612
3539
184
6517
1245
1266
5495
6127
189
5654
640
5690
5917
99
4599
7265
1808
6564
3101
5413
292
3149
3672
6000
423
1332
2603
248
3044
1315
868
2818
197
1402
4681
5496
6913
7872
1910
7912
3264
187
1455
473
4018
896
3738
3533
6842
314
5911
705
2070
4228
7922
5821
4134
7224
903
4179
640
1027
3950
6437
7344
3921
3428
6846
3185
6729
6923
6519
4984
7074
5790
6260
6052
1228
4717
4531
5829
3244
5227
2576
5046
4470
2388
4954
5318
7
1196
2649
5513
4475
1377
2472
4716
1414
7434
3343
5263
6322
7102
3524
99
6054
5478
3263
5471
2750
5811
2522
5873
4992
4590
176
3189
6095
7797
6464
6441
4990
5041
4115
1535
2365
5818
3374
5268
4108
353
105
494
4546
1357
4996
5746
7197
211
5989
1812
1725
4814
7172
2068
6060
320
6496
743
6398
77
6997
4079
1495
5939
5840
4958
6813
7089
3857
2284
4177
860
3871
2036
1114
1902
3131
3357
6611
7899
2728
5976
3984
6330
4418
2217
3564
337
1278
440
6738
5737
2901
93
3690
5620
1206
3872
2006
5701
411
7851
515
5097
4506
1829
269
6053
4654
7255
3330
7420
5727
3448
3693
5952
4912
5739
3789
7793
6921
757
4230
7701
6918
3600
7457
4136
4180
2643
3152
3311
4021
3424
6999
2455
3314
2288
7897
4066
1479
4226
3595
1649
1423
3476
4344
2555
534
4819
1155
23
6250
2360
5362
6766
6876
5689
5100
16
4419
5084
4483
7095
1253
1235
7133
3740
2558
6341
5006
665
7569
6775
3262
60
6558
7431
5956
1979
5137
5253
1346
3799
4336
278
4159
3656
4442
4283
2664
3132
1971
4469
5070
3459
3355
6987
4399
2521
24
4227
708
305
2200
1200
1112
7729
2620
4751
3514
4255
3078
7310
7633
1837
3842
3602
5523
151
6982
2630
5683
6033
5862
3105
3229
5341
3147
2951
3262
6348
182
4536
2637
6519
2079
1770
5548
4747
5932
7579
5515
5405
4327
261
1337
907
1525
1622
7347
3751
1046
1259
5382
1401
521
6462
6075
7587
7286
5592
2522
7422
5927
5154
2208
3759
5678
6251
2268
552
6731
4686
6095
4865
3262
2311
1324
3611
4726
7744
1451
5611
295
6840
2997
1953
5041
3966
6646
6578
2746
5813
6710
2311
68
3248
6694
2563
2802
2763
6276
7052
5057
4744
6593
7787
1275
4367
3823
5326
2182
3095
4203
2689
7342
3276
1110
2640
6343
756
3919
5918
3467
6999
2957
6911
7020
1211
7679
3422
1716
7153
3140
3306
5028
738
5591
3153
528
4271
1191
5368
986
1348
2245
6812
7725
4161
4873
2912
3637
7122
749
3446
1924
592
6766
1071
1404
4001
5847
4110
5405
3680
4490
6796
2843
298
5393
397
2233
5809
5569
798
1028
7071
3352
5859
2690
7591
2014
5509
7003
4025
4502
7749
3832
7578
5081
1406
2050
4220
435
4053
4521
355
2087
2988
6780
7709
7210
7905
2024
5348
4377
3714
5177
5713
7338
4538
7237
1918
7337
1826
6562
6525
1686
6191
2429
4458
1226
2178
1638
3430
2155
115
1748
5502
2316
3392
4891
7326
1170
7032
6150
6939
6882
5034
6194
2416
2924
1274
2524
3710
43
1219
1575
2613
1976
7886
7379
5806
3232
7040
113
3128
1496
5015
7663
819
1587
4257
2839
6705
4605
2983
246
659
1254
6217
2828
7802
2598
6279
4999
5335
2617
5135
7987
170
2449
5857
4679
5760
5406
3060
5254
53
1589
4727
3538
736
2606
7047
4516
4801
2319
7360
3973
7897
307
5087
5902
2383
6557
3909
6958
2816
7224
4094
2443
7390
2909
5252
6184
2114
215
5232
1366
4295
6123
7937
4146
906
5354
7372
7066
3054
5291
327
1561
4526
3203
3062
5193
1108
2769
2654
5926
2037
1581
5479
5514
279
3398
1631
2226
7019
126
1788
5847
2160
523
1776
3422
2552
7563
2520
4971
3889
3348
1654
4598
5120
7601
6271
5368
7787
3061
5421
4344
3738
51
793
2275
5784
242
5945
1682
1922
7272
4117
4809
3054
3951
946
2776
2018
2573
2739
1037
1260
4455
7300
7552
2525
19
4056
5585
7723
3543
2344
353
1909
7388
1771
3869
7660
1828
2963
6850
7809
1846
7440
3921
187
182
6445
7623
7362
375
2571
1824
5191
3451
6526
7896
6276
1461
26
2732
2643
2579
7865
3382
590
3791
6325
4611
3840
7952
5864
5876
2795
4931
3868
7469
5810
6232
4409
1051
5437
931
3542
6132
5411
2217
129
150
5742
1599
1207
5980
7433
1365
133
1873
372
197
7470
2319
1171
234
2270
6919
3533
7425
6518
4750
4535
1644
6277
3518
1948
6200
6118
2713
2937
2661
363
7398
6178
7719
7165
5697
7418
7524
1898
4211
7500
6399
7309
5742
5817
4212
2839
6868
7924
4327
6770
4687
1581
5849
2020
1735
6571
7492
4523
4792
7121
3039
2239
4770
565
2251
6355
2425
1025
6654
5633
948
7605
3447
7411
4577
5492
1361
6259
7143
5956
5626
4133
2942
222
3038
5805
5076
219
5172
2920
4954
3594
7492
1903
7546
3451
1931
7677
6177
5644
4056
7414
1880
1370
2655
2536
2987
4556
5429
807
4045
73
171
7269
5989
6028
4978
1734
4455
4974
1479
3859
4618
5899
2504
4589
7291
946
2316
1392
6646
6366
7952
7190
4003
3888
1036
627
3989
3694
2565
1277
255
1505
7923
7941
1463
2428
5882
5906
2839
4305
6517
6951
6083
4141
4515
3
3859
880
1665
4171
6584
2443
4622
4926
514
458
1610
4775
3087
5226
3476
7667
2938
4002
490
5930
335
1303
403
2968
6935
7067
6718
473
7100
5943
6889
2716
3001
1330
2527
2911
2499
408
2193
4904
696
2505
1803
6635
2833
4662
5540
3360
3331
6014
1562
4180
655
192
1285
3551
6680
5435
2112
4028
3953
3518
6455
1736
4252
7054
2684
3388
5997
6640
3410
1797
6608
6192
5392
7019
4677
7371
7636
6551
6001
2829
7282
5632
122
1802
3079
3990
3095
3837
3375
2913
3445
1704
2261
4588
2394
5890
72
5983
2362
1252
6335
2607
3820
2508
4058
1253
5402
6313
1685
468
3782
204
4778
1979
5487
4733
7142
2910
1794
6801
5555
7094
4695
7300
3201
2398
4054
4527
3274
1503
6819
5487
3421
3138
6354
4740
6078
3879
2227
5670
6705
4491
417
3779
7615
5934
3104
3435
4107
247
494
1450
6738
1812
2695
1781
3898
4395
4159
7297
1538
2085
5944
3935
2055
459
6175
1101
2607
218
2183
487
1901
5335
459
3631
2923
3295
7177
1385
5128
4812
7592
2422
639
7994
6740
393
2507
1025
3557
5424
4521
5784
401
277
3193
3911
1154
7019
1256
7998
3155
7296
3102
1036
3022
183
6407
4253
7041
4029
135
2537
4746
2414
6200
4796
1094
1469
407
5144
879
7583
4457
7761
369
5171
872
962
5040
7746
2634
505
5286
6795
3398
1775
7253
4973
148
4885
6317
1686
4110
6317
2488
1109
6847
1078
6576
1432
5963
7386
5497
1759
5464
3287
3793
2912
5989
1211
3756
206
952
7179
501
4879
6060
7140
6973
3051
6911
1171
5572
1439
6932
7220
7686
4302
644
1476
4524
5784
4655
3023
4703
2249
656
5861
3934
2576
7803
2693
7486
3275
643
3197
7251
5058
3810
5407
7868
2926
7648
2445
4413
7980
2301
5508
7293
10
2376
5928
3099
1128
1554
7907
6911
5060
6357
705
1075
1444
291
1412
6504
7629
7645
948
5237
6569
6933
2883
483
3276
4176
2448
1191
778
2963
1274
7884
6227
5913
7772
7815
1078
4454
3139
4852
6611
1809
701
4534
3840
6827
2189
3986
2236
5876
747
4763
3456
7456
1871
6657
3278
4284
3995
3666
6341
5349
2094
350
6663
4203
3200
5208
3769
2604
1014
3101
931
1731
328
5447
3223
3862
6239
6508
3447
3436
4794
5914
5716
453
6579
2255
5406
4943
3548
5930
2816
5912
290
7325
4321
6474
2304
1508
5368
1403
3232
7162
1353
5166
2
2641
1248
4370
6193
6252
1942
2969
1346
1141
782
2621
7282
2944
7562
4458
6519
5465
6287
1520
1532
3992
1043
5976
1084
415
122
7055
6020
784
5379
3358
4772
1584
3496
468
114
1386
3580
2102
1979
7765
3250
3806
130
3313
2406
1575
415
7889
3996
3934
2794
5785
4777
458
1143
5586
254
750
7437
7106
649
4558
2397
6871
2210
5583
7134
6321
398
4964
4968
6971
3722
6355
6567
3590
5713
3090
6930
5713
5132
3314
4755
6052
1819
4005
6877
4652
2936
4042
291
1671
7846
1414
6359
1570
19
1055
2373
5587
5795
3804
3176
5536
3034
2253
7153
1743
6969
6719
2521
7590
307
4142
7500
7896
7515
5893
7719
1527
2319
3234
2395
6695
6571
3166
7557
5340
7045
5571
3148
4622
2436
2554
6523
2476
6045
6571
4634
2086
4954
5191
4067
3580
5183
6546
1079
6566
3408
4629
163
2867
4034
528
5245
1793
5632
7410
7829
4751
6762
4074
160
4492
2059
7205
833
985
3196
4984
1244
2163
488
4924
6430
6644
7512
4674
1918
1791
6793
6760
2239
6593
5619
3736
6999
542
7927
4769
7687
2337
6793
6553
5834
3000
2828
621
5116
6047
311
5297
4302
5179
1524
6069
3463
3560
6836
7876
7120
2306
7503
3940
7786
912
204
7550
7565
4287
1035
1025
5356
3565
6048
195
4683
6112
6510
4648
1951
2043
3312
4550
4394
6444
6840
2118
7603
4439
5311
5235
4000
4530
7938
5313
4587
5576
2250
738
433
7366
5852
7531
5840
6285
2975
6185
7195
3327
995
452
531
1844
2269
5711
5682
5796
2040
6703
3407
7011
2124
131
2918
5311
6784
5403
6030
24
1596
4010
5980
7603
7456
2735
874
4389
7027
177
1653
2434
4453
7499
4386
3509
7841
2266
7742
6516
6285
351
2761
6918
720
1551
1237
2265
5240
3906
285
6157
3981
7537
7741
6900
7152
1725
5465
5808
374
2020
2684
4753
6356
6537
7609
1350
5870
933
3571
2100
4407
3652
1050
165
3808
6096
4452
262
966
2929
189
6933
2298
2322
4230
5873
1252
765
4669
3241
5944
3710
3738
3829
6968
369
1552
2674
3845
6990
4483
6883
3249
2081
2965
7060
5362
6759
1938
6951
1733
293
4087
6638
4281
6212
7729
2236
5653
2392
6666
2954
2706
6717
2096
3955
4264
6112
4544
4271
5983
4400
7873
5394
5608
1466
5621
3928
5309
2737
5338
1073
6481
2250
3270
5055
6652
7976
4164
4163
7583
6401
7765
5686
7604
2891
6761
7291
775
1794
5432
5598
6117
227
1795
7575
6098
7081
3353
3334
6606
312
7401
2223
3428
6179
274
201
1594
3011
2163
649
5313
6884
4346
6478
3260
6495
252
6088
6373
5973
2932
2898
899
1413
5253
241
1543
1504
7047
2308
3010
5646
2961
4415
4581
7485
223
2501
7480
7029
3438
6955
6063
2654
6121
4856
5127
2479
2700
7677
1293
4355
3849
6579
4396
53
1811
5107
3456
7487
6254
6848
531
7819
7192
807
4281
7447
3614
4917
4773
2521
291
5060
6918
7415
5210
1924
5659
660
4693
5406
4299
2707
6933
2778
7893
2926
1953
2826
572
3217
3375
5985
3306
6205
6336
543
925
2293
2697
4764
7590
3370
4290
3321
7730
6049
2772
5290
1431
7443
3569
7956
7099
1567
7906
3737
3203
2367
1622
6948
2031
5818
128
3406
6482
2931
3206
7147
4284
2131
2079
7219
6658
5772
7343
4851
6881
6626
4898
1944
7424
358
1175
4313
3417
5570
4626
6411
2807
6389
2922
6290
7504
2441
4980
6853
3985
2831
7953
3259
4010
3452
4628
6758
154
5553
7860
3680
5053
3957
6268
815
5976
5968
2685
5730
3913
4508
5383
3379
5533
3155
937
785
7931
2136
5903
4529
2286
2120
294
7688
1014
3949
153
87
4397
7409
6406
5865
4799
1577
1082
4956
463
7214
7771
1542
1106
1795
4228
6500
7570
2267
901
6471
3495
7605
5541
7934
656
3885
279
7219
1819
764
6711
4455
5696
7216
2491
6203
972
2704
924
3047
5138
6025
1449
7250
3265
7601
39
3301
2796
1616
5540
5654
989
2161
6645
7663
40
7992
3000
5506
5997
101
6429
7209
3008
6960
2955
6983
5578
5933
6735
3015
7255
2458
4645
6681
4052
92
2909
3275
1409
7765
5424
7305
7855
4288
2763
5423
2307
1189
505
7706
1685
967
7609
2258
6825
5309
817
539
3891
2583
5877
6690
1015
7563
3467
1592
7598
3785
3826
2307
1268
7644
4420
2560
5538
2826
932
5560
5230
3653
807
346
246
7256
5816
6202
3483
3530
3453
6400
3434
7406
3339
5931
5952
3893
3751
4135
1305
2700
7464
2032
2639
7675
434
3807
3253
6694
3381
1651
548
5164
652
1730
3641
4105
4837
7988
7150
3335
2141
1712
2898
2460
1404
1633
4554
3395
1874
5216
5858
2380
1218
2244
3319
3404
316
7191
7770
6755
2542
3505
4293
5380
4859
4108
2026
6563
2770
2329
4478
4510
7073
1468
5001
2912
399
621
6556
7887
5069
6994
2061
3393
941
6100
2944
6316
2353
40
4027
726
7554
4563
3768
2524
475
7496
4241
7237
2915
4124
4368
3020
426
6584
6994
5546
2329
1606
7687
7898
6679
5170
1573
7373
7469
1135
2706
1918
6869
93
2672
3779
5236
1037
3351
6275
6117
2625
1047
2847
5282
7286
2007
2570
5475
6418
4744
3734
4126
5478
2460
5403
5749
6864
4131
4696
7291
7069
7209
7069
5308
2573
1050
7013
3621
4773
4924
2077
4430
4820
7711
6958
546
6676
2061
1098
5556
1570
4107
1009
7072
1868
1815
7303
2235
749
4273
5293
7376
1029
7457
1527
3702
2566
28
1065
1513
231
6978
6932
730
2570
6131
3128
2702
2073
5703
5986
4763
4415
6301
375
6072
2651
7046
5209
7744
6776
4500
7465
2310
3959
3577
2509
4920
608
5305
5756
5482
6547
684
210
1763
5379
1243
1050
7494
1346
7473
738
765
119
3944
7700
3812
5050
6499
2679
3470
3848
1233
2408
5408
6413
4578
5306
1442
7369
5202
4805
3410
1454
6132
3257
5026
4191
6313
19
4403
4322
113
4133
2371
1084
866
4324
3535
6642
4597
6213
7735
4236
7670
5457
6657
4878
1984
1852
4773
3003
5272
4936
2873
5019
7857
2460
7519
1716
7623
4204
6606
3447
6365
7645
5340
3977
907
1679
7346
3972
4234
1772
2464
6729
3121
6011
7479
1219
1529
2191
4771
5538
976
7556
3552
1823
3195
2596
1288
3744
3928
4612
695
3020
435
7786
6679
6068
7877
2596
2842
3550
1327
7522
595
882
5192
6923
214
6993
5554
7512
2354
1750
885
1264
6838
3505
2543
433
2680
743
1358
5615
222
7831
5323
2671
5694
3235
1567
1227
786
7807
7916
5743
3312
504
3390
2460
2907
1400
2418
6435
2170
4107
5671
1893
7604
1875
4022
5825
3011
1303
2716
3006
6970
2901
1236
2602
5971
362
7365
2696
783
2073
215
4921
6891
5563
1224
4705
6550
3651
6617
2822
2829
2643
6572
7531
5949
2555
6028
2746
6100
4342
1977
300
4156
4104
3195
6328
6460
4670
3866
4265
2202
3946
5951
3966
3922
1039
6393
7606
4269
6779
5876
4912
4282
6961
133
103
7798
7461
6306
250
831
5408
3120
893
7952
7208
1700
2016
7447
429
4917
1086
5666
660
2804
6137
5243
6963
5070
4299
1974
90
3255
1701
5907
319
4952
6667
2538
1991
538
4752
1192
966
5029
4858
6436
1788
3336
825
7067
1058
4625
3537
953
6849
5537
2566
4896
7176
3827
5873
7668
3869
3721
6084
1416
3026
7610
773
5361
4154
316
4357
6051
5887
1284
7825
6048
1229
2885
7835
5349
1123
3914
4782
4485
4114
1222
3017
957
650
4928
826
3271
6575
3649
4398
1759
6532
3852
2765
327
4126
4715
3088
6392
6187
1324
7746
1112
7683
5214
3173
6018
5243
1664
4685
1387
6189
1764
7426
7679
2392
2896
1496
2278
5874
2066
967
6705
3659
1551
912
6291
5916
7530
2429
1722
1085
7427
1172
6720
4171
2734
1093
1560
5058
4809
5257
6463
5248
2039
5469
3604
5373
3408
4011
2635
1515
5448
3031
7622
4960
2342
4133
4479
6082
6435
6313
7036
3450
1001
4887
3713
3670
5582
1265
1195
1525
2656
3607
4900
795
6791
3661
1892
1131
6243
3801
1441
5066
725
3103
4876
648
3199
6858
2498
5680
741
2256
3659
1057
764
4350
1300
7098
7621
3862
5690
1158
2219
520
4553
2096
5908
1697
3729
5975
6463
2773
2955
2960
384
4223
7811
4794
7421
5677
6230
6936
5960
787
1185
4857
1782
6460
1157
5760
3828
7066
1975
182
7371
2109
6727
897
4360
1309
7787
4025
5585
904
1375
7379
1988
2653
4523
5842
1193
5000
3062
5361
6883
7984
831
1653
7335
4447
5338
2049
3895
2759
1124
3737
7664
1663
3612
504
2301
659
1668
7297
3910
6093
6776
1873
3439
1396
4255
964
3171
3250
2179
5615
5903
4003
674
7704
6496
5064
7627
1535
5627
988
1759
365
5407
7200
6368
4345
1332
5121
1499
5202
637
6162
4121
2247
401
4385
2902
7233
7238
5496
7054
7850
1284
3897
94
7928
3179
3744
7408
5473
3847
5517
1823
5782
7997
5680
6144
3726
6760
5009
1669
2201
4715
104
3955
381
2477
2937
6369
4968
4417
3796
5842
3545
2928
4474
1500
669
3042
7813
7655
6396
2747
484
5342
5968
4329
3045
1667
3968
6804
5811
1292
2201
922
4989
1462
5698
2607
5212
2629
2037
6129
2756
6472
3539
4212
2373
3772
1720
3208
1686
536
6529
6448
7806
1135
5151
6224
3283
664
6965
2696
2720
39
5194
7398
2145
6794
4023
7100
3832
2637
5405
4867
6376
3490
4159
1108
3153
6543
3065
5731
5716
377
4508
4562
7237
7998
3608
4624
4793
7738
2163
2430
7531
1772
704
388
6872
7077
5803
2888
2965
2059
7439
4959
3105
220
1451
56
1376
517
1353
3225
2890
652
2728
6106
7761
6686
469
1180
7369
1965
5467
4516
2880
3975
3150
1346
7091
5184
6199
3694
6177
2153
1240
5849
3878
7373
4268
2832
2290
7201
4950
5046
3264
6062
6223
5877
1580
1676
2350
7569
7357
6627
3530
3916
4621
4763
7085
6539
4324
1249
2311
6462
479
6925
617
3126
5321
6526
6352
7721
3282
2034
1832
7462
5458
2820
3806
6913
5439
2822
4839
1683
3945
5221
3951
5720
3103
7887
7520
1477
82
6377
93
665
6832
1704
1355
2720
383
4096
5560
3214
1038
3425
6837
5084
3272
805
1095
2443
4455
6792
5720
7734
3318
7662
6929
7368
64
6694
2745
6463
1991
7969
5153
1837
7422
1197
5963
7382
2714
87
5837
2264
681
607
7935
3899
923
4515
6756
273
2228
5056
3374
346
3893
3075
4355
6072
5951
6385
5425
6214
383
890
6583
5369
5183
2902
1206
4625
6571
4415
4371
6596
6803
3427
1681
1920
7034
3263
3972
3127
4169
66
4843
2127
789
6965
4173
1087
2869
6871
2406
2656
1080
4954
6618
2788
5103
3370
6851
3099
5119
593
7692
4924
1844
5730
4656
5534
2750
383
270
2771
6743
237
3121
1933
7237
507
1760
1309
2772
6239
1464
1963
7723
7418
2529
714
902
4471
6712
80
5279
6327
1967
7141
5957
5830
5215
1970
2184
7327
405
1199
1919
7820
1031
997
6008
5847
6711
4788
677
2452
3978
7776
5178
6586
330
6030
4520
4655
7058
934
2166
3997
7746
7103
6056
6285
4387
7146
236
6460
6524
4179
7643
6429
3723
1681
1961
7567
7384
6841
5252
4966
2713
2801
5127
5921
562
1237
7649
5056
35
1989
5594
6260
2017
6925
4677
2196
2768
5019
190
235
6083
1500
1664
6380
7622
1186
3076
6027
54
2577
1197
6345
1735
5083
4027
6485
1468
3354
1156
5666
2620
7734
118
7319
7272
5740
1763
5070
1145
5013
5860
7562
2727
5161
5407
1338
5050
4258
1980
7261
6452
6070
6395
2654
4790
6584
2612
2230
7043
2004
4818
4090
34
5345
1197
7727
3815
7134
737
444
1927
3707
4076
4700
6456
6775
6954
1455
3758
5414
3015
4000
2103
6297
764
5676
4392
4694
5901
5719
850
379
5048
2258
2812
2783
6122
7454
6205
4724
7457
989
2363
7522
6699
3109
1521
7927
1284
