4037
3865
3430
2427
5842
661
6589
5015
5205
4152
5914
4648
4904
1816
7259
1123
3196
1018
6739
670
6262
5083
7904
4581
3601
6580
1106
2113
7391
2194
3291
1443
734
1269
5271
3660
1885
4339
3621
99
6179
7560
4586
1956
7336
2824
5161
7355
1071
5716
2752
7282
7599
5704
67
7181
3075
3116
7955
2692
3352
1300
2075
4293
7997
3522
6197
2235
6242
1056
4504
2597
734
7168
7111
7960
3561
4911
2505
441
685
835
6493
2326
405
2043
7998
6880
7016
5513
1749
3570
4009
4815
2583
864
5949
3695
5158
1107
350
1863
894
153
789
2804
4553
7837
5408
1472
7545
5582
3228
7540
1343
1955
5248
7745
1711
1680
6319
2177
4007
3137
7970
1814
522
1808
7378
5235
7839
4595
1322
3510
4763
7217
4226
1955
2748
206
6814
7923
4089
4705
1396
6469
7907
2324
5987
6938
7222
2844
1382
7593
4388
2879
1222
6383
4517
241
1943
1874
2703
4806
6935
5583
4416
4746
6449
5459
7232
6876
4262
956
3563
7800
2432
3312
2535
533
3305
3449
7318
6418
2237
391
4002
3513
1420
3570
226
5616
7745
6608
7641
3265
663
4988
7248
4476
3572
3152
442
6702
5262
1124
1339
7387
4241
847
4764
1584
7573
3537
6388
6385
2497
6295
3900
4329
855
6710
1837
191
2641
4205
3397
3727
1491
1887
5340
1342
2205
3012
7546
652
445
6000
2989
5075
1654
7188
2961
2027
71
2831
1398
4618
4472
1707
945
7561
7105
149
4889
2985
430
1705
7567
7404
330
5537
5783
4591
4535
4619
1664
5561
565
6545
7475
7551
305
2166
1938
4282
2633
1735
6929
6335
795
6693
6128
742
3951
2664
3475
2480
6998
4673
7531
3738
5294
5236
6900
6468
7028
1316
655
6144
3942
3199
1169
1060
1258
4629
1012
485
5311
618
3591
7409
1664
3462
1912
230
7640
1693
6702
2440
1879
4042
6527
4913
6912
166
2096
1844
2433
6105
2512
7565
7883
7842
363
4205
2401
2471
3232
1968
6184
200
6972
7129
5381
2650
6702
7346
5047
5508
2069
6994
1802
2664
3422
5900
5900
3654
5841
3337
1913
3403
6501
3484
3878
444
35
3864
7731
1743
7491
6128
4647
6406
6272
992
3058
3009
2050
7296
2952
1825
515
7728
1855
4568
7557
4008
1070
3655
6739
3891
4737
825
6655
5007
7616
2480
7525
2531
5106
1129
6683
299
4990
5659
5853
7958
6624
4979
527
5149
149
5945
2970
775
4553
733
7406
3753
15
5302
7248
4505
343
1407
5576
5798
7583
4431
2062
6436
7494
7908
4690
7432
6322
6034
7933
2892
5343
6903
7866
5455
4619
7933
5524
5750
2502
6044
7245
4716
55
6924
20
5627
109
7712
3589
6064
1881
4881
6710
6976
1025
726
4338
7553
5432
1874
7400
6212
3520
4012
2549
5107
3216
3736
6242
1362
6743
7828
7127
4495
502
632
1724
3145
2949
5488
1189
3730
3397
4045
3481
4461
5221
1795
2330
6016
1306
3679
6256
5216
1291
1183
6192
5087
5203
865
4304
2512
7476
920
7247
4395
1011
1434
3544
3693
2835
5413
935
6679
3780
759
8
4332
448
1969
929
7860
2860
7865
7856
12
3331
1367
4234
7689
5362
3990
7437
988
3479
7873
534
5232
5702
1943
5225
2818
6611
2074
566
995
5595
7135
5979
4065
2166
7564
2591
5631
1912
4197
4246
2175
527
373
6551
4379
920
7710
5240
5392
3731
2728
3177
3933
1713
6901
3904
4191
2287
6007
5930
4698
4688
5495
1537
1
6250
443
3100
6129
1543
2976
7173
4897
4587
1579
4654
7958
1299
1380
971
7816
4379
5657
7225
1960
4683
6828
2517
20
1667
2705
3662
5443
4772
5514
6174
894
6504
2588
6581
6630
3882
7598
4067
3013
79
7187
3743
6711
3722
2312
2553
3999
6801
821
5366
3702
7099
6261
5068
1505
1027
7692
856
3992
406
4976
3568
5304
7301
730
3001
2894
331
3295
3373
3366
7417
7403
7939
7735
4030
6135
6626
3266
4447
7134
5812
3260
7108
4749
7001
2739
960
105
4607
163
7355
7054
7353
3125
67
2660
7687
3999
7950
5110
3566
6748
261
1786
4201
6378
6920
4092
3905
903
5141
1469
263
3132
4443
477
7865
6529
7871
3983
3947
5119
2974
3396
1920
2794
2481
5740
4518
3494
5983
6490
4080
4123
6111
697
6949
7646
7404
3596
1505
5407
2171
2997
2669
2010
3341
1978
711
4031
2547
4145
3903
5358
5499
2567
774
5558
6458
1459
4739
206
2664
4272
6886
5984
1141
328
2219
5063
1826
4177
5370
2769
6024
3672
3352
4492
6060
4366
6244
2897
5989
5030
273
940
1512
2070
2265
4080
573
5307
6157
258
3121
5727
1511
2039
3202
4087
4240
300
160
6141
6160
1341
245
3103
6907
2971
3503
167
2825
2964
4665
613
6663
7369
7118
5826
6620
3260
2998
3911
2768
1743
2856
5161
208
3232
7954
7525
1411
6197
5408
4979
4720
2772
4950
7342
5772
5433
422
5027
7939
2153
2550
6192
4479
6372
7399
288
6696
4068
7268
4507
6981
3480
2126
431
6391
6407
5103
3241
6735
5800
4118
2049
4022
5352
530
1773
5460
3006
7886
5779
1198
6449
3156
702
844
5367
5290
166
7328
5687
7298
62
481
7956
7007
2962
7825
48
4384
5628
1456
1846
3379
5648
3233
5834
3913
2161
4475
4690
7117
6271
24
1281
4210
1188
4219
4785
3261
7464
493
3637
7306
3413
5031
1444
7807
3908
1014
1004
7726
6430
6716
422
6508
5362
898
728
7773
3968
3374
342
3245
6976
7053
5986
7922
2658
707
5117
3680
2733
5342
7425
5269
4891
7202
4475
7858
3198
4099
1209
1125
2790
1133
5883
5886
3916
3637
2671
1932
2299
7865
5000
6520
863
6071
7928
977
3655
5948
2977
7554
6153
6633
4870
4702
7275
7441
5075
2599
4714
2070
750
3347
3821
3071
1991
3875
689
6367
2858
1547
486
7724
3536
491
808
4427
4208
1116
1051
4776
3422
421
680
6063
6049
1542
3453
3391
5120
441
5482
5353
6159
6534
1618
6426
7354
3217
5988
3108
4069
3473
3333
4282
5071
7240
1231
5882
5077
519
7861
291
1563
3053
3829
5593
6952
4378
2122
814
6573
2709
1423
2954
1265
7116
3857
6814
6877
7662
992
7466
524
2347
4386
2740
6550
5418
7011
54
3798
5291
4501
4503
2176
226
2059
993
3011
7561
48
6072
7494
4890
5964
904
4141
7700
3735
2693
5458
7308
5948
247
2513
5674
6225
157
5308
3266
1236
3126
3724
7277
5500
1130
3756
2444
3708
505
369
7516
7086
3798
363
1128
7224
2262
75
339
6287
5412
7031
3497
3452
441
954
385
980
2751
666
5270
6691
6335
3780
4859
5786
5654
7642
4084
5500
2472
6324
3651
7020
6713
4987
2412
2802
7488
2666
4664
123
4500
3122
2002
2016
3659
384
4067
1406
4969
7675
5116
5175
4038
782
3466
968
6013
3424
5655
2277
1079
1977
3014
2945
4639
3573
4496
5482
6008
7346
7513
1702
4818
6130
3373
1512
7512
1354
6081
2946
6474
2995
6353
1410
1683
633
6743
2179
5366
4984
6595
5038
4944
567
7690
6696
5128
734
3970
1600
2704
4146
2515
2139
2291
6531
2425
678
363
6126
1217
815
976
4247
2676
6293
423
115
5566
3017
4383
6142
4398
819
3122
4234
3453
59
169
5362
2962
6333
1834
7216
6847
6405
5442
5939
3275
1117
2129
6545
4033
4276
5946
7288
4328
6468
906
6989
1655
7566
1007
646
5414
217
1136
2324
5477
1732
7024
7624
4142
1107
565
6355
7130
7375
1791
6063
507
3804
5845
6014
3042
5292
7259
3877
3450
3949
4060
3271
6738
5582
93
6351
6303
4718
1948
926
6113
4699
4820
5696
3677
823
377
2684
7144
2873
6468
6750
4635
528
1848
3037
7047
844
1632
1229
5592
5113
261
7248
5870
1826
4266
6581
637
1642
4028
1467
2310
3802
1518
3846
5633
3452
5892
7290
4052
4579
250
4069
5791
4589
6112
2611
4304
3961
3278
7268
3464
627
4984
2599
3744
4360
6494
4721
3048
7253
1082
4236
7686
5447
3827
6700
1023
605
6624
6102
954
1011
2222
620
2053
3015
1
237
2475
6119
5042
2856
2120
5980
2936
2489
6378
7146
1634
4396
3288
5254
1362
1311
7091
7197
1951
5996
2818
69
4397
4434
2908
1665
3450
7744
6039
4112
2743
3946
2223
6824
7356
953
5360
534
3428
1193
2095
4239
3400
470
1604
4987
1449
7451
5820
4464
151
3401
747
498
3650
6811
2188
5554
2224
1002
1585
2081
2507
6985
1897
2636
1332
1348
3162
934
413
3115
2578
580
2025
4999
7278
1130
7499
2648
6535
6662
5822
1229
2076
2515
4626
1100
6455
389
6253
7228
3295
7900
3043
6116
4287
2710
6536
4581
7492
2841
6734
6662
2262
6318
3071
2718
931
1325
6555
392
1206
6281
1812
7160
6469
3574
7689
4692
7545
1851
7552
5734
3260
3693
2624
6142
7416
3291
5644
7770
5398
1034
7562
3095
71
3034
7655
1556
1142
1242
6326
6803
6108
2611
1825
4927
4811
5522
6473
5273
1718
3223
1509
6646
5375
5109
6531
4776
5161
4790
3860
5843
6307
6473
1645
5464
7992
1815
1322
4632
5490
3228
1794
387
2127
1501
3662
1768
7253
6635
2158
3895
1061
3574
6484
4916
84
1661
6672
6979
7587
4464
4946
1904
2624
3175
2001
3917
7079
348
2606
2196
7323
7466
4161
4998
138
2427
5103
4634
6460
1622
1274
3351
2121
491
7338
87
3655
3289
6508
7007
5036
3977
617
7302
5331
4903
2248
400
3025
5836
2941
5361
3987
1670
4131
789
2252
1815
2159
4102
744
3806
6962
1094
6656
6745
4019
1041
3190
4584
4271
2686
6574
6609
1687
2994
1933
4243
5752
7343
2113
2538
3158
5117
5464
1217
3921
3007
5401
861
3285
5660
5796
547
6262
1630
1239
2342
1260
5746
5495
529
7659
1344
7781
7801
1253
1992
5007
1393
850
5134
4190
2820
3558
3606
406
4225
7613
437
3374
7413
4183
2083
7125
2472
5280
6968
1157
1556
2627
6218
6955
6854
2144
6635
2904
1003
6256
6298
3264
4904
5056
2223
5623
7811
7276
2019
7307
5686
1999
4943
5583
2878
45
6637
7908
1262
899
6006
4722
4008
977
707
501
2229
968
7112
5668
2283
790
3159
820
5438
6837
2665
1105
5301
6557
1090
1797
2302
7332
2866
5536
5303
3349
1217
4318
7546
1897
903
2905
3361
3470
6682
7711
7882
1012
6251
7580
5657
7160
6046
2400
1881
6601
4821
6439
5225
4657
2866
5323
2329
6884
3774
5567
4125
578
2843
7473
1286
6044
202
7112
6908
4935
2113
4135
424
3773
6032
4293
7119
161
1372
4109
354
7845
4006
7226
7888
5652
2006
478
5264
7083
6059
2305
6815
2102
1314
1776
3987
791
2198
1801
1117
1756
280
4523
163
3654
1107
1640
7504
6276
7744
4384
1761
5985
5622
3421
3770
4549
1027
3366
4033
5820
1848
1358
7803
424
4262
3048
7381
7145
1061
568
2352
630
5077
4542
2194
6041
1010
4617
5121
5023
796
4415
3492
6377
7550
500
3625
3200
1015
3015
3839
7484
6350
4171
6145
1897
4135
3516
3933
5807
3660
6958
4670
3380
6343
1023
3042
1149
7727
4021
1001
1454
7300
3746
6825
4516
6853
4495
6566
5318
1388
2321
3596
7100
6994
372
1016
6234
5562
1299
727
4827
1737
7579
1188
1732
6730
941
878
3024
2168
2482
4429
3902
4016
295
7101
2776
3071
3037
3561
2763
356
7641
2450
695
2128
5833
6782
4953
6079
3129
7293
5606
440
2355
4813
1751
2348
1705
4194
1372
1207
5122
6437
1388
6072
6311
7281
2141
1713
6834
484
6511
7880
6624
6770
5624
1658
949
7665
7588
6114
417
3175
5030
1153
5428
3997
666
6412
5113
6621
3306
4301
5942
4393
6648
2757
6235
5324
5173
5408
326
2073
3627
5613
1163
301
2957
3494
6654
6677
73
3952
5139
2756
5885
2397
349
4059
7134
360
1627
1811
6014
7794
7372
5319
5779
137
7405
269
5411
4233
4149
4408
2843
4417
2735
6341
2399
160
241
1036
1986
7370
3399
259
39
6637
888
3445
166
2174
3995
1981
3806
4780
358
1826
5905
2644
6916
3847
1286
6306
511
47
2049
7281
574
1794
4654
7369
4105
7901
4432
2131
7232
479
6694
3037
838
1438
2177
3817
5120
1562
218
5760
6683
7219
164
1457
896
4978
4833
5744
5605
6457
1981
1594
4181
1241
6034
7598
3814
7438
3178
4363
6856
1381
1029
3309
3686
2155
4904
5203
2526
3793
1668
4527
1282
5193
1450
5826
2192
1705
4849
7364
4622
7313
749
5440
3975
651
7873
5943
5988
1798
3799
1131
4255
371
7473
3310
243
2380
3859
7689
6980
7911
2259
2867
2064
3502
6080
5871
3448
7964
6809
5136
7695
4568
4486
6335
5983
1222
7273
7576
7082
6036
304
7399
3639
1045
1080
4142
501
145
5438
1965
7131
5846
1880
312
7359
7193
5444
5727
6392
1190
1216
38
3728
3742
3548
7042
6053
2906
4796
7103
4521
6219
1894
1484
2360
4723
3799
6428
1717
1658
4076
5214
181
6556
6946
1845
1294
5750
757
6898
4533
3212
5878
6802
1913
7044
7044
6654
4036
4822
4556
2099
3131
6063
3320
1073
3208
3489
5439
3985
763
6087
6442
2141
4552
2736
2698
6006
3460
7653
5902
1633
7303
2464
4311
3073
7731
9
1294
6031
346
5461
7669
1415
3988
5451
5386
148
7707
5036
7372
3828
6658
4787
2565
55
2927
6580
7440
1895
867
7516
3322
367
6747
3264
4570
2894
1137
3564
6707
6755
1209
516
2957
4934
3425
4789
1398
5563
838
5492
7821
100
5916
5422
7692
2855
626
5572
1963
991
15
5625
3696
2994
7082
686
5638
5674
7690
5811
5151
6378
4253
1415
2003
4072
7836
2136
5736
3472
2615
4359
19
2457
4791
594
2192
4794
5437
7984
855
3250
2144
1578
5875
2451
3784
6625
5165
6851
1448
4517
7857
4570
337
7607
4786
3672
7213
4094
5369
3609
2143
5573
1307
6621
16
7424
2636
3695
7381
4599
686
659
3844
3433
4611
4901
6274
3562
6078
693
5413
4283
4815
1930
3388
3486
5382
2001
7315
7859
2037
4187
5225
5504
7617
7337
932
561
7913
2192
489
7264
6165
6767
426
4347
5810
3252
5228
1019
436
987
4551
4570
3789
2846
6544
7655
7952
3651
5217
6178
6801
2712
6468
4597
7413
2826
5796
5393
7937
3070
1579
2327
5446
2059
7830
5210
966
3636
4020
99
3040
4579
544
1570
3639
7896
1903
6241
807
6929
950
324
2654
730
5099
2370
5525
2701
5512
808
3117
5300
1329
2561
5095
1214
462
3920
7546
1476
450
5968
7971
3055
4621
5883
6261
1217
6012
4982
7433
3344
7038
5563
6410
6012
2750
1485
3110
5623
6560
1549
295
2382
2157
1512
5453
3450
4270
3205
6236
7284
958
4809
4909
3991
6817
3343
3013
4452
5680
1047
7988
480
6164
3668
509
7008
4332
4064
7474
6816
2043
6477
1060
3495
79
943
1838
4653
7209
4010
6735
4581
2856
3480
7252
5040
445
1863
4680
7908
208
5683
1254
6870
4158
2926
2450
5917
7841
7311
7172
3795
7340
1316
1467
7163
3312
6198
4918
7144
4635
974
1771
1624
7778
1320
7046
2968
7855
5988
3118
3623
4498
5194
4414
5420
5556
1441
7300
6100
4861
6709
5193
4623
5373
1019
209
2542
596
59
6117
7457
7554
2314
389
7624
558
6456
7955
7546
5629
6030
298
7009
6297
3336
1422
2086
7485
663
5053
5309
5058
4956
1716
1177
495
6009
2412
2260
1420
6677
5164
2561
7008
1197
1736
4055
6122
4453
3577
2166
6917
4459
7451
1331
1644
2872
7188
3212
3588
6128
4317
3111
7224
1542
2347
926
2083
7693
4836
2852
993
2554
880
4657
3559
3825
782
1658
4415
7346
2733
6255
336
1316
7150
5970
965
6903
5325
6886
7803
6968
2285
575
7783
4309
3225
1638
6632
3927
2930
5061
6078
34
7534
1255
4186
4905
7930
6065
1869
7569
7870
3006
2955
4124
359
3111
6323
4064
1711
2592
7007
6776
1416
4360
859
6940
7605
2345
4132
2478
476
814
5318
1063
2550
5996
5613
4041
2377
6319
4563
383
5170
2851
74
1762
6062
6697
588
1692
7473
2933
6130
6415
1071
1476
1495
4356
7613
2541
7262
2511
3335
6942
3275
7417
1371
7428
4420
7941
4160
973
7289
7595
4343
7807
1259
4989
932
3514
5343
5958
5905
263
7107
4598
4062
1024
4564
2811
2441
4484
7617
6952
5047
2567
7429
5660
1789
461
167
6409
7333
3157
7726
2924
7239
4859
7192
7928
4139
2421
5755
3152
6172
3205
5949
1029
3083
3915
6025
3476
6436
3567
5556
2429
5090
5058
4966
6817
2104
1147
7929
7724
4024
6929
1264
3927
5431
364
3670
981
7609
5789
1097
1026
1293
5363
123
123
6377
2346
6545
4467
4678
6907
3326
6714
6920
1664
1354
5919
1870
1556
2589
5184
2159
7641
3041
7393
7011
5058
160
7505
4555
5513
7854
2186
40
5655
6641
615
1794
7834
1319
3293
5464
2377
7592
2116
5344
7018
721
6511
1007
7709
3547
57
4418
6257
2972
359
3343
726
66
1343
6791
3550
2106
854
6567
121
4955
1489
1338
2696
4715
6351
3917
4790
4829
3819
3433
3497
4643
6065
2226
7950
76
5422
1144
2785
7566
1865
7503
4068
1333
2720
7184
1281
6807
5720
103
3444
5024
7567
2161
1804
7387
3429
4579
4478
1473
1055
4533
5480
406
6896
82
7924
5344
2430
1412
2205
7215
2325
951
6663
5512
4549
2802
4819
4163
1692
5147
2681
7211
3600
6708
5896
5121
2087
1779
5691
445
5772
5559
5098
3905
7860
4200
1866
1824
5192
6820
978
7276
5180
5762
3732
6915
3338
2154
6430
1433
4987
697
2325
2884
1420
6722
5119
1583
3597
4560
2092
3833
971
4216
8
3133
1165
4293
6637
3955
539
2536
1358
5705
4657
1774
3861
2867
4111
2907
4913
1972
4959
4122
3629
1608
7798
5388
7141
5254
2812
4286
7496
4142
6906
3524
1092
4911
2814
760
992
101
5314
5690
1773
6496
6568
4873
4132
7854
7543
2384
6088
2471
1040
1100
2850
5223
3794
7360
6411
7961
2455
5795
1580
5113
652
7282
1154
2622
5180
4486
1849
1855
5887
6822
613
6470
1193
6377
4702
6467
3318
7060
4463
2042
3312
6344
6636
3078
4909
1029
5731
2033
5638
7319
3596
353
2770
3171
5209
7199
4174
3877
4724
3461
7759
7949
6887
3321
7353
1686
5858
675
222
4681
3534
818
5344
6880
5747
4957
3159
1423
4713
7718
2040
1244
1558
7529
6510
5755
3650
6793
1350
4712
965
4489
7963
2063
2434
6055
806
2164
1177
5969
1627
1360
2408
1625
942
1192
790
2989
594
5106
7976
4704
3786
5062
3110
3894
3498
5200
4296
244
3985
4453
1970
5522
4159
4129
882
77
3223
7770
5539
1695
6708
7989
1966
3240
7016
1994
5156
3986
7033
6004
4836
1506
3966
7042
7418
1354
3866
6736
798
1757
5233
3388
2884
6877
4180
1128
1567
976
6089
1674
4055
3079
317
2088
5333
3683
561
4918
6295
3506
7002
5446
2954
592
6878
1967
3829
4687
5753
3009
6559
1492
3295
4650
5923
5165
6472
6608
96
2534
7894
4659
1776
1267
6797
3423
3179
6200
4376
7526
4138
6570
7367
6895
1062
7295
7404
6867
3145
7399
2237
6535
6091
5230
1765
4062
2324
6100
6377
70
2840
6354
687
7894
2631
285
6271
24
7394
3716
6331
693
477
1218
641
3432
6628
4009
5829
7615
3515
6420
1962
2027
5952
3110
6721
1098
4981
147
3341
4179
5236
281
4591
617
7273
1731
7521
7070
506
7326
2198
6943
38
6675
6441
7922
6030
7561
7491
6823
6888
4337
916
5378
2484
4224
3279
5585
969
2937
6010
1786
237
6078
3884
1292
3776
3589
6289
124
950
3400
5726
5760
5665
5757
7898
6120
4324
5500
4736
6924
6363
2909
4965
1121
1670
7201
4747
1543
1592
1228
6688
1105
3619
7473
1190
2690
3132
3215
4819
1553
1591
1132
1928
7133
4584
6123
4454
3703
481
4321
3671
4012
6756
7682
488
2061
7115
7213
4387
1095
7654
6057
3583
441
5294
78
4482
2427
7118
5723
3334
2443
7152
4741
1883
7510
4025
5978
337
6602
7646
584
2761
1162
3898
558
1993
6239
267
3637
3622
7169
359
4736
7106
3560
6137
4443
21
821
7794
7846
5198
854
794
2179
4801
1087
7151
4001
5696
2020
2362
5650
7582
5268
4355
3317
6918
6338
2966
5349
6766
1454
1571
3749
1045
3305
3776
1910
1012
7564
919
6233
599
7648
1762
3354
2868
3041
7851
6099
3953
1262
6019
2548
7084
7690
2688
3450
2145
2436
2862
2501
6810
342
1240
1660
6634
252
6368
4332
7373
5855
366
2296
4098
1376
1037
6663
5341
2394
5647
7066
3042
4810
7960
2938
2324
617
822
4773
5577
1362
3316
7440
6887
5840
3714
3373
2272
1330
7332
3540
4764
2838
3743
3023
2295
7430
4107
623
541
2897
704
5135
4121
2996
468
5284
5907
2890
5294
5296
4122
6908
4631
4781
1487
2121
3379
3547
7326
98
342
1708
3633
3431
3726
1824
7586
5567
1894
1137
7574
7598
7372
440
3245
5756
6337
1828
7326
7307
3279
2307
2845
2143
616
5027
519
6967
6420
5534
4478
2299
1742
5458
3531
5394
1128
3455
1919
5777
7833
4275
2901
6464
3580
4849
7473
5022
2101
2675
2650
2002
3103
7087
2592
7204
2926
953
2387
1267
351
6874
7088
711
7498
6127
6545
6050
2041
1613
7280
7583
7237
6023
547
6534
5870
3315
4633
7826
5887
5309
3161
1600
3464
2665
5197
4695
2788
2129
4329
5593
1289
1692
4728
4499
4865
1310
7476
6624
6715
3751
6394
4610
6703
5063
2214
3482
7579
353
140
1020
6349
2476
5690
6864
1164
6252
7368
4682
4406
4199
219
2184
3399
3632
3041
4732
4555
6275
1538
7403
7550
3456
4391
3114
5224
5968
1631
5140
1959
694
20
1333
5365
3634
5187
2271
5729
6720
3142
678
7940
7445
6085
1206
4684
1790
3497
6623
2047
2568
1248
5131
4824
750
1831
5220
6076
2170
431
3943
6461
6040
957
3936
5682
3871
3249
3728
644
7443
1399
7631
3536
5386
1708
1641
7497
7513
7653
3616
7787
6296
6212
2021
852
4590
2419
378
6790
1771
7277
2961
4153
2962
5470
1180
92
6191
7920
457
1231
4624
1235
1242
264
243
5773
2945
4923
7823
6306
7825
5135
675
3297
7507
2567
7656
2047
752
2839
2125
7759
7754
2085
3373
5271
3760
3871
2786
543
113
7063
4480
4316
5172
4621
6999
4823
81
2038
5507
1145
105
4344
1455
253
7515
76
2086
996
6855
5168
3263
5489
1858
4741
4621
4200
7472
654
2373
6506
5966
2495
5373
5877
6478
6344
1128
4589
4457
6187
361
2363
1675
4072
2736
3616
2869
3116
6067
5844
1826
1499
3942
3700
283
6340
2582
5691
4608
6651
1112
4226
3367
5187
88
3930
4765
3524
4529
2083
7577
2262
5081
6528
5559
1492
4767
1842
7509
920
922
3474
7204
3842
5945
1885
5703
5056
3252
4728
1133
6112
5866
1814
1759
7430
1795
7689
3108
585
5720
1791
4896
7635
2832
1550
6688
5459
3939
4469
112
1001
6428
7814
6880
4659
5294
7150
783
2867
6191
7837
668
1462
3305
4536
5862
1318
4040
7522
673
1273
4368
6856
6797
7035
4636
5262
2864
5998
3322
4103
4584
4421
7506
3499
2499
3774
6425
2925
5218
6932
6887
2000
2740
7410
3815
919
7173
7334
2914
2090
6401
7605
618
231
6273
1067
7252
1828
5686
1359
6412
906
640
54
4277
2266
4471
6175
3979
4839
4878
1256
1957
6655
735
2209
540
6027
5033
5229
1859
4910
4024
7262
3119
6487
1601
6884
6309
133
5431
1637
3795
1464
96
5861
1520
398
7765
4295
6267
3915
3193
2737
300
4204
1184
4388
717
1596
1717
5378
2511
1132
3152
697
5691
7107
4040
3876
4737
6975
5094
1799
4410
1391
5845
4392
5276
6752
6122
5265
1848
6319
3921
4728
7909
6753
6386
6808
360
4957
7376
7084
6438
367
5594
7577
4132
2756
2452
6340
356
6424
2377
7619
5565
1452
6172
5531
4121
6633
2990
1034
1145
3826
6232
3030
908
6750
6478
1865
5100
399
4494
3080
4211
3861
5180
6453
7114
935
2594
3691
946
4889
7325
3866
1691
4056
1779
1400
2243
2932
2667
3816
93
6530
7370
1257
5941
1223
3250
2348
7775
2986
2896
4456
3693
547
4426
2469
1451
759
2578
1860
1573
2293
2335
5633
4304
2039
747
5010
2401
7236
6761
4230
6091
3111
4911
2296
6738
6415
2193
699
5069
5970
1226
2091
6733
6439
5380
2166
1898
5714
3992
309
6596
2215
3773
569
4301
5319
5503
5053
5422
5244
724
3816
2823
6714
5999
3462
7824
1734
6915
1154
6792
1407
4289
2821
6007
1940
7742
2967
1219
1600
6164
2780
2558
7359
4241
7841
7640
7754
854
2341
2186
5104
729
3773
2434
4109
1666
1191
7051
5253
3554
4468
7347
6155
3207
6235
4894
7633
3411
5849
7936
2456
3435
3841
3422
4270
1916
2195
2861
5872
3482
2824
7277
2556
4976
6153
6478
1275
7210
4202
4686
3342
2538
4906
7771
1406
2672
6231
6447
2786
3375
6688
5249
6530
2610
784
4757
7836
5143
2907
3689
121
6496
6289
4047
5586
19
5830
4161
2678
109
6013
1578
5982
140
7218
3855
3800
7693
5821
5000
3872
4376
2599
257
5823
2254
3970
5008
3934
2222
1349
7255
1291
6646
4372
7633
7875
2429
2355
5238
36
3723
6829
6981
3459
483
2691
1741
3316
325
6102
5933
3449
4665
5265
2571
6953
3311
1143
1143
3701
5046
7655
4834
2555
5127
2680
1592
3527
5439
7429
693
5972
5876
2423
5491
5214
2965
1241
3735
925
3336
4940
4813
4035
2787
4320
6827
2206
5431
2174
5868
4254
7017
6002
3317
4492
3675
5392
6282
2084
5328
6604
6607
1083
2830
3608
1363
1661
4774
332
4799
6416
1081
2005
5320
1709
7737
6331
7178
4747
2189
6990
2369
7775
6719
4183
5389
1486
433
2921
7435
7899
1934
2911
2956
7172
4047
6212
6749
5437
6234
6760
1287
1790
4226
1461
5771
962
2942
4673
2870
4451
4312
1065
1217
2970
5576
3975
4119
7182
7283
7221
282
751
4994
4535
6159
3241
6724
927
2305
6733
7483
6253
6018
5783
2514
3294
5492
2756
754
7330
1974
3780
2430
6286
5224
2093
6649
7312
5293
4172
7668
652
2959
5306
5223
93
188
7281
31
29
3740
4118
7225
7444
5593
1925
942
5474
7327
5578
5718
4186
179
6585
7756
2299
1354
481
5559
7930
1772
5035
1341
2518
3185
5127
6640
4608
6800
2131
7228
1714
4602
148
1523
1814
4400
4858
529
4691
3163
991
7763
6179
7974
5394
39
1843
4840
236
2275
791
3075
7342
3108
6412
1514
981
6372
4424
7893
429
2340
5434
6177
6431
5036
4803
3914
25
7098
3968
4400
7126
5390
4808
3691
540
1742
1571
1547
1494
4638
1287
2236
3678
3774
2273
7840
3090
6538
7183
6513
972
982
1600
596
2207
2670
4486
3393
7813
3437
1838
7385
1736
5488
1976
3893
4017
644
3556
7165
7829
3274
6410
7413
6266
7917
5059
5573
6410
6068
2448
2918
5334
3856
7460
2178
791
3279
2210
6803
843
4339
993
6211
1686
1486
5946
5597
1893
860
3754
4008
5780
4675
6243
3283
4747
6563
6923
3844
3997
6349
823
3273
3815
976
4635
403
2501
5850
5049
7047
7201
6804
7872
5869
1050
6187
4282
4157
7813
3647
2369
7154
2499
7540
5571
455
3950
7389
431
6035
4129
4097
6002
1756
4830
7655
15
3203
2277
3355
5221
4213
3121
6460
3378
6770
2233
6944
259
6612
813
2578
809
3977
115
6123
2662
6117
6395
5109
6314
2860
6543
6611
6667
732
5975
5775
5761
4145
6128
3353
6911
1563
6319
2485
2244
7456
3963
2191
6446
1981
398
3961
6764
6559
3465
7709
5723
3105
500
5031
194
7816
3126
1119
4072
5043
6707
2668
3981
2275
7704
5549
4704
4301
5732
2814
462
5651
1810
2154
1603
7006
6042
5840
3799
858
5716
7322
146
1601
2205
4981
5511
6422
97
299
837
4313
5677
3101
6762
6952
1178
707
3541
352
5755
969
7338
228
3486
5753
39
4627
1557
1273
1708
5560
6084
5489
1841
701
5488
3108
5766
3535
6418
2226
1399
7142
3875
5289
1443
76
916
1339
4436
2554
1520
1825
7163
4115
7228
1054
1596
2172
7239
7718
7917
793
943
5270
852
6612
4805
1498
2875
6972
7939
7582
3758
4254
7911
6702
3558
5844
1940
3374
4733
2341
2055
3989
3086
3747
2340
3959
3197
299
1828
6032
1531
1829
6355
1197
50
1625
4688
4730
2075
5306
4635
594
7977
1655
2073
5678
1677
7721
7728
3698
342
5832
5398
5735
300
792
6318
7494
6013
2311
2493
7702
3121
1229
1286
435
1613
7066
4128
7406
3318
892
3080
6680
3205
3399
7559
6049
3341
463
7605
4925
7479
2728
4288
6090
5097
4137
6474
225
2496
7803
7653
6900
2575
1550
4771
2626
1208
2863
5757
4139
2447
295
4644
3995
3040
4522
2156
1381
3180
4044
1061
2416
3486
362
993
5924
334
3322
3330
235
2363
5572
6561
7502
4439
2927
729
3611
1046
1335
1718
7755
526
7990
5282
5044
3420
1717
6669
3260
438
7720
3960
5634
1089
5096
4532
2895
1623
2005
3493
7279
5607
4408
2560
6078
3064
5162
6702
2954
7928
4444
2209
7665
7501
4147
6287
6616
7416
1388
7884
61
3412
1172
5391
1201
6977
7079
390
1276
3599
7890
6943
5684
6468
7936
3178
2263
6043
851
4756
4621
4067
609
2663
1873
4049
