225
2265
696
7598
2078
6668
724
4287
3951
7781
3209
5909
3526
6119
4506
7494
5778
2159
7017
2661
7980
2759
3206
2816
5032
113
2882
4532
7573
6681
4088
1026
199
4049
2851
2414
5723
476
3792
1043
504
2922
6779
1173
4216
4706
5991
4299
6024
5087
3915
2225
6971
1979
4713
3714
6813
1563
6986
1311
7457
2752
5437
1735
7753
7836
2561
7251
4260
1106
418
3037
4122
4461
2174
3976
5335
7192
1713
5446
7014
2741
4471
5779
1452
2967
2000
3335
5533
6927
5755
6055
7829
3548
1289
59
6122
42
5634
4114
2153
1272
4223
4423
278
7791
4804
787
2207
2162
7063
4133
745
6964
4186
5632
386
4481
3029
4873
912
2966
7993
1630
89
7723
2972
5269
4867
7061
3003
6175
859
4146
5127
5419
676
4234
5300
5800
4948
1498
5633
994
6576
5652
6865
1074
5139
2043
4203
6574
3410
7993
1718
7235
5291
1892
3563
2324
2911
2117
2768
3358
6390
7739
211
7675
3366
513
7101
103
3599
7951
1718
2351
2127
5238
5756
4998
273
7706
1031
169
4684
1377
654
7955
5977
5019
3844
4276
5969
7700
148
1160
383
1888
4715
2687
142
891
5098
3614
5384
4517
7525
3890
155
3032
531
3980
3543
753
3415
4369
1855
2654
5093
2982
6122
6021
1868
2959
30
971
6660
4057
3362
5105
384
6509
3363
5836
4139
7671
1478
89
7803
5946
3627
2607
951
992
2666
4
5425
1169
5574
6170
4280
2513
2104
5327
4044
318
5484
5104
3544
990
3573
15
1056
6587
7470
3800
1584
916
7589
4592
1932
2285
3260
3411
4062
2364
1109
2539
6111
1679
2159
2867
6265
4807
3117
4766
7510
5955
1420
3316
4279
6820
3272
7851
1510
901
468
728
6599
6522
6676
7218
7860
1058
2043
3333
4620
7482
3153
2755
2982
1421
4161
7611
348
3567
7699
5418
760
3304
7697
2378
6183
489
3095
7564
2760
3426
6902
4659
7741
6810
1120
961
234
457
7435
1361
5172
294
1486
1134
4863
703
5870
3019
2702
3320
7209
4620
7797
6659
7554
5695
2795
2507
513
1912
7023
7065
3778
3791
5799
6541
7896
5316
3632
182
5580
5938
3674
1426
305
5119
802
7015
2143
1415
5730
1277
1395
87
4251
5233
522
3571
3083
6186
3256
283
5916
4509
3671
3302
5487
5379
1342
213
2442
3213
3189
3557
5574
4458
7727
2634
612
5042
763
2541
7509
157
627
5825
5308
7895
1056
120
5947
2243
2964
3933
6175
4818
3898
5169
2146
4109
3662
1320
2020
4547
3711
7755
5437
4882
1779
680
4745
2517
4246
585
1867
6009
133
2815
6498
982
4948
6385
4429
5657
800
4325
3593
1944
2499
3769
1135
3825
948
5882
1670
7632
5425
5469
7245
5219
3763
4579
5686
692
1166
357
3151
1998
5080
1305
2185
412
7071
734
258
4268
1271
1467
3465
599
2173
2993
2813
2865
731
3268
4909
3762
3544
3209
2916
5959
3443
6968
1404
2422
407
1972
341
4160
5126
7815
5491
1738
6151
2801
3554
7026
6992
3190
3523
6984
6782
2880
587
1967
5259
3424
4023
889
2839
1177
2297
3488
7590
6764
6109
2430
791
3149
7508
682
5640
1850
1418
4744
3473
3358
6882
317
5683
2797
610
97
5562
7025
5152
803
5006
3630
7695
373
3945
5383
158
669
6527
2727
4476
3069
5083
3590
1921
5920
6069
5493
1963
5326
5308
6002
1794
3365
5606
7558
5954
465
7739
7221
7540
1094
1503
3508
1468
4575
2609
5556
7443
1624
4048
4602
6129
3413
3114
2024
3579
5990
7788
4260
624
3137
2258
2498
3713
1958
2248
527
4947
5206
7280
3566
7717
6401
1716
6950
5051
7820
1447
6184
7200
3917
4164
3162
2992
3017
402
4205
1037
2587
4272
6226
3976
7678
7762
4808
2242
4292
5940
107
5156
7806
1869
1529
4084
5869
7828
2510
4769
2882
4260
3524
7660
561
3865
4459
5583
3016
2817
4126
1020
6866
173
5006
3310
3164
3476
3443
3725
7283
3397
6939
247
3949
1589
5073
2950
6993
710
1253
6630
2255
7589
4815
3538
527
7286
924
4156
3419
3934
7633
4106
4463
488
5324
5651
6220
4882
3567
2982
2136
7360
3464
7766
6009
4239
6716
7459
4160
3542
3423
5103
6759
7274
6996
4965
1183
7789
639
2118
966
6081
1941
1310
5795
1313
5946
3751
6194
609
6100
4849
765
2511
4331
3553
4480
6295
4198
3956
2471
3877
3686
5114
7274
7697
4071
3903
1086
1502
2224
4883
1094
3097
1533
7817
6670
5011
1403
5688
7567
6703
2417
6392
601
5806
807
1691
7865
540
4334
4898
7954
5317
3735
3207
2846
3613
1748
2214
837
2979
2431
1368
3895
2459
6500
5674
1740
4067
874
7700
5432
2226
7629
3742
956
6355
6885
831
7141
7557
2669
2027
5500
7286
7966
398
791
1615
3132
5160
1065
2659
40
7725
5310
7863
6913
3141
3899
6987
1092
5421
5241
3975
3834
1875
6183
2508
6351
1577
739
845
6682
2360
3693
342
7020
6311
5467
6829
4078
5474
6842
795
3225
2762
797
3033
4199
1708
568
173
3915
5968
5858
1474
7996
4801
1097
3352
1693
2788
6557
6594
6600
7922
3723
2853
2488
1038
5156
6858
4318
4839
1630
5633
6686
263
5434
2921
4284
7887
221
6193
4209
5917
1561
1241
5760
1434
7312
2937
4926
5748
360
428
3015
5947
3571
6165
893
4534
7278
5701
2939
135
4998
5523
2000
2646
5334
5609
6442
1495
5133
3182
990
2312
3162
4338
5542
6010
5504
2732
1272
3520
4193
2204
732
647
7561
6866
1931
7405
6062
4492
14
5363
2156
2776
5303
2402
7468
176
7900
1203
4981
5338
6926
3834
5945
6891
7684
6172
5600
1375
324
6870
4722
3686
3789
5058
2738
6642
7364
6541
3218
3349
3727
2310
4126
6373
1190
2810
6209
7019
2626
1283
3013
6980
7414
1437
7611
3491
6486
1654
7143
885
3403
3793
5997
3563
7814
4458
6686
5105
5367
6529
1788
2383
6067
4398
740
4103
3132
4196
7679
5801
3762
2230
2363
467
3980
4935
3989
2119
4684
338
4917
1797
4595
4525
5434
7675
567
3320
2407
594
5868
2949
1924
5172
5192
819
1166
4
7907
5757
4723
3331
3485
6786
5121
6756
6051
2326
4640
886
1508
2717
2123
3221
528
323
2059
3796
181
6363
1276
4473
3877
1689
3903
6330
5193
2178
5063
1925
6164
6576
2873
2736
2176
7955
5320
6312
3724
1449
5759
6150
2489
2809
2248
5749
7554
7784
903
6999
5195
1623
6631
7725
5446
1316
3652
4083
4468
63
4231
2463
5805
4470
6904
339
1081
1818
6170
1975
923
5599
1999
7029
2570
3195
2347
3730
2286
4485
6294
2942
4225
7101
1454
7882
7295
2670
2210
4728
5937
6382
1110
2191
1769
7465
3710
3850
316
1142
3966
6941
7074
3457
3590
1124
5907
7057
3735
4679
6727
2285
3665
7984
438
7669
1202
447
3216
3265
1858
137
1802
5021
3661
6154
5559
4524
3416
3394
5056
4641
3154
4649
5598
4858
6611
1447
4886
6072
3198
1686
7914
1373
7267
6472
2350
7213
284
6932
947
2735
4519
3089
7748
2637
4925
972
3603
4579
288
2401
6315
2307
7423
4411
2633
4444
6270
5277
4272
1036
3418
4027
6549
5621
1978
1104
896
6187
6420
4343
1649
1111
7205
7588
5189
5973
7098
7168
1394
5676
7306
6736
5642
4563
7313
726
1864
1312
1647
6285
445
1496
4999
6715
558
200
6918
4737
6789
3245
1955
179
7375
4706
6109
1745
380
635
3043
2436
6525
1121
6546
6140
159
1594
1209
3882
4952
3975
3053
1749
3615
4182
973
370
5121
7166
6730
4037
6125
1404
5342
6332
3716
7251
6021
321
555
7887
1439
712
2865
504
46
6198
7011
1115
3859
3101
6730
5040
4380
4765
7274
3594
247
1387
2607
3849
4887
5010
873
215
667
2607
6599
7986
7083
4486
730
3024
2123
5949
7125
1912
4029
7587
3094
1490
3945
781
7649
6303
1243
6431
6086
7368
3623
3240
753
5993
6826
3585
7207
6356
3306
7224
1704
112
5508
3036
1349
2775
291
3458
7111
5453
5305
2451
7478
2393
272
7850
7629
7401
7362
1755
4942
1903
5813
7209
5217
7119
927
5160
1817
5354
7152
901
6858
5526
2485
883
3501
1703
3813
7790
1010
7498
2569
4795
3544
2615
4952
6184
188
2061
4750
4995
564
2965
4900
4873
6063
6304
1865
5995
2534
902
522
5242
6390
7940
977
849
7647
1575
6487
7168
490
7347
2235
7809
1602
4306
2006
4146
4915
4607
5013
6398
3015
7590
6503
6117
845
7859
2105
573
6394
6636
2746
3411
986
1304
36
3091
1987
5531
1342
1504
6157
3196
4605
2827
4667
7889
750
1635
176
2035
316
5242
5090
6104
106
787
2190
7340
1146
635
7883
1594
6795
4278
1272
6199
2282
2303
4952
2484
6392
4389
1256
2312
2715
4056
5974
6281
7245
332
6216
5984
4022
6895
1836
208
7324
7952
7729
658
5872
5808
3859
6052
1857
7584
3111
7193
3768
5645
2926
6161
6280
568
2284
1040
3747
4562
1912
3041
5983
3381
3411
4796
1418
4684
5886
522
2550
66
4298
671
764
1574
5399
5923
2060
6246
6045
2999
6170
4523
1468
6130
5677
7127
1195
2399
4469
2330
1857
5796
3039
3616
4375
5967
2057
6118
6013
2284
3933
7451
5906
2041
4984
7086
5368
3110
5634
5119
3424
7676
7633
6094
1901
5936
4866
4901
4099
4855
2903
6110
2122
4443
6593
904
3228
5921
1871
2611
6545
7249
4191
6406
368
7098
6791
1276
853
5683
385
7831
5707
7235
7826
4542
6150
6751
4422
7128
7778
5774
2916
4040
6724
6424
6682
7733
1501
6195
7127
3467
2205
200
3979
1615
3053
3342
1861
4260
6964
7825
1921
5122
2278
5292
4095
2423
7464
1282
1830
2816
211
3880
7652
646
5605
562
5869
6159
5962
6875
6836
3886
5583
7970
3317
14
7550
7410
2965
5603
5786
3723
7019
3267
44
5426
440
559
6227
4363
3608
3641
2503
6321
519
4788
4415
1825
272
7090
6470
370
5787
4544
6018
6144
347
2920
5448
7002
293
3649
6910
237
4457
2090
6303
4239
1784
509
2556
474
1041
7629
2514
1898
6522
239
533
6057
2780
3063
7901
379
1542
2348
6753
1534
107
5347
1999
5748
2281
6865
1078
4549
241
2487
7417
2110
6108
3745
5835
591
6991
3243
1976
3207
2507
3770
899
182
3808
4570
586
5921
3826
1383
435
4083
6993
2027
3640
3897
4998
5526
2971
4832
4643
7149
3562
3325
3022
7364
5438
6308
4729
761
4117
3748
7498
4723
6144
4572
3813
928
5877
4982
6722
3215
7496
3947
1962
5891
2733
7878
6338
201
4071
4640
6582
4234
4574
3965
2113
2363
2099
1806
7790
615
6633
6841
3725
1163
2685
4371
5567
975
4666
6690
5890
1268
1074
7977
2005
5935
1429
5418
3166
2691
4302
2158
7403
1815
207
771
3416
1472
6780
2713
552
3560
7068
23
4571
1373
2463
2082
5189
5666
332
279
5669
4702
2781
5704
5824
2481
4411
3606
4740
366
3811
4235
4558
6676
3681
4067
5107
2586
1474
5198
4764
6361
932
220
7155
3429
2972
561
2725
412
850
2584
7816
1068
4772
7100
7286
6207
4960
1634
5227
7511
5128
218
7073
448
2782
1715
6004
1850
3314
3540
1268
307
1791
5803
3881
5020
206
2242
7872
5179
1453
87
506
7739
328
1015
3428
1654
7649
7840
6179
7637
4942
1315
486
7808
6492
5664
229
7142
2188
2610
6024
6483
1124
7070
1418
6983
3289
4098
729
7518
717
1621
5935
600
91
5297
5525
2262
4491
1009
5364
885
54
5236
421
588
779
7331
1490
2963
5249
655
6504
3145
3391
6066
3328
353
1434
7974
996
1384
3840
946
4841
5639
2932
2336
7672
6144
632
1307
6962
6147
105
3466
434
6496
1572
5410
19
2640
2847
7006
1410
5921
305
4473
6778
6012
5946
3458
5016
6818
2162
7617
4495
3712
741
4532
3839
5838
5810
6005
2494
3104
7677
3822
7170
1606
1828
2446
6998
3598
6085
6723
242
1911
4621
1441
7507
2305
1617
6481
1050
4770
2816
6097
403
773
2908
1869
3042
6489
5759
7647
6580
7254
6517
5482
3614
4391
4521
5669
1824
2125
232
7784
7628
1952
4925
57
2763
548
3549
5604
1528
4578
2440
5843
7410
5541
5454
4105
5712
883
5938
236
1340
5427
2383
7366
7915
6945
7215
3345
47
1960
2522
416
2342
5932
3578
7371
4589
792
7254
6743
2549
3716
4075
5226
5800
1826
4010
2858
2687
2437
3905
4976
2301
6144
790
6576
2321
6425
2099
6220
4094
2966
7303
862
7293
5559
2182
3870
4631
7280
2149
2174
3589
6212
4921
7255
6593
6047
7739
274
6827
4553
3495
3134
3337
6620
3298
5266
4838
4865
5321
5332
7185
4138
2519
2306
4559
2194
4520
3648
6525
4707
1370
7706
7576
7973
4229
3739
6184
5527
1592
5637
2969
4671
7192
5581
3184
5553
2452
2979
5269
2754
1564
1562
4106
5573
3348
557
1984
3213
5634
4967
1337
1490
1214
1866
4235
3145
707
3809
2160
6847
5831
5556
4521
7999
127
4161
5646
1469
7970
794
817
3216
7900
7168
7028
7397
3086
3055
7134
4901
1684
631
860
5525
194
6926
1122
213
90
3712
4964
503
3813
4734
7218
2374
7468
1486
1511
7347
3058
2118
1976
1044
1518
2274
1047
1330
3631
428
5602
766
7482
7820
2084
3108
441
2249
3210
1485
5115
7450
310
6040
2210
7775
920
4492
4540
3848
2199
1574
7494
4900
3286
5098
412
2768
6079
5005
7344
1097
6300
6312
4228
6771
4540
7907
3233
2439
2965
4973
7899
4518
5166
2030
4907
1614
2327
5634
6218
4512
2336
552
3290
687
5996
678
1205
6961
4990
7173
3765
5280
7471
4825
1147
61
174
4703
771
5626
7597
7073
5977
76
6301
7394
4415
116
4225
4878
1052
6701
6475
3532
4429
4680
2552
5085
2291
766
175
4182
4672
256
4093
445
666
2515
7698
2121
6793
2153
4588
4142
4051
6021
1656
7373
4245
1561
4312
4142
5709
7469
2942
2938
3397
558
2526
4910
5611
2687
7601
6982
3898
4828
1886
7093
5177
3377
5585
2878
3454
7912
3853
6830
3744
3804
7979
3744
5151
4874
4866
463
3420
2441
3833
2859
5081
3445
6967
1679
741
3789
5000
6610
5831
5483
2351
4490
649
5155
331
3381
4257
2651
5651
7278
5831
6184
4484
7822
5439
5149
1728
1815
5249
5476
3870
736
6797
2679
3752
357
6646
7997
213
1788
2993
2978
1897
543
6390
497
6472
7305
1212
1994
3839
7057
7790
6219
3249
3436
3113
7035
4529
7060
4955
4627
7781
3708
1575
5912
7505
6427
5004
4250
3940
3256
7113
1694
7295
4869
1709
3210
5296
1597
6298
4000
3827
6178
1720
1074
6275
7749
1004
5178
4951
4985
725
1552
881
2764
2637
6883
5647
476
1477
5250
4877
1294
1054
857
7321
5895
3144
2218
1481
457
3565
3609
7913
2033
6341
246
850
4519
534
1191
633
5091
2447
5709
2161
6541
2546
6766
2861
2121
3371
7035
6335
6508
3800
3485
2307
2207
5197
1314
4719
4982
6566
4250
1536
3340
6476
5409
7837
5082
5930
3409
7961
3563
2261
7881
587
4793
3425
2
3786
4852
1111
5187
859
4043
2859
6771
4144
5323
7697
1811
709
6043
7706
7475
3966
3349
2481
5423
648
2971
5598
1670
3354
1564
2532
5097
3092
2109
7678
2827
6929
6296
6674
1239
1121
453
1261
1468
7358
450
2876
1424
1514
2186
6747
1486
4588
4200
6872
816
6939
1683
4989
5713
1810
4028
1623
3176
2231
4615
2862
1373
4361
4435
7025
5997
716
4501
3341
4941
1623
5787
4562
5333
1392
3875
6316
1491
3680
7448
4721
1647
2603
7032
2588
4450
5195
3125
252
2490
509
3308
1469
996
3228
4809
7323
6961
2538
1641
2016
5573
7379
7156
1312
6605
3935
5002
469
1275
324
6078
2699
4156
6222
7847
510
1128
2541
7173
130
5847
1428
4316
2314
3541
5857
5794
5839
4286
6863
6918
7839
4648
7592
3421
7951
4918
5483
6117
6840
7845
4979
780
4805
1567
3518
1270
6636
7340
3095
5660
7284
2216
623
5700
2739
1697
5887
4409
119
837
4230
7372
7442
2225
6601
7952
7721
6345
6328
7756
4546
1909
7284
1748
7619
7002
1788
7429
5256
5060
3267
3468
5361
3245
4433
7465
5807
4394
5537
3987
4058
3819
6485
1845
5428
754
746
1961
3285
6884
4028
1968
2907
2168
3364
2614
2467
5696
1811
5961
3947
105
5220
2552
810
1682
1329
3113
7215
4645
3202
3516
763
3847
2469
3852
5118
5857
2224
2746
1834
3459
1081
570
7021
1004
3282
33
696
5820
2828
5323
4202
1300
5217
483
6138
3346
2225
7653
6257
681
1894
801
1794
1416
7570
4487
4090
4909
4252
6381
7820
7993
2509
4056
2470
6064
587
783
7160
858
7385
5186
5253
3108
4482
7009
6869
5378
6116
1402
7663
4454
2280
4810
6102
3054
3428
666
1949
3491
6883
2496
6809
5357
2737
647
7759
273
6542
1114
867
2929
4867
708
4451
3880
1421
6587
2942
6397
3882
6638
1301
3502
6829
2941
5637
4753
3037
3488
3097
401
5478
4297
7398
3770
1783
419
92
2643
6757
5025
7233
2482
6308
750
2268
2055
7648
41
6953
2698
4305
7462
3368
6925
2742
7177
7997
633
5203
5561
2820
7620
4236
1681
5674
4932
1820
54
6340
3568
1755
2780
1030
1621
4938
4638
5875
5607
2491
2742
5628
3495
6336
1637
193
2577
1587
3755
1271
2914
6939
3112
6621
6512
6608
4014
3004
6657
6899
7749
3287
363
4086
4122
3365
7362
7454
6696
7099
6843
6641
3782
343
1970
452
3355
3874
7740
4732
511
1868
2141
6072
7164
416
3852
3474
5496
5159
7227
5032
2800
6572
7451
2841
5014
7982
5844
92
2539
574
250
4150
3208
419
1399
848
1147
3282
2217
274
3308
2815
2252
2001
1831
5105
821
5091
4469
5252
994
1981
4906
2905
141
5529
4955
423
5823
729
2807
4303
692
784
1843
3008
7298
3825
2103
1924
788
5692
3845
3882
6470
5367
1217
7341
435
1806
5307
3783
244
3909
6426
3715
2806
1396
5157
5391
496
5837
6373
2544
1909
7662
3349
784
1374
7374
2204
236
5159
81
835
2561
2062
85
767
3857
6658
4941
258
7770
7813
2976
7319
2338
3885
855
6958
3390
4117
6057
1877
4224
941
2765
6850
3391
6168
3279
2562
6679
3112
3691
5538
7178
2818
4060
1978
6674
6595
2417
4168
3517
3858
6260
899
6621
6463
674
6847
5969
1319
4721
1998
2587
5091
2083
7800
6858
137
6140
5766
7160
2951
1375
5569
1818
5137
6342
751
4779
4426
7264
7097
3970
7046
7396
2937
4605
952
4100
7532
1262
342
1455
1789
202
4343
1960
1802
1200
7323
2788
6202
2500
7452
7245
268
922
3762
328
171
5262
1376
2448
3124
2746
7782
7873
7030
3172
4946
3840
2319
1137
4268
4831
6082
6275
5167
1036
7813
6186
5248
352
6057
6232
767
830
7768
6023
470
1333
7062
6747
7086
3097
1164
1604
2344
4255
6064
1360
7449
2516
7880
2079
6674
5663
3663
6223
6701
1748
7466
3855
241
4391
6417
323
1284
3703
1931
38
5675
2426
5480
1256
3438
1203
418
532
7117
3740
7484
1401
5701
3537
7515
754
7735
3615
7665
1868
4361
5154
7391
2343
7534
7247
1497
7935
1991
2795
1638
7919
5951
3993
8000
2791
4331
288
944
6181
6264
1245
801
2781
4379
3229
7830
1574
3626
3983
3088
78
819
5164
1809
7479
1262
3578
7836
2796
7068
6189
1901
2184
164
7223
4047
4485
4862
3903
6133
5057
6701
7925
6178
921
2839
7243
1869
6334
374
5459
832
1736
1729
3877
4535
3253
6650
3552
5335
5883
3553
758
4281
2461
3727
4149
1187
7764
6896
5494
3228
1320
1021
3676
803
3259
6677
1232
6691
5135
758
1012
196
5148
1376
3632
1735
2000
3011
2465
189
3993
6820
6800
7080
3116
390
6604
6854
6461
5661
6118
7694
3396
5690
3375
5222
7435
5933
3520
5405
1230
226
7009
3470
7976
3193
5756
6442
6367
1552
3231
6494
4415
7352
7433
3263
1832
4450
6749
5311
6517
3121
464
2847
7569
1307
3330
5997
4459
3761
7258
4160
7172
3474
4012
6872
2401
1820
6662
3929
5446
608
315
3160
4966
2654
4458
2041
7055
1873
1885
4531
4725
1299
6021
5070
211
6563
5841
7216
2521
7727
5294
2416
4744
4605
3861
6824
7370
2557
3906
1197
5747
1662
6363
3190
2312
4310
6831
7840
3052
5846
6098
264
5839
7694
3838
6222
4714
6467
6389
5941
5225
36
3599
2509
5603
4485
1659
7022
7950
2820
5897
7271
2379
6572
872
4030
5839
7406
7185
7100
7931
7585
5747
448
7047
1915
6581
5064
4116
2892
1914
3366
3946
227
3818
6922
6160
5684
7079
4904
3351
4755
6403
3863
5886
7215
7464
5411
3335
2159
4886
6850
4083
680
1414
6410
5831
2803
6085
576
5657
6083
7019
5017
1927
4059
5493
249
2097
1135
7975
2260
2362
3163
5384
6379
6288
1195
7879
808
6255
7025
3246
3974
2463
5163
1618
1434
2568
6850
4760
1488
1857
7344
5585
6133
103
3655
6818
2813
5552
4445
3513
5732
6361
2612
1987
7810
3757
6141
5497
3897
3069
7479
1110
544
4712
6601
2759
5706
2757
6884
2184
6110
765
2542
2136
1873
2308
7791
5761
7513
2973
4729
7851
2663
2531
7190
5857
4665
7422
4596
1009
1494
40
2813
7383
5021
7757
3770
6833
1051
1868
4052
3510
1967
3385
7172
3832
5489
2657
7236
1941
7966
2072
7172
823
2581
4419
6075
957
600
2542
7546
3977
7373
285
4182
3795
6886
1401
2496
4422
4512
3711
1249
4571
2304
5518
6955
6991
4484
5667
3232
2340
3212
2515
3538
6339
3374
6340
1114
1330
761
561
3533
7533
7500
6173
3547
3860
5354
3372
227
1838
4234
1787
1173
811
5964
6666
5529
5445
6058
2585
3195
7799
451
7650
24
1484
7224
4444
4126
2487
5925
3598
1574
709
1418
1663
737
753
5311
3972
3975
7257
4352
67
2835
2
6246
5419
6578
4187
1135
7206
181
4688
6472
3986
3283
6095
6530
686
736
2768
5302
5071
3574
5912
7333
6236
4397
3247
4230
2871
5694
5380
6888
3835
1746
1998
7627
1782
42
862
6900
6937
5180
1895
2666
4578
2918
3166
7440
6031
7808
754
486
1008
3990
7691
5726
7489
3922
1911
6944
3691
625
5836
6986
4633
6384
3421
1963
5904
5521
6538
5433
3246
873
1271
1226
4980
3346
1543
4411
942
2554
6281
1310
7994
7480
3
5662
4726
7566
2540
6273
1729
5619
2806
785
4408
1780
3568
3651
4294
3833
39
4287
4154
2380
7831
6876
3434
2507
6602
140
3393
4978
4521
7361
7963
3266
4407
7156
3913
544
7127
6548
806
6219
3212
4007
7102
7182
1520
6915
3230
1871
1335
7365
3059
1965
4467
2585
1089
1079
2181
4520
7952
3847
6611
6380
6941
3770
6961
1483
6037
1075
594
4526
1751
701
4601
4545
5759
5447
4675
1433
3685
1830
6448
1159
7540
7978
1422
1598
6407
5545
381
7445
2932
7746
3721
7599
1300
3748
3859
1463
5167
2931
5010
7170
4930
4648
6552
2083
1598
4481
7270
6031
972
7329
53
6752
5393
7099
1402
3832
5181
3692
6451
5685
4419
7647
3845
4368
2909
4644
4803
5847
7048
209
3593
1566
6474
4659
5835
7210
3869
5565
7033
1611
1944
1364
4494
7681
1568
4636
4346
5651
4912
6777
327
5669
4474
1961
5658
310
6249
4443
4295
7044
664
6109
4980
3655
3534
870
7193
341
6055
3641
7975
6104
2344
7885
1993
4133
2602
5783
4719
2342
21
777
1448
2836
2850
4239
2145
289
1065
7748
7442
3441
4629
2616
3277
3229
3990
2192
3468
222
7570
902
3307
6474
2626
1633
4675
2747
289
5108
5406
4400
3191
6488
6389
400
6062
7904
149
953
2703
1960
5947
7388
2623
6567
1355
3094
1871
6118
4148
6579
496
1512
4773
662
3876
3720
2238
4539
5211
1683
3257
7858
3668
659
5447
3899
1804
7076
5006
1804
5909
1238
6615
722
7861
2773
4618
5739
6406
5259
693
6290
5873
42
108
5188
887
2398
4188
5295
6959
5382
5849
2010
6300
5087
4244
5751
392
3772
2543
6937
5551
325
506
689
7858
4132
4519
5084
7789
6409
4892
3679
7977
6173
6285
5729
5992
5608
3971
4209
7657
55
3979
2655
3691
1912
2901
4624
1688
7979
7791
4574
6495
1247
6879
2516
3151
3741
2266
4911
5264
2195
3351
6705
4740
5774
7724
7214
5514
3815
766
5097
5757
446
3391
314
7940
263
2060
3438
7868
7767
6135
1564
535
7486
5232
4406
2121
3182
4409
7971
6695
3866
1675
5676
4085
975
5073
6723
6691
1797
5616
7333
3199
5414
3945
3665
5140
3990
7082
219
5855
1376
773
1619
5001
3410
4642
4484
4224
7341
7088
7691
7095
1466
4584
2661
6864
1057
1087
4905
1587
1587
918
1001
6457
7725
2701
376
3696
243
1409
2355
7416
4949
7354
7145
67
4767
3865
3019
5341
5542
1517
3128
2226
146
5227
6688
565
502
7245
5414
7823
5706
108
5836
6290
3148
4784
6417
5855
209
4744
2109
7863
6371
3873
1612
7740
591
7791
5169
1632
4716
5761
5052
6032
955
305
6998
760
1046
1488
127
4009
5021
5109
1164
2435
2062
5412
4562
270
6693
7603
7445
6502
7133
6344
79
3086
2614
3629
495
5333
4225
5204
7013
316
1683
7906
5413
2443
1991
6651
6656
5280
1860
1556
5200
3004
1309
7083
1066
4233
2668
6389
1293
2710
6798
4414
5536
5650
6087
2391
2389
4327
294
2087
1973
4750
5110
7898
5263
3578
4725
799
7213
6740
6879
6737
7466
952
3799
134
7074
5159
514
3013
6378
4053
2007
6327
5486
4363
4077
3953
1987
1622
2338
5910
7601
598
2739
6760
2155
5598
366
4180
5135
1405
6137
1070
1476
4424
4954
6774
5011
7135
4574
2560
806
5395
6247
6385
6817
3150
4694
823
7628
4115
1114
2319
190
5676
7401
2763
2324
4385
7318
1465
6673
1420
4234
3912
130
2107
6031
6786
7672
2935
6563
3450
6671
7975
2353
5086
4985
4605
3977
4396
2223
4313
2384
5239
7533
5111
5681
6027
7318
3952
2007
6068
4018
2978
598
672
2047
1806
1453
3527
7286
7543
2513
1928
5141
5427
832
4133
7447
2550
5589
2033
2767
6502
2133
6420
3497
4549
1288
3581
256
7807
4932
6473
3948
1533
6234
3613
2480
6877
1048
881
945
7787
671
7423
2791
7963
7181
3148
4733
1784
3775
4908
3479
7649
1833
794
514
1697
2567
3845
6561
3878
6623
7487
1558
7520
6844
391
6143
1857
3185
1598
3370
2978
7279
3443
5842
3118
2762
816
664
3288
546
6694
4746
3434
4525
2421
7445
3444
3684
6667
2023
1058
4884
363
1794
5067
7349
1396
2249
565
6944
4155
1414
7827
964
1393
3469
2427
3688
6060
2242
5470
4164
6451
2026
3968
707
7053
5316
1261
107
2523
7075
1618
496
6375
440
2051
244
3655
4523
5530
6371
5244
5548
2148
2349
3228
251
4980
5049
2055
496
1374
405
4391
2448
2275
7381
7373
233
3773
5566
994
5149
7678
4983
2112
2517
7640
5706
139
6603
5511
7277
453
4337
854
3065
599
7311
4992
5265
1025
1745
349
5313
4112
5666
870
6813
842
1458
5755
4877
3332
3521
3778
4843
4528
7207
6345
1976
2673
4920
7430
2628
6595
723
1914
3732
3889
6617
7690
1107
4598
159
7631
4869
6792
1431
723
1530
931
2998
2107
4540
892
4756
5729
5547
7165
7626
350
5841
1847
5371
4703
1981
2373
4514
2586
2855
1215
943
3126
1283
5303
3608
5103
3552
1872
3498
926
1513
3250
837
1182
7380
2458
2044
595
5701
77
2019
5236
5485
6853
4867
5630
4647
3204
3270
7748
7042
7864
7068
1662
2945
5916
7656
3217
65
6761
526
5924
3709
2063
3152
1161
1812
631
7525
6813
7974
2910
6309
4164
3622
3367
1129
4218
4400
2780
6050
3805
3115
7553
3739
4958
2499
5929
2266
7900
3326
3206
982
3956
552
7317
5335
6303
7364
7264
6089
3078
262
6632
2145
1761
3979
5411
1106
1807
5193
5304
5672
1986
7669
638
1848
6525
1510
767
5366
3784
1578
1575
3891
5630
4697
3450
2344
3345
7790
5525
2973
7100
1451
6731
5788
1920
2799
2190
5611
4364
4830
1218
4095
2510
1307
6400
253
5435
4841
7867
780
3263
1389
2898
7969
6152
36
42
521
3820
858
4295
1404
4914
4640
2416
2166
2268
1995
4311
7480
6275
4078
7282
2034
3844
3203
7381
7089
3829
6965
4707
1129
3960
7069
5751
2113
104
5562
1644
7266
657
3531
5593
798
7112
7453
2148
5839
3541
7525
2569
5499
1961
3749
7304
7550
3472
7189
6620
5020
1688
1925
1320
7214
7395
7637
4378
1720
3597
6176
4071
5862
2469
3229
7078
1700
559
2575
500
1030
1490
937
1633
5224
541
4407
6678
694
6790
6358
6915
7337
3610
4810
4636
3963
2883
1993
7000
4892
1483
5483
7164
5198
6495
3784
7549
1365
242
5700
3420
1571
2579
953
2298
537
5210
2276
5428
7610
2438
4478
1598
2806
5970
6808
4427
1444
2533
5733
5498
4295
6995
6966
1868
4310
3416
4553
5370
2631
6597
227
7165
7209
4931
4095
1769
2924
6843
874
5475
6096
5920
271
4474
4944
6617
6459
5756
7630
3811
6003
1594
2522
6588
7811
7474
2961
3834
4164
662
45
2056
1452
6782
5259
102
6219
1759
5562
7719
5641
4085
6004
7748
6730
1905
3439
5181
5933
2443
3307
6546
7530
3439
