1700
6763
173
743
4310
5510
6098
1161
2863
3451
4680
3806
7324
6172
228
7240
269
935
2139
7107
3351
6535
750
6405
6738
1895
675
3839
7284
979
3681
4161
1275
6846
7014
503
154
1732
4233
1847
5213
4618
4188
5084
3360
674
3872
7727
6392
4257
4436
4679
7751
2733
3962
7718
2768
4746
5321
5607
3026
2365
7326
2147
6660
1599
4999
3518
4968
4375
1431
5840
7347
5537
5315
5418
7453
2157
6338
6512
1078
251
1344
6376
7699
5168
6819
4802
6564
6245
2652
1110
2086
3484
6600
1401
5601
2800
7900
118
7616
1113
2925
807
4747
1694
2209
5400
280
4324
2880
442
4422
5301
4707
1606
229
2354
2637
5025
3024
7960
6040
6613
66
2951
7764
5148
7984
929
3075
4129
78
7229
3758
5095
6531
1911
4234
7990
6519
3291
5218
6783
241
6560
7263
1711
1457
6922
7992
6586
7343
1494
6004
7148
4264
6622
6719
860
5918
6179
3882
7312
7220
563
4580
1411
3240
5763
1438
6019
6499
389
1111
1192
2449
7683
995
2122
7854
1226
3560
6814
2903
5081
6170
4481
887
1045
6877
4503
3665
6061
835
6198
3758
2635
6799
5382
2842
1826
2193
2050
4794
747
4376
8000
5750
1886
6978
4321
457
1068
3415
4423
3354
2694
2673
3286
7241
6366
1421
6064
4883
1115
445
2120
3642
6102
5241
117
736
707
4985
2485
5880
730
872
758
3677
3147
1292
3171
727
3690
2236
2273
2804
1201
661
2955
7439
5950
2714
5587
2054
873
4618
7449
7690
5543
6430
2916
4804
3179
6350
4570
7428
1677
53
1103
5913
5446
3786
6796
7973
996
1141
6629
751
2973
6309
4773
1801
4312
1063
6547
7380
5110
7768
1865
6578
215
1631
1743
4108
3889
2670
5416
6044
6442
1050
3180
6293
3137
6523
917
3770
2382
1744
6377
2743
1239
3023
6288
4169
2135
6092
4889
7406
2444
6667
696
5036
5130
4174
4541
3704
2984
7488
386
512
5800
5701
1429
4861
115
3028
7541
7888
5570
2869
1749
2257
5397
247
1812
3611
4998
5507
3664
7290
79
5000
5721
4725
1106
2926
5290
6752
6096
84
2444
6986
2068
4761
5503
50
1986
1554
5818
3111
6855
6956
2076
5093
4794
66
1883
4542
7705
6668
4408
2132
240
7809
4348
5713
5683
3108
3679
3693
617
3738
4470
6310
410
798
5315
4800
5903
563
5823
5599
7981
5543
3328
1415
3583
1132
2790
592
1730
6480
5577
6469
7450
4518
3517
4537
2377
5170
5151
2092
993
618
4574
5705
1906
7140
3804
3696
7602
420
6883
5830
5925
4335
6848
7653
5433
6178
3173
2251
2881
7579
6947
3556
6578
1280
7563
4015
2804
7743
2864
7733
2869
6426
3142
2251
7694
1201
1430
4627
5669
702
3626
3817
941
6115
3305
7840
1735
640
7391
3486
5970
4689
6910
4916
5423
4819
6762
1466
4410
5280
3440
6852
7434
3022
7577
6439
3386
849
1218
6090
5487
7110
7970
6723
6736
1556
2577
1898
808
5200
718
628
122
6545
1832
6858
7835
2599
1820
5676
5384
4782
5576
7209
3259
4647
1471
83
15
4613
4235
833
602
1423
6794
515
908
6650
2598
1711
6059
5547
1707
3943
7037
7567
3083
2889
3460
3877
3401
553
1455
723
3160
6168
4845
2143
1217
5556
174
5008
1631
6228
1629
7722
4530
3648
1598
123
7752
4272
3774
4839
2970
2032
6668
5631
503
1119
5064
4775
604
3747
926
2870
6087
7835
6385
2665
5937
5354
884
1606
5455
1000
3048
1613
4257
6923
2439
4891
5327
5457
545
4470
2913
10
4504
7614
6848
6005
2872
6217
7544
523
535
4962
7023
6325
672
1410
6388
4255
7764
5978
5079
6564
7933
1199
4664
4970
73
7770
2209
2608
175
3915
3417
1484
1702
1016
4366
918
2245
7854
6332
2932
1481
3689
6392
5894
6921
2118
5672
3969
2791
3492
6154
3022
4805
1348
2512
7583
4208
871
1214
2247
938
3767
3924
5068
4959
2734
424
1784
6296
6441
4681
5590
5616
4051
4396
2272
7656
3610
6690
7796
4662
1285
1503
7427
6727
4208
7060
3766
7482
4402
420
6921
5490
6725
7986
6015
2841
7368
6727
7432
6697
3228
2276
2442
620
7765
6423
3451
4124
5464
283
1977
6740
834
2062
648
4765
1328
6750
4442
3165
6555
3628
666
6667
6995
4399
1851
8
4494
3772
7468
5732
741
4745
3744
7629
2327
2389
3483
1205
4774
2235
5523
7941
2450
6159
6850
3459
2937
840
7065
3440
6205
7505
4519
3660
2620
5251
1732
5011
5157
2787
2201
6481
3296
6320
512
1040
5902
2308
1469
3177
4537
3890
4594
7997
310
7820
2763
2828
5755
1594
1179
1947
5600
1351
4863
5391
7371
2314
3818
3438
5776
3451
2843
2093
5025
1720
2057
766
4328
1924
1809
294
5839
5960
2580
2611
5611
6641
4582
4393
2146
7659
3436
1275
7962
7402
7520
5032
7390
1217
3259
7090
7403
5174
4301
7323
7462
3338
6779
1182
5339
164
2064
1188
5108
4173
6595
6198
528
6907
25
6528
6593
5453
6307
4144
5967
2706
7470
3488
909
6320
5844
3395
1573
7393
7011
7367
4182
2101
1144
2991
2874
1709
7766
395
248
2946
5881
6953
4658
4444
2076
7302
5041
5472
4759
1031
5044
7507
2929
5570
7565
2480
2642
4828
1267
3547
2361
3749
6971
1456
758
5190
3542
7194
3089
5704
2536
3341
4004
403
4319
1345
6618
6755
5257
1189
6510
2740
2254
1763
2952
2303
7904
3424
318
209
7119
5780
1941
688
4943
5205
799
1232
666
1919
4244
7144
1528
3702
4751
1290
4122
7955
6221
3529
2975
1293
1137
5731
5732
6431
2263
6625
4155
7470
6910
7804
2343
5162
3225
4593
1874
7660
7197
6178
703
7761
5338
2378
6920
557
2078
1887
3347
6293
6094
2068
3910
6830
4319
6204
1870
4749
849
5573
4679
2092
2945
1073
1754
6300
4499
5219
3161
4945
1214
5314
4174
94
3009
3615
1739
5345
2069
5427
1722
3245
6689
6681
5395
1787
2328
6704
1311
4316
1209
6594
1373
3404
6090
2526
7353
5029
665
5448
3940
7072
4295
4649
1291
7830
2134
1651
7748
568
7752
5124
938
4156
4660
5994
2607
6487
6350
7784
5183
7227
261
4701
954
3967
7614
4335
848
7716
3438
4851
4870
2944
4524
1160
5321
4054
6890
2230
7831
2192
1517
2852
410
6009
1515
267
4733
3814
3004
2051
3356
581
4854
6678
6601
1987
6098
1366
5530
2240
4277
387
1238
1918
5775
6384
6198
4659
4543
2987
1270
342
4244
5144
507
583
7577
5979
2738
4653
867
311
3174
2792
4346
2879
774
5029
4564
2032
5937
5660
1294
2246
7948
4216
9
525
1052
1406
5594
6107
2075
2505
7625
5076
3242
3065
847
6844
797
5485
3840
975
1844
1252
375
7620
7373
2612
4080
7543
3851
520
1028
180
3537
1766
1237
160
3069
2154
2391
3398
4705
3094
4781
5547
5490
5066
3297
5484
2090
7843
4615
529
1519
7903
1542
304
6132
6628
1201
3195
3321
777
4438
6318
230
895
1476
2999
1832
7696
4532
1043
1849
7262
507
5898
7071
515
3912
1723
1011
4898
6314
4582
3680
5817
5522
2320
948
1075
6878
2635
4615
2841
4578
5580
4374
3817
3571
5922
1809
2346
669
357
634
4727
7359
5080
4167
5734
5045
51
5407
6616
29
6859
4678
7317
5258
4592
1991
2600
4179
258
5260
1356
4193
4176
6859
685
1531
4742
2975
3477
5405
4268
7379
6501
1453
1073
1188
4762
7050
1636
2388
1424
3264
3252
3713
2116
4694
4565
280
1506
1520
2569
5583
2156
491
3794
6087
1155
4279
1336
2939
1582
2226
870
1893
6115
3863
2285
6986
57
1834
170
601
5903
4312
7057
2365
6843
2877
5865
1131
6366
1464
5703
5744
6670
6963
6152
4187
2457
6824
5347
7303
2005
421
7378
5224
1475
3880
274
2753
5138
4913
1258
2675
2220
6513
6774
5159
3146
1891
7477
894
1041
4411
4262
3665
5403
4225
3683
5883
4345
2406
6082
2048
2769
7631
7065
6371
1740
4526
6469
4727
6150
5650
6976
1989
14
6516
6549
4650
3346
6780
2503
2715
1993
2399
927
3028
6764
4553
4431
2493
5237
7281
4432
1139
5387
5626
3151
6948
1493
6617
3724
6557
2334
758
2103
6308
3999
7708
1535
2970
4431
3854
5155
6801
1319
6147
5782
7033
354
2796
890
5911
516
4590
6686
2670
4187
1944
6366
3843
3903
2843
6910
4741
4722
1525
1776
7679
6266
3489
5597
1084
4146
1848
7305
8000
3147
4514
2486
7938
7302
5270
6185
232
3936
6953
6772
1699
5947
476
2968
384
7813
6431
3581
1040
4696
3555
740
2617
1266
7093
7948
5736
7010
6867
6359
2091
1162
2923
395
6633
1162
324
3909
7383
3825
6942
4812
476
3718
5314
3834
6770
7124
6050
348
3248
6692
3533
5608
6062
1897
6395
5653
586
3537
4492
3882
4385
6670
3242
3901
2977
3831
7491
2428
298
173
3179
5209
2419
5464
7931
6169
7197
3901
3543
5951
5939
7906
5257
4165
358
7370
6558
5706
4043
6519
307
4108
2741
68
1163
5838
6471
44
1195
3850
320
2869
6055
4371
626
3013
3223
19
6071
3199
2736
3680
5845
5898
5269
4646
7925
3265
7114
1205
5454
2743
6540
930
7218
3200
6248
1609
3689
2647
856
3265
5240
2043
371
1420
2522
2890
5336
3658
4729
5931
6457
923
1221
3843
831
4837
2753
2206
6883
5225
6766
2441
4362
2887
4718
2128
1637
5662
2606
516
6365
1420
7155
7198
6061
7890
7606
5482
7665
2190
6585
5887
3032
976
6470
1068
3935
3359
7325
5976
3388
1205
1007
3949
3943
6767
7859
6647
6340
1421
5132
5698
6280
4067
4386
5964
6584
1562
7940
5510
3992
1778
4875
1405
2657
3624
5938
1428
3777
4169
3700
3400
4773
2089
5758
2573
6575
3819
6674
7099
6867
4754
4766
531
7820
4622
6837
7293
3829
1232
6624
7154
3772
4996
4918
6726
5137
777
1332
7730
3267
1475
4784
34
855
1592
6400
6665
2892
916
1817
3993
6877
6679
5315
4888
6870
2573
7685
2772
1839
765
1324
1852
3890
2045
4055
685
5631
1681
5871
3977
1812
6352
3434
317
6642
6225
1561
6969
4135
115
1535
327
5463
1925
686
3183
6372
4604
1988
204
1004
3603
4530
7327
6285
2511
2839
5324
3109
2684
3595
5641
3999
6605
1917
5826
52
584
2637
1923
3225
144
492
5162
6774
7731
3600
6607
5475
1525
7554
3223
5650
5630
2493
2720
7535
399
2098
632
1518
1895
6963
7313
3317
7261
1402
5937
199
7103
4701
2887
3973
2762
4868
5980
484
4347
5588
1940
4607
4532
3849
7189
3753
6584
1222
2848
7545
1309
2363
7504
7786
6915
1226
7408
2455
3802
2695
7042
4217
1131
895
5628
6940
4659
5075
5185
1023
3639
4918
6881
3535
5577
4874
4452
5755
988
3225
3284
5357
1590
4264
4131
2341
6296
236
7753
75
1342
2900
5421
5686
3877
2949
5990
5243
7538
6743
7628
7604
6624
2546
723
1363
1142
5162
2585
3131
1192
4617
1187
925
5720
3915
4315
3552
3456
1008
505
738
1287
4331
6245
2690
2123
3650
900
1958
7235
7304
1646
4042
2746
6955
1485
969
7489
1416
3491
367
40
5362
5791
1970
647
553
991
7217
7291
7453
3390
5872
3366
3199
3268
6358
7492
6947
7499
7664
5731
3053
4360
2572
6151
7022
5040
3081
7454
4246
4877
5678
3166
1012
1057
175
7811
6816
1823
5701
1092
5642
7764
7040
2112
2278
7226
4177
1095
4208
3808
4849
5040
3586
4434
5348
4180
6362
4819
7386
1410
6804
5449
991
1152
1272
2884
2657
656
7763
3219
3139
2490
5820
6240
5391
4832
5939
7662
5011
5966
412
1901
278
616
744
4839
1100
539
4662
6486
3230
6090
4338
5436
4128
1117
807
3706
6397
3272
790
6618
4304
7539
7677
7811
5852
3032
1264
1658
4643
1742
5241
996
3148
6870
6336
7284
2461
7618
3685
6336
5464
171
6146
1473
4676
6492
7213
3732
4156
3528
2403
1616
4458
5951
900
5197
6943
3835
7895
4264
6187
1381
6964
5123
5455
3449
3697
5904
6204
4538
2326
3358
2844
2452
1234
3700
1419
2365
3308
110
3734
793
2730
7579
1171
6044
3195
553
6870
514
4211
6165
3562
7322
7641
5148
4434
2192
603
4251
7274
955
5513
6375
562
1419
4735
5128
1180
3663
3803
5309
802
4168
6398
6630
373
6026
775
4540
1079
3980
4689
7465
6323
3896
6345
7104
1101
5186
4939
4422
3902
5443
6226
6090
6512
121
3914
1511
3237
6065
319
313
6520
5085
6404
5204
2359
7011
6780
995
2417
7233
4983
7613
7770
1390
7985
5043
2614
5917
571
5349
3523
4332
3100
1924
3216
813
281
3846
1906
281
2886
5612
2673
6057
802
4939
7667
5511
2438
5650
6675
7400
1535
7063
5078
4412
5283
7494
5029
3035
4721
7516
6670
7831
4448
3992
7404
5130
2307
4290
698
4884
7475
1959
5977
2915
6416
3612
6499
7444
891
6930
1799
1783
4337
5321
5249
3015
6222
6742
607
3769
489
4307
5326
5760
2578
3558
5358
7661
1493
5038
7880
383
7597
1
1098
5152
290
1620
2507
7258
5609
5882
3878
1903
1010
6586
2279
5090
5596
1349
3426
3475
3044
7153
6016
6091
5907
7729
7816
3009
2434
6487
6332
5783
4202
1239
2036
4794
2640
143
7268
2495
4548
7998
4873
5929
4417
1276
7065
4036
1380
6473
3773
5853
1715
1635
6992
1234
1055
1069
278
1841
3800
2237
7032
7427
4551
4615
2239
765
2153
6556
3226
1827
6459
3100
7437
6694
5971
3673
3010
7053
7834
4606
7142
4193
4963
2597
2202
1837
7630
4773
2375
4053
7562
3506
2347
5252
6240
453
7282
5287
5834
3599
7660
5371
2470
3414
7036
6676
7281
5887
3904
519
7422
6184
5258
5921
1684
6098
4263
2858
5923
3063
2741
2043
7253
7940
4604
840
2657
3469
5411
4109
5005
3812
5696
3469
6169
402
5583
3561
5830
1317
6275
2689
7034
3014
6800
1812
2776
4047
3737
2854
1557
3993
5552
2987
929
2917
7984
227
5613
7023
4844
4398
5790
475
3224
1211
2568
3514
5460
490
1742
342
6766
7716
5146
2968
5233
7606
5843
5735
2560
3488
2412
7680
220
892
2392
1467
6010
64
3878
6531
1225
361
2087
269
4521
7206
5306
660
3781
5310
7376
3688
230
5142
1722
1935
87
4932
7717
51
4840
5690
6513
2043
602
4844
2913
4027
53
5938
6294
1034
1732
3478
7529
4082
852
3817
4522
6759
311
6194
2977
3913
4252
1666
4315
5318
5182
7331
2094
2106
5219
6295
5974
1514
3467
7274
2966
2935
4627
5704
347
5331
2830
6682
2195
7401
5052
4912
5340
3344
5787
6268
1841
2274
2077
4857
4745
2227
5762
4840
1297
1476
118
797
6030
6082
1174
1186
2735
3997
2289
6727
4305
5335
4727
3081
1308
4627
2939
5667
5866
1237
4569
1617
4925
5011
4216
7504
6389
4182
7507
6416
3107
7452
2524
1296
1150
3465
4981
1845
7769
831
1249
5616
1189
6001
7275
3923
2495
4640
649
1204
3523
7403
4993
169
5663
3167
5858
2537
3938
4537
539
1841
6394
3011
7930
14
7015
566
3425
7844
4363
1524
1859
128
5870
6950
7262
7686
1789
710
6215
3825
6701
5785
6363
1792
5595
1077
6878
2602
2276
2896
1161
3208
6476
4434
3501
248
5731
203
5795
6727
5046
5136
5984
7207
6450
1573
4874
7308
5900
5872
4291
1681
1903
4261
6601
6999
4241
1324
6388
1529
5921
506
7303
6208
2707
5675
742
1386
625
983
138
880
2059
920
6117
7438
958
883
5701
6510
3307
5998
2816
7878
2178
2705
7549
3408
5014
1729
303
5660
2055
6426
445
559
3564
4760
2009
4103
5551
6159
6635
783
617
1139
4552
1628
3294
1122
1528
7056
5765
3672
137
1807
4713
908
59
796
6208
3146
5080
7880
1567
3164
449
1097
2349
6584
1297
3583
705
1875
1949
2805
6165
3922
2484
120
977
6067
7522
3803
6754
1639
326
1610
7170
5673
1227
3299
1749
3607
493
4655
1885
5323
1078
2060
7412
4962
5076
5068
2975
137
2155
3894
2723
4801
565
7310
3009
3947
7050
5834
1045
4028
1939
1259
1717
856
813
7893
4359
4231
4816
2550
3474
2435
5396
1824
4269
4591
3779
4524
7558
1592
3710
5085
4621
4526
7783
3595
4286
389
2252
680
7339
2870
7743
4406
701
4117
5628
2792
4733
4976
7414
5369
4227
7611
1932
155
3021
7245
5029
1645
5780
25
1442
631
4389
1439
688
6074
7533
4409
3006
2144
3898
5921
1086
3529
4707
976
2402
5696
491
966
4037
7287
2690
753
2741
2613
5125
3201
3059
1597
3340
3004
3599
6392
2524
1078
5363
5111
3266
4927
672
273
2779
288
1430
6344
223
1189
1902
2557
6596
2377
5202
5533
5523
2528
5161
2246
4181
5962
6802
4814
4330
6971
3386
6421
6835
6551
3894
6768
7230
647
7896
7004
5520
6292
5577
449
5727
5882
7792
671
4219
7776
7065
4646
7541
7223
5514
3517
3334
5610
1011
536
727
1812
274
123
7923
1580
6400
1481
198
2775
445
6297
787
2025
7118
250
5487
2775
5993
4534
2850
6074
3642
447
904
3571
945
1334
3241
3772
4657
1731
5055
5346
2735
5607
6232
5278
268
6082
4287
6996
3103
7678
1526
2076
5758
6667
2320
28
2629
4191
4111
25
1880
7795
2678
1931
560
7467
6493
4681
4493
1391
3102
3001
3740
5086
4976
5154
7712
676
5072
943
5378
6032
5034
5805
3509
4064
6578
3448
7602
7361
6410
154
6467
6493
3481
4334
1432
1749
3990
3330
5013
1086
5939
2169
434
2144
117
2536
6426
789
62
7142
3481
2307
6694
6270
190
5906
4042
3028
875
3013
6526
6294
3423
4087
4811
5869
252
4153
7899
6716
7726
6490
4684
2898
1170
3056
3861
7714
7985
7388
973
6859
329
5780
6581
2744
3030
1362
3903
4134
6161
2141
2353
368
5324
7845
5113
1729
129
4092
4544
4060
1898
7914
7077
2514
1514
7452
3504
4958
4718
7886
174
5021
3595
1150
3048
2146
5166
3578
3895
3351
489
7571
1758
3393
2732
7251
7478
769
2116
1572
7060
5867
5787
3140
5290
1417
7518
1215
6307
4234
3433
4335
7244
5304
6628
2551
6523
935
1992
7194
210
3935
4190
1299
7557
7809
2381
2444
1068
3778
402
6426
2319
7559
1448
2268
1747
7494
6428
999
263
3062
3435
3960
3540
3382
1054
65
7837
7105
1126
3734
1372
5235
1086
5760
6871
2283
1823
2039
6117
4253
1082
3417
5842
4797
7639
1041
6229
6700
1939
2816
2990
1526
5047
7327
2453
1526
6914
1299
4297
2639
1671
590
129
3509
4765
407
1887
1837
3206
6416
3619
396
1732
3402
4695
6419
4806
2546
6929
285
1830
1532
3552
694
1297
255
5685
1714
3953
5159
781
2995
2361
5040
7624
6338
2329
196
1415
4959
7352
7416
2690
7970
4267
3482
3121
1004
4103
3154
7791
7877
6895
3981
7732
4557
6556
6335
2580
6184
2540
7618
2441
3079
619
5472
7650
2735
2075
3015
3987
501
2364
6545
5905
5242
5007
6867
4269
4019
389
2278
1367
600
838
1897
2288
3970
5226
139
3407
6291
2816
4148
7488
7412
6579
3846
6416
4941
4191
7826
3812
4370
1651
6797
1269
5289
6205
6594
650
5853
1009
5562
7414
4120
1017
5033
3122
5458
5181
1380
855
1881
1233
773
378
65
2032
4967
7063
7677
3841
1706
4253
1651
1
7511
1190
6617
855
6589
6736
4268
3029
2556
7996
6348
6736
1792
7298
6490
1699
909
5082
3330
1709
3430
1235
7436
2541
3448
6358
188
1601
3838
1753
3230
2986
973
7415
5214
2642
7568
5437
403
7104
7665
5996
7328
7674
1302
4671
6345
3544
1956
797
220
6465
4096
889
5678
1031
6423
2964
6115
379
7141
3381
2953
5072
1393
4698
4127
777
4982
4935
7015
5327
1940
2252
5461
149
4358
4193
3579
7145
2778
3148
5718
7024
718
573
626
5429
68
1089
4031
6003
3006
6866
5762
2553
4804
7386
5331
3066
4817
952
1370
4284
3833
7721
1432
894
3125
1493
4718
5354
2573
2064
5736
5476
6943
1575
3570
3432
560
5764
5501
3186
4984
7970
7956
6006
6557
4422
6865
3356
1225
4493
7497
5901
431
7347
1340
3998
3607
982
5354
7497
4174
2886
2745
1833
1077
4874
6944
4625
3425
4635
5132
3879
6583
3071
3141
6396
7977
7350
4690
1061
756
322
5778
1714
770
3626
2259
5106
6517
2905
911
3157
2785
3116
4003
1816
379
2026
3775
6266
545
5830
4029
2765
4786
3790
1897
433
7863
3990
7836
1576
3409
1415
447
4453
696
167
1598
5717
2569
991
5102
92
4818
301
358
7032
5560
128
5448
2989
6246
3331
3446
5450
4759
5456
7608
4474
559
5670
7691
2562
1502
5144
1120
3649
927
4095
4406
590
5114
4121
7891
4921
6236
4558
4760
2772
3252
7693
7344
3075
7074
54
2549
5337
2179
6248
1982
1591
5760
7124
3954
5059
1898
3687
6127
7472
4018
3832
2152
54
4095
7312
3069
6631
107
2046
7015
7900
4573
3331
6718
6318
1657
6941
2776
2535
730
3
1567
1937
118
2947
7213
7547
6248
7885
2166
7474
5611
6453
3238
1378
1620
2775
1397
6350
1004
6387
3847
6473
2823
1055
7471
86
717
2770
1621
6956
5873
2079
3223
1091
7267
7289
2053
4825
5288
5445
6058
7234
2559
4506
1733
174
2197
4577
2419
6735
6174
2061
4902
6447
2433
3902
4135
7597
5032
3957
370
206
5854
1937
1180
1649
7764
5699
1118
7997
2127
5681
6197
1272
5005
7619
7148
2180
7910
6209
1929
2125
7970
2264
3536
2096
6070
6511
223
5285
3005
135
3925
2682
7354
5528
6052
4083
907
5464
4090
5115
2115
6473
4965
410
7518
3202
6271
7383
1473
762
206
6943
5745
381
5558
2983
7579
1707
1791
1070
6899
60
6197
932
4683
2239
4605
4848
3353
4705
5795
3216
1156
1030
7010
798
2020
999
6601
7007
1536
5501
4391
4688
7689
7312
5216
4653
6707
4348
7756
5620
3622
1037
1376
3904
7177
3805
3627
2677
5056
2128
5215
3168
7581
6995
3568
3100
4228
7141
837
473
4396
4906
4618
3993
4009
645
561
7446
2635
6568
5525
2861
7045
4133
6470
4484
4384
2255
4643
4236
7229
5082
1764
6838
6358
5290
2680
7352
7028
1264
5757
4130
7073
7711
1801
5957
2944
4814
997
4991
6109
3670
7415
5831
2872
1167
6429
5610
3884
5525
7386
2678
96
513
26
1239
4491
3070
778
2263
793
4332
3083
5155
2698
3513
3125
4268
5690
6396
6745
5757
5607
2568
6330
5365
2672
1017
729
5898
7362
2482
1373
7870
6402
7820
1840
5181
3938
3460
3444
7249
2506
7209
781
5177
6870
7360
4905
58
1423
3922
6558
1975
2337
898
3710
3536
4373
5529
4497
3468
1296
3798
3780
6536
4305
3725
3856
711
2827
3588
2998
7867
974
6907
2707
5475
2207
4616
2364
5244
1282
7419
1329
7309
1475
1333
2427
331
6109
1819
2679
5461
4889
3328
4149
6792
5078
4640
551
5543
1555
4983
5609
1457
3522
849
2515
6735
4912
5172
1497
2109
5733
6182
1989
4006
4444
2515
7348
1803
6614
4489
2477
5753
1209
6338
7405
1626
2212
4557
6509
6409
4967
1192
6755
263
6001
6946
1537
1763
4572
256
3500
5832
6785
7838
2211
6347
1946
2982
1315
1477
2244
7976
832
3655
7005
1901
3219
4027
459
546
5396
6125
7588
5816
3894
20
2442
1283
4905
3825
1196
568
5918
5765
7546
4603
1814
2315
1827
5295
3449
1280
3846
72
6022
7098
7710
3865
6494
5748
6643
1198
2131
4278
3271
7929
805
7568
7404
87
7636
526
4371
7229
3563
1925
2628
7862
2451
1750
1847
2340
2587
3332
5659
23
4437
5810
1888
5787
1823
7194
5130
2421
6618
6702
5492
4799
814
2421
992
5080
1444
7917
3268
4685
4374
3366
4512
3843
1734
2394
7689
1197
2635
2627
7237
664
6381
3318
4621
6151
3996
2331
6963
4098
4300
1977
3913
4751
6883
6671
3520
3946
229
5959
4805
1810
6742
2326
6872
6751
6545
7977
745
4282
2377
6558
3195
2847
2989
4788
1631
1894
3416
2533
4647
6637
6677
3869
7077
2976
360
1014
3038
2332
2236
5585
5519
5507
3825
190
4941
5055
91
7724
6247
5559
5818
2529
5228
1795
525
4584
2920
1801
4120
290
3904
887
3277
5174
1691
4402
6183
64
3544
1406
4621
5201
486
1954
4237
6869
5884
7557
2939
7738
2494
7966
2230
938
3846
1063
1983
4844
1845
5513
7498
4402
4954
952
5484
5096
3457
5813
320
1684
7192
3117
7982
7959
2626
5133
223
4486
1746
7857
4024
850
3021
7766
1523
7929
5812
1498
6441
3558
4795
6340
2066
4682
2690
2818
4479
6373
1720
384
3532
4319
1219
5207
1353
5167
7960
6245
3602
1265
6149
3621
6603
701
1738
924
4954
5089
2748
2435
1900
1024
7673
1902
3203
4777
5764
5715
1302
7888
7713
4533
731
736
763
7293
6684
1530
7510
6822
6759
2550
378
4107
6166
7479
2534
2208
6214
6465
5038
4991
511
7754
6166
1020
6901
7591
4900
4857
4199
3614
1262
235
7339
2397
7238
6576
5220
7631
6527
3093
1975
369
4561
270
4731
220
2835
3375
3827
3052
4028
7808
4596
5793
7358
7318
660
733
1404
2870
3066
2521
6741
4622
2604
6871
698
5832
3045
823
4349
445
216
3917
2763
7801
3341
4356
7442
121
5636
2304
6646
192
566
6642
3720
6581
5175
3406
6639
2521
2219
133
6399
6688
4773
947
4313
5636
3363
2469
5793
5812
1480
5753
6357
4510
3758
6458
1599
7073
287
6192
3517
7533
6292
1527
4131
7297
5702
7301
1160
5214
5998
5012
4080
3276
5210
1810
7607
2113
4679
4180
6859
4141
1161
4637
6475
995
240
6682
2622
4970
3084
3272
6336
4333
6526
4576
1811
3516
7251
3527
4973
6116
2261
3587
839
7198
4652
4864
4312
3234
3183
6582
3369
6512
1286
3620
2659
1681
1523
7965
7522
1845
6384
5487
312
4335
4290
7861
2426
4390
3378
4457
4068
4019
502
5987
7829
5128
6621
7918
3844
5665
3995
2595
3953
1692
4357
1457
3247
7490
1626
506
7440
5711
2152
1046
5651
7660
4559
5884
7508
7733
6163
7346
5700
7711
6340
2401
2672
5891
630
6962
1086
6826
1338
6359
821
7825
1801
3013
5900
4503
2606
1479
925
3956
7099
1027
4222
1390
2475
2166
5346
6480
3136
5214
2497
6696
5710
103
1071
4754
411
4032
6562
3715
1182
2611
5557
2348
2539
6568
3649
3876
6716
5343
2084
856
6120
6494
2268
6446
361
1626
6322
4584
3780
1298
3848
3123
2979
3099
2777
4099
5568
7627
3503
6016
7662
3277
7084
980
4086
2246
4199
2978
2059
134
299
4183
1431
1141
5391
2865
1037
6391
2989
360
1999
4148
1772
2304
1090
646
1840
2578
3705
6467
7284
3910
1513
6103
5493
5375
4782
5183
7327
5643
1163
1564
1676
1370
4611
5331
3683
336
4522
1745
304
5661
6301
7272
857
4566
2176
5699
1304
5643
966
5458
5057
4657
7376
6837
6695
1280
719
3541
5657
972
7361
2087
5148
3204
4402
5923
532
1538
1102
5110
3134
5393
4329
5002
4459
4131
6863
506
1609
6270
7290
4137
6995
2659
1810
2947
6569
3450
3980
1290
4177
2731
1545
2671
1780
5646
762
4113
4633
2871
5643
7372
791
2056
7751
7225
1213
5012
6613
3688
1975
6991
575
2590
1270
2228
4661
1608
2526
7782
4901
6700
282
6344
7615
4524
4922
7847
833
6103
7848
5148
6977
4162
3590
2575
314
325
676
7519
5055
1133
7409
4509
2574
532
6233
2205
3679
4236
820
5748
903
5836
1841
1289
4227
2597
2005
1087
3322
4182
5614
3342
2299
7788
4647
3321
2552
4286
5850
2190
2619
2797
4547
2378
1340
1896
7055
5904
3961
914
3908
7922
3028
3914
44
3391
2391
6741
5186
2318
6994
5210
4970
4105
5447
7037
493
6305
6870
1471
2839
749
5565
2378
1648
1386
6418
7842
7406
143
5470
2100
6714
7076
1484
1058
2444
1075
6121
1319
6207
648
6804
672
7899
7374
3504
1545
3491
1304
6127
50
4828
1666
6812
1728
183
7453
5911
5141
178
5024
1727
3405
2203
1369
4012
4960
1819
2886
441
6048
773
717
2519
6296
5466
7230
5818
3406
7958
2252
4843
3609
5394
5757
3746
1654
2945
7506
3486
1977
862
3903
3036
789
7679
1725
262
6204
2562
960
7342
3819
528
909
7256
5150
4455
6862
5988
3122
3270
3670
4867
7816
7648
549
2597
6324
7628
462
564
5217
5746
3089
3028
4360
4272
1418
5155
4308
2005
7652
751
5312
2703
6537
2531
7339
4916
612
3133
3052
7605
4357
3558
2333
6688
3025
1251
6099
3366
7998
6155
2577
6870
2152
743
2760
3704
3301
3853
5563
2138
7070
2241
2301
2589
2986
6153
5843
4340
2405
7893
949
6542
6629
5934
1114
7994
3274
5650
3293
3217
5233
6880
7367
5048
7915
1870
4181
3028
4107
7190
3789
4962
6554
4644
1817
1148
4103
1515
6794
1366
2575
6848
7792
7953
7448
5068
4894
2895
4959
4463
2195
6054
196
2049
6602
4511
1243
3156
4518
67
6498
2942
5933
3035
2002
4774
2779
2801
5007
4680
3027
1292
3891
3166
5161
3961
7133
4957
3790
4234
5829
6924
2289
1943
2997
7888
3108
7800
4890
6170
7172
5115
1139
4437
7642
3282
6762
7520
2164
3331
7088
2895
847
7583
5767
6196
1487
942
3681
7444
5675
1558
6284
6640
133
7996
4099
2594
6410
2622
1912
7820
2970
218
278
2501
3988
3152
2713
1458
