2938
7824
6356
5235
2024
6391
2842
5952
6921
387
785
3500
4495
7968
6397
2032
4150
4309
1284
7312
3966
1104
7138
4554
5561
5119
1322
5634
6185
840
6295
3768
807
5116
3378
135
6104
6565
3889
1539
2856
6386
3787
6805
3758
7071
7274
1936
3241
4075
5109
3369
7761
944
5575
7452
6234
6416
82
7669
6226
4616
5903
5579
2479
4057
5724
1089
1542
4812
5846
3599
1722
7065
6860
5130
2556
6210
1021
6787
1976
6448
5812
912
7310
1526
1682
2089
4824
6450
5254
3054
3488
690
7320
863
7257
4459
6805
3848
5989
2066
5282
1215
306
115
2517
7264
7445
1065
3101
860
1641
122
2936
6293
2988
2885
3163
1436
7713
5596
3613
4644
5755
2866
6784
5800
5163
5172
4583
5241
5350
5712
5061
4198
5037
6750
2929
2176
3484
4171
7268
7190
7260
1097
6391
2234
5279
3527
5656
7142
302
717
3330
1871
2664
3848
4760
3039
7610
3816
3615
1354
3628
670
7321
1085
911
4946
2240
3212
2245
7376
7476
1984
6175
4483
6558
2061
1621
7509
1460
703
3271
3465
4140
6134
7898
1607
5072
2126
4302
63
7148
277
2881
2596
934
5679
4179
5999
7859
1299
4465
4940
3712
573
6545
649
2048
530
2778
6358
6892
3530
101
1623
6225
7577
2910
2481
1032
368
4657
1249
5789
1947
6872
4247
2908
3860
273
4638
4607
1568
1692
3263
2627
1030
3341
6888
6045
3505
6303
7719
5075
3894
7181
290
1711
6039
3407
1257
566
6770
4110
3105
2428
5936
4144
3102
7095
7611
3446
7697
2685
5523
3830
7738
7691
7007
2459
1937
2984
5166
5488
7901
1540
6005
5436
1989
4399
4102
6736
6668
2670
1231
1064
3232
4299
626
2260
7592
6283
4484
548
177
7990
3877
4808
1848
1697
4545
3040
3363
6628
816
5668
3643
2014
1554
6157
462
3139
1239
5073
845
5189
360
81
2855
6726
4393
3653
6615
7426
1274
1449
6557
5937
3669
4481
1567
5034
698
2342
2070
6362
5503
2521
7426
7867
136
1567
2801
7109
6661
563
2257
3995
1911
1318
2311
6469
775
5392
4041
5989
5037
2106
2951
2461
1893
1237
1966
2359
4109
3121
5170
7867
1319
1200
176
1976
4702
417
5200
299
5845
5481
5096
240
5518
4111
3906
7129
5801
1899
2031
1733
820
7590
3461
4486
6513
7159
2553
2742
7233
1883
2200
552
1717
1484
458
7986
7078
305
703
1781
3694
3987
4147
3372
2179
3971
6125
5367
2211
4078
2029
6051
4385
5660
7974
5350
2223
4446
4753
4552
4932
3283
5191
164
6205
7226
4576
7205
875
1893
3120
278
5902
3803
7599
6596
2572
7962
2222
994
2743
4285
6198
7235
4580
5391
3087
7317
3091
5833
4492
4757
3026
7209
3195
7279
7960
4787
4823
645
6113
2079
1629
2760
3257
2122
5442
6442
5437
1875
7608
4275
3038
875
5016
888
2232
3355
2617
3408
3496
2737
82
1807
4205
5085
2812
1355
6137
4321
4164
3534
5375
1051
2760
1418
4741
6582
4919
7035
5395
485
4091
7236
2617
2517
2965
3295
2875
2883
957
2989
2713
6118
7972
5704
71
1465
6384
703
4420
1702
5676
3022
1204
1987
5245
4247
575
2647
1587
3023
4678
3552
4665
661
1838
1850
5228
7577
5087
5006
6172
2489
1195
5008
1412
7205
777
528
5909
1278
4463
7232
1764
5744
3661
2702
1647
7033
2572
413
21
3253
1634
4777
794
5021
1327
5907
6584
4960
6013
2181
7990
7794
105
1455
4846
785
7794
7363
3745
6374
346
5835
35
6460
650
2718
3604
5508
3839
2293
3307
759
2461
7548
5000
1543
7339
5548
168
1342
4103
6718
5668
5411
7848
136
6597
3517
567
274
1646
6304
3976
4939
1779
7989
6739
511
4145
5433
6627
1574
4364
3996
7491
4683
5020
2779
7147
6516
162
3922
5524
3478
1430
6725
1432
6904
2552
5420
4713
6664
3893
7017
8000
1785
2104
5924
4820
2910
7720
2296
7620
4527
188
1789
5085
6974
5973
1615
875
2917
5415
2381
807
2974
1618
4629
587
5227
2810
3573
2553
1763
5681
5778
134
7613
3570
5023
8
3378
2618
4361
6751
4623
7206
7787
3736
7306
2864
2023
7490
3024
5770
4779
7320
7577
6675
4493
2731
2684
1087
6518
4743
1073
6204
2333
1713
6651
78
7299
2129
7432
3651
2542
3443
190
3799
2394
2762
4291
5734
2594
6630
5646
7197
1821
2521
5420
5613
4564
2075
7747
1141
1320
3567
7240
2226
6264
7820
1669
1552
7825
1479
3626
3835
7218
3608
5904
827
7799
5606
6471
5633
1052
1171
1759
1587
2037
2149
1746
1935
2655
6540
4758
7695
4069
7896
989
1207
3918
5326
4148
321
161
2053
166
3207
3601
5515
4873
1653
1345
7502
4324
3252
6611
3951
5986
3189
4016
4339
555
4712
6600
25
62
5786
3110
7182
292
64
7872
4002
564
1337
6961
6518
2675
4052
3451
6524
3141
7071
5311
7969
5836
904
4612
4910
2541
2248
1819
1517
5782
7068
6757
416
5270
5831
880
244
4078
154
7247
3123
5780
4410
4052
6668
6319
7252
6560
4570
3600
7661
6068
5217
5295
7558
6740
1691
826
5113
7016
166
759
5670
3943
3296
630
3850
7174
6197
1441
2142
353
7884
62
7366
6764
7029
3467
1208
3425
5343
4815
2200
7295
4046
4292
6710
3802
3359
7680
4049
1638
7497
1432
4849
3151
5606
5840
7778
1672
6528
6747
7130
4787
7394
2059
1011
6636
7828
6019
2544
5824
5953
6843
5222
4102
2881
6451
6383
3735
2694
5331
1246
4738
6999
4756
6741
1693
1026
7183
7165
3671
6512
5651
7109
6691
6412
5265
1547
4584
2210
7420
5553
4411
5145
1365
281
5663
7622
3885
1685
6358
2972
1314
609
6327
2748
6209
1654
4239
3370
3431
6852
1386
6183
6599
5412
355
6822
4577
3662
648
6980
3411
4217
626
7317
7111
4563
3482
6928
402
1321
4356
6777
7054
5991
4890
3333
6783
7478
535
5386
2047
2445
2030
6586
1460
5764
2209
7655
1515
7543
7823
5223
210
4983
1244
742
1425
2730
7478
6030
5575
6899
4095
3633
1024
2403
3002
3307
3705
4979
7619
573
6395
1570
6795
5859
1393
3649
2281
1332
5458
2380
4391
4972
6268
21
6769
4920
1901
3486
7402
2706
7930
6208
2196
460
1412
7448
3827
3756
5747
2873
3609
76
3710
7346
1514
395
5632
6060
7245
6465
485
5902
3318
1652
6516
481
7608
3280
5573
1310
2513
3910
1654
1485
4517
5331
3076
461
5790
7066
4326
7658
7669
2149
4053
7172
4819
2791
2054
527
7006
6739
5955
1050
1504
2209
2523
7809
1106
3989
2494
5041
887
4716
5629
2670
5373
4525
3153
6182
5349
4232
3514
4933
3430
6294
6081
3186
2847
1467
3835
3866
222
1922
85
920
3268
5939
265
4201
236
7364
165
5585
4692
490
4776
4146
7151
2507
3711
5739
4698
4618
6994
6197
4380
761
7812
2895
1827
3156
1056
1849
7087
2955
3355
5245
144
6750
7788
4438
3169
6278
6455
1102
7155
1220
35
4908
250
1437
5891
3205
3481
2564
2352
2533
4065
3407
3416
1547
5717
3054
1635
2336
4543
5997
4560
1406
5503
5017
5545
6243
7947
2807
55
3588
4442
6973
6607
4999
2448
6448
5157
496
666
95
3092
7508
2465
1503
4036
2110
3259
4864
2522
4026
3646
6871
5451
7700
6628
2621
1460
5795
6855
4141
2733
3604
3174
1917
7056
476
3099
2965
915
1046
1802
4244
5835
5163
1274
5197
7368
258
1777
2696
3492
5878
2591
1867
7661
5246
3293
6663
3588
7879
5360
4254
7322
5530
1331
936
1198
1400
19
6061
2159
1867
7668
5557
2911
6627
6046
2220
6549
5883
6833
3016
4011
3840
4667
3020
6213
4331
4121
4405
7901
967
6091
7335
5639
415
1201
1908
1415
2410
1895
1667
5720
925
5664
5594
1759
7801
5897
5833
6999
993
3782
3855
2741
3951
6531
5470
6868
4388
4330
7071
2950
4760
6059
1795
795
2270
5476
5405
3016
2671
7877
2662
2782
2978
7598
5991
859
838
6991
6972
78
3157
2447
3785
3101
1444
4375
3651
766
4720
3464
3192
2115
7939
1813
2797
837
3442
2920
3142
4229
4861
5631
3826
3368
1454
6121
3927
1758
770
7399
1196
6007
4804
4032
7794
6145
4418
3438
1077
5792
1889
7917
5648
214
3703
5195
600
5409
7402
7805
1830
1683
3507
1518
6555
2424
5984
3704
5277
2733
7911
4934
3547
6244
743
4235
4987
3944
1628
4580
3165
7205
2218
5767
1909
2776
3182
264
4019
5676
2171
5993
782
5446
4659
244
2451
6651
6836
4839
6692
1412
2370
5416
3801
3425
6738
4653
2424
5948
2176
3234
3303
7874
5209
4147
1536
4935
6236
5603
1301
2118
5215
6368
4660
5647
1892
2766
7050
6033
7216
3443
6551
6731
3414
6304
1778
4701
5746
7353
4164
7206
6141
1005
2904
1684
7660
5993
2040
7766
4162
5325
1094
1090
837
655
7811
6897
2983
2759
3191
6209
65
253
2947
2870
1616
2367
2033
4168
1759
3194
4086
4752
1750
1445
3768
421
1937
7901
5859
3836
2565
1495
1944
2477
3017
4087
5886
933
5854
7648
4679
3390
844
6276
7146
2641
7443
5460
4067
4040
4284
4331
6124
6746
7255
7758
3842
2615
2437
2671
7393
1482
1604
3921
2449
5625
6073
3639
6916
3435
429
2012
7461
3186
4267
2313
1147
6911
4511
6977
2115
3010
7024
1799
2280
3146
1692
869
2706
5145
6739
3391
2331
6564
3838
6196
1283
7255
7089
2010
7851
5793
183
6038
23
4703
6955
5466
2358
4224
1191
7567
2418
4364
5945
7015
134
1518
5113
4049
2150
6659
1962
5207
2692
4031
548
7537
1265
5897
4584
4759
6945
5616
3702
2759
4231
7162
2830
7469
4551
3584
4179
803
6891
3640
2167
7521
31
1069
850
152
502
5232
5057
7875
2309
2177
6787
554
5521
1936
7426
862
4830
7216
3675
6095
740
3339
352
375
3485
5247
198
971
1968
4839
5376
7783
2182
4311
7647
4240
1645
5463
1474
6322
1198
1721
4868
3962
4426
5366
1181
438
7412
7749
1759
7242
2482
3142
1982
4058
2332
3988
5786
1253
1226
6140
1360
3462
3475
5967
7689
1170
2979
7966
2490
3806
5833
5569
4287
1105
1260
2723
88
7375
422
7950
1479
1961
6181
7027
7933
3936
6840
4866
1857
7069
6380
3262
2619
4029
2673
5240
5473
5411
6607
5402
3074
1596
2065
3987
4517
7905
981
476
6806
1277
6377
2717
4323
6763
5762
489
2147
1240
3753
3310
2935
7768
1026
3441
1546
2449
7783
3926
5121
4549
3874
7073
6235
5332
7821
3744
1350
1870
1743
2432
4562
311
2191
3056
1548
7808
2384
2339
5623
1370
3725
7893
1849
1056
7561
5004
6999
3478
6205
6837
4882
5998
3100
5696
1459
892
1801
4726
3486
2903
4792
4776
6999
6021
3707
398
3497
1091
4146
2962
5809
5844
6195
3093
732
7163
4325
3026
7770
2502
7556
1870
1448
3807
3834
2834
5221
4840
4855
7790
3979
1792
6557
7648
2451
5837
3826
780
2619
3505
4459
2502
4143
1336
2623
1587
6441
1530
7645
5235
226
4724
7665
1293
7343
7737
5919
6380
828
6406
3347
3959
3985
5290
5384
7619
7028
1586
2353
2625
482
715
3671
7378
4831
6801
3692
1315
5578
7835
5766
4940
7069
6210
2245
6705
288
7873
3468
7134
1929
4405
3389
4165
392
6399
5700
3015
4335
7166
6779
3736
2383
764
3981
1316
4016
5105
7142
6958
6678
6770
2405
2148
5919
3096
2902
7085
6481
1118
1670
1558
362
1122
6873
7470
7062
6679
6043
5288
115
7610
1649
3228
2105
7563
7032
6350
1433
5129
2570
6206
6178
7883
5181
5282
3304
5944
2276
463
6683
1629
6503
2567
3013
1439
5533
4351
50
3681
7976
2221
1374
3264
7381
4817
5997
5365
2909
4551
3102
7973
155
2588
2372
4294
2386
4
2112
3111
9
7892
7996
577
126
5095
7122
5752
4223
2196
909
4202
6879
6895
2996
5736
6180
3243
4966
2081
3885
4819
4399
4006
2308
860
7101
6662
4074
6580
7327
459
2877
2127
25
4872
6150
3960
1383
54
1037
7682
4576
7617
5053
6319
2854
7044
6255
5481
6637
889
2918
3653
1772
65
5968
4725
1651
6440
6561
6665
6670
3413
2129
7865
615
5110
6098
802
1758
6976
834
1
1359
3129
534
6412
7943
3768
4667
3073
1102
2865
3987
7399
3364
3500
6255
3586
5879
3005
3082
5460
5271
7484
3381
123
2857
3530
7465
4424
7596
3598
3117
7427
6833
7123
6354
3426
2993
7317
1991
6804
3119
6824
988
654
7791
2643
6291
5801
2312
539
4540
2897
5391
3711
270
1297
5450
1064
90
3694
3681
4095
6344
2605
7209
5340
5680
2771
3486
7722
5483
710
6723
3592
7930
2308
6540
4716
5092
4999
4823
5046
4581
2527
3199
7606
3687
7416
2857
3867
1746
7247
7581
5749
3586
143
1088
5366
4152
87
479
4522
3585
5757
5513
414
1333
6342
6548
5931
1202
764
6569
3067
5410
223
51
3383
4357
5034
4665
2887
6660
2923
7945
388
5933
7636
3420
1181
2115
7617
95
4102
4051
3504
7048
7865
4444
4852
3567
2102
6445
4618
774
6868
2741
1320
6838
1256
852
2747
1672
5796
5481
5453
6929
2413
4428
6045
7181
5854
7842
1161
3430
7551
3760
7403
1875
1975
435
3143
3390
4419
5201
1983
853
5123
2
5613
1430
1834
1505
5294
472
6555
5398
1356
6000
4834
4075
4137
778
5193
139
4096
6426
3643
2929
7357
1925
4699
7407
5591
450
4274
7849
6837
6574
2435
5820
5653
1619
7880
2125
3193
6243
6286
6618
3640
7856
2554
7252
1295
3642
334
5448
7898
2982
5391
113
6372
76
4574
3698
4651
7162
5781
3144
4581
6448
3921
7634
6479
3483
486
6846
6737
5450
7305
2816
5457
4767
5778
3504
5522
277
6454
4425
6796
2692
6243
994
2179
2692
4203
4245
3180
2003
4923
4218
3378
3514
1004
6959
1157
4837
6444
5508
269
3062
1617
216
2642
1657
4549
2808
5251
1902
4497
2629
4171
5033
900
2449
5719
5104
5601
4771
4560
1774
2438
2262
916
7874
2157
4094
2737
351
4634
1738
7856
4257
6494
6436
6572
450
4950
5726
7514
2537
4190
1000
6993
2582
2828
6919
5541
4164
1204
6885
666
3008
7379
3404
3978
6393
738
2528
4638
2872
4605
4673
6839
1793
6519
4402
1422
3541
1616
7656
2357
2897
6722
1466
2725
4589
7734
2776
4023
5429
6334
7456
2455
577
717
3513
7365
4908
3585
1027
2513
5160
7331
7105
1145
5654
7022
3066
3456
1055
2918
2142
2547
2837
6765
7613
5506
4722
1198
2877
7867
548
6612
3577
1723
6146
3544
7555
924
3260
3606
6165
1628
4826
5680
4043
1447
4856
3374
1989
3945
6031
6476
192
1864
3191
4330
382
5393
6880
3865
4564
3656
545
3853
1467
2656
3503
802
4706
4519
1998
3404
3678
6788
1074
3300
2807
3044
7303
7219
2322
6571
1619
507
5776
1784
6868
4073
1322
6966
659
6415
7670
2298
7157
7070
6277
5595
4122
7449
7506
6641
3891
2367
2157
1847
2678
3021
7779
2507
2519
953
6457
11
274
4009
3444
2739
5944
5
5427
3644
3293
7207
4448
5693
1929
1558
6606
5656
768
2465
2456
5168
4471
6905
471
2312
160
3478
3327
7010
4523
4970
6622
1242
6157
3733
489
5396
3108
5220
2889
3683
3068
3648
44
138
5608
2168
1812
344
2489
2302
1485
4793
4057
606
2721
7585
1499
7947
2413
1511
2950
6823
7422
6827
7141
430
7001
6713
2832
7157
1590
6289
4355
4755
7944
7815
6225
3820
4581
181
7643
5413
859
5384
1955
5502
2314
7421
632
7006
6549
7511
3028
4901
4975
7388
946
5384
3870
6800
7935
1513
928
232
1903
7181
7503
3149
7090
7203
6922
7592
3732
7104
6743
1947
5679
1481
4546
5948
567
7895
1153
1040
164
3050
4822
6250
7400
5693
495
3063
2731
6318
6346
7991
4800
1821
3394
4884
1914
7779
6743
3582
3163
3242
7562
458
1592
4027
4026
1283
401
6081
6967
1495
4048
4004
3058
1469
6107
24
4960
7273
6748
4643
106
3373
7158
2050
7520
5729
760
965
7679
7080
6485
7460
2230
7869
6108
3524
7573
4365
5348
7945
7499
7202
6558
6548
4307
6602
18
5982
1206
5636
6277
3042
6891
2264
7226
7858
4184
5823
378
4946
6728
5984
4233
7984
6939
1576
6667
1931
2327
4083
470
1572
6012
625
2058
5499
5815
3561
5327
6889
5876
3741
5129
5001
7125
1463
6644
4231
5060
6143
4338
7773
7749
7512
5075
6952
910
1611
48
4597
5449
7259
3299
300
4971
7005
559
852
2289
4944
956
5301
411
1557
4841
1839
6825
3534
7656
2012
1632
4611
7769
848
71
5919
6787
1301
7241
3891
1825
7265
4214
4953
5722
1708
2998
3859
4763
1387
4088
7979
4759
747
4203
6102
4626
2679
6289
859
4479
531
983
6475
3339
6386
4161
2465
2735
604
1764
4103
6931
3072
2061
3709
7950
4180
4267
5987
5618
6623
565
2250
5302
2559
3492
4580
739
5124
7324
2352
316
5669
6547
3528
3716
5037
4761
3031
3416
33
1549
6307
1364
1638
6897
3019
4022
2975
7552
6501
313
5321
1352
4175
4044
6053
828
2138
659
394
559
295
4771
5723
4217
2612
5766
1889
7344
7314
4483
722
5943
2565
1101
7681
3074
3855
5662
1424
7477
2322
1030
4631
2170
484
3590
6755
3052
5138
1361
668
999
292
900
5284
4210
1892
7596
6115
5951
1785
3708
1677
1256
6002
7401
3503
5593
5605
4844
4598
6128
5939
5025
542
4159
1463
1578
5871
5570
7350
5782
7930
3799
5891
1311
81
5763
6726
7043
580
4410
3905
1178
7132
1671
1871
2118
2090
5593
4283
7223
3572
3751
4349
5289
1436
1301
181
2100
2829
238
114
2309
5190
7524
5755
3168
2244
1981
4061
4593
4796
6759
3356
7540
4213
791
3957
6514
7826
2171
1717
5078
3971
4557
3964
3597
5752
4113
7050
4042
2106
1387
3387
4467
2824
7302
4493
7213
6343
7436
5408
7420
4694
6698
2208
5983
4819
7564
6323
6171
1625
6873
657
5491
3846
4802
3752
6217
6931
4190
1965
7432
1143
3287
4854
2211
4458
3896
1710
5101
4788
1066
3206
2310
5693
4878
2108
7635
2247
2822
392
4157
7990
7143
3930
3999
1541
3842
3628
6644
1111
6622
2288
7776
2910
1034
1915
2933
3062
449
7739
7358
6526
947
2933
5493
3708
4803
4780
6644
2764
2993
618
4513
923
869
1961
7617
2669
2717
3941
1309
7134
4283
6414
7999
1407
5155
3873
5379
7219
1013
7804
2207
5375
70
7688
4259
4076
6098
2203
5612
2788
1821
6073
3807
2412
5574
7185
4234
6288
1746
5280
6822
1675
4308
3224
4086
3273
3786
3712
2873
7903
242
1623
3515
5962
6442
739
2332
5875
743
1637
5418
1228
4252
6671
4413
7311
3958
6114
6331
4547
4670
5522
3970
6986
1565
2448
7109
722
4538
7232
2368
7895
1605
3111
3582
1449
7318
7775
6664
7738
2243
1712
1751
3293
2030
4859
1315
240
2203
7432
1499
4691
5798
4870
5774
3215
2879
2436
1671
1818
1468
2086
2930
2529
1931
4286
6057
5824
5677
2719
6999
1176
1004
2254
7026
4652
5934
5065
4740
2762
3934
4341
4739
3779
4041
580
1781
7502
6485
652
915
1176
696
7808
6457
2897
3030
4177
4219
6475
6598
7906
82
3682
7367
5174
5300
5247
6768
4884
2651
1033
2833
337
3866
5355
6352
4372
1139
7041
379
5479
6093
3967
5501
1218
2303
1993
3200
5154
821
7296
1402
6361
5304
3378
6614
6382
7129
5789
436
5078
4562
2830
3735
4308
2888
7320
4363
6253
7361
6225
2777
2192
7690
1281
1798
3952
3457
5625
3559
5713
1117
4547
4186
2489
2048
2715
3268
7917
7359
5469
7493
2075
4476
5953
7446
4339
7359
6701
4992
3874
6068
5877
2638
4672
6327
618
5171
5008
2759
3750
5500
7771
7549
7744
4396
5050
1759
1178
1086
727
1771
492
6500
5795
2937
4714
817
4126
5436
7270
255
771
4530
3523
4523
2501
7830
4378
7058
542
6243
5515
1101
3183
5203
129
3687
6577
342
3921
7288
7686
4347
960
7399
2995
3954
2795
7900
7446
6445
6914
3563
5151
2887
4564
6795
5242
1312
2906
6804
7268
6107
405
6345
3601
2124
1551
1895
5572
7819
3765
7415
6230
135
954
4344
726
3519
1589
6021
2524
2811
4162
5260
606
680
828
5131
4639
5995
7807
3931
2394
7256
6804
202
3963
5343
659
1229
2845
4947
4
7564
6625
6277
6221
5923
4654
3887
4138
2707
718
1864
290
5822
7625
4293
4583
3365
929
5969
3522
120
5931
1663
681
5292
410
4013
5816
7767
4331
5307
2610
4791
906
5096
1133
4879
5723
2982
726
1503
6365
7364
4154
5355
5771
1723
6838
6437
1831
3201
653
1271
6696
4365
6451
2452
7642
1692
5425
121
5071
6838
2803
7431
620
5595
852
1191
5833
7877
5737
6173
468
784
4124
3089
2428
2380
5465
6110
2795
993
1283
551
4219
7602
541
2648
1553
4543
185
6806
7450
5248
5945
4071
2193
2688
5790
2497
1527
3499
6108
620
4071
2480
1487
1102
673
6131
3843
1274
7292
3088
5933
707
2587
1965
1673
1828
1905
5587
565
3487
6563
1258
6384
5265
6685
1349
4801
1226
5770
2447
6003
2569
1525
4128
4203
2628
3863
5745
2646
5072
5551
97
7821
6432
5547
359
7861
6911
6341
2976
4011
4625
2170
6440
3454
3827
6473
3792
1099
4737
6560
5889
2944
1666
6693
4128
3243
206
4124
3331
203
6885
7617
249
4718
2551
45
6212
1294
5178
3297
2151
1790
3117
3339
6554
6583
1576
1083
2861
5593
751
4992
7146
7720
7433
3201
1561
1039
7411
6481
1905
6401
4686
7123
2170
7179
5375
6829
1508
2136
4278
1826
967
5265
1503
1623
5852
404
5753
2129
7914
6466
7407
4076
6137
3460
4196
6286
7141
6701
1001
4636
3808
10
5014
4733
3597
7118
4955
3546
5413
3535
5883
5617
669
4973
2791
3673
1231
7669
2814
1836
1117
4514
32
7366
7900
5390
2305
4150
5863
516
963
3953
2220
7985
2400
5109
4882
7650
789
4291
7318
1800
5010
5840
5395
4696
2007
2059
6903
3405
375
2580
7706
4020
2856
6619
214
1337
2953
6470
5730
1728
4700
2324
3954
6529
6972
2940
3458
3702
5563
3236
1194
7079
4123
3113
3353
5894
3646
4624
2539
3406
870
1761
6398
1372
1441
7402
5003
7713
5668
6288
5076
7733
4318
85
7245
510
2033
4878
5969
3479
5551
2567
3994
2032
760
3720
4121
6696
5917
6582
5318
259
326
3810
4449
2257
2414
2917
6174
6247
4490
1091
4073
439
4884
2508
5154
682
318
7193
4613
358
1658
668
556
6044
7906
4160
3111
3666
6989
1201
5403
6999
3011
5270
2973
7694
7304
3531
7703
7482
7987
3895
520
3353
4046
7048
6638
2178
4386
2334
3199
4549
7916
3911
2752
1627
5576
5582
7858
4340
5719
2890
1100
1687
4221
1069
4576
235
820
5252
6986
3847
7953
5760
5858
4686
1729
281
5702
4640
5696
78
6433
2817
7596
5173
886
7824
5066
1970
1371
3384
7362
5914
3293
684
3630
4978
6771
7360
414
1188
29
5418
740
6718
2408
1527
3340
2159
4754
1334
4714
2781
3636
2509
4034
7448
3765
4384
634
6029
4601
2855
1851
3897
1752
7107
5984
7073
5429
556
3531
4862
2314
4586
2784
6270
7939
5440
3272
2386
3998
271
6220
7643
1032
4072
7139
2100
4913
5967
3595
1299
6894
2754
5712
7238
5140
5021
1508
6346
454
196
2906
5096
3940
669
4227
5672
987
847
878
2938
4169
6169
2222
6229
6685
5507
3312
6403
5557
571
3945
2822
5562
7648
6652
2039
1981
3614
5796
235
7204
4022
5616
7837
7877
6752
2913
1670
6223
4977
7643
2447
3100
6934
6253
2482
601
4798
4171
51
5638
3401
4258
4025
472
6577
6
5161
5207
5541
153
4676
2905
170
1390
4181
611
2509
3406
4990
3553
1731
2964
493
413
2203
4704
580
1401
6195
1454
2783
7966
4364
6964
3150
5467
7856
6165
1520
5041
6314
850
1764
6141
6892
7949
3834
5321
5186
5722
2847
6960
6788
6153
3648
3615
478
5351
6519
804
3760
2066
3486
575
2601
5919
6699
2896
7824
2452
4715
7709
1290
1445
5388
1861
1277
1049
5152
4318
906
4879
7505
3665
4831
714
7704
7142
5094
7553
2194
5499
3038
5546
4390
1256
1368
5671
1105
2656
4951
5042
7629
7751
2872
5533
599
5146
2389
4847
3594
6373
6050
5038
5094
5557
5028
3838
4536
3323
2152
4207
5697
799
1158
3003
4190
946
7219
6925
5024
2381
2705
822
6717
7017
2603
7100
7541
7383
908
7540
5780
7303
7433
7317
7255
4216
5625
602
2716
7491
6017
3226
7735
7243
6428
490
6866
695
7665
2322
6339
5205
7776
7893
2977
7772
6291
2290
1519
7560
5457
1848
7220
2883
861
6259
5568
568
3765
238
4101
2387
1751
3080
4649
7634
734
2700
140
7542
6553
6150
3587
3815
802
3900
403
4131
7880
7246
1519
2974
1188
7702
1298
2130
7185
572
7379
3646
6324
6510
6322
3522
5606
415
7028
2935
4930
5167
84
6922
1560
6734
4952
919
7779
7985
2570
2311
5640
2058
5927
3986
5234
4029
3220
6793
880
5676
3842
2123
432
4718
7911
448
7823
395
7264
1187
4825
1126
3163
2483
3193
1143
7518
2322
1406
2219
4074
2673
6240
5354
3965
4124
4002
2908
6471
1672
4241
7630
2030
1387
7493
4032
6167
7786
5733
6836
6115
7483
5076
6960
4941
1595
4993
4940
3871
5996
6582
1564
598
4733
16
6603
6560
4652
7096
397
702
6757
3633
5438
2148
7881
1787
3954
1577
5041
2350
6740
5705
3327
3293
1545
6214
3090
3393
2515
6568
645
470
6195
717
3992
2451
5457
6087
4438
2539
4413
2995
1582
7763
6919
715
7422
2365
7103
3207
6047
2664
2712
7629
7310
7326
3061
7435
2749
2367
7655
4248
7540
2199
1754
4813
3831
839
3126
4403
1809
7866
561
6027
6065
7691
4534
7405
3010
7189
6779
4910
4620
1848
5277
7536
4811
6302
5559
7136
6926
3586
5723
4361
7317
4752
1202
871
578
1846
906
294
5917
496
4599
4577
3191
1976
3258
6386
5949
7340
7370
6289
5536
7419
7118
447
4687
7231
1468
7528
7899
1368
5134
1936
4749
5148
891
3191
1811
2420
1005
4154
5573
5634
3584
2704
2253
2485
1897
399
3380
6163
45
4773
4853
7057
4137
7522
432
668
745
1027
5883
5055
1103
402
4538
740
3205
3178
983
914
5961
6006
3961
6892
4981
1478
4586
3291
1149
470
4280
3401
5993
1501
3065
6959
6991
6928
6405
2048
1899
4448
2999
1159
928
1600
7223
2382
602
2638
7438
1569
2328
7532
4576
2398
4579
3126
5229
4634
1060
711
5786
2962
4301
1241
4453
1559
1369
6473
2173
6533
6574
1940
2321
3647
3343
2626
6339
7119
2964
4649
246
5717
2409
3915
2938
5858
5043
5648
2059
4864
392
266
6400
5325
6048
5383
7231
5777
4401
1209
5533
2892
4451
1213
5431
7479
876
3700
922
1518
4943
3742
2295
796
2812
4663
3273
5263
4546
5807
7260
840
3146
722
3938
2247
3392
4682
256
674
1433
306
2628
3018
6631
1053
7460
4813
5731
2437
2001
902
5043
405
1347
231
2611
5976
3819
5164
3152
3573
1086
1514
5252
7400
6652
3165
2987
6691
3585
4022
5383
2408
682
4045
1052
5034
5508
2587
3791
579
3331
1858
3197
6767
3022
3091
1737
2046
2439
7661
4765
3523
3474
4240
3549
2254
1845
5581
6201
7576
419
5221
6878
175
2218
5501
5756
1162
6997
7863
3309
4423
4206
6655
6190
5624
344
4629
3633
3180
2556
6325
4903
4287
33
6380
1912
1947
4357
4476
1611
2335
2198
3543
477
7098
7781
5887
3435
4058
1060
6488
1375
6874
5367
2289
6552
6056
567
6516
2546
3151
3817
1702
2510
7834
6005
6333
5392
7700
501
4945
4157
7064
7670
2074
1051
4651
1575
6739
7974
4673
3662
2766
4123
453
1244
4559
2761
3549
5045
7891
562
6226
6261
215
4322
2491
4271
2374
4838
379
5623
4376
4667
3084
1370
6904
3085
5152
3251
7302
1071
422
3551
1232
2637
4168
5204
4646
7513
2577
4930
3734
5225
3385
1700
4900
7222
204
5744
7177
6988
6772
1028
5522
421
4360
6138
5533
2465
4239
2568
6285
6070
5880
7855
6686
373
1991
267
386
6912
7294
5334
5278
7084
7230
6260
5516
374
7720
610
5840
62
6746
4430
3218
991
1302
6611
4568
5671
4106
6958
60
4587
180
5136
2292
42
5393
529
1898
5060
2437
5590
3337
2814
362
4556
6634
5092
7559
489
2472
1148
3134
2722
6400
2334
1312
7852
3433
7341
5124
5206
2062
1883
3835
2085
40
1674
4169
6291
5975
5520
2833
7078
3913
1042
2014
1080
4762
3369
4576
2972
3941
7718
3115
7627
2986
1863
5674
4742
7060
7153
5077
6596
3259
7705
427
5695
5657
2140
3158
4246
7236
5463
5154
386
2765
7622
1280
4358
3558
1861
2567
2337
5173
7472
5748
294
3680
2242
2484
5568
6092
6836
7084
2893
7308
6199
848
5609
5128
2032
8
1707
3680
1023
2473
7295
1746
3269
4132
6493
681
3808
4193
4080
6770
3730
2733
4455
5504
4435
421
7910
7733
2532
5588
1397
1475
3569
356
109
285
7096
7711
1881
6770
4492
2715
5189
7175
5857
6079
2872
1645
5935
4832
2104
3730
7969
4827
959
3222
1256
3751
2726
740
5782
6281
396
3178
954
5360
4633
6596
3680
4609
175
1837
2910
854
4659
851
5561
4855
187
457
5273
