5487
7105
1398
7593
2914
3808
5005
4385
1120
1405
4673
1242
5397
6804
940
1216
2777
7937
7327
3593
7301
3419
987
4566
5059
1000
4986
4999
4177
4184
3203
5520
2496
4723
232
827
7602
3964
7286
1285
2349
7433
7456
2497
320
4161
7150
1734
232
6589
3667
1205
412
3905
2082
3074
4738
5763
7446
3046
4783
6916
1778
4652
1637
6108
4476
3944
7381
553
3446
621
2112
962
3965
1844
7656
3815
7001
7758
5961
5895
3468
1702
483
3275
1728
5576
1627
5606
1747
2766
5038
4250
434
7080
3492
712
5604
6219
6926
4104
1892
2385
7673
4390
734
2839
1323
5717
7443
5744
1756
2074
7202
4449
1241
3457
4950
296
2723
2691
5666
1489
6707
6164
3214
6715
2275
3632
5153
786
7166
4186
1614
2365
613
1276
6487
4175
2520
3291
3035
5404
4428
4029
7285
7963
1863
3318
1632
5218
896
944
2596
1048
7986
1481
7418
1394
5117
6145
7495
3109
6001
5913
2080
3871
1543
3953
5858
2356
5277
6339
2249
4781
2446
1950
5024
2084
3550
4459
6798
1987
6436
3432
1832
495
4066
4845
7077
4906
7366
4894
3977
6564
7883
6894
6475
3412
4190
1105
1441
6036
4599
5792
4951
6055
2721
2764
5775
1324
3
4642
1455
105
721
4964
6757
3639
7541
4712
4404
6428
89
2864
7516
7372
4218
1883
6113
1954
738
6609
7565
5375
1973
5346
5196
4268
701
4491
2958
343
2578
3170
7689
3174
6223
7604
5888
5494
1968
7813
1635
5654
4858
3509
2481
7717
2913
3024
4636
3038
7236
5827
1304
7939
4298
2781
4209
5168
1401
7808
2145
7920
1622
5334
1077
5154
677
722
3481
937
26
5709
6943
6014
7905
3303
4360
4600
3105
3485
1075
3827
5678
6811
4891
540
4549
1390
4853
5839
5031
1241
4017
6568
278
3473
2426
5319
5766
6817
3715
3212
1691
2084
4880
2390
6645
2790
1205
871
4028
2401
5267
3341
5877
3312
2221
4895
2860
4926
159
6181
3151
298
4341
2699
7048
3467
578
1264
1358
823
3400
2532
3924
3872
1448
7857
113
47
3211
866
2224
602
5689
5492
5350
958
2097
4163
1952
7523
2605
3081
4357
5605
1717
2827
4802
3567
4658
980
6308
3910
6723
2452
3016
1245
5509
1767
2823
3029
1286
4074
5218
6511
3460
5217
6733
3768
6501
5150
1534
5719
82
2231
1057
7606
314
5967
2585
851
3456
2661
696
6009
5146
3596
2730
3902
7750
2701
1391
5597
7871
7964
2858
5916
6626
5729
3173
4499
4662
3378
3043
1550
7373
6674
3127
3278
2107
2112
559
2395
1512
4938
7589
7544
2029
1210
4609
3533
3945
6149
6010
1718
1687
4416
1752
7366
470
7765
841
7463
6915
6321
1239
3602
84
6260
7141
399
935
1597
2282
989
4346
681
1891
2543
7600
7600
7833
720
3638
481
7696
6995
4982
2376
7411
1139
7328
7307
4223
4283
2756
647
1515
1923
1265
6267
4821
6820
6094
6732
5271
2255
5527
3712
3458
7545
975
3232
7561
1023
3411
733
3908
6778
2057
2953
785
4837
6850
4915
7412
7726
3189
3649
1392
209
7291
3091
4754
5635
5681
4191
5103
6811
1091
1754
6000
2407
2178
2967
7296
6504
7931
1815
2498
3368
3868
3851
4378
3032
6152
556
5909
7416
6135
3739
4630
2449
1268
696
2300
3968
5069
962
3164
7524
6901
6765
4205
3012
2856
4506
1632
650
4735
3583
7188
6756
2842
5422
7110
1219
5151
4932
2159
5697
2342
5819
7010
5669
4402
904
6198
964
2499
4042
2400
2530
2311
7274
2444
6489
4525
1565
1090
3753
7912
2990
2406
7860
3470
7642
524
6115
1342
4654
6446
5756
6666
4806
5491
447
6950
2068
3321
7396
5642
7335
5684
651
271
7546
1284
7489
4630
1738
5151
334
4185
7135
179
5276
4219
5771
6269
527
255
1345
2235
1144
3908
7014
3387
6361
6138
7004
6450
3346
6478
4733
4547
7536
805
3903
7009
6471
4069
6782
3220
967
4442
5747
2962
5591
1073
6141
3010
4366
3868
6065
3509
3385
7233
6631
3119
7742
5146
4791
1437
2018
613
606
5114
2470
4674
3390
3266
3792
7102
3731
1037
745
4207
1563
2965
3318
3967
5508
4282
7900
5189
1220
6509
26
1868
5584
247
1262
2126
7596
2474
3223
214
3864
7215
5301
5598
640
7379
1780
1564
3403
1308
5867
3902
1409
762
1964
421
636
7089
6148
5152
5561
2579
759
1557
6411
842
7207
1366
2592
1508
3771
3510
1795
1732
5341
3010
2562
1108
5759
6983
7258
4842
2043
6908
981
6581
4125
1666
6286
7665
6285
1771
2748
7695
5169
5726
1339
6776
558
3660
5444
3926
5842
974
2092
3280
323
1922
6897
1144
2402
3128
256
1560
4529
1906
3403
3302
4870
2126
1556
4532
1984
3287
5338
3704
3155
3771
2516
5073
6925
4417
902
1900
7687
3558
4412
6987
7660
7618
2127
294
7541
1446
4455
3388
6503
2390
301
333
4484
156
3596
2182
5518
506
6637
5803
7455
4180
4556
2075
994
5068
2614
7768
3340
2948
4848
2092
3758
33
3819
7574
3006
3800
6222
2925
4073
660
3674
7833
3662
4300
2871
6664
4742
27
8
766
746
5382
2496
5291
5921
4215
6590
5673
376
2877
394
2225
1526
7609
793
4842
2482
2459
2680
3042
7210
5390
6501
751
3310
6745
1948
6553
6272
2933
5077
2919
3390
3077
7013
5856
3518
7423
1084
567
3578
5439
3938
5601
1553
7278
7700
6952
5620
16
2289
3268
7657
3511
5985
5492
3660
7457
1453
2867
2293
6832
7928
6109
6179
6909
7383
1392
5946
526
5188
3588
2605
259
2181
2067
4719
143
1969
5124
4524
1939
4565
5285
1222
5624
1592
6423
4049
5969
4830
6728
6678
173
2488
3056
1075
6187
5565
7958
2972
7711
5673
5986
2286
7899
4924
3155
5516
7210
7577
5718
6646
6326
3899
4390
4282
6408
6553
3428
2258
6761
4893
3985
6824
3931
3997
1223
571
371
1846
6592
1150
5770
98
1542
6904
4339
1555
1335
612
4100
820
3779
5742
3786
3202
177
7049
7929
6672
1384
5713
1184
3808
3660
3812
39
3326
1150
2347
1945
5010
6114
857
1912
2448
6571
5379
4285
7598
3256
2909
5868
4181
4936
7950
4416
4169
4231
3736
7916
7451
2892
2807
6701
3134
4307
7065
1366
1343
5114
2958
1012
5594
2840
6614
411
6628
854
1536
7421
2686
4679
2017
7140
1664
658
5175
4126
1205
6606
3287
5793
6803
488
4166
3636
7840
4039
6621
4498
975
6224
460
4
7546
1639
6867
151
135
3555
2559
5330
1931
3390
3697
4885
3770
4050
6814
7171
444
926
4078
2428
1276
3168
2180
1113
3476
6334
6983
6977
7547
1313
2058
1417
3310
5461
4908
599
280
3958
1275
872
7870
6117
902
2329
5204
3660
1102
829
3905
4303
3418
4037
2086
531
5471
6282
4438
4978
7026
7786
4028
576
5071
4823
3014
6518
3674
2393
5138
3813
5443
5956
6164
584
6289
1981
3118
7145
5726
5162
6167
1025
2790
4202
1860
7949
7263
7950
2918
1764
5077
5474
4707
1108
6692
664
3534
1598
3473
700
7640
617
5590
892
1181
6185
6452
7596
51
3361
7110
3673
630
4236
3936
3069
4435
4758
2067
2982
7031
1696
5619
2750
2482
4554
4338
1725
6801
4714
1944
7320
7788
4066
4126
6789
6648
6259
4792
1162
7512
562
1906
5657
2518
4294
3386
3570
7637
7151
4765
3779
6809
2901
4873
5089
5393
1816
7387
983
174
3752
2099
5526
5058
7158
7729
3692
7288
4540
2169
7317
5113
5214
2980
2683
6697
1879
7279
6856
455
201
4511
1173
6189
4686
3383
3721
3610
3932
7933
5089
4595
6676
5046
125
3343
321
220
6151
20
1800
3376
3924
4425
7890
814
6965
2462
6539
7004
4793
5082
26
5728
3227
5027
6051
1643
1338
2209
6682
266
88
4076
2283
24
6077
2951
4685
2836
1067
5913
1877
6723
4011
1730
3466
6346
5573
6919
2489
4849
2592
6949
2209
204
3446
109
3376
1373
6782
2513
276
6319
6887
7778
4373
1498
1969
7880
6461
274
1719
5086
1133
6037
5787
6387
1529
538
4683
4690
5508
164
3522
3451
7856
2434
1747
3432
1758
4606
3005
136
7661
6344
3128
7261
4108
3102
4415
2054
5732
186
1180
7213
7282
3247
6416
6839
4119
4309
5105
2277
3524
352
7
7035
1766
3274
5054
3447
3736
2287
417
1011
4450
2916
7277
347
4792
3302
7040
709
5185
2800
7482
618
3891
3354
5380
5004
4724
3300
2851
701
5792
6012
2097
1153
4873
7340
1367
2874
1503
3691
3182
4325
2625
3321
6677
7490
4380
4937
7400
999
4362
707
4268
6571
6767
2887
6517
6807
487
1932
4988
2097
148
6259
7776
4948
4177
5035
4156
5316
1837
230
4971
4784
5969
5137
7680
5418
4280
3003
2691
3434
6796
5167
4284
1667
4083
6179
1595
6165
4624
7591
6035
6732
5397
1404
2458
5244
6735
4509
26
710
7436
7756
218
716
312
662
5443
6081
6702
419
3641
6133
5200
7924
3303
3956
1930
4382
1590
7427
7549
2869
4525
5348
6909
3061
5018
5883
5540
7614
5608
1573
121
6211
700
4355
4005
6151
5403
6540
74
4307
6834
1265
4645
2900
3164
7812
1698
7774
6624
6171
7697
3068
5437
1593
4655
4189
3276
2010
3642
2100
3834
6691
4718
6714
4029
4322
4994
2966
689
3555
7088
31
4529
4960
314
1300
6303
7791
6065
1459
7250
7839
6451
962
3998
7022
5684
6489
3224
5948
5212
3017
7827
3451
342
4741
5617
6136
7431
4633
1619
5152
6737
2306
4982
2494
1048
1849
5867
6508
3130
802
1048
3370
3617
1257
3166
7217
4643
7947
1394
1643
7046
6409
4015
3885
4924
897
7074
1319
5526
5764
5642
2725
3568
4087
7461
4459
3824
535
4410
4304
15
1194
7678
7702
3968
1575
2149
10
4760
3389
2763
2818
1685
3824
5013
3830
6733
1914
5283
6684
4492
6742
3308
3435
1912
3444
2149
5823
4193
2137
1658
2694
5511
7503
1328
3854
6685
5396
4230
3711
4664
6572
2916
6507
4365
3253
5766
4657
2977
1628
1861
3013
5945
2096
290
4467
6576
7704
4070
27
3604
4637
6848
2358
6904
6753
3203
292
2131
5778
3033
5569
861
4728
505
4257
4201
3965
405
1270
5463
5967
7947
915
2863
1176
2124
1481
6537
7860
6080
5587
7678
637
2661
2515
3149
6512
4681
7427
7905
6799
3689
1751
2711
4070
6864
4277
2018
2481
749
1539
1964
2668
3359
741
2315
531
4326
2593
2964
1966
148
3794
5332
7144
7052
287
1145
5992
2904
6373
5484
163
337
6097
403
4676
3566
7843
1353
1429
249
2536
2984
4030
7365
5916
1150
6191
5484
6182
4956
2113
1954
1343
7848
6278
752
4360
6474
2916
7953
4482
4928
1709
2155
5885
1318
4222
5293
2568
2452
6278
5991
3085
2031
1472
6655
3249
3480
6696
6180
3151
285
5070
5388
3246
1359
6279
1971
1908
4497
51
3380
255
424
576
570
7398
7539
3648
4935
701
3424
5157
1223
75
6880
2346
1776
133
1619
881
7243
1430
6258
3472
3581
3334
1195
4605
6824
2739
4368
7925
4494
1225
2761
5889
5267
1550
226
2774
2598
4069
4947
5183
2360
4973
3019
2155
96
2400
1301
2401
5258
1715
1361
2564
3531
1507
7007
2576
3772
881
327
1049
2449
3368
5270
3535
4500
5108
4662
6431
375
3352
3636
309
7645
94
1086
6417
7008
3547
1317
2069
1445
616
3492
3332
5429
1308
954
1085
2774
7225
5878
1825
1585
3131
7525
926
2698
1299
6548
28
4676
2046
1531
1256
1140
3575
7461
5054
5618
2457
3137
1331
1774
7088
783
235
5012
5275
3478
5693
806
2353
4410
5859
4197
3934
1484
3762
6346
4897
2457
2508
6713
874
6022
2765
5719
2738
118
7740
7568
4035
5617
2602
7373
7916
23
1415
2519
4744
4355
88
4208
3481
2911
627
1681
6503
899
7613
3428
968
2689
23
7772
7548
1002
7755
2997
7766
6741
1046
7405
4584
7599
6264
523
3477
7003
6119
2364
4323
4085
1175
3717
6188
7552
4053
4224
2853
1719
7088
2555
4996
4298
98
7358
3455
1473
3603
4573
3304
654
2217
7916
101
5330
6375
1800
7426
3131
1372
530
1444
5313
7175
4645
6248
7453
5660
7616
349
2985
2536
3495
5180
3107
3090
5764
4420
4861
1411
7157
1567
2578
1651
1044
5968
2864
5989
3993
4893
3185
3358
2648
1803
693
5697
221
2845
2898
6408
751
2480
695
4110
2128
1625
6804
4332
2403
896
5696
5414
7391
997
7566
4771
807
984
5140
7978
3534
1788
5736
7052
325
7908
3233
4714
6223
2839
577
3318
862
5132
1729
534
6916
1759
5976
6972
1775
4715
1131
1509
3977
3544
3958
4279
1634
5885
2443
5309
4770
3109
6823
54
7330
7568
1996
1001
639
3093
4694
6959
6227
1605
7807
2917
3764
7270
1463
3393
746
2848
3352
6194
1758
831
6000
2455
2875
383
676
4605
3715
7703
3026
7990
1260
7057
752
2957
7769
1461
5913
2330
5423
1117
5715
235
6739
4143
2126
3512
5719
6555
1764
4504
1832
5303
4957
6345
6494
4913
4671
1949
64
3139
3640
5688
2123
3442
7625
456
7242
6572
5979
4838
756
4101
543
7107
2899
1001
957
468
7849
2179
419
3652
1175
122
7572
6260
6199
6959
530
7599
1533
6002
4268
3892
5955
7725
1334
5349
863
5417
6191
2378
1630
7320
3784
6466
6997
442
1891
7942
4000
2547
4456
5172
5215
1400
4409
6896
3907
6561
4570
7398
1045
3825
7427
6640
5959
6415
1917
6952
7652
1641
7547
266
6275
3282
7166
6222
7202
1897
2580
6801
3508
2644
1681
7710
5901
3017
1937
4026
6569
7597
2862
7402
5012
3990
2648
2322
479
2600
4984
3274
807
2287
7251
6469
3686
1500
6778
4341
5760
68
1276
7720
4898
1520
1566
3042
4164
4565
997
2610
639
4712
488
6657
4057
7926
3068
1269
1145
4811
5457
1758
5254
6404
6904
236
129
2633
5354
1320
3524
7964
3011
2425
6342
2534
1373
3049
2143
351
7179
877
4879
6454
2766
6439
3080
4915
3378
31
3471
6651
6662
4364
5864
6235
38
1555
2568
215
376
6115
3543
2610
7869
1212
1988
4584
895
4481
2770
2020
2843
5303
2065
2757
2144
3910
5699
6654
234
5004
7143
2725
1579
7675
5829
4533
5758
6459
907
2633
2041
6685
3150
5563
3746
7482
4852
3594
7004
1163
3682
3586
1744
3966
1770
265
7459
5244
4709
7926
7030
132
926
608
6631
5062
7849
3521
6196
4557
7861
416
7194
7029
1481
3865
6739
5366
3596
3402
4761
7505
679
4054
892
1868
6329
6935
5555
4549
4602
5722
6430
2002
4157
4806
1903
1247
3700
5859
7959
7029
5010
2807
2405
4719
4836
7538
4175
1597
6729
2235
7260
1866
7033
2294
1040
4618
7549
7454
1120
3702
6741
3489
2912
265
1020
1347
2146
7056
2261
2435
7421
4698
2663
6608
1362
3068
6121
3052
5642
1004
7946
5610
7541
6035
2752
5248
5403
2435
2748
3309
212
1492
7755
1002
6893
3439
4046
12
6718
4695
5103
2136
5524
76
5117
120
5303
379
5228
5944
7071
1340
4097
4003
1521
7997
5115
7677
5231
5638
6661
3284
598
5515
6249
6826
4229
7334
3709
261
5442
4064
6263
2582
303
1907
7281
3729
3822
5222
2935
88
2805
7932
1355
545
2682
1653
3950
6512
5023
4394
3154
1077
758
1243
6699
7769
6480
7341
6411
458
5322
7908
4977
7457
2925
4774
2091
3389
2761
6413
2940
93
5539
7854
7619
7977
3863
6884
1023
7363
6923
7721
115
4593
3170
6043
7813
6004
5553
904
1490
930
6125
6677
7321
6252
7344
2317
7904
5190
6064
922
1700
6320
6918
5519
2712
3970
3753
363
6992
3295
6193
2980
1392
5614
2020
1978
7594
2625
2376
3990
6189
3240
181
5539
4362
7149
1956
6128
4224
6322
7059
7827
1354
6415
6385
5146
4176
7430
2975
2096
1496
7820
1477
2568
6938
1329
3489
5820
927
2118
7898
3291
6048
6617
1485
5421
5383
1521
1690
1689
7764
952
5059
4667
6976
1671
7156
6137
4297
3390
7895
4706
4928
5445
2061
2985
1342
6635
6755
2243
3585
1068
2647
7282
4531
6746
2503
1594
5229
7571
4907
1821
5601
349
6889
4890
7739
238
2309
4068
213
5777
30
4209
1428
4032
3894
4354
2817
6783
7838
6043
1759
6228
6111
3579
3841
7729
1309
4187
6657
721
4818
1432
4472
4869
6818
162
6869
3579
1680
194
70
1462
5766
3297
170
4585
5572
2309
2537
395
6321
3311
6777
7170
2160
896
5780
1078
5526
4441
760
3335
6228
3810
446
6957
1019
5164
3766
2422
1351
4905
4857
5921
7099
5138
1335
285
5628
6909
183
4937
6574
3708
3465
3312
2251
2697
1248
802
725
6051
1095
7193
203
3241
1963
7442
287
4551
1451
1857
2458
1164
2006
6365
629
237
1286
5004
6192
6807
2817
1189
2344
1025
1542
2791
6157
6510
822
4701
6802
2085
7768
924
3492
1349
3349
85
247
1522
7926
1273
2484
6843
6175
5341
3513
6745
6021
3842
3035
4121
5739
1183
352
11
6222
5859
7119
758
5981
4308
6097
6919
3273
3710
6353
6855
3858
6084
2302
2964
6901
7469
721
4038
2684
5671
6948
4667
929
2643
3912
4306
147
7149
6188
7884
1801
2499
2454
5517
6723
1686
7191
4635
2034
4553
7858
2944
3029
3751
3393
6854
7867
5268
348
5873
7208
4783
6708
1747
4157
7073
225
3685
3859
1989
1310
3492
4702
4778
2431
3275
191
6453
6100
6759
7756
1387
4253
8
5418
5426
4514
7805
5953
4932
4776
7284
7874
2652
1616
1010
2685
5500
1350
5695
5959
804
7037
7426
7223
4594
4678
5794
1669
4732
1733
699
655
7576
1894
3749
4901
4645
4257
2615
2219
4038
7958
4250
2987
4904
358
5009
7572
1286
2455
7470
5823
1049
995
1059
5401
5502
1292
7687
6729
6568
5328
7708
1671
7839
113
1684
7788
1590
1227
5792
1172
4039
5671
6034
396
2984
7569
7794
5967
4760
2547
7015
7123
6784
6328
6163
452
2658
7841
7159
3351
1888
3685
918
7201
2521
3145
6483
1355
5950
5633
119
5455
6433
7001
2676
4790
1854
6375
2707
7717
7488
1072
3552
3111
2024
6621
1257
2053
3213
5981
3972
7768
6697
2142
1067
592
7445
958
2503
3423
3526
7330
363
1329
7270
2865
1370
6530
6406
2091
3059
1140
6764
6197
5422
5936
1032
5925
5074
5189
2262
4812
107
968
4356
6898
7852
7124
325
461
3411
4192
6729
6386
7155
1986
3548
5498
5404
4183
7993
7896
1930
1460
4650
7055
7999
6731
3900
5020
1208
15
103
5827
3553
6168
4110
4581
1612
164
2716
2339
7651
7569
1058
3921
4689
3959
6767
7375
2489
7107
2903
7680
482
7142
1102
491
7118
7996
2437
5129
1946
2426
2766
6302
5262
4968
2009
5686
7014
354
7088
977
4822
7318
1242
4949
7958
277
3289
3140
3744
3774
1113
1039
6840
4358
3384
6629
463
2808
1112
3564
2898
4739
371
3231
1660
4157
3849
7622
7669
6851
7806
5003
6624
4669
7022
5604
668
6906
1223
570
4928
662
5692
142
5635
5869
5316
1357
956
6527
7351
2205
2579
7214
2435
2669
6532
4403
1486
4149
6241
2800
5085
7532
6434
2729
5831
7976
4075
1818
7712
7435
3440
4190
683
7518
6934
3358
6114
7241
6958
2168
497
1282
2086
1109
2210
1615
7986
4209
7533
6461
1801
4751
179
6246
3287
102
2388
7013
5758
3562
5273
7455
1593
387
1598
1894
7402
1002
1687
5833
646
4084
1796
6879
283
2190
1952
5909
2865
198
5329
3102
7362
6080
7729
223
4844
6532
2103
3296
3710
7001
6616
2472
6887
2600
4444
1444
3753
187
2713
5163
681
5803
2873
4074
7709
6874
253
6180
1703
2761
4252
7798
2034
236
2752
3953
4040
4158
5252
4306
2938
137
5608
6490
7004
32
3705
3460
3356
4902
331
3554
831
5431
6407
1029
5716
5011
5931
7406
679
424
7664
7240
7182
5524
6393
7337
7509
384
5534
4168
7817
2540
4528
313
251
2087
6435
1710
4955
2742
1619
6868
7577
6816
3105
6436
6805
4953
5764
7720
4246
6694
3763
1462
2339
1800
6794
7796
2417
2517
3592
6736
3451
6675
4702
1686
3515
3956
6604
25
2314
7133
5152
616
7920
5941
7343
617
5877
479
3228
2005
2336
2715
5748
1553
4205
4
7682
3135
7095
6387
1935
7394
1439
7197
3702
4947
5728
5142
6925
6078
2889
6422
7991
2406
2624
6470
7059
4917
7849
2380
641
7870
847
351
2279
7015
1664
3623
6965
5538
2326
7528
2812
3971
7049
6714
6832
7659
2770
7100
6378
7047
2295
6796
3015
3346
3236
7386
2519
4675
1604
5861
900
6060
6349
6371
4689
1484
6534
4647
3972
3323
4093
2401
662
6106
955
1145
6051
3908
1201
1655
3717
4971
596
7486
4940
3557
6532
3093
7491
197
340
1126
1055
6215
3556
5385
6941
5899
2075
3532
6214
1970
7499
100
6703
7892
6908
3663
1391
2241
2556
2117
1611
1418
650
7137
6872
6437
6984
3135
5254
6727
5287
6987
116
2188
677
4810
96
226
2035
2358
4492
7425
6236
2394
7458
5403
1572
3096
3915
4439
5299
5504
3896
3336
3077
971
2888
3031
5208
5140
110
4447
7419
3060
6047
4008
3480
3073
5670
4967
2855
1511
161
3074
7246
6705
4288
5158
7523
4133
3114
5171
485
3540
3108
6744
6599
7673
146
4664
1429
627
6365
1988
3858
3069
65
1193
1582
3409
437
1690
7608
4269
6361
5879
7185
991
1783
6275
5447
5449
1390
1732
1283
1340
1718
6507
3203
5605
4181
3719
1985
715
7959
5684
1519
483
812
3207
7324
7692
7469
7995
4664
3588
306
957
493
2342
4950
3654
1284
2903
2044
206
2513
5669
5896
7494
758
5216
888
5640
4682
6498
64
1586
2164
3420
5301
3274
7079
1925
4354
1288
1505
3073
2814
6438
5162
6782
4649
5353
5940
1059
1879
3218
6827
3942
1549
7871
4521
7390
269
956
3386
7455
5401
1288
7191
1124
4611
3146
6723
6606
1023
1349
6811
3992
5390
7155
7116
1692
2655
2028
1980
4609
6258
6036
4182
646
6125
342
4074
619
2433
6783
7392
143
6610
3184
7507
2901
6407
3303
2704
47
7729
5267
7990
7591
4825
1394
1877
2576
4605
7443
3818
6997
5340
2599
5863
3158
332
2692
4765
3345
5189
1183
3597
2226
2341
4845
4279
6390
5091
5423
4188
7629
5509
3758
4545
6117
5984
6468
3396
2653
117
4712
3797
7302
3289
5783
246
2083
3366
2275
150
109
3824
7624
4009
3564
7116
1958
3281
4080
4762
2119
4912
7802
2723
2259
3784
1805
3229
7581
3087
6151
6747
2652
6173
3651
2285
4854
3682
7203
5817
7781
5159
3931
159
4611
2492
4913
6584
6418
87
7461
4729
4074
243
4719
1335
4621
6034
7196
7337
821
7860
2973
3028
7503
7002
840
103
4613
7657
3523
5609
6046
4589
7897
7376
3403
6696
956
494
6520
2318
6768
3196
5581
4360
1724
517
671
1209
6622
1311
6897
3612
366
3682
4885
1129
576
4889
5307
358
5097
6919
5979
3994
3084
7975
1184
5640
6713
1645
6564
4257
1193
4865
3332
1104
333
4792
2370
3510
4367
2934
5098
5306
7841
22
1271
5417
5515
7911
7242
4755
7055
2743
3412
4287
4930
3371
3047
939
5628
2168
3493
7134
3147
4040
6716
384
7354
5841
162
7340
6569
3559
5744
6827
1079
1055
245
4820
1738
5271
639
3227
4455
4773
5650
918
3340
5831
7535
3694
6341
6143
2622
1506
4843
3700
3620
6518
6311
7157
2175
7557
4161
1564
2857
5409
3747
4337
7577
6263
7901
6853
7344
7063
5627
3912
797
5205
3787
6652
7115
1658
5483
1201
5908
2105
6781
1954
5242
1644
3342
4338
1024
515
954
2255
4880
4148
2688
4818
977
1206
7902
1030
7577
4669
2927
3849
4543
7819
1125
6463
7016
502
4611
256
4051
4687
3492
6400
5977
5104
5976
5197
1491
6737
2503
6935
3380
5891
3649
3671
3819
2647
7335
4565
3582
4185
6325
7835
3
1742
7808
1154
296
7962
4702
5811
2662
3489
4299
6207
3509
5246
5371
5954
6779
6844
3817
3401
4870
6423
870
5615
7162
4677
6126
125
434
5329
7603
5088
7175
5302
3037
887
1025
5870
7282
887
7553
3638
3482
1835
4746
1123
7894
2184
2828
2716
6136
4685
6674
2101
491
388
2366
2737
7522
3218
6729
6935
4674
1703
164
4979
6986
7276
6281
5194
1452
3575
5439
613
4592
4953
4379
3409
7693
2095
2861
949
1845
7446
2898
4014
1535
7400
5721
2942
1253
7977
6279
5608
198
674
4706
3988
7550
3940
1603
1924
6802
150
5248
3007
14
89
6546
4574
1203
3038
5879
398
1967
466
4299
653
2437
7249
4788
2675
3074
7694
2670
3657
4724
4695
6349
6412
5854
5642
2023
1382
109
4502
5055
2255
644
4873
1333
4885
4955
1339
4123
6821
1166
6831
6639
1443
5366
7743
3067
1189
6976
3625
5430
7245
5944
7641
640
5224
1212
5946
7891
7027
5368
2742
3473
4817
2419
6648
6550
4878
233
7425
6414
1843
2165
4555
1742
3178
56
6278
5832
4597
4035
549
2134
3323
4727
6135
6746
5677
3761
2209
4132
1052
2519
6609
3357
6805
6886
4325
2057
2627
1272
6042
4890
2450
7663
7298
4166
5474
1027
322
4958
5876
388
2381
2393
2160
5511
6134
7901
6123
455
5141
4170
4701
4652
7400
967
758
3144
3754
324
5431
2367
1128
2826
7386
4702
1865
4579
1858
349
7650
1085
7786
6257
6625
4978
6396
4462
4885
4327
5383
1832
5787
4775
5147
5211
6464
4232
3509
1341
5468
4061
3440
2761
3980
2392
4892
7936
1827
1521
5846
7045
5281
5196
750
3270
2191
6555
5200
404
1716
7845
6474
4359
4204
983
3139
3465
7956
6070
3998
2620
4412
4988
1072
3960
5375
3462
2066
6740
6239
2411
7710
5987
7271
2497
5818
3498
4933
3469
4479
860
3693
1649
2949
3776
4376
3476
5462
4721
1158
3479
7021
1553
2555
5466
1559
5558
1348
3052
2617
4804
215
7903
4827
3253
281
2841
7571
345
1120
5084
5537
2191
7633
4350
7282
2219
68
3027
4842
4975
5482
4930
3024
10
6687
6136
60
3239
4482
115
4447
29
7162
1936
3643
3125
5060
913
4918
1619
1582
3874
404
5540
740
3511
2547
1524
5972
2784
6442
3207
345
1643
1523
2642
4510
918
2346
4879
4120
5607
4553
1238
1477
4886
2390
6058
7697
5591
7891
7655
5492
4282
2795
2821
1296
1653
6158
4328
2420
6756
6682
6287
6626
2285
4317
5134
3822
2313
1699
342
7758
7152
7713
3584
3489
6056
47
3658
1839
3310
4173
5990
642
3752
3683
2155
7088
844
3226
6352
632
5463
2052
5323
504
445
7161
4567
1002
6612
6771
703
2683
6220
375
2053
1648
1491
3686
6864
2384
2820
1647
1715
2937
6860
7792
7894
6979
3230
5779
7648
7974
789
7390
7847
6966
4366
1414
997
5706
118
1679
5861
391
7817
6497
4854
7677
7535
5273
6073
2917
1327
1502
5055
33
7887
7805
7094
5048
4841
7554
3096
3067
656
4655
7887
5708
6397
2865
7294
6662
3465
411
2492
4506
640
793
4332
4433
2303
6813
6807
5610
3935
3791
2233
3090
1617
5357
1675
6378
2984
723
6518
2400
7483
5958
7930
4127
4175
2093
1777
7278
4588
6511
462
4480
1176
7151
3518
5839
7004
1036
6370
6661
5184
3883
5143
1112
3098
4308
2850
5218
286
761
3208
285
7908
5220
2249
5011
6391
755
6108
3412
2046
6283
4743
2405
3459
2762
794
5097
7714
7159
1330
7748
7802
663
1637
1981
6768
3152
7878
1793
4612
2803
6561
2150
4859
285
5270
3461
7646
2018
4862
1751
3794
6820
431
4088
4818
4038
6640
5661
3487
3874
5828
4715
4473
516
3455
5347
6670
2064
2339
5930
2163
5477
7951
1756
2978
3971
2950
6550
1371
6152
7237
1582
7367
2847
2592
2839
369
1164
1198
1917
1020
5316
3518
3327
7506
546
676
1383
5032
6172
6987
6153
2525
5334
1070
4008
85
3785
5182
4092
3305
6946
6735
1188
5777
5829
3161
7103
5616
7424
2539
7307
4290
7647
4296
2974
1008
4695
5260
7200
7720
5703
2131
2071
1599
6990
76
338
7677
4246
1147
189
2755
3306
1590
3794
7680
4468
1618
7460
1730
5473
4903
4544
796
2997
1084
6444
1123
2198
2933
2348
6433
899
5871
122
2993
1841
2479
4359
7847
7822
3512
5810
6991
4340
5088
6595
7083
2857
3045
4039
6243
1156
839
6663
7470
7281
5439
3259
3164
5279
526
2970
1039
7041
6517
1584
5797
1026
300
1171
2695
3652
2114
902
6688
772
3807
6472
3869
3018
6497
5719
6518
4363
1009
1995
5512
1963
6520
2509
1110
4964
7279
792
6688
2883
7481
7135
1270
7356
1132
362
596
4159
7629
1977
763
1034
835
257
6635
3285
351
4410
1952
5051
6523
7029
4849
4712
7949
514
7489
5854
3851
829
6489
3554
667
7945
5468
6417
7920
274
5137
1497
5849
3901
4644
796
713
5887
2339
5709
5037
2146
1647
7741
7049
4691
253
4288
5827
2799
6974
3586
3296
1977
5724
1548
484
5849
1564
6735
4838
7346
1193
4808
337
326
2925
3089
308
853
1685
4735
5096
4579
23
42
5150
4449
100
3425
4557
2234
254
6778
206
7241
565
6131
1657
839
272
4803
642
3038
2974
2493
7836
2058
4969
1967
1414
1489
1322
4661
723
5024
1054
5533
3596
4015
5540
4214
2341
3072
7058
1054
403
3118
2391
5742
4321
2435
4852
2877
1364
2775
6654
4682
1606
12
