2805
4237
2192
6727
1900
7694
1245
1848
1857
2405
7439
4196
2715
5598
5099
2140
3918
6088
1562
2111
5762
6349
494
1341
2938
5631
3756
5118
2699
786
7867
5306
3862
6725
2594
7688
1947
5771
7106
2655
3076
3586
1749
3213
6802
816
5057
2036
5048
849
6662
350
709
6060
4569
2556
3958
2577
918
4538
1099
1252
4788
1786
4826
2626
3973
1076
728
6073
1112
1661
1502
6151
4205
6597
140
1779
2732
5394
3923
2473
3411
5645
6679
6082
7200
4348
1279
437
3750
2392
5552
7453
270
3252
5781
3276
5409
6842
3062
3617
5352
4770
6285
6942
2590
4727
5605
4131
337
2332
1391
6611
117
5735
1218
874
7921
7927
5031
210
5444
1330
5181
2517
3503
2127
6667
408
462
2699
1495
1685
4823
2177
4594
4446
5074
7686
2028
1144
7534
5901
4560
951
6889
3394
1822
1038
949
5895
2518
6291
2774
5905
7899
6191
6600
7155
2760
7945
1024
3670
4036
7674
2653
473
7837
5347
4135
4967
1868
2731
3300
3227
3044
5531
4983
1085
4495
2663
5252
6440
7039
4031
551
4006
1989
294
3995
4739
7322
6366
4291
3388
1007
5904
786
6794
7782
3490
6227
5602
6291
4335
5064
3491
4793
458
6982
3026
2369
7132
3831
4121
6791
7351
5878
745
4018
2881
4040
5688
1181
4172
5586
6241
7330
189
5653
3632
4200
1436
4112
6452
5084
5172
4188
3091
2766
1168
7661
6165
4207
5529
3464
257
6571
1902
3701
2972
213
2214
3000
3994
4103
5442
3642
7153
1766
1588
6108
5750
4765
4318
7844
5806
6292
2365
5599
7927
4853
118
5659
329
7198
4171
4949
3251
7102
3931
4212
1695
2431
6490
3760
5301
1757
7583
2476
4698
5873
8000
3722
370
5936
824
6024
2045
6485
7865
2095
1892
5337
7010
4556
4383
7037
1690
4233
549
2219
3844
6561
6919
2144
4730
7283
2958
1469
3510
1550
1768
2952
2267
7339
6798
5844
2321
3208
6655
50
825
6724
7227
1087
200
3060
3146
3322
1303
4000
7102
2290
4021
7885
5150
1482
1289
6126
6524
3430
1346
2213
1791
2663
6267
902
7011
7027
1866
4829
616
5524
7054
2495
2807
6219
5365
6205
2622
493
279
4574
7509
7062
4826
4391
6558
3122
7855
7196
4218
5322
1222
6468
350
997
6590
3541
2284
3785
3491
4859
6449
6788
3092
6809
7666
4110
4524
1015
6999
4189
4272
2917
3210
7531
372
1531
5649
3930
2505
4339
433
7204
4800
5939
3319
7791
1665
6845
2231
5191
7589
6713
1864
4250
5827
4037
5153
4428
5662
7527
269
578
7333
3496
1601
4928
5704
6590
914
5113
5216
3525
4977
5012
217
2631
5660
3787
2899
2503
6274
4652
7836
5743
4487
6278
537
742
4737
1338
6458
7809
6645
2487
5373
475
62
6438
6448
2729
1825
7224
7023
1198
7551
6394
7194
5162
7505
1381
3596
5606
4062
7979
7196
6778
7477
2961
2681
7970
5090
5111
362
5628
4539
5369
4145
639
305
1796
7997
6550
6039
485
532
1816
6056
2228
1063
343
48
3244
6679
6798
3865
7434
3306
1197
5377
5368
4611
935
3534
7008
2738
726
6889
7332
5727
2266
1024
2671
1952
4692
6987
7227
4196
772
209
3553
6471
5167
3291
7832
1479
6334
4653
746
5649
2838
2501
4541
651
1798
6136
2845
7153
3916
7183
628
3954
4512
4018
1735
4485
7349
5468
4959
5559
3178
5289
5402
3662
2644
4892
7860
5980
4229
546
873
45
996
325
4273
501
1630
1108
6458
1674
5062
4698
5558
4865
1825
2732
7591
2636
465
4678
7410
6201
7030
2738
3905
904
5824
3258
7077
7006
2194
408
7363
4904
2721
7715
517
2965
178
260
4543
2333
993
6853
6102
4219
4173
6929
3400
6545
942
1785
3801
3212
5008
7714
5672
7012
4309
5380
4930
2260
2909
5756
3940
534
4982
6663
6400
5674
2563
1776
6646
3391
1849
1707
6598
4669
3451
4072
5585
6789
5668
910
5390
2711
5248
3250
2669
6283
7179
5774
1028
2050
939
3433
3175
2921
5923
4959
3330
2430
16
2771
4096
3724
7402
1125
2220
7368
7631
7330
1808
910
3247
5352
2029
2614
7112
2293
7634
6270
6613
3559
4641
4442
2314
2266
817
4144
7242
1534
1140
5747
6306
2609
3791
6580
1336
3030
999
3928
4730
2028
5052
6833
5196
5278
2935
7150
98
7592
5526
2268
3188
5026
3978
7939
7574
7250
4225
4267
5651
6074
3421
4451
4367
7046
1556
4536
1755
5384
4479
959
3436
1393
761
2011
807
6055
7624
5116
5158
4015
2121
1687
1883
1210
1568
5750
6289
4722
2012
5967
103
3558
1840
1547
7944
2025
43
6567
3573
3972
3485
4009
4552
7396
7175
555
3936
1953
3010
809
3954
5418
6199
112
6294
2161
2524
2594
7074
2619
7082
1457
1458
6180
34
4825
5292
6218
5549
3749
4648
5006
2659
4361
6559
1145
7372
5898
150
1026
1047
272
2480
4175
2596
1271
3371
2851
7476
4695
5951
3393
4225
7784
4491
1910
2988
4553
557
5842
7916
2799
2431
5506
6467
4504
168
2385
1091
5470
4095
7253
7171
3328
4280
832
6071
2555
94
4626
3144
6148
7767
3296
4092
3129
5764
4624
791
5250
5200
5371
7615
1928
515
5110
4714
1379
2471
7375
5909
5077
4420
7015
542
4088
1487
5259
7884
6344
5521
6520
6254
5726
5978
6988
4744
7559
1132
5338
1275
7377
5774
7110
1014
4834
1182
6429
6328
4699
3418
6760
7244
4710
7992
2016
5834
5390
869
4444
6031
6187
4813
3184
4693
2150
6908
5193
1820
5713
2229
5688
1661
3508
7875
1964
2976
6184
7656
6249
3760
6479
5651
802
518
5573
3301
5564
6428
3132
6903
7486
2236
7663
5749
2002
4714
2966
5493
6768
5479
3361
4547
2442
1974
4466
6966
5771
6041
125
6921
5198
2771
4347
1998
1664
4063
2971
1564
1735
3923
3242
3717
3327
1687
3795
3516
5659
3392
1595
7155
7016
1424
504
3505
6789
6596
1326
7204
4798
5039
374
1673
3662
58
5263
5262
1321
1066
5586
7402
3788
6124
1529
3569
4115
6041
5461
562
72
1908
6829
7147
1259
5922
2762
7760
5947
4786
7692
985
3680
5513
219
2187
3444
5832
4959
7666
6831
5055
1663
3186
7263
1352
1617
3459
5470
2387
4839
7522
6861
5923
6330
7926
1769
502
3884
1782
6537
1157
7664
5800
724
4713
6017
1696
2662
177
7479
7738
7351
6610
1462
4954
4029
1464
3122
6770
6650
525
5568
5785
190
3961
2484
142
3955
7814
1478
6802
5892
4144
563
2183
2159
5082
4724
1165
4680
147
7416
2885
4435
5554
7654
1579
5738
2330
4931
516
7410
2
4615
1042
675
7627
6534
402
7943
5117
3889
6653
7829
4375
6499
5180
7335
7802
263
4529
4196
7814
4569
2299
565
7614
1135
4303
1448
4581
2210
3842
4597
991
7644
2110
1658
100
2784
7972
5076
1843
1745
4346
2963
5021
2984
4689
6983
1442
5555
7602
4440
3157
5647
887
1559
3106
3708
3132
45
228
1897
660
6965
1377
6621
3662
2161
1525
6805
5169
7062
7551
149
609
6274
5876
5842
1046
7483
4357
1411
4892
285
3377
5528
5718
4495
2544
7056
7353
194
2345
4807
4027
2883
6290
2938
5872
205
7109
3813
3036
4738
3393
2149
1361
7985
7011
1205
7352
1115
5556
4285
5445
2246
1374
732
2943
1233
1703
4599
7482
1021
1012
3455
5052
2929
5289
5
5745
5067
7561
2671
2105
6124
2609
5967
2614
6904
4962
2148
7136
6852
2846
390
4754
30
4961
6255
3624
4722
7410
1445
6109
4277
5857
3318
5950
2659
7974
2284
2057
336
3723
4444
5286
1132
1840
2589
213
5804
443
4759
3134
275
5887
6483
5576
2416
3429
1187
2841
585
5276
7035
3899
7986
2818
2571
3834
6137
7124
7225
2988
3722
7843
7038
142
4142
3896
3064
867
3954
2445
2854
6784
5179
756
3022
5507
256
4394
1580
7286
4550
3578
57
7985
7743
2123
7441
4168
2765
3717
7405
818
7657
5333
6522
346
5602
7942
5795
199
7570
5839
491
4849
6907
5428
6020
4746
3677
2087
5446
3691
4951
2435
3734
1867
2894
6265
1834
6504
4443
6868
7510
5239
7061
3394
1085
5032
5410
2264
4854
2714
6395
933
1493
4067
5096
6959
3908
1129
3585
1826
2657
3754
2316
5569
6520
5997
6424
5613
4248
1719
1561
3939
7957
7921
1689
2288
4657
1795
7648
6852
2263
7505
6539
5269
5625
4524
6430
5289
1299
552
668
465
3150
3385
7788
6773
4023
2291
3893
5462
1551
6599
6330
1411
2929
3176
5800
7507
3121
1203
810
5862
1127
7714
2940
2814
3528
254
7548
1669
5907
6249
5210
1614
3656
5986
1739
1876
4314
6140
5040
4756
514
1471
5393
6946
1747
7104
57
7334
403
6066
4451
2204
6867
2130
4082
1152
5583
753
2288
5008
4537
5366
5228
1184
5025
7166
4200
5579
2434
6128
1958
6077
2116
3173
6219
6227
448
29
177
4324
6156
1898
2360
5851
3165
28
1922
1186
2480
1703
5368
5090
7914
4206
287
5663
3339
4170
3845
5726
3132
4567
377
7032
5690
1548
4828
5814
5549
5400
4531
845
6186
1280
473
7389
588
7499
3843
5617
5310
4938
5966
435
6752
886
376
5272
5398
4553
3661
3315
3644
1442
150
7430
2905
5831
401
3791
4215
2399
7856
5874
4650
6482
6749
5725
544
6038
2316
5760
2957
445
5507
5449
2118
6700
5692
2187
951
7625
1895
639
6442
4348
5693
4922
358
3637
1269
5696
3530
3073
3933
1273
6984
3139
1411
4896
1870
6081
4321
3454
5705
6056
2365
2166
445
4290
26
7893
4865
1077
4494
3672
4334
4000
6571
4318
7683
2666
5935
1439
6906
1157
283
110
2824
7067
3668
1374
84
7630
4301
2557
6814
1228
771
1246
3146
956
3018
7152
4114
5775
6577
5974
1840
7911
7106
5056
1254
6430
6105
2144
6483
6403
5477
2404
3119
246
1045
1424
655
5390
7427
2342
2477
3941
6432
930
7337
4622
2968
3369
5999
6302
6465
5850
5834
4997
1110
6599
1158
3592
4519
2878
1154
4811
7862
4686
1699
526
5821
1043
572
2892
7810
5050
2042
1532
6120
5243
1263
6411
2939
5087
3495
2276
5836
1629
2072
442
7999
6525
6451
6292
4881
7919
4621
1125
6557
3976
873
2249
4913
7667
3609
7093
243
3331
6551
4346
1500
7280
5782
1395
827
5530
3252
3086
4213
2446
6964
3057
415
3719
7660
7243
774
4274
1662
6025
6929
1047
1209
2396
6337
2005
909
4019
5188
7205
6367
446
3095
4510
440
7510
1464
6809
2271
3786
5632
2070
671
5402
4257
6316
1320
1956
3473
3948
851
4309
7454
4295
6948
597
4810
1158
1070
1410
7592
2113
5970
6170
1804
6568
2307
4530
2042
5651
7857
560
3869
717
1729
2265
3767
4851
6395
6290
1003
5446
1801
6303
5235
6105
4937
996
5958
5862
985
6317
6842
1490
346
1948
2265
4101
2809
7338
7830
6537
5630
4874
1934
2015
6199
1898
1717
3043
6712
3985
1170
4332
1912
3335
4836
4557
6144
5298
1693
5081
7593
3722
6951
506
5699
4981
6103
2410
701
4507
2233
753
6376
2620
1683
7428
6979
3844
3572
5719
3992
137
4527
5975
7213
735
6710
3214
223
2783
4797
7268
2320
3485
2653
3400
1142
6040
2024
963
6209
2873
2633
5308
6977
5034
2677
1819
1446
3659
5540
5179
7829
1465
7688
6716
6970
5202
7083
2748
3242
1619
561
7006
5566
7565
7094
7395
3329
2083
2146
997
365
6615
1920
4116
1926
7794
5090
3
2022
6612
6785
6267
4123
4071
3089
4779
4454
5474
2668
1604
3530
4650
6542
4803
1182
2148
280
4771
6506
1442
7667
2979
3289
1444
6368
1818
5184
3487
6835
7345
4047
4175
1299
7059
2844
2238
5283
4459
596
5206
3083
6225
1975
2219
5851
6131
3615
5304
5908
3526
7344
5091
6192
1251
592
1047
7065
771
7866
2950
6821
5939
6572
3031
5866
514
2294
5832
1886
5655
6126
424
5791
3723
5176
1030
5112
2899
3022
7565
5242
7287
2850
4365
4829
7703
5880
2260
3820
7809
2136
5271
7651
982
6632
6185
2223
6026
7084
95
4993
814
2677
1143
1290
1064
6212
7389
5531
4095
6864
2327
7903
4
970
2025
4597
2154
2444
7184
2015
3362
313
2541
2250
1257
7860
5972
6595
3987
835
6134
5160
1121
6213
6792
7077
4833
4429
6424
5834
4177
5788
499
3648
4841
5553
1178
4446
4630
5832
5758
2820
4608
3721
6028
808
6465
2521
4753
1043
7923
2259
1969
4057
1425
7489
970
6100
3871
4558
1213
3264
1383
7764
3980
1101
4609
3843
2845
4057
7076
157
292
7507
7097
6764
1643
3882
6930
249
6490
2175
989
131
7057
3679
5921
5169
6537
1818
6434
6191
7604
1561
1481
4628
3464
239
6145
6023
2520
1222
1610
1810
5636
2742
1297
6924
2019
6041
2614
2788
3134
795
7615
1248
833
4038
4680
7286
5864
2943
2926
6151
6838
6268
7275
6659
4455
1575
5789
2731
7550
1263
1613
451
3577
5346
3994
1277
1829
6923
3966
1453
7867
2689
7401
2420
2816
6373
1452
330
78
3908
6878
5020
6971
6943
3902
1535
4944
6050
6475
5906
3090
4578
4626
3218
585
5418
3393
5907
4923
6634
4234
2125
1491
5787
806
4216
3825
2877
4808
6439
2272
4160
4389
1344
975
225
3726
5279
2384
6033
6512
6897
7548
4804
75
3711
1377
2164
61
6585
2136
7785
4199
5046
6
5922
5246
790
2674
1188
7967
2609
6292
7966
871
207
5610
2931
4616
3325
1104
7714
751
5411
4580
370
2435
4625
2929
5018
375
1963
475
4632
4151
4913
7
4545
1558
856
375
1818
6538
527
3350
6165
7450
5424
1278
2383
261
3096
1734
3813
4363
3561
4585
2020
157
7536
4981
4531
5667
3440
222
1294
4752
7891
2778
5356
7849
7992
603
5112
4549
1435
4980
767
5254
4195
1288
3273
4275
2692
5564
2773
3855
1400
2169
3990
27
1075
6712
794
2020
863
7775
3488
1494
2343
6026
5385
5898
3432
4827
431
7219
5474
6815
2429
7056
4293
1970
6809
6311
20
846
5191
3633
6065
956
4753
6857
3935
2793
4802
6642
7850
1507
5274
4013
2477
2308
5156
6370
341
3803
3929
676
7104
4307
6482
6475
5929
4332
5362
5795
4138
1393
5510
1454
5765
170
4850
3223
3075
7742
1398
1383
2079
4436
5407
6909
1831
2882
2915
3361
5379
4886
4382
2973
6933
2644
191
5859
2495
3944
369
6457
5800
3837
1735
7440
5622
874
77
259
5763
4701
7774
526
4675
7768
1640
1796
4397
480
4625
2210
4272
3089
6153
6723
5065
5209
2778
912
1093
7136
1340
7752
1693
706
3812
4159
6342
7705
6319
3968
5997
6002
2186
6062
654
4576
552
7365
6587
2056
3610
5557
2111
6464
4328
5732
986
4287
7324
6692
6766
4961
100
5989
2033
4477
2169
7501
7522
3569
5926
2428
2700
5452
4660
74
5318
3549
7127
249
1029
1015
5943
829
3795
6706
4590
4728
7793
904
7127
6097
6162
4009
4758
2661
2061
6615
2072
4949
1658
5436
1974
5797
7744
4882
4450
1604
3431
6272
3474
3107
152
6190
2485
2018
679
3790
4703
6858
5020
3130
7324
1489
1512
506
3973
1515
3545
6371
1328
5942
3118
6452
3684
1615
2596
1487
2789
4482
2598
7552
7948
5209
1875
6300
3688
6488
4637
3815
6709
1901
5988
7793
7793
5186
6969
7450
7747
4351
6681
1142
3893
5265
3036
3586
5218
6423
6065
1672
7103
3595
2951
1114
6707
3757
4621
1383
519
7243
2594
2734
6486
3696
3150
6598
5438
6726
2354
6632
2858
6035
1184
3823
3946
307
6142
3216
4109
7348
2983
6044
5440
5507
4113
4890
1918
7178
3815
845
1479
3895
732
330
5476
2780
2917
2291
6487
2023
3817
2328
3282
4466
807
422
4188
3546
4536
1633
557
3225
7276
5658
7437
53
7760
2222
1480
7639
2206
1333
2160
2227
6796
188
666
5381
6511
1122
2919
5283
1018
4787
3342
5294
4981
6943
1516
1843
103
7604
7831
4363
5888
3238
6332
5966
3059
4193
3101
3491
2326
6032
3413
3380
3154
7892
5166
5728
6944
1696
2581
4527
1434
298
6491
2124
7494
6433
2100
268
2655
478
3263
1228
2367
3064
5705
4577
6219
6561
516
4713
5307
1387
6171
4077
1682
6275
1968
3391
2681
936
2180
2142
1364
7222
1979
4285
3822
6218
2260
2106
3600
6618
3584
2293
6683
1925
1591
918
7963
5660
5205
382
3367
5501
4489
3280
5087
3221
2923
7056
804
7979
1060
1146
245
6348
7907
6987
508
4970
2704
4923
2323
5276
208
3891
3787
263
3656
1455
5779
5355
7570
6684
731
6448
1630
1501
7593
6884
7363
6726
1474
2498
5431
3955
1924
7500
7143
2187
5855
806
5139
3898
4006
4999
2881
7605
2587
6644
3609
6855
2077
678
7632
6132
2560
51
1390
761
4925
857
7864
2324
5034
4925
1386
2881
7799
7894
2375
4894
1002
1965
7822
1196
2398
1549
2762
3778
4296
3995
7172
655
1233
2240
7013
5906
7956
7423
3412
1438
339
2646
4540
4654
6574
1479
1276
3843
3179
5864
2938
5276
5931
5663
60
93
3500
7511
2817
476
2720
3105
2446
7852
6043
862
1073
7532
183
278
3657
7987
1914
72
1178
2884
820
4807
1264
2643
1847
924
7758
2685
6256
2487
903
7979
3763
6467
4085
529
5139
7534
2988
3067
7452
206
5782
1691
7700
4888
3211
7261
6119
5388
6440
7319
2543
502
2795
1893
2136
157
1788
1420
4524
5716
3350
7057
3371
2039
7454
7788
1739
1427
4190
7708
6555
4666
3827
3089
1191
2186
6801
5510
4174
3716
2654
3322
2972
1620
3540
1329
518
3104
1214
2191
4738
2020
153
2380
6356
7018
5006
2899
4816
928
657
5878
4495
2844
2485
5176
6465
2327
3897
2246
3734
2525
4283
5823
2118
6739
2305
2067
2538
2051
3967
3872
6552
4174
775
2158
6598
2333
971
5116
2059
3025
7302
1639
5082
5060
390
2371
608
2361
2921
2435
5471
1489
1311
4249
1659
240
851
7434
3828
302
7335
2861
1079
4044
7502
6002
5693
7365
1528
1234
1954
6812
1275
5565
4105
1855
3982
3238
4151
355
2084
4223
6889
1083
7657
5660
7315
6923
3941
367
3824
7058
7941
3204
2278
5335
5299
7941
1878
3268
5585
4913
502
6337
7648
5687
5847
6524
4180
6043
7433
5739
6039
2132
7752
4679
6234
6057
3210
4401
6213
884
3468
5070
7217
4408
468
6775
5230
4723
6891
5629
7763
1855
559
905
2312
4864
2790
2178
845
2223
3520
1336
7941
3467
1792
7321
7800
6783
74
2588
7978
3658
5273
4630
6313
3376
6369
5610
4311
6047
7148
7274
7587
3473
5783
2310
257
3571
5181
5764
5289
7592
7030
7152
5136
2200
3010
5260
2297
5243
2916
5538
1108
940
5707
3046
2693
5065
5770
7433
5264
4696
1232
760
4970
3753
2686
260
295
5850
6274
2258
4667
2456
1428
2803
3593
7473
6373
2740
5235
2541
4768
6234
7557
6774
2176
5913
2989
4603
4480
1968
7135
7156
1407
5727
1196
6643
93
3695
6494
1425
6107
943
7818
6891
727
961
3535
2473
3348
5540
2918
68
6149
4245
3490
7189
2082
6988
5881
1013
3841
7709
6262
6324
2277
3765
2560
1085
4127
3970
3364
7940
3904
1745
5397
78
2383
7566
3768
2838
7379
7653
6619
6870
3671
6638
5164
3351
7711
6765
1221
3882
4211
7236
7298
5296
6110
4643
7093
523
1807
7191
855
1159
6997
7828
3392
6943
819
6963
2927
7423
726
4753
6607
4737
3913
5551
6130
1135
242
2974
4144
7355
5270
5172
2873
5763
5916
6383
3224
491
2725
382
7471
6391
6603
1263
3348
3794
6029
2862
929
7440
1799
4971
3290
5392
3781
1511
7102
1906
2964
5196
7583
6211
2024
3177
5695
7357
3835
1227
4928
7455
6363
415
5656
497
6750
3230
281
3028
2796
4757
7118
6890
6139
3822
7824
3216
5549
145
2461
1908
4011
5354
74
7970
6344
3769
1159
3285
4398
561
5968
205
6343
5398
5353
2133
7941
5647
7006
1131
671
2912
3987
2927
4546
1922
3343
1492
6281
108
2025
3601
3076
3657
5936
1125
6258
6006
3499
3250
3454
7313
6426
6359
2169
6580
6203
456
3546
5594
3308
2753
6700
6741
2245
3448
1027
3980
2935
176
2743
789
6093
1305
1146
2719
501
538
1775
4162
5104
7451
1964
1506
898
3822
6164
3949
2738
7881
1715
7837
2843
4616
4780
3847
4482
7795
1268
3375
5837
6625
7096
2553
3468
2416
6713
426
6289
7475
3982
3423
7412
1898
1826
404
5407
7382
166
899
6822
7578
6304
158
7707
1386
106
7517
1767
3134
1612
1207
7899
2126
3503
2503
4781
2124
3930
2052
4216
2602
400
5460
3967
793
4982
4339
2230
6662
3669
3240
5079
3115
370
3711
4627
4291
5114
1349
6939
107
4451
3189
6165
7650
3602
4821
1754
5694
2588
7602
1093
4782
3125
1802
181
2821
5386
4238
1404
6724
6125
6282
1276
6543
5659
942
16
4163
7734
4655
3709
846
2574
6366
4139
2969
5322
5650
3237
1732
7186
7980
3448
4833
48
4144
4318
6189
867
897
3144
7910
5767
4908
2700
3875
1982
7010
5943
4348
7307
3691
1969
7229
6071
3910
3929
877
3751
1649
2973
155
1252
3335
3705
5747
5872
943
7144
533
1932
5081
1999
3691
247
5046
1565
5385
7449
6593
1411
5128
6797
4689
3375
5025
7027
1795
5574
7772
2996
2962
1159
2921
4004
7780
6793
7553
7716
2025
2277
1366
7385
6670
1904
4423
5953
1126
7383
2329
5244
2059
6207
6700
5768
4509
6765
6775
6101
617
2987
1211
7099
6684
7644
4686
3794
1118
6866
6078
3098
680
3861
717
5909
86
6570
4655
2832
4068
5558
4018
3215
1383
4977
6316
4474
2580
3073
6378
3137
1641
6211
5168
4023
7846
1001
5604
6074
5512
6809
4352
6892
797
2796
4239
4386
3500
5135
1047
5162
6628
2814
824
2291
7543
3113
1389
5640
1940
6622
3197
4365
2388
5216
4489
7480
1081
3112
5279
336
5893
5709
2917
3642
3215
6565
4096
7677
3863
2211
3067
483
1925
5972
1696
4319
4232
3900
193
2276
3295
7640
6201
7766
6963
3873
1494
4068
6194
1136
1443
4527
1759
1439
6331
1449
4210
3883
4892
4396
4899
7348
5529
1812
6556
6068
1366
932
2687
7304
7213
841
537
7943
7073
1626
2915
5143
1252
2270
4439
2395
910
1376
7116
5334
4641
3274
4449
2068
6509
5746
3707
7036
55
2024
5750
2183
6372
604
2424
2448
5531
1889
2514
785
6219
522
5082
4175
4420
1506
4250
7036
7275
4150
6964
3777
7772
887
3380
4154
6075
2427
6972
4980
7106
2856
7368
2724
4326
206
290
7883
4061
5919
6088
2542
7372
5245
3739
2613
2927
3201
3434
1047
3502
1350
4766
6077
608
2251
5843
3297
4081
6443
7972
120
7628
3356
3383
2713
2230
7550
842
4517
5758
3860
7311
1296
884
1431
6931
846
893
4094
653
1327
2541
2272
556
3124
4023
5188
3449
2060
905
3222
1471
4617
7013
192
6148
5160
2363
2363
2182
7292
5482
6265
387
1200
4426
7811
4110
5869
2277
15
4808
3729
4088
3977
4628
6980
6216
3613
3064
2546
495
1917
2376
2748
2297
5916
4627
5808
6797
2879
3718
4313
2112
1375
172
7652
908
5665
4079
6181
298
2670
4369
4538
5935
6997
1732
5741
501
2898
270
459
4055
1839
2209
3647
768
7428
4906
6093
4786
6063
5896
422
3812
5612
4553
1392
7501
638
3074
1636
6674
4903
2490
3801
2870
6638
3460
727
6103
4543
1892
2793
5984
5798
3801
2739
7891
148
5949
4020
1128
1038
7304
6614
2924
5114
3199
3315
5590
2528
4435
3485
3784
4485
5198
2480
3626
1717
1375
6422
4695
7663
7220
1822
3577
608
5440
4922
7708
2373
1535
4131
6485
4468
2154
3442
5592
4870
901
5282
2083
271
3727
4506
2498
872
5132
5911
5821
2570
7327
6249
693
3327
7290
5895
4986
4402
4526
4608
4646
1094
6330
945
5073
5829
718
7052
3118
7871
2107
3588
3211
5409
6047
6377
1331
1949
6119
7584
402
2148
4522
272
5875
2682
4244
5863
7026
6792
1086
6629
2588
1081
7525
7598
7223
2559
7938
5758
5014
3706
1665
5063
7923
3688
3287
5437
3579
3558
671
5576
5578
4376
1824
6181
2892
1944
6186
3109
90
5317
7382
4704
4195
3409
3258
5143
5180
5230
4172
3278
5167
1899
813
4345
4884
6444
2980
4901
7336
7586
597
6812
2461
3839
1524
3138
3634
4181
6528
1340
4398
7771
3662
4497
4659
4570
4606
5086
4735
1904
1026
2434
4079
2187
6487
373
4204
2462
6196
6192
7721
533
66
5088
6438
6468
107
658
945
2240
4470
7950
60
7088
4850
7060
7631
4015
2962
4284
5339
4611
2424
1844
3794
4042
5558
7169
5690
2817
133
2147
6544
2652
7208
5929
5789
4020
6077
7224
5885
4090
4449
805
3274
4568
6211
5001
3190
2681
7139
7060
6998
5762
6703
1964
256
5290
6421
4745
7983
2351
7774
2415
5111
4114
5714
7796
5550
1616
4628
1400
6266
975
7049
7099
5459
3617
114
5757
4481
6743
7573
7203
7913
929
5722
186
4398
7731
354
763
2457
5296
5241
125
393
1400
1994
1059
2550
7593
6833
2875
1692
2065
4022
4862
4915
7563
7610
283
5243
4134
3846
7388
7354
1022
700
3715
1818
6633
1148
952
667
5155
534
4451
639
2301
3917
3204
534
2251
1908
3961
7046
4815
7315
1336
4654
6894
1347
7743
1794
5552
6890
2665
5318
7898
3824
5236
4871
4260
6328
5871
6905
331
3205
7012
4527
317
4481
2604
3116
2532
246
1680
5216
2325
472
4817
2111
5822
2995
4730
4570
2745
3146
1383
4335
2656
1682
6136
6800
1981
4095
613
7667
62
1857
2853
927
2253
6859
3683
4659
2518
5499
4658
5227
2480
766
6901
454
7497
4032
2323
4041
2163
3918
2240
2138
1380
2287
651
3763
3556
3435
1851
5416
7716
6093
3836
2426
902
823
7740
6276
3505
7886
5251
2845
4487
3413
6016
6707
6272
1841
6975
5139
3713
1430
3421
7567
988
1548
4823
13
1201
4744
315
5979
4705
5591
128
6245
7214
6012
4671
3649
6512
5778
4783
630
469
4174
7749
6621
4386
6730
2212
4895
2764
3931
4112
7309
3190
5710
3787
595
2540
3215
1065
5506
4052
2632
7167
4475
1586
5697
5206
3259
3320
3307
3233
6741
6378
759
3541
895
2893
4591
7041
5533
1759
6697
1883
7144
6960
2709
7287
1636
3841
4402
2813
3163
5097
5515
2362
5113
1176
3131
1681
4683
6856
1970
1229
6418
4820
370
1178
5807
7541
5788
7948
3415
6623
4516
3360
7764
7449
3609
7667
7712
6416
5631
7208
4100
6309
3068
3895
3365
3699
2987
6404
566
7593
5134
7504
2520
5152
2413
5435
5408
5059
3210
1241
457
4507
4451
4370
640
645
1926
2446
4550
6261
5554
7725
6120
6347
2647
6400
4280
5904
3178
3768
467
253
4270
7290
4041
2281
5569
3707
174
3638
4032
5987
2712
7101
3550
1015
1423
2610
7143
2411
4302
6183
5012
4673
2860
4989
5820
322
2788
1260
377
3154
917
6074
7186
6026
4393
7682
6250
1511
2541
50
5332
5088
982
7422
4108
5035
7388
5622
3429
4518
5955
3303
4302
3257
7753
1105
5540
576
7652
4697
4931
7679
6604
3959
7107
6056
2846
765
6067
6013
1333
3292
7351
4994
4468
6998
2839
6045
842
7577
4934
2029
3726
557
5650
6204
2331
4682
5847
2118
3900
3103
7526
7784
7632
7119
6463
4967
2269
7474
6504
1056
7064
5634
1683
4190
6581
1691
6635
7706
5776
675
6648
1919
94
3042
7596
2084
4228
636
358
3290
2801
38
3672
4282
1264
6245
4669
7344
6375
5680
6962
7883
7788
5234
7802
2367
6704
2532
2373
1745
3026
2776
816
7420
4055
10
3517
1509
4706
1152
4609
2216
7336
6664
7692
4345
7010
1316
1279
7969
798
2225
3442
2598
3446
1016
269
4418
5376
2922
7130
7572
6078
5319
1103
5022
1039
1947
6718
6275
7514
4068
287
2497
2708
5107
7801
2709
1905
7609
1057
5552
3808
3379
6283
152
2816
6325
7759
4327
3214
4839
6782
2199
4396
2701
1093
1459
5329
5286
7620
6815
2263
3665
6806
1190
5425
5980
5414
4374
7064
747
7162
7787
5364
2831
1530
4722
6781
4456
5352
531
6640
4251
1332
1663
7062
5630
5082
2527
597
5445
6266
5475
4330
5717
3105
5360
6319
4967
4855
2446
1049
2443
7711
2216
2126
5624
7658
96
1249
5049
7934
4447
6101
4717
792
2040
4354
3558
7025
7070
1851
7102
6653
499
4817
7230
1096
5777
5886
6015
2008
2557
6729
4483
2517
1062
1744
5484
54
5628
4067
3547
766
3302
3481
189
665
6411
5913
6400
3527
5053
2115
5033
2557
3208
2955
6359
5594
7858
4649
915
5231
1404
4999
1437
4846
590
6294
1200
7384
1358
310
1825
3723
1960
408
3951
6972
6263
6829
7059
6089
6235
5319
2779
7995
731
3009
6920
654
7408
2109
231
7003
7358
4572
1798
2725
3584
3159
3733
3789
2913
3507
4944
6615
7957
7094
3260
3695
5244
4571
3566
2464
1408
4453
1892
5982
5944
4356
2920
6765
26
2572
5101
766
6229
5502
1439
2630
7776
7957
4457
284
3798
1178
7966
6683
3855
3672
754
3173
4161
2221
4929
4915
7424
3267
1107
2328
4720
1195
3475
1732
376
7666
2292
2702
1586
6897
1526
6749
7124
2410
3718
5731
6306
4679
6579
7528
6958
6505
7501
5761
269
4493
3287
7684
2306
4872
6703
1052
6354
6327
4830
322
2361
5962
1485
6747
2679
1287
7189
1562
7563
