591
6737
353
1363
616
2336
1259
1123
1583
3102
166
6381
7794
6866
6469
512
2002
6688
5444
5593
7477
2089
5848
7536
3889
3334
1109
2435
6296
5957
4628
274
2015
7577
4943
6323
6782
3131
6012
1915
5527
2428
291
3943
6437
258
2709
1930
834
4009
360
555
7062
2994
84
2246
1878
4776
2795
1290
4097
3964
898
2194
5838
1038
7562
361
2136
4231
1847
5803
2050
4579
2288
881
3115
897
7102
4715
5429
3774
6624
723
2020
7416
6825
7348
121
437
5361
6797
3103
3487
1164
7316
1512
3846
3277
1557
3025
2785
624
7114
1151
5707
5777
6672
3021
5282
477
540
7215
7708
887
2684
3383
5939
3882
2134
1531
7485
1697
878
883
6104
794
5191
7892
4553
5209
5546
3434
668
1979
7995
5220
7511
362
5647
7695
4424
6145
5011
2835
2857
3825
5359
2626
719
6429
6720
1124
2758
7321
627
2593
218
6530
2523
3850
2518
2227
6476
3592
7617
7113
5549
7651
818
7158
5760
3658
5855
7691
3012
1992
753
1794
2026
6812
4660
6266
7711
6367
2287
7403
1455
5844
664
5660
5249
3689
2641
5855
2081
1728
4397
5922
4983
5769
903
2530
6210
6078
728
7399
770
2715
1123
765
4942
4364
2718
7001
2263
5902
316
6839
2430
353
6310
6884
552
686
2061
5036
5408
4743
4286
2439
1786
2897
1262
734
3834
3506
6840
7126
3738
2119
667
7851
4599
6356
631
7764
4078
1642
1662
585
6613
960
640
4749
6961
545
3672
6691
732
3393
5248
6669
6957
4972
3046
5608
6198
4835
5298
6452
4859
3134
7080
2491
3737
5663
3111
3044
1879
3074
3655
2723
1932
3768
4059
936
6620
1937
6920
2628
1561
5173
848
1284
5826
6359
2439
2566
6757
5256
2563
7044
1160
1259
3674
6890
3712
1849
5476
1031
2544
3177
1122
3678
7194
444
3143
5152
3908
7051
5193
6300
6936
7360
6795
3385
7925
1839
6604
3618
3938
811
6160
478
3673
7012
4921
3389
759
1455
6168
2838
2029
1666
4599
963
1001
831
3458
2829
1252
6120
7580
3917
7163
3803
5597
5375
4566
7424
814
4139
4391
7295
7174
4417
687
2988
1449
1126
1549
6089
7302
3691
2
2581
2465
885
3231
1476
830
5219
6180
1686
3067
6347
5847
7480
3807
2923
1236
6850
5874
6037
3844
1863
3513
1632
3448
885
5838
3896
2739
4527
4931
2825
4797
7811
3394
6609
7016
1043
7505
4112
5771
3672
941
1282
7953
1144
3646
667
1464
3477
1768
7738
4660
7132
3862
2298
4494
7010
1632
2415
5273
5928
2319
4679
4826
5627
6193
5842
1979
5104
5672
649
1407
3274
6059
561
7987
5529
6317
4952
7665
6046
636
3422
1216
380
2539
4581
3947
6768
390
2704
3173
7507
3113
3633
6826
2769
7456
327
4151
4250
3058
1746
3341
4328
2706
6513
4361
2402
378
4543
7304
4725
3801
7909
5412
6828
2332
4256
5335
2035
477
1617
1520
2971
2827
4711
3154
1511
7591
6692
7165
3200
5045
6562
2218
1088
387
3408
6889
4442
6895
6660
5121
4657
7162
6233
4600
3498
6363
3685
4434
4816
5120
479
4516
2301
3987
5848
4839
4051
7392
2706
4690
6575
2690
2101
3305
742
6393
6974
7583
3090
2885
2775
5334
7328
1639
4904
1175
2172
5169
5718
921
5486
334
1783
3240
7005
7528
6760
820
724
458
4401
7745
2729
6056
3182
7175
3143
7786
6296
6956
4808
5001
3772
7738
1787
3682
1122
4812
1765
3013
1315
5864
1141
6071
2610
4734
5718
7588
5717
2795
490
2933
3201
4600
4435
2944
4589
6905
171
1329
244
6892
7807
3700
5347
5901
6482
1140
136
841
960
2438
909
5585
5202
2434
7833
7006
4038
1925
6298
7396
1436
4024
4623
3821
4039
3763
4757
3430
169
6988
648
452
5248
1269
5294
1785
2642
3793
3887
4709
6583
4062
7355
6052
3866
5194
6756
2087
3026
472
6498
5234
7793
2088
5490
5314
2133
7685
6958
3935
4030
4366
6965
2072
4648
1886
4632
2284
3127
2857
7707
689
1816
990
4634
6345
3376
7198
3850
2705
5282
4783
6367
2162
3680
5965
4487
5844
5932
5
1851
5019
4384
1071
5949
3210
5216
5592
3129
1872
7659
4719
6521
3201
2549
6273
6552
3169
2166
88
4387
2674
3033
3518
7946
4835
3450
7015
1363
5094
3713
3024
214
6545
1487
7150
2746
61
3109
2912
6863
7373
2260
1258
6774
5329
5981
6497
2577
5761
1014
5239
1617
3578
3732
7666
3816
4413
26
6618
7880
3658
3921
583
2432
1441
4238
4052
684
6432
7375
5839
4982
353
5808
7100
5020
2354
1390
4293
3749
2837
4816
4144
1806
2625
4316
4623
2553
3680
7044
2338
7916
1987
2447
2136
4197
5429
2721
4744
2828
6394
244
7917
5732
6533
7081
6244
3715
3473
3930
7424
4317
423
4408
955
3963
7247
1215
3411
5122
6413
3210
6123
4958
4127
4838
5917
1704
2049
6736
1212
3770
7289
5680
4995
267
9
467
5842
5748
4322
2572
6410
7143
4190
4213
2883
3595
2247
7901
3894
6979
4427
4371
1807
2759
526
4688
550
1647
3782
6561
3547
5787
5336
6997
7333
7206
5553
1043
1004
3003
2166
6147
4641
5621
5499
6354
714
626
5711
2632
4781
5151
5724
7781
830
2841
1383
4390
3138
1836
280
5144
563
1630
3755
4246
1103
3507
1020
775
3816
2789
6039
6037
3378
7894
6534
2489
5754
384
6292
7247
4376
4832
1631
4028
4439
7604
5310
7005
957
7480
7521
298
5244
5908
5738
6097
7466
3061
4515
2077
6556
1450
6084
1247
3882
88
4386
1318
4537
7718
4632
4217
1522
6123
3978
3570
1625
3156
5758
3939
5741
7247
7334
7247
2048
2118
6537
5537
2279
5176
2759
7572
1863
7096
7013
5259
3451
5174
2454
832
2263
7479
7038
7770
7193
1269
1028
6808
7013
7156
3480
1586
1886
1794
4501
7780
7482
5873
1682
1784
7367
3049
1904
7921
6015
2984
5460
669
4727
3441
7403
3792
1856
6785
4569
6876
4220
5913
4361
5106
6892
5030
5539
4993
2559
7426
6506
7177
2616
7309
1229
7946
3526
6876
108
1255
3042
5489
1341
4102
7307
4647
553
7272
5283
371
7924
677
7852
349
1642
5566
5836
7939
6193
3017
407
3493
566
5436
7341
44
7533
7169
4722
7864
6347
2608
5213
625
5639
5141
6074
866
1706
1920
6991
672
3405
7550
1512
2657
5237
7990
4445
5601
2938
6478
3317
6868
7214
5524
3905
2392
2411
1973
4549
650
4656
7880
1096
7319
3746
2669
2552
7088
4910
3247
5449
4159
7832
1534
5783
5264
928
4161
4163
1878
871
433
2772
6163
3360
1199
820
4701
3823
639
5866
1338
3041
5424
3929
500
1351
3007
1487
7943
4603
7759
5272
6827
5231
3684
1089
7774
6547
2479
4742
2790
1707
2403
2285
2413
2848
6859
7104
570
3834
1686
1483
5330
691
895
6280
1909
2215
6023
6942
4332
742
3566
3073
6940
4082
4479
3442
1402
2346
4735
4393
2906
1046
2231
2089
6294
1709
2552
2041
3901
6027
7559
4218
1793
7645
101
1124
3551
6686
6937
62
1785
5486
7208
5753
3199
6532
3357
3421
7973
4783
321
4562
1814
1131
7103
6164
3281
2619
7252
7194
1875
32
5895
3321
648
3941
4414
5467
5050
1919
7152
939
197
6619
6
2952
6104
3886
1900
7134
7375
2788
7837
3836
4258
2282
3856
3479
5329
5812
3382
2926
5425
6395
5645
2463
949
1031
4831
4631
6152
7213
5202
2432
7856
3444
6137
4928
716
5655
538
63
7157
1937
4424
7931
870
3515
6485
6104
4329
3548
6242
3199
595
1025
4295
6635
3775
824
6612
3112
4734
2620
5472
1153
5
3473
562
4823
2438
1998
4683
4707
7089
4455
4903
6162
1263
6809
5755
7676
5944
7506
2257
3451
7948
1088
3347
1074
4706
4749
4248
3782
4520
5622
6983
1156
1524
4517
5903
1748
7249
3629
2174
5637
7560
920
7362
4412
7850
2786
6832
13
712
7334
6013
6051
7237
2461
3696
5260
4968
4615
1957
2288
3709
813
7867
1713
706
4376
5655
1050
1027
7389
7145
6306
4261
3044
1466
3333
1202
1975
370
986
2886
6547
7629
155
3963
6073
7306
671
4969
431
7479
4917
6057
7880
201
2908
6378
1216
1040
6820
5302
4530
4397
1534
1288
7896
6667
7624
2875
3173
2293
3041
6063
2601
4743
3059
6293
4056
3900
251
2205
5427
1956
4060
4108
5258
6039
3139
4309
483
7198
6920
691
4189
1088
3708
3362
7338
1386
5434
5951
6577
1350
2409
6876
7527
588
3074
5598
2232
4356
437
545
485
5445
7234
1089
2441
2179
4444
2863
6379
5051
2441
5419
7091
6742
4190
584
1779
6719
2751
4193
7923
3103
4201
3832
2768
3999
7513
7412
4659
7663
5050
5786
5031
1110
3528
6664
5565
876
240
3653
1610
3967
5701
61
7277
3941
2132
2959
6228
3076
6515
6355
3212
2142
7635
3503
6003
7660
4481
7699
7928
2647
3787
7777
2333
5325
5106
3377
6285
7115
1661
3059
3790
583
5450
2881
6634
3256
4530
7657
4012
7020
7940
6966
4579
5486
6772
2784
2282
4916
4111
6870
1708
7852
6633
7709
3941
3554
2834
7821
5647
5646
6105
621
4363
2676
4098
1572
437
1881
7924
2118
6554
3750
1579
670
5072
294
1080
5668
1646
5557
1216
7874
6901
2176
469
4652
4244
2710
1076
1669
3205
2333
7227
3906
4423
5404
6289
5416
7086
4138
7376
4990
2778
1220
125
6821
3917
6958
5293
40
5702
7496
6446
2562
3681
7493
5917
3643
6133
6035
3333
5051
2337
2564
1005
4049
3468
5575
6485
4946
3553
6173
6884
145
3097
4963
6656
214
7108
19
4734
6057
2298
3091
307
2583
2360
2210
6611
3415
7269
6413
4154
573
7071
690
2818
6743
1881
6917
881
2344
6322
3854
7909
3511
5896
1173
653
5539
3065
7982
5648
2175
278
5816
521
6857
4934
5040
5420
6656
5208
404
5824
1218
1263
3716
4443
3007
2644
6667
5973
2067
6095
2989
6250
307
4726
7673
3384
5432
3602
5085
4748
3926
4631
6284
1901
1210
3812
1285
2017
777
2642
4296
5266
7755
5100
1136
3332
3456
6494
408
6949
6887
1726
4069
4410
3142
6381
6673
4959
1496
2435
6758
5553
929
1442
7562
3550
7582
4189
1779
3938
2826
3677
2928
426
4093
7513
1953
414
1322
3800
1985
686
4322
6537
696
6338
6557
3980
1994
7423
7189
4203
4773
47
4094
3830
2744
643
4981
4033
1452
519
6007
3154
4841
4206
5365
952
1346
5129
3802
7361
2253
6720
6386
5671
6145
6626
1095
2913
371
2201
884
2116
2697
5476
6098
190
4029
3441
1399
1890
6652
6142
5635
2963
467
450
114
1756
3100
5382
7197
1956
7644
51
207
4173
6987
1756
1146
7704
5773
2492
1361
2752
4021
2813
7727
312
3916
5898
7528
2947
194
5792
4624
4471
903
6863
3346
2683
185
4619
3349
6134
2524
7148
6285
4610
262
4415
7192
3232
276
1281
2274
7043
7107
4263
2856
3160
4820
7519
3751
5787
6803
7441
7783
5199
5118
6104
2391
6454
7479
7975
7021
7450
6749
5922
2764
7033
961
6791
1035
4284
4115
3888
7248
5706
7341
315
5795
7124
6568
1033
7078
6874
2849
2581
876
1649
6452
1295
3991
3929
5489
1431
1172
364
4254
4704
5625
6470
2426
7238
5357
7297
5196
716
2237
1139
102
7129
4835
1073
7677
3907
2248
2462
7945
7731
3800
7338
950
3648
2451
2167
1857
4055
3408
7519
4803
5318
6826
7763
5117
3106
7503
998
1627
2333
526
3569
7232
1790
344
4783
6946
6593
2188
661
7789
1416
3542
693
1194
5558
7745
5457
4278
672
7649
5107
1261
128
5954
7227
3513
2250
7534
1699
5684
2111
5024
6491
2298
4769
750
4644
1519
144
3895
7554
3259
1956
7262
1094
1787
368
6284
6972
5833
228
5413
3385
3039
4532
4444
4731
4594
3214
2445
1855
2711
6860
1268
2736
7573
7983
917
2978
707
5469
2081
6094
5395
1382
239
58
4956
5582
282
3316
820
3689
4079
3969
933
601
1917
1599
687
7894
1951
4530
7075
7316
6009
1726
1019
6297
6602
7756
7712
6077
2187
5194
2915
1350
4121
4286
432
262
6973
5889
4512
529
4198
2831
7264
7988
6024
785
2579
3142
1508
7033
545
6427
7846
464
1072
3556
7955
4446
5159
5932
3914
4636
546
6923
5089
7545
4264
1930
7850
791
7287
4850
2548
7172
5851
1163
3392
707
4728
4218
7332
3240
5612
133
6784
2355
64
268
1056
3008
6499
4507
7524
7818
1319
399
7250
5398
7917
7298
6155
1207
3501
7523
5901
4002
5399
1775
4860
791
3638
5748
6053
2367
2620
629
2011
6465
5481
5817
7443
4745
4149
6100
5750
1933
3006
4439
6351
2349
3981
3651
4747
3226
7455
1264
7722
383
7163
897
6016
3070
6564
6357
1329
3669
7385
4752
1271
1753
441
1725
333
5378
2219
6247
5444
3764
3763
5718
1876
4215
7357
7208
281
6023
3826
2954
6324
2034
1163
7176
2647
464
1402
1782
7440
5104
921
2055
4495
6793
6436
7749
7286
1126
3487
6743
6833
1397
2512
7025
1495
4718
7333
324
4171
7335
241
2004
3231
216
5278
3828
4944
7489
4112
7538
7401
2184
6592
6662
1189
1159
663
2111
4964
7947
1531
6106
4664
4964
6650
958
5892
3044
2937
6087
708
946
7467
7233
339
928
609
2903
4258
4684
7054
4339
6363
7168
2825
3606
1970
3090
6742
7588
92
2318
4519
3597
2966
6983
205
4047
1355
5205
7059
3340
1153
5362
167
5320
3291
3346
5639
4502
4059
3683
7849
4818
1412
236
5446
7614
3895
2925
1606
6265
3603
7123
3710
2899
4478
4313
5548
5809
6650
428
7910
3384
5767
7424
767
3117
2899
4469
2848
893
5325
382
7131
1283
7126
3948
488
2121
2942
2478
3889
3763
4270
1042
2741
1092
1891
6324
2410
7355
5489
4780
4684
5052
5712
740
3970
3259
6039
3311
4471
1476
6219
5151
4851
3003
451
3513
5747
6972
3046
4747
2694
4194
4337
3390
7684
7155
8000
4199
5438
3287
1574
6624
7519
4266
5756
4768
4606
7139
5212
1002
4198
3444
3760
125
4372
161
2250
870
1212
4996
7430
4046
7700
4073
6524
7277
546
1663
6499
3159
2634
265
4633
3366
4027
7759
1180
2804
2990
4130
3804
6156
3650
3420
7059
1366
40
7943
6601
3549
900
1699
4021
6565
7438
7526
751
7513
7546
5493
3343
1631
1193
3328
7568
4843
1097
4356
6164
1964
3036
1631
1356
7192
5779
3515
1661
5909
215
6564
4657
7357
2308
3841
2236
3761
1037
3847
4527
4242
1564
7373
2736
5146
3477
5453
6597
1784
6213
2882
41
6900
4857
548
6868
6491
4556
2903
1869
3890
6669
6581
3497
2052
930
1012
7587
180
7647
5912
4040
7224
7204
1258
7450
1946
945
7178
834
2857
1798
2032
3215
1857
3552
4453
7324
630
5247
3034
6899
1278
953
7569
102
4598
2908
7713
740
6353
2525
5442
4036
1622
362
4797
2243
1436
3355
7455
3574
1894
6464
4332
5627
6071
5273
7297
994
7589
4095
4115
3248
3521
5868
2596
6278
7459
7117
5048
3203
4988
7889
1515
4871
3107
399
1127
5955
2452
4494
7032
370
6197
5026
5421
6747
7809
3832
4688
7766
3199
6394
3712
1803
6705
1436
1204
5663
3617
4213
5791
7303
6049
5213
5527
6047
1170
1633
2402
2329
4583
1496
4520
3771
6256
1217
7508
1248
7412
2423
7620
4497
6364
3758
2436
7385
3029
4489
3040
3169
5302
786
4595
1817
5923
3246
2333
6168
4204
2009
2228
5848
6793
7370
6957
1252
170
5858
6193
1101
2011
2003
5024
316
1857
5458
841
58
1345
1124
370
7956
2554
7102
7061
2128
7403
213
4523
6775
4954
4952
5342
1525
1398
2300
7404
3027
2030
6725
639
1244
2076
4222
7291
4956
5951
5257
163
3184
6746
529
7797
4140
292
6314
3131
1377
5700
4020
1566
5204
1216
7912
4516
4384
5142
6034
6272
2680
276
2821
1146
2369
5596
4599
1611
5818
1057
7638
7858
1980
5271
2126
4750
1479
5918
2748
1190
7271
4591
5029
7028
7738
4910
747
1023
2439
3303
1605
5349
2467
1846
3000
3610
6178
1888
3966
7106
3254
1232
4898
106
7609
2048
1251
414
7751
2092
631
2544
6689
4976
3508
1991
2395
4456
2053
603
6802
3443
1942
2827
7200
5327
774
207
2717
7219
72
2955
4636
2013
7825
501
3035
3019
6652
2770
3999
5412
3064
2736
356
1471
7762
948
4892
3218
2387
283
6508
2658
964
4886
7963
419
6664
4868
4009
1184
3404
1058
6905
831
6336
3839
3822
4081
7646
5101
5065
2938
5830
3496
2607
1635
2614
3765
403
1467
7743
4693
6426
2402
7985
6411
2200
5114
7770
4374
3366
3825
6220
2462
531
298
4682
2070
2385
7556
70
5771
7933
7730
2132
6061
1746
2400
4375
1920
1323
6897
6063
713
5096
6548
3917
2395
5408
2531
6404
4991
362
5862
943
7432
542
694
3863
3132
5546
1623
1982
4264
4082
4264
7041
3390
5894
2489
4008
2310
851
4664
3653
7092
4958
838
2871
2659
2259
5573
83
6259
241
4761
5055
5710
447
5853
7789
7402
1641
1467
1060
310
5429
7680
4446
4901
6562
973
7908
5031
4586
7242
281
7424
5434
3453
4762
4067
5027
7009
5152
1039
4964
5600
6954
893
4750
6326
3188
6182
5041
6903
105
7667
3489
4280
2115
4178
1006
4078
1450
3610
472
23
744
60
3215
2099
5555
7718
7990
6964
1602
7660
5140
2860
630
4915
1638
2914
7343
3313
2413
4087
7177
5115
1260
2778
7151
4966
5463
7812
1804
3204
60
6186
1910
7002
485
7818
5913
2486
1448
4118
4078
1373
3589
1194
6207
2972
3911
2347
831
3666
7911
2242
4452
7762
1972
356
896
6956
4325
2048
1604
1998
2641
4294
2981
6879
173
1717
4597
3813
1868
4479
7965
2031
750
304
876
2249
6177
4019
2563
7299
1484
4580
5690
7732
6471
7654
2891
3782
5210
3203
1680
2422
1445
1327
222
6904
6797
258
2916
3120
6238
904
1100
497
4605
7984
4457
4926
4916
3904
270
5376
6622
5508
5678
4603
170
3837
6337
3050
169
1616
7179
360
3550
4950
3888
472
7346
2439
5483
3770
7771
6226
417
4970
876
7040
7597
2939
91
4953
1807
4374
7400
2560
4587
6803
4014
921
3649
5063
6561
4153
7199
6101
941
5187
2810
643
7714
3972
4778
7479
5851
2549
1684
304
7196
4105
5137
80
3557
6674
5191
4794
5438
1984
2299
2752
852
126
2486
2529
1769
1205
3926
3969
6857
5096
2549
5401
175
4583
929
448
4962
6551
5568
3520
2725
6419
1010
7648
4888
6395
4619
73
2072
3118
4023
169
7650
5091
2896
6970
684
4996
6755
4610
3846
3788
4039
7197
3665
1683
5175
7945
3344
6443
3050
3080
5666
126
4532
2752
4680
6047
2152
3334
3951
7545
6474
4053
2841
3128
5648
7588
2356
4167
944
7595
138
3018
908
2795
1961
5233
6114
1390
5479
4385
4199
5273
4598
5500
2728
988
3259
7533
3738
1908
7273
2154
887
4551
6056
7834
7349
5683
5677
5453
394
7869
1491
3580
4545
1990
4141
986
2007
1848
2056
4791
1017
7561
7017
4336
2427
1408
7983
4788
7889
3565
7703
657
3705
5388
7826
6743
1027
391
7140
3090
3348
1689
7045
7546
7166
5420
2807
4279
3345
1574
2460
2915
6586
432
6090
5434
270
7699
3447
4130
7946
7754
4002
5212
7184
2198
7197
7026
3126
2644
2456
6621
5566
2193
4305
4918
4143
1560
4784
5887
5763
1065
7402
382
4211
1337
4843
1743
3175
2019
1614
6300
3681
7631
6287
6193
6742
6647
1084
6090
1916
5215
4690
4523
5511
4877
2645
2774
5221
871
5394
3532
4999
2137
5673
6422
3410
4831
6050
3452
6238
5476
4359
6647
1686
2481
126
2205
5071
5023
1835
5193
5420
2917
6972
6240
4686
3176
7849
2303
3876
1884
7738
7808
220
1414
7251
5733
6093
6796
6074
6211
2299
1362
2446
5022
6284
1477
7314
1099
6090
4589
1350
7861
7586
829
1361
7469
4361
6301
3240
6977
5914
3525
5748
4369
920
7116
6245
977
6966
6242
1997
4864
1834
2138
2893
1259
4751
2140
1595
3901
6997
4557
5499
7153
7926
3676
6045
6718
3719
7196
6146
1320
4013
7630
1051
7612
6513
186
1067
857
5004
4006
253
2076
1532
1840
2090
3070
6719
5726
3665
6151
6665
3761
5355
5677
1069
3754
2425
2060
2125
4209
2638
2264
1120
5314
785
81
1118
3391
4961
4678
3495
7339
6597
6435
6032
785
4726
3711
7867
5477
5790
3151
105
5404
4276
7996
5895
3561
3576
674
6641
6751
7467
1516
7895
3652
3904
6040
4239
3366
6409
6169
7386
1397
4164
679
5215
3427
663
3169
4547
6319
3347
67
3654
6930
4444
3563
6220
6862
6272
4800
4015
390
7023
1052
853
240
4284
49
675
2654
2820
4402
5897
5774
818
7006
6001
5171
2243
1853
7475
680
363
4557
7989
4867
5950
5301
911
4951
789
6417
5953
3942
2942
1663
3492
7187
1253
5690
7999
6998
757
3023
5252
3572
5264
4755
4776
1694
6267
2311
386
2387
7474
3545
5740
6268
6619
3317
3107
5701
2718
1101
2974
427
2053
1273
2509
4738
3134
6214
704
3108
4433
7959
6417
4926
6549
1935
2261
2170
188
5982
3590
7242
7985
6478
7999
2646
3828
3958
4402
6193
4240
8
558
2300
3741
2378
3932
1720
3898
2670
7089
439
658
6097
5893
3423
4423
3452
5698
1818
1865
5926
4360
6613
3889
3904
1140
998
3239
3508
5811
3746
590
1527
4823
331
2559
2731
172
2396
3840
139
1807
4100
4360
5567
6972
6197
6326
5210
5368
5631
2765
707
239
1506
7707
873
7059
6725
103
4769
3065
4020
2405
3827
4998
7733
7369
571
7485
6016
3259
5627
21
470
772
2690
2467
3898
6062
2743
3035
3879
2317
7663
7421
203
7362
2155
7486
4916
266
1840
7171
3471
6885
1095
6416
4787
7406
1980
4723
2350
3495
6639
307
2504
6244
5670
7477
1258
7507
4080
7692
207
4244
2895
4375
1166
7688
7382
1655
2995
3987
6131
7809
7873
6162
4077
4015
6169
3912
1730
1214
2873
6374
7918
3156
2679
2104
4688
7910
6653
7935
4391
2541
7318
360
7407
1646
5171
5789
2037
1840
5374
4159
4518
5037
3324
6981
2382
3051
2631
758
4870
5945
3850
1925
2249
3423
2809
146
3967
7887
1278
7084
24
7649
84
6153
6881
493
5676
7710
7136
113
4379
6445
6045
591
3455
7420
118
4320
2817
2227
2164
7040
4867
3363
281
6358
4194
279
7943
2601
6113
7469
5274
3989
1486
3974
7218
1282
5573
4353
398
1788
3250
7852
4111
3985
765
2830
3266
2750
6759
4735
6303
3202
7962
3700
4220
7733
2987
5224
2131
6717
7579
6364
1190
5196
7642
683
7361
1237
3108
7336
5150
214
4325
6303
3649
234
592
1256
3867
7673
5752
6531
6901
6788
5847
3391
6337
1163
7762
507
1975
5051
3547
48
1223
2384
5341
6312
6923
1625
4345
1464
1141
2671
2585
2619
5929
1119
4788
5519
6352
2016
3085
1805
1239
3177
977
6126
6007
1486
4571
1941
5388
1493
6100
3843
3879
6455
7297
1956
38
7445
3561
6247
4955
7707
3210
160
7498
7670
7444
1922
7544
835
262
1385
5277
4708
5690
6362
5708
1191
5232
785
2930
5332
4387
6423
4083
3569
439
981
4987
4007
3508
2681
69
6175
5849
6010
4666
2305
1952
3037
5135
5683
1519
3851
4826
4394
362
513
3578
3725
1995
5530
5755
3963
4484
5454
5514
2994
4930
6764
4857
1226
1349
7599
1785
7006
6919
4431
3680
526
6018
6291
6939
6489
2164
6491
4437
4120
3162
7401
2667
1110
816
920
4309
4217
7070
4799
1588
6612
1213
773
3841
4756
4045
4951
2467
1969
6433
4484
777
1912
7717
3947
1357
1423
2378
3921
5528
6940
945
5003
7557
2407
4214
7229
5875
344
5327
5684
4933
6335
4729
7351
2364
4088
4510
221
4920
5924
5468
3611
6233
983
3585
5389
2143
7518
2575
2427
6578
7757
6919
7539
7351
5062
4214
7249
4627
4633
436
241
889
4521
7735
3420
3545
7169
3922
4768
4903
2106
5129
5088
51
6850
740
1609
2527
2550
7294
2107
4324
3167
335
6999
8
4262
4080
1794
6500
947
352
6195
7535
6878
6068
6887
5526
6581
1139
3910
111
7436
5493
6617
1757
2664
6963
7993
6861
5468
2312
7195
7572
6285
4710
6139
5378
1128
2300
343
6705
12
6901
7179
4758
2754
2645
4696
6329
4664
4157
6331
1692
3117
7851
1759
5374
4119
5106
586
6561
5029
5916
5204
2075
5683
5195
3877
1382
3972
7755
2315
5720
2455
7703
7705
7544
7134
6720
7230
987
2688
4508
187
3512
3295
4258
2939
7880
5360
7943
1559
3334
845
4778
7772
4783
2000
7118
2111
7418
2420
2529
3220
3653
974
2038
2095
6592
480
3028
2533
3356
2380
1216
2286
1550
7826
3220
6359
2634
2177
6472
6781
7363
7007
2449
6950
5494
3037
4896
4131
4669
2499
737
950
2303
4733
3352
7836
2292
194
2824
5579
7531
3274
3913
1918
4993
4921
5031
5719
6048
1650
7257
3273
3180
3893
209
1128
482
3147
2028
702
338
7277
2310
3635
5268
6111
7719
7075
1681
2605
2444
7743
7676
3065
1705
6851
948
4554
5110
7914
1211
690
6760
1126
3749
721
3625
7724
52
6622
6700
4033
4561
2706
5529
2283
7543
2667
4616
845
3
7463
3686
5563
4293
1966
2689
6451
61
1813
4974
5899
3222
4115
7340
5531
2807
5135
264
1618
694
5006
2747
7786
1303
7616
5789
6085
256
6368
2470
1576
3070
5674
2145
1628
4478
7748
4797
4889
6424
7687
2172
4857
1303
328
6425
3986
4328
1240
5469
1734
7839
2602
1057
6734
553
23
5529
5447
7261
3471
2585
4235
5732
1299
846
1401
230
6542
3699
7182
3689
1853
7926
4731
1667
3688
2465
6765
5506
6752
1237
7457
2152
860
7765
2046
802
1769
7435
929
1632
1937
1512
4478
1403
7844
6579
5449
4735
2450
6701
1485
311
5072
4959
3324
3158
7407
7789
7503
348
1114
7040
5488
198
3114
6343
649
1855
6208
4029
4730
342
247
2903
4410
7072
4886
4491
4077
4215
6625
5340
2702
5181
4446
5695
4149
7885
1180
3496
4167
6793
6712
5236
6694
7839
5059
5402
3616
7369
7735
4656
5501
2602
1167
2505
6873
3549
2288
6098
5094
6117
6705
4666
2180
6957
5579
5954
4895
2582
1243
4073
3305
7515
5404
1788
6569
4043
3694
1964
3975
4905
3388
1477
7528
6534
1425
2798
3708
5165
6570
875
5862
5070
1856
6238
288
525
7917
7807
7369
6325
291
2683
895
4482
5879
4487
4585
5849
1386
4261
7497
588
563
2002
4917
3377
2123
4249
6673
5868
169
2341
6929
3341
2478
6075
7378
7077
4150
2397
4450
5584
3006
4775
1722
5622
6039
4489
1440
1255
3934
6828
7109
2672
6750
7594
1790
7950
7370
486
1187
7216
1693
689
5276
5172
5920
3878
2192
765
4535
3565
458
3369
1508
2772
1898
5250
7401
5194
5913
6848
588
6625
16
4752
926
2620
1696
3819
7254
5101
4142
3057
3086
2764
3852
6457
3044
2801
3922
5948
6913
5496
2828
6754
4261
3680
4406
1118
7906
6907
7854
158
5595
607
2093
4352
1799
198
2820
6058
4405
985
5743
2019
3017
4690
4479
7551
6523
5148
3176
6247
7172
787
3598
6756
5890
3313
2344
1352
2071
4311
4288
3043
2966
2151
1343
3022
5410
7931
4560
14
6952
313
6776
5936
6951
5592
7058
4681
7187
3704
6494
4542
2751
5112
1054
5740
2469
7226
840
7245
3883
6465
250
4126
2941
7698
619
1731
7714
5335
4366
7631
4415
1065
4425
7843
5567
2153
5151
1457
4915
2844
695
532
1016
530
5166
96
6881
7208
751
1340
64
4585
7000
4763
6617
509
6980
896
7040
5306
6498
6419
6218
4640
3213
1935
7509
4127
714
5440
6437
6257
113
6276
7589
4569
597
801
5200
5708
3846
7294
6128
6081
5428
3147
980
1613
1366
3053
2999
7992
3529
3999
7409
3958
5668
6591
7500
2204
4694
2827
944
7364
3513
800
2522
1038
7803
5394
273
4652
364
334
7085
1026
578
3878
7708
9
3364
580
4349
3973
313
3736
3440
697
4294
1676
3045
851
3946
4618
4268
2571
6909
3527
3792
2537
2190
2984
264
65
758
2941
3374
4683
2928
965
5963
3944
5144
2581
1503
5012
284
736
1128
2498
7309
3436
4004
2738
6872
5008
7898
1899
2966
3564
5946
7309
1085
307
1946
3333
7912
3239
6760
932
3103
1696
4082
3552
3122
4979
1934
5652
3512
1173
7342
3115
2969
4951
2660
6088
5473
6796
6658
6292
1374
5502
3791
6592
5137
7313
6176
3939
1137
4489
3101
4686
5176
3309
2551
863
7695
1402
2233
6908
3196
3412
5361
3256
5641
185
6508
4750
3553
7291
684
108
5176
4326
1611
4150
124
5798
6741
5521
801
3327
1620
1767
4038
3947
2835
5638
7738
6519
5942
5145
6788
5325
3045
3554
2790
798
1659
1373
6376
949
58
1335
3019
7523
7452
423
4431
4974
1555
5546
5066
547
4072
533
4307
2148
1372
2416
3312
2332
6250
7859
5138
6815
1218
7936
2581
4507
834
3969
1404
1922
2508
6034
3888
7361
4863
4238
6216
3897
2141
7127
6944
5082
44
6325
5792
5921
2058
7889
7785
77
3200
2594
2112
3038
5960
1100
3686
6442
7412
7191
5347
2262
864
621
3230
6789
7616
5934
4387
4883
4328
5088
52
6630
2039
111
4228
2680
1339
613
2761
735
5091
1644
6781
3768
