5035
1435
6811
2930
4155
6773
2361
5997
1443
650
4629
5214
3223
7122
3283
6677
1784
2338
969
6971
6590
5386
631
1622
1399
6775
4968
2265
2933
7118
6606
6186
4296
5550
5600
1001
6825
6817
6107
6325
4974
2857
4800
2954
968
1341
7995
5590
5513
6294
6975
7977
6978
2387
2879
6163
6240
594
7484
898
1567
177
1151
3482
7118
7603
7664
1279
5687
7665
7758
3415
652
2694
3230
3875
2510
2825
7009
6712
5659
6661
6363
1774
5609
4401
7814
5893
7530
5155
3525
2530
6359
5343
753
4411
1135
2126
5622
5434
4217
4027
2941
6064
574
3424
3735
2181
675
1346
4139
132
6836
2873
2804
7372
1545
2830
2241
4689
7488
5883
3573
7350
4906
1138
3418
1032
5989
7676
3641
7459
2369
2442
6538
6306
6058
6676
450
5859
7847
2818
2235
2731
7465
5515
4934
4804
4350
5261
5767
5479
4881
427
6472
6512
636
3736
4148
4409
890
1987
6723
6564
1313
3263
2943
5633
1499
762
5185
3058
6519
7239
1535
3545
1624
7175
2548
3227
5185
2398
2184
4430
1616
1700
6528
7871
3706
5673
777
2775
4944
2775
2982
7232
4440
2567
1493
4559
2138
6180
7571
4490
5614
3818
1705
72
7609
679
4637
4142
1076
1057
2918
7970
7076
16
4712
4540
2649
6129
2403
2539
1370
7838
2540
7405
700
1234
675
7693
6812
1329
5518
1259
2066
1432
6079
350
2275
3749
1579
1785
7283
6988
7336
2857
4167
3630
2711
602
2071
491
7199
3315
4226
244
1594
6299
1987
473
154
1247
6547
724
7518
3219
456
4014
3156
1442
4432
5185
370
7044
6243
2706
6398
3587
995
6651
3018
1020
4573
7560
7951
2698
479
6422
5428
4387
3404
7505
2380
5272
3336
5702
2459
6789
7122
4779
934
2431
2521
3582
795
4920
7798
6729
6426
2003
1071
4218
863
6629
1525
7367
3053
6947
6761
5549
7146
7417
6777
7287
6341
1685
7934
1095
2785
1370
1838
5340
3560
6167
5191
3170
4119
7755
7196
4439
6677
6655
43
3506
192
6381
4277
1262
5860
7709
5619
4058
636
1352
4573
2254
2150
5177
7196
5731
6880
3085
7113
2913
5295
4563
1504
7645
4741
4445
1393
7870
4336
647
5868
4931
687
2389
4837
2562
4469
2747
3741
1967
4720
1971
2705
3058
6474
6220
3081
2322
3472
2535
4380
5441
5596
1492
325
1068
7068
3919
3021
2471
5834
3396
7936
816
4304
4081
4520
418
7048
1406
3731
6688
998
3127
1380
6155
2060
1097
5529
4972
2311
3980
5642
934
2192
7001
7710
326
3986
7807
5161
1392
6558
1785
4029
4558
5232
3781
6922
638
2916
4722
2909
5824
3055
2700
1219
5859
3437
4412
2133
789
7168
5733
728
7611
991
7040
4692
5471
7247
2749
453
1945
3532
7882
690
830
7312
2774
3104
6745
6647
5143
6969
7484
5173
1784
418
4705
1739
7728
2431
4906
6540
7768
4054
2656
6344
800
580
825
6143
1100
7451
1775
2458
3318
7121
1766
16
3050
4165
6958
6837
7457
104
6432
836
7944
1607
2361
7082
5452
3237
1273
7936
4570
4250
3103
890
3111
2169
393
4208
2270
4500
976
6625
3284
7474
4607
2665
5440
3070
4523
3431
3610
7592
7639
828
3468
7641
6398
622
7362
6387
2458
6322
4030
697
1887
4437
4067
1845
4918
5459
1701
3355
5625
6495
4060
5037
5913
3374
4659
141
5574
5489
7602
1060
1905
7899
5845
2211
5410
6242
3316
948
182
2160
1227
41
4963
2600
1905
1217
3895
2220
1575
6065
6468
27
800
2821
2934
5801
6713
2509
7096
7717
5761
62
3278
5085
558
5502
7229
6075
2103
3538
5993
3251
4911
5867
7567
4115
119
1348
6274
1454
2725
6809
4713
1101
2542
2409
3709
2235
4380
1494
7282
5481
2481
1660
7869
1986
3907
3007
238
7197
7387
7008
4088
4551
7038
5036
4516
1990
2637
4042
4994
1220
4419
3944
1515
142
2212
4103
177
3208
6913
4742
4578
5597
6602
5353
4796
2436
7147
4221
1347
3639
3168
1768
1005
2789
2756
462
1375
806
151
1665
4876
2379
5691
3493
2772
6293
5536
275
3626
6731
7635
435
1728
7892
2273
6353
2794
804
4008
4516
5567
1028
1250
6147
1651
1715
4031
6517
2649
5305
7654
6661
4769
2805
2107
3777
1519
4707
6495
1057
3534
5176
6274
5348
2468
2008
2865
7378
7214
7746
3805
7462
2952
6712
3178
544
3591
3953
3123
5885
1777
6113
6348
1141
7177
4570
7688
4400
6696
5747
4698
5396
2368
2413
6428
337
2909
831
1828
4845
7947
6498
5200
4942
2195
4757
2787
3918
2646
5659
6590
1311
258
4270
7478
5883
2362
7893
2751
3312
4680
3158
6886
5763
2665
3027
2725
4213
7265
1925
1030
6190
6507
1886
2699
7169
6549
4667
978
7006
124
7751
4296
2997
3595
3898
595
3818
7642
2282
3350
7240
2146
7062
2082
2704
6654
4886
6982
4158
7427
6853
4469
919
1365
4679
3224
4626
2925
796
4892
819
5248
1805
6753
7537
3726
1607
3004
2919
5723
7275
2279
301
4236
6199
7412
1079
2669
7203
234
6942
947
1136
7340
1595
5530
2065
963
355
3521
144
6339
5387
5743
1818
4577
4524
3506
7615
3430
264
861
2721
5237
3696
7506
984
1288
4880
961
4354
3780
4819
597
6375
4903
2544
2767
2301
6163
721
5924
721
6409
4742
6023
1915
7590
1328
4807
7430
5253
1268
3305
72
3096
4642
4856
7182
3566
216
3800
6048
3885
1062
4606
4850
986
3313
4927
5863
1937
1832
6039
6870
2795
4236
5962
1699
3555
5584
3342
4576
6450
1202
4056
2331
2961
204
7782
7322
7487
3632
120
4355
2368
1335
4194
5805
4128
7243
3980
997
520
2412
6951
3889
5439
1216
2670
6439
1447
3474
7841
1871
1880
5910
5304
7169
6858
7412
4280
5248
247
3551
2994
5972
7243
7099
379
5554
2229
3971
5918
1946
6621
7467
4936
4912
7963
2779
431
1921
832
6406
3379
4929
2425
4733
2066
2064
4529
4845
4905
4567
2054
243
7619
7016
2856
7234
4481
3156
6111
2962
3225
2282
6416
788
2566
973
7748
1225
3743
206
4467
1010
4078
2272
7374
1186
443
6199
7440
997
7542
4166
635
843
5466
2911
6165
520
1117
1980
3648
3129
4117
1824
3991
2385
3316
2531
3829
4333
7847
5112
4285
2348
5951
5812
3517
2728
5802
6503
2349
1760
7962
4894
6046
5098
5113
6042
2018
3779
1529
3739
24
3556
467
4471
6043
830
2133
156
3183
6643
344
5195
5320
6001
697
617
4991
1784
7216
1520
5400
583
3353
2669
1388
1969
3375
3177
5951
446
1107
2597
7379
813
4410
6667
7600
1053
3831
1145
3981
220
5239
3721
6085
2543
3241
548
3411
5768
7722
6316
2887
6139
621
124
1964
758
152
5510
1173
351
1409
7609
7520
4081
1551
1215
1636
4689
3031
4156
7462
7002
5278
3227
1644
1486
5679
1875
2347
6915
6046
6000
2644
7932
3318
1021
877
1767
1373
4689
6522
3851
3100
4254
2726
7639
820
7596
4405
1293
3414
6301
5065
109
1184
5475
3781
2034
104
7420
5883
4816
3786
4919
1229
6496
6966
5501
6984
3942
5974
3669
4258
4726
6591
7922
7455
2082
847
560
6062
7706
1829
7422
6040
3553
5170
2770
6464
4867
7682
4717
7520
5459
512
7797
1083
4067
5282
4408
375
1122
6484
3427
2848
5846
475
7627
4719
5465
4846
3152
5482
1426
1923
5925
2577
780
3494
6687
4336
4535
4222
4145
6517
7442
5314
4771
7341
2418
3245
177
2496
3543
7909
5753
4836
7108
5459
478
2148
4899
3016
2530
4765
842
1852
6682
5760
1599
2511
2454
5090
1802
3749
5242
4988
5078
4115
4252
6063
4842
4418
4488
5200
472
2970
1287
7388
6987
3891
1742
5897
1731
2987
3715
1941
2861
5382
1063
7626
1391
4291
1615
6122
1511
7608
563
7670
7703
422
5576
5772
1536
7929
5360
3996
2776
3643
4764
6561
5443
5528
2818
3804
5588
6055
5920
3169
6201
1106
3214
1387
6534
1290
3796
2966
7966
2969
4733
1798
2858
3885
3324
6904
3576
4335
4825
1340
7529
933
5892
3840
7427
4690
3843
3510
6977
613
6776
1412
3583
1982
4940
1258
85
6787
604
41
5873
3639
6146
1560
2966
445
802
6174
1533
2826
4874
4059
3158
3298
6339
5374
5773
7744
3424
813
649
6946
2312
2376
3574
2084
3878
6516
7249
1601
62
3384
7482
450
6752
649
1791
5347
876
7816
1373
5551
3816
3326
3107
858
6203
3928
7537
7225
993
3272
7221
3901
5597
6202
507
1505
4190
1306
285
5063
4348
1205
433
2109
5041
2817
7243
5154
1393
7392
1336
846
3167
3159
35
4593
7391
5551
4536
6594
356
3770
7765
2009
6267
3941
7582
7142
281
2147
2349
6544
4044
2757
224
5557
3184
3025
4614
543
5701
5564
6489
2442
2684
2584
5040
1824
1279
1015
3538
6318
2243
5594
1535
599
5516
4011
6035
7002
6238
3496
5249
3923
7874
4954
2008
311
7432
5964
3901
6274
2001
5868
6588
7049
2539
5530
7392
6690
7118
5067
1395
486
3379
1951
6978
6133
6845
4267
7724
3056
1447
7565
3683
2840
6981
1950
7569
1156
2247
3293
7960
4584
654
5647
7384
4535
1994
6507
4332
5526
557
4917
5714
1118
7728
929
5407
4252
1061
2171
6385
7641
3340
5841
7234
462
4558
4903
6513
3287
6674
819
7819
5203
1498
5788
6609
3481
6614
6992
368
2030
7270
398
4407
5170
7453
4574
5609
4727
7090
7834
3451
4594
2323
7638
3994
1787
2686
6256
847
37
971
5409
3337
546
155
7904
7353
7004
2572
5747
7119
1285
6741
927
6156
243
1393
2079
7837
5278
947
4523
4262
4741
5528
4580
1121
1948
7474
7402
3511
5618
3515
1589
5961
7384
4128
1860
3434
384
1096
5698
4731
4647
1195
2214
1057
3882
4590
3020
4095
7917
5142
3686
2145
2042
1500
4640
5994
7374
7999
5305
1257
6567
3900
5065
7834
3086
7502
314
610
2846
1839
834
2505
6345
5818
7702
3366
6901
7226
6869
5666
7989
395
2822
6116
1792
1611
1577
6482
4721
1685
2026
2888
6268
7064
2162
6304
3856
5465
3924
3044
4729
5707
5910
1199
6754
7953
4987
5763
7487
3805
3690
4805
2197
5335
7036
4579
5336
3145
6924
6302
3007
2396
7256
3106
6042
3597
3608
5852
3540
7311
1887
188
6177
796
2281
2428
7147
3056
7837
5562
4942
7851
414
2513
3212
2735
2916
1062
4046
6837
2791
2984
6604
5553
3984
1733
5587
4338
5716
7932
28
3402
739
5308
3570
4842
2203
3563
3403
159
1641
6457
5170
6009
6335
2281
3666
5846
4588
443
2814
298
6229
7578
7468
7750
229
1472
1857
5575
4492
4094
3806
1575
68
3420
73
2361
6918
1509
5673
4519
3022
6554
4479
1369
2904
2662
3800
6632
736
1495
5632
1455
6450
7811
7189
7742
4924
2331
2771
2622
192
7748
2321
5692
1659
2927
7163
3782
7420
1424
4153
3365
6407
2566
7395
4188
7254
6137
6351
4965
389
2195
1837
6560
6250
4405
3720
4229
2871
486
1555
1705
3963
2415
4846
7458
5568
5715
1719
1473
4119
6799
7937
2974
7100
5434
6492
5745
4306
1999
2937
804
3462
6177
4414
3523
1105
810
6119
2926
3468
4200
3685
4597
542
4715
7664
5283
7055
909
2182
6808
1285
7262
1796
6254
6921
3691
456
5626
4289
2632
6584
982
2385
6529
5244
6661
563
7184
1359
5040
2563
5498
443
4455
1950
3885
7725
6729
1072
4956
1173
7916
5766
2600
4179
1599
3981
4550
1690
4467
7222
575
924
2286
4356
3655
1573
2625
4639
2396
6814
3446
4949
5672
3481
3929
2020
2284
4951
3441
7352
5066
4914
5600
7301
5583
7703
4533
4749
7082
152
6800
2561
5914
7696
7246
7725
6102
5868
2127
573
7883
6880
3218
5646
160
2978
7980
4719
7541
67
5103
7242
773
4904
631
3745
6859
3529
5964
1405
360
3657
5226
3153
45
4534
1709
6663
583
3861
4228
4687
3010
6122
2692
1738
5213
3745
7352
5940
2782
6227
1990
6246
1904
4578
3234
3470
2378
5638
2793
5058
7019
2107
172
4511
2127
3665
5636
3051
7725
3877
1871
741
1023
4411
3625
7886
7656
256
6642
731
1752
4739
5232
938
1424
4131
704
5035
5749
2499
760
7975
7650
6671
4909
7399
7629
4664
2143
3148
184
5821
4842
1556
1252
1383
316
7422
1504
1111
5091
5817
4386
6147
7115
1955
5938
1725
6188
4771
6145
5660
2257
781
7951
611
3355
3078
6549
1228
3405
5665
992
6972
447
548
7873
2077
5344
3024
2512
827
4273
7965
2941
5595
3514
3532
4653
7457
3166
2667
32
4637
1098
2383
759
3203
4972
584
1921
5573
5545
1303
3058
5954
4456
1283
2424
1557
2806
167
7519
2271
6531
7380
3122
3923
2476
6165
6254
6295
2799
1297
283
1817
2694
6130
7563
2326
7181
1276
7829
1110
2750
5144
4822
1787
5838
389
6541
2355
6756
3329
4824
153
69
6105
4747
1039
6701
1001
3045
6952
2694
5277
2772
3460
6281
4502
4493
3546
4365
6926
6890
3441
7601
7629
605
4203
7026
5480
5064
7037
1437
3777
4786
7961
4434
5486
3840
2616
4454
4216
2232
1069
1163
1470
1087
1717
3937
3980
688
914
5507
2708
5315
3794
5798
2705
2395
7352
205
862
3193
6031
7011
4814
1766
3222
6612
2108
4468
6020
3889
7272
2946
6732
3594
2243
961
5640
6601
306
853
3760
7649
66
4971
4600
4843
4689
3806
7689
3972
753
4255
7220
6168
4750
7477
2858
7578
1773
510
6171
584
7415
4931
4511
6232
1650
813
1533
3408
2655
3521
2205
5632
6318
5273
1354
2098
6430
4868
778
4867
6545
3392
369
975
2269
1544
6902
5309
6640
73
7203
3010
6666
727
6662
3951
5433
6550
4258
1155
2126
2262
5415
3101
2836
6097
7663
7262
7244
4917
5124
5403
7122
4055
3279
6497
1041
4522
4231
2875
1857
3782
4152
2904
2456
4642
2715
4023
3138
850
2471
285
302
6857
2583
1824
2663
4144
7798
1039
785
166
4662
5295
7092
764
247
4318
628
5802
5614
4702
4006
2236
3563
3255
1624
695
7213
5510
5707
4326
7254
3942
1568
7921
1761
3968
909
6605
4056
7003
4415
4158
6604
3832
854
5888
5351
2299
177
5671
1333
4061
394
9
827
4165
674
6112
2255
216
6226
3109
1676
3043
1917
5
4309
2206
2699
80
3917
6502
5127
7730
3666
4815
1490
5838
2041
1403
6540
707
5102
6408
6698
6204
778
3137
1892
7851
2516
5888
4367
2773
842
6986
6636
2100
4643
3007
3223
6877
7875
3944
821
702
4243
1999
7259
7705
2919
5159
28
3751
2219
3835
3070
4006
621
749
199
597
378
2386
4605
2535
446
6751
235
841
3982
6084
449
2366
7082
4061
2122
625
867
6485
1159
4877
1035
5727
2864
5341
507
4238
7320
3632
3671
1141
4010
5622
5164
1902
5700
5187
1646
5563
3952
1718
7462
2687
451
1205
4659
6153
5608
3859
3760
4248
1183
2577
5628
2194
2892
4461
3511
5309
6751
4357
2731
5236
5863
1982
5481
6881
3420
2097
1289
4825
7446
2169
5129
6926
4153
5210
2211
6348
3183
2540
1404
1883
6038
5611
6008
3183
1922
5576
6358
6700
2608
1132
7914
554
2476
1307
6650
4096
7781
2112
1915
4185
6333
6786
5476
1620
5777
2909
3564
1977
2068
6865
2494
514
3435
7318
1533
7329
5144
1339
2390
250
2910
6765
1330
775
7184
7299
2286
1548
1660
2849
1190
6371
1442
4239
4051
7055
6101
400
7977
3195
6077
2069
5611
7962
3290
3987
3012
2884
411
4829
5915
5787
6237
6387
5196
3803
3505
5097
4817
6306
7173
4206
4071
5194
7648
1299
7260
6628
748
1763
1033
3139
6519
5428
5579
273
2480
6534
3883
2095
5525
4838
2772
7848
3387
7681
4364
93
5539
3527
1690
859
2570
836
2357
5470
7847
6539
738
938
5376
1717
3645
4106
1752
7159
5054
4083
2359
5869
4287
7298
7694
2142
77
6173
2797
2017
71
6297
7064
1160
7861
423
6420
110
5415
3544
603
2604
5611
2634
6423
5099
7595
6654
7284
1272
1810
674
4337
4515
5749
4434
1742
4641
1355
6369
5068
3321
1101
1303
7933
7310
5918
5328
4239
4110
2593
3832
2610
2038
4397
873
6088
3667
2062
7577
6301
7001
1883
1713
5516
7531
382
5268
7702
4912
3753
6660
94
1153
4910
7068
2303
7448
1143
3943
7102
3098
3356
3820
2065
4544
7980
1509
2674
4487
7292
2272
6095
7314
2190
5752
3824
1525
6139
1881
5040
4494
7822
2481
4019
7070
444
6973
1513
5733
5843
4485
1505
3802
1745
6822
2216
5723
479
5780
7965
2107
7189
2157
7282
5894
3010
7349
4082
615
7901
5743
1030
5624
1828
4937
1864
1711
661
3325
1134
3173
5726
4462
773
3565
5625
7187
1714
720
5178
3435
5131
602
2204
4595
6473
1762
2302
2642
4306
3450
736
204
7485
4789
7586
3840
2989
2403
2554
6883
1535
5904
2927
41
4843
3442
728
6673
7449
6207
6310
5590
1918
6413
2543
7150
2788
4027
1878
3868
2267
1214
7878
2460
7899
3302
6977
7679
7371
3393
5567
264
6707
721
5810
4713
588
1967
7580
6323
4943
3171
2090
4232
7961
3062
5412
3931
7368
5115
723
4073
4523
5600
4159
4989
2531
4932
257
2479
5611
7127
2859
4267
3857
3048
5859
2150
5371
4153
1380
2326
6178
7056
3557
6534
927
2551
7940
907
5058
4606
1112
1909
7387
4988
259
4480
2354
4444
5305
6034
2404
5311
3899
3598
7109
7386
3223
6532
7371
7858
3413
1701
7248
4881
6270
5322
4357
3243
3821
3781
4480
1427
5428
1982
593
2567
4222
1713
4601
2273
6021
3939
3808
7983
4084
4979
3991
3059
46
1846
3081
2037
2936
4675
4483
6974
2546
2508
30
6011
6255
7012
3964
7413
3177
7445
4520
2698
6802
2908
7753
7778
6008
4527
1215
6657
7807
3919
7126
5702
5735
6853
5662
6112
1728
1998
5512
6465
3958
6006
1091
1465
971
1280
2210
6833
1456
5868
6071
7886
2153
4272
4734
5179
1677
810
7511
6028
3365
4018
4184
1007
7039
3714
300
744
2337
848
2902
7766
4224
7582
2415
5349
3940
2486
7394
1602
1721
6534
2729
7864
6368
354
3125
2446
7451
2008
3954
3779
827
4747
734
4603
362
3730
267
2100
7790
28
3553
6630
3649
5240
6001
5572
7011
7885
5978
2167
4794
5559
991
2247
6730
3497
5909
3666
2570
2991
3918
941
4870
1648
5310
5968
7333
7731
5304
376
2524
6765
47
5022
5167
695
7518
6313
462
3350
2882
7142
3456
6964
7432
3447
121
3776
4156
233
4423
4365
6694
3269
5568
3792
100
7874
6883
3379
6141
3747
5825
4714
868
3078
2939
285
4255
1836
7046
2340
752
7498
7947
4088
7858
1706
4564
2998
7143
1225
494
5889
5013
6557
3357
5675
1105
1624
6463
7017
1682
2593
3831
1136
3630
334
607
6741
2123
3077
7413
1220
4300
6624
1808
3426
4905
2698
6507
6608
4549
6318
1870
5498
1990
329
4399
2506
1222
56
1623
73
3154
4295
5298
5624
1664
5575
5130
4540
167
2818
7510
28
2537
3840
3794
2241
7260
1858
2467
6254
3643
787
4730
7901
3958
4351
7939
4539
6671
5326
427
4940
3780
7134
4410
6600
6285
6498
7351
2023
7263
732
7670
5846
4182
1819
2884
6951
4238
7371
2320
406
5851
5202
5639
6875
4919
7967
5949
889
1877
5768
5469
3392
2402
1855
3345
2186
6182
6888
1541
2396
4248
7813
3469
5221
4247
4932
1647
1738
1861
4510
136
7822
551
1691
6318
3147
5514
5821
6212
1624
7507
1844
3887
7574
6338
5292
6055
7058
1556
1086
1772
6594
4743
3782
3545
942
4833
2045
2662
407
4006
7038
960
5306
5953
4929
1241
2600
602
5093
173
5489
6426
2618
2929
2386
6717
4322
5188
890
3022
6603
4141
3897
3972
2494
48
7782
616
2316
1381
6998
3651
1743
6724
7245
5663
335
4527
1002
3137
5177
6645
7938
2180
4633
2390
839
4587
6581
5145
7944
1479
1932
301
6916
2180
3855
1249
3940
5252
6698
7288
5519
2708
3716
7395
6055
4709
1281
6479
2527
4418
6256
7096
931
496
868
65
6966
3769
2536
7385
6711
1198
2232
6758
4968
5324
1889
3074
5212
1366
949
7174
7561
208
4298
5970
1259
122
4576
878
2695
4771
4757
5176
3223
3327
4519
6165
5156
7220
2909
2143
2176
96
6302
4665
1351
5976
5827
7097
1788
7024
245
7024
5846
7685
4640
1217
6709
2089
1898
3736
4874
7782
3070
1914
4795
2461
4810
552
7375
1390
3543
530
438
2059
6714
3137
3274
4112
3010
3821
2182
185
2752
4254
3122
7281
2731
2491
4798
5199
438
1257
378
7686
6254
4079
6256
7507
4449
2167
542
3528
1079
264
1686
641
2269
6630
6549
5806
4903
2656
3946
956
3495
7345
5235
4161
7635
5856
4981
4093
3621
7294
2317
3597
4655
787
6521
7548
837
6566
86
2383
275
2314
7531
4691
6178
7546
3628
5705
283
2711
2033
115
302
801
6628
5972
3374
723
4272
4847
351
7224
5793
6167
207
2482
2296
2434
874
1943
4616
398
7055
3404
7880
2479
3299
3121
2548
5002
4016
807
617
1303
1742
5277
928
4531
4886
1212
6927
6295
752
5209
6525
2930
2866
7871
2553
3796
3186
834
425
2763
5200
1412
6494
7477
956
3443
7345
364
4771
5418
5400
22
7590
7016
5774
3202
5585
2335
1939
521
5892
1386
3823
7055
1962
1260
7798
7006
4786
4923
271
768
3303
1927
7660
4313
745
5189
7722
5959
5219
4685
3568
778
5622
4929
3579
6654
2104
2702
4506
5604
3529
5759
5535
1431
7052
6638
3368
794
988
5823
3805
5984
4492
526
5779
5314
2577
4655
809
6713
5263
618
5359
609
5445
66
5471
7444
2844
4486
4413
3105
634
6324
3513
1031
258
1657
4708
6789
6749
5541
5675
3512
3684
7675
2970
1283
5489
7681
1648
5490
3012
7487
1126
5965
1873
410
1497
7152
6601
7886
4638
4895
2649
5156
1315
6790
5039
4192
1132
6929
4939
306
4357
7860
1241
6612
7665
207
5814
2787
5904
3559
2353
7132
5598
6732
1560
1519
3830
6120
4208
4767
1915
7717
6512
5714
1870
4783
1377
1393
4184
6101
4891
3986
631
7534
5690
5646
1225
2809
4874
4517
3841
6631
2756
774
3587
4279
358
1696
3751
5178
6443
6737
5203
609
4841
5146
651
746
2652
805
6723
7906
6751
3329
3218
7331
2186
849
7712
4937
7058
6431
3973
7624
2503
2646
7583
905
4203
7467
1086
730
1018
441
985
7027
4793
421
1912
2670
1633
3554
7386
268
6348
3399
4904
572
4658
2572
2311
6340
750
2163
2056
6591
2475
673
4847
4325
1606
974
4663
1786
7324
1635
3096
881
6309
6436
4517
5876
769
5492
2571
3653
6826
5053
4939
476
5922
3373
2009
6016
2433
2078
849
3259
2375
1206
27
6799
7136
3764
2674
564
3966
7953
7405
240
4500
4855
2775
1511
7767
2815
6674
3054
6897
4993
7443
7716
3849
7100
4920
991
3141
90
4273
3370
2672
4103
1378
3871
247
7559
4156
4584
2853
4322
261
6337
3908
3771
6066
4016
5265
3953
5762
3413
3667
4380
456
6877
6838
6452
1186
2079
3878
902
1334
1709
1716
4088
1588
7373
6853
5048
218
2486
4139
78
7457
3052
2922
1762
3446
6138
4752
4462
4264
7407
1938
6615
4794
2722
6090
2863
5650
4890
2712
5969
1037
6865
5261
406
4094
3889
14
1595
5662
344
4350
7204
4517
3515
7857
5543
5234
3453
2103
3070
4529
7043
831
5577
539
2940
1685
4409
5701
336
4351
1979
1669
7151
3892
2511
7695
1913
7475
5667
2558
5959
4946
6348
4920
884
2609
912
7784
6285
7506
206
7903
5226
3941
2556
7030
2350
2507
5843
5602
2971
6714
6756
6676
5392
1494
6173
7753
3351
5490
522
7363
2105
7863
5995
6441
4051
4011
3505
1584
6939
4534
2279
484
2374
6577
4234
1658
6700
921
700
351
6036
7788
4388
3489
2890
1485
7751
3526
7118
748
7869
2160
6560
4784
5899
2148
5806
4096
4378
4036
2728
38
1733
590
1521
5690
5397
3630
7382
4444
7332
5140
6206
7474
1129
1105
14
6646
6336
2919
5422
1200
4448
2298
6473
7800
848
4394
26
5115
817
3187
4235
486
3229
1791
7541
5952
6653
4571
35
6230
4347
1100
827
5850
5436
2508
4100
1508
3660
3441
7395
6330
2917
7027
354
1742
7035
2968
4166
3692
4862
4410
986
7908
7642
3998
4288
1892
4249
6291
117
3140
27
965
1202
2888
7356
5352
3171
4242
4766
1482
1839
7639
2009
3137
4260
1150
6460
3021
7606
3731
5464
5201
4110
2949
7515
881
1674
6001
500
2421
5076
7163
1796
6075
6528
3964
3749
4755
258
7142
2774
279
5426
4150
7889
3828
4842
3413
1223
463
3576
2031
6240
6168
1299
3079
1264
5637
4217
7188
2875
7053
5807
2167
4326
7702
4729
4886
2752
2033
211
6872
7413
6318
389
4746
3366
3922
6594
5609
7883
1632
5759
6740
6512
6098
6878
6570
6703
1201
491
4620
4885
2050
6931
4725
2461
710
1869
5785
6730
1810
2473
4628
2231
3389
3615
2881
7485
2329
4709
768
788
5075
6945
1105
4695
2244
5703
301
7512
5577
7813
2568
7592
540
4012
5177
5519
636
6208
3743
5587
2685
7686
6614
2147
1209
5598
1138
1040
7505
2945
6061
4015
3101
1711
4609
5805
5754
5927
2292
7898
5797
596
1435
1044
6740
2250
3788
1300
458
7016
3780
6502
357
4196
1842
3612
4027
7080
2010
2154
134
1831
7160
1158
678
833
1984
358
5592
3367
4823
4270
5240
4672
4530
4686
683
7064
2320
7264
619
7744
2521
6748
7224
429
1431
4724
4308
3758
1843
7635
7679
4779
4641
7527
4900
5995
5566
257
5135
4877
7008
5621
6218
6322
2380
1723
7155
7275
2502
6719
3163
5497
5089
2562
3458
3454
4602
1056
7752
3167
5117
4652
265
6662
2681
3933
2845
2357
3135
1670
1594
5540
3056
2190
5858
7542
1631
129
2524
927
6767
6298
1962
2501
3478
4687
5807
2244
4216
4192
6232
5601
2854
1457
537
6956
7396
5841
2168
2313
2304
3004
1918
3580
1369
3521
4426
3125
4698
6638
7273
2139
7421
4606
3873
3211
6594
3495
4506
7309
1786
3390
3007
4790
4254
4531
7168
3165
4645
1718
2568
2614
841
6027
1900
6337
4802
1227
7773
7432
1002
3121
4919
5516
2065
622
57
4892
4493
3554
6114
5324
7238
5826
7246
847
4594
1389
1145
2245
1589
7242
7892
5529
6874
255
6145
5958
6595
1536
7058
7066
2719
44
1962
1752
1786
4697
4529
6801
724
3644
1724
2340
1760
715
6255
6326
5272
6146
1846
4616
7603
1832
4129
4809
262
6654
3425
2191
1704
516
6802
6875
4525
7432
85
1810
7282
2034
4603
2020
4884
4039
2454
6383
2057
6896
4701
2744
7901
494
797
6558
1378
3149
2258
4307
1593
157
1096
3898
6611
5042
3427
1303
4901
141
6874
2823
3397
656
7902
5841
7946
6157
7504
4262
6607
1026
2396
4061
6238
5651
207
3324
3931
3001
7097
6342
7382
5322
6872
4037
2841
1166
5421
966
2322
2381
3346
638
1787
2475
7045
4081
3500
2630
5120
6286
7667
1989
2103
7000
3532
1442
6383
7545
5875
6864
7431
6693
170
7547
6704
57
1965
5950
536
4415
7057
5511
6615
6976
3190
4419
6416
7953
850
5794
3666
6672
6470
3453
18
6533
4980
537
2835
5037
7122
589
3923
6272
6037
2600
7734
4130
1428
6830
7341
776
4035
7190
4692
7212
5979
6009
1750
1985
5394
3912
2906
7278
1102
7090
411
2386
618
2753
4035
5553
5952
2618
3470
515
4779
4895
6945
5717
3114
2891
7321
3714
4296
5010
5677
4673
1996
7633
4025
4380
5234
5662
981
6759
7284
7217
5102
5605
2300
3365
88
814
2799
7357
6605
1490
6871
5057
2558
5965
1198
2112
3305
2920
4226
436
3749
626
1568
5124
7604
1816
2049
3587
6306
5606
5862
2893
1990
7705
4723
4618
2418
1814
1250
1944
5249
3471
7334
7064
5867
1078
363
6161
1320
70
1053
7630
480
5676
4691
1988
6046
5676
3888
5512
7457
2533
2570
6190
3207
4567
3569
2940
2851
611
7453
2236
5931
2791
2322
2260
4083
350
4884
6320
2018
7500
3593
5364
1223
7333
297
3369
606
912
556
4893
4329
3920
1889
4593
1525
366
4874
4366
795
7419
6371
2845
232
215
4212
2666
940
7819
4918
4439
6269
5090
6808
7952
1268
5504
3089
5416
5479
7928
5628
5771
4987
4209
7545
2143
3483
5640
1450
738
6876
7429
685
6963
1009
6937
3342
5552
1720
481
6161
2514
340
889
4341
7125
6962
3030
2829
4795
5825
860
5550
85
3153
6093
5328
5593
4657
6563
6364
308
5402
5515
482
6570
4933
5363
1365
6558
902
2189
7286
99
7794
7669
3352
1336
4476
6927
466
2097
4510
5322
5456
3824
3315
5674
1347
6538
1732
1964
7529
4912
2111
7754
1918
3131
7385
1954
7862
2904
5546
917
3322
6079
1496
1399
6020
7407
561
6048
3339
453
29
5653
2115
735
5178
662
4524
5509
3678
5996
4478
2595
1558
25
3967
637
861
1520
7404
4868
5317
5395
6818
2747
6364
2325
4402
4217
7709
7553
3136
3168
5876
6156
19
6767
6997
1739
969
4047
4154
4884
4503
3794
7247
5446
6462
7370
4130
1747
2080
2189
2457
3221
5889
2897
4213
6417
2844
2478
6348
7777
461
7622
5051
6257
7525
7364
7675
7051
1966
5651
1165
7279
7591
4202
2599
5257
