5684
562
3506
3174
83
892
3790
2593
6678
4971
4907
1826
2562
2480
7799
5975
7697
2781
2407
354
523
7960
3485
5934
7205
1054
7388
3487
4559
6706
7203
5499
5757
7336
431
5998
751
7838
3228
3490
3172
318
4624
6904
1898
5929
3636
2949
915
4748
3926
4238
1494
3526
3574
688
5723
678
7168
7554
1086
6829
5338
3875
2243
7761
4474
4482
824
4566
3158
4712
7214
1611
4965
3504
7223
875
4262
5276
773
548
6982
2182
4580
3001
774
2849
1849
7555
5992
7330
5120
1355
5581
4723
7187
2114
1479
3971
317
4216
7828
7678
820
5258
3150
4175
7100
4799
1778
2083
7923
6130
3772
5784
2647
6812
1964
6293
1687
4817
1529
5039
1690
3337
5618
6318
2580
7357
6956
7610
1483
2507
5439
5902
1306
1293
7675
7785
598
2765
6943
6393
1481
6095
605
7090
6682
430
4992
5105
5605
7988
7224
376
1827
2517
2962
5819
610
7835
5408
2291
307
6466
1888
4889
3342
4811
3049
993
48
5636
1968
7120
2
2953
7499
5547
5962
3178
1445
7544
2078
3101
524
5768
2584
4769
5547
6804
3226
2654
351
3275
6661
1688
1481
687
3507
5005
4889
2949
6118
3039
4752
157
7865
1230
7846
567
285
6903
2350
5828
1084
5555
367
2501
3373
5431
5638
5232
4812
3118
4513
6295
2843
230
4638
6804
4661
3844
5064
1112
1772
6752
6216
2714
6671
4168
6897
1334
3395
4161
2978
5471
756
1928
4554
1277
4146
4973
6717
7592
2291
2758
2047
4288
5911
3187
690
3068
2339
6499
5165
494
5842
1883
2737
3837
1574
249
6657
6349
2426
5060
2094
1257
4713
6694
7559
4638
6342
7073
5716
7040
4865
6717
6890
4222
3706
7746
593
4192
3836
6635
2825
272
7478
688
71
1944
2970
3896
6179
6663
1287
5512
2912
919
2453
2806
5442
1355
3190
5682
3136
5575
5507
7154
6583
2025
3577
1461
1449
1932
1552
2160
6388
849
279
6758
981
752
1164
7294
2619
3684
274
3341
2974
5871
6308
1071
5440
3492
1015
6334
2548
5674
1376
3900
5
534
1915
4740
7919
5790
2091
7621
7861
5245
1445
4847
568
3942
1558
4640
886
1294
2561
7039
4105
3031
537
6327
756
2546
6547
4629
1975
7769
781
4923
7312
7482
1869
5829
5989
3470
6979
6919
6418
7265
5964
2637
7957
2257
688
5099
3934
1790
7991
2336
1835
6086
2158
5759
7054
3501
6994
7411
1381
5933
1030
41
3815
4944
3567
5162
4054
1072
5958
4074
5813
7774
6228
6969
5038
3993
5540
4992
1170
7490
1366
842
1884
3585
4670
76
1833
4733
4999
2105
1556
2562
1847
476
3349
4616
2421
2305
5286
4679
1300
1730
3019
7262
2649
3640
7705
3032
1642
6079
6728
1027
3512
7480
7457
7848
6016
3060
1778
1307
6169
4212
7231
4230
2863
1196
3316
1770
6183
7999
1527
389
7406
4984
1681
461
2961
1615
1822
1125
3715
1633
7692
576
1064
3353
5248
2370
3297
5149
558
361
6835
5394
2127
7423
5937
1966
963
1722
2670
1648
6684
6972
7895
3416
1239
1822
1892
4399
3420
3912
7261
5218
3495
5415
4751
5608
7021
6283
3972
7882
3981
4838
585
5230
6255
1137
6124
6708
944
3122
3913
6134
6976
1793
2514
5041
2941
7987
5026
4197
5901
6700
806
3558
5023
820
7000
2979
5425
3171
5351
6498
6477
6126
4663
2082
97
1757
5882
558
5976
3300
1893
7167
2822
4050
3738
7945
5301
4387
4996
7432
2215
2008
3583
772
3397
6669
4134
7611
7465
4142
433
7947
915
5646
476
7818
7783
5492
7706
3864
7029
5885
3996
7482
1639
2326
7015
1083
4198
2926
3644
5610
7069
1332
5237
1473
5691
4192
5994
6746
1319
2666
2330
3616
5182
4548
309
2437
1665
3462
5633
2234
1376
3502
4480
3701
6553
4846
7387
5895
5621
2099
116
6570
2672
342
736
3204
7388
1429
3757
749
7356
5678
1642
5816
5158
6615
2733
7137
5289
2257
4227
3997
5838
7058
4752
6525
3842
1317
7983
4332
1133
1106
5079
5918
5565
4891
1238
6179
7393
1450
6954
5892
26
1426
1175
2588
5558
690
3731
1031
6476
5661
2362
2370
5113
7506
275
6858
946
5019
4689
1004
6771
7875
1448
6372
6977
5398
5231
4161
5220
4036
528
7471
1650
7624
5385
2777
127
7447
6449
4521
6418
7629
493
5699
7208
1709
1969
6162
6758
622
2226
1514
7934
1155
7247
2623
278
2140
191
2431
6652
6953
5546
5302
959
5691
508
5788
5351
5856
3810
7364
3273
6087
6661
6376
7977
2504
3129
7240
5152
1303
4761
7198
5389
2418
6101
7719
1592
4642
20
6219
462
7750
4545
441
5737
3579
4295
7902
963
2576
1468
7689
6314
7033
1828
514
6408
5730
7202
1270
3870
5866
1053
27
1143
5518
5611
4415
1283
2999
2755
5737
2578
541
1854
6196
2928
605
7217
3179
3151
949
1505
3924
4064
6206
6419
4930
6166
2491
5881
2319
1408
6125
5984
2906
6713
458
85
5255
7771
4173
135
1117
1300
5506
6765
422
4182
1290
4943
2018
3804
1289
7395
7627
3889
3938
5436
7340
4757
1342
733
1243
5733
4913
5919
7256
2554
7691
6399
3526
7602
6906
3674
132
1192
2258
178
7647
1731
5309
7995
7035
6008
5271
1097
3262
4436
6471
6940
4408
370
5720
7849
5698
6594
3384
5067
6631
5097
7738
7407
5664
2473
7545
4090
7053
7360
7268
2808
1439
7900
2999
3349
3581
5917
4415
2434
2449
209
7620
1582
3198
1658
2102
698
6784
5486
954
965
229
7403
4629
6368
5168
1138
2935
3166
3458
1534
6444
2402
3677
427
81
3779
7850
4476
4228
2948
698
6355
6973
6956
4108
3724
3859
4762
5705
7520
1163
6296
6586
221
6373
3644
7001
2784
3448
5424
6351
4923
4237
3978
7510
3627
7641
2561
833
1290
1517
4230
677
7222
3766
7391
5004
5403
1474
3926
4769
6148
6588
5780
4021
3182
6237
2496
1784
5997
5918
1994
5170
1381
1332
7214
3649
3476
5229
3847
1090
4791
315
1663
45
6772
6203
4944
4661
695
1818
3928
5915
4488
1638
105
1886
4368
2745
2722
1537
4951
2706
2144
7112
6484
2433
6110
6965
7997
4050
5747
3473
5217
6251
7673
72
5736
5998
5531
4114
3891
4355
4095
6344
287
3544
5467
6228
6958
4258
3956
7176
7985
6775
6932
2583
3763
1031
5634
6796
1348
1538
855
5177
2789
1357
1418
1275
5837
3264
2572
1250
6943
6801
5754
3446
5938
5709
1855
3769
271
7126
487
7168
5305
1144
3788
4889
332
3026
4145
4363
12
4529
3537
7404
7978
1352
3288
7612
3285
282
5601
3184
4976
1616
3941
3015
3204
4938
175
4588
6851
3561
3672
2175
3530
7047
1027
1378
7315
3232
6092
7432
5730
6393
5754
2187
7912
3170
1285
3050
5551
5682
6229
6808
6466
691
6660
5598
2317
1220
2496
2623
6652
2671
2362
3443
4176
5281
2283
422
5179
7978
1335
1528
1069
3280
1417
6928
2797
1172
7124
5890
7143
7415
2132
4205
3867
6685
569
5102
5909
4106
5423
5011
1532
6340
7027
3666
3712
5176
5304
1808
3951
5011
6556
6070
6062
724
3130
2503
414
4058
6203
7789
6334
6356
2664
4312
3514
2792
2247
522
5634
5953
2772
1500
5504
5935
3471
6837
3215
3767
883
7920
7438
6746
1928
1115
6849
4719
5800
2339
7249
6775
4510
4483
536
6841
2634
1036
4678
3825
6086
7327
7259
2881
5555
269
592
1724
7040
5881
7233
3358
5705
1468
6846
2197
2508
4120
2477
7898
1900
6418
2915
7947
581
6295
4946
6472
5426
3554
2070
3252
6900
3057
4991
1051
3633
6561
764
2724
6118
3787
590
664
5847
6812
4598
7567
174
4456
5236
7062
4256
5284
1701
2215
605
1910
5519
2887
6223
6969
2453
5969
1127
919
7379
4388
4691
2758
1435
1964
3389
6488
5982
7923
773
5851
6997
825
1345
1840
268
1196
6189
7587
2414
322
1003
5831
5668
2413
6068
1680
3638
1755
4141
3982
2187
5956
3480
6457
2638
1537
4687
3201
3244
448
3585
3890
3906
7313
426
910
5179
6081
5807
4637
3892
6607
1672
5272
3014
7120
7067
1840
2292
2296
5267
4546
6919
5902
2444
3573
1264
1313
943
6909
7870
2055
3730
3080
1399
4971
1494
4776
2688
1752
6383
463
6753
6703
740
1180
4666
6374
6468
3622
1631
5153
2600
4415
5030
1833
2343
6523
6936
4961
1066
7237
6038
5822
7073
4523
398
2422
3741
1956
2450
2530
4713
5559
6722
3205
1894
1716
6844
5725
2173
6593
7772
951
3334
4691
4146
7029
3057
7248
5408
6339
6650
7979
7118
3488
6594
1789
7779
4402
6909
6094
1361
4966
6074
686
3699
1409
3980
2479
3492
60
155
6880
967
439
1014
5434
7941
7877
3188
7169
7007
5258
4649
7707
2528
1154
799
1304
4534
3822
4179
7339
4687
7124
5554
6996
1118
3408
3577
6390
2550
7555
7196
818
3709
5700
4824
3692
5457
6668
7336
7665
553
5855
7659
7463
7996
6707
5253
7772
126
1806
7953
997
3240
4252
4656
6435
2523
3176
5835
4820
6368
3087
6481
4596
7004
3938
1010
566
5459
157
6046
6214
4631
4141
6514
96
1518
5923
6424
4306
3808
6036
7826
5582
6492
1332
5139
6787
7479
3602
1143
3801
3094
2659
2516
4518
250
1717
1801
4534
4519
1910
5372
2371
5625
2595
4101
1394
3367
6673
5762
5750
3522
5898
2982
3098
2003
3918
1165
950
1800
2916
4776
2488
2535
6695
6729
1758
707
118
4153
3728
6833
5590
232
4726
1818
3927
786
202
6595
3717
5678
1420
6357
4845
353
4236
5111
7955
7740
7686
101
5121
3844
6446
3451
3087
7335
7388
4424
6972
1340
5021
2928
609
5553
5263
6630
3041
2849
1504
6780
2441
4105
5358
3168
1883
1117
1703
6125
7401
4476
3561
6375
3666
5370
3987
6810
2299
2635
604
2568
2171
2695
5713
6716
7251
546
1840
5880
6238
5885
1621
6867
6374
7560
718
1793
123
6042
4111
6677
4812
2324
4355
7762
6641
4987
6324
5973
4823
4805
4759
5919
2736
1476
5516
4802
1674
7171
5530
7453
2236
1703
6283
798
2255
4804
227
7817
6416
5463
2496
5245
4165
5878
3580
1015
2582
7584
1636
4454
7436
7129
1775
7963
1821
5668
5797
3387
1308
1254
3060
708
1004
907
2373
1050
5512
7106
4697
6820
1789
3722
7504
5262
7639
7515
2644
1147
1010
5624
3666
7109
2021
2869
4256
7812
5534
4889
7892
217
37
4544
5689
5867
5506
1417
7074
5687
2261
7338
477
2288
6443
975
3604
5591
1408
3033
2950
3202
7734
528
7088
672
3993
3300
2783
7342
3845
878
5496
7196
2064
6239
914
6416
6961
7494
5063
7678
5777
790
1621
7834
5640
6594
7029
7112
5597
5408
2548
352
6861
2365
2837
1661
3472
1732
951
2840
6813
2521
5993
5930
6516
547
1258
1573
6435
2804
7514
179
2532
505
4642
6907
3051
4746
6213
4827
4457
276
7991
7523
1024
6224
1806
6361
7665
3719
6388
6919
4288
2094
4304
1178
1156
6915
511
3718
7814
4440
438
3474
7435
3475
1702
1493
7160
6647
2036
5439
5923
4196
3470
1517
6990
1636
3017
3646
5138
3787
160
5927
3509
4471
755
448
6317
5815
305
6113
3532
1783
7490
7110
226
6491
5922
3941
4773
2973
6561
5433
7584
7774
96
5371
2755
4241
5826
7293
914
2199
4233
6275
2764
1546
4968
5537
5703
7760
7450
7996
1222
1354
5802
5696
264
7991
858
993
7905
686
58
7573
1562
5541
772
4644
2041
4572
620
569
5287
7367
4963
1345
1039
417
5025
5538
2755
829
6042
224
7361
2581
1671
3420
7683
4980
5787
15
1031
2454
4175
2400
687
3037
1778
4108
3025
2598
4424
4966
185
440
7094
5173
322
6632
2357
7197
634
1299
5885
747
191
2654
6683
1460
5180
3536
1988
2146
5160
5372
6890
2530
7001
4911
5733
559
1007
3127
5774
7160
182
615
2438
1821
3248
742
1613
554
6692
2486
7530
27
668
4058
3295
545
1077
5713
703
3646
3875
7703
3637
4189
2058
5673
180
6128
7428
4312
2082
3479
3907
3253
3883
4275
7503
7626
3649
2494
3909
7152
2574
3624
327
3252
5809
1459
7808
2867
5686
4783
6183
3368
6212
3978
3516
4524
6518
7836
2466
888
4304
3368
2505
1323
7072
5466
5969
7313
1421
5408
5260
4226
7676
1694
554
1535
4273
6484
7012
2189
6159
1146
555
5444
4275
6282
1631
6001
4010
5588
1450
5948
4266
5122
446
1809
6049
6344
2092
7981
4235
7068
7282
5292
2889
2429
6609
3201
5403
7347
5083
7570
3710
3512
6361
264
1023
3521
1095
3210
1681
1744
3100
5462
1488
5054
5391
4579
3908
1787
999
7425
4149
5838
7752
2202
7935
1058
4201
946
6512
3138
5607
4387
2634
2581
2051
4358
3024
1580
7613
2209
2801
6898
6246
217
1387
4221
2165
1224
301
1635
4025
5384
2555
598
4617
6605
7742
2554
7069
6482
7555
6700
4490
120
1420
7268
7579
302
2198
7033
7943
7061
2259
1552
977
5770
5768
4722
4455
4165
3810
5627
681
4869
488
1625
6883
5834
2188
7243
2272
4641
1715
6564
2024
6445
2265
7246
2398
6849
554
2759
1114
3232
6311
5632
5655
5816
6523
5063
6656
7053
3507
3531
2429
7057
4599
7947
3772
5725
3860
5819
2923
6289
3618
6498
4227
3132
2954
6698
6880
3720
2849
1817
336
7741
6310
3039
1444
2596
498
7810
3678
3202
5877
6049
2183
6761
5876
4445
6446
1043
4411
7118
2269
3668
3030
2045
687
7854
92
5838
5401
2850
6098
7292
5620
3240
5416
661
4623
4427
2996
3113
5268
5785
2772
5603
7263
1420
4465
6823
662
6629
3795
3429
4877
1501
2545
2987
3619
7169
4776
6510
1426
7164
5795
2564
1642
4365
2997
7684
5032
6184
7771
1812
4824
858
7768
6454
7900
1982
5993
2537
4102
2652
7807
1428
5428
1114
3890
6183
3271
7538
3469
3511
68
1230
280
350
6869
928
5308
4918
7796
4804
2322
1230
3247
1622
6716
7883
2723
6009
490
2069
2215
5185
7947
7797
1423
2075
273
3713
5604
1320
4074
2574
5981
7261
3882
2787
3217
2151
2168
5602
4721
42
7220
5595
1832
7335
1363
7308
5402
629
5897
7453
12
1392
4624
3835
731
7847
5075
6692
753
5766
7416
3619
4713
3654
6692
4260
7939
2122
5664
4459
6948
6880
1807
7289
1423
6232
6877
5675
4235
6333
4918
1811
7974
2260
7889
7133
729
3730
2085
311
6848
4265
7433
3419
1898
5297
646
6894
4089
4982
6569
6763
1482
6392
7105
3026
5209
6260
6052
7507
728
1163
5710
4334
7028
7889
2710
1909
3462
5032
5415
5938
2898
5442
5634
2412
3818
3472
6311
820
3331
1941
7688
7331
602
7128
4874
2706
646
2873
5403
4070
5428
2761
2380
5736
1342
3339
2113
3319
3781
2396
5111
3088
2900
7289
7901
3355
4240
7740
5184
3758
1598
6871
4055
6799
3404
6546
6556
3122
2147
7256
2172
7328
1639
2026
797
6863
3312
2459
2263
1289
5710
2981
4132
6830
843
6089
1272
5069
6462
305
6297
6908
1978
6481
4689
3048
884
5202
6502
5216
4836
4846
3061
4388
5954
5463
2753
3234
3981
3656
66
1697
7003
1817
7422
5727
7889
259
3196
386
7115
7698
2219
5702
4660
6016
7981
3708
2729
3520
6498
5024
5724
2672
5722
3246
7343
2796
3025
1385
3694
2810
3686
6210
7377
7642
5841
1457
5538
5279
2891
449
325
6230
5263
3436
7921
7514
2794
7771
3710
7300
2515
4811
3065
7542
1936
3974
2327
6395
5166
4188
4420
6217
7848
1881
1898
2186
7950
1086
6493
7355
7634
1864
2070
7279
3907
5002
6141
2699
2426
3052
2296
421
4219
4678
3899
2909
3076
4131
5506
6169
967
1352
778
139
1724
4369
2259
7600
41
5854
461
3600
4116
7586
6078
3394
4705
906
1107
4819
4418
6532
2065
6409
1028
1655
238
1642
3672
69
1223
6298
6567
1848
3320
3765
1709
1391
5297
2729
4766
6312
7021
7717
6104
3846
5585
1844
7908
5514
4474
5514
3436
6833
7311
7335
4381
4995
6559
198
5412
6410
467
5134
6038
7887
6596
2749
6675
5176
2180
3485
6107
6369
2566
5859
890
1763
363
4611
3424
886
181
1966
5103
1399
473
876
1438
1399
5498
2256
6418
6171
3478
818
5297
3691
4250
725
1093
4759
3635
6227
1168
2193
941
7489
2393
2097
3142
7549
5822
1585
4260
5209
5007
2856
1123
1511
7995
684
2090
1429
6070
3184
1986
2944
5176
1412
3865
7650
815
2195
4593
296
5391
1947
335
2512
114
7247
5939
1184
5385
5135
3348
5361
3391
2304
5813
4462
1519
5005
1435
2575
6086
4304
5804
3857
7035
6641
6913
1043
2945
1855
498
582
2848
2037
688
856
1942
2093
5136
6095
4330
6359
830
1876
3066
3234
2905
2497
4444
470
6434
7010
7502
707
5616
2223
4794
2430
1356
1700
1974
1021
658
176
1584
5382
656
2276
2303
1088
7500
4053
5544
2040
807
3240
5463
1119
1051
495
7258
7533
1504
3015
3251
4290
1289
366
3530
5873
2475
4705
7242
7969
4752
4227
4082
161
6945
4269
1158
2565
6711
4304
7922
5498
5930
143
6508
5992
7132
1929
2569
4276
6607
4665
335
5879
32
6108
2737
3547
5722
1146
243
1770
1727
7870
857
7246
6347
38
3544
4627
477
677
4682
12
290
4581
5196
3604
3439
1473
6409
7038
6437
3720
3650
2011
2757
3511
4099
2442
7733
1153
48
5404
5823
727
6957
2196
368
2181
2303
1019
4695
5320
5325
1812
386
1298
3912
5667
5716
5100
1171
215
7828
5037
6946
3787
5869
973
3094
2171
5387
1477
758
4719
2314
7832
5419
2688
3882
4369
1148
3294
2263
6057
6546
7320
4804
7878
5377
5156
4123
7460
3058
5479
5176
3626
3368
6650
7827
7817
1792
1432
3780
2328
4923
1181
99
4222
1182
2227
3820
5685
2115
7583
5280
5061
3834
4448
6542
461
402
6530
346
4198
5837
7398
6985
3019
2074
5823
6637
2976
4538
2116
7413
6072
7704
5030
5057
6780
933
2965
307
6033
2434
2625
3521
1491
6469
1818
674
6867
2619
5852
4418
4201
3724
2014
3763
4790
6609
3396
1482
7060
6986
7632
4
2313
6381
3431
1978
5696
2665
3686
6538
1744
4528
2777
7368
6816
1699
3215
2101
3395
5938
945
7285
3538
790
498
2938
6540
181
3850
3146
803
384
4067
3522
6446
1737
2621
6239
6736
6304
6339
7839
4649
7931
6508
5362
895
46
5648
7534
6790
6182
1026
1736
5474
2738
4549
7386
1770
4403
878
4113
7474
2754
6599
1021
3388
11
5965
6185
2907
5302
3347
2369
2290
7289
3033
2938
5935
1428
4407
3152
636
4109
3551
401
1759
701
4819
4102
7095
5678
1638
4046
2724
1628
6322
1029
3613
1475
2630
5496
6819
512
2639
6696
3301
7149
184
6748
6496
2873
2796
5627
4067
699
814
3448
7113
1719
5760
3666
1858
6106
4371
6399
2203
7489
3796
6901
5044
7946
1566
4045
5461
6867
4409
5905
235
4996
3267
5571
834
4462
1902
5592
3951
3883
4041
7304
1114
2339
7070
3495
6961
4085
5067
6014
5097
4573
4216
392
7426
5691
164
295
4931
3540
7215
6553
2678
5042
3730
1317
6390
3263
2226
7779
5086
3790
935
4509
1816
3606
6959
191
3795
367
4654
7414
1825
1155
7795
5942
7503
6344
4772
7680
7258
3823
5689
7842
7457
7810
2442
4376
2753
4915
1259
2502
6069
551
5135
798
3591
7257
6444
5218
3939
4650
839
2375
6492
4550
7563
3986
5914
2836
7149
6769
2718
1901
5752
6519
662
168
3611
2827
3828
3973
1910
2755
3313
489
91
7322
4225
3774
6154
2386
490
1872
2415
6022
5899
3871
5119
6397
506
1008
7022
7094
3426
2560
3896
3559
7910
124
6881
7030
5347
461
5443
6714
1007
1505
6543
4653
5741
4606
1607
2298
3027
2153
3309
3013
235
6296
5340
7609
5025
3449
4383
7075
2110
7490
400
3712
6756
146
1542
34
4797
1091
1134
5014
6699
293
5315
759
2870
1167
2857
4486
7605
666
2822
3624
309
2114
3069
6786
219
5042
7363
1361
531
1395
1845
4207
3867
2018
3148
6694
3666
7169
7511
1662
286
6189
4291
4713
7724
4554
4827
6617
5584
2959
4529
1006
1265
3477
5598
4403
1242
2675
6398
4203
3640
4013
6548
5575
5500
2555
2619
3281
4210
3774
4259
329
6154
4115
5626
454
5759
2151
4422
6079
4151
6038
2237
4100
2007
3620
3210
4267
7873
364
523
216
5005
6351
5490
3258
7213
6446
3335
1945
5135
1837
4885
4444
6382
2666
736
7907
7795
4126
3890
731
4
756
4005
6863
5369
5156
4477
216
1366
1653
3442
5846
1566
5593
1378
2427
7781
4312
3215
1169
5547
958
6780
6651
1475
450
4107
2287
1499
5603
516
6883
1904
5915
4132
1902
6998
5174
4585
2974
698
881
2532
4352
4395
1458
3254
6895
4679
6686
3621
4828
7931
3172
5438
595
3720
4058
1804
3297
4348
2775
4621
1949
7141
1405
1622
7576
5402
5923
1153
3154
3604
7106
2791
3823
3776
6773
7982
5032
4749
1916
322
1970
1560
3817
6146
5188
3328
3439
7140
7550
7791
3164
5287
6000
808
7302
1365
2951
778
4850
5003
2955
7544
2230
2837
5021
595
3262
5800
3382
2415
4399
7039
3374
455
6603
1301
2288
4670
7077
6649
2590
515
4092
5416
2898
7772
3118
7073
2377
7745
5714
2314
1513
130
4785
6828
5009
5053
4493
1775
6114
4966
4603
4154
3106
4671
7845
742
3732
7595
3922
3479
2373
329
2736
5084
7599
5567
6146
4182
2450
2422
5381
7535
7136
5368
4686
3491
5866
5800
4350
929
3319
5149
2592
2985
1285
6808
6721
1087
1176
3212
3230
2879
6628
2616
3730
599
3101
7569
4871
4506
1507
4207
3609
1276
1719
7279
5469
3422
7823
6341
223
3200
1159
5747
3338
5438
5969
3815
7859
2237
3685
3425
572
4170
1002
59
7705
7264
6979
6413
643
4757
2617
301
705
961
6836
1326
4676
6715
966
5899
2719
5842
1971
4572
3399
6325
3228
1764
7514
3753
6069
1048
7092
3682
1340
2627
1380
1456
6529
6212
2450
6786
4973
5559
7854
727
7971
4408
2720
6395
5990
2004
4981
2149
5044
7890
6711
848
5784
6878
2900
386
5900
4552
3202
5900
4754
3557
503
6265
4112
453
1917
5952
7485
2218
4132
3357
6616
1831
2337
1972
228
7478
6972
7087
5902
2515
4156
6095
7113
1788
5214
7030
1026
2155
1423
4095
6067
5925
205
3214
1262
1576
2658
3642
5027
3491
3815
3393
4394
4882
6516
5746
2102
3133
7063
6974
5003
1139
573
3327
2664
922
4645
3388
2211
2075
212
1005
2181
6802
4734
5045
3067
7784
6920
5475
3237
4575
6688
5798
7266
7800
4820
1052
2610
7553
7903
6038
1398
7331
3009
2109
6283
4869
2116
4737
4868
7578
3003
5552
1329
6054
6609
4403
7824
6559
3839
4448
7260
4475
5449
3773
3711
2939
6361
1553
7498
5974
4056
7409
7082
7410
3972
5648
3793
2992
5047
7824
3042
6784
978
2693
1370
3612
4209
4556
2037
7588
220
2912
1070
618
6703
5424
1096
7620
7774
7188
3706
89
5679
2759
17
7424
6002
988
5059
7258
3016
2715
7116
3871
2646
6685
2448
4091
4281
4977
957
4847
4355
2851
3596
2645
3923
4722
7423
1190
8000
5269
1181
2828
3870
649
4330
2185
3135
6037
7467
1593
1266
3012
3522
6458
7908
304
3466
6336
7490
686
5157
2629
4801
6319
642
2033
5641
4568
6141
3967
2593
5907
3187
6740
325
5458
730
7515
2035
4865
7946
4180
1292
5345
2270
4781
6053
6847
2114
1870
4524
6365
2262
7038
4783
2923
5299
4924
956
4759
6320
5824
5968
480
2695
2980
4834
2254
668
2926
1660
454
1512
5032
1775
7373
2401
5193
1006
4559
3948
6703
3238
5325
1238
1185
6021
5839
1455
1106
1306
6977
5703
385
2427
7578
2381
6718
5985
2666
2534
5176
4858
3149
1713
5196
6212
6105
5700
2573
7821
3232
1374
1773
5620
4355
1242
159
4146
5500
3512
4460
4651
7857
5270
7960
5708
5547
4888
730
4833
2428
4092
604
4688
1512
7895
1349
1954
5830
5640
5744
1807
2923
351
3053
2306
5755
5167
5395
2759
7885
1506
4587
269
5475
7957
3627
2137
1456
4387
3919
2873
3560
3819
18
5826
7910
5106
7341
5404
5528
5600
3493
6461
5091
2089
2305
3550
2214
1740
4633
3198
2504
5964
1565
7398
3249
6140
2204
6291
5276
1552
2509
4316
1366
3493
1225
7704
3566
5760
3282
1245
2027
3936
7998
2148
7308
1360
4001
6125
741
3762
3362
6484
5240
5889
749
908
7580
1795
4781
7526
7381
726
1127
5291
3906
2409
2461
6710
1085
235
1614
961
6348
4271
7887
7009
6405
2667
1910
1832
649
4013
7883
4058
196
3849
4584
2571
2731
2975
908
3706
5017
5028
5846
3762
6885
3434
10
6344
2194
7044
7244
1347
1747
7627
5759
7896
3120
7921
789
6099
3683
5931
4471
6121
382
7756
5225
7020
6357
4162
4883
4390
2016
4239
4704
2891
4135
6274
5436
485
1146
5011
5391
1651
7109
5771
3580
615
1511
703
3834
5361
4521
512
4076
4929
7397
6413
2269
4490
3733
4310
7436
4677
3331
1018
3282
1655
2471
4093
7489
6527
4238
3685
480
372
1220
2925
4092
5596
6746
3480
2556
720
6619
5667
270
4384
5594
5547
2362
4256
2747
7371
4889
6453
2655
1973
1338
4186
30
5234
7625
4031
6329
1090
7041
712
1584
280
1706
5099
7219
2904
2626
4766
6312
6199
6839
5929
1279
7394
1293
2115
6333
7761
4562
5159
6529
7680
7777
5251
1351
1354
5893
548
3297
7619
3269
947
6591
2292
6643
6606
869
4207
5257
1666
3745
7101
6267
4596
1518
7958
4083
1586
2395
2334
5794
268
3523
7252
1168
5494
5854
7230
879
6128
30
6714
1427
1014
4734
5013
3434
3031
7993
537
5897
4494
413
5577
1314
3268
5482
214
4951
621
7016
5869
5431
7121
3301
705
1452
1400
5074
2012
6456
5530
885
5233
2060
97
3491
2943
1519
7245
1836
3061
3503
7485
48
213
3601
1098
4202
3006
3703
1185
7333
7655
657
5058
2917
6836
3033
1248
5574
4886
2394
5666
4615
6893
2587
652
4408
2803
6254
5037
1237
2336
4475
4955
2255
192
5670
7554
694
2720
7987
1240
5100
5698
2366
5143
6397
7111
2057
4678
1718
2318
3271
3587
3666
2740
6596
3359
1922
4047
4945
2054
7767
3626
2822
5891
7107
4443
6653
253
5585
4794
4097
1312
3599
4997
3075
6687
2637
5571
3882
2965
7910
7448
3350
189
4450
1624
3417
2768
3160
5855
4186
6345
3043
5688
39
5656
6679
5307
2429
4798
3340
903
5563
7461
5754
1390
7321
5742
7068
6900
2851
6009
3144
6324
5065
1789
1179
2524
1852
7655
6794
4112
7897
690
589
3552
4735
6660
1167
148
1413
5616
4075
71
3170
7851
1154
7319
5741
5664
1596
5163
5889
3948
4305
5074
946
375
2159
590
7924
3513
5769
3322
342
2247
7825
1468
6482
4831
6914
3233
4736
1059
4531
5116
2306
2502
1913
2502
7539
933
2937
2581
4570
942
2437
2326
3784
1006
3751
2916
5471
3069
5097
1173
1643
6133
3986
198
3720
2928
7619
7730
7402
833
2329
5475
7774
3552
983
4255
2871
3299
3790
4809
3154
7320
2695
4697
4306
5727
5829
972
6041
1397
476
6108
2626
1269
6975
4620
2996
5707
7153
476
3482
905
6106
1338
3411
3855
5839
4753
4279
4435
1754
2987
1598
785
5712
6128
6718
3301
1618
6517
4783
7172
7252
6132
4140
4780
294
4916
4031
4911
1109
7757
434
2132
2855
6774
1670
7200
1526
4717
2278
4176
1134
7506
6548
4204
6433
3270
4298
2075
4898
2216
2711
6462
1231
7834
5868
4547
2579
4938
5406
1670
7415
5129
1979
4678
6626
4623
583
2023
3912
4278
2957
1231
2933
5183
3134
7068
3369
5000
7737
5879
5974
4891
4208
2610
1830
4680
4288
7284
1729
6466
4420
2031
1268
7477
3307
5481
2440
5088
4336
2927
5654
5182
158
6464
1507
4392
6946
4844
4270
7802
5312
666
4655
3382
7744
2638
4670
5298
4025
703
252
3844
4163
249
3186
3011
2899
3280
4491
913
5792
3735
714
385
660
976
4028
3679
2379
2311
2083
5729
1687
3129
2842
5595
7541
6506
2379
6799
2952
6473
1140
113
7848
4542
4679
1485
7696
5559
859
7584
4092
4798
7836
5735
7428
3570
7737
7698
6374
4973
488
4337
3610
7098
3887
376
5479
2132
162
3548
7838
7749
30
220
1611
7532
4922
6748
5873
1120
611
3500
5527
2570
6506
7499
2359
1094
938
4046
6169
2039
3562
1633
4901
5784
6229
3743
2915
4139
2016
3546
1659
6750
2234
5771
5670
1306
4250
4513
6255
1028
7302
6927
1938
2312
2098
4869
6966
2117
1460
3493
6945
7362
7338
3448
5395
2804
56
7802
7899
2523
3481
4186
7866
4472
6628
4809
7489
6272
6464
502
2519
7982
3191
5355
875
5976
4517
5420
1016
2271
542
4009
4799
1388
555
6178
5965
4024
4510
3064
6795
6004
2192
654
5700
861
407
4340
4253
7097
6005
1462
5601
2038
960
4405
7844
5944
359
4535
4961
339
5520
781
3624
3201
2856
7979
6304
2694
4460
5495
3274
1342
5591
7225
3046
778
7196
2258
1386
4316
6791
2391
2556
222
4443
7405
7896
5097
5487
3885
6324
5241
7525
3349
5922
82
4949
3931
3429
3951
1750
5925
5271
945
7549
1332
7533
3989
4663
3508
7778
2747
6088
5307
3803
2724
6962
3714
248
7517
5067
2542
