4868
823
2913
4970
6620
2419
4854
6803
7840
6667
7738
4900
5555
5022
630
5275
4933
2213
6455
6015
1333
6734
7428
873
5242
4181
5561
1011
4495
644
5658
2469
2254
180
4210
3582
5035
5966
2440
3481
2065
159
6363
2029
3723
1442
7725
7332
5417
6436
474
4120
4424
1727
7040
3580
1435
463
5511
2254
1184
109
4225
1856
5209
5227
3004
2737
6513
6824
850
4139
4927
7474
4061
3818
1450
7645
6409
469
4679
7117
2580
4759
2840
5234
2465
5766
4378
3252
1743
2914
728
7164
4911
249
4329
7043
7394
4890
5484
6699
3324
5916
3691
5719
1768
6604
840
3818
3480
640
4416
4242
4352
3692
6757
2892
491
5415
1179
3846
6329
3535
1024
1377
1828
310
1546
6121
6545
4610
7221
7666
2397
909
3524
1685
1464
3632
1811
896
7529
2863
6081
1545
1670
2768
4365
3462
7572
7877
2709
2056
3891
6985
6562
2959
1554
7336
3647
5077
5604
2054
3538
5948
2362
4988
5315
7790
6538
309
4430
7452
5848
4371
2843
95
5014
1818
3893
7731
3173
2237
1559
128
2423
7335
2330
7541
3542
4747
1632
1065
3120
3292
1092
4236
4290
7248
574
1472
2947
1357
777
6245
6185
3040
7931
1776
5538
1446
6452
1029
1330
4778
3510
3873
7214
3344
6289
5637
2767
5020
6223
7045
5240
3104
4965
4293
5037
3203
3647
5223
3788
370
3754
6759
4996
4801
4662
3563
3723
3303
2810
1400
7207
54
6696
5397
6436
1497
109
538
7352
6696
382
4249
2790
3147
2717
7979
1947
3963
1920
6203
6390
4029
6289
5443
3256
6841
5780
638
1630
7860
6880
465
7843
7838
3668
6542
3324
6874
4085
329
7433
3103
2697
3921
6082
4938
2152
4623
4110
4955
4587
7765
6678
4468
4036
7172
2708
1573
838
4363
674
7609
7887
7177
2887
3890
1541
573
4841
2474
4656
5928
118
1097
315
7061
4172
6696
4298
5116
7582
4424
5454
1703
2243
6238
1691
1724
113
2922
6860
3647
4097
5047
4628
602
2768
5450
2216
1643
1084
6964
7265
5901
7849
2151
4496
4647
21
5177
1502
4985
5529
7831
2770
3639
1685
7755
2569
7094
4550
5415
3225
2900
2156
5321
3782
3884
5566
6139
882
3412
7812
6159
5948
3850
3687
5643
6529
6092
4770
1079
1311
3975
2998
2352
7096
6956
7214
5229
2990
79
3053
3100
5503
2662
6903
1082
2025
3673
1235
5064
466
3818
4063
2720
3861
5423
4547
1919
5037
300
7209
618
3981
5851
6794
4119
1999
6632
63
7181
2131
1890
3702
3443
3580
4750
7451
3920
6131
4329
4872
2897
1596
1744
2892
4405
1228
1072
6259
7226
2428
4192
3802
413
1123
6029
6413
7926
2008
4763
6604
7783
4151
3770
5844
6861
273
4857
533
4261
3226
5658
2656
6682
5756
1297
7300
696
7495
1171
7260
1821
5106
2896
4762
5101
3187
6641
6788
2698
6425
7234
5853
3723
466
358
2504
207
111
1369
6875
2229
2667
4546
3784
1367
1937
895
7889
6956
1471
7260
420
6833
4815
403
2594
7172
2892
953
5684
114
5523
710
1101
2328
4912
3872
7245
2537
2481
3434
6455
5384
1578
1723
852
1164
4149
2887
1704
6779
1575
59
4552
3141
4812
5007
707
4450
3700
6940
691
3799
2532
2124
742
6033
1060
7012
977
927
5089
1662
4121
3681
2709
3098
6861
498
7522
7963
1199
6577
3431
2025
6649
6994
4603
2785
2582
5033
1663
7518
5636
6854
1945
294
197
4344
7303
3489
2733
7162
1579
6687
4172
464
4777
4829
3068
6832
1390
4085
4296
6099
2388
3492
6898
6300
5752
3836
4544
7466
7857
4116
5602
5301
4256
4820
1388
7533
3860
2909
4897
4880
7287
2013
1332
1483
407
472
560
4280
7788
6697
6521
4203
5317
6484
4172
5550
7325
4563
4787
4434
5682
1298
6195
7824
4101
5167
7680
6450
2126
315
3042
304
6478
6970
6368
5486
7982
3634
6675
7939
766
7791
421
6797
3464
5071
4374
5381
1925
6633
1117
7221
3277
6795
7553
7875
2978
5490
399
159
1046
6352
2911
3788
771
1019
6643
3134
6389
1371
6671
2284
4366
6853
1867
5549
7042
723
3314
7427
3214
5940
7931
7348
6773
608
2197
7903
2057
2501
566
977
3213
779
326
6554
3491
1553
5687
1962
7653
2317
4099
325
3090
4890
1893
3520
1065
1681
3069
5911
7451
4307
6087
3874
6592
7674
5369
1259
6139
6016
299
2301
6317
3689
6072
1151
5218
1734
4903
2786
5653
3406
4014
325
2995
795
4991
6483
7361
4475
7690
7386
3696
2029
5742
6183
2718
3140
6319
4020
1868
1538
7448
6439
1639
7307
2172
648
2633
942
245
1346
3117
5546
5522
6265
1162
7269
1365
618
4036
1370
4919
2408
6526
5689
2687
4086
6804
2584
721
2046
566
1123
2194
3624
3434
7999
6114
6196
5085
2046
1663
2868
1743
7021
7103
6384
5545
3243
6243
1562
7490
1572
3619
5175
7760
2933
3134
4994
4971
6345
7533
1852
467
1788
2646
3118
3768
5927
2316
4087
3626
6424
4685
7513
3420
2097
3156
5738
5632
195
4235
1281
1246
5096
7801
6887
2899
4399
7395
679
5851
3781
2825
176
3217
1286
2904
4614
320
5748
5626
6039
1584
877
7612
1329
4148
7367
7571
7791
6866
2337
6291
1596
6835
3199
2685
2309
173
6694
5374
755
2505
2600
7493
4161
3904
5339
6278
5619
4319
657
4382
331
1459
2344
4713
3112
3072
4494
7326
2606
849
2683
3724
1655
5381
2280
7685
5287
5473
6807
7257
6711
5764
723
3580
2854
3553
7974
386
2301
4180
331
719
5144
6850
6751
5119
4570
4038
3733
452
4713
4251
4570
6510
378
5212
451
7710
4847
1879
6308
518
923
4763
707
3393
1441
2806
7153
5677
7831
4473
776
2040
277
5651
2045
1963
5722
5760
2004
7232
1565
7768
3820
1082
2696
5442
394
4191
1988
511
6919
4756
4388
4446
5317
3494
7416
2684
2527
4271
1179
7561
4748
891
3903
7661
3133
5372
6240
730
5026
2170
2289
6043
4517
586
3533
1770
6709
5024
2358
2200
5715
7217
832
7247
1270
1151
2976
5013
1684
5463
2595
4833
5179
1339
1675
4512
3426
928
6813
4471
1354
7908
3022
7319
2836
7603
5180
3490
4203
5577
7237
4046
4061
3695
5230
2400
6518
6949
4046
642
4612
5360
293
1769
2836
6210
6925
1747
7039
2258
6234
7777
787
7380
6260
2649
716
1195
7532
3487
6056
5861
5359
3759
1347
4543
4274
5390
2430
2594
6750
5574
6143
6183
4917
2441
6797
3678
5372
1308
3227
1789
4685
560
3931
4359
7487
4443
3565
5163
289
4191
583
6425
4325
4189
1374
3605
2745
5921
2887
7899
6655
6766
7230
7066
1459
4551
5973
4167
1518
1674
5553
5353
7934
2019
1835
205
6228
3182
7966
7522
4638
2291
6523
4497
2628
2172
6758
4435
3206
7251
7289
2862
5774
4021
5389
5978
7538
7079
4778
5359
1331
7070
7138
7432
6267
1006
2284
5883
7148
255
3947
4014
7776
3705
5164
3215
6573
2148
7861
5029
2010
1426
3220
1229
5437
606
5833
4611
6426
7735
6440
3283
3730
824
6160
2270
3316
6252
493
2881
1641
1012
2340
7186
2059
1138
2761
2156
754
760
6858
3900
3878
4340
5145
1328
3031
7383
537
7780
4289
811
2829
3406
3489
1858
6706
6681
4500
2768
984
6387
6303
6483
4670
70
3423
5493
4345
4528
5013
5298
7170
7434
2892
3553
2444
7301
181
6504
1700
7398
4639
3857
709
340
5850
5990
4167
7365
6120
4031
4204
498
2739
6722
1794
5591
1875
1662
1341
1262
1772
3505
5525
6966
4501
2354
2557
3217
3508
6401
5217
1151
1148
4050
7009
967
1748
5376
2137
3906
4779
4854
6342
3004
3741
5474
33
322
288
7772
1308
1576
5061
5063
7509
3617
2610
1961
402
262
2225
6443
515
7868
7588
5937
1521
2577
931
5476
5215
1091
2235
4562
1972
4011
6205
1424
1293
548
7492
720
4845
3317
7632
3711
4499
5748
693
4750
3334
1141
6297
3180
2388
1349
5534
389
7305
4288
1958
6688
1829
7746
6239
5108
1969
4647
6553
2328
3590
5072
6747
1685
4517
1360
3880
2472
992
7121
6049
3317
2927
3850
7777
1339
462
5009
3596
4399
6881
6242
7268
6
7775
2638
5351
3398
1112
3546
7222
7160
258
7198
4534
2279
5043
3052
7398
3633
4059
5664
3285
1707
1377
2828
2523
731
34
5733
7200
1906
6423
5440
5615
845
3758
4402
5431
2544
2312
7569
1173
1989
6295
3971
1714
3131
6831
1636
4454
1580
1642
4243
6308
7503
921
1977
7313
2699
5039
5790
5166
7834
5204
4978
6313
1659
7080
1244
4874
4472
4715
2121
1533
2108
6787
5214
1043
3160
7700
1735
6985
7686
7245
6228
7443
547
1030
4843
3412
7424
4616
2753
6512
2186
4362
7911
1293
7785
1084
2084
1463
4131
2838
4187
4481
5495
7962
4978
7018
4727
6528
4092
2901
3569
2606
1275
4002
7587
5309
2545
5114
143
3891
5608
3699
3125
7462
530
4104
22
3333
5129
1474
233
3039
7051
2931
990
2314
4453
7319
466
596
6671
173
335
331
7211
3037
2219
32
6093
1879
3015
999
46
53
4508
322
1123
6600
6098
7008
6486
5277
1107
746
4396
5220
7008
7779
6198
5917
5981
7862
5137
6917
4244
309
3586
5325
348
5376
389
4699
4305
1699
7176
1735
536
7253
2
476
52
1499
5086
7750
7652
3721
679
7297
4903
2715
4836
1925
1499
2494
2625
6724
6750
4758
4178
3161
1241
3712
296
5859
1568
4322
5145
1662
2430
3151
6452
7527
7305
2389
19
2963
2610
4749
5912
6989
3617
6438
5997
2307
3183
1654
3045
7977
5760
3260
281
1699
6247
5274
1054
4873
6952
5860
103
3817
7988
2936
7018
1857
2727
404
2543
4489
7602
3203
7545
5981
223
5517
741
2123
1211
4303
6238
3700
6098
7447
2197
7051
2817
4437
304
556
6789
6112
327
650
6872
2947
847
3903
7663
1266
2477
448
5301
7460
2451
7727
5073
6316
4436
5958
7137
1686
1167
6843
7457
610
1540
7327
640
7797
5145
6928
6764
7516
3007
7609
4517
5209
4888
1005
6917
764
4879
3886
2667
2251
4496
7752
929
3203
11
3099
6968
4992
2581
5735
391
7706
1689
5083
1613
5166
1364
7180
3185
5133
3869
2521
784
1590
594
450
5330
5017
699
1072
7040
3597
3459
1981
3404
5581
4494
888
5147
590
6112
4081
2264
6769
6636
5696
5011
1565
5958
4234
3627
2157
1768
2441
398
5051
5285
7135
816
3623
7753
5910
4482
258
3637
1347
5875
2801
3729
5548
674
2752
385
4963
4086
1008
4637
2656
4080
873
1478
4353
6301
6538
1079
7839
1865
6826
2031
6768
5812
4079
783
3114
4431
2532
841
862
4933
5337
39
3861
5887
4520
5252
373
5795
3395
7580
35
7468
7880
5456
4945
7956
3705
4051
1577
7519
767
1451
1678
5034
2053
4371
1214
4861
2082
7174
6880
2226
741
3030
441
6293
1145
3830
2992
4947
4829
4782
6537
7794
4797
3298
5059
6353
5377
3868
5488
6124
7923
3876
1971
5226
5136
6732
475
1994
1344
5457
6736
4058
3907
83
7424
3092
7713
905
5981
2764
4304
5026
1563
6908
6430
955
3098
806
5652
4007
743
5994
1188
7007
4347
6633
5926
3538
2770
7239
7602
6537
3364
1599
409
6840
2573
4456
3866
5712
7381
431
5210
6394
7175
2359
1255
6744
3467
348
1897
2601
7927
4500
241
4047
5095
4378
2481
2884
7181
6770
7867
6568
1925
5985
7174
2485
4827
6402
483
5335
4740
5104
5569
2475
6781
7034
2190
2960
7473
1736
6310
1562
3820
4787
3248
115
7559
6124
5655
4329
6536
1806
1646
1252
7573
627
7643
5099
5057
2062
3641
3567
1020
1173
7723
5322
3172
5850
7472
4540
4047
1808
2443
6408
1827
2034
6913
5311
3471
6789
4214
127
7871
5843
3478
3590
2050
3336
5015
2225
3046
1440
7563
7502
6388
6026
3741
4181
1006
6449
5442
7100
7310
912
7628
7955
6587
4391
7331
5856
4921
4681
5682
7535
1616
517
1387
6927
3045
7575
6310
7788
5145
7319
967
2776
2758
3938
2639
7131
195
513
5965
1958
2500
6514
3641
764
2360
5480
6594
2576
3648
251
234
4227
5189
5948
3276
290
506
3793
5905
273
1863
2032
4938
4984
4960
4902
5929
6792
4232
6361
7939
5994
6688
5356
7503
4381
4518
4176
492
4114
1793
6340
4097
7943
6426
498
438
6546
3297
2115
4699
4571
3631
3022
3680
5324
3236
966
6617
2941
135
4710
5780
7032
4900
5662
5544
6300
6154
7088
166
2301
1360
796
4624
7594
1855
696
5612
3602
5357
3352
6105
4241
6938
7706
6475
2528
817
3842
3605
3617
2001
7855
4375
4156
3030
4451
745
4200
4916
1965
3433
4975
2148
3586
97
4680
6107
5955
5766
1843
827
4170
5409
7235
6664
5808
2446
2580
7190
2461
3753
3457
5770
4138
1641
332
7987
5101
6335
3754
4461
4573
7255
1789
5673
4061
623
3188
7799
1652
1192
6809
5586
5369
5602
310
3747
2196
7774
4920
2660
7390
1670
1323
3404
72
6330
1744
2188
3182
406
5212
3756
3724
7690
1596
7992
5802
1107
2372
6698
3398
363
2844
6427
4404
2446
1980
7108
3242
4647
5336
354
5608
6850
4514
3335
3980
3432
6189
3626
3560
4876
7245
2895
3183
5548
7200
1590
2042
2023
2668
3268
1061
4587
7500
7079
6823
3808
2777
6604
7101
5552
3217
1391
2057
4257
4656
7204
4816
7351
6901
1492
4874
3668
1560
3434
5607
1847
2546
868
5049
4464
2398
408
4416
516
5610
4688
182
6098
4476
4461
1504
1054
3402
1101
4489
2334
5026
1515
209
3326
6952
760
7531
2264
7154
2966
7715
6115
6984
2824
2848
3926
3459
30
5733
4424
1432
6347
3782
2619
392
5528
2286
1151
1742
1539
2463
6063
913
3139
2386
7705
6822
4897
7422
5558
6036
2033
2210
3141
7083
670
6877
3781
5291
1736
2002
4614
4660
6675
1897
5497
7674
1288
139
4951
2856
4239
4605
4635
6279
4056
4771
1063
602
5669
6358
3743
7160
2435
5711
7534
4734
4081
2895
4798
7894
2178
3960
4098
4469
4620
3345
1598
3956
7156
6042
5014
2158
5357
5614
2835
6458
2407
7349
7199
7821
4878
4333
6205
169
2920
7379
2301
6392
7392
6805
384
7722
6007
7444
202
7018
1345
4134
7643
1054
7844
2543
1499
609
3440
510
3116
5251
6854
2065
3877
6327
103
650
6978
4848
7769
7875
2096
5424
7406
5615
371
258
5714
5333
3956
1343
7835
2602
4920
1837
3000
7938
2503
2896
7109
2579
6445
2404
7207
1938
4095
5409
7224
435
2949
480
7125
3634
1695
998
1859
6913
2793
1344
5568
1096
19
1474
1281
1019
4794
6580
6817
2768
3185
89
2555
1981
5325
2582
7349
87
5938
4114
2407
272
3646
4912
3082
4115
2203
5857
2803
4931
662
6616
964
5700
3789
4440
779
5596
4404
5108
7880
3955
2137
7602
5999
6099
6780
5371
4722
2275
2283
6347
2636
6385
851
1838
5302
240
6570
5477
5407
5547
6110
5294
4855
1038
7094
7491
4486
2276
7258
911
7014
2787
4606
7945
1111
1863
5964
7677
3148
7646
6154
4802
7024
3282
4014
1394
1389
1990
7441
4567
7596
7813
7775
4264
6102
7054
1842
7129
3836
2630
2228
6280
3776
6457
1619
5182
665
7228
3023
1770
487
7058
2814
1203
7463
3666
4839
7749
5788
7111
2656
3942
40
1144
6393
1046
6718
253
7497
3993
7530
7814
6200
5942
587
4326
699
1176
6155
5804
7831
5265
1832
6501
1924
2076
7673
6710
7560
814
5198
6179
1996
3899
2446
2141
6391
1113
1927
1468
5856
4102
1476
6436
7725
3998
5794
6033
4222
4388
1695
2800
3430
2735
5230
4991
3303
4150
1082
7980
1586
505
5656
6306
2422
7877
5735
2861
2253
7900
4090
5174
175
6365
7404
5727
5632
2205
119
1072
7079
2010
6933
7744
1140
361
6046
142
4226
7795
4142
5789
7364
7274
6440
5663
5610
3885
1353
700
7242
4747
6268
4549
2769
6967
4002
6260
4719
275
3149
2210
7534
4834
6335
219
6301
2092
743
6201
5998
3994
3373
1376
7597
1635
6365
1417
1791
3742
2446
5930
7374
7407
3
5092
7224
3382
6579
4782
3099
5766
6401
156
2799
3446
6178
2660
4599
4040
5656
3740
4178
5171
5494
5104
1916
6991
2565
6792
6936
912
3006
3318
1312
3238
1992
983
846
2049
762
841
929
7346
866
7902
7746
5944
585
1713
1089
260
4166
5135
4843
6682
3178
1842
2526
3391
5346
2370
2159
7545
6272
3522
2470
5906
4765
5858
3231
2062
739
1998
1955
3431
6091
6632
387
1404
2770
766
6476
7977
1936
1138
3887
4026
7523
4766
3472
6387
1237
4211
4812
1762
4930
55
462
5417
2738
1723
3019
5485
2881
4561
6392
7014
7215
4992
6887
6920
4585
7679
5035
5379
5342
583
5444
3442
6251
6112
3044
5956
5699
169
5104
1828
4617
4904
1443
2967
3514
760
7848
7029
1821
4931
6115
7076
416
2583
1966
3583
2288
6509
6154
4702
528
2844
4598
4081
2579
7202
1612
1534
3210
5648
7503
3457
4194
6974
5724
397
6953
4894
7365
7988
2195
3112
6896
2767
6626
1780
4284
2524
3556
347
292
3807
7418
866
850
4278
4355
4430
7098
7968
4958
1176
2988
7285
6986
2231
6505
1395
6282
419
3358
5263
7762
6274
3739
3623
5746
4401
4855
608
2264
857
571
6810
304
870
244
7871
422
707
91
2832
2309
6997
900
4278
1784
6392
1852
4214
1806
3428
6134
5321
2331
2893
5786
5643
3562
7377
3921
2772
118
7010
6072
2652
6210
2979
4896
1004
6932
7282
6444
7235
6223
7350
1691
1518
1327
1445
4512
6968
7014
32
6076
4168
6055
2943
257
4636
5481
4588
7115
2660
6501
4024
6124
3860
7292
6980
1459
5883
1679
3072
4174
5982
7667
6171
333
6678
5647
5825
6260
2540
6667
7002
728
3997
3279
88
5419
1863
4943
7456
2835
769
2431
3066
2754
6394
5408
3006
2771
3097
795
1836
3888
5766
4914
4624
1045
5190
652
5834
2650
5832
6379
34
4875
1550
2877
649
1042
396
2292
6531
7809
4081
39
1264
7909
4057
3471
2780
7
7669
4843
4665
1308
7147
1358
1161
7557
6878
7088
3266
6524
4759
1630
799
2735
6464
7072
3283
6019
4956
4787
4036
7699
2045
5800
4406
5237
863
4115
3885
4500
5207
3728
4873
7183
4530
2574
2667
1354
826
76
6945
2886
3906
6151
5233
7596
3613
1333
83
6895
6700
4564
2094
490
5176
5614
6196
5273
5242
7461
7087
5528
3590
6649
146
3125
4906
3994
4395
893
879
6432
3314
1906
5768
5438
7496
4610
4681
2895
792
4468
755
5865
5009
1257
6120
3164
1371
5313
2468
3902
1581
5775
5752
5409
6533
6069
2878
2367
2049
6190
7777
4811
3692
817
1353
6258
5919
1213
6118
7391
5788
4063
3016
6998
3724
2217
4240
4237
3055
5202
648
2427
566
5319
217
4551
1397
6212
3264
7048
6964
1795
5772
6728
6404
2243
6960
2815
109
7790
4188
6071
635
371
577
5346
2121
4648
6866
3390
4858
4539
7009
5216
3099
5566
3751
1094
6955
1946
6365
6615
7489
1056
4851
6524
7867
2133
6285
6384
2928
4718
4920
6316
1023
2358
4126
6640
1128
1033
166
5722
4782
4119
4185
3071
3387
514
6704
5813
2967
4240
1638
2048
925
3230
7184
2954
6607
763
29
1890
2395
3071
5935
1974
664
364
5918
6471
4004
3267
5165
5552
3997
1612
3762
1590
7433
6256
4203
4403
6586
289
4058
6156
177
5271
3538
2549
3919
2229
359
4474
7430
4757
5903
6483
426
1632
5053
6499
274
655
3898
561
4836
4204
1356
2951
6375
6390
2485
3197
6735
5955
4905
6891
954
4970
4491
4422
1001
4040
2679
6340
1349
7505
5673
7303
3129
21
3262
5786
3626
7452
4057
1752
3654
7610
598
3871
913
862
5012
850
569
2423
6956
3183
5351
4877
6876
4002
360
7731
764
5848
7590
6395
2197
5639
796
3957
6817
3599
2816
5936
7496
504
6605
6099
7138
7232
2046
2570
4876
5461
7934
7285
1612
3825
908
6310
5170
2189
1478
7607
7982
5112
3304
218
6253
3716
4054
2849
4276
7640
1323
7504
2453
6712
7497
4148
4419
6277
3929
7262
4161
7915
6427
2252
2664
3769
6556
4876
656
7136
4419
5905
5075
2932
7635
2412
6591
7951
5209
3170
4495
5268
5682
938
3811
4827
5488
2099
4278
2255
28
5644
7467
416
1022
2319
3306
2031
6593
3121
6075
5556
7327
4808
7590
4321
2665
6780
7076
2005
5225
4686
5850
4307
3080
7237
3190
2553
2039
2777
3519
2083
2625
7539
143
2184
3117
7879
4033
556
788
685
91
1104
1519
5991
2543
7244
4564
1076
7933
1931
7721
71
6461
6704
5519
6608
7958
730
635
3302
680
3715
2197
2942
5769
6098
4626
2763
1530
5874
5891
832
2408
5377
7400
3731
4209
422
917
3528
7614
1432
1064
6879
4904
7572
6117
2262
6343
797
4909
7620
3051
1134
1309
7947
2383
33
6568
7108
3007
7071
1007
1667
3962
3834
582
7877
4536
4579
2927
3514
7820
5000
855
5927
4362
5196
7199
267
1945
3575
2584
2882
3582
3153
3965
6391
6078
7622
2576
3749
3625
7633
2186
4403
214
922
1220
907
6558
7046
3166
3904
2517
55
2959
5285
6524
917
1699
6435
4117
1399
3578
3144
2183
4852
7888
125
2225
6420
2325
754
6817
701
3927
7387
7906
1780
5268
7406
2723
5387
3064
2199
3714
3432
185
3864
7518
95
3469
4937
6273
658
4774
7996
5190
4011
2765
4072
1448
3649
1706
251
3923
785
332
3490
4179
5136
3493
491
2918
3264
6464
4008
6811
7536
6985
7401
2623
4278
2711
5745
2640
5072
7588
2316
4666
1850
2802
5957
3150
5453
240
1829
7944
4753
1140
6156
1413
7173
6385
1788
4606
5237
7373
6038
530
56
1923
5846
529
6884
7159
5594
1965
6853
4986
5887
4210
944
3411
2656
4214
3672
3731
743
1271
4140
2471
4722
7501
7807
3656
7429
5846
3830
6370
2382
7665
843
302
775
4508
1925
1062
112
1538
1646
2079
751
3967
620
7470
5539
3777
6559
952
2430
1866
5600
3541
2669
6032
2742
2194
1822
3968
5248
4408
3757
6388
5015
3581
2326
4440
7701
1061
1923
4197
1649
614
1995
7943
599
6464
5460
4561
312
2717
2755
970
6022
6548
7542
1235
7426
1166
5081
2680
2195
5532
7232
5468
4074
7865
7308
244
5904
733
4206
7509
5736
6316
2528
2047
5014
7297
1083
1938
1171
5072
6194
6692
2205
2655
484
6313
3288
2400
4795
6553
3811
6174
4057
7240
3969
3158
7123
6616
5773
1573
2886
6208
6437
7716
6533
1646
4999
4420
3274
7553
580
5967
5964
5652
5575
4944
5535
7033
3238
3450
7471
2918
4245
6001
6722
1599
6218
3210
5831
4016
59
5066
2990
7021
2763
3812
2194
6131
1393
3181
5431
5136
936
7632
1470
7689
2140
1609
6742
3103
4892
3362
83
7228
1642
4053
1614
4159
5893
166
7740
1773
1005
7133
5588
1324
2739
997
3335
5854
1622
7507
2720
4103
2936
3997
4972
4689
7009
427
7845
4485
1169
4015
1660
7763
2903
5454
13
2684
7465
5173
3954
5662
7086
717
6891
7227
6253
7851
4181
5770
615
4597
7670
1292
7456
268
64
3383
3635
572
6141
4871
5918
4080
3467
4891
7504
2687
4579
6287
1628
7665
2853
1412
2158
320
3643
7709
806
945
6583
511
1794
3952
1236
7686
6531
2830
4092
229
7426
2887
5366
3267
3894
4407
6234
952
6496
6587
7100
508
6789
5793
671
344
7106
2256
785
1352
7735
886
5180
2772
7464
5986
2639
6912
2061
6389
1774
3437
7864
426
4278
7706
2636
505
5233
4629
2579
3771
1102
4422
6068
3617
3852
5840
6897
2098
3922
5542
7516
4397
7553
3835
7005
4624
2029
1252
2367
2610
2452
2841
454
1343
173
3649
7295
5476
1385
6026
5314
7946
1823
5966
4101
7805
778
5535
1446
493
2113
3191
160
6183
5454
1584
5699
7234
5966
918
1985
6770
1409
452
2062
1149
1867
7421
6887
7783
4006
2662
7820
5241
3972
5193
452
5022
7542
7727
3273
5108
3662
5852
6256
1418
4321
1030
6106
3018
7804
5119
3250
5976
2092
4471
6400
6246
7066
7828
5164
1234
2360
924
6626
3429
6266
4430
6353
549
5947
34
5779
413
5692
1473
7574
3849
7775
3580
2876
6017
4017
4740
7834
328
5720
1982
7220
5703
4981
2524
4676
1989
6037
1049
5603
2501
1264
1888
3023
5345
2634
7797
5917
2133
7581
1574
5730
2003
1971
4890
7108
5189
6910
4803
391
7893
5314
1693
3195
1679
7113
2969
1618
3749
4365
225
2684
4348
5252
6396
4240
2563
3644
16
688
7107
3229
269
5273
667
4299
5128
7004
5316
5127
4772
126
883
4976
6390
510
623
5419
852
1507
6140
5401
6605
6323
2407
3192
2032
7624
4487
3544
3482
6763
1616
1489
950
2239
4151
5382
998
2866
1109
1484
7995
774
5711
482
4674
1582
4721
548
839
6681
2350
5037
1448
7016
1767
3568
3909
1226
1638
698
6473
7027
6867
2052
7208
4521
5868
4759
3064
672
956
1066
2800
671
3044
5860
1399
2261
7295
4203
3469
7319
3381
1476
6067
6979
6548
3230
764
1409
983
5113
6882
2143
2277
4969
4327
749
1671
7008
5287
216
268
338
4260
5877
312
2145
4237
1977
596
1415
6285
1230
6754
6286
2212
4587
2777
6082
7987
4049
4486
6417
4185
7808
5287
163
6127
3900
2179
4582
3432
3094
2762
1449
6017
1974
3941
1970
306
5535
2707
803
6232
757
3472
1621
5407
373
4209
7229
2908
2370
5930
1095
4613
2807
3150
2161
247
7485
4454
2788
4056
2818
4659
6680
684
3227
4167
7139
7186
5624
7364
3406
7476
3323
7432
6681
1757
6672
3864
2432
6207
689
2628
1471
3417
427
5709
3342
4158
346
7038
4672
5276
1591
2976
5877
6160
7250
3946
6083
7978
4630
1354
6984
6035
2718
4078
2191
4296
3869
4443
1541
404
7927
2632
4120
2328
5140
2056
1241
1678
6572
1292
2478
6781
3505
4842
6083
3221
7596
263
6832
4898
2462
1819
4375
7484
728
6733
3337
5179
6278
6386
1935
2682
235
6985
3115
6190
253
7411
3582
3946
1185
919
967
922
3232
4967
3835
4347
925
6008
1296
3568
5764
5084
3025
2489
1031
5145
343
4031
7322
4135
4571
7737
7098
2060
6557
2810
7750
1927
4026
3177
2144
2416
3215
1164
1739
6450
3861
3218
7604
6334
618
371
2501
7969
4784
1084
605
5665
3268
7294
7848
6348
4829
548
6300
7120
3820
7775
143
4535
5824
3555
4132
2240
5429
1935
3593
5606
3933
5688
6917
3635
7652
7556
7575
4382
1500
4476
7652
3831
6095
5129
4369
6885
4837
201
4051
2946
3114
6197
2243
663
1736
7291
4813
7051
2346
4139
6796
1730
3302
6480
4485
2685
3621
1150
2917
1919
5224
512
3771
1866
6637
1731
3503
3962
5421
815
7363
7615
53
6476
4247
2412
3546
1667
4971
762
4574
1977
1652
7009
2070
2968
2265
1732
411
7492
1463
5752
4298
7055
1648
2610
4668
1811
5433
1065
4857
4866
7380
7011
5584
1932
3522
4407
6975
1025
192
5842
6502
2152
5184
3796
2654
6881
3281
3507
1931
7103
260
1755
7407
3104
3108
4803
3370
3081
4669
4672
2441
4935
3303
6856
4025
241
1924
238
802
6527
3330
2670
6456
7016
7992
5184
467
7300
5159
2838
7969
6165
5704
3036
5830
2572
4534
790
4172
2310
576
793
3571
1727
6302
6332
2323
561
2788
5747
3743
6926
6577
4440
3172
7412
5102
3386
1286
3089
4072
7152
5784
3122
7810
1014
5306
3355
283
5945
64
5409
4506
7433
3599
7304
6917
2276
5606
3210
4251
2607
3897
2287
3068
518
3624
1295
2336
7711
2324
5595
4908
5431
7159
5599
6527
4339
623
6040
6014
1519
6087
4265
3285
5463
1685
5816
3615
2914
5298
3716
1920
4334
4922
6505
5734
93
4508
5068
7443
3190
6563
7167
3643
1322
13
2199
4732
7040
1874
1985
4424
916
899
4222
5744
3426
5226
6807
1358
304
5951
3435
4606
5024
2465
5615
3622
2888
6027
677
6417
7182
5104
4693
7124
7877
1460
2198
779
4948
4444
3758
250
5477
2074
7717
2741
5996
2408
120
6007
5951
820
5280
7957
2541
4074
7275
4882
1138
7291
4159
401
3892
5932
4627
2443
1569
6064
6536
7016
5996
411
4762
6089
4515
10
381
6687
7572
5656
1837
596
5567
2034
4122
3629
6851
18
3285
7506
6975
3125
1970
2643
4422
1772
3873
5063
6716
1765
1749
4605
5554
4490
1931
7469
4081
4065
5972
914
7643
1547
4181
3059
3055
4271
4689
1450
449
7843
3425
6318
1526
5466
1691
5971
826
6180
6812
7908
4995
2186
4138
6804
5504
7935
6554
498
5524
6433
4714
6092
4497
4634
1675
4022
1002
212
6772
1588
2281
871
6452
6632
6528
581
2168
3736
2751
2105
2591
1243
500
3434
7946
4673
2837
7456
2109
4824
1506
1526
3717
4673
7566
6556
2304
5207
583
7271
2848
2044
460
2035
408
2141
6764
3060
5693
679
3224
5612
2472
3095
923
7954
2574
7031
5866
285
6486
2327
6703
7159
7212
6754
3222
5940
7374
4639
5402
1922
5774
7248
6937
3090
4854
1604
6074
394
3349
6890
6262
1029
4390
3771
4401
6227
7136
7741
7377
6957
5499
2205
4111
7352
7289
7321
2956
6682
3790
808
6733
885
5685
6111
4736
6547
1395
3267
2543
3025
5339
1460
1390
4366
2624
4454
