580
6207
652
155
4314
6114
3738
6543
1905
7189
572
111
5231
1746
2532
2972
3556
7494
5344
5828
6182
1672
7768
7340
449
7528
4796
2597
5913
3580
7674
4637
5420
4955
1259
6906
7837
136
1492
396
3675
5296
2523
4051
7214
2751
7350
7386
2491
5580
6328
7359
734
7428
3107
721
5009
2563
2395
4776
6817
4901
3738
2819
843
2028
3441
5088
1498
1150
4774
5715
987
1066
1688
464
4221
5663
4226
275
28
7001
6152
23
3760
1230
3496
3705
1251
3608
4308
6757
1494
4823
2744
3977
5089
1402
4483
5720
3441
529
7838
5894
849
6483
7348
5863
4824
1113
1576
7606
5506
5281
6246
6064
7146
360
1444
2259
7860
5550
4786
1383
6882
2999
1820
2869
930
4483
4077
7723
6577
2243
3524
5173
6210
2073
5904
4182
968
3998
6313
417
6033
3413
4947
6356
4509
3781
7939
3012
1472
752
7704
7736
7708
3613
3595
2235
2520
2819
764
3916
5283
344
4020
2644
1548
2016
6568
3002
3421
1932
1595
5912
1835
5857
1243
3180
2387
4700
2774
7946
3302
2061
4375
2758
3615
6028
277
4667
6617
3152
1200
3642
637
3241
7770
7317
4242
3051
7022
2419
7104
308
7917
2168
7688
2594
2713
772
571
6380
6990
6638
7969
744
1178
3956
4283
3445
1262
4546
2164
2072
884
6379
3744
3712
194
7396
3778
449
4639
7331
7865
3059
3880
7117
3338
4122
7198
102
4145
404
2441
2459
2860
571
980
6974
1471
5992
2648
6908
1096
6808
4974
4224
331
5631
2091
7864
4180
2102
6185
4908
4791
7562
5780
2924
1590
7184
5759
7520
4181
1973
6885
6974
3300
108
1637
2192
4243
3134
6874
5385
3333
3684
688
6736
3239
6789
4192
5665
879
6132
6084
3256
989
5765
7492
6319
3193
1798
4819
437
2450
963
3449
6852
5577
6534
5753
5698
6771
7729
7895
2907
4333
2469
4243
4025
5082
473
1966
4731
69
7160
3751
2504
4175
4517
1870
1230
2903
3165
6750
6894
4861
4141
6601
7898
7132
5362
3000
5068
567
6814
4056
798
5382
2293
7092
1566
5199
4738
318
262
126
4860
7739
1432
1875
4929
5707
1123
7903
1942
3483
3835
3544
7796
4461
7938
6547
1722
4275
4016
7972
7781
2561
7932
3573
6260
2100
6757
552
6559
2003
4942
5874
6260
3031
6724
3683
6090
3163
6276
4420
842
3375
5306
311
762
5810
5254
4847
2914
7927
7344
1107
4088
6901
4027
896
7943
2063
7042
3115
5734
1633
2314
4409
7728
6881
7619
529
7614
908
6218
6962
5121
4237
7383
2748
7821
3236
6422
3393
4129
3139
6622
425
2336
5085
3539
5656
116
6980
6323
2400
5240
7268
675
5642
6255
1194
2994
7463
2469
2040
4829
2631
4526
4103
769
6379
1846
1419
7305
2444
5888
1851
879
5733
7697
5860
5883
4995
6308
206
320
2248
4238
1312
2949
4615
2416
4742
2087
3198
6562
3522
5124
6430
952
6030
2322
4582
493
6396
4756
706
7908
5936
6258
7590
2490
7309
7411
3230
5321
4470
529
2285
5187
402
624
4961
4341
4731
3503
4100
1374
3729
4559
5437
6869
6209
4034
3192
4461
6438
4999
7610
6423
6465
6875
6427
7634
7088
4699
5674
7629
2266
5939
6159
633
1558
6062
1140
1289
7493
2498
5480
7794
5727
3773
1257
1732
5254
4948
7410
5982
2630
3761
1256
143
5322
2683
3228
2877
3363
6613
7480
416
3101
7380
2898
4153
6514
2086
6422
4221
6134
6525
2346
7681
5377
510
7390
5491
4258
1658
2321
5033
7891
6506
6169
6545
6920
4868
7319
4549
1606
38
5531
5905
4855
4033
2283
3934
5271
1944
4718
97
3201
3964
5167
3062
3679
7138
3781
1133
6523
3221
6522
7534
6449
1036
2594
2372
5502
3610
4097
1196
1280
6088
3617
3508
2048
6553
7283
3206
2665
2443
3816
2261
6312
3247
4148
892
2000
2891
3825
5861
314
1960
5445
2344
3848
7923
2256
7051
3537
854
2846
2818
6593
1499
6428
3881
155
1907
6501
4822
3773
629
7623
4368
4409
1857
4362
5388
4076
884
5217
7888
3620
7337
3306
3663
6085
5528
1280
6219
7356
135
3924
601
2095
860
2745
4712
2516
5786
5443
5501
6636
3759
3835
6679
725
7937
2953
1089
1617
1045
7626
2572
5905
6334
3800
7438
6548
6515
1684
5432
3635
5548
4082
5858
819
2822
6943
5778
3517
7402
6930
1841
3584
3431
4699
729
5473
4819
637
5161
2373
1557
1306
4602
311
4059
5078
2350
5341
3063
3181
5110
2820
5277
1381
1365
6326
5606
7390
2941
5324
1829
7897
7377
3482
5860
4842
4875
7767
837
4671
7488
2084
6744
4714
6198
4851
6266
2528
4109
2769
7972
6411
2567
7192
4529
1483
1282
4179
582
284
7188
6850
6023
7458
3465
5979
7906
6940
6739
7242
5583
5049
1180
6902
2230
906
5634
7221
1601
7538
4072
3326
7936
3987
2488
4203
5081
958
5799
332
2701
1642
5412
1313
5682
6204
6016
1638
4034
5128
1034
1412
4681
176
6854
4807
4150
5498
1358
6886
316
3082
6147
4022
7895
2854
6609
7514
3979
6554
2195
1189
2778
7436
4520
7280
3413
7906
6891
4999
5989
5816
392
5177
1211
5419
6910
2140
7613
7651
7316
6349
4904
2181
1858
4761
6569
3828
1491
80
7811
6347
6560
7036
5330
1879
6638
810
4413
80
7277
5096
6541
1275
310
6008
5422
6034
1497
652
1319
6197
1266
7729
1193
7800
3071
5851
5448
3438
813
1545
5090
1529
5870
1577
6557
2602
2649
1693
795
6528
2879
509
2797
7775
7046
3020
2967
2362
5204
2538
5948
510
6760
990
6849
6113
114
2166
4269
4083
3165
7924
3575
4944
7205
5011
6931
4382
3459
421
4423
2974
2956
6096
5691
5111
5314
4896
5118
3187
5678
7648
2388
5330
1859
4842
5786
6033
6310
2644
5613
2061
1393
7455
1893
7997
5971
7125
4243
6519
7923
1228
4898
6184
906
3831
1498
5302
7681
159
2519
4736
2162
6542
4259
5517
384
3574
5704
660
6628
6984
1642
1814
4581
2716
2446
1439
6062
236
2841
6016
4896
7012
326
3061
5513
1586
5340
2525
7600
467
6956
3607
7240
692
7134
1642
5940
3396
7156
3215
720
3654
1819
2387
7548
2588
1923
3921
1096
1630
2882
6680
28
3288
574
6908
640
807
2412
5906
4800
3422
7770
6940
882
7055
4084
6033
964
3774
6827
4807
6634
1942
4059
1022
7498
1819
7635
2278
6458
5847
409
3207
6596
7946
7343
294
793
7948
4813
5159
2305
3407
4098
279
7923
2369
6266
2974
7092
6091
1896
7324
2307
4410
2064
4202
2746
198
5112
7088
3693
6806
6854
5105
3521
453
3005
4379
1450
6131
1431
4419
7179
7373
7603
1168
6301
3571
3511
3641
1733
3033
7282
1917
3622
6509
5108
3429
1461
1325
4859
4761
6544
7597
6362
818
821
382
19
3504
3024
1578
780
6992
5033
2317
2424
6420
7582
3952
468
318
2188
7105
5313
3171
7619
1953
3337
6920
3285
1808
2061
980
3561
7037
4911
5763
2282
1443
1588
6874
4678
6280
6713
3086
3832
6530
3098
3522
7259
4267
3576
1590
4038
893
6910
6737
7862
3009
4316
4868
1964
1841
2283
4502
2305
522
5649
6019
2455
1464
3562
3253
7272
7826
7882
968
5213
167
408
1207
5965
4100
2904
5948
4115
4472
137
6102
2649
2981
6603
6637
5968
7097
4218
6046
853
5617
4159
3401
5998
4779
5007
6174
589
2497
2875
1029
1590
2450
6252
1622
6950
7705
3130
2218
7131
4338
1510
4729
4164
5169
5830
16
5142
3111
1525
7079
2911
7544
5006
5178
5404
2487
6719
1606
7156
7424
1257
3209
5184
911
3060
767
7925
434
1550
2286
5365
3338
1842
3760
6228
7277
3005
3632
5583
2136
6011
505
3378
5650
4884
1111
4387
5091
4162
1663
5580
4655
7034
7051
3196
4618
233
5362
7242
3832
780
4292
6288
4368
6019
6604
6768
2540
2505
4617
6900
413
1556
140
697
2392
6244
5010
4437
1663
3199
6724
6453
4908
3183
4481
1251
3678
5446
7586
7193
2291
6940
7356
2896
3268
6513
6057
5671
1841
4559
5563
2074
7664
1624
2763
4261
2676
1339
3772
4810
5593
4011
4237
2551
7842
5031
2318
2649
3089
3896
6882
259
1459
3322
7789
7918
4775
7475
6105
4217
6246
4683
4109
3987
7491
953
4565
6641
1203
131
173
7514
3509
2667
7467
2964
7541
7325
3092
4140
1085
7685
4080
1013
2529
2054
3636
4862
4038
4964
2369
4340
5187
1202
2940
3400
3762
1796
3901
2278
2364
7581
5381
2938
814
6564
6333
59
1539
1267
3699
1431
6508
3855
7954
272
731
1848
2608
1043
5399
6531
3549
948
7776
1614
1575
251
5556
4276
6502
4968
4822
1253
6034
6733
3721
5256
4146
6893
5764
1308
4959
7626
5683
6149
6374
500
7912
7912
2613
7003
2541
1485
7842
656
940
746
7292
5807
1472
4840
5790
2401
7407
955
4792
4945
4708
1858
6043
4068
574
6977
7758
3548
7729
2530
7038
6894
6404
5949
5290
3754
2273
2797
3990
2765
7863
2165
6735
424
4211
3342
3300
3596
2784
6545
555
1322
5122
2601
207
3598
1292
688
759
1299
554
2016
4852
3723
5803
2480
7616
6056
3896
3569
4732
4747
3061
4359
241
5947
3320
3177
542
7668
4406
4072
6173
4164
2356
176
5628
620
183
7162
312
7504
3250
4770
7660
1415
3984
2943
378
427
3409
3215
1449
2800
3011
7462
5020
686
4004
1386
6866
4113
2586
1345
1774
3500
371
1397
6008
2452
381
5589
5037
7601
899
5458
3345
3378
6781
5627
4479
3492
5953
5368
1237
4415
2722
4310
5793
5970
6252
2150
4153
2902
1774
4944
1498
7834
2305
1834
7953
4614
3022
7334
4957
7190
6650
7842
3259
2878
6360
1949
1418
7651
4325
6477
1556
1156
2513
6830
6915
3092
358
5388
1060
6727
4008
6199
1464
7205
4295
1164
5263
383
3596
7812
3060
3515
831
5038
6593
6804
6573
7075
2712
7103
3463
5075
6590
2846
7054
5751
1782
6789
1597
7907
6184
5608
2640
4836
1780
6698
6882
180
3480
5314
424
6694
5739
1796
1977
5544
2495
5384
6173
7355
6172
5741
7174
1677
2765
6660
3322
3809
3746
221
5086
357
407
7509
5076
5524
72
3992
5299
4546
7130
2678
7043
3130
7364
2454
6859
3581
6242
2269
2378
5418
1929
226
1735
4801
2018
4664
426
3556
4664
2841
6682
3504
3443
2167
2174
4437
6642
7163
2607
3344
7153
265
6695
6000
5878
5706
2707
2114
3098
149
7736
1997
4123
2528
4900
2549
7216
3813
4032
7747
1372
6529
4717
6127
5371
2039
6853
3489
3175
3589
767
4904
7518
4092
2901
1659
4675
6000
4460
2370
7729
229
4060
3155
4864
1820
866
925
4384
3971
4710
4253
6205
7214
4744
2300
4194
4961
72
7454
1585
2787
4914
1234
390
5558
4748
5236
382
7300
1295
5158
4158
7131
4836
7123
4650
7126
6708
249
7025
5195
2012
2627
4126
2256
5841
3531
7552
6319
1616
769
5976
1065
3689
3288
3370
7811
2226
990
5863
1354
974
1508
966
5517
7800
2520
7438
1039
7453
7942
2499
1275
3192
1773
5063
2717
121
712
7628
2236
7687
6553
5122
38
802
202
734
838
1667
836
5882
852
4749
1260
4506
2093
2260
5245
5166
6127
631
6666
6001
4877
4234
5691
5884
4672
1559
3089
5488
368
685
4493
5061
7809
1794
7636
146
7399
4144
5246
7870
6895
3159
1122
4954
7605
1330
4720
1366
1913
3906
1186
5803
6046
6235
7986
2456
745
5296
4270
2244
7580
6492
665
5535
7243
1765
7768
1539
4896
6625
2329
2033
7547
7589
2410
7600
4621
3971
2902
5362
7344
7413
738
4288
5434
7713
1563
5701
2483
5074
5816
6121
4935
4017
1754
6283
823
6323
5601
7532
3969
2356
5556
1621
5770
7849
6926
6590
4096
5746
7826
5719
4901
5243
5136
7126
614
3828
3736
1539
7877
2431
6473
5626
7289
566
2587
526
5132
3010
6104
6233
6608
847
2270
3176
2659
3648
4400
7873
5974
4037
163
1436
6844
3007
4628
7940
7594
5860
4720
7458
285
3228
6682
3770
2821
3801
2619
1477
5142
2037
3912
4730
5760
1662
3817
33
1324
2541
1845
444
4304
6532
6741
6862
5902
6211
4660
5435
6702
4833
592
2350
4009
557
5888
4160
757
4062
1811
6656
7654
2361
6461
5492
4929
7013
759
824
349
6285
5512
5807
2380
2692
1207
607
273
7101
4567
2478
6975
6068
3237
6
7064
2891
6520
329
5180
6065
2929
6901
6139
132
3206
2346
3630
7789
7430
6453
5130
7402
1363
1713
6444
4214
1405
5847
5865
2625
4298
5145
7283
2916
1986
952
3533
5778
1868
2671
2921
4377
6135
7221
4478
4419
5851
5936
5111
282
3564
5507
6060
7098
2532
5340
5675
6662
883
6956
7173
967
7485
7057
7130
3602
7879
7927
7838
7594
2934
2662
3473
1741
1047
1221
7314
7055
2463
4434
7461
1056
37
41
6004
1063
4282
7767
1020
138
7738
453
5111
1021
3625
7979
2026
3991
3542
5682
272
1672
3626
4191
2852
6764
1960
724
2203
7076
4249
6429
2722
2657
214
297
1138
2225
2972
7653
3066
5022
3028
5400
7834
4468
4373
4969
3860
2848
2767
6789
5510
6624
4562
2565
6191
264
5161
4124
4209
6113
7068
2619
522
5854
1197
7350
2897
7045
6671
3675
6934
6164
2955
3579
7759
3163
529
1890
412
7525
3793
2620
3398
5341
3736
1795
7214
5016
5290
5789
7909
979
5032
3482
5374
5922
6472
1002
3728
880
4928
4844
2031
7342
5080
5394
2248
1461
2958
2285
2752
1277
5225
5131
4251
2642
2716
4387
3794
20
4514
403
1466
2897
669
137
7085
5852
1451
2581
5105
5820
449
6462
7491
5672
4839
1191
4793
5416
7888
6093
1238
4648
5913
396
6533
7297
6196
4010
2117
7755
5122
4160
5028
4385
4143
5924
891
7277
5416
4622
6761
1245
3895
4506
1531
4251
571
1082
1605
6039
71
4375
2588
1667
7975
4219
3420
5766
3820
2800
2512
3105
5861
512
3398
6982
3012
2074
61
7867
6009
3131
2553
2961
2689
6941
2315
1290
2760
2116
3561
3317
2570
3910
2847
1324
89
4549
3507
6938
3488
6865
1523
3166
2688
1958
7981
62
2833
4859
6003
6050
783
4635
6592
4893
6892
4189
3214
3881
2716
1655
1426
6451
4784
717
7376
985
7200
5773
3082
3944
7609
7233
6077
999
7560
3154
5454
7822
6368
4517
578
6924
6466
5487
4667
5672
5312
7862
5738
1298
5409
554
468
3345
3057
6197
2748
5036
3006
2340
3235
2084
2443
3888
1209
6200
3557
2163
851
3474
1987
4551
7350
5704
6011
4931
223
5888
368
1525
2794
431
4927
2998
7731
3897
289
3342
5228
6228
4042
2602
3859
767
1271
4140
3095
780
3215
4881
1503
7406
5658
6383
7207
6846
2609
6127
5789
1410
590
3585
1156
168
324
800
2955
7026
426
365
1591
6582
4635
1202
7190
5673
6489
3262
4043
7940
3314
616
7705
7870
4730
493
7912
2841
7691
6377
3042
3475
1867
2066
6075
4743
1571
3266
6160
2951
7591
2359
3231
3628
7582
944
3929
2537
21
1732
6903
963
6151
1488
595
3242
4544
46
5839
4622
5201
7743
735
3063
6945
3613
6588
1447
5455
620
6209
2288
2299
37
7682
6267
965
7250
6898
956
2200
5540
6459
4765
3045
7699
1267
4744
1995
5464
7021
6509
3467
4219
4119
2506
4661
2329
2349
6663
7203
7508
6732
1762
7888
7728
3431
313
1920
1883
5454
7208
1697
7849
2249
6509
1058
6911
4958
1370
5644
6949
4387
2272
6256
3635
4053
3839
1541
5759
3215
4291
5177
2293
4469
1278
2973
2540
3107
3739
4534
6225
5611
5803
2269
2033
5219
2350
2545
5731
5119
4932
4873
7382
2032
5544
5248
7498
5321
2233
2186
1250
4348
6654
5502
5896
2065
4751
4351
1138
270
3479
50
7558
4390
2571
5145
5935
3016
3625
5921
6357
6936
7627
6491
4956
3597
3994
4153
7300
281
7556
190
448
4983
4496
5071
412
4829
3560
1888
3829
1009
6849
1578
2426
3092
6201
7081
400
6381
2284
7223
7825
3751
2974
7709
7032
5706
1070
5002
3120
3224
3598
1574
1961
5124
4279
3871
4132
3605
3329
2919
3582
4952
6278
1938
482
859
5551
7293
1494
7578
1167
2507
6748
6638
4216
2584
5155
3854
3726
3055
4004
2628
5143
526
2184
3746
7272
3966
5593
1187
1504
1613
3167
5145
6448
6039
3336
5799
4406
6383
5257
1288
3219
720
5919
2159
332
380
1747
2390
4355
2339
1079
5387
5969
868
6696
2292
6931
7725
5552
6684
1194
1186
6770
466
3514
3556
3652
1963
6206
6004
1078
1245
204
7513
4345
5241
6106
5962
4094
1433
4187
4414
916
3627
6488
5884
3129
7540
4234
7580
4130
351
4197
6248
5675
2246
720
5386
1708
2672
1864
7770
7458
7803
5685
2700
2067
7978
3173
4093
843
766
2274
975
3382
390
7057
3518
6727
3082
7216
5005
5152
1532
4683
6564
6547
5730
2282
1222
7159
7468
5777
1852
1585
5275
147
2371
2340
7446
3201
6517
228
2467
4479
5923
6854
4564
6482
435
7228
5217
2602
4773
2558
6445
1131
1295
7066
7496
355
4946
686
3672
5095
1487
2570
6741
4181
2524
122
1830
4905
7979
1406
1053
4180
6666
5543
1870
6894
6846
5223
7107
917
4151
3781
6110
3942
7341
4522
2398
1300
1339
4907
4552
2454
5743
626
3428
6269
5667
42
5981
4032
4694
5845
3009
1407
5784
3025
7378
4619
381
7610
2235
7803
1671
7125
2373
3360
7641
5857
6033
3029
2526
515
660
4329
2365
7798
1503
6800
5168
2713
2388
4580
2246
4163
7370
7103
7218
1256
6609
607
4908
2161
7297
2413
1197
1954
7162
18
7938
5046
383
5911
786
3691
6105
3400
6550
2806
3685
395
3880
1593
5399
3458
155
1018
3036
2645
6949
1951
5073
5150
1257
5817
3213
699
7157
1723
2050
5402
5548
7247
5078
72
3107
2311
4350
6362
6840
3489
1282
5622
678
5029
3021
6300
7467
2035
2982
973
2145
6854
3227
7665
3460
1960
2202
7737
2271
2131
3202
6319
1598
1252
6399
4584
4218
1399
5924
1569
2246
7455
1453
2568
5057
4329
1823
5824
1008
7814
593
4649
4673
7299
5052
1194
3821
1836
7058
4200
6423
1769
4600
2326
1013
3343
4511
3443
2979
3114
3178
7470
2117
4010
7276
3516
4498
7610
5810
5075
2200
1203
3677
7086
7516
990
76
6645
5716
4508
3284
6752
6355
7599
5021
1651
3076
3034
787
5538
1397
6331
7080
7662
1962
3118
3073
5380
2534
1826
5483
4568
3088
7960
160
3709
375
2058
1769
5037
2007
3165
2955
6834
6656
2037
6453
232
2036
5939
3901
3584
704
1796
4620
3783
3731
188
134
1452
5603
7684
2342
3023
5264
3239
7944
3143
7309
3186
1586
4675
637
1966
6480
7175
2045
1979
4383
6447
1570
4622
5501
5671
2336
5455
6502
4018
4864
3765
1029
7906
635
6124
5258
5159
7665
5900
7611
2233
7191
5210
7098
6347
4221
6159
5538
6384
3967
2550
5501
5573
3093
6748
4312
1600
4367
1506
935
1195
3344
4918
1141
6448
161
1244
7557
7352
3702
6291
7031
5219
3145
520
6316
3703
6445
1694
1336
2013
1487
5215
7170
3935
6888
2259
3086
6905
3045
3537
4462
6712
1912
1594
5456
4738
4703
5339
165
5497
5040
1563
6330
1336
980
2376
3662
5139
5965
769
3654
5193
6076
7096
6094
7185
5645
5548
6317
3526
957
1392
4932
7611
1345
3350
5605
6127
4810
1134
7456
7599
5729
3229
6794
6195
2612
7344
862
3655
2409
3938
5279
3604
528
4022
6810
663
4787
2646
5088
7172
4779
3976
676
7570
4063
3033
7108
2644
3328
1023
3496
5851
263
2860
7809
7445
3312
6542
1445
2328
4599
5884
1175
3065
1512
3956
6730
360
4357
4410
2934
680
2664
7461
6128
3588
7626
2023
7283
6380
1357
2022
866
3916
5640
7178
2003
3945
1076
4847
5957
6901
4842
4989
2760
620
4007
435
7896
3881
6301
3669
2353
6697
2774
3346
1433
4157
2895
2812
194
6283
547
7519
6683
7862
3855
4582
6078
246
4976
5998
4604
5881
2728
5369
2238
433
1710
5830
5135
7968
412
835
6006
851
5715
2910
6542
7844
4490
4451
1134
68
7125
3588
2019
2033
6739
885
3938
2127
1435
855
1897
1160
4794
5129
361
5260
3974
2145
3349
5084
5938
3892
6082
5963
7618
3785
83
283
6982
7877
4797
2055
6967
5319
7668
2311
5457
4242
4771
1199
6988
793
89
1326
4191
7684
6672
2007
1483
4383
7973
6648
3058
1534
3289
778
5155
7504
7196
5922
6277
118
7564
7815
204
2237
4450
5522
2081
7427
434
1309
4107
3670
2095
6348
165
677
7333
1223
2005
708
4390
5449
6472
2534
6071
7374
2179
2408
6953
5165
4148
7817
6206
1360
4007
863
5292
752
541
5607
6850
1931
7060
2897
7646
3304
7094
4651
3251
5831
4978
5781
7683
4391
2824
6064
3822
2622
2197
5012
3042
3836
5271
7914
2746
4098
6895
2515
6355
5741
3531
145
4537
2894
6131
4563
5160
458
214
2253
4208
6487
3950
6084
3374
1353
7293
475
7696
4734
4844
7856
4775
3333
3615
6
3497
2678
4516
5165
4036
491
4847
4761
1528
3625
2515
3821
2640
7789
7672
4088
1327
7346
7298
4898
1822
2335
6209
4799
5722
7677
6878
1463
2069
7820
7306
3522
1393
1186
1498
1600
1553
6833
2136
1937
1008
5378
555
4631
877
7217
5828
7489
4490
4168
5542
5314
7500
793
3216
7346
1411
2232
6786
3782
5639
5593
1386
474
63
3915
752
3934
5183
6514
1663
7917
4669
2178
7537
3337
7525
1397
6136
2973
521
5674
6485
652
3907
6041
7675
7962
3510
4414
1126
7407
1523
235
3549
6640
3029
6930
2771
809
5471
5056
827
7973
3824
80
1485
7227
3181
7907
5503
7925
7939
3419
7192
4895
2073
7319
767
3075
6320
6993
6691
4040
6757
2270
7410
1115
315
2483
3581
6110
813
7456
3783
2849
4150
1229
7803
3187
1078
5807
2849
3251
519
7501
3530
1019
4074
7463
3300
4972
4645
1427
6718
2206
7658
3968
2673
5483
3323
2515
5638
4720
1547
3095
91
3938
6282
3426
257
5321
909
7716
3568
2067
5888
6347
1450
6064
2353
6595
5479
1036
7700
5733
4458
1052
2436
6419
1388
2402
6771
2308
5616
6904
3897
1628
2250
6730
181
1892
803
4820
3148
7756
4402
6625
7293
135
3123
6704
40
2763
4521
1511
92
930
4446
2535
5812
4443
7785
3626
7618
4420
858
7566
7309
3306
3598
6509
1346
7953
6465
5780
6475
6871
1990
1009
221
5190
4106
7560
3601
3422
4113
1870
1717
7208
2222
6445
1134
7334
5249
6549
2569
829
6843
999
4159
7351
680
1226
1765
7374
1131
4706
732
4667
2107
7807
6034
3108
7425
4557
1646
4707
2313
269
7374
2963
5816
681
8
5382
4557
7882
2715
6536
3110
5557
6385
4256
5457
6925
4170
3209
1691
854
1911
3254
4544
6954
4955
3242
3487
4936
313
7409
3876
6042
3843
3923
7504
1008
7327
2677
3498
7004
5689
6642
941
2196
3299
349
1699
7877
7378
2317
2377
76
1600
5730
3377
6082
3475
6293
4559
2106
1465
2625
6142
3661
7369
6208
4607
6011
5907
5130
584
5607
4446
677
6114
7401
2619
4063
1503
2193
3657
3718
6668
2131
4610
854
930
1195
711
2673
3347
3645
842
4546
6219
2416
5802
3257
479
7515
1522
4057
4508
6463
7523
2476
5877
7142
5704
1661
3784
5235
6304
228
4050
5022
2244
2241
7194
3635
3329
2047
69
4349
5106
3681
7798
3348
6851
7247
1954
3403
3957
2826
1583
2973
96
6036
2960
6162
724
7293
1705
94
7169
2677
4409
5971
6587
3408
1880
4634
1352
3997
3287
1944
1170
2852
792
3427
4382
7355
707
5791
3928
6556
4310
7771
2932
4989
2803
7579
6163
3789
2400
5518
4373
6329
1346
1636
7305
6753
7396
4847
6153
5298
5776
5373
2287
810
1773
4818
7290
7784
1981
2979
1066
99
7421
1789
7094
7971
88
335
5877
5080
7651
2066
288
1174
1895
2321
5992
6624
5825
1976
4852
7950
3998
966
5820
5705
4447
6055
6395
5639
5840
7172
7152
2720
613
3913
6979
4116
5185
4993
353
6909
2817
6874
138
6114
1155
2942
4658
1727
6011
7395
7844
6154
5715
5798
7972
3453
617
6375
4369
169
6479
3229
6097
2461
6595
2982
3595
2831
7920
7052
2603
3218
1428
4396
95
4328
4461
1722
5756
66
3636
773
4101
5272
2280
5120
4863
2110
6580
7015
665
4048
3651
4286
3616
6672
5331
2511
2104
2139
7805
5695
1317
6740
4516
3359
157
5173
6464
5400
711
7986
2023
7371
6605
2302
7620
2628
2185
3293
7328
3601
7551
2848
990
5756
5460
7589
2891
4975
86
6608
4733
4236
6018
764
4512
6541
4888
5174
3556
824
1147
128
6832
7156
1091
2955
1971
2425
4247
5313
2369
3724
87
3009
7106
2229
3695
5103
7191
5453
7169
7310
2963
7563
4967
738
4592
5977
4410
3033
7578
6712
1414
7876
7222
4003
7124
4610
3556
5858
5722
446
72
3996
3651
5182
1698
5662
6481
6533
7014
1488
6790
3675
3487
1044
6098
687
6881
4152
1290
2235
1545
2664
7056
6683
485
4166
2406
686
1960
2861
4826
325
4416
5681
4328
5907
7894
4389
4206
7981
160
1495
7540
6703
4637
2619
7607
2408
7683
5269
3660
6041
3639
7762
3970
1623
5322
5401
171
1153
555
6902
5439
2586
2748
212
2584
3251
7054
6096
687
4677
4911
2927
3154
3356
6531
7236
1747
6752
4097
254
1979
7955
5629
3458
1884
3616
1354
977
7630
318
1722
4724
4172
1507
1771
1247
3069
7372
6003
5834
1237
784
811
1354
5302
1132
6689
4882
7181
5432
3340
6678
4807
3110
3109
5725
1650
626
1989
4766
4232
5094
6951
853
7832
1275
5577
7364
915
4376
3449
7390
6749
5711
7606
4195
121
6011
3276
5579
3537
5882
3441
2636
2837
3669
2562
2677
5538
2465
3722
6965
6160
6601
6622
1020
125
5354
3722
6215
2629
5147
810
1253
7622
7142
4698
3932
4339
355
7037
1565
2522
4579
3492
3860
1666
5600
1343
2111
5188
7417
3656
6353
1435
3308
5401
7372
2764
5943
7734
7272
3632
5378
3305
1673
6663
503
5058
4447
6774
6519
1456
6675
6238
5437
954
245
3823
2951
5054
1004
3436
7735
5422
4961
4584
1720
5519
4053
2293
3141
1440
2369
2439
2547
6144
992
6858
2380
3848
5356
2271
5740
1151
3679
163
4055
2327
5188
281
488
2412
5958
7703
7423
3376
2279
3738
5590
2261
2755
7257
6938
2429
50
1977
1594
993
3626
4958
1796
4245
7296
1019
7740
5877
2215
3703
3361
3633
6657
7911
6596
153
7342
4713
4464
3553
2173
2662
5675
3060
2642
7031
4410
7861
4978
2966
2963
248
5310
7128
6228
6248
1291
3983
4316
5814
2015
5188
3375
7404
3511
5895
6897
6034
6348
4019
3405
563
7825
6878
696
6777
7844
6474
5652
7575
5496
3240
2146
6797
3041
6318
4255
3472
7728
7291
2196
675
4018
2037
7100
6961
7455
2579
3998
2069
5094
7157
7118
6501
2065
1859
7947
2742
1940
5408
2490
7121
1055
1793
7559
6525
5015
1853
5892
4795
1764
3675
2854
6584
6901
4865
4528
7756
844
2913
3876
142
7980
7800
3881
1796
7580
371
6563
134
3971
1238
7373
501
4898
3378
409
4606
3067
4383
3392
967
6675
5138
4922
7681
6759
933
1039
1846
2644
1330
4297
2925
1011
4314
2154
1486
3108
2987
4014
7093
7736
6848
1188
3782
3549
2527
1460
5948
3999
7547
1099
565
2855
3838
662
1300
5366
158
3688
1968
5320
2444
7885
7531
6411
3027
3945
1189
4959
7624
615
7335
66
2027
4532
3535
7142
4404
4872
255
5100
5908
3188
305
626
2750
1645
937
1467
6438
7086
3806
2409
921
7173
1657
7820
544
5922
5046
6459
2158
3100
7402
2311
592
2576
5405
4832
3943
459
4325
1098
206
7634
5700
7200
48
95
7461
5276
1119
2772
1792
3904
1053
834
6842
3187
112
278
4153
2634
5982
1611
3096
5153
2293
3272
421
4039
1971
3240
7895
39
4176
5934
1421
4364
2320
2053
2041
1759
691
1086
939
296
6604
7515
6748
1454
1749
1230
3
7336
1958
1451
5666
1994
2854
7004
3962
440
4128
4399
4686
3619
7303
7159
6766
4499
13
5419
7223
5866
4509
4705
7965
1664
5502
477
7260
478
2325
2324
5114
7028
3361
7725
7941
1758
4894
2041
1546
5687
2156
91
1722
6987
2927
51
3973
7634
1816
870
4190
1120
2754
556
1266
4522
5759
2302
5094
1693
7119
2202
4439
3978
170
5075
6742
5885
6400
99
2342
2114
1157
7556
7207
2845
7370
6893
4137
3477
4600
5027
640
1629
2813
2140
6901
4274
4126
1786
4646
3840
5961
60
1297
787
647
6959
5934
5755
5702
1192
7703
7926
2106
5679
7097
7323
1289
3658
5519
113
6366
7763
1811
5310
4079
6164
7381
3630
2986
295
5392
2941
3057
5920
6763
6015
1528
826
6750
4005
927
2917
1238
3575
4844
6703
2311
7229
5631
1279
6756
5403
7708
7449
3562
75
7107
5682
6708
292
6576
1875
3134
1390
2832
1920
5018
4449
115
2676
5462
5556
6916
976
4244
5215
1730
6719
93
4790
7782
6361
795
1395
1731
7534
1449
4345
821
359
4118
1003
5470
1261
5559
2628
5237
701
6731
4215
669
921
3746
2439
6979
7102
3606
7193
564
805
6776
6474
1866
4800
6280
5753
5930
7197
1699
7581
459
5696
5153
4823
6325
6924
3722
