7862
4816
4912
5010
637
7765
6404
5227
6286
116
5510
7316
2355
5923
3545
7070
6039
5992
5370
1866
4517
1675
2610
3168
4843
4267
1608
5557
1893
2337
1299
5351
3393
5289
2399
3889
717
5625
2335
7686
4700
4512
3661
4883
5721
2836
4696
299
2160
4686
5771
4965
1749
4503
6880
2105
6231
120
2879
3247
682
1325
4862
7730
6262
6830
6447
3048
7612
5449
5366
6898
5904
7285
1481
5655
6844
7290
872
967
6522
2642
2167
5764
143
1332
6473
4897
1125
7176
5490
3837
7017
1774
4678
2480
3104
6643
4563
976
160
6016
1631
1264
473
3089
1833
5422
3074
7900
4849
2472
7888
4595
7699
6950
7736
6052
6176
3679
3971
3879
5930
7461
947
3
49
844
5836
385
1842
3854
2660
7751
3169
1649
3142
7527
1460
5066
3140
3816
1541
6327
2494
6345
1496
5801
3084
474
6143
954
914
4198
1501
6311
2874
3663
378
5096
2271
4354
4502
4433
7796
6290
4868
4768
2187
1179
6201
7144
7270
6171
2484
4475
2832
1689
3147
3439
6532
457
5130
6986
4429
5576
452
2054
7705
702
1059
3507
3537
4214
4358
1730
6754
4573
2642
5960
2991
1645
7000
1532
5569
3648
3262
4365
5830
1165
7533
1152
2016
7281
4897
1639
1752
6978
3335
2381
5815
1198
3630
3078
3925
3373
7195
5283
4259
667
5525
4567
5471
4943
3283
7411
3774
1161
1142
2817
2841
2410
3625
2267
5257
287
2455
7779
2527
7004
6429
40
5708
2306
5637
7199
3818
949
6584
7315
4819
6588
6136
2967
4700
7321
2989
3399
1947
1909
3155
1906
4162
2002
2698
1760
2407
3750
7982
6765
2262
3370
784
4995
15
300
6812
2397
3966
582
3437
3589
1008
4358
2795
2593
6177
7718
3149
1119
7596
73
5772
1859
3545
858
3436
3785
138
6427
6594
5196
3912
852
5807
701
7239
1936
6916
4866
6628
2426
7205
6248
3784
884
4448
5671
7192
6151
7374
1356
492
7957
6161
3602
7815
1065
6464
4322
2402
2085
838
5016
2598
6341
5244
7289
1771
2806
3743
1882
1593
6445
2164
7153
6910
5038
2328
1503
647
4575
5220
2241
3669
1079
292
6971
3731
301
2467
3733
6083
6398
717
3824
5875
2032
3640
6817
1903
4860
4269
4493
115
65
4333
4925
431
3565
7745
1753
352
6030
981
1709
996
3277
4191
2144
2834
5911
3838
1661
5511
5377
1532
296
2785
7063
4959
3966
3231
7840
6760
2519
6621
2463
7234
5567
1728
5121
6833
2808
5752
3818
4016
5723
6206
3675
700
1091
318
3506
2793
1892
1513
6011
5508
3685
4770
3577
3720
6334
174
6513
918
1134
909
3096
6863
2571
6184
5224
1226
7317
102
1001
82
3652
7598
7771
5062
6988
4840
1092
1851
7843
4311
2675
5790
6435
3149
927
4139
1609
2638
1068
3500
2377
2613
4621
7335
2974
2116
4922
2889
4364
5781
1981
1357
7824
6578
3882
3816
4457
6513
3242
3675
6832
7741
6624
2197
882
2087
5228
1284
1496
5943
1607
5374
5602
7150
1870
725
5683
1731
6326
7601
1599
2285
3787
7992
3123
7438
4202
5095
853
683
985
634
715
5916
6360
6819
5710
4640
919
2039
3602
6406
2974
5891
6492
2729
2095
22
5360
526
2985
1428
3219
2035
1492
6685
6633
2340
1067
6924
5296
7129
1967
2715
1384
5111
6197
6018
2407
4318
2761
3529
711
6507
3287
7791
2796
634
6129
4634
1811
6699
1262
5947
6621
3303
6799
6987
93
2887
5484
4107
3546
6764
2078
7796
7028
7116
6854
6099
2170
674
3879
2633
5875
5699
238
68
1966
6531
5903
4648
7788
5495
1211
1618
2005
6744
3040
3475
2115
4262
7284
3622
2359
1844
4701
2539
1796
58
1053
7859
7363
5409
1764
6347
1059
6882
352
6681
6720
3647
4902
6991
816
7730
1223
934
7575
6558
995
7773
1896
3679
5247
5232
1045
1207
2771
3587
458
3081
4908
3752
1322
1886
3331
3410
6426
5743
5709
1352
980
1090
6825
1537
1376
2330
3345
4633
2816
6037
7082
3185
7074
4065
6107
2244
7386
4065
7345
4134
1343
4958
720
3356
2097
2302
5400
1325
1871
6041
7559
4733
2438
3191
337
3751
373
3004
3724
3108
2205
1750
7781
3991
2889
3052
359
2142
7870
4148
1722
384
5492
1369
2843
2605
1203
5811
1463
965
1366
5402
5922
6116
7214
2191
2428
1904
4740
644
6151
7648
6882
5287
4454
6019
7192
83
6333
5866
6778
21
7341
6734
2145
875
1864
2107
3481
1087
615
234
7847
6688
2912
3764
5660
2388
1319
1598
7180
7947
3756
2015
2761
3025
1187
1788
2445
1821
7489
2765
7913
7631
1694
3702
2018
996
6655
4757
5483
6870
683
7857
4924
1643
1974
7710
7839
2153
3192
1706
3609
4194
792
7688
2994
2636
1217
4964
65
1975
2176
5151
1584
1239
6490
2940
3917
524
1893
3853
2725
4295
3464
4004
291
2957
5290
2377
6182
3271
1116
5923
6068
796
1334
2600
4412
1466
2502
1276
5
4838
267
5458
3972
1840
1772
7182
5611
2662
1649
3095
5966
2601
5082
6114
2240
6719
6692
6200
5233
5588
3233
4859
2429
939
7281
4804
6976
2957
1568
1999
730
2380
3393
3745
7337
5680
5437
2881
6824
5990
5491
3264
2964
7605
1306
1926
1957
913
6854
896
1070
1307
454
449
6029
3693
4281
5651
3981
6929
968
7186
3373
2868
3468
1172
4146
1911
1122
5047
3052
5462
7048
3662
4659
980
1432
242
6773
1373
3082
3598
3520
2563
5360
159
4660
1345
1986
3022
7524
7833
7341
4702
7700
6180
557
5683
2495
5080
2202
5751
1438
405
4633
3336
2567
1958
3423
4590
353
3415
5658
6936
5221
983
1236
4962
1228
1077
3122
311
7592
7586
3227
2943
4148
2329
6313
5319
1731
6776
276
2116
6606
2155
7887
1397
7731
4849
550
6469
7550
5751
1382
4016
144
3286
3791
7532
1590
5969
6000
385
5301
1842
3177
3092
4747
5158
5296
690
7834
6795
5729
738
1093
1573
6646
2097
2147
5983
1333
4269
7708
4644
4448
7616
4628
1723
7424
4898
7306
7255
3347
2857
4523
5532
2149
5279
3002
563
1939
2650
5734
3227
3440
310
2808
1319
3724
7759
1712
2409
6711
3433
6217
1262
3196
6601
3820
2952
77
5847
7605
3854
2256
1038
1406
4034
7681
5104
2887
1857
4475
675
4291
5962
3981
1926
1770
3476
1061
4963
1372
2452
214
3337
3117
7735
2931
4803
6703
5790
1258
4226
7688
5058
1736
6969
7941
7583
4364
1938
1032
3460
7803
7129
2597
6274
6272
3126
7763
5130
1259
3866
692
2905
5934
4913
6176
4088
6707
2064
5971
5596
2934
4349
6042
6216
2848
2457
3569
5803
2356
5629
765
907
5969
5857
3016
1833
7588
4320
1411
6150
5493
4253
898
3129
7222
6544
4316
2394
3345
2833
3568
3859
1901
4377
7361
2895
2458
2983
5721
2561
1785
7245
2926
5916
4356
1859
7647
3921
5607
3002
7326
5856
6831
7889
1302
2856
4930
7688
3165
546
4595
5059
2427
3241
4037
911
7282
4220
7689
109
4415
6651
732
4584
6177
5944
3286
1852
1995
4213
5585
3561
4931
7895
4858
5526
2702
2237
3440
5361
1925
630
2832
2832
3614
2578
1525
1358
6510
1566
3923
1782
5866
4660
6785
429
7509
6826
726
3656
174
1275
6449
7414
2134
5947
7145
6073
4900
4393
4124
1945
3167
2979
6656
5007
4220
3232
4279
3695
7667
481
6417
217
7834
1953
2126
1211
4687
1943
6371
4859
1921
4020
240
3188
7168
5432
1357
1187
1682
1173
1600
7041
921
1915
7039
7551
7613
4560
2233
7606
5342
5291
7303
1313
6370
7120
5970
7952
5097
5693
4683
153
502
3704
5866
328
7980
4642
516
3368
4456
5006
5301
1557
1698
3938
7440
1353
2666
5355
4848
1282
6143
5567
4695
5093
324
2378
5709
601
6990
545
2738
3238
2991
5887
963
2640
5761
569
4461
486
6135
2161
7090
4223
5938
598
2562
2758
5637
7441
6638
7321
4748
201
2153
6034
5999
5851
4014
1328
7215
2989
2018
445
1491
4220
589
7694
4509
3542
6846
3521
5382
1524
2001
6088
2989
6229
3470
4348
4323
3754
4807
6382
4631
4881
6712
4934
5449
1229
5709
1998
3033
4385
3816
3898
5683
2989
3853
2656
6644
4022
1438
7281
7403
2765
5640
5008
3835
272
1399
6517
6356
6754
5576
3700
3886
621
6640
3648
2867
7332
2710
6394
5146
5499
3108
789
3973
5298
6212
5286
287
3840
6324
3749
7891
4938
7765
4473
6238
6713
5511
3138
5176
6154
5530
7215
6524
1693
7040
172
7516
5410
7095
3558
477
6936
5909
5188
2337
4527
2214
4492
5842
4509
4709
6662
1299
2172
5026
6373
7521
3301
759
760
1412
5125
1715
224
574
5919
6463
161
541
1774
2367
2258
4254
7384
1398
1274
7251
2948
5597
7621
834
4993
2120
303
5552
3186
5474
6408
152
5364
1230
796
5320
4337
7780
939
7685
4853
7137
5730
4364
7388
6467
2851
5549
1484
1074
5146
7282
607
7957
6038
7373
7960
1965
5403
2749
2794
4166
2001
6969
4497
3034
2559
2851
1098
3568
5332
4213
5576
6107
4000
6023
4332
200
5926
1063
1218
6693
7860
7827
3375
6234
2437
2892
4639
4940
1671
582
3209
4828
641
1751
5909
6920
6647
7991
2230
1158
7506
4352
474
6069
5742
3761
3488
3951
6280
5344
6369
6357
7360
3858
2100
6831
925
4007
7718
1022
1602
2631
5603
4044
85
7480
2486
4436
490
7880
2523
5153
6357
2657
7115
6107
761
1114
5613
3042
3972
7764
1585
2805
7271
2158
4575
7766
7234
6386
3709
2995
961
1624
5262
7431
3309
331
1438
4497
2980
1580
2622
7299
7870
6709
449
16
2777
1579
7066
7882
6387
7242
2544
6987
5676
6764
7202
2614
4080
4483
4587
5175
6503
4306
7173
7371
504
301
4723
6493
2776
3087
5769
1458
4853
5668
6348
451
7381
7575
3170
780
3935
2132
5741
5083
1096
132
972
6880
7699
7462
3567
1152
6504
753
1211
1120
2185
5328
7048
2007
5613
1236
2045
2222
6001
4617
6641
5636
5846
1492
6815
5696
4181
7902
728
3675
4756
6677
7179
5785
2930
4128
3916
3404
6933
1618
1542
6235
5035
6367
2237
6052
478
4839
4510
2609
5330
7712
2824
5435
6889
6391
904
1435
2824
480
877
3857
6811
4633
5642
1245
1486
5667
2015
7076
724
1934
5716
4592
1768
45
2745
7191
6213
7832
6457
1381
4455
4853
2959
7752
1041
2332
5871
336
6900
1309
4157
693
4251
2121
3359
1339
5842
3222
1877
905
7236
1964
548
7857
683
4512
2647
4768
930
2038
7993
735
4429
6588
6447
6557
7747
3328
4198
3452
5054
2144
428
729
6602
3062
5273
2321
7697
5414
2060
1659
6474
1458
3060
1304
2632
5067
1281
159
2498
724
1951
6998
4281
4925
1780
6948
7595
6419
7737
7830
7591
2004
4957
2114
1259
6897
6804
245
3243
6795
6866
3071
83
7241
1414
7603
6092
2430
6968
2922
6434
2579
4551
2512
1800
2387
3411
2260
1031
4233
1044
1488
3176
5879
4589
989
1144
5909
2510
5698
5775
197
2769
2422
7006
1944
2987
1696
4724
6968
5975
2343
5533
2181
5435
152
3734
2854
3383
6952
2074
7558
191
6667
5671
6354
6954
6876
7852
4154
7632
222
3492
1549
5279
1260
5941
2252
4884
2220
3295
1330
2211
7831
2031
2121
7861
358
4442
2643
6135
693
4760
1165
6501
4135
6097
7498
4513
4675
3003
4828
5489
1314
4761
7993
3117
3341
3993
4182
4660
5288
4942
2891
7357
3686
7945
6610
4175
3328
2825
5159
4596
651
311
6774
4945
6562
282
6151
3047
1883
7186
1812
6963
787
3649
6454
5853
6731
792
3774
143
7695
2667
5425
3452
5816
2611
4478
2056
6186
7181
5772
6076
5953
1535
6115
7478
2066
2663
1542
2975
5028
7853
6408
3084
3122
1693
3030
2687
5759
4560
6001
6770
4254
1474
7648
2069
2912
770
1170
3485
2918
3423
3630
4606
1493
5150
3183
4401
1855
4927
3544
7254
7368
5582
2490
235
6232
5237
4846
3037
4653
7735
1410
4151
228
7294
6135
207
260
3844
6428
1083
6122
7639
1085
3793
1243
882
6935
2882
4842
260
2845
2609
963
478
3759
4360
6013
1180
7813
7858
6631
6771
6236
1200
2946
5357
3282
2047
5837
5326
5708
6128
7831
5730
4980
4130
4644
1942
4253
4406
6303
2007
6762
987
4633
5667
1827
2738
5027
846
443
4876
6576
1211
2742
4945
3743
4853
5562
7200
6882
7271
7920
2567
7093
1831
3513
7196
7599
734
4261
589
3865
7021
2357
6960
1464
2477
7512
2420
4361
5725
3963
3288
2253
5260
3905
5956
2552
1448
4263
6399
6337
7981
415
1108
4675
6801
5077
3158
1534
4202
1736
4157
1401
5396
1170
2047
5795
4955
3431
1491
3306
1363
3495
5817
7609
3040
1233
1234
5819
156
2095
6118
369
6968
6523
1553
7276
1860
7678
1807
2135
689
7123
1614
7061
3736
3618
408
2391
4676
4007
2075
1703
6036
1893
4417
4814
3068
662
5112
1710
1403
1093
6618
7368
5180
4938
3242
5659
1685
3453
1505
2971
2114
2809
3461
7592
6775
2011
399
7503
5727
2766
711
6720
4544
7065
306
6545
7954
6039
2736
3234
4714
3262
264
3106
5700
5095
7368
4446
670
3079
3366
905
7850
4927
929
2512
474
5307
2627
1701
1841
6814
5680
1745
1286
3701
2087
6834
5275
7226
680
6313
5193
1505
7773
5472
866
5819
5817
1849
850
6185
7081
943
7887
2438
4347
6068
6278
5172
940
2887
1451
5094
7297
1978
5640
5733
1623
985
3208
2181
5633
2931
2333
3873
3694
6420
1349
7125
6809
3357
2056
52
5202
6170
5586
5097
5757
1329
4510
4493
3720
2495
1085
6400
6703
5298
5473
4784
6151
2937
1621
900
4394
1428
1171
6710
4794
861
7119
2732
4143
6756
7491
5098
7789
3534
5815
104
5588
7623
6029
797
5054
5856
6869
2391
1180
1870
3166
829
1245
4798
28
4146
4620
3368
396
6505
5217
6632
3144
6085
3201
6145
1302
3399
6058
7784
721
5069
1122
1685
4478
7826
1779
1925
7796
2044
5501
5116
5979
7503
5154
6032
2541
7845
1869
1424
5607
7266
3054
7445
4351
1320
6424
1710
4012
5857
6383
3065
7570
5434
2856
5792
2246
6773
5862
1102
3017
6290
4897
5165
4282
392
4110
174
1662
4185
7560
357
7648
7927
4042
2427
4751
1536
5487
761
7605
5226
7404
6177
4257
2364
3240
1211
662
6457
1239
2008
1572
3482
2286
6447
7823
7088
208
2746
976
5296
6031
3929
3772
2319
984
2234
5600
4850
1704
1473
7011
6429
4238
5328
6186
3308
241
7409
422
2294
5473
1125
1461
990
2243
3669
5561
3469
7959
3996
4287
1257
1314
4333
5917
2515
3214
7438
5974
3857
6209
4524
6732
2648
524
658
1825
1264
5956
7030
1837
7500
1794
4275
1932
1270
3309
577
3474
1939
1265
2905
936
399
6896
5787
4743
1427
1041
6028
192
2837
3433
1415
4994
7313
4747
7554
96
2810
6852
3341
962
5528
4823
6332
5243
4379
5770
3708
2946
3266
4129
759
126
1245
3207
432
185
2773
384
4908
2402
475
6280
2256
1276
1638
4064
4392
4219
7587
2874
536
4167
3260
4694
5550
2962
2952
5646
7053
342
5565
1601
6882
4513
5458
1573
6955
3225
270
118
3027
7720
3272
552
5682
3136
3208
1292
4357
5572
7977
5753
3263
800
829
6236
5030
715
7850
2993
3835
4831
3222
3605
436
7492
2001
1762
3001
867
2785
6845
4624
2451
2794
1033
3003
4585
7614
296
4228
7502
1736
5562
6856
3761
488
458
1352
2325
825
1727
623
1283
6205
654
19
5476
6602
1531
2375
3240
7569
5994
5720
4148
2847
5340
3252
7854
7675
6258
1703
4707
6719
5864
5746
7632
5111
3693
5592
2478
1243
6337
3384
553
1352
7048
4218
57
146
731
4303
3943
3195
5932
2217
4050
4304
2187
6612
3220
1404
6485
4482
2319
2531
7847
2120
2888
2936
4436
3437
4902
3176
224
1251
2607
5294
4400
6905
4121
2819
3240
6848
5445
7197
665
1291
4530
527
4849
6717
3058
3333
166
5597
7677
5251
1175
2074
1811
1586
77
7810
2087
7181
7780
6108
379
2721
7306
194
4311
6441
2870
4993
6394
6687
7529
7006
3253
3885
7307
2119
3779
2538
1723
7295
6011
2850
7916
7696
3285
475
4259
3852
5142
1204
4931
5913
6542
937
3399
4704
149
382
4050
5381
4446
3021
5063
2337
2562
7282
1731
6509
3444
6948
4437
6751
286
4750
4778
3202
435
236
3165
2648
3206
6030
978
4275
338
1519
7558
6494
6304
7308
1141
6854
5363
3754
2968
4361
1567
6851
528
4000
274
3450
5293
6408
7466
3733
7211
3543
3374
7938
2758
6026
163
6423
6644
34
3577
5520
2885
5299
7540
2075
7888
4285
4083
4504
6985
5353
6899
7212
7346
1220
5032
3108
351
79
100
3789
5332
2552
3401
4061
3928
1033
5604
2127
3256
7118
4716
6348
893
4837
7269
1891
5702
6102
5356
7977
6258
489
4854
1226
638
4135
721
413
7876
2997
1043
1718
6864
2284
46
2614
2634
3658
2126
5631
4520
1329
7067
5863
6393
6626
1049
5652
1536
1357
827
2939
2314
4937
1707
5944
1826
948
7250
6117
1165
4145
5527
116
3532
4698
6638
3625
465
2547
3520
2438
3004
117
7657
1505
1851
4746
6322
3071
2707
2937
5655
5883
19
1821
2139
7493
2409
1490
3415
2612
2777
3837
6043
4961
1270
6041
3732
7100
6562
2221
2415
3726
7187
4303
4245
6741
2168
3643
2814
5431
608
468
2257
252
6730
5596
4094
1480
4980
4331
4759
5359
5596
7657
6785
3294
1230
7623
6191
1613
3552
151
4724
4920
2829
1435
4571
7213
919
5443
2382
2613
7207
3511
1271
2504
7644
7777
4855
3790
6604
1762
2842
4717
6283
2836
3962
1747
5885
337
2261
670
6972
5356
7663
4849
456
4133
680
703
5667
5544
5626
4344
2826
6351
3644
721
6596
6860
2083
2087
2923
5464
40
354
581
542
5079
7954
4427
3680
2091
4774
3745
4772
6386
7630
1164
5688
1600
4044
1832
6926
711
125
497
1350
2770
3993
619
7591
4878
6457
4166
3973
2078
6117
1715
2849
1401
7582
7054
7075
5223
4523
3099
5366
1382
4193
1903
1338
5647
860
2455
7565
2299
4186
6922
1643
5332
7630
7870
7625
4543
6766
5262
6520
5573
7281
7520
1917
6173
3652
3353
678
7911
3744
5101
3450
2600
2839
4287
5210
4397
7258
3546
5205
654
1467
740
5189
5190
2751
3706
5678
6301
24
4172
6388
3843
6446
6848
7453
6769
3564
6686
1645
5321
7876
2826
3076
6498
5123
5798
3521
494
7511
1531
381
3555
5905
6492
7797
5145
1721
4077
856
581
4911
3780
4404
6024
1353
2186
6336
424
7241
4244
4120
577
173
5436
7360
630
5827
1709
7224
1286
1384
3973
7596
5458
3157
7353
3758
2905
5395
1030
286
2924
4681
119
1171
2140
973
3181
7521
6984
4298
4435
4034
4531
1808
6165
7532
3041
4895
5683
396
7430
3720
7375
4816
3967
5636
3242
5079
4212
4864
4476
6713
2037
2987
3839
1046
712
3292
2707
6475
5224
5123
5453
4191
5257
3350
1643
5574
4670
6590
5530
2357
383
1701
7112
4555
4415
5432
224
2015
18
502
5641
4307
895
4482
2340
2861
5363
7420
165
1010
3597
731
83
5920
2375
5812
7179
3415
7825
4374
7080
3223
3885
6193
1830
5396
1839
6427
3507
787
4769
2793
7610
16
6524
4974
1430
7018
3032
6140
583
6494
7537
1767
1998
2600
4140
2943
3254
3740
134
3235
3348
5071
5338
5924
5281
5281
7345
582
2441
3182
3140
6502
6837
1674
621
2459
4024
3650
3922
6462
1934
7921
6274
7998
849
3342
3687
1468
4774
432
4589
745
1485
6842
4901
4551
2274
5117
1501
5044
6028
3226
7853
296
7586
5389
6239
4256
4830
3079
6139
7259
7563
6261
6889
6612
4807
6256
3835
4929
151
2161
7710
7814
3544
4633
6299
1808
7764
3551
4798
1910
3005
2099
6320
4827
3369
2213
7128
3099
5733
823
6533
3749
5803
4202
1843
3947
825
180
432
2761
6639
7886
266
5225
5219
1425
667
6775
3943
6627
6820
4287
7322
1433
4590
5160
5470
3940
6237
2981
1117
5444
4135
7752
522
653
5380
7761
3508
7022
6458
2491
4387
4231
7150
6061
3362
383
2842
3963
3566
7893
5355
7708
5796
4372
2172
1286
6919
1840
5098
226
1373
5195
2409
6984
6482
7551
5764
1324
1503
5859
90
3318
1473
323
7961
7715
1831
4595
1864
2120
4388
3746
3839
3300
6676
2941
1650
5667
6891
1098
2751
5295
49
4224
2092
6832
2719
7387
4122
529
6576
6466
7068
1380
899
3483
4476
3273
792
3416
3344
2282
2109
2637
407
3877
5809
5215
2266
1829
1953
2721
3898
4871
5142
3409
573
976
3076
1168
645
162
2511
3361
3000
2632
842
6993
3556
1404
2763
216
619
7165
5965
5839
1584
7462
6180
4462
6166
2419
5783
7026
2107
7000
5786
5674
3238
3679
7856
1854
347
5515
5159
7112
6211
4387
7673
6867
2990
7102
1406
4693
2637
1836
5321
6764
6004
2275
6597
2535
7453
6096
5182
4271
1618
3830
5861
1104
4482
1858
7592
4941
4028
1988
5539
6107
672
5091
6930
5308
4546
3474
2815
7514
915
6989
3924
1967
896
3061
5902
7232
999
3082
1106
1020
5324
6288
3608
4554
2397
547
5912
5414
4096
670
1827
4771
1641
4446
6611
2084
1645
2609
7894
5995
5281
5287
443
797
1237
7016
4780
6030
6000
2534
6775
5573
1285
168
5949
6154
3412
1468
4539
5119
6685
1509
2797
1876
2320
2463
7039
703
2189
7163
3104
1113
6951
2313
6900
359
3085
3916
3433
1977
7569
6503
4291
1052
5962
2058
7394
2078
5821
6555
5820
824
799
427
3369
738
5227
1404
265
4191
2343
4708
7350
700
2900
7228
6974
7198
2530
2477
7912
4892
796
1766
4613
6625
4879
904
1052
1543
3103
6239
4418
3828
2884
1783
3766
5017
4512
4267
548
7852
5261
5238
5542
1520
1600
4474
7766
1137
2028
7783
1482
2748
2692
1119
2517
7521
554
2087
540
188
4518
7813
556
5025
4795
4275
4831
7722
4298
5997
6043
377
4716
3285
1952
2203
2432
1030
3070
7500
1403
4389
6669
4611
3416
1281
1328
3242
6462
7427
931
7427
1366
5194
2522
5375
3109
6804
360
2152
1501
1552
2870
6045
7451
3112
7980
6361
1068
7930
6334
1295
7667
5209
7189
5631
5983
579
343
5805
104
7133
4564
2639
207
1065
1390
261
1665
1102
1439
5229
2509
6629
5431
2669
2774
1953
4032
6683
66
1584
6171
7289
2523
3431
5123
5520
6208
3216
671
2241
3119
4052
66
7970
4602
3484
1025
6365
6092
6553
3689
2431
5962
523
6808
1212
3965
5889
429
1664
2980
7449
4011
2805
373
6956
5974
3899
1384
7591
5116
2919
6518
2001
6217
93
6809
6561
2841
1970
2099
2113
3602
7343
5659
74
885
6743
6965
5480
3953
2489
3586
5885
5978
2606
6743
5417
2987
2529
2184
7971
902
1237
910
5189
7771
1392
1284
5564
4837
2515
5435
6617
3424
6355
484
5551
4574
3499
1580
5462
6328
1904
4907
7162
6945
1100
5829
6025
3150
3542
5029
1387
459
1467
1693
1387
6922
6714
1685
2611
741
5364
900
6177
4025
2267
6362
6416
2070
7870
2566
6661
2135
3252
1664
7768
327
6776
1347
5845
4120
7012
7197
6375
1098
2182
7415
7920
7731
2144
872
100
2365
779
7537
5350
2542
7924
7021
6904
112
2750
7234
7986
4008
4018
2665
2961
1911
3583
1020
2996
312
1051
1148
5308
6492
7835
5575
3987
1562
5263
5024
2030
7439
5710
4577
7551
7271
1059
4003
621
5803
3669
6364
2514
5229
7777
7874
78
3390
2792
6234
2335
3013
1881
2496
254
4230
3723
6305
2182
5017
1783
7591
3874
1797
5590
2261
7152
766
4697
1690
2482
2040
132
1365
6222
6976
2414
6258
3182
5818
2996
2869
2191
6199
4705
4088
4237
7108
7889
1810
1069
4552
4154
7124
7229
733
3171
6410
7493
129
648
4828
5850
4923
5530
133
1988
1555
6656
392
2973
553
910
2087
5979
3845
4802
3759
5101
7521
5343
5894
3150
4928
4750
6595
422
7044
1992
5226
5964
5056
7597
1546
1037
961
4574
6967
1900
609
5615
5631
2927
3499
5038
2369
3147
2171
6535
4710
5353
3266
120
6529
7283
7387
666
6644
3098
3744
811
7195
5212
3686
375
7750
2740
4339
1136
5142
7398
5074
5103
2342
6732
3745
3126
2405
7733
7156
5655
7190
7512
4053
6266
4393
1570
3857
7924
6276
2534
622
7351
5560
7857
7504
6171
5596
6855
1988
6418
949
4575
3859
7175
714
5660
7648
4793
2027
2162
7559
4761
6985
6001
7855
6142
1462
7935
2673
661
3677
2291
5587
2922
4540
409
5821
3827
7516
7790
5764
1537
2361
2680
7480
5403
2781
3598
4783
2978
217
5083
1521
3863
6410
1115
1669
4899
867
6577
4650
2092
1410
3899
203
7735
13
1752
5912
5939
6149
6508
7216
5107
5355
6290
4787
308
6116
3134
3153
7428
7254
7856
1842
7890
6769
211
1593
7031
1630
3686
5945
4061
2743
6679
7626
1197
3465
5170
7601
2099
3529
2840
824
1761
2409
6421
3283
5715
3164
7971
3690
7432
6400
4415
605
6267
1687
5728
7859
5774
4813
3410
3009
3363
1942
5984
5031
1902
6127
2449
4141
5110
1923
2738
6182
7887
7309
4243
6329
3621
6818
6530
2775
5899
3084
6901
7173
6770
7932
657
377
6715
1957
4028
1284
6494
7541
87
7930
4620
7348
5597
5687
2575
3247
749
7115
1502
2077
3556
5770
5619
6976
1694
303
3969
113
3613
7567
6102
2358
6696
2698
3350
4290
3048
6905
3924
6871
7847
3027
4462
4733
6353
3894
5839
3385
4838
5464
1035
5138
7736
3285
5520
6262
3876
4691
4934
5586
627
7008
3905
3473
6469
5466
428
3888
1095
651
5179
7449
1725
726
6702
5382
3631
6946
4344
2373
7872
649
5018
5858
4777
299
7981
3035
5329
6288
3087
4342
463
1121
7378
7568
6196
2455
4691
6848
5526
714
6284
1601
4266
64
664
4627
5734
7419
3297
7498
2350
2491
3068
5842
2413
7861
7249
4002
3855
1316
6744
1178
2872
2877
6168
6712
4005
5092
6609
1126
1190
4998
7286
409
419
5482
4593
3860
7454
7867
1839
7513
5267
7826
3873
1090
253
5925
6365
442
6056
4007
1471
7517
7930
1439
5488
712
6105
6304
2900
5899
6421
3312
6245
2121
627
2109
1235
2465
5090
7140
409
1582
6747
2694
7961
2511
5271
1582
1106
5940
2509
1306
2249
579
6537
6550
3808
3519
6032
4298
7674
7668
6299
4849
4264
3510
3295
4709
3676
2833
2001
881
4096
689
4459
6646
459
2262
1150
5872
7046
6353
6073
6632
5041
6094
6214
5661
5468
6293
5272
2149
990
6852
6695
483
495
1447
863
1287
1649
6128
1223
5200
1238
1177
7688
1131
2341
2138
4755
7806
1941
7715
6033
5185
5786
4558
6241
222
1695
4466
1021
6559
683
2992
6339
3411
7606
3968
5507
341
473
263
5448
7938
3341
3995
6438
37
1725
684
548
7457
5130
5132
7620
4906
3511
7369
6641
7972
5903
593
223
5598
5962
3784
7801
4043
5226
4613
3510
139
1717
243
1022
794
4519
2321
286
6103
1366
4056
3014
6341
2261
5486
6145
3358
1973
4954
2385
543
6404
983
2433
4120
6676
5063
7328
5368
7725
933
3039
7951
424
4860
4092
7209
6493
418
1687
7594
7840
3267
2113
7907
2506
199
2196
563
2581
5591
343
7854
6309
2779
3121
5972
5847
6835
1879
1292
2872
5726
5314
3904
495
2141
2358
7710
7176
2938
5833
7405
4428
5001
31
5357
11
396
2906
5844
851
1430
4186
4965
2130
7672
1926
777
2051
5626
3834
4684
2472
7552
7341
2129
4197
998
263
1831
6734
7266
3935
2857
3457
4809
5630
1140
1000
5412
535
6683
5948
5517
616
7707
4130
6783
1673
3495
2689
3569
7719
7679
4540
2032
56
7949
5798
4614
4430
4271
4240
5677
3672
1980
6826
768
3401
7683
294
2341
5611
2947
6864
1529
1507
4841
131
4289
4598
3213
5004
6807
6621
505
4587
2964
177
5783
7377
6299
173
969
3447
4695
6918
6649
2058
1551
3940
7420
7364
3583
1623
2269
3440
365
6491
7842
6666
4179
1669
3748
4593
6566
7480
7451
1724
3698
6247
2586
4633
5709
6797
1255
7743
2468
3998
772
4612
411
5487
4939
2870
2833
3033
5255
6227
3386
3646
3849
558
809
1144
7987
689
7297
5550
845
4894
2945
28
1104
2949
6663
1043
3381
3840
7619
1441
5957
2230
2037
495
4719
5884
1231
2281
1322
1948
3582
1322
2855
404
3747
5791
6579
3387
2192
5973
2270
2087
4000
2299
7380
7890
4155
337
3974
5797
180
3628
3628
7420
6961
5836
1854
6939
4049
5115
73
7222
320
6573
6243
3360
1197
270
2413
2497
1648
2057
6516
588
4058
7628
6771
6760
5231
2127
3523
4159
2496
5765
6899
5326
4852
5484
6432
6282
495
3340
804
1168
2988
7501
7491
6743
1388
7383
832
1474
1848
6678
6824
6342
6056
32
4093
2606
4496
7243
1283
6663
7679
7920
6409
704
2311
1437
5884
778
535
4765
4970
1961
4718
7559
3477
7868
5112
2959
2983
5162
606
3385
4294
7971
4823
1436
5145
7292
5286
6007
6549
2511
4318
5496
2258
1939
5670
1751
2483
6346
3756
4318
5007
1492
1401
2589
6191
6768
7333
2205
7824
6401
6160
7596
879
3202
1526
2978
6208
3167
2631
602
