5135
4780
523
4603
974
3935
4381
6297
7787
880
6475
4674
6601
441
1010
5389
1202
2895
6673
528
6870
6295
4770
3501
5133
2424
5026
6176
2143
4632
532
4663
1850
5898
1047
5936
6440
200
5100
359
4881
6336
6261
764
556
7389
2753
635
5360
749
6791
2641
2025
5576
2337
5803
162
3352
7152
6579
1546
1121
7533
6900
4993
4863
7498
627
1537
7447
785
1023
6925
4035
768
2643
3109
1853
97
6176
211
3412
2705
7962
5343
7097
2582
5735
7190
2112
7323
2872
2983
4660
5265
4351
6236
5939
7453
6355
5174
5678
6887
3097
7798
4382
4653
298
7554
7269
331
3268
3142
1262
7109
3696
2214
5
5718
5329
7287
5019
6802
360
2339
5335
1324
5001
4057
2816
493
7392
7863
5236
1467
298
436
6226
5467
6808
7019
1606
7271
7079
1155
1613
6295
376
170
2772
1345
3912
4203
3097
90
2825
7702
2268
2383
1824
6362
5366
3950
2893
3553
7203
7378
5592
6385
5000
1193
4435
5705
6149
93
1395
7668
3288
6893
7577
2873
3743
811
3820
7490
4023
6519
3847
7716
320
2251
5171
5992
4588
7139
7385
4914
1505
3239
1428
6062
5360
5345
5882
1994
7363
1260
4569
6830
344
2947
4400
2531
6830
6727
7218
674
1824
7375
6346
2160
1282
6657
423
5146
5463
1924
3727
5023
6076
4235
861
4123
1095
6878
6042
2486
2713
7563
704
6323
560
884
243
6971
1215
4476
2257
2721
692
3694
3206
791
7048
1948
5810
6626
3995
796
4700
50
4296
5229
384
1295
65
4872
6709
5464
3399
3032
5533
1580
1106
3679
4344
7681
3609
7467
509
2690
1522
4867
1129
3405
4267
7506
2255
6033
7988
1882
2168
5086
2555
2510
5170
6819
2406
7659
5079
5537
2918
7759
3360
5056
3780
3192
810
7035
1738
1886
1658
4572
4454
365
651
3985
5871
3706
7299
5099
1153
6437
6108
2606
3578
5673
5094
7114
4763
2067
2602
4556
363
5412
3013
646
7829
7831
7384
5455
908
2257
202
3474
3533
2044
5783
5924
4296
7751
7323
7351
4687
3930
906
6249
1515
1964
720
3433
5053
4435
3806
4302
7668
377
1929
7823
377
7289
1664
933
3538
3693
7969
1286
6806
601
4372
4240
6015
1853
6555
5888
1804
2592
6248
5666
3155
609
328
5694
1815
3875
1363
1049
6303
5417
2047
3880
2705
5187
6870
6426
5614
3751
2860
4728
4784
1937
4818
2601
7952
4254
5521
5821
348
4755
6549
42
5397
4462
5460
1266
2062
7592
5522
7449
1238
5581
5589
924
2476
5377
1903
11
2065
4852
3845
78
5723
4423
6849
7290
5141
6916
4443
4224
4190
3199
5323
5967
3137
3341
1999
2614
4317
527
771
4147
6232
5423
7457
943
2078
1381
1647
757
7114
1788
7115
3871
4895
6337
3216
2645
3630
1732
3629
2866
3143
862
59
4911
3145
7649
3604
4383
7769
6331
5559
7611
7663
3095
7101
1711
4710
2593
1733
7021
115
6419
4719
5969
7120
1092
6922
5194
4737
2756
6951
1414
1276
1516
3801
3093
5388
4813
5955
885
2571
3635
6133
5316
3496
7718
4020
5225
7021
5895
3888
1053
6427
4288
6599
3299
3700
3499
3010
2045
3773
6383
3479
1010
50
6517
7330
2266
6704
5071
4318
4541
334
3018
6616
5398
6477
1927
1122
4402
3572
1548
4232
5217
1030
5717
955
4863
6999
7849
3530
1687
1732
884
633
6799
1741
3126
4012
6056
4020
5431
2929
7069
1913
1879
1033
2638
26
1119
3168
7446
881
3489
5686
1680
7370
4199
7895
5083
6723
7856
5590
6883
3685
7300
5455
1484
1221
1282
3747
6775
6071
7757
128
513
7713
3213
6708
993
2591
5673
4271
596
6812
374
5795
228
2936
3004
6641
1724
4854
1101
5986
222
4537
2406
866
1339
2203
1126
4991
6811
241
4433
40
3055
1309
4660
5730
4803
4131
4666
3883
6739
6056
1954
120
7775
4871
3080
5949
5729
1679
2021
1295
3912
4934
2202
2847
5558
4203
6539
7868
5417
466
866
4520
5964
1182
3208
1412
1541
7609
5522
3218
4481
357
2729
953
6204
2021
5082
4590
664
1677
6004
686
6027
6459
4296
2952
2388
4704
7438
2772
2258
881
6505
1623
4641
6191
3240
5719
6988
7296
1181
7869
1874
3913
7151
4457
4400
2993
6256
7618
6898
4848
7984
3678
3549
5735
7383
2646
5363
7311
1063
544
5945
2432
1651
3444
1472
2031
5457
3103
3415
2540
5481
5577
4356
3796
3873
4787
384
6660
5857
4776
7676
1112
7527
3796
3710
3231
3628
3464
4827
7616
5423
6890
1079
1416
4501
490
2022
2313
6064
6440
7845
6192
7156
3901
292
59
7209
2544
4449
3882
4416
3721
1757
1424
2281
785
3019
1853
2837
7340
6923
4709
3118
2580
1070
598
5983
7181
7009
4182
7570
2876
282
3315
1625
7070
5927
7167
164
1555
7919
6090
773
4984
818
2252
6711
3597
5021
1568
644
5773
5958
4935
7767
7799
3580
7191
6603
1987
5325
2715
6395
2788
1977
609
2815
5048
244
3838
6169
427
111
4829
2762
3340
7955
6354
713
4342
2471
4229
948
5769
3006
2408
326
3093
2286
4190
752
109
4084
7296
6843
1195
4758
4342
5378
5380
7619
4154
2670
184
1019
884
3767
2669
1400
7740
7083
3313
3962
5326
610
4227
7421
7885
959
66
4003
6586
3837
5211
1420
131
4988
5144
6443
5131
3912
3137
5869
4987
3600
1286
1193
5726
6626
6515
5332
99
5200
1283
44
5531
5130
5375
1512
1000
432
5626
6189
2168
1759
3043
5340
3636
5957
5978
6971
4562
5888
947
6324
3878
353
116
4706
6527
6548
6019
5777
4910
2084
1934
6167
381
958
7569
3654
750
6298
6333
7037
4372
1576
6138
2356
7972
6606
775
5278
1118
7110
2267
2755
3848
6076
3318
3133
2265
2434
1293
97
5346
2440
7513
907
2441
7651
3696
3121
7624
2541
244
3434
16
3704
1393
1738
1681
1578
694
4238
7381
4183
5396
2040
730
7520
409
5180
5479
4544
7104
5249
6699
5340
7225
6370
2707
427
4893
1973
7388
4292
2266
4894
158
3099
6327
2433
1432
734
3419
2057
4731
5515
1580
2348
4906
69
3354
5902
5483
4039
4132
3470
5351
7246
3566
6840
600
6353
5107
5235
1677
1550
7894
7995
3203
5302
5613
5592
3731
6228
705
1643
3495
3738
254
3953
2339
5258
4243
3332
5984
4928
981
6623
81
4612
3192
7634
297
4122
1595
6320
2861
7844
6908
3004
5390
880
4927
3187
3951
3844
964
1227
2903
1179
5552
3802
3256
5161
7343
7265
4424
4579
1005
3160
2663
2185
6898
5137
2684
3611
3325
7166
5313
2339
7991
4949
4470
3281
2914
7473
2081
6064
4017
2458
7210
2878
5306
793
2091
1961
3125
927
3642
2849
1391
7439
584
1935
1807
253
4474
4370
4748
2701
1322
7089
2222
5034
7536
3126
2985
6313
5440
1280
6101
6641
7760
4132
5766
7367
1454
5323
7242
5830
2496
5497
5645
4516
5212
485
2040
6428
7772
3904
4043
3190
1832
2830
1344
3715
7007
705
5474
5998
921
5431
4121
5784
2120
4169
1927
3948
4616
7848
1068
5301
4170
6940
4957
3796
1995
328
1622
4892
6963
6174
544
5226
1694
4127
7481
3383
290
7685
523
4962
672
6499
1458
4187
350
6600
2720
5900
7961
2457
461
2134
1325
3538
3292
7878
4808
3166
7717
7502
345
3287
2438
4317
2052
5931
2555
5802
1298
5563
7015
6856
5062
115
6309
5996
3227
7756
3614
5880
3018
5609
4599
491
3414
7082
257
6136
4103
6413
6971
391
7329
6726
3919
4574
7363
854
2787
4421
6693
6853
3114
2088
4581
1434
7996
5252
2734
2474
6743
3395
5031
679
2993
5336
2822
6888
1120
1172
5428
852
7404
499
3366
30
779
2238
7956
3007
3089
5090
7983
4493
2121
5287
6417
1862
5537
4357
7387
2357
2228
953
5257
7611
544
6594
148
924
7939
4710
7952
2105
1886
3205
4824
2478
1856
2431
690
289
6350
5506
1152
2029
6482
4322
4059
4865
6239
5485
2952
3004
3381
7902
1719
4834
272
1968
6613
3569
5494
4712
3553
5411
3382
2476
1489
2097
6944
5744
3296
3725
5684
5339
558
3970
830
2944
1975
3950
473
3640
4659
7102
5235
6789
1453
7638
2415
6767
3811
3536
3770
6714
4618
6955
6185
4562
5057
2458
5859
5122
3189
7348
5160
6506
4704
6277
1767
7270
3450
7192
394
4459
7308
7406
7233
2430
6640
2191
5394
932
6086
6658
1347
5199
1314
2082
2189
2483
7211
4935
4825
301
4846
7814
5203
1167
5005
4189
6019
5052
7538
7051
4076
2640
3585
3794
5842
4944
5944
1108
3217
1589
6630
6599
5527
3654
4755
586
7102
5326
2381
686
7936
5384
5328
3260
6610
4854
6503
5484
366
5776
7873
1701
6252
5125
2198
7563
4578
1652
11
1335
4920
6954
1416
7611
2354
7934
5958
608
3094
4881
6700
2441
7368
394
978
715
7519
4444
3024
2681
5838
5118
4356
688
91
1721
88
6857
4632
5622
4137
2257
4072
4610
7555
3984
1261
2570
4649
5700
2589
4136
3539
1561
7718
1615
5042
2270
5554
6632
911
5338
290
7884
5169
6336
7115
5209
4495
4151
7657
7912
2110
6558
344
1774
7678
6206
1007
6201
4886
7943
7545
5579
3923
695
3913
224
3095
2489
5940
1628
1016
2759
5953
2754
6546
1936
4669
1877
5528
2298
6555
876
7658
6287
1975
1334
15
5030
1492
2518
5660
590
6703
2666
6454
5997
6303
6434
2476
1910
4388
5695
644
169
3032
981
6746
218
1922
7111
6704
563
5079
3718
335
4953
719
2662
3958
6739
6345
5697
2130
1456
1076
3286
5736
842
1826
1185
126
7994
4903
5932
1352
6127
385
6388
4012
5610
3879
4164
443
6752
233
2377
1671
588
4767
1028
3626
1680
7997
7558
4892
97
4730
7635
4262
1820
7594
2272
794
4142
4452
1555
7117
4618
4917
2817
5278
6101
2856
4001
5898
602
5569
6941
4538
6016
6152
2254
7605
5529
3121
4313
3438
2063
3103
7142
3804
3921
4926
2847
2581
3858
2840
2377
4941
4337
344
5664
687
4690
3853
6951
3124
3764
5236
5849
7275
2091
6962
267
2827
4172
230
2449
3363
549
2718
6007
1530
2672
2726
6275
2781
6212
5735
5724
3348
2372
3280
5519
3880
1848
5327
2060
1895
6104
6381
2408
5835
6054
7202
7588
3875
2696
877
3554
3348
1215
3431
7994
3268
5886
4263
7009
7363
1011
772
2052
4597
483
3754
2930
6361
4268
5565
7710
1574
1751
765
1714
2599
1678
2546
218
2421
4637
5156
3501
7281
4754
1687
1010
347
6267
579
1563
3480
4918
1143
5611
2551
401
892
2494
5827
2749
4892
4894
2486
4135
6279
3373
2143
7875
2573
7162
7640
3239
303
1473
1892
6215
3227
4481
3595
7821
259
1169
2415
5626
5576
6807
1926
7073
5975
2476
2272
5153
4939
7343
4564
4372
4707
835
3902
475
767
6639
2315
4018
115
2214
5811
5114
893
6204
615
639
1878
5974
437
6823
3146
6885
5693
672
3552
2538
3280
3449
4845
388
3585
2982
4476
7814
5451
5070
4846
3531
7346
1193
4145
5471
4541
7531
642
3877
1528
4112
4187
4501
7648
2803
1417
352
5893
1008
4215
759
4867
2873
7505
7545
6897
7449
7449
3887
7255
5827
3269
7307
1780
3019
2147
2546
2803
3303
2001
2397
1934
3857
2723
7376
3486
5399
7986
1058
726
7326
209
1829
4800
7810
6860
327
2106
2396
6376
422
643
66
6692
4647
84
1304
2731
6612
7332
3006
381
921
7894
1334
4272
1134
4006
4284
4580
3722
4162
719
3844
3074
5605
5150
635
234
6067
1134
3840
5147
3759
3585
2499
6120
738
2615
1595
1991
982
5690
6946
1736
5393
6097
5170
2032
1049
7997
3750
4623
809
7641
1879
3586
2513
6932
7887
2489
7821
505
2072
4929
6023
7362
7551
4862
2786
3269
2716
1281
734
1620
5906
7345
2182
1091
2816
1281
3846
5117
286
7993
6887
5975
2621
4819
2440
602
366
7037
4685
5504
3743
1559
4357
5877
1795
1301
7506
6438
2846
4987
410
5339
3983
4117
5692
5521
3093
7164
6133
5068
4574
2304
4311
567
2080
4511
7791
1238
7545
5875
5612
2348
5141
4225
5745
2811
3800
6799
1501
7997
7728
2166
7857
5754
549
2176
6036
4986
7338
1495
1075
2263
7867
3715
2186
3489
2806
2115
1762
7261
3680
5218
2038
7922
3023
3810
2456
5963
450
4305
3246
609
1612
7822
1981
2818
7715
4378
616
6106
2361
2640
7394
3174
6668
6853
3789
3922
2819
3209
6497
4458
4740
2246
3630
6477
118
3242
6928
1069
7503
2158
2401
2993
1945
3539
482
5991
2320
7542
4446
1600
5980
2707
6343
4175
2295
3468
564
805
3009
1894
3195
6956
369
1995
6791
3592
1119
4930
115
4105
985
2733
2937
7944
90
22
2042
1508
1517
4440
1195
113
2508
6105
2115
285
521
7657
6162
6095
5562
7895
2040
6096
3256
64
1370
1524
1285
3594
5961
2073
1296
6289
1295
5400
6849
1271
4014
3200
4289
6007
6019
1091
320
2525
2904
4587
3094
2310
1709
443
2750
5443
7916
1705
163
7101
3211
969
438
7652
1787
2598
1301
5494
5036
2368
3888
6955
1696
3539
3406
2427
5216
2963
5715
4796
184
5175
6976
4684
6548
5888
5723
491
2531
2559
7745
1197
6312
7647
30
607
6222
3313
7348
6174
7722
4195
552
4705
5335
2911
7497
218
5033
542
5798
7482
3912
5851
4671
1723
759
4806
7144
5523
1438
3309
6634
2095
5154
3432
170
704
5450
3337
5752
5635
6376
1227
1226
5782
6399
1061
3098
5330
4389
4197
843
2192
432
986
1088
3791
5890
6583
6366
1391
4025
4385
509
4920
5048
5940
2947
1403
4747
2905
7364
4625
3269
1087
490
7691
7151
3942
2540
38
3530
4204
2156
7169
3132
2996
3148
3413
3628
2490
6662
3003
1991
6435
1437
6637
754
7457
2586
4296
1166
6705
3920
2711
502
5490
7374
1490
6239
1415
55
6469
6632
5407
4805
5286
3307
814
3136
1160
7559
1380
3662
1350
4078
615
5273
6287
3472
3335
1013
7490
4560
2748
6617
5307
4828
752
5395
1223
5818
367
7546
6726
855
7934
5534
3414
4364
3920
933
3873
5123
7420
5254
6213
157
1315
1495
1104
7279
3499
1959
2113
1847
995
5499
1146
851
3171
787
2516
2522
1605
3731
7235
3625
1986
6103
7210
5337
498
6960
939
260
6449
457
3051
6306
5801
2022
5282
7130
4696
3785
5121
81
7536
5246
6029
3415
7487
5116
4164
2136
5285
4380
4511
4669
3609
1350
1100
2718
4972
841
959
3056
4168
7110
4538
2061
7925
4256
873
7429
836
1614
5703
130
7477
2683
1111
497
5298
302
5901
5588
2836
1573
1303
4978
5918
6173
6419
4141
5511
6392
1589
6998
1965
3170
1986
6433
6308
5753
5358
7896
1997
4749
5698
6609
4030
1971
7664
3008
4661
7891
7952
1367
7788
2438
2596
883
5129
2996
5588
2753
3040
1410
293
2971
4821
6756
4387
4323
2389
7250
284
986
7820
5032
6148
7907
3417
3779
5461
6824
1617
542
5181
3423
7948
4344
4968
7602
7857
1882
2833
5438
613
2296
6623
4745
5243
3609
2707
4195
5331
150
6217
5612
2910
7303
7505
7693
3709
3234
2924
986
4974
7341
6501
5131
1369
5020
3537
1364
5219
6020
359
4928
1351
6933
1781
1913
5997
5157
2159
617
3723
2003
1143
3542
7060
588
3329
6170
6122
3183
6156
1999
7461
2814
2707
1738
2837
3711
2591
5711
632
7579
3959
3762
3809
4195
6370
4869
597
898
340
4698
1036
7358
6883
27
3996
1006
6416
1244
3145
6546
6206
1178
6397
3962
3694
1562
179
5875
174
3818
656
5574
5196
2932
1552
122
71
3615
5857
774
2654
7871
112
4422
6522
7477
563
2203
2098
4136
661
5695
465
2043
3197
7647
1253
7984
3547
6165
2267
2752
6133
7509
125
5045
2504
7165
2662
379
5056
3241
6063
6589
1662
6337
1397
6176
6565
7989
786
6205
1842
3136
7536
5184
1381
4919
2209
6509
5180
1379
495
7731
7531
2927
4710
1102
862
1663
1133
6728
1148
4235
378
6834
2286
4354
4618
1001
718
7748
5436
4840
6032
1115
4956
4011
6065
6119
730
5676
6391
704
318
4573
4525
3489
1245
5503
10
7684
68
2014
1781
7351
6697
3943
5584
5358
2094
2481
5188
1879
4455
4634
7871
5819
3371
7320
7234
824
7802
2073
372
2276
6731
5895
1236
7892
920
3168
7343
5876
2078
2342
5242
3725
7517
5227
6282
1226
4128
2090
6624
2777
3425
2342
3158
1761
6760
4160
42
6217
1973
6971
1135
3322
2931
493
2746
4243
3326
1728
3112
299
962
832
3846
1107
6273
4516
2138
5629
6959
7412
1437
4406
3394
3511
6426
2780
4249
1573
5193
6887
58
2122
4750
4152
7450
408
1979
4775
7501
2118
1802
3141
1870
329
5584
4185
6353
2252
6658
2375
2443
2883
1237
3678
1993
3975
7828
6015
3665
5762
3330
558
2050
6310
1778
5468
642
3808
5274
2239
3085
4246
7952
1190
3072
1481
360
535
2784
1254
3083
7438
7800
3832
1944
7675
7791
5354
3213
4237
4175
1437
4240
1210
7854
2925
5471
1330
5587
5131
2010
1510
524
2845
4689
6092
4423
822
624
333
5913
2161
5444
7240
7461
3600
6498
6050
4627
6096
7144
4098
6683
5990
4283
6654
6400
1633
7468
6812
3338
7041
6246
3314
1688
5271
2240
2896
1676
2031
6172
6027
6114
4362
578
6809
1069
6646
312
2860
5105
5874
6229
4099
37
6233
1566
927
2990
7
1413
3559
887
4032
5000
2723
569
7954
134
5607
1714
2666
1156
7574
5586
95
6824
4946
3963
5061
4366
6532
2118
6272
2382
680
3139
3049
3998
1643
2792
7235
2056
6765
1625
7971
1410
77
7425
4056
4683
1878
1272
6389
6585
747
5115
6365
2020
2942
3707
3053
7804
6530
7679
1494
371
7541
2038
4833
5315
5196
7604
4061
6381
3160
6951
4181
7582
6948
7690
2199
3805
6676
7547
941
5755
3429
3317
7508
3963
6018
4000
5231
5102
7337
647
184
5186
6213
3228
889
3207
3598
4649
1445
2849
3393
2468
4136
3947
4969
4897
7010
7185
3177
3816
306
1708
7793
1267
3224
1640
771
7023
7662
2092
2854
3651
4868
3126
2698
7879
5798
2468
4529
3554
1522
6829
1057
6068
270
679
812
6690
7694
2905
3790
1445
3915
4828
1828
105
248
2663
4971
5449
3883
5996
1432
3800
4217
142
5186
2385
7269
105
2385
1146
6537
1788
4525
3451
2654
721
4930
5549
2122
732
177
7448
2456
5885
7073
4781
6019
7636
7359
2325
262
5322
5141
204
332
2707
2183
7461
735
3209
2736
6409
6698
6799
7138
5365
5628
3961
5103
1114
2286
272
7814
2838
6768
5430
1652
5682
1823
1969
4153
3711
1787
437
2635
2929
1041
317
155
2024
1266
7903
2875
3784
6200
547
4753
1797
3313
4721
838
3438
2839
3262
4039
7117
1371
6776
4670
1957
1427
547
4754
370
7650
6730
773
5039
3872
4214
1795
7592
3801
985
3433
6769
7566
2293
2255
3257
7470
3457
4352
7628
3685
5177
2822
1394
359
138
7715
1110
3905
6137
871
1719
3611
6540
5154
1624
4554
5701
7091
3209
1341
1371
3709
4788
7960
5883
3529
3906
499
6099
2578
4638
326
6554
5904
3113
4150
1531
24
7394
158
6855
3365
600
6605
192
3056
6540
164
1367
4505
5658
3781
4119
7669
4024
5635
7297
3970
6766
3598
1260
2204
101
6007
3147
6479
4865
2956
5091
3849
4486
7972
5407
4135
3261
6449
599
390
6162
2589
5357
5074
1456
2674
6202
2557
943
3893
653
2887
98
1742
4424
1293
7984
1646
5417
6466
7912
1566
4622
59
6884
33
7314
7294
5464
4742
6345
2016
2273
1982
3414
7255
7691
848
4977
7109
1259
4664
7371
7958
1549
5845
6670
4381
3603
4335
2862
2567
7029
6113
2674
6305
6798
3868
3569
5753
7731
4327
5367
3896
6798
3731
6054
5142
5005
6240
1349
17
1363
2311
4540
7762
2694
1296
3574
3281
6607
3883
6812
5729
446
5263
1766
3602
7416
5351
7041
6962
4131
4369
4009
3122
2766
3585
7428
4079
2368
3633
7814
6087
5869
4920
3777
6773
996
7774
2009
1742
5844
3040
781
934
7003
1901
6595
5367
3461
5016
4143
2517
1654
6060
6578
7447
2728
2890
4237
697
5074
4364
1876
1834
2185
7956
2822
1082
7210
6606
3240
3869
302
5509
4840
2344
3275
4045
1096
7771
7740
812
5162
1625
6908
3828
3041
4915
3708
3131
4071
2780
2510
1568
2636
5509
1442
6777
5644
3053
5814
4812
7697
655
5363
1832
809
5764
5120
4558
7630
3939
1329
2509
7099
5577
6051
396
1400
3629
3377
650
1059
7688
6226
6627
1879
304
6544
3461
4264
6887
504
3975
1357
1992
6274
4431
299
7641
1912
6617
770
1687
2061
1963
234
3143
5034
1049
7786
160
1344
121
6181
4085
4161
3276
3556
1047
3599
1886
2594
2387
836
4288
6399
8
4752
5530
3017
6627
3185
5465
2172
4021
4354
470
2771
6347
6527
6269
6249
7730
2154
6357
5093
2257
6565
762
6970
5930
6647
6094
4795
2584
2178
2964
145
1156
113
7012
2857
4187
3917
1758
160
3157
4327
3458
6673
3913
201
2858
4488
4338
391
6846
2220
7673
3494
6095
2542
6506
942
2440
7947
5139
3368
5146
1044
739
6303
5020
7094
3828
3028
398
1920
907
6936
4630
1482
4116
7374
180
6658
7947
7747
2812
7550
7689
4031
2564
3632
5242
5164
3340
5114
2436
6266
5315
6961
6916
7303
1245
2001
1674
6054
6102
7311
3412
1488
6723
992
4927
958
4756
4971
7775
6214
2525
4385
5622
5343
5462
1934
5896
2217
5430
4275
1490
4773
4761
4913
5647
2343
6645
3534
7495
5738
7679
776
2885
6893
4476
1792
7008
2413
6388
5554
3314
201
3771
3506
2488
53
1285
155
7294
43
5194
5395
1550
1817
275
7079
669
7697
7224
1914
2965
986
4148
3942
5141
2087
1985
3397
4904
945
2517
5651
1527
4223
1736
849
6039
5234
6749
7130
5797
4919
3058
2871
5375
7998
5963
3513
5033
4968
4912
1744
5519
1094
2944
51
7123
6721
239
4112
7643
7680
3317
172
4618
7520
6592
1741
6386
324
6405
957
232
1135
2075
361
3121
7851
7893
233
7000
7817
6151
7425
7138
4582
47
7863
7505
2301
5132
667
1223
3792
639
613
7125
5584
6636
4745
6052
3393
3635
4541
6207
2269
4771
118
6086
4461
3875
5445
5713
4537
2407
4365
538
3872
2899
2420
2159
4181
5248
1075
2314
886
7842
1637
1394
5564
629
3963
6751
6874
2161
4749
2273
1626
1341
3040
4496
5256
6718
887
3591
5455
4340
3731
6799
7544
5325
7634
4211
414
2912
5410
4507
5321
3759
5860
489
49
352
1121
2300
140
3246
5101
5052
7303
5950
6399
1629
1846
7346
6495
5608
5579
7923
7887
7942
3072
6914
4476
6761
6172
1717
724
2548
6743
4093
867
5016
4831
7844
6451
460
2895
98
6743
4104
936
259
7520
167
7650
848
3978
2071
4820
4211
2112
5673
5888
1564
2608
7359
2629
2434
2909
7791
1197
922
4220
6135
1207
5844
7975
7329
505
1041
6107
1253
920
7144
1296
5061
7721
7363
4664
2881
1210
4635
4006
4835
7077
4085
5090
6732
381
5374
5685
3858
2699
955
7710
1193
5242
1445
4656
5920
4457
6757
2643
3576
6439
3717
5360
4619
1150
4991
1179
2602
1320
4482
7968
3372
604
1907
907
2248
4339
2380
7132
5838
5311
6134
3331
4692
6812
4274
6849
7200
4951
2422
3813
2531
7554
1927
2632
839
180
2239
5102
956
6071
3903
431
7013
3629
5787
5007
7557
3328
503
1615
199
7792
5788
7533
5494
563
5297
5649
7283
7330
6783
2717
6172
403
3292
3171
65
6484
7658
285
7338
6838
2172
5178
2706
6579
768
1509
998
7602
3127
7724
1103
5866
5458
5765
7170
5885
118
937
2834
3476
4837
6205
4430
4904
4584
3572
1929
6470
2831
1099
6173
5915
7590
5403
5732
3636
1993
1890
7934
6505
4351
3356
5911
4953
2640
5117
6709
2394
2547
2935
5489
1877
3339
1441
6640
977
919
3516
123
4827
1372
2015
1506
4565
2381
5333
533
2116
13
5000
6147
5816
7582
3384
1042
5249
755
2372
4492
6071
1322
5184
5428
1929
3580
1200
1765
96
3826
973
404
2361
7651
3554
4927
3140
913
5972
5381
5253
7472
6280
285
3195
1227
4188
412
2388
4678
3042
6421
2942
1635
1335
218
4084
7966
7795
3238
6688
3417
2217
529
7570
3789
4819
4587
6500
1297
7132
4711
2500
893
2116
5291
1077
5467
2372
7417
5559
3472
6488
1676
1620
3681
4804
6282
7833
1245
2582
4454
4683
1816
7450
2630
2861
4869
1306
6666
4551
7080
1278
5256
1291
7298
4826
705
4318
5590
3499
147
5404
7892
2764
898
7160
7858
6287
4039
1324
3784
1931
1434
1687
44
1064
2427
6260
1706
1755
3063
2330
58
7871
3588
7256
1400
6
6592
5162
5874
3591
446
1672
49
681
698
7081
2396
1162
2676
3076
6438
2573
6681
4537
5009
3700
4032
4918
3303
3974
7782
7788
1382
7752
2509
4106
4324
5710
69
5115
4313
2643
5092
3367
3825
611
3309
1109
3810
5404
5318
5973
3594
7566
7897
717
6167
5416
515
3169
7059
3060
4832
5391
3715
2537
1483
2568
1658
3269
6747
2370
7563
3854
6765
1382
7994
1481
3738
6648
848
2612
5220
2562
4632
7001
5562
7992
2986
5537
3790
6512
5141
7488
6313
990
662
3277
3255
6420
2905
5738
4151
4720
941
4020
7307
4081
1987
5920
5098
7157
1170
4961
190
353
1886
458
6257
6583
4747
4276
2840
1449
6846
412
5576
4178
5148
1466
1276
4009
3293
6640
701
3361
4888
4506
3637
7682
4736
2654
1322
3503
4191
5479
4414
274
1904
5531
63
4166
7101
516
4124
5451
1440
7154
2084
3675
5538
3190
6460
6732
6999
715
954
1686
5524
668
3769
2460
5161
38
7994
641
88
181
7335
918
4354
3328
7961
1795
206
5132
2053
4837
4606
6720
7079
355
682
7906
5698
1868
5730
2072
2991
1239
5668
6190
416
7576
4916
6702
5734
4830
3254
4904
3663
4681
4762
5557
5112
1881
3713
5142
5224
1742
3232
4179
4924
6218
579
5622
6768
404
601
7496
7529
7134
4585
4957
5062
2436
3029
762
6333
4871
106
5119
800
1761
1200
5684
5332
6017
1465
7130
112
488
6099
1559
398
7416
5858
4855
6683
352
484
3984
2074
4114
2026
6933
5691
6840
4743
2820
1635
5194
5736
6245
4020
1776
5019
5099
4289
2377
4088
7402
696
5212
7450
4284
5209
4678
823
60
4953
5220
3351
2855
5287
5791
5979
5489
6661
6528
2702
6560
7569
2611
5518
3502
7984
7949
748
3656
917
1253
2732
5000
7005
936
3435
7165
4111
5593
2653
5880
3693
414
2864
5457
1853
6013
6017
1666
591
6909
2302
6021
7544
5583
1620
4900
7078
1937
1008
2223
675
872
2760
5600
7354
5667
7451
7900
5273
1609
3071
5338
7943
6401
6409
2881
65
3977
4176
2887
2974
5452
7729
2047
5422
41
840
3652
4557
7865
4632
2156
836
5542
4544
5400
2276
7049
3881
4475
3247
3527
4108
4279
2827
446
7800
4105
256
6928
3931
3120
3720
686
5750
4507
5683
2601
3665
7270
309
6515
4522
896
6059
1192
4134
6004
2803
7344
1288
3061
7589
6951
1125
4594
2995
7309
1271
896
7734
1750
7527
4360
7235
4002
6803
733
717
566
2492
2464
2533
7564
2743
7811
2708
1997
3681
5291
6161
2393
6640
294
2714
7916
2869
14
5720
6672
7113
4552
6067
3900
6652
6482
251
5005
1120
119
3993
6047
3613
5262
6542
350
3729
7491
619
7960
687
1308
7185
2944
940
6254
477
1164
6081
4592
3312
4207
7532
338
87
3823
3859
2547
5436
4318
7463
7253
230
5580
1446
7705
6541
6990
5273
3105
6084
965
4755
4507
995
4164
7070
3747
3972
771
2640
6910
182
6213
4824
5522
4802
2895
1330
7131
7738
3803
7579
1629
7120
2505
7198
2454
173
6802
4776
2023
5767
4359
217
4919
7451
1522
1052
3263
7734
6028
6626
3418
982
3413
2314
3891
4803
4379
1102
490
7216
790
6081
6690
293
1995
4509
6210
4266
6180
6776
3786
1911
4849
6594
3735
5586
3679
6929
6818
1863
15
7809
4244
7447
3502
6733
3352
3525
4122
478
4380
2067
6194
2790
509
3988
5959
1330
1961
121
4652
4123
3931
3145
6411
3784
5013
1098
3559
3716
5740
5128
1484
6106
1348
3484
1262
6786
6468
384
3010
815
2868
6741
1812
1612
4732
5633
6589
7381
7827
622
3330
3338
7211
7801
1639
1351
594
1024
5764
4886
1912
6919
6294
534
1655
3241
4799
6873
5549
3206
7537
4032
7023
4649
7578
4058
4614
7925
7342
2687
1000
551
2968
4608
2795
4140
7899
2612
860
5692
1751
5328
7519
3477
7968
6983
4369
1075
844
407
4798
6310
6382
132
3405
7949
111
1021
4286
2495
2801
3962
751
4732
7302
7008
365
940
7269
6263
6078
5592
3040
2929
2304
5961
3661
7402
6034
721
7794
5912
77
4796
831
4032
7816
6818
2462
4250
4887
5338
4329
804
5054
6255
2535
5669
6172
5680
2892
6083
7185
2505
878
5477
2589
6256
4469
4473
7824
2599
4278
2568
4731
686
3609
6825
2742
508
7148
7606
3212
1623
1026
137
6821
3654
5983
3526
4225
773
5947
2994
3726
5111
5387
4908
2206
1755
3034
1407
6855
3417
2044
3964
2191
3043
