5769
1580
3411
5925
2812
7864
779
1356
5827
7855
5403
5741
6817
3895
4215
6116
156
3248
3524
3704
7037
1282
6152
4313
2784
7911
1466
7636
1480
5876
3898
7898
440
6783
4348
4135
2057
1175
3245
1748
3098
4477
2090
7313
2014
3191
3841
3225
291
470
3668
746
7825
1963
1604
6562
5485
2609
5253
7647
3811
2095
853
7674
1160
6902
1674
5441
6845
3322
5273
1632
1004
5485
118
4095
5978
4561
6882
864
2197
1474
7262
2300
5854
3533
6411
2317
7917
685
4839
4308
4346
1667
619
5244
7723
471
3512
2293
2449
2038
7806
102
4868
3240
4241
4636
257
7122
5931
2743
2790
4201
2691
7924
912
1016
2925
5629
2091
7091
733
241
7061
4786
6823
4132
3931
4008
887
341
2253
1712
6686
4175
2665
1408
7887
4059
2544
3440
3771
5772
4988
7088
3903
6727
6530
186
1589
3407
1657
721
7356
1508
1068
6259
6170
3967
2460
1317
7198
6019
5910
5193
875
487
2555
5009
2079
6780
5033
2008
6601
6303
5857
3476
6656
7131
7515
7586
452
7293
6099
1147
7311
372
7840
1760
818
3025
4424
4910
721
6804
1470
4796
4899
4904
2353
6734
3252
5127
1163
4717
4567
5877
3527
3781
5551
340
1999
2375
281
6021
43
1982
5788
3771
6735
4183
664
3410
4
5086
7806
5341
5020
6589
5089
6659
7872
4461
5863
1184
1798
4979
1961
5965
7950
6287
5307
2745
3190
1468
5813
7273
7852
6353
7233
6044
1569
4313
2466
4240
935
6442
128
1940
1820
6402
494
7245
967
3237
1894
2142
484
7548
3163
5602
623
6169
1190
1767
668
7337
2114
5363
1083
2873
4595
4636
6679
3684
198
2658
7866
3357
5761
3530
71
2692
6496
311
1035
880
1581
7818
2787
216
6427
2908
7840
490
6624
4350
7397
7100
5062
1754
6389
1464
874
6669
2577
6000
3405
1095
5141
5744
424
2398
4224
3125
7692
1223
751
6520
1062
5011
5910
3695
7169
4330
7610
6869
157
2566
6372
2111
703
5165
545
2877
5436
7704
3597
7474
7649
6751
7468
1939
755
4650
5649
5654
2683
82
2419
5391
5719
4464
2450
3142
7713
542
3794
397
4809
1750
6437
6691
1578
7776
2752
7338
5275
756
3181
7412
5478
5145
7910
914
6589
4266
4085
1162
954
6556
177
5759
2238
3401
835
7746
6030
1156
6722
390
3525
6905
466
2538
5884
7225
5784
2090
6629
6926
2434
4253
3556
1349
2258
1371
1751
860
4985
5062
665
23
1235
7918
2798
5840
975
442
1079
4584
304
2523
1817
3429
1863
2434
2673
7787
1927
3157
6248
6443
6641
66
6127
6212
5631
4344
7401
7338
743
2011
5616
4730
7887
2032
3960
4913
7044
3030
2606
1949
4840
3886
2592
1003
7089
3627
5342
3643
3417
2044
7728
2898
1624
5051
6533
6409
5707
4630
2470
1487
7103
149
4559
4779
1722
7198
2465
2022
7783
6260
1476
4218
888
7882
4812
5476
3675
2910
3536
4032
646
328
5917
6152
4343
3435
1547
1452
7805
4653
2564
4734
4709
1123
2860
2172
3208
3399
4582
1010
2875
7873
6337
4572
773
4263
5251
1136
7217
4790
1545
3971
301
2194
4469
3718
4381
2915
1295
2203
7163
7624
747
3160
574
1855
2685
2889
1117
6709
3164
6919
7365
4728
7079
1544
541
6666
2767
6772
7047
6139
2882
5497
7700
7558
4251
3560
1606
2005
85
1841
7681
6995
3081
4018
6017
3570
2206
6511
5655
7915
6784
5365
5268
7267
1943
5909
3725
6072
1148
5581
208
494
4048
6494
3166
2127
142
4378
7690
6650
1456
3534
69
4032
613
3475
7212
3087
4859
6070
6154
6745
2497
7914
4360
5047
2225
4237
844
4875
6624
3685
2875
3414
6960
1518
1771
7741
2084
659
6711
3835
1318
2517
2092
4948
4756
1060
6290
823
4421
5324
1083
2507
1761
6764
5558
4507
733
1876
7744
4440
5570
1709
5897
5166
3021
1257
33
2326
4238
1314
1725
5771
2254
7334
290
4258
1719
1074
4085
4929
441
2055
2233
4404
7861
7895
575
3629
7608
5095
4487
2907
1190
4353
187
3557
6566
2550
6253
4195
7993
3879
5026
4105
5178
2689
5502
2349
5878
2397
7469
796
3360
7132
5475
6881
4345
239
5674
7045
372
366
4348
820
220
6562
2538
7574
4804
5842
5085
4070
2367
6383
6003
1686
421
2004
5118
5931
65
3890
5723
1471
6278
4556
4352
4441
2507
6123
5920
3807
1897
7910
6822
1376
4748
4292
737
1491
1569
66
5389
6922
5528
4171
3749
2115
3375
7161
4388
2999
7473
7022
979
4785
4055
6396
3385
3952
3534
4998
1866
3636
5919
5978
5881
1398
2892
4327
2678
7364
3759
503
7082
595
7159
4580
1422
3285
3005
6919
5309
4760
1944
843
2454
1898
5928
661
4233
6349
890
3120
1490
5599
7836
5300
5822
3274
5041
3324
1923
813
2267
5930
936
4644
684
3807
6109
4647
872
4034
7784
1455
2931
7833
7967
428
2950
768
5343
6834
1604
3617
1397
2609
3720
6382
3294
3682
2934
6483
5192
2798
2725
6377
1198
7125
2637
7239
2346
3258
1726
1080
1017
1682
6083
3238
145
2868
1024
5983
6892
6424
3511
5675
4559
899
2505
7633
2997
7181
804
3615
2289
2241
4945
6819
7630
7160
7822
2249
4065
7249
7665
1187
2484
570
242
464
1659
7429
3288
7511
7371
1886
329
459
4911
1974
219
4731
1741
528
3595
673
1687
195
27
7411
224
5343
1280
5725
4154
4870
2249
4707
1833
814
5330
4095
4423
6974
1220
4738
5788
738
3730
6272
781
6187
4986
5076
7303
3049
3222
6423
5914
1042
2321
5612
5310
6560
5090
2275
1036
1036
6243
388
3571
4897
201
3301
5744
1236
1699
1435
1597
979
1818
7732
1628
6590
7725
4498
3226
4261
2606
3319
5845
3655
2199
2028
3721
5202
1232
6136
6505
7237
4747
723
154
6333
970
3317
7115
7637
6842
6231
7066
4964
882
5300
7252
6265
6370
6327
5075
5148
6670
398
6591
2655
3910
7022
3267
4924
3866
3624
1638
6280
353
829
2769
422
7299
7294
4531
6377
7155
6678
3037
3120
3455
3048
4724
2094
3793
5663
426
7916
618
3394
3224
2230
3860
5112
4363
3471
7523
2806
1521
7874
3500
3265
3311
7473
3207
6223
5509
7191
2769
4677
424
1128
5438
4725
4547
2432
2955
379
5510
4930
3768
6643
4258
4232
5375
1854
3491
6442
1504
1446
3432
5478
3057
4027
689
3697
358
1086
1778
1130
7253
7696
6894
6167
2865
6179
1494
4132
5021
6975
2048
2537
3145
6485
1043
3434
7813
4155
5951
1819
5371
822
1681
6857
3616
7369
2392
525
5637
2900
5243
5384
214
1228
7909
4431
2234
2939
5818
1868
3476
6474
7528
108
1651
4326
1990
6102
3939
6995
2130
5400
3352
976
2525
3172
5927
1849
2596
582
827
6686
7785
80
5383
7416
7621
27
2211
4192
3948
3638
5773
6251
1156
3513
6478
716
6368
3340
2552
926
5030
4579
6598
2979
251
3263
5341
3091
5632
5809
2186
7405
7963
4975
5138
2394
4448
3728
2957
6990
5534
1427
6294
5713
3383
7416
2665
7510
5010
3551
2780
7599
5388
5180
364
6994
6985
7614
4793
3998
4809
1872
6646
5799
3570
6501
5286
6858
5187
4852
4724
824
7170
4250
3222
534
3518
7577
6499
4798
2331
4263
2111
7577
7121
7016
6635
7569
6816
2845
212
2084
1628
3858
281
4038
6507
7684
2491
1323
4454
7033
5793
3499
4546
288
5815
3492
5265
4653
17
435
1714
5235
6865
3070
381
810
3690
3934
7345
4334
5076
4735
3019
3141
4422
4301
2348
5220
3213
7231
4260
4423
7505
3857
7400
7236
7365
811
5657
6656
5722
4633
3404
1242
3342
925
176
2688
3942
2329
2055
7146
6626
5933
3545
3430
7925
7582
2073
950
4443
6505
2970
4799
6674
4064
337
1782
6147
3062
24
115
7881
711
6099
2492
6928
4524
2617
5973
2482
3391
2890
3349
5895
5073
7888
108
24
3632
3226
3246
7611
6752
3678
7986
7010
5685
3104
3254
5884
4780
5397
1738
1839
3385
7479
6099
99
7505
2382
6942
2512
2854
5761
947
1761
909
1267
7512
1081
1944
5248
2959
2013
1796
7292
2103
7023
6013
2721
416
7060
4962
6612
7110
1917
7559
395
5454
6553
2368
3170
4099
400
407
529
6668
5451
2924
4254
5571
7943
6973
940
1368
3953
1690
7015
2077
2312
6031
2010
1347
5590
4102
5543
865
4698
5892
7534
7543
197
7876
3814
2786
5073
3915
6794
4513
3004
1432
6577
2544
1865
5122
6905
6034
7617
742
1511
1279
73
6638
4599
2813
5187
745
6446
603
6227
7426
2462
2147
5105
3114
4440
5409
761
1030
6035
5692
304
6176
6616
5916
4738
5808
1231
432
6307
6272
5753
2144
1347
754
4080
4377
4918
4353
4541
6061
6336
5920
698
4508
3441
6228
6407
3868
7088
2080
3918
4242
3623
7903
5877
4848
6828
399
1260
7337
4688
4222
1705
1183
7086
6746
1905
4625
3469
791
6853
6168
5446
5988
6270
3362
7503
5605
2484
4130
4221
489
477
2326
3366
6235
3411
6378
358
5177
3795
4474
5030
3295
7331
2417
4855
1215
618
2261
3422
4303
1081
4892
6323
6171
297
2199
4163
3950
1778
598
1620
1868
7628
5430
6326
5083
2863
1568
1938
278
5464
6840
480
2919
137
5331
6745
3039
31
1071
5313
7004
7504
6834
2015
4875
2939
3490
1745
6936
5566
1050
2303
764
7998
6989
4517
217
3405
5768
6539
3202
4515
652
3428
6613
6496
5202
7581
2011
5684
4087
3569
2129
2785
1227
427
6031
6409
3907
1635
6380
4287
1817
4122
1960
1506
5312
1879
185
3139
6777
2292
7625
7813
6056
5534
3938
7027
4382
7963
3018
3101
1185
3112
7830
4295
3421
6318
6657
1602
3743
5061
4465
1891
4762
19
2967
4096
6587
1560
3703
1987
1187
6081
7042
1357
1828
7416
7833
912
1819
7465
7863
660
3989
7035
247
1710
6322
4518
6320
5393
2969
5422
5321
5445
7710
6600
7519
1566
2019
7084
3880
5010
2495
86
692
4490
6248
5284
5974
1192
7544
1598
2775
4909
7169
7918
3478
7431
2711
1457
7013
7211
5274
4496
5483
1735
6733
5517
4681
5815
6595
5494
3857
7877
4362
6413
5178
3450
1981
1405
7119
3515
4171
4910
3721
3693
1042
7788
1490
1188
7322
6102
1136
1526
6765
5538
1022
2155
4964
1269
2852
6766
4955
5233
6517
5910
6924
301
3346
3554
5882
6745
3344
215
4101
4407
3865
3452
3486
4357
5035
7253
3472
784
2029
3385
7639
7098
7849
6387
3775
7296
7588
2518
1561
5314
2314
3389
1223
2179
5755
7311
879
5763
3134
7233
1205
7381
930
7283
3581
3294
6457
2959
2504
7396
5953
4259
1820
5181
4560
4031
7439
5369
6695
5052
1479
971
5084
2394
7132
6256
2040
2873
4513
1443
2725
4892
943
5834
951
3809
6133
558
4264
5538
6081
955
1503
5740
3911
5824
1396
957
7965
3364
4424
7432
1601
7421
3833
5163
647
7566
6374
4024
912
7121
5587
3174
4762
4708
3923
1704
455
2700
4501
2178
4544
3321
2772
4003
4932
7277
1301
7547
4771
3484
5270
3117
604
1799
6822
6308
6113
677
760
7733
1078
6433
808
2314
1732
7438
3205
3746
1504
1617
5216
1364
6866
2248
959
7031
2590
4568
7014
6306
2810
678
1729
847
7952
4530
3552
2287
1521
6256
5539
2366
4877
4598
3963
3720
3258
2
3292
4108
2675
3025
5830
5690
4803
3978
4127
2561
2111
7787
2557
7908
2748
7422
608
2719
6505
7296
5027
5875
5861
2231
5912
2799
5926
2543
915
3315
4960
6067
6891
1476
948
471
5818
2312
5977
748
4180
5723
1456
1823
6206
6629
7217
4098
7393
664
4581
4532
7971
4405
4142
717
7740
5561
4018
6075
2939
3096
6780
4264
5246
2284
3858
1774
7363
6116
1953
4837
6447
7133
2498
1337
4099
3565
3291
1998
3813
44
3092
7427
5429
3019
4870
4009
7945
1838
2744
1491
6975
353
7758
3770
2492
5426
2644
1031
4440
7462
7473
1506
1527
604
134
83
4018
1684
4739
97
4294
505
3655
6890
6361
7811
4182
3055
5984
7894
5049
4038
767
6721
3944
6332
1079
7076
3654
5623
6319
2043
7756
4408
3614
3518
3287
7962
3393
5406
770
7342
4268
1006
4013
1941
4376
4755
544
7099
5675
7713
2450
372
1773
463
659
4516
7141
157
5545
7712
3287
2998
3403
3634
3725
5892
799
1051
3285
5631
1054
3977
5668
1613
6879
7490
4018
1152
5948
6681
3949
1060
233
6751
1346
7218
4673
5337
1288
2619
6831
7480
6519
4851
3218
3786
2538
7837
5978
5203
4564
5557
2031
7041
5847
276
1907
7060
3649
4021
790
1099
329
2615
7480
6746
7639
7589
4850
249
4059
1953
7648
6788
3738
5470
956
968
4487
6224
1760
1917
1337
7436
1268
7264
3574
3477
7885
582
365
480
533
6350
5727
7487
2276
1965
583
7547
2466
7944
5600
223
6035
5328
1452
4541
2232
5523
7897
1452
609
4726
1692
4902
2742
6368
3941
1847
7534
2502
3432
6499
13
5493
6235
1227
3
2332
2006
4655
6369
6204
4302
6719
202
6080
482
2616
76
389
6898
6595
5757
6060
4875
5888
4390
3857
5096
2889
3115
474
3939
6505
171
2226
1919
1282
5694
6799
2169
3161
6840
692
7870
474
5288
722
4914
5780
4710
1807
1762
5975
4883
3421
1638
4167
7852
609
6189
3134
6117
2426
1293
4599
4290
6229
52
320
5788
312
4547
3113
7595
617
5328
680
887
5073
57
3052
6571
1089
1745
2372
640
1626
3051
831
321
7889
7192
6117
6814
3443
2943
5602
2434
3876
5248
5613
5018
7665
2522
561
6293
5519
3484
6283
3177
6466
6827
3230
2774
7705
6628
2453
4388
4040
6890
2240
493
1457
555
6082
396
6177
7265
1205
4351
6761
1146
2847
902
6666
1017
368
1181
6049
1297
3683
6735
3526
1867
1328
1311
3454
7052
1317
4623
851
1129
527
4820
3723
5800
2514
2897
1255
2154
5515
5504
7154
1461
3534
6778
4501
3436
957
4752
230
6407
2971
6259
6467
1366
3848
2511
6887
7546
5262
1419
1984
4302
4417
6925
6417
1739
6377
1604
2184
540
5436
3593
4397
6057
6438
1158
7516
5383
2640
6143
659
4990
6241
3944
47
6504
1969
6512
468
502
2944
6620
7151
6907
2666
666
7073
2185
6106
5723
7119
781
4146
1823
2774
7360
6928
6746
2902
4614
6943
5587
7881
6918
5849
847
1764
2932
6490
5933
7807
2301
2200
6110
2078
6
7154
738
2205
3060
7705
802
3807
4596
3591
2718
4111
3453
4895
5295
4463
7384
7857
6179
1281
3837
280
74
2520
6380
1791
6292
7891
2200
7022
6654
954
5262
2001
1076
1116
7236
41
1019
967
2519
5936
195
738
1361
3409
7626
5727
576
5116
5260
3892
26
5919
944
7348
506
475
1710
2809
3116
5929
3490
5911
3542
6783
6490
7125
6844
7786
7975
7123
1529
7264
2942
1312
2832
6631
7567
3777
7594
5526
5363
383
6436
2694
4923
227
7345
6402
3709
2471
1972
3353
376
3668
2376
4339
4362
7335
3993
4434
6262
4292
6177
2264
1608
5294
6473
320
1486
4518
2747
7160
972
943
5546
667
743
7764
5251
2221
2198
324
179
4859
1942
7923
4123
5490
6096
7475
2930
2007
3281
5792
1731
2702
5188
1492
3734
7683
2065
2221
6375
414
5230
6503
4025
2523
3679
6910
6938
4131
1180
5648
3551
5208
7424
4710
6683
6845
4488
592
6497
6238
7394
3745
239
2573
3300
6120
2412
6784
1093
6333
105
3323
5241
5891
2172
1749
2908
6350
838
3801
4819
505
7107
6902
7576
5900
4320
2835
6803
5986
7151
1857
4911
6342
7389
1926
2734
4423
5051
6570
5524
626
3129
2930
6914
5983
4783
6572
3972
7952
5940
6793
2579
6621
1696
433
3498
5988
7546
6125
6547
3815
4457
4946
1615
2540
3266
3473
1937
1916
2102
646
7259
662
3326
3105
294
6244
7883
1790
3609
2815
3051
1449
5120
7583
1448
3686
673
1565
1717
405
7223
4896
3488
1466
4585
2851
6428
6898
5547
2357
5024
7986
5307
4564
7500
6672
7709
2648
1917
3672
5943
3561
2839
2682
3088
4568
1625
57
5973
6060
5325
7045
5916
7354
4733
7139
3618
5692
6852
6323
4320
440
4823
1292
7829
5369
601
1041
3744
2180
1261
4271
659
4988
591
3676
462
2187
6314
7744
425
1350
7675
1623
1056
7280
7900
5298
1816
7568
2196
7692
6491
7838
5645
2219
3232
5935
5820
7321
4997
7501
5411
3341
2813
2802
5236
120
1240
3036
4637
5633
3789
3077
6014
1560
2284
6976
687
2444
7703
7639
7438
1272
6838
4453
7322
1468
6671
5153
5275
5417
6244
4032
7164
347
6753
5251
1287
207
1119
3000
151
7962
4028
4615
6399
7079
6379
7319
1849
1600
3159
1404
5391
7365
6232
4611
5542
2456
3944
7113
6944
277
7941
7199
7155
3986
280
4866
592
6281
2465
4601
4937
1077
2484
2409
4917
3699
6497
3906
4015
1002
7938
7267
1965
297
1153
524
4906
744
825
7856
5738
6515
7956
2654
6743
646
4219
3721
1048
4189
759
7002
203
6668
5947
361
4163
5261
3803
5669
7271
4934
3054
5408
4218
5638
5641
1591
4527
695
4230
3165
7949
4245
6617
1469
156
4017
97
7617
6094
6268
4298
5508
3135
2012
7908
6816
257
3800
7639
6948
7281
7264
5072
3436
4083
7561
1108
5008
156
6952
2345
643
4648
5121
7645
6644
1773
3224
2822
4120
7055
2228
1264
1864
2621
7621
1627
4600
408
743
1129
3306
6868
752
3794
2611
6129
5554
6808
6529
1072
7436
4733
629
1012
4682
3200
2343
7167
7657
2272
5537
6165
214
5286
2953
5419
4904
3580
7249
4961
4613
3445
1217
3415
1374
147
6681
2053
6265
6607
5942
1101
2584
7513
2289
3020
6855
4100
5828
7885
1543
49
4080
1541
3972
4640
4820
6524
958
5957
4813
2914
6882
7761
3094
410
5600
2613
308
7987
5371
7784
7051
3302
1961
4600
5640
5979
1527
373
3671
898
4448
6774
1097
354
4008
852
4721
1635
4199
5140
1727
2306
3714
7601
354
6867
2567
3828
2010
5787
6402
3990
533
7173
7898
4747
4789
5078
1278
3133
5776
7913
2789
7773
5519
3737
6734
5913
5487
127
7249
7241
2699
5969
7167
7464
3047
2656
1649
5531
6106
3240
306
346
3303
6953
204
6403
3806
730
1444
6271
322
2290
5794
6159
2738
4653
3184
436
527
3078
277
2791
7104
5990
5829
2895
3770
4342
357
1939
3872
4988
7741
4522
7341
3733
290
342
5277
6964
4720
457
2703
233
2250
7506
2916
956
4811
4062
6073
1525
2034
6116
7590
1721
398
458
6266
3266
7116
5259
6819
5251
7229
1840
6214
6804
2897
5812
3149
6225
6879
6347
2924
6886
1512
4307
4213
2913
6594
342
352
4598
6128
6083
200
6699
166
683
6297
1312
373
158
804
2379
5345
911
1722
1100
891
5266
4233
6231
4495
6867
5196
5375
5552
1016
891
722
6566
3718
135
5979
4560
4459
6176
5360
1553
2873
4385
222
5275
5679
3140
6129
7142
2917
3259
2851
4705
2408
4994
1940
7216
7653
7541
1327
2945
2948
2734
1590
6380
270
5964
7138
842
5428
6667
1731
17
297
5865
295
7079
2066
1641
4128
1577
4429
2296
2989
639
3106
7418
4090
198
803
2389
3182
5931
3157
5527
7408
7037
890
6692
1258
7321
4222
3769
1919
4268
293
3229
1693
5460
6252
7043
6952
4942
4998
7392
6898
7275
1130
1221
4740
1232
5547
6169
3424
3229
685
2166
1722
7349
1917
4616
3923
6075
7604
1184
4396
7277
6159
6823
2200
6547
1284
1842
2164
2607
2592
1129
7059
4577
2599
3572
6558
4044
5139
2889
1153
5595
1705
1466
6769
1263
3815
2410
2338
1429
4917
7291
6580
1744
628
7112
959
444
3102
754
4528
3554
5446
1083
2093
614
3824
5786
7569
7292
2988
7693
2378
5313
7021
3334
1261
5002
3654
7506
1729
370
4841
5671
2188
4879
4668
3754
6337
854
1325
7335
1491
5579
6031
2915
1838
4460
3683
5671
7514
3359
4749
5845
7079
4536
107
1967
2299
3323
3792
5305
1859
5597
3172
832
4556
3526
7384
341
1283
6193
364
2949
7266
3294
2783
1318
464
5217
4644
3266
2513
5168
4868
3955
1896
991
3157
7358
4538
4029
1299
3376
3374
1884
7700
7409
748
6735
7823
970
2090
4181
188
7589
7013
7674
7199
4143
4453
4135
3044
6875
3394
4876
6386
7810
2654
3648
3891
4067
3986
7490
3187
7310
3517
7059
965
4408
5499
3669
4582
864
6619
1442
2431
6182
2936
5297
3832
2839
5755
3300
1798
1312
3962
222
26
7396
475
4184
1617
1092
5655
7718
2984
6885
4667
3460
520
5973
6129
5724
1117
3203
1672
202
1011
1086
7281
6972
7435
1727
2249
5404
3005
4263
5808
286
5527
7632
2710
1618
3590
1808
1310
313
6984
577
6909
4076
739
1972
5935
5681
7703
5764
7884
5665
2547
1003
7893
6218
7530
818
7431
6362
6126
5678
768
5539
4892
6512
3834
1184
4179
351
3933
5999
2849
3173
6019
2787
7956
5509
5816
7665
5927
964
7700
894
6150
5620
1614
7866
5013
1424
4686
7573
5045
6965
4795
7549
3252
813
2204
5393
1649
5475
5027
547
3863
2710
5568
4059
7291
6586
1806
3144
2564
5941
6674
6469
1563
2131
4347
2531
4985
2800
3885
2887
2423
3753
1010
4787
7509
6638
6958
6560
3391
4779
6405
3364
2292
7178
6680
2628
2006
6191
1198
6761
534
4907
7053
6266
6786
6164
1312
461
7471
3573
6511
3537
5618
6119
2893
4052
7195
5255
4331
1742
4507
3916
2803
5555
6636
770
217
5535
7603
2721
5048
3738
3559
7791
577
5709
1028
5854
732
1613
2905
912
4822
2638
4190
2539
1462
2892
6903
4131
3350
5920
2431
4949
6895
6759
2022
5601
6711
7993
6282
6095
51
4784
570
7989
3241
4145
283
638
6360
5683
6115
6324
6382
2865
849
2382
1891
4539
4642
3999
2919
6092
4029
3925
4539
7584
7513
3569
3848
6966
7805
2777
2943
4293
3190
7301
3923
5640
1203
6405
5278
3454
4308
1149
7801
2917
476
6978
6317
2373
2523
4745
6836
5696
5392
7185
2566
3586
5261
3703
3130
3264
4687
5955
6170
726
4839
4772
7585
5272
3842
1779
2588
5987
957
388
3488
6228
325
7928
4369
4397
6727
1646
5918
6141
4290
4520
1889
2145
5741
3852
7756
1285
5004
2476
7831
4101
90
4207
5196
7348
1772
6429
6308
6745
5355
5188
5095
5185
5481
1456
5623
4923
1307
5016
7303
5723
6190
2877
2499
2418
4187
2994
5236
926
6761
1411
3941
4456
7571
16
6172
454
3914
5684
921
3445
5960
4015
293
5956
7436
3587
6443
1778
1625
5493
3732
4508
2325
7355
1261
577
5449
3305
5279
5642
687
4007
2884
6169
3238
7129
2183
1655
7653
4154
6885
6330
5533
3729
5558
7608
2982
7056
846
5164
4196
6041
6122
3762
3815
5142
4686
3155
2827
1566
1183
2911
7194
7636
1031
3831
4277
4177
6862
3567
64
4438
7834
4572
6318
5729
3030
5272
3009
1639
2551
555
327
5544
6361
6919
567
2581
5173
4651
883
124
674
7251
5960
4828
3228
902
3046
4636
7296
3088
2766
7730
1888
5957
6969
536
4310
1053
2290
2893
4193
2222
1272
5763
17
3564
4801
2920
1800
6451
4910
3642
2532
4654
3596
5229
4050
1966
1799
7023
4803
1959
1296
5343
4846
417
7923
5875
3389
5428
5154
4009
2080
1968
3899
1832
6582
4808
742
5606
1580
6043
5871
3056
5545
3442
824
1140
663
7469
1215
2481
2124
6451
2944
7649
75
6527
7582
4819
2781
196
1555
5071
6819
1088
3438
3988
2701
7671
1909
1436
2546
6122
1656
4623
5373
2068
6366
4148
2592
5168
3703
5540
2154
1714
4002
23
6348
3873
3737
4296
3622
2418
7423
314
7381
4197
4783
366
2059
2579
5389
7294
4516
4647
909
2788
791
1640
2328
1779
4981
7057
6069
3375
6415
6240
2994
1669
649
6845
2342
5750
7465
732
3311
4324
62
3362
5570
4119
2554
1515
793
7588
2163
6882
3667
671
7885
801
6613
2357
3885
6265
2019
1457
2609
3499
2025
4356
6507
7819
6289
5313
4130
4733
6874
185
3507
194
5302
5263
5654
4794
6965
7422
6502
3097
6221
5293
6343
5534
480
1980
3161
3843
6583
4204
1191
7907
865
6777
1984
6315
2847
4520
403
3028
6533
2438
1191
5349
3366
7960
7092
4108
2277
7102
4517
5697
5212
118
2599
350
7798
1098
1279
4390
4795
2414
7491
1641
180
4732
1608
3320
1987
6729
3154
3018
4487
4577
6968
4888
1409
4438
2132
7523
1628
866
1233
2474
6292
5189
5229
5115
4618
1231
6472
1943
7408
1001
4937
6791
6306
7652
6956
4130
1738
3098
6829
5630
5460
110
6886
2323
3491
5923
4307
1012
6095
7838
1858
5910
2668
6407
4886
2821
5240
6409
4307
3441
1559
4070
5948
4011
2855
7211
7480
3134
5019
896
784
128
7053
486
2981
131
3279
1804
1156
3298
1987
2480
4245
4765
849
6070
161
827
6314
5852
1640
2457
1385
4077
3937
5485
1430
2087
7648
2215
2575
864
7002
3025
6603
1107
5047
3242
61
7456
480
6218
566
509
1037
526
6007
5729
3750
7768
6842
4901
5647
1188
3712
2719
3619
5568
1156
4415
1558
4654
709
95
5371
904
1485
3812
2744
2344
6717
3791
6337
1209
2084
6698
1623
5930
1160
602
4600
2450
7417
4403
2617
1518
4588
7361
7280
2055
63
7571
2582
766
5414
3891
2058
5569
2704
7439
7805
457
4194
279
6717
4719
3969
3128
177
666
7401
7999
4341
4812
327
3881
2666
1032
4742
795
3317
6846
7476
1393
2243
7781
7793
3350
2443
1689
5508
2471
1425
4479
6101
283
5456
6148
6235
5957
4338
5083
1473
4945
266
2151
1852
6292
6755
3870
4071
7042
1272
2729
2667
4711
5780
1342
936
4538
7848
7725
4326
7446
2147
2209
7086
7824
4583
3597
1052
3322
6456
1818
7170
5630
5846
3550
5503
7890
1985
5540
2097
886
5794
1454
2393
7537
2560
3493
2355
5983
5627
606
1949
1981
802
683
7779
2178
375
916
5800
5498
3276
5751
3337
4785
2388
1625
4669
5499
6539
6990
2869
2802
3140
755
1651
4749
5823
5388
3151
3373
6266
1328
1979
7721
2367
1262
698
5501
5787
1363
6198
4375
2528
6015
5106
6095
2045
3976
5967
6737
5907
489
397
3667
5090
7
5911
593
324
298
7443
5540
1705
7581
6233
5021
2800
5026
4514
5238
743
6155
2544
5005
3645
1411
2115
2182
2049
4270
4000
7274
5762
5316
1885
2370
6837
2402
1133
3634
6314
4629
6785
4267
3357
5547
2394
5782
7153
1464
7587
4895
6694
242
1925
3616
3630
7150
4611
2297
6584
5774
7943
5911
7307
1160
3802
107
6536
7421
6114
4772
4110
4832
1018
3273
1997
7303
7170
2438
2574
369
3113
2744
1936
7267
7025
3195
6827
3516
3220
4778
6577
2907
2025
3821
6241
6096
3751
938
2188
7082
1991
6461
6155
4046
4721
1052
6940
4092
6646
2831
2906
274
7086
6739
7184
4337
5102
577
4087
1376
2700
7017
5047
7467
7019
4633
4865
521
1301
1375
2650
7256
7438
3677
1124
7979
797
6901
2107
426
5092
758
7644
367
5976
2057
2486
4534
6890
3030
3362
2528
3976
3597
999
4678
6383
7737
318
7451
5238
947
382
6282
2772
5672
3344
4619
3706
6008
6331
1925
4614
5935
2561
1454
2379
7150
1423
4062
7531
3585
7795
144
162
4912
839
7547
546
7217
5795
994
373
4841
4594
217
6859
1160
7553
1768
7086
573
1006
6835
2877
5965
4790
1271
7321
1528
929
3529
7106
950
1206
3880
3981
2379
5180
722
3279
3556
3094
6101
2771
1611
7223
3862
79
7419
6381
7348
4318
5154
3182
3726
625
7255
3909
1065
5583
1254
37
5996
1381
4000
6981
6580
3361
6311
2500
992
804
6243
3789
7851
279
2227
6302
4399
7356
8000
1107
3420
1978
7411
5842
5125
1329
3553
3097
4004
3126
3187
1970
1342
1030
4957
7360
5882
6838
263
277
5069
255
4003
6569
6908
2514
3457
4638
5994
867
6215
4337
6218
3942
6865
4076
2493
7808
7889
3162
1225
590
3821
3279
7596
1011
3547
1362
3795
5724
1619
4954
4525
4255
6061
3301
7432
1869
6097
5015
5053
39
1362
3163
5101
1289
4402
2096
5553
7840
1503
7289
3250
924
5037
1029
71
895
3303
39
2292
5818
4953
2650
1028
565
278
3690
7798
6597
1593
7443
4636
4531
7290
443
32
6504
3365
5927
2634
1104
2240
6375
4219
4268
7626
195
2765
3543
260
5784
6728
2274
5080
2517
7946
2340
6252
4775
5555
6999
1133
3691
6177
4766
4336
5415
1394
742
4221
4759
7813
6644
3971
7209
1444
4227
4090
3828
2699
2491
2139
7352
4814
7612
3291
1598
5192
1017
2943
1876
7581
2188
2739
6970
1902
6344
3635
4680
7860
1948
6893
3549
4840
551
3425
2115
6762
3189
3583
2674
6384
3191
4288
293
3996
5257
2122
2295
7285
6744
6208
72
4447
4346
4130
1896
7837
4347
4692
4031
2887
974
3363
4179
7773
4510
3364
1373
1757
7964
4676
4136
7179
2868
736
6590
2588
5387
5833
2414
2201
7091
2820
6556
4377
4004
3830
1657
691
2325
5369
6015
1073
6861
3677
6350
7713
128
7259
96
4100
1407
6877
1102
4494
805
4103
145
1764
2296
4379
4383
6765
7194
4834
4358
7811
81
3218
4981
3806
7645
2198
2155
5168
7422
756
4767
4399
257
1066
6298
